30 20
0 1 0 0 0 1 0 1 0 1 0 0 0 1 0 0 1 0 1 1 1 0 1 0 0 0 0 0 0 1
0 0 0 0 0 0 0 0 0 0 1 0 1 0 0 1 0 1 1 0 0 0 0 0 1 0 1 1 1 1
1 1 0 1 0 0 1 1 1 1 0 1 0 1 1 1 1 1 1 1 0 1 1 1 1 0 1 1 1 1
1 1 0 0 0 1 0 0 1 0 1 0 0 1 1 1 1 0 0 0 0 1 0 0 0 1 1 0 1 1
1 1 1 1 0 0 1 0 1 1 1 1 0 0 1 0 0 0 1 0 1 1 0 1 0 1 1 1 0 1
0 1 1 0 1 0 0 0 0 0 0 0 0 1 0 1 0 0 1 0 0 0 0 1 0 0 1 0 0 1
1 1 0 1 0 1 0 1 0 1 0 0 1 1 0 0 1 1 1 1 1 1 1 0 1 1 0 1 0 1
0 1 0 1 1 1 0 0 1 1 1 0 1 1 1 1 1 1 1 1 1 1 1 1 1 1 1 1 1 1
1 1 0 0 0 1 1 0 0 1 0 0 1 1 1 1 1 1 1 0 1 0 0 0 0 1 1 0 1 0
0 1 0 1 0 1 0 0 0 0 1 1 1 1 0 1 1 0 0 1 0 1 0 1 1 1 1 1 1 1
1 0 1 0 0 1 1 0 1 0 0 1 0 1 0 1 1 0 1 0 0 1 0 1 0 0 1 0 1 1
1 1 0 1 0 1 1 1 1 0 0 0 1 1 1 0 1 1 1 0 1 1 1 0 0 0 0 0 0 0
1 0 1 1 1 1 0 0 0 0 1 0 0 1 1 1 1 0 0 1 0 1 0 0 1 1 1 0 1 1
0 1 0 0 1 0 0 0 0 0 0 0 0 0 0 0 0 0 0 0 0 0 0 0 0 0 0 0 0 0
1 1 0 0 0 1 1 0 0 1 1 0 0 1 0 1 1 0 1 1 1 1 0 0 0 0 0 1 1 1
1 0 0 0 1 0 1 0 0 0 0 1 0 1 0 0 0 0 0 0 0 0 0 0 0 0 0 0 0 0
0 1 0 0 1 1 0 0 0 0 0 0 0 1 0 1 0 0 0 0 0 0 0 0 0 0 1 0 1 1
1 0 0 1 1 1 0 0 0 1 1 0 1 1 1 1 1 0 0 1 1 1 1 0 1 1 1 1 1 1
0 0 0 1 0 0 0 0 0 1 0 0 1 1 0 1 1 1 0 1 1 0 1 0 1 1 0 0 0 0
0 1 0 1 1 1 0 0 1 0 1 1 0 1 0 1 1 0 0 0 0 1 0 1 0 1 1 0 1 1
0 1 1 1 0 1 0 0 0 1 1 0 1 1 0 1 1 0 0 1 0 1 0 0 1 1 1 1 1 1
1 1 0 0 0 1 0 0 1 0 0 0 0 1 0 1 1 0 1 0 0 0 0 1 0 0 1 0 1 1
0 1 0 1 1 1 0 0 1 1 1 0 1 1 1 1 1 0 0 1 1 1 0 1 1 1 1 1 1 1
1 1 0 1 0 0 1 0 1 0 0 1 1 1 1 1 1 1 1 0 1 0 0 0 0 0 1 0 1 1
1 0 0 1 1 1 0 0 1 0 1 1 0 1 1 1 1 0 0 1 0 1 0 1 0 1 1 0 1 1
1 1 1 0 0 1 0 0 0 0 1 1 0 1 1 1 1 0 0 0 0 1 0 1 0 0 1 0 1 1
1 0 0 0 0 0 1 0 0 0 0 1 0 1 1 1 0 0 1 0 0 0 0 0 0 0 0 0 0 1
1 0 0 1 0 1 0 0 1 0 1 1 1 1 0 1 1 0 1 1 0 1 0 1 1 1 1 0 1 1
1 0 0 0 1 1 1 0 0 0 0 1 0 1 0 1 0 0 1 0 0 0 0 0 0 0 1 0 0 1
0 0 0 0 0 0 0 0 1 0 0 1 0 1 0 1 0 0 1 0 0 0 0 0 0 0 0 0 0 0
7 17 22 20 9 27 12 24 19 3 25 10 21 16 28 5 26 29 15 13
