30 6
0 1 1 1 1 1 1 1 1 0 1 1 1 1 1 0 1 1 1 1 1 0 1 1 1 1 1 1 0 0
0 0 0 0 1 0 0 0 0 0 1 0 1 0 0 0 0 0 0 0 1 0 0 0 0 0 0 0 0 0
0 1 0 0 1 0 0 0 0 0 1 0 1 0 0 0 0 0 0 0 1 0 0 0 0 0 0 0 0 0
0 1 1 0 1 0 0 0 0 0 1 0 1 0 0 0 0 1 0 0 1 0 0 0 0 0 0 0 0 0
0 0 0 0 0 0 0 0 0 0 1 0 0 0 0 0 0 0 0 0 0 0 0 0 0 0 0 0 0 0
0 1 1 1 1 0 1 1 1 1 1 1 1 1 1 1 1 1 1 1 1 0 1 1 1 1 1 1 1 1
0 1 1 1 1 0 0 0 0 0 1 1 1 0 0 0 0 1 1 0 1 0 0 0 0 1 0 0 0 0
0 1 1 1 1 0 1 0 1 1 0 1 1 1 1 0 1 1 1 1 1 0 1 1 1 1 1 1 1 0
0 1 1 1 1 0 1 0 0 0 1 1 1 0 1 0 1 1 1 1 1 0 1 1 1 1 1 1 0 0
1 1 1 1 1 0 1 0 1 0 1 1 1 1 1 0 1 1 1 1 1 0 1 1 1 1 1 1 0 0
0 0 0 0 0 0 0 1 0 0 0 0 0 0 0 0 0 0 0 0 0 0 0 0 0 0 0 0 0 0
0 1 1 1 1 0 0 0 0 0 1 0 1 0 0 0 0 1 0 0 1 0 0 0 0 0 0 0 0 0
0 0 0 0 1 0 0 0 0 0 1 0 0 0 0 0 0 0 0 0 0 0 0 0 0 0 0 0 0 0
0 1 1 1 1 0 1 0 1 0 1 1 1 0 1 0 1 1 1 1 1 0 1 1 1 1 1 1 0 0
0 1 1 1 1 0 1 0 0 0 1 1 1 0 0 0 1 1 1 1 1 0 0 1 1 1 0 0 0 0
1 1 1 1 1 0 1 1 1 1 1 1 1 1 1 0 1 1 1 1 1 0 1 1 1 1 1 1 1 1
0 1 1 1 1 0 1 0 0 0 1 1 1 0 0 0 0 1 1 0 1 0 0 0 0 1 1 0 0 0
0 1 1 0 1 0 0 0 0 0 1 0 1 0 0 0 0 0 0 0 1 0 0 0 0 0 0 0 0 0
0 1 1 1 1 0 0 0 0 0 1 1 1 0 0 0 0 1 0 0 1 0 0 0 0 0 0 0 0 0
0 1 1 1 1 0 1 0 0 0 1 1 1 0 0 0 1 1 1 0 1 0 0 0 0 1 0 0 0 0
0 0 0 0 1 0 0 0 0 0 1 0 1 0 0 0 0 0 0 0 0 0 0 0 0 0 0 0 0 0
1 1 1 1 1 1 1 1 1 1 1 1 1 1 1 1 1 1 1 1 1 0 1 1 1 1 1 1 1 1
0 1 1 1 1 0 1 0 0 0 1 1 1 0 1 0 1 1 1 1 1 0 0 1 1 1 1 0 0 0
0 1 1 1 1 0 1 0 0 0 1 1 1 0 0 0 1 1 1 1 1 0 0 0 1 1 0 0 0 0
0 1 1 1 1 0 1 0 0 0 1 1 1 0 0 0 1 1 1 1 1 0 0 0 0 1 0 0 0 0
0 1 1 1 1 0 0 0 0 0 1 1 1 0 0 0 0 1 1 0 1 0 0 0 0 0 0 0 0 0
0 1 1 1 1 0 1 0 0 0 1 1 1 0 1 0 0 1 1 1 1 0 0 1 1 1 0 0 0 0
0 1 1 1 1 0 1 0 0 0 1 1 1 0 1 0 1 1 1 1 1 0 1 1 1 1 1 0 0 0
1 1 1 1 1 0 1 0 1 1 1 1 1 1 1 0 1 1 1 1 1 0 1 1 1 1 1 1 0 0
1 1 1 1 1 0 1 1 1 1 1 1 1 1 1 0 1 1 1 1 1 0 1 1 1 1 1 1 1 0
5 7 8 16 20 10
