30 20
0 0 0 0 1 1 0 0 1 0 0 1 0 0 0 0 0 0 0 1 0 1 0 0 1 0 0 0 0 1
1 0 1 1 1 1 0 0 1 0 1 1 0 0 0 0 1 0 0 1 0 1 0 0 1 0 0 0 0 1
1 0 0 1 1 1 0 0 1 0 1 1 0 0 0 0 1 0 0 1 0 1 0 0 1 0 0 0 0 1
1 0 0 0 1 1 0 0 1 0 1 1 1 0 1 0 1 0 0 1 0 1 0 1 0 0 0 0 0 1
0 0 0 0 0 1 0 0 1 0 0 1 0 0 1 0 0 0 0 1 0 0 0 0 0 0 0 0 0 0
0 0 0 0 0 0 0 0 1 0 0 1 0 0 0 0 0 0 0 1 0 0 0 0 1 0 0 0 0 1
1 1 1 1 1 1 0 1 1 0 1 1 1 1 0 1 1 0 1 1 0 1 0 0 1 0 0 1 0 1
1 1 1 1 1 1 0 0 1 0 1 1 0 0 0 1 1 0 1 1 0 1 0 0 1 0 0 1 0 1
0 0 0 0 0 0 0 0 0 0 0 1 0 0 0 0 0 0 0 1 0 0 0 0 1 0 0 0 0 1
1 1 1 1 1 1 1 1 1 0 1 1 1 1 0 1 1 0 1 1 0 1 0 1 1 0 0 1 1 1
1 0 0 0 1 1 0 0 1 0 0 1 0 0 0 0 0 0 0 1 0 1 0 0 1 0 0 0 0 1
0 0 0 0 0 0 0 0 0 0 0 0 0 0 0 0 0 0 0 1 0 0 0 0 0 0 0 0 0 1
1 1 1 0 1 1 0 1 1 0 1 1 0 0 1 0 1 0 1 1 0 1 0 1 0 0 0 1 0 1
1 1 1 1 1 1 0 1 1 0 1 1 1 0 0 1 1 0 1 1 0 1 0 0 1 0 0 1 0 1
1 1 1 0 0 1 1 1 1 1 1 1 0 1 0 0 1 0 1 1 1 1 0 0 0 0 1 1 1 0
1 1 1 1 1 1 0 0 1 0 1 1 1 0 1 0 1 1 1 1 0 1 1 1 1 0 0 1 0 1
1 0 0 0 1 1 0 0 1 0 1 1 0 0 0 0 0 0 0 1 0 1 0 0 1 0 0 0 0 1
1 1 1 1 1 1 1 1 1 1 1 1 1 1 1 0 1 0 1 1 1 1 1 1 0 0 1 1 1 1
1 1 1 1 1 1 0 0 1 0 1 1 0 0 0 0 1 0 0 1 0 1 0 0 1 0 0 0 0 1
0 0 0 0 0 0 0 0 0 0 0 0 0 0 0 0 0 0 0 0 0 0 0 0 0 0 0 0 0 0
1 1 1 1 1 1 1 1 1 1 1 1 1 1 0 1 1 0 1 1 0 1 1 1 1 0 0 1 1 1
0 0 0 0 1 1 0 0 1 0 0 1 0 0 0 0 0 0 0 1 0 0 0 0 1 0 0 0 0 1
1 1 1 1 1 1 1 1 1 1 1 1 1 1 1 0 1 0 1 1 0 1 0 1 0 0 0 1 1 1
1 1 1 0 1 1 1 1 1 0 1 1 0 1 1 0 1 0 1 1 0 1 0 0 0 0 0 1 0 1
0 0 0 1 1 0 0 0 0 0 0 1 1 0 1 0 0 1 0 1 0 0 1 1 0 0 0 0 0 1
1 1 1 1 1 1 1 1 1 1 1 1 1 1 1 1 1 1 1 1 1 1 1 1 1 0 1 1 1 1
1 1 1 1 1 1 1 1 1 1 1 1 1 1 0 1 1 0 1 1 1 1 1 1 1 0 0 1 1 1
1 1 1 1 1 1 0 0 1 0 1 1 0 0 0 0 1 0 1 1 0 1 0 0 1 0 0 0 0 1
1 1 1 1 1 1 1 1 1 0 1 1 1 1 0 1 1 0 1 1 0 1 0 1 1 0 0 1 0 1
0 0 0 0 1 0 0 0 0 0 0 0 0 0 1 0 0 0 0 1 0 0 0 0 0 0 0 0 0 0
25 26 20 9 28 6 13 7 27 18 1 2 16 10 0 21 5 8 11 19
