1 999 948 1000
749 750 8886
67 68 9787
185 186 1131
460 461 1811
952 953 8489
35 36 1599
821 822 6767
864 865 8214
140 141 9881
586 587 8319
896 897 1414
613 614 3940
423 424 2063
991 992 4634
16 17 8820
826 827 8163
327 328 8776
212 213 8232
610 611 7322
693 694 9657
668 669 444
871 872 8760
101 102 4972
126 127 4390
466 467 2370
573 574 4353
265 266 3938
388 389 2630
595 596 2893
306 307 3696
970 971 1754
637 638 2520
490 491 317
260 261 9242
704 705 5369
946 947 652
530 531 229
797 798 9321
993 994 1926
470 471 4489
575 576 4927
802 803 7224
972 973 7361
40 41 7975
852 853 7068
615 616 834
937 938 1171
795 796 1620
395 396 8697
245 246 1212
531 532 3439
419 420 1462
339 340 537
592 593 7055
752 753 733
268 269 79
513 514 4822
539 540 4958
272 273 5330
733 734 8790
655 656 2282
210 211 555
139 140 6162
681 682 4970
48 49 9860
868 869 2454
451 452 5544
508 509 7175
408 409 4683
429 430 7997
499 500 7867
236 237 2583
873 874 7613
401 402 7506
787 788 6962
394 395 7967
706 707 7433
52 53 9653
833 834 9939
765 766 1806
908 909 1132
664 665 9767
38 39 3292
554 555 6297
171 172 1641
404 405 6842
717 718 8440
777 778 4578
109 110 304
814 815 478
391 392 9711
422 423 6748
925 926 4069
412 413 3659
870 871 3665
142 143 5245
452 453 2593
938 939 2068
368 369 3981
618 619 6237
426 427 825
909 910 7058
639 640 390
761 762 3316
853 854 5869
396 397 8872
661 662 9240
969 970 6411
467 468 5444
369 370 6290
20 21 9232
529 530 5256
184 185 7582
803 804 3450
178 179 2364
2 3 7947
883 884 6369
132 133 6185
70 71 206
716 717 425
363 364 2169
951 952 4541
472 473 1002
389 390 1965
775 776 2460
100 101 7716
39 40 5905
137 138 6005
57 58 3263
65 66 3650
659 660 5761
954 955 6820
249 250 3043
188 189 2081
266 267 9192
906 907 3419
181 182 1728
691 692 4996
630 631 4215
933 934 4680
756 757 9210
489 490 6627
709 710 195
62 63 3215
528 529 581
300 301 9759
599 600 1038
89 90 1573
547 548 9455
560 561 893
348 349 848
645 646 9390
219 220 6086
897 898 8675
721 722 2632
950 951 6643
344 345 459
88 89 6517
383 384 2886
543 544 9740
328 329 3506
163 164 4412
417 418 6679
282 283 8912
778 779 3120
384 385 9439
399 400 6363
549 550 5732
305 306 6666
278 279 8697
986 987 3057
945 946 9083
320 321 498
241 242 7604
905 906 5024
936 937 2623
591 592 7187
441 442 9882
84 85 882
966 967 1531
135 136 7656
443 444 8277
183 184 7830
763 764 6132
177 178 5216
456 457 3696
506 507 8902
696 697 1705
149 150 7363
537 538 954
167 168 8056
298 299 1641
524 525 9125
885 886 5736
28 29 5934
623 624 1759
957 958 6933
578 579 1548
296 297 1878
736 737 8552
190 191 2639
971 972 8383
760 761 7709
913 914 3302
376 377 4148
921 922 9179
285 286 3034
597 598 5762
714 715 7112
365 366 6869
235 236 1272
150 151 936
708 709 7953
809 810 9295
766 767 3468
292 293 201
940 941 9129
164 165 243
146 147 4765
51 52 5856
353 354 5509
370 371 9730
730 731 488
61 62 5117
301 302 528
679 680 7145
747 748 619
961 962 9182
271 272 3083
605 606 9720
694 695 7737
762 763 3371
958 959 5359
315 316 7176
437 438 2155
673 674 1958
192 193 7406
617 618 8880
358 359 4321
82 83 2079
77 78 6138
567 568 925
427 428 8525
603 604 6363
19 20 3162
837 838 4927
534 535 3124
130 131 8062
117 118 4200
222 223 4090
208 209 4687
919 920 968
270 271 6336
276 277 159
473 474 490
727 728 9612
825 826 9807
290 291 1217
526 527 4175
810 811 4856
662 663 4501
25 26 6959
438 439 676
6 7 2386
536 537 4556
514 515 8927
277 278 6513
99 100 6987
323 324 4190
719 720 5756
518 519 750
92 93 1460
895 896 5259
949 950 7313
875 876 200
420 421 3183
158 159 8151
689 690 9651
558 559 1437
566 567 3587
544 545 45
510 511 4183
471 472 26
841 842 3523
261 262 2062
501 502 1154
198 199 7851
80 81 6377
333 334 8636
30 31 4104
533 534 4984
478 479 185
658 659 9626
32 33 1537
746 747 5779
34 35 4771
917 918 9232
625 626 2217
842 843 3217
465 466 6081
912 913 5184
402 403 175
785 786 8660
953 954 3909
920 921 3053
447 448 1418
598 599 20
699 700 2629
106 107 7396
552 553 3618
947 948 5866
911 912 5787
671 672 6498
580 581 6787
105 106 4356
546 547 5854
295 296 971
36 37 749
703 704 7679
619 620 2513
155 156 1838
764 765 2359
313 314 964
193 194 8187
431 432 5386
607 608 1882
169 170 7683
326 327 3312
136 137 5299
154 155 9336
502 503 7836
194 195 333
918 919 891
690 691 2946
602 603 5666
375 376 4427
378 379 4900
110 111 359
59 60 9965
818 819 8388
574 575 5917
568 569 7905
541 542 3566
686 687 9563
670 671 3999
455 456 3016
173 174 5931
74 75 5455
129 130 7841
97 98 1253
215 216 4492
628 629 508
244 245 2098
495 496 6120
622 623 201
898 899 9800
816 817 1723
941 942 7416
824 825 8898
931 932 5857
678 679 4147
239 240 8965
37 38 9644
496 497 205
54 55 1470
614 615 247
553 554 7794
564 565 7195
172 173 6078
781 782 8221
229 230 6071
576 577 6982
243 244 1232
641 642 9748
337 338 9583
68 69 3439
23 24 9996
732 733 3816
606 607 1277
232 233 3428
976 977 1647
817 818 6636
588 589 1281
413 414 88
273 274 6244
9 10 6114
223 224 9907
663 664 9705
612 613 5082
195 196 2246
700 701 6004
252 253 3010
201 202 9152
712 713 1061
350 351 2284
980 981 3366
157 158 5932
835 836 4634
308 309 4809
63 64 6223
397 398 7708
392 393 6442
557 558 2014
414 415 4996
449 450 3541
382 383 1716
153 154 9994
713 714 7882
191 192 4345
836 837 6903
487 488 6069
770 771 6843
860 861 4222
352 353 162
974 975 9493
152 153 494
569 570 8254
103 104 1408
792 793 9943
486 487 2414
907 908 3430
318 319 2914
406 407 5233
723 724 7865
29 30 6717
667 668 3700
783 784 3290
767 768 814
545 546 1477
556 557 5885
967 968 6945
445 446 1862
78 79 6184
780 781 909
463 464 3217
400 401 2529
294 295 7737
688 689 6738
58 59 1915
629 630 6532
81 82 4738
500 501 4347
60 61 4390
964 965 4045
779 780 9201
521 522 54
734 735 4128
857 858 2516
638 639 1620
701 702 9434
660 661 7630
4 5 604
800 801 5410
317 318 1839
981 982 8141
590 591 996
448 449 2047
962 963 8837
133 134 8138
346 347 5581
516 517 7422
233 234 7095
95 96 7327
899 900 5743
493 494 1702
583 584 1000
494 495 7304
891 892 9546
624 625 4318
10 11 5233
968 969 8332
793 794 3163
314 315 2763
94 95 7310
332 333 4177
287 288 2690
7 8 9609
200 201 7325
692 693 4749
587 588 941
269 270 9322
687 688 937
511 512 8878
403 404 5534
440 441 9650
385 386 1777
256 257 9314
930 931 9939
988 989 572
226 227 536
914 915 9448
411 412 5946
361 362 4477
484 485 6114
840 841 7183
863 864 7646
621 622 4828
593 594 8743
373 374 8480
910 911 444
214 215 4585
996 997 2615
5 6 8
995 996 7877
519 520 8201
758 759 7922
828 829 7101
351 352 499
144 145 7996
329 330 4552
515 516 4478
978 979 1623
640 641 3565
538 539 4468
366 367 8942
398 399 3529
66 67 2263
73 74 280
90 91 7230
665 666 3157
503 504 1984
676 677 5963
728 729 9824
138 139 2672
627 628 1945
347 348 7138
737 738 4329
341 342 6016
47 48 4013
259 260 3631
722 723 2944
468 469 4320
174 175 2376
522 523 8634
316 317 1968
309 310 1520
540 541 6132
165 166 6916
744 745 2868
207 208 5955
291 292 1001
748 749 258
362 363 3772
672 673 9454
642 643 5363
462 463 7464
527 528 2790
482 483 5505
813 814 117
454 455 2870
474 475 7859
956 957 9518
211 212 1372
739 740 5915
228 229 5512
264 265 5186
584 585 8260
894 895 4409
436 437 4286
50 51 4987
782 783 3267
702 703 7023
525 526 8795
46 47 5921
677 678 8176
507 508 2785
695 696 3942
274 275 8623
509 510 5422
555 556 8962
98 99 8466
310 311 7718
186 187 506
209 210 5901
319 320 820
415 416 2895
297 298 8852
45 46 466
202 203 4529
87 88 9731
248 249 500
796 797 8493
725 726 1157
237 238 1869
794 795 8284
377 378 2241
504 505 6541
143 144 6526
754 755 7789
819 820 3523
520 521 4091
769 770 4415
115 116 5916
27 28 1526
994 995 3292
213 214 4519
203 204 7823
379 380 539
497 498 2090
372 373 9234
571 572 4135
434 435 4473
982 983 3981
457 458 2057
187 188 9035
433 434 6385
31 32 7295
851 852 6655
491 492 8712
230 231 524
830 831 8839
289 290 6303
889 890 8839
293 294 654
633 634 1143
738 739 6328
288 289 2201
430 431 5969
788 789 400
179 180 618
21 22 9071
418 419 3794
257 258 6363
166 167 8600
303 304 8893
774 775 6056
711 712 9950
632 633 3484
634 635 4517
887 888 2249
565 566 4412
893 894 2130
380 381 3155
435 436 1094
768 769 3651
246 247 5741
559 560 7045
286 287 2448
799 800 7897
355 356 7946
86 87 6929
827 828 1459
726 727 6654
743 744 4914
446 447 1420
311 312 1267
141 142 4355
114 115 9657
888 889 4753
890 891 57
928 929 4199
26 27 5499
162 163 2530
685 686 6103
461 462 2240
848 849 5160
772 773 5847
548 549 3030
943 944 1876
64 65 7926
635 636 2876
386 387 43
104 105 3149
127 128 9872
359 360 1434
820 821 3403
124 125 6910
705 706 1173
929 930 2894
562 563 3339
345 346 5905
41 42 3174
942 943 899
218 219 7279
102 103 6703
334 335 5423
616 617 8444
609 610 8120
234 235 5628
262 263 6868
488 489 7685
983 984 8865
843 844 4877
189 190 1369
240 241 2224
861 862 3239
773 774 7785
805 806 3611
481 482 6293
636 637 2211
111 112 8814
807 808 3507
367 368 2980
878 879 4999
886 887 5312
631 632 8009
585 586 5215
926 927 4781
608 609 4636
96 97 6227
710 711 1778
858 859 9913
650 651 3161
505 506 3254
199 200 7201
771 772 3612
206 207 4781
220 221 523
170 171 3803
71 72 3093
93 94 9883
121 122 8469
922 923 9923
56 57 8606
476 477 5212
979 980 3079
147 148 9173
862 863 9992
17 18 8836
884 885 2039
428 429 8600
69 70 8555
254 255 2475
479 480 4500
483 484 1671
724 725 8708
879 880 955
321 322 6969
831 832 2798
8 9 7705
342 343 1919
123 124 6727
683 684 8594
804 805 154
682 683 5909
570 571 8638
755 756 1685
987 988 735
856 857 4687
512 513 5668
669 670 6667
421 422 6233
990 991 119
596 597 4312
492 493 2472
182 183 742
85 86 3037
159 160 9663
838 839 6565
145 146 2592
715 716 964
168 169 1243
939 940 9415
834 835 3267
845 846 7065
464 465 9371
180 181 1595
808 809 8887
343 344 3707
975 976 2836
927 928 2761
390 391 2491
882 883 8026
325 326 3801
832 833 2262
224 225 3907
43 44 9436
250 251 8609
902 903 9957
847 848 781
75 76 9139
535 536 2524
134 135 5009
340 341 5932
876 877 3459
498 499 9033
550 551 3003
405 406 4126
532 533 9349
903 904 4
477 478 1005
812 813 9834
91 92 4020
923 924 3851
915 916 6688
960 961 6242
589 590 1832
542 543 2812
815 816 4789
255 256 8312
225 226 8774
253 254 4616
844 845 3815
753 754 498
283 284 6099
280 281 2233
156 157 6077
55 56 8195
450 451 5752
76 77 5016
324 325 7265
904 905 3972
14 15 3246
697 698 7552
33 34 3231
22 23 4351
176 177 9939
125 126 7953
720 721 5939
267 268 9378
425 426 8517
13 14 8010
247 248 8525
684 685 9628
880 881 9208
338 339 9755
120 121 5398
439 440 1793
594 595 1485
469 470 1119
122 123 4175
258 259 3655
196 197 3094
113 114 4115
751 752 107
784 785 6573
330 331 9703
416 417 1353
850 851 5858
354 355 1116
205 206 1044
561 562 9578
740 741 49
731 732 5682
916 917 6270
364 365 2064
381 382 7347
757 758 6807
822 823 9127
955 956 9690
3 4 4287
643 644 6880
131 132 2330
112 113 2024
304 305 3683
217 218 7057
1 2 1321
874 875 9900
299 300 6024
865 866 2841
651 652 2906
0 1 9402
959 960 7314
604 605 6611
646 647 7993
735 736 9969
811 812 2461
801 802 3049
900 901 1966
620 621 3599
656 657 6409
648 649 5291
480 481 1662
973 974 5442
806 807 5345
307 308 9262
393 394 7762
582 583 4549
577 578 6078
53 54 1960
284 285 4455
444 445 8299
789 790 1253
626 627 9153
151 152 2992
459 460 7501
866 867 9051
161 162 3157
674 675 562
563 564 9978
371 372 7031
742 743 6851
24 25 1444
72 73 2772
407 408 2177
798 799 9326
666 667 9331
331 332 215
745 746 8093
932 933 5792
11 12 359
654 655 3622
707 708 7092
965 966 817
601 602 5067
107 108 7990
776 777 6069
227 228 2840
216 217 7752
855 856 6695
872 873 4182
175 176 3988
944 945 1316
935 936 3680
12 13 4468
197 198 7224
128 129 7778
44 45 8253
432 433 9695
18 19 1544
349 350 5637
517 518 9106
839 840 537
997 998 63
867 868 123
160 161 1021
116 117 3073
741 742 5637
79 80 8641
42 43 8433
729 730 1883
877 878 8933
846 847 5950
924 925 8583
869 870 1072
849 850 5942
523 524 8116
357 358 7597
238 239 6548
83 84 8008
275 276 7225
829 830 9738
892 893 4427
985 986 5864
600 601 4357
119 120 7398
204 205 9492
356 357 43
458 459 7850
322 323 4703
992 993 7249
653 654 1852
442 443 2542
410 411 9640
281 282 3829
312 313 9395
881 882 656
374 375 7872
653 720
453 802
580 848
201 453
471 724
72 340
198 482
340 420
74 447
478 507
501 753
151 483
592 679
309 977
310 887
101 991
615 688
300 811
51 369
107 574
242 388
454 661
503 984
337 774
374 455
55 257
170 911
181 830
823 986
123 213
538 594
91 240
139 332
453 730
63 747
204 861
611 866
4 189
219 510
193 713
88 957
632 844
314 571
703 739
386 808
503 792
99 558
227 900
316 746
453 645
359 998
311 852
482 603
877 998
288 517
160 175
252 766
187 978
40 129
446 916
56 749
244 916
18 937
152 194
269 574
246 454
495 853
513 689
264 799
225 418
146 410
110 339
219 808
84 874
304 487
147 320
340 731
156 181
431 474
497 758
123 747
18 606
25 602
194 798
269 964
379 507
728 767
137 216
56 919
194 844
286 436
88 623
586 742
767 945
604 611
305 988
421 688
863 951
435 535
574 898
41 121
168 237
231 299
194 678
116 196
36 626
262 601
9 952
130 616
303 351
226 554
39 830
58 284
430 958
186 925
58 591
626 812
756 847
278 310
846 900
249 357
74 940
2 955
697 943
233 434
258 327
282 476
432 967
336 419
116 975
313 745
266 277
155 192
784 800
227 240
315 746
845 906
559 679
137 643
373 492
467 884
182 545
115 255
750 841
795 832
765 933
108 183
356 727
395 724
7 298
105 624
204 220
378 942
156 332
473 602
250 748
173 576
133 445
215 824
656 777
70 962
478 728
194 968
22 476
588 645
44 323
775 920
607 937
187 675
219 827
686 943
90 828
120 205
533 898
327 990
451 916
238 683
266 694
401 408
287 817
138 795
28 551
426 894
575 987
530 553
60 451
416 514
116 905
313 635
905 985
474 956
644 778
492 730
359 373
814 952
274 663
107 295
115 981
764 962
449 526
473 893
20 559
42 254
831 848
311 703
297 624
251 314
156 717
240 623
564 895
0 702
348 768
642 901
234 723
166 712
170 230
291 891
710 726
425 555
149 333
210 271
139 735
541 982
2 297
704 718
135 437
298 624
398 936
550 579
531 737
272 458
219 470
31 197
566 818
108 500
41 621
210 694
563 797
478 976
470 673
700 902
39 842
822 931
494 740
646 813
577 885
228 434
248 790
116 228
73 681
873 990
34 899
273 842
670 968
114 873
83 834
9 216
886 955
490 951
180 539
545 905
323 716
465 645
93 549
392 426
125 746
635 967
554 620
342 864
187 518
23 156
611 662
744 798
611 703
23 595
135 525
534 539
403 471
275 486
386 769
186 363
372 458
245 558
562 730
276 907
248 512
646 961
611 708
442 653
334 377
542 824
112 613
112 784
253 647
552 775
421 675
405 817
855 876
319 451
250 673
47 646
626 932
571 934
669 873
658 765
926 987
300 304
348 960
114 737
642 852
392 653
309 623
458 608
5 199
500 728
387 440
23 815
47 541
610 869
80 809
158 954
643 880
688 852
267 654
189 355
493 583
98 547
299 841
262 846
543 569
59 475
640 756
201 971
168 787
335 471
93 632
750 903
549 581
485 850
74 407
207 823
80 712
867 930
707 915
138 811
138 876
266 715
363 415
515 589
382 459
549 828
84 200
238 961
235 431
665 919
156 379
64 906
723 809
704 844
450 544
442 604
561 745
590 821
370 475
142 429
139 183
34 491
107 484
570 992
114 136
591 706
935 941
775 944
75 276
499 956
141 961
875 876
507 902
71 141
172 504
39 641
422 658
589 880
517 864
478 533
11 213
243 810
77 511
25 132
720 771
422 559
149 271
44 976
485 804
421 952
120 307
779 838
506 893
688 953
764 980
113 143
24 587
37 48
214 248
50 299
396 693
26 457
411 553
370 455
45 523
214 808
399 679
300 806
503 666
438 860
288 713
88 251
321 983
102 685
253 360
60 719
94 339
35 302
495 584
39 199
59 837
526 831
112 836
367 994
552 709
92 741
96 552
163 450
391 864
57 804
242 663
251 608
648 882
512 827
150 967
97 889
213 505
746 995
505 863
441 493
450 755
21 907
406 943
322 470
370 936
174 877
180 824
65 77
720 934
220 986
313 868
285 375
547 948
85 876
91 866
405 639
1 970
27 469
816 961
164 434
82 457
212 976
384 623
713 716
312 543
419 740
18 95
14 303
154 155
758 960
456 798
683 940
335 589
417 586
319 335
464 611
621 994
674 960
211 992
26 89
507 877
204 395
536 719
290 563
704 846
99 343
47 452
776 957
666 775
487 934
692 826
39 893
618 775
445 672
64 399
841 931
291 375
280 571
446 799
36 669
9 895
812 846
804 949
51 451
50 950
276 767
90 223
528 760
536 630
266 740
676 784
119 485
392 758
24 376
246 380
594 856
16 583
446 452
941 976
13 880
272 320
605 652
440 607
154 803
109 545
310 639
49 389
76 682
630 995
281 323
445 577
198 992
88 653
342 534
40 120
238 897
410 943
226 901
191 878
384 552
724 969
6 768
363 658
460 939
189 941
738 932
681 895
773 787
516 518
4 321
527 970
861 984
263 279
665 699
303 581
68 490
44 719
712 953
887 973
242 848
325 723
217 365
648 718
3 780
492 700
360 807
118 916
13 23
835 896
638 777
645 963
335 912
852 869
153 659
464 686
97 870
122 627
246 550
291 353
132 978
322 924
318 913
598 749
248 495
512 766
724 805
101 127
456 743
245 520
23 453
937 939
76 714
201 816
602 952
639 932
120 901
715 827
322 514
107 494
860 865
407 461
557 969
69 217
373 391
223 704
826 949
323 627
432 712
132 977
282 316
30 721
387 793
707 792
48 101
671 710
50 989
475 575
140 799
156 658
547 815
77 900
122 333
694 905
747 829
67 906
247 552
78 951
249 532
87 910
737 897
222 490
428 982
887 936
145 501
358 992
914 948
136 389
412 622
27 195
256 486
295 935
21 824
786 997
12 763
279 371
230 922
28 137
127 580
223 673
10 782
327 703
566 895
348 986
500 631
75 239
272 380
20 197
230 936
590 935
39 72
481 681
524 986
346 762
282 928
698 875
173 597
218 592
456 956
135 157
209 479
549 897
152 691
89 982
701 992
444 487
227 838
562 832
93 601
698 939
480 693
602 620
130 433
227 502
482 969
146 458
201 484
78 907
294 445
272 344
492 746
466 492
502 900
670 690
186 807
107 193
8 959
129 864
64 283
96 296
609 905
71 918
213 856
257 377
616 700
934 976
712 870
822 952
63 569
815 967
112 414
447 679
574 773
579 702
438 864
15 249
643 701
142 932
218 802
136 581
630 891
440 455
525 674
343 669
29 296
375 542
18 823
106 120
335 700
295 420
443 645
582 657
16 132
357 952
243 957
451 757
816 997
573 669
180 314
838 972
112 847
366 855
342 509
45 914
180 583
63 331
12 221
549 614
840 952
107 803
6 700
227 303
31 793
462 595
607 786
697 860
50 245
681 845
122 542
671 812
251 385
56 207
531 604
553 667
596 961
15 546
171 724
344 511
421 739
146 163
649 850
493 872
10 259
63 265
818 975
428 645
628 630
410 672
90 759
356 538
358 536
457 761
811 914
33 544
81 864
327 624
54 340
89 323
81 294
204 701
63 981
544 985
677 712
287 653
262 411
141 405
459 969
407 463
104 301
538 596
235 307
287 484
914 944
24 890
724 787
850 944
222 279
253 830
388 820
120 745
931 994
626 748
764 834
192 990
146 241
35 694
463 580
528 912
536 746
304 976
320 704
293 909
27 920
503 550
448 666
383 650
233 489
87 836
732 990
702 895
154 198
363 986
551 888
560 858
159 621
317 643
137 589
431 739
224 899
40 725
11 966
150 933
269 890
452 559
260 692
147 759
114 476
852 897
161 974
96 942
148 823
772 775
618 921
500 677
162 208
288 403
383 469
286 750
188 199
230 516
481 628
243 916
163 832
212 774
106 251
30 858
186 304
765 878
575 802
418 434
373 761
89 469
2 599
506 780
382 862
278 952
354 707
758 939
341 708
129 299
352 618
12 126
73 489
646 774
110 861
29 915
194 981
350 865
231 712
2 983
729 810
188 559
586 794
237 731
232 879
315 920
235 299
611 815
395 903
182 416
576 878
690 925
476 925
381 592
456 554
719 780
593 831
509 728
146 578
92 992
31 883
305 335
323 866
277 632
100 435
121 496
190 497
441 529
368 419
255 498
98 559
3 788
775 817
832 985
112 990
657 903
217 959
537 677
205 245
96 419
593 696
272 761
483 756
749 951
136 350
711 898
178 739
101 229
86 89
417 428
783 813
25 196
401 639
145 810
20 953
797 937
9 509
390 683
653 914
213 617
2 294
293 308
41 879
483 586
316 480
189 598
178 957
16 866
269 972
768 913
55 264
301 983
7 542
40 343
1 812
254 343
346 682
427 449
445 986
682 867
245 679
23 528
138 965
298 896
715 963
146 149
598 688
396 470
377 574
221 885
720 884
643 959
351 936
44 501
650 776
70 331
142 888
676 866
401 511
310 571
882 983
482 903
125 239
340 794
74 390
276 770
