1 1000 949 1000
473 474 6082
710 711 2134
433 434 714
567 568 5179
408 409 3769
513 514 6321
401 402 8814
988 989 6244
178 179 563
158 159 7702
263 264 591
879 880 6393
802 803 3905
573 574 1932
773 774 6873
205 206 7370
522 523 9710
461 462 9092
872 873 1984
255 256 11
280 281 7660
591 592 4640
519 520 5935
405 406 8871
28 29 2167
356 357 4626
706 707 4386
741 742 204
621 622 3989
324 325 7815
486 487 9732
902 903 1028
827 828 5198
662 663 3670
260 261 1886
441 442 9425
569 570 357
84 85 1951
41 42 3226
577 578 3932
943 944 5218
674 675 8795
288 289 2179
371 372 7465
705 706 7006
30 31 88
604 605 998
847 848 8556
165 166 8181
919 920 5419
891 892 1640
616 617 3883
609 610 546
180 181 5955
780 781 7897
515 516 2236
437 438 1180
6 7 850
930 931 3013
315 316 8132
957 958 6025
739 740 5413
933 934 5343
349 350 7777
63 64 5174
699 700 9417
192 193 4108
753 754 7037
194 195 4485
376 377 7040
517 518 4849
138 139 2176
829 830 9999
593 594 7669
66 67 7743
125 126 9732
19 20 6688
707 708 1746
32 33 3531
777 778 539
907 908 6830
323 324 2348
778 779 9454
470 471 8471
898 899 1257
35 36 4740
967 968 1686
559 560 2647
69 70 4198
193 194 5340
970 971 3382
456 457 4829
783 784 7606
545 546 7568
49 50 4323
101 102 5583
239 240 1816
673 674 2127
732 733 273
743 744 9576
754 755 1937
171 172 8441
11 12 4040
770 771 27
434 435 9102
60 61 5823
46 47 6798
572 573 2556
756 757 5195
555 556 9046
726 727 1994
785 786 3299
175 176 1034
990 991 1183
154 155 5206
896 897 1277
884 885 5266
452 453 5791
748 749 9928
272 273 4804
42 43 6279
724 725 457
935 936 1677
37 38 3259
169 170 8059
645 646 2654
4 5 7629
59 60 5079
804 805 6252
637 638 3082
768 769 8052
252 253 3349
360 361 8682
647 648 1235
347 348 8066
938 939 1006
668 669 1436
396 397 2711
925 926 4845
375 376 239
871 872 1507
986 987 54
678 679 1382
107 108 8932
832 833 6273
863 864 1448
353 354 265
232 233 2958
850 851 4693
446 447 7073
584 585 1282
881 882 2919
109 110 5120
292 293 16
50 51 1068
897 898 2744
712 713 1081
997 998 3202
130 131 2386
229 230 7227
129 130 6911
455 456 2265
557 558 1807
834 835 7801
521 522 596
534 535 647
815 816 8746
679 680 7024
281 282 2329
254 255 6128
425 426 7176
840 841 1002
203 204 5736
697 698 4685
177 178 9626
507 508 6159
715 716 2251
235 236 3707
118 119 796
484 485 2045
276 277 6706
91 92 4111
415 416 1126
761 762 7114
817 818 3261
341 342 4025
160 161 2401
326 327 1997
365 366 9680
858 859 237
846 847 331
916 917 4600
661 662 7358
675 676 1344
208 209 8490
939 940 7942
289 290 9972
74 75 8996
480 481 1397
283 284 9764
652 653 5860
248 249 5753
146 147 6892
115 116 5068
157 158 4769
666 667 5108
819 820 166
723 724 9130
869 870 7915
598 599 720
55 56 56
384 385 3219
688 689 4687
124 125 3889
294 295 1769
905 906 8945
162 163 6177
332 333 6429
164 165 2940
877 878 6446
886 887 5312
954 955 1521
367 368 597
631 632 842
630 631 5013
161 162 1845
755 756 5464
950 951 26
500 501 7035
497 498 6302
487 488 7431
89 90 5813
286 287 7816
695 696 9111
339 340 7771
496 497 8882
186 187 5572
20 21 4580
904 905 9272
937 938 1249
491 492 7872
594 595 2677
959 960 9421
865 866 5758
752 753 7120
855 856 9510
619 620 7722
934 935 9741
883 884 3395
501 502 3656
993 994 260
561 562 3853
307 308 7858
122 123 6651
588 589 3023
794 795 5764
977 978 6607
218 219 2816
842 843 2403
400 401 5419
211 212 2723
168 169 1461
563 564 7898
135 136 3393
482 483 589
328 329 4023
320 321 5038
685 686 4076
188 189 9514
812 813 5310
623 624 8150
538 539 8
166 167 5546
763 764 7233
766 767 8727
798 799 6568
362 363 7608
76 77 6000
736 737 2054
93 94 1771
772 773 2079
744 745 2674
533 534 3205
617 618 8048
976 977 4029
187 188 2927
82 83 2965
620 621 881
583 584 3777
921 922 6912
488 489 3909
427 428 3000
301 302 6158
485 486 8298
385 386 4858
287 288 3263
940 941 2257
791 792 5849
653 654 7972
47 48 2720
535 536 8029
334 335 7870
849 850 4656
233 234 686
388 389 4976
13 14 8909
209 210 2325
700 701 464
230 231 2962
206 207 5969
942 943 1193
111 112 5017
318 319 323
532 533 3317
58 59 1082
693 694 5144
912 913 9769
199 200 5700
823 824 9613
642 643 1770
641 642 5143
828 829 444
683 684 1007
926 927 9218
202 203 6693
987 988 8119
355 356 4927
504 505 8052
810 811 4612
892 893 3486
592 593 1096
586 587 5968
671 672 5127
33 34 2718
918 919 9919
838 839 9493
947 948 3754
412 413 419
10 11 7686
760 761 9769
343 344 4386
540 541 7704
424 425 4793
316 317 4114
411 412 1031
767 768 7755
746 747 4394
526 527 6481
38 39 8835
267 268 4838
451 452 8022
781 782 5805
240 241 5200
224 225 4436
234 235 7727
600 601 7056
536 537 7881
358 359 5508
547 548 3140
687 688 3275
499 500 2471
462 463 9010
751 752 7311
862 863 620
406 407 796
271 272 9518
133 134 8087
841 842 8794
351 352 9894
994 995 1915
721 722 1041
691 692 1178
995 996 7849
190 191 7771
48 49 2388
114 115 2440
156 157 4490
298 299 2306
222 223 4959
720 721 558
611 612 8503
380 381 7896
34 35 2728
490 491 7580
686 687 787
336 337 9181
104 105 2429
951 952 3171
861 862 1181
478 479 307
684 685 8072
655 656 9363
440 441 9357
197 198 8198
52 53 4938
985 986 2175
204 205 2826
340 341 603
121 122 8742
259 260 6719
836 837 6539
86 87 7573
103 104 5942
814 815 7703
729 730 5852
615 616 1167
656 657 6171
622 623 827
116 117 7927
22 23 6381
191 192 8962
792 793 3958
813 814 7818
247 248 7624
900 901 3039
275 276 6867
914 915 4954
929 930 9231
253 254 3897
475 476 6372
443 444 6530
7 8 2570
407 408 1121
635 636 8334
949 950 1652
646 647 9803
955 956 5501
167 168 2952
992 993 4849
458 459 9317
374 375 3133
550 551 1167
236 237 2716
702 703 2351
474 475 7428
790 791 8452
734 735 8642
628 629 6677
465 466 1036
338 339 3990
213 214 5932
436 437 6213
650 651 7229
714 715 2775
249 250 6231
0 1 4186
945 946 7668
873 874 3918
894 895 5007
99 100 1494
335 336 8726
624 625 6510
581 582 409
961 962 5289
839 840 9134
867 868 9208
150 151 2774
215 216 4635
717 718 8155
508 509 5805
719 720 4678
638 639 8705
29 30 30
922 923 500
696 697 2
948 949 7811
759 760 7553
627 628 4185
852 853 448
544 545 7628
958 959 1719
562 563 544
327 328 7266
493 494 1763
302 303 7033
295 296 5342
614 615 1538
803 804 8031
998 999 5631
511 512 5461
62 63 7877
284 285 6271
503 504 1373
960 961 7228
689 690 6124
494 495 8696
182 183 4602
610 611 8986
128 129 7466
524 525 3521
996 997 5803
152 153 7431
701 702 7245
809 810 1618
357 358 8741
410 411 1396
83 84 3220
889 890 6128
539 540 6996
237 238 888
317 318 6808
131 132 913
228 229 9609
368 369 47
45 46 5918
329 330 4803
546 547 1635
824 825 3027
672 673 2174
599 600 9973
227 228 2622
551 552 6139
644 645 8880
207 208 5478
137 138 9242
747 748 8689
413 414 5457
874 875 5603
901 902 3681
262 263 6126
711 712 5264
821 822 8385
261 262 8967
782 783 6435
870 871 8466
603 604 7569
553 554 7695
920 921 3068
750 751 2360
632 633 617
72 73 6624
333 334 217
196 197 4733
185 186 4815
860 861 3841
800 801 2344
527 528 1037
214 215 7820
775 776 3401
438 439 4586
659 660 203
313 314 4257
278 279 8821
618 619 1507
447 448 1499
552 553 6319
952 953 2567
97 98 601
117 118 2647
709 710 9207
174 175 5920
811 812 3266
908 909 3781
477 478 2150
77 78 6167
370 371 9065
331 332 2236
523 524 9393
704 705 774
296 297 9271
667 668 7918
27 28 2076
878 879 49
231 232 3589
73 74 297
426 427 2454
472 473 3841
106 107 4517
416 417 6640
518 519 7101
96 97 4848
692 693 6891
964 965 9510
70 71 375
308 309 6223
67 68 2886
738 739 3297
585 586 6572
420 421 2005
984 985 6135
299 300 5333
911 912 8664
319 320 5229
596 597 2878
337 338 4486
742 743 2676
102 103 8404
266 267 1554
946 947 6294
176 177 5828
393 394 7741
556 557 4163
978 979 8905
183 184 7958
291 292 5753
833 834 8212
968 969 1057
344 345 2536
677 678 4012
727 728 830
88 89 8397
498 499 880
270 271 5561
654 655 6934
366 367 2171
639 640 3830
265 266 4938
200 201 4488
110 111 5191
826 827 365
321 322 8057
716 717 4303
565 566 5641
429 430 6782
172 173 8981
245 246 585
568 569 965
649 650 286
548 549 2535
629 630 7306
851 852 1274
576 577 7437
274 275 2117
444 445 2201
148 149 2314
805 806 619
352 353 1937
587 588 5110
457 458 2476
514 515 6196
866 867 9925
502 503 1902
875 876 8913
856 857 6769
179 180 5009
404 405 9599
825 826 6375
636 637 6593
448 449 5154
435 436 1773
81 82 766
361 362 437
857 858 5027
728 729 2132
962 963 2999
210 211 8673
681 682 4021
322 323 4693
779 780 3864
913 914 4004
159 160 6616
389 390 53
476 477 2938
509 510 3851
528 529 1590
330 331 655
1 2 5875
745 746 1562
305 306 8085
731 732 4230
264 265 9011
312 313 9732
414 415 7035
123 124 522
279 280 6053
818 819 6168
71 72 5860
963 964 8997
537 538 5711
664 665 1896
311 312 9762
471 472 2192
68 69 934
764 765 794
95 96 6018
757 758 7305
65 66 7885
820 821 1697
549 550 2606
226 227 3205
590 591 5923
626 627 785
932 933 3118
694 695 6224
543 544 5297
422 423 1822
120 121 9842
421 422 3592
602 603 103
26 27 7289
40 41 2977
665 666 2273
690 691 1615
972 973 6135
786 787 4540
44 45 354
466 467 9039
9 10 6092
769 770 9766
574 575 5314
363 364 5731
53 54 9882
735 736 7028
140 141 1748
762 763 2811
181 182 9164
449 450 9834
606 607 6721
796 797 1017
251 252 9670
643 644 1423
758 759 3741
397 398 7839
258 259 4564
640 641 1383
25 26 2274
257 258 6642
268 269 8933
127 128 4100
725 726 451
495 496 483
853 854 1430
806 807 1537
348 349 9963
816 817 1493
147 148 4831
350 351 8491
119 120 1327
989 990 5614
61 62 5015
43 44 4896
464 465 4314
580 581 3294
212 213 3255
578 579 2675
579 580 550
3 4 476
506 507 2290
981 982 93
359 360 4864
467 468 3861
141 142 2766
418 419 802
382 383 7795
564 565 526
306 307 4776
525 526 2958
100 101 3416
398 399 8997
634 635 2940
541 542 4925
217 218 6827
56 57 9765
459 460 8288
910 911 7918
844 845 5945
698 699 2156
605 606 7423
890 891 4080
309 310 6290
386 387 7620
399 400 8155
608 609 737
597 598 3421
730 731 7143
282 283 2569
542 543 7023
808 809 6505
379 380 9432
982 983 1926
670 671 6597
105 106 5570
460 461 4756
450 451 8020
304 305 3709
571 572 7729
944 945 3103
354 355 2065
801 802 2341
708 709 6266
39 40 3356
244 245 8984
915 916 6854
795 796 4068
314 315 4929
241 242 2975
625 626 986
733 734 3787
516 517 5871
238 239 2188
428 429 3036
216 217 1292
917 918 1384
893 894 4815
8 9 1855
57 58 5537
722 723 8887
680 681 9454
492 493 5297
975 976 1373
136 137 2140
394 395 5095
749 750 2805
931 932 7108
558 559 4546
17 18 215
269 270 8400
143 144 6112
582 583 9417
246 247 6808
454 455 914
595 596 3941
560 561 4704
966 967 5986
377 378 7008
887 888 1785
383 384 6421
409 410 4378
658 659 2175
108 109 1509
113 114 1282
290 291 1489
92 93 7584
570 571 7482
718 719 5296
530 531 544
300 301 9246
155 156 7849
219 220 9517
793 794 6008
342 343 8031
381 382 6316
669 670 4317
771 772 1697
134 135 5476
273 274 5761
928 929 9887
439 440 944
899 900 6768
189 190 190
14 15 1671
31 32 3432
909 910 6970
373 374 8939
79 80 149
242 243 7908
479 480 5597
139 140 6781
941 942 8509
613 614 5735
325 326 390
505 506 3466
848 849 3389
765 766 2632
18 19 3551
663 664 9085
201 202 5663
153 154 7998
419 420 2022
906 907 6669
390 391 7092
924 925 1894
971 972 5312
882 883 8657
468 469 4165
776 777 18
173 174 8239
787 788 3296
126 127 5634
648 649 3513
973 974 2833
2 3 8685
293 294 6257
372 373 1763
923 924 2445
142 143 7120
969 970 3203
885 886 6336
903 904 9338
403 404 6973
221 222 6895
378 379 9747
78 79 9479
854 855 5831
432 433 3493
195 196 7585
799 800 5721
310 311 2606
151 152 8556
346 347 4804
170 171 4462
774 775 858
835 836 8941
15 16 9404
387 388 1083
983 984 9783
845 846 9725
843 844 6827
895 896 4386
831 832 8415
423 424 2206
740 741 5870
788 789 4969
431 432 1102
24 25 1179
220 221 8462
36 37 5139
601 602 4436
651 652 8842
633 634 3187
660 661 5040
676 677 7727
607 608 2782
880 881 6193
445 446 164
512 513 5713
797 798 8100
789 790 9215
402 403 2516
163 164 8713
936 937 5410
23 24 2615
520 521 8479
481 482 9392
703 704 307
859 860 4500
612 613 9261
285 286 9239
87 88 5643
980 981 6147
483 484 1494
12 13 6239
453 454 6131
822 823 9918
198 199 5843
223 224 9064
54 55 9604
80 81 7420
529 530 608
888 889 9068
392 393 4692
469 470 4644
575 576 4770
256 257 5743
21 22 2984
16 17 4086
953 954 1829
369 370 4136
144 145 2446
289 496
37 704
123 759
82 946
253 327
606 969
329 534
302 463
153 702
9 606
233 931
5 577
233 242
210 392
288 861
211 777
121 620
606 629
721 858
80 611
191 603
476 819
558 665
97 692
354 581
486 967
534 858
14 309
14 573
169 619
163 671
620 660
198 456
561 573
625 951
185 301
203 276
283 409
846 931
319 711
115 639
825 916
387 452
68 491
404 496
153 415
683 912
63 789
45 206
517 790
338 515
376 441
631 827
628 693
724 845
726 876
721 946
236 579
628 804
635 676
62 289
427 503
491 536
180 783
492 962
331 727
86 125
552 666
498 714
630 695
66 862
436 451
341 807
544 683
532 652
773 886
347 731
229 993
167 505
788 982
9 511
43 208
194 561
284 995
247 454
917 942
336 424
372 446
0 322
122 810
152 243
362 783
255 300
106 644
44 147
683 804
103 449
307 784
148 555
226 324
333 969
441 916
117 265
6 321
314 573
153 372
7 464
756 970
315 533
250 432
150 727
123 632
415 423
10 983
345 574
239 918
321 927
214 232
70 272
87 629
911 989
298 730
687 910
479 958
54 680
238 435
529 856
153 213
228 456
587 802
455 970
166 886
371 494
117 907
73 473
330 684
380 930
314 697
390 528
856 969
225 611
184 769
729 955
350 901
45 97
437 770
538 629
687 739
116 438
199 378
224 404
115 577
37 387
285 859
174 236
905 915
47 775
367 989
515 714
499 782
449 810
277 952
26 808
108 426
911 929
117 717
681 772
188 707
594 659
715 910
208 624
404 727
619 852
329 735
271 322
291 673
405 482
242 268
85 596
106 613
417 662
137 508
37 482
329 778
867 978
539 807
602 969
589 726
117 508
133 925
131 640
134 458
220 930
279 765
2 102
602 619
595 748
516 594
112 235
142 561
496 622
376 931
18 666
142 643
137 698
33 396
367 603
334 838
359 487
769 961
695 985
26 965
549 757
197 687
680 918
81 347
279 398
76 127
78 700
688 869
74 195
913 972
447 772
195 196
86 926
678 904
35 748
423 926
328 979
129 604
12 207
451 645
462 573
79 691
177 595
42 808
64 653
22 577
333 842
98 843
116 485
886 919
854 868
8 550
372 992
474 602
215 241
197 956
181 903
396 640
700 898
279 953
558 765
437 956
146 393
351 549
108 707
205 370
666 855
553 999
676 712
56 169
260 819
145 996
117 929
449 992
76 124
261 756
674 951
798 905
239 475
179 553
165 264
655 905
206 724
46 275
348 427
233 379
113 596
751 913
591 975
331 705
520 702
126 349
471 722
612 738
314 852
500 844
44 928
74 371
347 438
80 197
81 170
380 634
73 133
570 665
619 898
266 743
593 748
120 388
291 401
818 990
645 937
84 132
215 996
808 855
238 515
255 272
430 847
284 710
164 682
401 837
66 703
611 621
573 903
553 669
509 522
453 510
244 944
416 791
381 908
575 904
249 643
148 719
266 432
502 653
462 733
423 980
178 756
1 794
301 959
212 870
723 989
405 638
611 630
134 650
722 862
156 922
90 734
465 945
341 666
553 717
801 867
732 947
647 699
76 599
148 740
438 885
238 954
781 879
440 835
405 870
29 686
279 353
622 962
459 640
229 477
86 561
568 880
615 645
841 909
342 816
359 822
329 591
205 503
542 690
76 969
334 655
559 859
271 369
194 687
52 384
137 799
591 843
12 337
142 895
426 794
245 345
250 581
312 969
439 937
679 984
39 686
91 281
155 890
213 708
17 719
480 770
400 981
174 288
83 891
24 176
42 347
611 743
445 463
549 661
286 525
407 417
829 974
284 750
170 207
389 801
355 766
19 769
582 842
90 206
780 834
63 455
132 296
247 946
610 862
515 978
225 231
145 743
790 862
624 840
224 918
333 550
32 903
608 641
309 503
58 645
275 629
275 500
312 925
658 908
49 800
9 742
91 736
193 502
160 972
201 834
339 853
190 414
124 660
167 726
427 673
250 800
643 801
543 587
254 416
145 980
613 699
218 705
137 650
215 401
444 993
798 976
185 837
461 658
10 711
718 763
314 572
445 599
544 924
790 978
560 779
336 739
95 119
149 559
482 944
243 515
179 908
339 775
22 83
56 365
439 639
56 636
555 663
7 29
305 381
728 847
182 944
322 364
120 561
252 829
636 881
202 524
333 463
490 634
519 616
197 780
686 812
276 964
217 826
496 654
33 308
369 925
376 649
467 609
715 943
545 699
569 722
302 356
45 129
285 471
651 783
154 801
141 444
194 328
324 745
141 478
214 703
241 373
608 655
720 832
39 565
542 693
527 717
338 868
42 584
481 957
27 200
651 959
710 765
340 858
743 834
654 887
543 940
202 539
485 654
862 964
531 809
599 749
474 518
243 358
818 824
35 200
33 169
481 787
81 414
350 590
246 700
199 242
389 631
558 791
219 990
735 864
69 853
631 853
61 740
391 409
83 193
511 749
323 703
692 959
580 603
790 905
66 141
113 603
557 608
155 590
116 634
28 637
422 791
840 910
109 270
29 886
261 963
347 739
543 731
137 566
294 796
312 715
96 957
287 799
406 778
63 555
413 922
477 716
171 729
40 426
88 303
39 755
368 907
80 133
199 295
373 601
232 936
102 678
598 991
36 58
113 932
31 916
138 803
170 753
308 456
231 836
31 782
794 903
72 744
503 567
135 602
926 974
145 984
734 879
71 657
306 945
291 896
507 710
502 982
159 816
347 882
629 747
245 913
195 560
297 534
554 612
233 576
123 400
408 977
861 897
558 967
342 564
59 972
859 865
298 514
575 718
166 693
524 707
180 224
641 978
323 728
284 583
431 715
251 488
268 936
52 816
6 868
371 820
146 376
189 925
332 638
151 581
296 579
823 910
118 428
177 920
38 300
697 937
187 967
233 900
559 794
318 859
798 863
422 675
151 237
104 322
30 133
359 698
27 577
158 729
218 521
13 268
7 124
181 976
83 574
175 572
670 950
176 485
300 406
601 766
571 726
396 409
345 740
235 246
787 884
14 754
602 946
41 479
707 761
802 831
95 477
392 649
787 845
65 81
88 456
456 847
713 903
193 223
747 757
403 567
345 823
180 518
91 914
684 895
310 516
11 582
840 965
317 956
330 578
519 906
322 740
20 404
127 737
429 882
358 415
778 960
507 914
11 754
51 80
711 808
112 960
341 704
580 764
405 804
92 566
738 796
399 895
9 478
180 266
104 631
29 201
11 556
716 996
306 981
776 986
853 951
592 657
903 939
118 485
655 981
152 990
300 673
619 626
33 466
101 588
63 337
872 901
115 583
15 950
698 765
224 943
359 854
91 464
14 39
626 811
491 996
498 610
587 797
483 888
844 863
454 947
270 470
11 35
604 974
380 595
530 617
358 899
307 746
9 924
409 512
390 801
735 934
716 899
22 625
269 709
539 807
184 340
477 937
571 724
870 996
167 988
439 853
109 132
75 303
554 857
69 676
365 486
322 519
87 510
815 921
342 757
382 960
240 360
55 109
157 717
84 846
749 923
642 895
559 681
530 975
29 969
745 823
240 944
478 798
88 498
194 432
803 977
392 607
550 884
273 806
352 688
124 262
121 910
454 456
618 974
266 304
77 733
527 572
388 829
103 899
73 801
6 739
304 709
91 373
263 876
640 659
175 208
310 597
43 307
191 707
163 479
38 677
368 764
257 987
216 392
99 863
823 976
144 283
542 863
717 862
187 558
912 913
123 448
697 756
245 767
108 397
440 615
123 866
208 290
329 340
139 452
206 208
262 631
338 413
274 899
122 242
130 388
212 393
522 917
167 857
683 844
402 557
388 518
182 602
364 555
526 583
675 757
893 937
606 944
171 371
17 134
31 544
407 796
616 929
453 641
383 552
219 750
163 268
151 764
4 266
124 810
210 911
532 913
115 689
94 657
366 559
335 756
653 899
26 943
323 968
535 968
423 727
19 929
363 443
115 806
118 641
197 495
899 993
210 941
22 104
0 36
176 743
353 460
169 530
763 962
424 977
249 773
149 974
180 236
108 468
370 900
507 912
40 841
111 266
49 843
74 553
654 815
495 800
56 449
578 902
350 650
48 517
616 857
39 682
139 547
326 931
340 753
506 628
158 556
186 742
173 567
114 332
244 624
484 630
177 672
736 929
67 815
639 805
20 216
150 798
246 279
448 969
870 979
398 584
12 183
199 203
294 770
404 536
954 996
62 870
677 686
129 238
104 658
341 424
346 925
292 956
138 450
231 529
422 659
713 729
30 487
107 598
82 930
432 705
138 904
302 751
576 979
657 969
92 959
900 993
354 928
293 694
180 676
124 180
173 792
446 450
505 917
225 526
256 865
292 886
175 765
15 567
239 796
121 142
343 392
727 833
74 715
517 576
187 222
429 935
234 960
66 656
744 766
26 661
657 770
195 717
109 436
824 980
6 243
103 113
318 581
87 716
620 809
398 818
513 699
317 683
101 380
297 423
711 791
131 237
274 633
100 737
203 856
940 959
324 976
41 293
489 634
590 866
