1500 10
0
1
0
2
3
4
5
5
6
1
10
4
6
11
12
7
11
6
7
1
19
14
20
12
21
12
6
1
18
9
16
16
25
19
18
21
22
4
18
24
25
7
14
8
31
12
29
46
40
5
43
4
7
52
12
17
11
42
43
32
9
48
24
17
24
63
8
10
48
1
9
33
28
25
64
20
71
49
69
5
26
1
73
19
42
78
24
84
9
21
39
65
80
12
80
57
50
36
68
92
97
57
46
7
88
72
21
50
57
30
53
14
20
26
19
62
43
34
82
37
38
62
97
38
92
1
24
8
92
53
58
13
3
52
98
85
15
17
58
79
36
64
90
4
83
24
74
73
0
86
18
93
2
15
90
44
11
39
2
42
66
36
10
7
80
67
3
79
81
69
57
75
52
51
29
32
88
28
51
72
90
57
1
7
25
12
76
11
12
36
27
48
58
16
45
39
25
34
5
86
60
0
6
74
72
75
89
89
82
5
42
7
27
49
51
92
29
13
69
38
61
40
36
82
10
6
26
33
25
41
20
66
28
18
88
47
46
1
32
24
97
77
17
9
9
48
16
7
92
4
5
35
80
96
38
50
49
65
95
77
18
57
32
33
24
30
28
8
87
15
17
72
69
73
17
48
92
41
24
28
86
86
33
25
54
42
83
26
92
83
76
39
90
60
53
85
35
56
29
20
66
87
24
17
39
21
53
94
98
48
11
76
93
62
53
51
70
96
25
66
66
1
30
35
26
28
27
46
48
38
36
94
38
88
49
28
61
96
70
9
21
98
13
46
67
42
56
75
26
61
34
49
91
46
97
57
25
40
2
87
8
2
52
31
14
26
4
64
94
43
31
7
38
89
82
3
87
91
74
87
92
53
4
43
19
28
16
61
69
32
10
56
49
17
14
24
35
97
89
33
59
21
74
85
85
15
23
94
78
81
53
8
73
24
77
29
27
12
24
50
72
16
8
66
46
6
42
31
81
57
25
56
22
43
75
71
90
70
94
7
30
99
54
58
97
43
7
86
85
57
96
38
75
56
6
4
63
50
31
73
24
51
94
77
50
81
39
37
17
56
84
55
73
74
75
49
79
20
81
99
64
21
93
39
18
49
45
63
53
57
69
70
83
54
65
35
79
67
49
95
97
48
69
53
51
65
52
57
72
93
90
95
73
89
62
95
53
18
29
57
23
58
61
10
63
93
50
38
74
8
94
49
63
27
14
74
94
1
16
74
8
61
4
18
86
4
4
88
7
74
15
97
69
22
63
77
52
66
13
86
38
52
50
78
51
43
77
1
68
2
8
28
39
24
42
53
2
48
74
19
9
11
77
49
79
9
30
86
38
89
7
64
11
65
44
24
16
98
4
50
92
44
23
35
9
18
60
39
33
98
13
52
27
40
1
45
94
30
18
95
49
96
6
16
81
49
69
21
88
94
65
94
90
94
22
70
1
16
10
65
40
41
52
95
81
54
9
57
49
94
60
63
8
72
79
89
73
89
84
23
49
61
1
57
75
57
81
83
25
60
95
22
42
26
64
56
47
31
83
46
53
72
92
29
64
78
95
79
2
80
61
64
76
98
97
49
6
80
35
56
75
76
81
86
11
13
68
94
92
13
1
76
20
50
41
22
85
13
20
78
12
87
25
85
20
37
68
48
23
32
48
26
76
7
43
54
11
49
49
51
17
23
25
10
36
74
80
51
19
73
59
27
16
82
80
26
15
87
73
98
11
21
29
50
19
77
37
1
59
23
67
94
58
24
1
72
64
16
44
82
29
90
85
70
33
64
85
43
39
86
46
54
49
94
66
22
1
90
7
4
78
67
29
70
51
94
67
94
45
17
46
24
48
24
44
14
79
58
73
4
73
36
97
12
73
52
86
95
87
94
57
86
28
40
27
81
11
1
17
69
77
89
21
25
40
31
26
47
86
96
96
69
29
0
84
69
87
99
25
49
55
38
99
67
90
87
6
25
84
47
77
85
62
28
14
85
5
80
49
10
39
29
88
98
3
26
58
76
80
34
4
68
25
32
97
96
2
88
14
47
84
22
86
37
60
45
96
80
23
9
51
6
1
18
56
11
38
42
74
17
43
38
87
47
23
66
7
84
15
62
26
7
79
48
28
5
9
89
28
45
37
68
99
43
28
11
54
83
47
72
82
81
40
79
1
88
59
79
77
16
58
10
15
29
11
7
94
54
79
71
42
38
56
56
72
54
49
39
70
8
70
16
69
16
39
20
39
97
10
27
92
71
97
88
28
37
34
66
22
63
5
93
77
45
60
98
48
86
22
55
45
60
43
63
43
20
89
62
40
40
16
6
74
66
31
95
14
71
33
1
23
68
35
16
89
8
89
96
50
92
10
47
83
68
62
20
76
64
1
9
81
39
68
77
88
8
72
44
64
34
32
1
89
42
42
31
63
77
51
55
73
67
78
86
3
4
90
11
23
57
31
92
5
20
24
50
38
25
48
19
51
32
31
8
88
80
93
92
31
5
37
16
15
3
60
45
85
48
44
44
54
37
28
16
57
81
54
7
29
94
12
35
78
28
90
40
84
23
64
24
60
72
12
38
19
89
59
68
70
76
36
63
16
8
67
93
16
23
23
39
63
14
63
89
70
89
48
47
57
38
72
54
6
70
88
33
85
57
3
42
26
56
54
4
49
96
48
70
27
86
47
30
13
65
22
5
50
16
34
3
23
45
28
79
62
95
32
73
1
5
92
80
32
20
69
88
53
68
99
88
69
66
85
0
72
4
67
66
71
62
0
80
78
89
4
83
32
7
86
50
71
8
91
5
89
60
62
13
40
53
21
35
55
15
70
89
66
18
88
45
57
1
65
44
94
58
8
6
7
54
16
16
79
27
79
95
32
35
25
53
30
77
97
18
33
56
51
54
68
8
92
81
7
82
27
72
63
50
45
71
64
8
63
28
0
88
32
75
82
59
50
39
63
64
55
2
26
31
37
65
71
61
68
91
81
13
24
1
17
99
18
91
58
16
87
61
88
62
23
80
86
42
65
39
72
80
76
51
50
30
19
56
93
70
59
35
20
62
73
57
88
85
15
97
46
68
43
31
66
86
35
52
97
74
81
46
87
68
55
36
94
23
55
18
60
54
57
5
44
24
14
82
92
83
0
90
99
58
28
2
39
3
64
12
22
1
91
42
9
1
80
62
26
4
15
59
7
93
94
36
76
77
66
23
57
49
82
82
50
43
47
70
21
50
87
79
66
44
47
85
2
97
99
88
29
26
85
12
73
88
99
89
5
12
98
41
72
52
28
32
35
40
21
67
21
98
34
43
68
79
13
57
94
88
93
35
4
89
57
35
60
34
6
27
66
8
18
46
27
47
71
37
1
39
73
18
43
51
23
1
41
82
4
52
26
97
61
23
98
