1500 4
0
1
2
3
4
5
6
7
8
9
10
11
12
13
14
15
16
17
18
19
20
21
22
23
24
25
26
27
28
29
30
31
32
33
34
35
36
37
38
39
40
41
42
43
44
45
46
47
48
49
50
51
52
53
54
55
56
57
58
59
60
61
62
63
64
65
66
67
68
69
70
71
72
73
74
75
76
77
78
79
80
81
82
83
84
85
86
87
88
89
90
91
92
93
94
95
96
97
98
79
93
61
98
57
80
19
2
90
42
96
80
78
26
36
44
15
78
6
63
75
76
95
2
83
12
69
53
22
60
79
82
60
68
22
0
77
47
54
7
62
58
34
52
61
92
67
98
74
22
24
9
83
26
16
1
6
3
85
83
90
40
8
48
90
50
73
23
86
92
60
2
68
86
32
69
52
10
50
99
17
0
14
93
90
0
49
89
21
38
70
32
31
1
46
37
50
73
3
14
61
83
22
12
0
19
49
91
69
99
76
83
6
51
45
60
50
89
3
1
36
87
24
76
37
83
86
54
79
54
8
33
98
81
2
68
7
17
22
78
53
91
19
79
99
56
32
24
33
83
79
58
23
78
60
67
8
38
72
1
81
80
7
79
84
24
50
18
20
96
99
85
27
90
18
6
8
19
32
98
84
9
59
35
47
92
54
8
84
22
37
54
48
37
20
90
65
38
56
27
16
67
70
62
73
4
21
9
71
67
0
58
27
0
13
29
43
41
81
61
8
44
75
19
93
94
16
56
19
74
81
51
1
87
6
91
93
66
64
35
38
30
45
76
81
10
43
79
31
57
50
4
65
34
67
75
71
66
75
63
63
40
62
12
25
23
37
94
8
67
6
44
8
13
99
59
4
93
59
69
80
79
96
3
31
30
26
83
18
2
68
97
93
44
77
52
28
80
31
17
38
30
85
29
30
31
81
49
34
35
95
52
41
36
43
8
86
23
94
41
99
98
16
71
76
74
40
67
0
30
81
41
98
61
40
61
62
6
19
17
56
10
93
99
6
84
21
48
65
21
81
9
5
5
94
25
97
71
22
28
99
28
79
22
50
60
71
85
50
30
38
78
65
65
35
67
15
34
95
99
57
28
25
49
36
12
75
91
12
53
18
3
12
55
36
48
12
85
18
0
42
25
30
9
63
1
51
39
45
95
60
21
38
92
20
80
48
95
74
73
25
94
66
33
71
11
64
83
25
25
77
39
92
13
54
19
44
80
64
95
7
46
42
34
60
50
0
67
78
77
72
66
48
77
9
81
33
28
56
83
17
9
32
36
2
78
18
86
21
12
53
40
9
77
61
90
23
69
47
88
33
87
1
20
92
14
2
31
97
37
44
32
39
40
68
82
75
74
39
91
86
95
80
81
40
10
54
84
54
21
51
83
65
25
43
97
63
1
63
4
87
66
31
62
44
50
15
30
47
59
85
66
3
59
64
43
11
41
20
38
14
94
2
63
95
86
57
19
3
35
27
24
83
73
54
44
28
55
6
38
47
57
91
3
55
23
69
89
18
67
4
50
67
8
27
36
41
83
13
24
96
90
78
10
62
4
8
12
27
3
33
46
50
70
14
50
55
59
46
44
73
8
70
54
21
47
97
75
82
44
3
6
8
48
3
70
71
75
62
48
21
86
56
61
60
24
5
94
27
72
41
98
97
96
1
36
87
64
18
35
31
76
4
91
29
8
64
48
91
92
71
65
41
93
4
63
30
19
85
77
31
72
49
30
21
50
53
85
11
85
45
92
94
92
84
36
28
6
40
97
8
1
44
91
92
31
99
77
11
16
9
82
74
25
90
61
73
51
79
78
15
48
58
71
30
79
90
97
49
34
91
97
84
38
52
54
70
32
10
62
91
15
70
68
21
49
76
69
62
22
39
5
72
92
13
27
67
35
43
46
52
29
85
98
46
4
0
74
91
20
69
62
74
84
60
28
8
74
7
34
34
60
12
43
33
61
81
97
49
2
62
94
64
45
18
59
95
91
71
83
27
87
41
82
77
78
82
23
51
59
55
11
0
49
23
43
40
91
40
40
93
52
91
51
78
96
22
57
9
75
54
89
49
57
40
70
79
42
36
15
26
21
72
60
65
48
79
39
39
35
37
85
86
58
68
72
46
53
21
58
66
63
33
88
78
23
96
72
40
24
79
17
48
14
86
62
95
58
13
18
35
23
12
79
32
68
14
20
80
32
39
86
50
16
7
31
86
3
31
63
20
15
71
85
35
84
85
12
24
55
96
39
87
37
33
62
44
34
8
53
52
49
48
63
71
26
36
88
56
43
31
16
16
96
47
83
56
61
29
14
3
2
9
96
9
32
52
7
89
71
8
17
37
32
61
64
43
0
49
65
6
34
74
25
95
66
75
38
26
79
87
21
33
37
15
59
47
96
21
1
19
80
94
25
68
30
68
6
49
63
98
28
6
4
50
13
13
22
32
84
76
41
25
33
8
25
11
58
14
61
20
5
15
68
47
97
73
9
82
95
78
22
98
59
65
49
97
77
55
28
78
56
73
4
12
28
71
5
24
59
18
79
9
38
59
44
66
65
88
15
7
75
4
95
90
91
11
34
77
36
24
24
40
65
66
54
16
65
86
91
79
23
19
23
29
92
65
36
24
61
48
55
76
89
17
35
25
68
43
65
61
55
60
89
43
61
79
72
30
45
38
55
72
54
60
88
30
24
65
4
81
21
87
45
15
65
21
45
28
26
27
64
12
33
36
88
2
10
92
31
36
62
22
91
58
88
51
21
13
37
13
27
72
93
35
1
61
35
66
27
26
5
45
34
68
98
2
12
70
25
0
54
39
79
78
85
97
29
90
60
78
75
75
66
5
85
76
20
31
49
98
10
48
85
26
35
36
47
4
66
38
58
16
93
60
53
26
89
66
40
93
89
85
63
30
60
81
76
36
64
23
56
56
29
73
97
93
71
28
7
42
50
91
53
68
68
21
15
19
37
77
79
90
98
99
5
99
70
28
96
97
31
74
46
28
81
62
19
60
51
43
11
6
71
12
42
68
43
16
90
0
59
5
8
51
84
18
88
41
64
5
63
29
36
61
54
95
22
54
26
49
45
83
54
58
22
54
13
36
91
7
25
14
3
31
5
69
36
51
88
72
25
76
22
62
71
86
65
4
96
2
45
33
99
19
88
85
83
60
78
99
38
60
4
23
2
2
4
72
61
23
85
16
66
43
18
12
36
87
94
67
58
62
13
36
36
63
22
52
70
83
0
86
94
13
64
9
40
38
74
96
3
76
20
9
83
3
9
57
83
46
61
85
85
21
18
77
88
43
87
69
38
71
77
97
66
16
20
75
9
61
4
84
42
68
69
0
79
75
0
19
93
45
35
61
56
91
81
86
47
23
32
70
55
43
31
88
58
27
65
