1500 12
0
1
2
0
4
2
0
4
6
2
3
10
4
2
12
2
10
1
5
7
7
10
3
10
0
20
1
15
24
25
0
10
30
13
0
14
24
20
7
37
25
6
20
34
37
0
27
28
25
26
28
8
2
25
50
19
19
55
33
26
53
1
53
23
20
23
27
36
17
63
22
39
10
22
26
68
62
26
1
56
11
1
51
12
19
84
42
59
65
73
9
61
63
65
27
44
34
85
31
79
98
72
60
57
92
10
53
45
21
40
60
56
95
61
30
55
81
93
113
12
110
8
41
32
118
107
83
103
111
88
48
84
118
43
47
7
32
71
89
12
21
127
124
82
100
30
23
30
135
7
145
59
101
153
46
52
133
49
141
37
40
82
45
110
105
162
128
68
156
151
123
38
41
4
82
121
23
14
147
8
144
72
84
164
79
142
22
68
48
1
133
33
66
74
158
161
41
8
99
166
41
192
46
41
168
146
111
48
86
55
210
34
74
44
65
179
49
101
67
125
140
155
50
89
162
124
0
174
178
179
2
143
129
175
168
32
149
213
13
141
125
60
116
155
171
201
205
188
171
23
219
2
46
17
151
42
11
228
255
132
73
17
50
228
113
234
132
212
136
245
99
2
267
214
221
35
244
272
120
243
5
90
221
83
126
176
109
233
89
128
148
260
170
16
255
145
164
111
202
28
15
149
122
261
20
280
262
123
286
166
19
187
56
86
152
165
202
142
31
41
284
62
40
137
140
213
124
155
218
288
302
173
266
242
172
40
184
92
65
190
142
138
119
10
281
256
169
307
242
59
54
148
74
153
263
179
270
179
205
292
293
164
102
233
122
91
2
176
106
230
346
41
209
296
361
298
374
326
85
254
369
94
127
94
235
40
311
67
6
181
253
289
146
320
202
359
40
367
263
97
58
272
52
375
332
149
74
193
77
86
83
241
302
282
4
251
395
51
223
84
144
211
142
285
398
13
136
288
43
198
102
207
11
7
160
305
239
224
17
313
178
327
166
8
130
443
139
351
4
387
255
219
61
254
263
358
90
87
18
143
349
85
75
110
316
136
373
1
75
349
429
79
422
255
42
60
248
332
403
94
227
81
353
387
56
259
185
7
38
281
92
345
218
367
51
113
359
28
267
78
279
431
375
7
423
4
437
316
501
178
488
130
153
42
287
232
244
374
422
99
197
374
157
217
293
160
433
334
176
459
309
253
488
49
435
437
251
505
306
465
275
522
86
284
504
130
231
115
70
60
353
488
295
30
480
495
126
31
65
264
156
133
46
400
165
7
154
165
406
544
391
110
318
217
311
324
384
185
68
23
354
196
185
136
400
519
25
508
177
301
15
322
104
92
475
27
337
392
34
507
578
253
121
75
190
227
541
86
256
292
222
337
330
548
187
416
223
31
182
11
149
478
54
113
337
82
565
53
22
433
452
555
520
66
377
597
553
158
318
231
435
167
127
236
296
619
432
156
34
270
30
588
603
245
153
42
17
576
212
142
256
0
435
552
4
20
64
303
315
355
239
299
502
130
632
365
589
222
277
193
318
537
452
648
356
665
535
367
208
183
545
383
409
128
624
488
194
607
306
346
284
555
284
87
702
309
384
451
519
450
653
553
62
363
214
459
664
204
614
469
599
124
304
51
659
286
702
13
703
623
302
357
417
97
679
413
529
560
156
482
426
533
108
216
721
238
56
184
602
663
658
0
629
526
182
58
546
317
746
525
464
303
165
41
361
438
279
50
506
4
496
67
419
548
595
772
518
249
37
615
614
611
49
708
6
50
36
161
400
741
145
130
6
287
131
444
576
520
239
585
475
596
264
21
88
434
608
744
666
47
148
296
655
626
256
389
362
91
567
624
787
255
756
625
773
3
229
617
648
436
42
152
135
672
248
772
532
479
357
568
677
765
364
712
758
557
322
630
258
552
662
233
538
230
175
254
707
634
341
77
583
719
662
818
430
4
264
645
683
2
825
287
12
653
634
571
224
559
232
365
573
573
249
134
580
282
57
117
328
794
484
815
788
205
123
170
324
684
813
604
314
289
366
490
404
243
136
468
535
901
6
253
176
150
205
67
644
350
864
890
799
503
215
896
24
388
707
726
863
658
241
547
646
493
372
598
288
83
585
591
822
357
567
153
375
772
64
263
177
724
538
865
748
26
391
770
173
463
332
904
165
639
59
384
807
195
138
573
778
150
497
556
406
742
892
534
677
173
83
178
472
119
888
85
186
461
307
264
433
82
221
886
526
870
535
435
212
218
452
772
710
696
341
568
198
51
669
633
941
549
350
509
356
508
772
1004
317
786
433
659
822
389
98
728
868
119
561
403
986
373
30
191
173
539
120
795
178
734
856
484
685
583
456
111
19
382
1028
736
685
476
331
430
317
396
487
305
857
397
773
680
938
266
289
922
966
850
990
564
455
358
205
940
44
29
839
113
104
280
456
303
591
51
21
846
438
995
806
167
13
1059
346
1071
705
489
622
721
576
973
650
315
298
596
904
965
1083
103
287
518
306
608
592
19
846
25
282
290
842
238
260
424
772
144
1074
951
168
705
942
56
501
440
107
441
349
888
938
963
559
122
641
90
740
111
243
953
363
797
264
1110
128
379
1142
296
686
172
541
705
360
1110
1015
354
464
784
174
789
367
989
940
425
1047
68
1085
610
1076
242
25
86
867
844
1075
223
359
508
973
314
801
79
254
332
322
498
727
613
189
435
355
887
164
362
529
461
162
231
355
901
661
833
1147
1028
612
1049
997
696
681
817
1038
948
946
557
862
788
241
911
539
620
376
81
581
936
99
1041
852
1074
714
652
408
240
224
128
278
1039
515
799
56
570
1033
818
864
136
752
939
1073
534
1094
1190
402
418
274
1013
1008
1067
435
919
385
411
721
1079
59
306
1259
260
35
197
895
1033
593
280
833
555
97
556
765
649
219
981
104
1194
44
460
379
477
153
173
604
153
319
893
662
1048
987
1283
1228
497
1254
689
72
58
255
1010
492
291
1186
1010
1297
377
737
442
538
308
734
1126
147
331
673
9
735
194
1269
1117
752
1178
567
800
332
355
256
119
985
621
321
821
14
1076
195
880
38
378
734
152
1041
1094
990
1052
70
513
360
572
1218
278
955
845
772
315
435
1232
1290
1344
72
1010
264
1248
1162
8
1236
560
207
1304
177
818
404
39
786
561
5
395
937
110
644
1160
599
335
851
466
729
411
1362
460
712
273
518
1144
982
511
630
564
1014
1200
480
607
1248
627
304
112
22
438
781
860
29
472
737
1412
1414
96
548
1312
726
320
603
495
747
607
1297
707
196
1368
520
808
291
369
722
1273
1100
426
1281
978
768
1227
1438
774
278
1109
1032
1250
206
1371
1335
683
1013
613
1150
929
105
1247
1275
352
1067
259
207
404
127
69
72
1242
1426
1389
732
414
142
1461
457
732
1169
1360
1208
1014
187
390
1057
23
949
1104
478
1307
1169
1007
816
292
1006
505
288
