1500 70
0
1
2
3
4
5
6
7
8
9
10
11
12
13
14
15
16
17
18
19
20
21
22
23
24
25
26
27
28
29
30
31
32
33
34
35
36
37
38
39
40
41
42
43
44
45
46
47
48
49
50
51
52
53
54
55
56
57
58
59
60
61
62
63
64
65
66
67
68
69
70
71
72
73
74
75
76
77
78
79
80
81
82
83
84
85
86
87
88
89
90
91
92
93
94
95
96
97
98
99
100
101
102
103
104
105
106
107
108
109
110
111
112
113
114
115
116
117
118
119
120
121
122
123
124
125
126
127
128
129
130
131
132
133
134
135
136
137
138
139
140
141
142
143
144
145
146
147
148
149
150
151
152
153
154
155
156
157
158
159
160
161
162
163
164
165
166
167
168
169
170
171
172
173
174
175
176
177
178
179
180
181
182
183
184
185
186
187
188
189
190
191
192
193
194
195
196
197
198
199
200
201
202
203
204
205
206
207
208
209
210
211
212
213
214
215
216
217
218
219
220
221
222
223
224
225
226
227
228
229
230
231
232
233
234
235
236
237
238
239
240
241
242
243
244
245
246
247
248
249
250
251
252
253
254
255
256
257
258
259
260
261
262
263
264
265
266
267
268
269
270
271
272
273
274
275
276
277
278
279
280
281
282
283
284
285
286
287
288
289
290
291
292
293
294
295
296
297
298
299
300
301
302
303
304
305
306
307
308
309
310
311
312
313
314
315
316
317
318
319
320
321
322
323
324
325
326
327
328
329
330
331
332
333
334
335
336
337
338
339
340
341
342
343
344
345
346
347
348
349
350
351
352
353
354
355
356
357
358
359
360
361
362
363
364
365
366
367
368
369
370
371
372
373
374
375
376
377
378
379
380
381
382
383
384
385
386
387
388
389
390
391
392
393
394
395
396
397
398
399
400
401
402
403
404
405
406
407
408
409
410
411
412
413
414
415
416
417
418
419
420
421
422
423
424
425
426
427
428
429
430
431
432
433
434
435
436
437
438
439
440
441
442
443
444
445
446
447
448
449
450
451
452
453
454
455
456
457
458
459
460
461
462
463
464
465
466
467
468
469
470
471
472
473
474
475
476
477
478
479
480
481
482
483
484
485
486
487
488
489
490
491
492
493
494
495
496
497
498
81
350
412
176
329
495
142
189
487
382
485
37
108
432
177
396
217
371
33
184
41
213
170
118
14
341
201
88
152
422
326
100
413
398
62
73
76
465
9
133
217
164
317
152
281
440
79
92
155
79
55
27
178
481
39
393
419
400
45
50
151
376
163
308
463
355
144
302
20
457
21
71
237
110
406
282
476
93
206
135
13
437
499
146
106
90
411
295
396
255
1
494
287
40
299
205
177
484
395
201
317
412
50
22
236
162
129
196
278
177
28
431
181
437
354
397
158
85
174
100
321
362
407
83
68
361
431
450
441
397
439
470
345
154
251
154
248
64
401
29
198
217
283
173
441
0
422
470
474
300
327
96
258
7
461
425
301
309
362
231
410
210
242
434
269
435
142
55
463
495
422
102
389
173
356
38
7
22
322
419
473
4
35
55
471
384
23
330
258
326
82
352
79
172
38
313
436
211
81
114
63
399
488
23
290
412
67
89
41
101
335
233
403
441
478
470
76
453
443
220
412
285
389
50
190
271
458
47
292
418
392
461
478
128
272
215
334
112
296
194
142
72
378
103
365
118
364
131
209
89
459
167
359
23
104
7
326
202
282
459
57
460
225
434
202
375
133
123
268
260
470
161
454
36
360
318
319
93
332
160
334
44
26
253
54
350
419
81
162
225
162
382
64
329
270
4
417
32
195
415
93
495
54
146
292
119
297
490
288
369
392
304
67
170
389
132
110
243
181
335
396
233
255
268
356
64
205
115
142
374
195
194
24
315
416
338
438
224
231
442
421
89
282
111
381
13
274
432
178
286
416
285
411
445
160
168
202
87
488
491
36
377
260
213
218
386
32
447
119
116
60
303
97
31
223
485
230
218
343
155
267
418
294
455
459
21
402
387
106
260
163
404
333
118
146
240
467
45
198
351
231
342
103
405
77
89
442
23
471
207
299
159
124
33
28
381
8
358
400
204
47
29
332
415
4
340
313
242
98
461
133
109
214
275
44
167
12
145
385
267
236
327
51
248
370
246
158
188
229
95
165
292
369
212
85
126
489
15
106
264
367
308
150
357
71
422
248
418
91
85
402
395
450
247
202
343
196
368
427
314
416
309
420
35
397
486
79
487
435
424
272
469
148
431
101
263
380
75
258
142
341
374
478
486
359
242
276
156
91
73
92
1
388
211
170
132
179
279
198
441
296
263
87
379
290
197
150
171
200
251
82
34
31
336
232
56
60
36
273
491
262
387
485
92
217
237
101
221
182
95
466
308
159
438
467
124
251
64
416
142
31
261
288
467
116
315
458
437
334
54
70
67
270
179
434
483
407
348
36
239
323
438
50
404
416
395
445
100
299
111
204
439
357
410
145
316
81
366
230
417
7
152
94
245
155
66
199
390
482
160
267
389
369
199
311
466
131
50
464
324
73
490
398
265
346
249
276
311
290
271
313
469
264
56
289
89
383
102
135
318
382
435
291
93
289
224
145
440
224
330
357
112
266
364
478
42
195
438
305
222
378
21
139
347
350
473
263
90
389
12
39
253
119
171
167
16
346
20
20
140
23
475
82
332
173
390
280
393
402
130
129
393
193
239
412
373
31
116
21
45
423
495
443
137
186
428
47
269
249
442
399
77
336
386
297
203
163
189
59
451
64
140
451
1
240
227
215
342
369
43
82
277
150
461
239
429
481
309
308
321
177
492
28
27
315
470
185
410
403
375
188
242
393
257
171
114
115
415
465
98
167
317
279
311
21
413
439
209
381
98
109
264
103
172
489
206
120
152
231
204
378
269
195
44
197
40
129
168
445
228
90
166
304
83
402
259
424
186
282
245
234
172
58
113
194
463
479
415
355
491
381
342
236
459
192
56
292
33
294
2
379
242
294
168
86
252
305
493
61
306
425
22
145
142
155
229
251
153
445
236
8
35
322
140
148
357
462
190
319
453
65
313
464
286
197
310
135
469
483
124
165
335
160
418
36
461
397
212
282
246
53
227
424
305
135
326
242
203
402
350
100
211
466
460
245
5
114
366
141
429
185
249
182
387
494
55
152
200
230
269
166
470
69
27
369
248
57
455
139
153
304
156
352
472
418
100
377
322
158
458
499
124
465
315
304
256
337
251
133
71
453
117
495
101
58
36
376
88
345
68
487
370
48
216
176
7
468
97
73
52
33
93
325
351
325
367
458
83
3
224
436
435
455
444
374
259
52
14
49
238
322
428
413
224
82
195
6
361
180
207
176
303
95
307
494
29
161
189
441
308
181
270
419
67
134
109
115
407
138
225
