1500 5
0
1
0
1
3
3
5
0
2
3
2
10
9
10
6
3
12
5
11
17
5
2
6
19
11
21
17
20
15
12
4
26
1
3
28
17
35
9
36
34
39
38
7
25
39
2
41
34
4
4
42
48
31
16
26
24
49
17
3
17
29
54
51
49
28
28
57
56
49
67
34
36
57
5
27
18
56
6
58
36
64
24
30
49
79
46
80
21
72
47
84
50
28
75
92
52
91
96
56
44
25
29
8
10
103
23
86
8
44
96
97
7
20
70
64
96
82
56
52
24
39
108
102
74
19
83
5
77
40
125
10
112
58
73
55
38
34
108
103
115
20
28
123
61
134
86
73
6
76
22
35
116
59
31
28
38
97
53
137
79
99
23
143
105
91
80
21
142
139
131
138
105
119
43
131
108
92
75
115
95
29
129
51
36
146
175
100
90
184
35
102
61
150
48
118
103
30
115
38
21
186
45
46
80
1
85
163
87
171
118
121
43
92
31
158
7
101
81
135
145
200
157
8
17
124
125
83
146
139
130
35
63
76
91
7
193
147
108
167
2
46
72
232
85
14
4
157
126
103
223
234
64
125
55
108
0
55
86
222
197
231
10
139
105
143
86
202
107
127
28
107
225
118
212
44
94
233
48
192
102
112
278
218
207
242
213
131
93
91
80
147
80
276
123
6
93
295
5
254
71
133
279
95
217
72
136
279
166
91
261
308
300
300
209
181
1
128
209
236
252
219
294
216
101
123
165
238
161
81
268
296
117
25
256
128
188
95
41
127
336
311
109
243
186
307
170
229
215
234
56
60
17
113
46
242
38
33
145
98
279
187
154
130
156
157
339
162
256
89
264
137
369
82
96
288
14
327
115
292
157
328
340
222
240
7
315
377
315
115
65
228
365
197
44
269
121
26
254
386
24
161
184
249
300
197
191
12
131
133
255
178
146
291
43
24
45
113
11
305
370
117
86
323
318
337
368
109
320
149
295
365
24
18
88
408
138
300
6
73
77
251
378
227
131
59
255
433
157
432
66
181
153
264
153
177
343
15
342
179
372
89
32
33
356
188
192
349
435
83
353
193
313
236
127
207
200
167
392
309
307
179
97
427
232
445
375
213
106
19
189
127
6
470
195
229
464
337
169
112
195
92
162
454
81
196
97
51
384
396
299
162
4
31
39
469
117
128
123
24
237
13
171
455
225
273
461
156
321
125
365
185
85
90
181
376
379
495
32
47
116
318
376
202
161
172
16
386
354
150
139
90
378
46
25
134
55
280
428
465
217
78
300
131
258
322
321
488
218
7
89
344
360
345
75
427
289
45
392
540
287
310
434
541
559
366
88
255
510
227
30
213
94
289
414
583
69
10
420
504
282
541
573
347
43
207
214
490
279
66
575
344
98
398
146
575
375
461
12
534
618
358
291
459
67
133
255
356
319
358
16
177
159
206
109
78
2
449
541
345
56
300
137
168
73
466
287
206
182
246
612
244
160
302
641
381
444
509
220
185
320
316
279
612
245
2
408
585
640
513
484
576
278
425
134
61
308
608
387
607
633
652
500
255
368
476
537
2
621
658
83
687
483
154
617
83
152
327
419
598
59
528
520
16
647
357
237
208
644
37
643
16
490
528
350
223
34
295
637
712
443
478
631
161
30
168
421
234
389
495
41
655
508
111
379
195
734
620
42
498
585
274
619
518
663
366
686
281
405
245
501
468
200
155
569
422
10
735
319
299
495
74
504
546
246
522
593
223
623
127
734
665
607
691
317
269
739
619
350
559
230
483
439
556
330
699
247
102
762
534
55
370
17
396
29
19
99
606
113
556
495
655
119
623
29
335
3
759
178
732
279
573
224
733
787
664
212
471
70
140
796
570
713
198
570
80
203
142
16
88
694
470
720
700
705
245
772
745
493
837
488
52
793
355
505
98
312
822
730
332
780
10
652
177
603
83
411
476
186
839
848
633
124
340
584
548
706
203
472
502
438
120
217
225
403
41
754
163
110
737
176
838
1
863
220
408
332
549
785
709
7
500
1
9
726
748
522
355
850
47
856
328
133
407
209
321
824
846
526
632
162
339
363
853
29
825
874
610
738
767
465
725
110
310
36
114
4
286
489
721
633
403
777
352
596
734
69
203
357
820
479
472
883
552
349
594
512
605
350
187
453
530
45
0
656
364
844
452
146
462
60
246
118
514
938
345
938
369
760
656
915
553
670
250
28
89
156
666
781
16
90
97
903
598
675
565
917
686
147
638
703
639
116
883
402
138
640
756
546
122
254
272
732
532
214
603
8
76
202
301
918
639
372
737
398
676
982
382
905
132
878
53
933
34
768
727
287
472
67
962
244
37
763
983
677
344
424
427
227
1014
93
855
118
275
812
619
406
419
530
850
227
600
160
549
983
360
423
716
951
390
986
93
835
248
419
977
395
653
380
461
762
943
729
934
666
86
1016
1004
968
453
867
655
103
265
502
362
160
198
521
1008
315
1050
915
898
230
512
634
491
615
770
913
273
853
394
608
254
399
310
338
444
50
364
198
432
182
912
312
995
332
130
418
171
675
39
227
953
249
997
357
645
1044
133
409
946
979
881
791
236
908
1017
486
647
758
999
566
201
386
748
1137
476
1111
889
997
158
1116
684
673
157
780
397
294
547
780
159
425
995
232
82
1075
158
1035
873
894
290
244
144
334
810
401
973
587
71
90
757
198
991
793
513
899
704
1091
862
1067
767
784
639
772
448
145
785
455
431
1179
1016
1203
477
802
401
1060
821
228
608
311
1107
333
573
1210
237
660
576
478
309
358
931
711
654
885
873
1104
644
259
610
823
889
323
906
928
1098
901
328
1131
161
173
903
688
787
152
1035
691
166
572
479
125
1100
862
399
990
769
630
1023
897
413
722
124
871
78
1248
793
95
605
733
305
583
185
1001
483
1064
255
1091
379
807
272
231
647
537
1120
217
175
1221
254
388
371
249
426
1190
754
1083
991
803
217
69
1299
1110
996
221
719
678
379
1195
116
500
445
777
1186
639
264
554
1113
619
621
94
1135
1035
53
98
515
63
905
951
543
722
1015
570
1248
410
687
1199
871
821
947
423
578
827
23
461
96
1150
580
111
1348
136
797
711
551
480
1335
612
899
509
1341
464
207
796
207
397
1186
407
1184
795
1053
955
396
946
113
1045
1234
7
457
1210
605
369
893
233
995
291
86
1154
775
313
640
1189
1322
536
1178
708
241
203
547
940
193
60
763
122
1321
204
1128
162
966
1227
357
98
1289
1136
764
46
729
62
19
874
784
3
768
891
272
1365
1361
113
639
443
1120
319
921
1166
996
1275
579
1211
690
96
461
1197
417
634
673
1187
818
202
6
956
21
605
521
1274
926
143
1199
170
1321
626
1244
879
495
1009
804
237
1092
845
323
349
1200
19
412
834
408
73
1377
347
473
1122
460
273
247
158
1004
1460
258
771
1336
1275
1315
209
719
520
414
275
506
1045
628
707
234
