500 1
0
1
1
1
1
5
5
2
4
4
10
0
0
11
12
6
13
5
17
2
13
12
19
12
8
7
18
5
9
10
15
1
25
21
7
32
29
14
22
12
34
13
1
10
0
20
4
6
44
38
19
12
9
17
20
51
5
3
23
46
39
25
7
42
37
55
13
14
30
46
9
71
47
55
61
43
39
1
76
0
49
8
80
51
51
71
55
44
79
25
80
24
68
15
41
88
72
76
72
38
83
94
88
69
17
9
49
75
64
35
44
23
98
21
71
77
45
21
24
33
14
99
87
71
104
103
108
84
110
93
0
36
51
131
58
50
80
72
131
38
20
47
31
109
66
22
62
140
140
32
18
110
20
135
23
11
137
50
84
93
72
81
108
40
47
63
40
25
132
3
55
128
157
117
36
166
85
124
158
174
60
124
12
0
21
138
67
76
96
186
119
166
173
70
4
186
131
178
32
63
112
14
198
201
102
103
176
199
188
17
84
92
63
139
130
115
159
83
218
74
169
141
97
184
181
204
166
22
136
85
205
55
163
164
109
5
201
70
162
132
231
171
147
123
155
60
24
218
62
6
123
81
160
176
45
14
100
187
175
152
70
84
85
134
138
26
84
184
136
78
32
208
6
207
26
154
32
140
142
225
247
23
155
62
124
170
65
9
191
214
144
224
179
6
178
192
184
275
206
198
54
12
144
303
278
36
86
96
269
33
19
29
244
190
8
251
32
36
3
16
168
32
257
294
266
130
178
207
270
11
192
244
134
77
164
279
273
308
198
331
108
260
60
122
36
122
189
9
196
212
67
272
70
131
31
302
355
160
186
314
108
222
18
344
162
193
206
169
170
235
71
217
174
346
371
179
186
160
350
280
350
56
218
110
185
63
113
168
198
347
169
27
60
184
208
167
160
61
258
91
312
226
70
204
350
155
106
381
194
326
76
13
398
211
333
142
178
23
227
213
332
271
67
414
194
99
319
277
404
135
118
129
228
81
372
311
98
302
392
99
271
355
288
118
255
434
55
339
343
18
27
55
383
149
246
336
360
26
103
175
227
79
41
414
145
312
333
353
258
437
420
34
76
281
331
292
103
269
360
129
193
448
398
99
420
116
381
37
444
469
211
39
176
230
142
39
293
82
372
