1500 50
0
1
2
3
4
5
6
7
8
9
10
11
12
13
14
15
16
17
18
19
20
21
22
23
24
25
26
27
28
29
30
31
32
33
34
35
36
37
38
39
40
41
42
43
44
45
46
47
48
49
50
51
52
53
54
55
56
57
58
59
60
61
62
63
64
65
66
67
68
69
70
71
72
73
74
75
76
77
78
79
80
81
82
83
84
85
86
87
88
89
90
91
92
93
94
95
96
97
98
99
100
101
102
103
104
105
106
107
108
109
110
111
112
113
114
115
116
117
118
119
120
121
122
123
124
125
126
127
128
129
130
131
132
133
134
135
136
137
138
139
140
141
142
143
144
145
146
147
148
149
150
151
152
153
154
155
156
157
158
159
160
161
162
163
164
165
166
167
168
169
170
171
172
173
174
175
176
177
178
179
180
181
182
183
184
185
186
187
188
189
190
191
192
193
194
195
196
197
198
199
200
201
202
203
204
205
206
207
208
209
210
211
212
213
214
215
216
217
218
219
220
221
222
223
224
225
226
227
228
229
230
231
232
233
234
235
236
237
238
239
240
241
242
243
244
245
246
247
248
249
250
251
252
253
254
255
256
257
258
259
260
261
262
263
264
265
266
267
268
269
270
271
272
273
274
275
276
277
278
279
280
281
282
283
284
285
286
287
288
289
290
291
292
293
294
295
296
297
298
150
211
240
118
134
94
226
275
69
262
296
176
131
236
215
52
130
167
200
54
297
145
32
92
148
203
115
148
229
274
8
204
26
199
262
201
33
91
4
79
233
35
53
13
31
89
38
244
237
28
158
115
27
246
17
39
216
215
178
72
212
65
250
245
140
9
153
8
176
189
120
290
21
96
298
218
83
207
289
44
224
0
260
6
295
182
74
227
229
245
202
272
138
216
266
209
18
237
87
60
190
20
107
93
297
104
154
122
179
184
27
269
113
181
283
168
140
81
100
89
289
56
104
216
250
103
28
243
186
56
44
225
27
8
57
182
193
56
126
151
188
194
294
25
299
219
226
177
35
211
103
255
278
221
58
227
181
226
196
102
222
153
18
190
284
285
74
179
129
94
133
33
26
274
12
242
81
288
81
272
20
140
98
251
34
267
14
70
178
201
225
177
77
100
223
184
141
291
281
70
153
141
39
234
40
72
181
114
285
23
29
58
165
108
123
272
156
154
199
213
30
103
213
297
23
266
7
31
21
249
0
177
221
86
16
228
139
244
7
7
54
197
73
30
289
26
172
14
3
131
126
155
229
146
261
207
31
203
0
178
45
17
101
99
130
147
89
275
234
22
124
168
284
248
77
17
230
120
50
129
289
122
206
269
178
12
120
260
187
25
208
290
20
197
96
137
158
60
165
188
133
222
90
1
278
152
181
263
148
0
97
233
165
141
39
131
37
178
45
179
126
122
202
151
299
211
167
193
206
104
252
31
190
24
290
95
206
36
222
64
60
88
220
195
70
130
265
220
27
232
39
7
32
110
266
116
273
53
164
5
34
279
3
84
103
51
115
56
223
112
171
207
66
70
212
217
158
41
265
21
96
234
127
55
217
212
57
106
215
12
193
191
3
122
161
274
280
9
24
174
233
181
244
149
209
35
129
265
184
73
194
78
59
132
33
32
261
272
298
221
76
240
224
93
71
260
210
126
50
228
108
203
44
54
178
49
274
167
235
226
40
70
28
162
13
146
205
151
180
223
297
64
81
161
153
82
43
265
298
132
228
121
132
101
280
163
208
112
268
258
18
56
30
17
296
278
97
288
2
61
162
64
194
228
262
95
70
98
160
86
14
131
243
89
260
35
61
169
30
2
87
172
133
35
90
85
64
202
47
238
113
64
219
36
202
189
206
278
73
118
256
135
213
224
58
42
39
178
31
227
116
98
181
241
242
40
136
294
22
201
293
39
98
114
167
142
40
174
189
234
111
40
4
154
171
190
266
173
87
88
146
286
255
1
75
200
158
165
203
273
50
72
44
69
201
122
122
130
136
72
68
238
112
218
277
98
136
179
15
86
158
175
30
241
42
87
124
119
216
248
241
66
250
30
223
230
90
144
20
37
231
182
63
200
224
99
137
108
289
69
56
41
157
241
171
297
261
168
197
8
203
60
217
203
168
260
35
56
88
281
201
142
72
42
241
174
18
55
162
98
273
196
94
146
220
112
142
101
204
83
257
125
274
5
296
231
16
62
243
289
96
55
221
30
175
93
2
254
47
34
187
63
68
49
132
108
118
107
69
105
132
172
166
212
110
247
168
119
124
260
261
26
74
212
177
268
136
258
163
70
199
92
123
228
91
32
86
105
157
34
217
254
76
161
128
126
183
143
110
265
22
69
17
243
78
26
111
36
36
203
280
291
170
253
16
112
49
196
45
239
107
18
166
127
80
228
240
159
45
291
202
152
233
266
188
76
127
163
228
283
70
201
84
289
140
242
164
248
290
191
33
24
120
269
221
88
241
193
89
239
279
105
88
213
193
150
245
77
251
58
36
65
2
271
112
20
200
198
177
131
38
282
41
206
98
285
108
214
70
82
224
226
234
280
52
203
247
194
13
46
152
284
264
80
1
107
119
200
247
273
46
125
14
288
194
66
132
233
236
185
71
217
185
296
58
52
147
151
6
262
12
226
202
67
278
178
262
242
274
93
73
39
111
99
233
31
187
256
189
161
122
123
189
274
139
61
67
49
87
20
138
265
249
211
115
249
0
11
77
7
164
130
262
296
87
4
196
264
125
260
130
105
260
123
258
227
138
32
229
175
69
294
75
44
241
95
125
48
120
22
238
120
178
5
153
284
180
45
161
110
256
250
174
25
220
126
44
58
228
63
7
194
45
258
142
91
151
168
130
210
295
151
206
154
71
248
3
152
265
153
198
70
274
210
295
266
228
206
67
135
218
36
186
187
12
39
6
286
175
292
211
114
262
211
256
16
92
17
108
211
102
280
134
152
22
104
203
118
78
195
121
287
122
197
110
77
164
142
11
232
287
104
219
156
215
209
268
131
297
70
120
164
135
155
74
263
138
168
167
147
192
99
144
122
200
104
139
156
123
254
206
57
100
68
209
169
72
37
234
203
61
116
295
81
244
217
264
76
130
93
231
216
28
85
99
8
215
290
224
0
151
135
134
259
189
120
16
227
236
124
43
108
100
295
64
10
153
247
42
211
227
177
107
37
68
282
291
180
4
207
206
169
74
186
107
64
147
268
245
120
254
133
238
85
291
67
0
161
190
240
199
179
65
26
55
262
46
64
126
223
202
39
129
251
18
235
125
136
289
164
296
3
276
101
228
266
66
196
99
39
287
20
68
61
247
173
70
55
41
3
254
289
138
290
21
199
109
128
209
5
244
252
105
43
93
195
143
277
44
50
257
17
256
292
0
285
38
282
233
193
