1500 15
0
1
2
3
0
0
5
1
8
0
10
1
1
0
4
6
4
2
5
18
1
8
3
8
3
1
20
22
23
28
25
31
3
28
27
8
36
25
3
30
8
29
41
21
41
34
46
37
24
6
33
15
44
44
18
14
37
55
43
59
10
3
40
27
55
44
40
3
22
53
18
11
17
35
1
41
53
41
22
40
29
35
21
26
37
23
38
74
33
84
2
63
82
53
45
24
43
75
1
66
80
52
63
31
63
46
71
65
48
50
98
45
52
88
33
106
99
102
67
24
7
41
107
113
41
78
65
83
68
67
69
85
73
68
83
56
120
93
67
126
3
35
110
54
25
27
28
76
30
147
130
52
120
15
64
134
77
118
15
51
65
118
81
111
74
74
58
48
82
53
122
168
118
142
161
56
83
59
49
127
81
138
42
154
68
72
162
13
107
52
80
8
191
71
110
152
184
138
162
181
97
155
119
26
30
30
89
39
12
96
9
44
111
100
100
206
202
116
24
215
141
166
147
219
129
55
16
42
13
95
118
25
221
179
30
229
106
55
36
23
93
228
96
78
46
77
160
60
208
174
36
75
60
92
200
150
111
116
4
6
170
156
162
242
77
159
36
112
106
3
79
253
139
123
73
66
42
3
131
24
134
43
85
106
258
10
241
78
254
238
54
178
92
10
148
11
36
228
203
155
280
147
32
203
89
247
204
148
115
149
238
6
186
15
96
8
130
295
125
55
171
118
227
126
91
304
146
183
48
169
305
224
154
156
91
6
172
278
121
47
170
91
103
195
302
135
29
44
174
314
258
174
102
167
272
141
264
181
97
196
318
344
137
24
288
268
5
163
241
77
281
139
339
363
308
9
321
22
4
350
1
235
205
120
206
60
164
324
95
57
378
261
186
287
372
26
45
347
34
132
191
221
177
313
134
377
295
357
280
16
161
291
106
343
4
122
387
101
7
39
379
82
128
46
408
36
86
243
100
336
32
190
19
67
263
77
336
293
328
243
221
231
158
231
15
302
388
214
391
368
392
448
149
417
287
306
47
107
242
434
282
281
418
278
236
435
161
326
337
35
216
440
51
228
160
269
94
100
130
18
260
142
118
318
74
89
464
223
83
456
7
69
69
349
255
462
450
149
215
109
280
146
18
6
373
320
260
158
440
214
466
40
334
118
312
111
276
152
135
360
452
496
112
92
386
360
392
156
72
257
76
249
375
508
97
26
13
373
112
357
195
69
364
534
475
60
380
151
231
256
179
401
332
322
438
168
231
506
428
66
64
536
45
418
155
501
153
537
106
278
252
395
151
499
246
166
546
125
314
279
67
577
306
382
180
212
373
357
255
236
582
550
486
458
83
366
507
562
284
325
594
12
448
515
381
356
148
262
604
227
61
487
504
392
99
51
263
560
30
150
406
27
540
43
447
179
343
346
569
603
289
300
172
95
297
578
175
537
506
88
632
417
438
446
250
356
556
348
464
18
194
115
621
67
556
324
201
229
632
641
305
60
505
264
125
277
574
311
437
88
376
482
148
38
308
300
156
285
395
557
367
352
371
1
39
188
153
343
509
167
358
577
220
409
522
63
444
301
344
451
402
341
58
679
620
613
324
42
40
223
98
74
489
602
652
460
274
221
415
279
244
235
488
630
299
468
84
139
141
250
179
529
18
663
261
267
286
623
683
508
76
483
582
287
526
691
330
71
542
366
506
631
374
423
275
29
725
391
457
354
739
198
648
478
84
433
36
497
298
56
685
329
387
723
221
392
698
252
392
131
761
740
703
621
173
716
644
245
665
632
563
415
466
644
751
761
314
85
250
31
147
526
210
786
737
409
16
306
18
777
618
619
197
487
691
348
758
309
255
347
648
565
30
269
576
783
169
595
784
461
563
24
333
335
540
254
192
726
121
719
249
810
568
820
209
457
124
344
156
379
512
579
76
138
637
626
469
791
595
92
821
243
585
64
276
256
380
706
375
429
450
412
474
252
96
761
233
289
10
357
541
547
505
348
863
771
38
193
388
544
501
239
258
286
209
507
128
31
314
801
137
824
777
149
600
344
475
283
343
103
844
470
746
712
327
98
311
914
108
62
849
745
535
148
255
213
763
268
831
553
573
808
422
815
19
247
731
29
761
213
491
226
258
273
516
491
482
354
381
698
65
372
594
373
214
545
389
172
807
953
177
357
892
118
857
139
762
748
611
593
469
596
67
133
554
665
747
229
495
156
667
35
482
889
754
634
514
615
663
969
469
229
406
311
782
460
864
835
806
513
315
934
81
371
516
452
635
482
110
374
679
35
830
353
620
240
526
192
373
648
372
431
669
485
404
137
542
589
378
751
37
275
891
479
1001
875
770
863
610
0
862
795
829
300
470
373
677
645
54
136
784
160
437
685
920
138
894
1022
189
626
574
801
383
420
375
135
954
220
617
948
284
87
1032
34
397
698
446
654
632
812
229
75
456
530
67
379
696
267
18
591
612
99
347
210
191
209
594
1060
807
444
851
234
214
219
520
734
644
150
8
272
905
193
115
72
1020
323
642
443
1003
860
878
818
30
63
1024
136
886
591
555
382
328
310
855
1110
395
224
95
1132
70
383
484
175
70
1008
432
579
43
846
363
863
617
479
299
176
59
310
217
659
522
272
123
168
910
440
1032
1134
1019
619
337
680
93
714
703
610
194
109
1171
742
1053
204
163
528
694
729
298
234
1146
1037
1095
612
767
858
927
521
855
959
704
996
785
126
993
301
496
382
896
631
827
596
677
88
921
452
212
795
736
14
996
632
187
204
879
1140
943
1088
646
388
216
550
417
1188
382
1102
843
1096
738
784
1026
926
124
1017
365
908
600
539
170
2
43
66
50
1050
672
718
134
673
835
261
410
445
107
565
989
1217
7
1231
589
17
117
555
808
872
454
176
1210
1180
540
729
559
1019
379
1209
60
743
769
692
743
1091
117
1271
1154
1096
282
982
411
870
355
182
939
144
579
1248
1073
1058
921
1013
1247
301
58
281
1122
1115
918
952
1131
962
1065
501
1227
756
1288
1248
19
1022
871
370
1190
347
457
437
813
1080
372
835
1039
1220
939
197
647
1106
187
371
1213
689
30
257
360
7
823
802
456
1293
436
1310
339
828
270
1215
30
1173
983
897
819
1159
572
883
532
966
608
34
265
998
26
980
495
121
713
825
571
887
453
186
109
697
274
340
1295
570
683
161
399
14
1260
1310
487
674
721
1152
922
1025
176
249
970
1334
1286
1248
538
869
488
517
275
13
380
250
1332
462
687
1006
1370
574
1025
567
489
316
208
689
1390
742
718
1407
22
353
7
1414
646
251
1196
206
1411
1171
297
967
635
653
71
289
1064
1352
1272
1135
825
14
928
258
720
8
921
380
1092
975
1200
212
135
395
962
286
1335
1166
845
938
464
536
794
101
636
811
364
640
1268
1268
996
469
984
40
251
382
555
192
105
325
122
94
712
1214
53
1063
784
211
654
736
81
