1000 10
0
0
0
1
0
2
6
6
0
7
3
2
12
11
9
8
3
7
10
12
17
14
10
3
4
4
9
6
10
9
18
24
20
19
25
16
15
16
2
26
12
30
15
22
15
42
14
29
26
41
22
20
23
29
17
48
46
38
15
20
40
1
31
28
35
11
52
38
33
69
67
57
32
32
10
46
75
76
68
5
23
7
46
8
35
16
41
41
18
56
49
91
7
28
21
71
56
20
59
23
65
41
21
14
48
68
28
82
57
60
64
20
90
88
102
46
12
27
2
76
24
93
90
16
16
15
55
10
20
120
36
18
14
90
86
135
71
16
107
73
65
131
6
127
93
13
90
147
46
70
108
92
11
22
118
106
123
45
139
102
4
40
91
19
81
34
13
159
131
57
145
80
111
159
67
170
88
38
101
145
160
120
159
173
135
83
130
150
115
60
74
175
141
109
108
183
52
163
92
90
125
169
139
74
77
108
153
169
65
181
124
108
10
192
174
51
166
104
22
96
134
92
104
14
75
81
217
29
42
159
162
100
94
64
10
172
68
218
21
128
185
203
223
99
13
158
114
177
150
244
29
31
72
205
132
175
168
106
164
239
84
118
107
184
166
26
43
49
171
26
78
132
22
33
249
223
23
30
172
141
75
86
164
119
137
50
78
157
118
203
196
122
95
125
133
116
215
67
9
70
77
187
167
215
54
238
209
36
265
47
304
226
171
114
241
173
179
184
255
214
278
223
278
52
269
296
246
243
58
45
79
290
314
167
225
190
50
324
338
88
270
223
204
220
311
79
38
309
315
217
289
117
157
14
94
245
54
83
160
129
160
317
186
178
122
316
105
94
171
41
69
122
297
194
356
351
132
262
18
338
281
316
309
126
216
242
311
172
106
185
184
10
111
72
164
246
183
282
317
57
399
112
131
236
342
86
303
39
331
257
82
373
229
227
58
180
57
176
139
26
106
192
50
314
114
59
60
121
307
304
374
116
275
428
305
18
127
31
289
232
121
142
418
269
137
196
155
349
75
299
149
306
44
292
269
245
416
196
292
171
46
35
461
356
214
159
346
309
46
185
216
318
272
150
126
11
237
214
7
476
210
388
478
281
112
129
299
415
216
207
346
221
172
355
480
475
98
185
468
157
431
496
249
165
112
466
447
194
65
465
452
338
289
111
48
338
179
49
461
229
327
338
171
271
478
450
453
47
21
195
181
41
443
384
165
162
196
284
107
387
470
252
114
236
328
52
28
482
234
402
374
1
121
204
412
544
287
189
354
322
190
412
489
117
427
179
80
559
55
162
294
153
70
44
548
133
27
94
168
32
242
379
206
0
440
466
260
552
161
59
11
330
113
295
58
270
527
299
43
481
525
293
140
333
18
68
45
292
597
70
589
345
185
326
193
438
486
157
374
180
567
196
194
170
507
326
263
156
86
82
88
540
307
376
536
446
300
69
162
270
578
121
436
268
328
609
492
431
500
315
502
148
168
360
453
37
328
351
621
106
560
333
415
28
41
523
483
445
49
444
169
69
617
553
220
462
525
63
543
360
115
414
492
283
572
430
547
193
484
521
238
397
423
366
457
406
132
659
31
350
525
622
502
462
690
42
508
623
69
342
339
187
309
56
495
454
287
456
0
112
33
363
67
388
669
647
386
324
303
241
12
320
379
338
490
269
529
306
375
658
215
356
97
101
355
391
74
148
514
716
316
328
373
185
657
532
249
223
432
339
484
457
749
363
210
705
205
358
759
434
12
635
141
638
481
211
347
183
709
34
759
23
556
60
449
373
85
104
565
257
87
512
409
358
634
636
15
318
22
638
516
203
177
775
217
297
772
439
286
587
6
683
390
286
454
768
742
653
117
425
127
95
658
253
467
428
681
699
383
675
261
503
162
330
255
578
520
639
317
447
657
496
246
784
177
521
438
24
611
743
265
122
293
675
371
344
763
807
473
55
686
692
201
726
93
546
206
843
92
648
366
773
313
164
430
280
23
684
76
135
110
29
559
660
115
851
326
883
201
271
242
61
858
777
411
544
396
269
756
751
377
469
775
510
662
573
905
68
769
758
546
595
62
366
544
911
819
728
441
548
497
760
155
772
164
511
788
887
378
179
463
793
705
817
120
495
638
570
2
80
651
759
266
895
436
935
371
730
192
517
542
21
207
584
666
401
405
413
197
704
207
176
360
957
932
684
854
211
471
808
726
303
591
460
378
863
861
842
504
333
470
322
217
548
506
710
222
375
407
394
691
416
438
479
303
261
346
790
346
