1000 1
0
0
0
2
3
2
1
0
0
6
1
4
5
12
14
7
8
16
3
14
17
15
7
3
15
10
17
9
19
10
27
9
5
3
18
23
22
5
12
1
19
40
9
21
42
10
42
46
0
8
22
38
42
18
39
47
48
47
41
7
41
33
19
39
10
32
26
43
64
57
39
69
63
5
7
40
26
23
73
48
9
31
30
28
78
10
34
82
43
23
52
65
37
75
69
37
51
71
42
61
68
38
79
65
75
7
53
42
20
75
7
19
98
106
40
33
17
23
8
89
78
79
115
67
27
22
52
27
46
73
61
83
117
9
33
99
135
65
110
4
40
124
65
141
27
143
138
105
3
92
97
95
5
20
5
52
130
40
94
138
18
120
68
133
98
50
149
70
75
102
100
169
3
66
107
97
131
125
131
144
92
8
33
65
34
40
42
17
56
99
53
29
185
154
109
89
170
179
168
119
95
97
46
148
79
11
176
132
178
60
91
93
201
77
50
17
212
178
184
34
94
21
195
64
172
16
57
93
64
120
4
153
157
10
153
16
10
167
134
217
23
119
73
86
13
60
105
37
101
60
191
190
9
132
6
79
91
104
72
171
54
180
218
136
80
181
139
2
254
22
205
20
116
237
12
125
100
146
192
160
3
239
145
263
134
150
273
263
276
18
173
205
210
25
274
192
181
275
74
262
231
36
175
265
44
133
274
259
14
261
143
247
110
6
81
187
57
225
85
115
65
67
236
43
318
146
259
142
126
325
18
163
296
329
137
204
28
27
270
339
269
35
294
229
262
203
80
7
13
343
300
63
221
254
148
15
267
353
184
253
254
127
326
134
20
169
359
178
81
354
322
15
336
138
51
270
158
27
91
267
217
6
103
111
309
265
225
255
361
192
162
121
59
75
192
212
270
255
73
46
399
61
92
117
356
202
106
46
364
348
363
310
225
83
41
168
149
330
346
320
151
220
60
286
194
254
380
347
37
9
154
229
35
389
30
318
15
108
123
362
199
26
192
153
8
408
429
141
203
0
70
202
261
381
305
201
149
269
375
91
449
180
327
265
319
360
214
458
128
173
307
61
133
238
432
28
213
30
390
34
281
273
298
161
135
124
479
301
308
365
487
386
482
92
285
448
98
408
417
436
449
429
438
83
457
503
351
255
391
223
394
138
142
321
461
16
278
409
291
30
85
306
256
354
23
396
141
414
145
68
458
133
235
87
492
224
8
280
296
130
425
180
240
494
215
299
392
496
238
470
253
185
551
541
58
320
347
508
297
453
85
136
262
170
93
160
478
297
316
48
493
148
210
487
552
300
449
59
76
113
550
533
448
417
20
552
316
4
501
85
237
571
585
326
502
444
79
532
19
249
101
316
217
551
57
575
456
43
420
506
436
351
70
599
57
426
468
116
302
461
4
0
607
435
187
338
401
406
353
366
50
60
465
63
385
369
11
289
396
237
175
560
546
258
627
638
276
368
143
483
176
33
195
171
48
226
154
552
298
619
353
302
472
239
440
318
444
490
514
607
412
568
307
108
341
85
112
129
29
224
196
466
186
258
659
480
21
522
207
383
373
94
471
200
387
549
102
94
472
252
254
291
552
336
0
558
326
121
290
405
654
381
113
331
695
217
241
289
99
145
235
131
147
640
1
403
305
122
669
724
74
697
518
63
26
119
21
23
361
2
319
358
359
595
407
378
104
722
38
16
589
346
391
48
408
549
583
521
121
274
13
245
182
346
630
699
629
627
392
734
720
384
214
292
84
615
162
264
724
240
651
505
636
762
175
169
139
548
496
167
188
258
225
339
791
215
601
749
250
135
642
728
206
106
471
327
156
44
39
264
537
588
373
168
321
660
102
458
685
415
15
665
382
149
208
337
324
356
638
139
603
312
537
650
631
618
227
497
674
542
110
745
52
598
770
265
566
28
708
26
527
252
763
613
545
55
597
315
729
460
597
208
75
168
739
241
697
714
47
688
587
233
378
870
634
830
797
700
507
182
95
305
866
812
523
529
621
229
511
47
48
493
645
731
644
509
555
204
322
18
703
524
860
282
820
123
121
676
521
490
799
519
791
852
1
94
195
551
471
458
888
32
289
917
634
900
393
475
542
746
883
736
447
691
846
836
30
534
732
243
438
430
919
130
829
341
302
668
845
261
75
458
449
688
395
792
214
952
191
292
177
828
402
514
306
609
804
139
944
404
396
465
291
456
906
715
28
481
950
344
469
180
508
9
604
87
119
668
99
816
886
510
570
316
529
173
261
176
33
