1400 12
0
1
0
0
0
5
2
0
2
8
5
9
3
5
10
5
10
7
5
6
3
14
1
20
21
12
5
16
13
5
8
9
23
5
15
29
17
15
2
21
15
18
1
39
15
33
32
25
14
5
13
19
51
25
21
0
33
6
51
55
40
8
53
46
7
31
32
33
10
48
49
53
50
68
29
56
33
17
39
49
43
7
7
15
4
16
69
50
6
82
89
91
19
7
52
80
58
61
58
23
96
15
91
21
34
21
11
3
80
37
0
85
95
13
77
24
32
27
81
50
41
83
33
71
74
26
53
11
61
50
44
11
24
70
43
2
78
40
23
97
24
10
55
51
58
7
72
12
75
80
64
68
93
44
46
72
47
64
72
72
80
7
73
20
5
62
18
94
43
8
15
34
2
98
79
66
71
18
44
47
53
93
69
8
64
27
26
98
43
51
90
49
63
93
89
47
53
13
6
3
85
32
76
62
62
5
68
50
86
90
69
10
82
2
84
30
86
53
28
88
79
91
63
49
19
81
68
28
55
45
1
32
56
25
13
56
95
83
1
55
15
16
15
69
81
15
48
51
75
93
33
31
79
64
63
8
82
33
19
14
49
55
59
9
48
17
54
36
66
76
12
81
5
31
83
48
43
68
43
77
51
44
92
43
42
82
13
19
69
76
85
26
67
59
26
10
41
95
11
96
94
12
87
68
22
71
72
42
51
84
99
78
90
77
49
39
44
4
94
0
57
63
54
19
58
21
68
92
11
16
1
30
56
34
35
1
49
9
11
60
82
29
84
53
80
28
0
36
2
60
94
73
0
85
38
70
18
25
43
89
50
91
55
59
87
24
28
75
50
81
66
45
59
45
8
42
66
78
61
81
16
5
25
45
56
71
54
71
70
51
85
67
43
93
61
42
12
52
37
33
1
33
19
71
95
2
17
42
54
2
45
96
85
38
82
36
59
28
13
66
70
31
58
37
40
92
63
68
10
76
87
62
18
44
9
35
25
18
96
55
37
77
83
22
97
80
78
70
47
24
72
70
91
29
24
63
6
51
26
17
74
74
19
11
89
91
73
20
82
50
9
55
43
50
52
42
45
36
65
7
47
68
1
48
81
8
61
9
69
63
73
80
47
71
26
69
15
32
70
32
17
62
12
21
60
17
58
94
9
8
27
91
90
71
50
19
7
34
18
67
73
39
36
90
54
95
67
5
14
71
12
32
59
50
80
92
61
19
23
63
16
81
71
79
14
5
74
72
38
49
95
58
51
92
60
87
59
34
33
29
11
98
39
95
24
42
35
15
76
71
75
33
31
35
79
46
77
3
38
59
33
43
28
81
29
69
0
34
13
60
43
79
10
75
95
30
55
70
19
67
18
2
76
43
57
66
61
32
61
1
96
36
41
46
56
83
32
82
4
48
52
73
58
34
55
26
1
73
64
9
9
49
84
91
88
61
23
73
22
85
97
18
22
2
97
55
68
38
53
92
81
9
49
53
17
46
95
74
8
12
60
45
60
26
16
83
58
69
76
66
77
25
61
38
12
78
30
98
92
14
10
22
77
32
40
20
30
91
60
47
81
22
83
36
10
80
16
44
71
13
81
52
84
36
13
65
20
79
71
23
32
77
45
49
74
90
48
21
51
10
15
34
39
84
48
84
73
9
78
45
57
46
1
62
13
87
36
92
44
26
21
74
76
36
92
56
44
71
86
22
70
9
13
82
34
65
32
83
98
80
95
99
54
75
93
26
5
28
88
39
75
59
72
46
3
0
45
19
29
50
49
5
60
26
68
8
38
86
46
26
12
53
0
97
57
13
33
50
92
65
48
53
2
85
23
29
22
0
34
15
27
64
82
51
20
0
97
23
63
35
50
1
77
89
92
28
99
48
68
51
21
69
0
86
79
77
22
30
5
56
69
91
5
61
64
16
5
31
69
40
46
87
74
20
83
58
26
42
51
32
34
81
98
44
56
19
56
51
42
12
0
76
28
28
20
24
76
32
94
75
22
1
54
27
7
75
59
2
40
78
17
60
4
20
61
51
36
79
5
62
27
4
34
32
65
97
58
38
21
11
84
81
94
9
68
79
8
50
65
24
72
45
81
92
58
92
43
72
84
46
20
19
76
47
60
80
67
22
37
98
16
73
75
67
71
49
91
46
71
5
1
96
80
86
16
2
19
17
56
53
72
53
31
2
57
11
34
57
21
40
29
77
20
86
6
43
87
83
19
57
80
91
2
46
11
70
33
20
76
79
67
57
0
27
53
26
99
13
32
61
1
2
48
87
62
58
87
64
9
87
80
96
12
70
45
50
1
28
48
62
68
77
53
68
12
61
19
44
58
45
6
22
90
73
52
84
85
64
60
74
12
84
74
82
18
16
2
20
85
16
93
98
7
45
30
58
5
54
11
92
21
59
75
47
32
36
4
95
98
10
78
1
50
10
46
0
7
83
85
85
45
19
29
94
55
9
66
83
37
62
7
29
41
11
8
8
78
95
69
13
97
38
0
29
94
2
7
94
75
29
54
20
12
92
23
10
41
55
41
63
93
70
26
24
49
52
93
6
98
7
49
69
25
18
60
19
43
59
70
59
69
87
72
69
94
27
59
24
40
85
58
83
5
70
53
29
34
44
38
79
47
95
62
36
30
72
0
10
47
45
1
92
93
81
52
72
75
69
34
90
90
52
66
70
14
20
43
95
75
22
70
25
37
20
63
86
93
57
21
29
73
21
14
4
16
75
14
25
87
2
15
88
59
44
1
3
90
66
68
95
93
1
11
87
24
89
49
7
54
9
59
62
77
90
4
25
10
89
34
4
50
85
42
72
20
41
47
8
6
20
4
16
72
74
3
88
48
27
63
2
16
0
82
0
51
33
84
77
38
27
55
66
80
10
52
24
60
47
56
5
7
65
28
72
23
38
59
87
77
24
81
0
44
10
85
88
55
81
29
44
85
85
30
57
21
61
75
32
48
38
19
64
87
77
27
85
82
79
14
81
23
63
3
68
41
18
37
48
53
3
39
59
78
82
91
75
97
43
69
73
4
6
97
10
64
9
77
27
70
82
50
23
2
53
66
3
64
42
22
18
80
26
82
26
98
44
86
3
36
48
86
11
95
10
62
84
8
88
62
95
54
91
69
2
54
53
13
9
28
57
0
92
94
38
11
25
36
69
95
