1500 40
0
1
0
0
1
1
0
7
2
5
1
9
11
9
12
3
14
8
10
11
3
5
16
5
9
20
18
21
17
8
30
13
28
9
9
30
9
2
9
6
25
28
8
33
43
19
37
41
14
10
44
38
8
53
47
1
46
32
14
24
23
51
14
46
32
32
66
60
49
53
45
35
47
24
72
52
56
22
77
65
23
3
61
33
36
48
12
79
21
46
74
9
24
23
25
36
2
63
95
49
45
68
18
51
16
1
29
48
18
38
45
13
105
38
105
61
51
109
46
106
68
15
59
64
46
70
33
116
61
92
90
25
48
50
19
114
8
39
85
30
64
91
55
66
121
102
80
1
46
58
87
38
51
7
21
16
132
146
57
150
86
73
37
15
164
51
55
35
22
140
137
1
118
150
6
50
76
168
173
110
169
127
139
7
139
6
162
25
20
138
1
170
106
186
106
91
25
149
146
28
56
106
81
134
67
156
145
66
179
194
40
163
137
49
214
33
191
160
176
16
212
107
215
191
115
1
174
194
77
205
79
64
88
103
194
184
21
151
226
70
224
223
21
237
49
183
160
104
32
49
128
129
25
201
250
180
202
64
242
64
13
36
66
91
250
126
109
9
37
91
57
195
87
149
263
44
192
267
194
232
121
21
268
275
235
43
155
97
122
127
262
172
82
248
294
17
82
80
199
213
92
287
194
299
25
131
194
166
190
217
281
133
31
123
1
247
137
111
96
309
242
62
92
107
199
285
172
230
188
166
227
277
76
153
74
244
327
50
157
54
251
331
60
315
311
341
104
4
341
147
117
283
117
74
301
128
224
160
188
14
285
164
153
245
218
91
175
224
33
108
145
174
257
200
22
86
19
294
157
171
245
274
233
87
103
257
7
0
133
267
216
237
294
194
225
376
85
365
155
148
130
98
268
222
207
57
102
346
174
331
106
159
254
382
157
333
295
326
418
66
171
75
249
63
231
4
82
426
126
347
104
261
250
238
258
291
48
238
274
195
210
318
184
45
221
112
210
97
290
86
56
39
373
78
213
289
456
41
84
84
353
224
275
310
408
365
316
169
377
147
303
37
198
242
334
460
62
70
362
55
64
17
385
370
67
72
71
397
176
76
313
354
210
195
470
490
200
216
28
259
201
178
138
180
22
430
287
145
508
192
315
54
298
495
192
396
321
410
517
480
376
34
373
11
244
401
69
231
62
100
66
10
458
192
103
373
297
192
514
91
397
117
455
409
379
157
25
521
51
75
528
150
37
63
321
236
478
311
17
15
227
430
479
5
551
250
496
210
381
154
283
451
201
562
485
109
345
12
535
19
460
423
247
204
161
377
51
56
157
75
159
520
100
428
115
397
25
428
148
520
339
183
472
405
564
487
240
180
140
17
527
437
458
104
148
252
245
406
215
223
508
7
78
437
259
160
500
245
567
208
403
99
153
267
448
224
23
68
369
48
552
310
88
141
602
135
378
395
546
528
599
235
216
88
494
153
426
112
3
178
394
277
405
384
67
139
139
332
122
328
257
230
24
397
211
379
584
542
150
294
655
165
376
317
409
404
524
602
341
243
320
43
566
286
119
625
672
404
93
58
501
331
685
90
277
379
357
285
32
127
255
519
391
680
626
368
333
457
519
475
461
323
684
53
684
219
158
156
398
378
357
178
342
584
212
209
493
475
160
24
120
625
685
11
612
286
259
514
240
530
190
272
72
257
134
587
168
98
161
411
411
702
123
451
512
698
240
13
551
695
458
674
170
87
303
599
261
293
454
135
712
343
243
605
688
447
424
626
202
773
155
196
47
76
684
114
633
556
357
755
131
383
622
343
380
193
509
429
448
245
671
156
636
810
666
245
150
620
408
209
603
799
359
585
730
263
669
718
446
798
91
552
722
101
15
326
296
679
3
395
233
501
647
20
112
168
610
30
546
373
91
381
812
343
44
616
562
782
694
740
812
32
491
366
412
111
531
392
732
252
61
459
670
748
529
160
64
700
412
683
240
54
375
818
313
605
371
787
611
29
23
31
667
774
309
523
527
295
409
492
317
667
521
467
340
289
548
380
865
527
551
64
5
340
159
475
479
163
807
912
309
514
624
520
410
702
684
97
797
208
210
335
879
889
367
790
73
874
594
95
484
508
137
497
488
543
509
424
356
94
498
873
203
828
155
494
393
867
504
86
498
921
68
844
96
661
596
199
898
817
823
605
511
722
161
82
830
526
123
634
579
511
908
836
669
658
549
630
291
637
4
716
554
972
670
204
774
716
630
740
665
453
360
0
170
508
567
695
135
195
377
309
364
546
389
828
704
300
913
727
996
809
844
661
249
909
547
794
443
574
885
344
708
715
993
997
787
179
703
693
469
50
930
536
195
557
774
765
103
693
853
186
267
729
440
335
520
161
392
687
432
975
391
167
644
337
246
366
602
14
580
974
891
247
1015
160
662
732
395
274
20
14
954
98
499
1077
388
676
411
97
949
803
213
935
885
988
726
769
971
151
932
864
586
599
17
331
727
404
367
374
729
809
399
301
513
776
84
342
638
427
267
408
601
401
238
332
279
397
235
752
752
403
1035
787
520
996
299
601
1006
1105
1140
122
715
685
163
620
366
904
131
260
685
615
1056
70
68
901
181
972
123
213
737
573
877
591
290
182
317
489
1137
990
262
1050
546
1024
759
794
29
192
284
601
225
872
147
318
450
1103
562
716
168
1069
234
680
764
1028
178
26
75
75
689
890
239
1101
960
48
502
938
905
420
358
736
1152
83
282
77
324
787
710
580
211
450
198
340
9
418
338
672
469
17
136
654
92
188
395
964
954
342
598
219
905
871
610
746
727
484
171
1123
1117
1002
477
382
154
450
723
571
626
535
335
1196
645
27
174
524
97
401
164
1252
890
61
1189
1197
1263
655
466
1036
748
1113
365
1066
409
1223
929
485
810
396
494
316
882
131
1255
312
699
137
313
421
85
990
980
1261
224
76
330
158
601
864
156
777
333
852
77
832
277
557
123
1020
173
1006
217
630
326
930
49
399
284
995
888
878
21
1240
1322
256
452
1316
1186
1066
211
214
814
16
1336
157
458
286
1304
1186
1012
203
349
961
507
671
433
136
1352
853
746
1100
578
1158
843
353
965
732
494
189
1205
323
1253
557
556
34
1267
551
202
969
828
1097
823
416
631
1107
102
313
103
1353
486
1058
87
1188
99
780
991
911
1134
309
791
830
775
825
1037
1049
246
1191
1327
427
909
1393
958
1094
1342
789
358
1200
434
290
1080
385
676
508
264
796
678
741
208
916
1173
712
1380
1167
381
672
1329
78
447
753
136
384
504
322
362
93
939
688
175
947
380
1374
707
540
894
567
257
936
1387
162
244
1398
403
1183
1056
553
309
858
328
1232
540
264
848
383
843
1400
386
914
1470
67
605
1313
852
1225
1408
118
480
679
1240
667
783
791
780
1447
58
867
641
1340
400
975
1389
907
1307
586
1224
