1400 10
0
0
1
0
1
0
4
1
1
1
3
11
3
9
0
0
7
17
11
8
7
12
3
16
11
13
10
25
21
13
9
17
11
13
15
19
9
0
29
36
35
18
31
17
39
2
1
5
41
37
44
40
13
35
32
13
49
44
8
13
19
58
61
58
61
16
26
50
27
29
13
17
9
12
17
36
25
16
12
75
76
67
75
67
54
76
44
10
4
2
55
22
55
24
57
28
7
26
98
86
45
95
5
55
55
95
36
54
57
46
25
67
28
82
8
13
16
20
42
7
98
45
44
34
17
90
32
27
99
94
84
39
19
81
50
90
17
22
23
2
70
19
37
45
2
21
99
78
12
63
15
99
61
96
44
91
65
73
17
71
68
5
11
81
93
79
43
48
6
70
64
72
35
65
84
23
64
98
81
62
50
97
68
94
85
94
70
15
93
19
92
67
55
89
57
76
12
10
26
14
17
47
73
96
26
80
19
6
37
97
57
53
94
38
54
73
26
51
52
44
32
77
32
87
8
48
68
52
47
33
4
91
8
29
20
70
14
77
90
29
51
26
15
48
9
24
61
96
35
74
13
12
39
13
58
96
39
35
34
85
34
36
84
60
85
52
88
26
56
27
28
82
12
72
83
65
58
93
68
78
10
93
77
53
65
9
93
26
92
98
33
87
42
52
87
28
82
99
9
44
99
14
54
69
9
64
10
25
78
60
88
35
97
86
36
13
66
21
87
56
78
56
76
98
51
71
53
65
21
99
59
96
28
10
31
79
42
58
43
60
32
10
56
48
81
66
70
2
67
91
93
38
15
38
27
99
15
43
89
23
27
0
71
42
18
80
40
15
59
14
17
30
20
29
42
21
98
81
19
22
51
37
38
50
6
68
71
64
93
20
24
51
56
42
99
2
49
55
29
66
68
39
34
80
59
99
59
69
84
2
52
59
59
30
40
13
50
30
30
98
94
36
66
80
40
28
73
81
14
67
6
12
21
46
77
92
44
44
54
93
27
95
48
16
6
91
52
65
0
88
70
46
16
41
94
63
43
43
0
65
40
33
58
72
14
3
87
31
8
66
41
64
67
18
71
20
68
95
25
90
24
69
78
94
86
54
69
28
81
51
28
31
4
76
45
66
11
2
70
98
6
67
9
35
12
0
57
49
90
98
88
92
23
11
78
11
37
32
27
98
10
96
89
67
17
96
81
83
31
55
75
7
46
86
37
29
82
12
42
42
91
48
41
93
67
68
42
2
52
2
31
14
14
5
47
14
47
49
48
23
16
49
31
84
41
19
27
47
24
56
98
31
12
25
28
60
33
40
10
9
28
68
18
67
24
20
14
58
3
12
79
57
48
9
73
35
11
19
76
5
20
38
30
4
52
38
12
19
36
49
71
50
72
66
60
57
89
31
83
56
76
88
33
13
68
3
77
30
6
69
51
81
40
35
5
53
55
26
33
38
46
93
3
27
60
61
40
46
22
47
69
9
79
81
47
5
80
43
63
23
76
97
38
62
61
23
6
65
78
22
33
2
34
49
28
26
33
75
71
75
77
32
72
59
95
48
17
6
97
53
92
68
73
0
18
82
20
5
27
98
4
73
30
98
91
5
5
45
90
23
76
58
47
49
56
48
72
4
66
75
97
60
2
31
36
61
6
13
79
63
63
63
2
75
41
67
51
85
62
10
84
22
1
11
16
35
85
38
83
25
79
97
13
21
39
6
57
88
7
56
39
31
31
48
15
16
41
37
20
4
59
76
22
2
40
66
60
94
83
47
31
3
84
11
16
12
1
51
1
33
61
27
0
26
45
77
7
28
19
27
15
32
28
90
40
54
53
29
7
94
3
9
13
87
56
71
48
0
10
60
83
41
35
45
85
28
7
59
91
44
35
10
53
3
10
78
11
66
37
63
45
7
12
74
36
80
4
13
0
91
38
36
8
70
38
11
48
68
84
64
50
23
92
13
56
17
68
71
10
15
96
70
62
96
45
4
36
30
32
62
71
47
19
3
78
3
42
0
40
31
96
85
93
78
47
40
13
84
30
40
18
19
10
94
89
42
68
5
6
66
39
69
7
85
90
16
40
69
10
89
28
53
7
50
79
15
12
37
36
78
20
59
34
69
90
76
60
9
13
40
26
87
54
55
34
41
28
21
24
14
99
41
74
38
65
43
88
36
50
69
92
73
34
3
71
10
21
27
81
73
18
48
34
89
81
88
33
78
28
57
6
33
69
25
36
10
2
80
85
93
22
55
31
66
20
64
75
8
50
16
17
65
96
43
32
4
99
15
24
50
1
96
70
90
83
60
59
48
19
70
30
16
47
40
68
0
82
74
5
14
74
99
1
91
8
96
12
61
25
60
80
47
85
94
93
14
22
75
80
13
47
95
5
75
67
51
86
46
81
41
94
52
41
35
79
17
97
11
5
79
71
56
87
18
80
23
71
64
94
97
9
77
41
84
36
85
68
78
83
51
88
81
92
78
79
53
0
16
11
56
87
18
68
67
9
26
8
11
26
48
14
19
3
68
43
98
35
90
38
29
33
64
75
70
63
93
39
12
4
7
54
2
23
62
81
8
96
57
95
18
9
82
7
76
38
70
81
39
97
31
82
89
97
97
26
0
14
80
34
13
19
24
94
83
28
76
5
8
63
29
11
60
25
23
97
9
85
74
33
8
2
3
56
69
7
25
37
87
5
4
31
23
84
53
92
70
86
19
30
54
58
55
62
29
56
78
31
98
90
93
84
10
27
86
80
82
88
22
13
95
13
31
27
6
29
35
38
99
50
56
1
95
20
51
55
13
58
95
58
14
48
75
51
59
23
29
41
96
50
94
72
20
41
11
54
80
13
37
22
38
80
57
5
70
50
48
38
0
93
87
17
5
30
31
85
5
35
94
8
78
77
34
12
66
81
23
95
3
39
53
35
31
50
8
24
0
45
52
67
46
68
69
34
92
70
59
58
70
94
67
16
4
43
82
32
1
58
92
35
71
69
9
21
98
39
8
43
92
7
1
79
63
76
97
46
3
86
89
22
96
68
12
19
60
7
57
20
57
52
65
38
65
61
94
20
63
4
62
21
23
29
84
1
32
99
3
16
69
67
18
89
73
6
3
54
59
40
36
44
87
77
62
35
20
64
12
48
71
27
85
52
28
83
48
16
31
85
96
74
