1000 5
0
0
0
0
1
4
1
6
4
8
0
5
11
12
13
8
16
7
4
1
15
3
1
19
4
9
0
2
13
12
23
20
11
21
31
21
22
9
34
11
14
0
14
7
22
7
9
39
33
28
38
1
19
21
54
54
31
6
33
11
1
45
60
47
51
28
14
10
38
56
67
57
61
12
57
16
38
42
17
24
6
76
15
76
73
82
58
66
6
67
28
40
49
43
47
29
68
22
79
41
13
70
46
65
90
24
82
27
58
40
3
34
9
23
106
22
84
6
106
84
84
23
21
74
46
36
110
30
3
112
110
124
15
2
131
82
57
131
126
92
58
26
77
40
114
127
26
28
101
50
31
72
61
104
84
135
123
74
0
103
134
128
107
45
22
9
86
38
133
71
71
39
149
35
133
127
50
1
162
137
142
49
171
113
2
75
43
25
94
102
15
161
97
93
135
143
125
128
49
25
46
62
3
192
119
36
197
27
128
39
46
41
150
136
204
4
207
74
16
31
69
149
3
155
66
177
216
38
77
54
82
8
8
18
214
175
4
15
210
31
101
18
56
140
116
54
140
53
4
185
37
209
63
247
36
232
214
185
4
166
8
149
205
87
73
211
196
121
240
115
40
176
81
41
178
198
149
192
106
247
194
2
200
147
216
138
67
90
198
130
260
3
200
263
197
74
113
135
292
69
92
65
73
242
28
285
255
104
306
147
17
175
120
186
29
113
139
309
40
7
200
3
199
38
296
278
209
180
168
14
141
95
87
194
274
104
218
237
153
328
330
175
265
153
229
281
283
120
240
22
244
100
133
62
352
69
9
101
305
274
250
115
76
299
52
312
36
151
97
139
308
328
38
341
262
344
187
322
204
358
364
188
114
258
153
34
47
358
56
44
19
376
109
258
316
177
130
194
238
131
219
362
324
207
185
84
41
169
123
152
117
77
339
116
58
216
206
141
355
12
322
122
319
361
349
19
411
413
6
380
15
31
109
248
431
29
72
10
339
175
135
396
105
76
30
310
352
152
360
293
179
79
107
116
30
298
374
365
303
292
105
78
43
240
240
311
80
22
372
406
226
144
428
29
94
411
373
239
404
471
244
106
266
55
276
231
445
223
249
376
389
228
0
44
329
90
114
265
160
238
463
453
448
5
232
455
294
334
110
494
240
412
412
316
407
449
172
246
439
251
230
233
519
91
358
65
61
368
33
27
93
438
166
82
385
53
331
229
32
482
353
252
75
32
126
544
229
235
445
410
255
435
383
537
238
96
391
91
463
247
195
65
113
228
61
26
106
298
33
63
372
101
250
152
490
339
108
240
255
119
167
17
440
2
421
536
346
251
242
289
447
307
49
330
273
374
520
144
200
305
453
29
227
417
436
323
418
244
461
472
103
128
401
288
540
589
104
278
535
369
81
215
176
375
394
65
376
539
517
361
86
206
41
60
4
205
342
266
68
440
310
240
522
26
267
132
551
392
631
378
208
80
645
565
496
584
445
539
432
467
638
359
44
156
649
574
294
49
371
289
643
339
465
596
252
37
247
89
136
527
287
80
363
10
340
203
145
329
566
321
636
358
133
261
492
432
530
640
75
397
188
447
284
57
299
3
58
254
450
196
439
661
81
534
535
62
70
184
22
159
265
223
440
333
713
334
446
509
484
323
419
245
50
405
461
61
361
47
113
383
554
185
533
743
673
562
487
147
662
536
117
190
214
470
231
395
552
353
497
408
495
283
206
706
110
207
618
179
667
544
260
770
626
654
203
768
736
502
521
500
205
104
95
682
784
784
394
779
99
521
610
261
250
636
311
83
434
46
68
785
126
608
65
442
33
780
541
757
704
226
531
286
319
139
332
646
689
161
364
39
358
618
55
479
410
603
395
727
338
508
536
777
378
151
205
811
103
454
702
522
583
120
119
254
249
134
670
839
461
4
808
642
290
171
841
796
570
500
320
28
439
605
535
175
127
205
33
433
325
16
531
218
124
429
855
17
370
769
497
80
88
87
321
788
555
777
707
717
576
265
84
218
313
322
94
792
564
565
861
808
445
50
740
35
660
757
694
229
557
791
899
246
874
855
3
170
233
563
78
249
207
270
507
419
739
190
295
312
164
311
871
380
336
18
23
486
210
376
309
632
213
189
535
189
664
121
564
2
729
764
787
786
461
883
908
740
768
471
676
707
63
69
290
726
576
617
954
186
559
677
143
357
282
826
239
617
192
508
181
634
168
142
829
389
122
790
913
318
947
931
141
588
404
341
721
241
355
692
258
