500 10
0
1
1
0
1
0
6
6
8
1
4
0
10
0
13
8
11
16
18
1
17
7
21
22
1
22
9
26
1
4
1
21
5
18
6
7
35
4
31
5
38
36
31
37
25
17
8
28
36
12
26
20
9
11
20
42
38
17
29
42
29
38
28
39
46
39
3
46
22
16
34
25
14
3
21
73
62
77
78
29
43
3
25
48
3
47
17
54
3
43
47
43
42
62
12
44
38
29
75
62
37
96
91
47
97
104
15
84
46
77
66
97
105
101
19
55
32
85
12
63
75
82
18
89
11
10
91
126
42
56
74
41
37
82
5
35
64
91
98
70
2
5
121
77
72
64
91
66
76
115
149
16
118
3
76
132
119
143
85
93
19
130
40
106
7
154
105
107
137
135
70
119
17
135
157
20
146
99
8
54
74
97
82
102
164
104
143
60
162
78
4
143
56
122
69
37
125
54
86
152
86
173
143
15
176
46
141
75
195
56
210
45
60
197
112
157
111
135
1
25
80
60
91
164
171
78
111
30
204
39
140
216
70
17
215
106
85
87
162
22
66
7
162
8
43
159
44
128
109
141
183
91
174
89
181
8
225
29
212
33
156
181
52
31
31
177
132
180
221
190
231
184
19
255
5
76
201
147
158
83
1
31
166
202
253
27
269
193
93
196
160
170
88
273
268
96
160
137
36
157
240
44
288
261
289
279
67
11
82
1
87
187
286
197
35
226
151
237
158
145
93
108
292
41
324
170
278
312
96
130
76
145
178
322
163
242
286
87
47
219
185
128
238
196
49
131
11
283
22
76
197
276
294
150
181
106
249
72
74
219
234
13
29
21
334
302
55
275
49
227
162
351
86
230
37
121
244
116
78
146
27
291
345
108
240
245
357
45
360
101
361
147
114
70
114
31
263
378
302
299
148
344
193
150
123
6
234
351
4
298
46
233
397
262
169
157
379
297
287
262
341
372
200
207
156
3
342
104
227
297
43
431
355
116
127
394
298
223
360
185
154
403
301
37
60
331
379
172
429
288
264
17
195
354
58
185
18
129
127
372
459
366
160
370
264
232
284
253
311
317
221
283
81
414
58
54
175
467
167
348
184
385
308
423
183
409
417
205
406
467
357
212
166
393
306
201
265
425
152
