228528
-1
440735
112830
330638
-1
770128
532057
-1
-1
534861
30934
816896
509542
462281
-1
-1
807339
497090
425839
-1
866823
970046
864235
-1
486073
-1
528898
167092
786534
116545
-1
-1
834593
284609
557262
366510
-1
321053
469675
77796
861458
720812
-1
440630
847834
-1
-1
405433
275097
32081
62013
785862
37449
136078
412490
804176
-1
137945
-1
794883
259007
208053
-1
679641
6745
602855
49308
541097
-1
20133
535044
-1
-1
613642
-1
995151
226463
-1
724323
-1
733726
842331
129244
491707
835089
-1
-1
-1
-1
296886
271133
-1
648934
-1
589048
-1
268126
790924
-1
