1101072
1818396
4400894
4606140
4284923
4255684
-1
5397627
461139
2621341
4913937
1895761
8570364
1239550
7399885
5935723
4128449
7530110
4736177
7743520
9601225
11125375
15329843
15492201
15995366
13934873
9748310
9444607
6511262
6453470
6717829
11721808
4200091
4191807
10166575
1198804
9039120
425961
14082788
8369994
3037173
2457901
5031722
4892050
9691569
3127436
4071107
6480420
2972530
-1
10424324
7301203
13582100
4748302
9407731
13033710
2985547
7455115
6678731
8376525
8111830
1205692
3792743
11141051
12218716
7287955
5648795
3954649
620997
1800560
6974990
2753289
7626478
6955188
1354664
10423479
13008431
8569392
8816876
2259422
10468226
713419
9012003
6891157
10662090
10815671
2620700
1402641
9157209
10296831
4235556
10579219
5958521
6262584
17850306
3122350
10003985
7433314
15740426
1132776
