6017948
5299722
2068346
1756247
8481225
1757546
-1
4631627
-1
12536157
812551
7914071
459812
7056625
4240968
4987414
764035
5960730
2533406
1055309
9253079
11027006
1099120
45709
6360443
927780
833459
4377332
2678102
1816785
598294
1905708
627343
1799172
1618565
-1
6581414
1174297
3076130
5787196
599652
2393914
4224939
6742044
2922402
6117251
-1
3661128
2503943
-1
1673180
10980785
608030
10908950
3783134
1104192
1628061
4817447
7613373
408889
2450162
5490753
4542545
10064570
876414
4813526
1565767
282910
4075326
10984125
6138272
8599644
2511357
1264592
3090689
5225581
1074316
-1
5064470
4257516
1126369
2387235
126921
1195971
4642937
52057
-1
927941
4598373
5097369
2025677
5361039
405434
8110568
2140959
4607651
11798524
7969582
562540
5929714
