2 1000 1596 100
621 622 3199
860 862 5494
169 171 452
416 419 6177
504 506 7288
309 310 8848
849 851 8062
486 489 668
166 169 388
141 143 7541
228 230 1377
569 571 7119
265 266 5770
271 273 7951
846 849 4407
75 77 7226
332 335 5957
856 859 7466
524 526 1463
651 652 3327
157 159 3829
471 473 7228
327 328 640
73 75 6377
645 647 6004
560 563 5271
186 188 8052
261 263 9670
171 173 3336
580 583 129
269 270 7612
852 854 8773
534 537 1235
729 730 841
472 474 2687
440 442 7540
368 370 1506
941 943 3898
736 739 9957
120 123 9922
768 771 444
913 915 8254
230 232 6190
385 387 411
446 448 8946
658 660 5263
320 323 5406
431 433 138
31 33 426
450 452 5870
559 561 5242
67 68 3056
828 831 1950
714 716 148
222 225 6758
808 810 9671
229 231 8092
692 695 5069
135 136 8853
280 283 911
798 801 7808
809 811 3839
418 420 8426
456 459 3237
855 857 180
83 85 8582
731 733 9160
858 861 204
214 217 4749
757 759 4633
533 534 1161
914 917 51
475 477 4123
200 202 997
872 874 5865
934 936 8228
900 902 4985
692 694 8816
435 436 7378
4 6 6414
584 586 3352
353 355 5391
351 353 4871
32 35 8242
748 751 7464
895 897 6568
174 177 8375
807 808 8179
294 296 7689
943 944 5850
113 115 4761
888 890 8489
218 220 2919
46 48 4425
912 914 1788
180 182 7555
127 128 2538
646 648 4191
903 904 5430
361 363 9038
755 756 3393
604 606 3805
404 407 7566
6 8 541
195 196 7279
470 472 6346
126 129 7488
455 457 6735
84 86 5340
296 299 2025
41 43 2640
243 244 3165
595 597 2901
725 726 6848
235 236 495
493 494 5638
680 682 9921
360 362 5661
869 871 8008
108 111 3052
656 659 8748
885 886 9676
986 988 6731
430 433 670
39 41 3683
602 604 6145
777 778 8977
951 952 3564
829 831 4527
657 658 6139
709 711 2341
982 984 5449
244 246 1732
722 724 6896
131 133 2058
188 191 8469
726 729 5871
590 593 6263
566 569 4857
117 119 1041
606 609 3828
156 158 1204
177 179 3520
468 470 6000
471 472 6042
447 448 6396
752 754 9003
406 409 9593
909 910 7655
579 581 5748
226 228 5514
786 788 437
883 884 1850
541 542 2242
836 839 3990
416 418 2400
532 535 6610
690 692 8873
211 212 5534
924 926 6462
105 107 5774
838 840 8214
216 219 1542
805 806 9641
633 634 6638
939 940 1816
997 998 1829
995 996 9713
518 520 6744
252 254 1163
11 13 9699
543 544 8269
145 147 5832
64 67 8834
817 818 8345
749 751 5400
455 456 7676
535 537 813
92 95 2979
153 155 8116
428 431 515
798 800 3781
977 979 771
207 209 2778
355 357 2357
852 855 2042
38 40 8843
199 200 1786
430 432 6727
346 348 4051
845 846 9638
99 101 4268
448 450 1956
182 184 9764
772 774 9474
427 429 1360
921 923 8428
630 632 6551
324 327 2118
155 156 1863
842 845 4135
799 800 2511
473 474 6121
666 669 2237
830 833 8228
156 159 7790
109 110 4086
805 807 2774
974 977 3938
969 971 256
657 659 5140
659 661 7489
127 129 3680
683 685 8523
634 637 737
940 943 2363
113 114 9681
519 521 1451
920 923 4740
194 197 2526
940 942 8941
683 684 8700
50 53 241
735 736 434
524 527 96
375 376 1577
337 338 8974
11 12 2655
369 370 6293
71 73 7940
324 326 5492
21 22 3095
623 625 6794
618 620 6290
877 878 2031
403 405 3817
390 393 818
51 53 619
544 546 1404
7 9 6028
803 804 698
866 868 8023
322 324 2273
881 882 8457
756 759 8171
436 439 2305
386 388 6423
331 332 6569
104 106 2106
528 530 9197
442 445 2520
237 238 4546
897 898 6184
770 772 1451
630 633 9881
460 463 6793
521 522 3257
948 950 257
489 490 6196
233 235 4023
100 102 5161
708 711 8796
678 680 7514
705 707 5273
56 59 8307
151 152 8829
306 308 4679
763 765 183
359 360 6159
858 860 3003
822 825 7500
522 525 5126
67 69 3281
704 707 2343
827 829 1533
593 594 6031
886 888 2748
649 651 8073
335 336 4668
378 381 2833
108 110 2197
142 145 9761
232 235 7633
944 947 6329
221 223 6145
752 755 2915
885 887 2731
717 718 3475
328 330 2923
95 96 3929
736 738 9223
445 447 7099
548 550 8082
598 600 624
949 950 1598
283 285 2217
42 44 1269
150 152 6166
101 102 7371
592 594 3879
555 557 8225
458 461 1956
730 732 6513
757 758 4948
339 341 411
236 239 5106
103 105 8635
327 329 3434
869 870 3985
896 899 9324
985 987 1147
63 65 2457
724 726 1454
511 512 9970
775 776 9658
373 375 2371
993 994 7357
699 700 8606
13 14 4798
790 792 9611
520 522 3219
428 430 7171
88 90 5088
181 183 3588
662 664 6139
304 307 2536
697 699 8682
464 467 4161
291 293 8843
825 826 9580
680 683 8870
700 703 2772
906 909 8583
561 562 830
316 318 3149
611 612 852
868 870 197
731 732 8594
862 864 7409
445 446 5366
313 314 9861
91 92 1273
531 532 7366
215 216 1956
842 844 8599
66 69 7029
18 21 1336
478 480 7104
115 116 1453
220 222 9552
429 430 8362
848 850 7176
788 791 7024
388 390 1103
230 233 5123
332 334 7745
29 30 1373
974 976 101
607 609 4681
663 664 2371
45 46 5745
643 644 160
781 783 1091
573 575 9236
330 333 9791
971 972 5095
351 352 2025
929 931 2954
537 539 3319
983 984 2498
671 673 5660
251 253 6620
344 346 6251
773 775 3159
16 18 908
821 822 3705
452 455 389
857 859 5722
21 23 9227
193 194 9782
777 779 3032
12 14 4849
28 30 4167
833 835 8392
983 985 5446
283 284 7786
357 358 2566
438 440 2518
811 812 2503
302 305 9690
922 924 7334
515 516 7768
898 900 1910
833 834 1694
877 879 7456
565 567 6030
681 682 9731
140 142 4915
816 819 4779
219 221 1712
97 99 4580
367 369 7650
762 764 8157
4 7 1998
292 295 6151
733 734 8452
792 794 9665
714 717 5040
897 899 266
394 396 7417
625 627 3770
24 27 8134
496 499 3926
990 993 7601
925 927 5910
334 337 742
967 968 8012
278 281 6733
426 428 388
229 230 7276
257 258 4385
765 766 5067
204 206 4622
567 569 1600
715 716 3294
96 99 6244
151 153 8174
823 825 1443
497 498 1952
840 842 120
138 141 8500
65 67 7943
90 93 2977
152 154 2244
233 234 4170
208 210 3730
647 649 3166
696 698 1799
542 544 7493
899 901 729
531 533 8518
110 113 2172
52 54 6160
359 361 4605
783 784 7844
397 398 4631
492 494 871
686 689 573
629 630 704
139 141 4141
978 981 2868
684 686 4275
969 970 8811
8 11 2035
475 476 719
849 850 8899
928 931 3088
668 670 6938
679 681 8237
567 568 796
249 250 1801
14 16 3487
173 174 3434
278 280 1243
794 796 6898
554 557 3782
759 760 1256
546 549 2736
34 36 7341
851 853 931
295 297 5462
494 497 146
88 91 8495
242 245 5791
205 206 8287
719 720 4500
267 269 461
834 837 5748
220 223 4637
747 748 6666
889 891 600
741 742 2423
992 995 2252
670 673 6637
557 559 3091
620 623 6673
319 321 7132
601 602 7461
768 770 9389
498 500 900
534 536 9270
300 303 9463
742 744 6578
331 333 7797
162 165 4503
295 296 2998
231 232 8436
361 362 2968
804 807 3042
783 785 7832
603 604 4358
763 764 1382
635 636 2575
146 148 2242
206 209 438
122 124 773
400 403 6423
61 63 8809
609 611 5083
588 591 1739
417 419 2690
915 916 5433
563 565 68
810 812 8013
907 908 4690
716 719 7327
599 601 6686
439 441 5895
836 838 6625
298 301 8439
58 60 614
568 571 6051
739 740 5208
311 313 8738
934 937 5222
85 86 9272
705 706 2555
739 741 311
652 655 8356
954 957 2730
614 617 423
8 10 6529
315 316 9077
677 678 4095
393 395 5277
517 519 4158
138 140 7343
405 407 1497
793 794 6168
302 304 4998
661 663 7704
123 125 391
689 691 9098
141 142 6951
650 652 9821
286 289 4438
918 921 958
560 562 7564
710 713 423
285 287 5805
347 349 891
962 965 7337
837 839 9241
945 946 4440
371 372 813
602 605 6447
745 746 5350
480 482 6504
77 78 7879
698 700 5522
760 763 4062
381 382 46
685 686 2454
287 289 8897
991 993 2296
861 863 2728
427 428 89
0 2 8100
120 122 4559
970 972 4350
952 955 4823
291 292 7391
32 34 6891
664 666 8518
494 496 1183
78 81 7046
751 752 6762
878 880 9472
406 408 6284
159 160 8024
134 137 3399
565 566 7280
33 34 1005
530 532 1508
835 836 8953
719 721 7698
966 969 80
40 43 5754
812 814 2398
862 865 521
701 702 5825
949 951 6022
579 580 2997
480 483 3555
447 449 2565
424 427 9723
80 82 5607
663 665 1635
929 930 5690
330 332 721
468 471 1759
551 553 637
128 131 2423
608 610 7276
787 789 9257
784 786 5115
342 344 4236
454 456 6443
133 134 3575
616 619 3464
340 343 1188
793 795 162
986 989 8005
615 616 7887
662 665 261
76 79 1137
346 349 3763
19 20 4616
514 516 9295
727 729 1851
310 313 3730
775 777 5243
356 358 7728
336 338 9151
204 207 5394
995 997 6350
270 273 8914
689 690 1146
505 506 8005
17 19 1722
212 214 6956
771 772 2459
65 66 1277
176 179 3432
886 889 1004
244 247 3593
492 495 9976
780 783 5000
507 508 5523
973 975 750
372 375 4065
238 240 7234
307 309 9305
910 913 648
996 998 4456
137 139 5954
643 645 2271
27 28 8811
688 691 6028
758 760 7701
592 595 170
512 515 1576
161 163 6996
843 844 539
255 257 6641
474 476 2345
613 614 7839
239 240 6806
182 185 1754
212 215 8366
392 395 577
610 613 8377
734 736 7551
345 346 8712
303 305 9055
709 710 2367
203 204 838
217 218 7523
34 37 184
465 467 6207
24 26 1428
786 789 3323
754 756 5651
186 189 4445
973 974 2954
366 369 1069
326 328 1829
147 149 4706
209 210 7431
815 816 7444
299 301 5917
339 340 313
503 505 5644
891 893 2695
187 189 7810
257 259 3643
880 883 4543
800 802 9353
778 780 465
557 558 9205
694 697 3717
114 117 9346
370 373 6833
423 425 762
20 23 9324
572 574 6215
183 185 8720
527 529 3836
853 855 5597
871 872 7110
801 803 2572
264 267 1679
119 120 9858
574 577 1459
686 688 3390
377 379 1957
213 215 8670
94 96 1421
38 41 2219
500 502 4372
443 444 7901
521 523 6749
697 698 9205
827 828 8448
333 334 6147
712 715 4907
466 469 4221
797 799 12
762 765 9011
84 87 3355
399 400 9111
820 823 4443
384 386 4180
352 354 505
432 435 4368
861 862 7413
740 743 7008
310 312 7855
179 180 6027
488 491 4280
168 170 2725
797 798 8535
40 42 660
159 161 5686
432 434 5834
585 587 1535
387 389 6794
199 201 472
850 853 7271
851 852 114
847 849 2155
787 788 1011
553 554 3965
732 735 4772
175 176 1441
446 449 4929
909 911 5071
767 768 5755
268 271 9395
364 366 3605
693 695 6152
977 978 8820
358 360 1546
206 208 6987
268 270 3396
734 737 4590
985 986 6358
968 970 3568
290 292 307
863 865 9313
260 263 4468
612 614 1891
275 276 6986
222 224 8838
382 385 3358
753 754 2066
43 44 3544
292 294 101
174 176 5123
418 421 2646
377 378 6910
477 479 2224
665 667 7512
479 480 9574
386 389 2511
946 949 7704
991 992 6647
551 552 321
847 848 22
473 475 496
626 629 1880
14 17 7769
698 701 6920
383 384 5701
144 147 43
529 531 6760
905 907 6030
369 371 6710
819 821 7590
183 184 7364
513 514 4719
137 138 4389
438 441 5363
584 587 437
342 345 8889
650 653 6568
541 543 9678
669 670 1311
932 934 1409
538 541 5308
469 470 3847
764 767 5624
466 468 7627
631 632 8916
228 231 2188
769 771 5428
201 203 2439
577 578 5986
908 911 6218
82 85 9778
619 621 279
927 929 1283
916 919 4002
286 288 3876
106 109 3884
743 744 1150
321 323 3564
363 365 8044
401 402 7467
30 33 5009
125 127 230
281 282 8289
50 52 2277
448 451 4423
404 406 8464
395 397 1056
440 443 8661
495 497 1737
69 70 8649
545 547 1169
761 762 6439
888 891 6886
535 536 4546
415 417 8198
835 837 1200
343 345 8832
93 95 3466
917 918 5401
925 926 2557
356 359 8536
393 394 2853
164 167 6071
103 104 5685
822 824 6613
636 639 8781
143 145 558
867 869 7475
282 284 9885
372 374 1902
10 13 7901
47 48 6961
802 805 4992
733 735 512
323 325 2872
130 133 1026
718 721 3635
906 908 3197
227 229 1432
41 42 628
687 689 1531
403 404 455
49 51 4639
744 746 8356
562 565 6873
169 170 4896
954 956 6079
449 450 4047
248 250 769
488 490 420
966 968 6489
71 72 799
129 130 1266
485 487 4153
411 413 1871
729 731 6030
578 580 5570
463 464 2581
844 847 745
15 17 1049
49 50 6594
501 502 4865
118 121 6197
115 117 2155
575 577 3756
580 582 6371
205 207 9132
74 77 3077
451 452 576
431 432 2121
367 368 220
960 962 5039
941 942 6510
121 123 2146
760 762 6669
850 852 7893
903 905 1415
343 344 9465
523 524 5438
746 749 516
172 175 150
495 496 7443
170 172 1612
266 268 4031
965 967 6099
219 220 4681
175 177 3277
552 555 9261
277 278 2103
605 606 3567
371 373 9299
62 65 4643
444 446 4179
89 90 4020
996 999 4741
201 202 1168
391 393 5388
70 72 3693
62 64 633
550 553 4022
645 646 3684
9 10 1157
102 105 6117
170 173 2053
26 28 9003
362 364 8765
387 388 3781
978 980 5107
828 830 4542
789 791 811
962 964 5251
87 89 3644
854 857 1995
321 322 1847
811 813 55
959 960 9274
350 352 2561
484 487 7589
624 627 9369
419 420 7652
870 873 7981
815 817 1856
189 190 3206
165 167 4461
893 894 6369
15 16 1045
779 781 2015
632 635 5716
116 118 9807
144 146 6037
487 489 1305
556 559 8626
922 925 7687
417 418 2984
603 605 6767
766 769 3250
824 827 3449
325 327 1072
398 400 6613
109 111 1121
671 672 131
75 76 6499
865 867 6114
185 187 2918
589 591 785
143 144 6239
591 592 8597
961 963 7881
542 545 3788
747 749 1965
648 651 1519
238 241 1265
408 410 4364
830 832 7384
649 650 1402
532 534 9344
788 790 1878
874 877 5936
5 7 9530
704 706 4530
420 422 2162
764 766 5471
583 584 1677
901 902 4288
558 561 8793
930 932 7341
73 74 4981
927 928 5004
617 619 8457
316 319 9955
396 398 2247
270 272 2455
955 956 4213
491 492 8735
402 404 6992
485 486 3875
679 680 646
605 607 6996
239 241 7285
738 740 7077
660 663 3619
487 488 4888
536 539 1866
796 799 3691
318 320 2281
571 573 4645
483 484 6063
354 357 6434
221 222 5899
593 595 2525
197 198 943
826 828 4227
284 286 4374
970 973 9257
655 656 4417
6 9 9068
713 714 3591
464 466 4971
785 787 4688
573 574 8045
526 528 914
756 758 7008
3 4 2422
595 596 5039
915 917 2599
980 983 7223
640 643 7445
874 876 5315
613 615 2175
422 425 3024
459 460 6540
277 279 9366
338 341 1634
196 198 418
820 822 8691
589 590 9060
240 242 2447
130 132 3482
712 714 6217
423 424 7291
467 469 7344
392 394 8159
370 372 1953
899 900 2791
194 196 4478
285 286 856
500 503 5967
955 957 4605
845 847 8166
931 933 1741
597 598 3224
107 109 2354
319 320 3839
106 108 8412
289 290 2018
163 164 4446
574 576 1555
841 843 9935
288 290 7933
2 5 5823
502 505 7714
502 504 8818
746 748 544
506 509 1159
895 896 5214
311 312 7884
569 570 2782
910 912 1216
819 820 464
577 579 6140
726 728 9569
262 264 6459
901 903 2381
682 685 8203
720 723 2312
105 106 1720
325 326 62
806 808 1920
722 725 946
215 217 3557
865 866 6673
724 727 7781
265 267 1913
282 285 6239
297 299 8284
608 611 6601
750 752 1443
855 856 7167
785 786 3830
210 213 9208
365 366 8123
614 616 5002
10 12 3648
766 768 3194
98 101 3503
913 914 5327
791 792 5665
854 856 7527
44 46 878
133 135 5598
710 712 782
611 613 5990
908 910 1815
571 572 2892
990 992 8930
563 564 7861
437 438 797
167 169 5963
66 68 7998
725 727 8910
68 71 7097
255 256 7216
587 588 1036
511 513 4117
192 194 1752
946 948 9999
419 421 944
223 224 9522
303 304 6388
586 589 7685
711 713 370
364 367 6763
938 940 7472
576 579 5248
591 593 1330
296 298 5555
561 563 1785
501 503 6008
389 391 6754
740 742 7958
318 321 7187
301 303 8422
701 703 1645
721 723 6604
932 935 7359
225 227 22
919 921 4806
236 238 7360
984 986 8570
506 508 7202
5 6 2640
263 264 7231
433 435 3209
540 543 5890
508 511 8105
467 468 7513
7 8 1952
981 982 6117
253 254 7707
410 412 5116
426 429 6590
984 987 5702
381 383 3944
759 761 9632
879 881 1021
596 598 9905
202 205 3468
91 93 5714
69 71 2340
53 54 87
674 676 8987
340 342 1689
179 181 3533
953 954 3242
979 981 2308
51 52 4455
224 226 5842
606 608 1984
89 91 8629
289 291 8803
92 94 2462
866 869 2044
349 350 6648
13 15 5554
750 753 3307
582 584 5296
54 57 6034
460 462 2035
434 437 8531
936 939 6632
515 517 6624
180 183 1544
305 306 242
252 255 5888
916 918 9294
818 820 2825
211 213 1773
730 733 5020
246 248 6434
958 961 4690
958 960 3819
920 922 185
638 640 9670
831 833 2082
348 351 6253
3 5 2832
987 989 4996
237 239 1217
160 162 6897
23 24 5355
213 214 8577
624 626 6095
413 414 2558
670 672 5708
555 556 2424
988 991 8092
825 827 7181
305 307 7748
503 504 2841
668 671 116
993 995 8247
926 929 1740
634 636 4376
619 620 7779
667 669 349
308 310 7528
293 295 5230
20 22 3345
251 252 7943
982 985 827
708 710 7159
622 624 2087
956 959 7051
437 439 4767
100 103 4617
678 681 370
297 298 1699
749 750 7976
685 687 1953
975 976 9815
23 25 7232
956 958 4893
150 153 9601
545 546 2238
458 460 4421
618 621 8110
994 997 2592
677 679 7713
863 864 4080
273 275 9107
493 495 6480
529 530 9922
834 836 357
391 392 2091
132 135 138
247 249 2394
601 603 8428
357 359 8820
149 151 9664
214 216 3229
594 597 3999
452 454 4894
796 798 1439
703 704 2429
997 999 769
889 890 2679
191 192 8838
543 545 3018
938 941 7414
738 741 3403
599 600 7314
136 138 8005
610 612 4211
871 873 1825
395 396 4223
881 883 4192
259 260 7202
307 308 5530
140 143 6380
647 648 9147
131 132 8251
225 226 4493
241 242 8847
933 934 9231
301 302 1533
706 709 1355
2 4 1505
513 515 3286
63 64 2019
173 175 4289
627 628 6358
476 478 283
198 201 7287
451 453 6476
276 279 1764
279 280 2152
337 339 637
136 139 5848
527 528 5117
414 417 8279
809 810 4423
320 322 581
878 881 6985
435 437 3036
72 74 6884
963 965 6941
817 819 8580
294 297 3534
79 80 3935
22 24 6326
628 630 6017
60 63 4925
107 108 8915
548 551 8649
398 401 9186
450 453 4325
517 518 9008
149 150 6115
526 529 1839
972 974 6220
583 585 1579
539 541 7820
883 885 5140
22 25 2522
188 190 2597
207 208 8056
123 124 8559
200 203 964
61 62 1649
690 693 6609
530 533 2445
275 277 9199
655 657 9736
77 79 6677
243 245 3796
813 814 162
575 576 6343
742 745 6031
516 519 6787
272 274 8320
484 486 2907
626 628 5427
707 708 2300
795 797 6209
801 802 2911
55 57 462
790 793 9835
894 896 5610
609 610 7391
119 121 5652
648 650 6812
770 773 6581
380 383 3976
52 55 8625
519 520 8210
821 823 3331
178 180 4908
622 625 3729
568 570 5531
350 353 7460
537 538 8261
963 964 3057
751 753 3353
905 906 8669
80 83 5696
390 392 4333
147 148 3503
882 885 5071
509 510 135
976 978 6763
957 959 5491
111 112 1653
28 31 5714
585 586 2216
556 558 3524
523 525 465
407 409 3913
554 556 7179
481 482 5996
674 677 9777
478 481 5247
860 863 2258
552 554 139
379 381 7640
481 483 159
208 211 7837
81 82 1958
181 182 6016
329 331 2051
930 933 8143
258 261 8833
512 514 1302
873 875 3312
461 462 3087
27 29 1343
928 930 4084
989 991 3963
477 478 8492
36 39 2221
380 382 1238
598 601 908
192 195 3032
178 181 3322
18 20 1334
795 796 7352
723 725 8648
341 343 7167
407 408 3601
355 356 2757
166 168 593
457 458 7174
576 578 9528
338 340 2575
968 971 8777
482 485 5623
490 492 8373
314 316 5489
892 894 2618
716 718 4357
281 283 9959
37 39 4985
223 225 7014
162 164 4421
706 708 7934
94 97 2460
274 276 9410
298 300 6912
190 193 318
306 309 3121
218 221 7630
950 953 1807
840 843 9284
68 70 2351
911 913 5542
245 246 3452
533 535 5730
653 655 8654
667 668 3578
385 386 8260
721 722 9004
666 668 5578
187 188 4812
394 397 9677
216 218 2417
153 154 3200
315 317 2252
388 391 9798
60 62 1307
831 832 5061
288 291 8738
553 555 7185
549 551 7987
904 906 9682
937 938 3682
911 912 401
336 339 137
122 125 9719
196 199 1768
581 583 3470
397 399 110
389 390 8952
486 488 4862
661 662 8481
965 966 1255
408 411 5787
476 479 3479
528 531 8584
641 642 8059
99 100 9359
499 500 1650
148 151 513
870 872 7081
951 953 1793
81 83 598
504 507 1574
640 642 9360
789 790 9678
672 675 5900
412 415 5164
964 966 8407
345 347 5809
898 901 1389
769 770 886
594 596 1146
767 769 2276
942 945 4907
461 463 9620
931 932 2650
744 747 3533
274 277 4685
848 851 134
76 78 7072
439 440 6625
245 247 8996
64 66 7192
718 720 1132
621 623 7426
490 493 6374
642 644 8563
93 94 853
256 259 8737
540 542 4012
463 465 9337
368 371 737
474 477 2036
152 155 538
505 507 6393
240 243 2412
547 548 9906
279 281 6938
676 679 5274
707 709 1914
402 405 158
434 436 7928
813 815 1970
379 380 2271
964 967 2524
945 947 1308
758 761 8845
396 399 5806
773 774 7790
308 311 323
33 35 323
124 127 6097
25 26 6445
652 654 4111
876 878 1182
936 938 6020
656 658 156
546 548 9141
9 11 3384
853 854 5779
926 928 9887
967 969 8589
333 335 2085
566 568 5729
778 781 1175
933 935 9075
799 801 2278
570 573 2384
273 274 113
114 116 2863
696 699 2710
250 252 4890
947 949 6614
374 377 3789
682 684 9035
907 909 2975
36 38 6782
816 818 9956
112 114 7757
462 465 4260
743 745 2378
425 426 4152
808 811 8625
145 146 73
776 779 7154
774 777 6017
158 160 1891
665 666 9861
247 248 2016
154 157 7437
673 674 6074
839 840 7888
456 458 4918
587 589 4547
947 948 1371
347 348 1919
664 667 4486
373 374 5980
267 268 9752
737 738 4777
780 782 6721
748 750 8371
262 265 6831
491 493 970
992 994 8226
600 603 5066
57 58 9396
882 884 2202
78 80 977
975 977 1740
939 941 4864
314 317 4519
17 18 9819
470 473 2135
29 31 8351
482 484 2996
654 656 4868
97 98 3961
651 653 2733
935 936 138
16 19 2754
864 866 1672
639 640 1578
943 945 9337
312 315 2409
335 337 72
363 364 7412
776 778 7116
755 757 7586
715 717 328
323 324 7236
400 402 1972
412 414 4259
952 954 7663
25 27 2696
90 224
55 552
175 442
738 802
143 334
8 731
351 802
162 483
12 466
789 916
306 640
733 751
131 627
387 684
466 733
184 848
217 948
133 622
105 413
122 372
62 504
334 845
150 719
344 843
837 880
142 438
76 548
412 712
268 379
181 652
245 308
95 641
33 247
280 779
217 385
203 531
90 304
172 253
428 627
560 822
866 901
144 665
188 626
71 743
191 454
220 723
702 990
76 924
231 470
348 517
195 211
164 201
217 683
602 623
211 278
240 500
385 854
12 175
752 831
572 980
364 831
131 270
611 719
82 186
310 716
473 481
342 694
129 159
205 522
70 542
164 176
293 629
299 893
36 241
104 474
317 680
135 716
243 382
254 484
277 715
11 847
248 689
164 672
122 203
348 651
144 647
76 996
477 892
65 843
441 646
229 406
442 605
708 937
386 758
232 989
105 465
25 989
360 523
350 813
295 929
