927634
3425323
2672760
-1
21570146
10251264
11089202
9994678
20573584
5181319
18912276
24508118
3744430
21450813
7079364
3233729
12674384
11069701
2356167
30693245
15001541
9265858
1322766
16951863
6976544
39757695
754513
9924842
31640901
18891857
27814115
30083923
6688002
29101358
2841430
1827920
3094754
10081750
-1
33278485
3981333
6093627
349108
11025454
15629941
17236418
26834163
12793757
28284659
4063888
244940
20658034
2833481
17914222
-1
15019040
22154568
29582157
6368337
3166576
10861010
23365751
6946098
7721885
4434150
36314539
12621387
2897479
9618041
35395453
2774497
3599466
14376313
5772995
25890079
6695800
27293231
17458478
16301489
4061739
3673592
-1
30851706
24733003
3260559
27907815
32145613
13206072
10471399
15558753
10588343
6171024
37648476
32848862
12687769
6587019
41957059
15755356
10215484
37741995
