14222960
7545690
10880867
18029190
17285795
6065038
2412666
18244764
2271968
12488014
9850802
826597
19329200
10226098
4985339
4173769
16858038
9846782
2610896
4331116
1663339
14657551
4187956
3682612
377125
2686940
14000683
4433261
2430877
2446797
3561559
3340816
15893166
20938219
15521511
13734046
6782637
7345866
27289146
3226209
3872126
9146838
27705527
7793025
13212234
11033734
6629377
11142993
14825248
23794295
5045069
5860071
1127929
6027496
28101511
14098496
20031162
7021855
489353
3074505
21557590
3574731
23369927
16131719
2226408
29870365
11625041
8377968
1286969
9995421
23039273
10862033
2178311
9568313
13272482
9142319
31335941
6245286
2491733
23259688
5730573
11386703
30044957
7725281
27762290
5408321
1668798
14196618
21352153
18505050
14368534
3775778
16226528
31611949
3665438
5041007
9746953
3348505
27103353
1234328
