-1
-1
3296106
7389720
7031043
1999110
1241956
4831468
4298821
8678081
4265796
5841232
7182880
260615
8559835
485695
2944818
1771612
-1
5429768
9693711
3129621
3267842
677393
4722631
933583
3870459
3300919
3536512
2431913
8439705
11205591
4937478
2833977
109201
11320837
876933
6341297
1517793
12409345
8177386
268811
8442283
7467412
928574
1801508
12441398
1886902
4439604
187655
6018044
2260884
1520299
9037372
4447800
1718630
8257577
1159479
8263996
5413474
3989995
1521692
7171092
298440
7538121
-1
9157666
4602650
3319127
6889238
1439684
3706404
10226795
5299126
10135958
1135865
3702476
3847046
4431074
2618690
3769484
6072248
4271677
5438033
2013308
175883
-1
2835397
6302581
4110211
4426160
7614013
4472017
6166383
1905739
5655367
3410896
9273632
2951760
5383844
