1 1000 799 100
881 882 5734
777 778 3875
337 338 8438
286 287 5384
658 659 544
878 879 1510
111 112 1056
788 789 3408
177 178 4097
77 78 2639
442 443 4434
284 285 9126
997 998 223
39 40 2229
419 420 7168
632 633 318
409 410 7801
980 981 1521
892 893 6029
733 734 7971
746 747 9049
682 683 4316
934 935 3524
659 660 7778
664 665 6940
303 304 5358
179 180 2475
694 695 3204
962 963 5154
127 128 7137
462 463 918
192 193 8719
976 977 358
404 405 6801
705 706 2109
176 177 3618
520 521 5241
846 847 7261
579 580 5285
740 741 4345
537 538 9122
566 567 1850
650 651 7099
572 573 7644
949 950 9584
295 296 1139
387 388 6068
834 835 685
639 640 1643
606 607 7282
597 598 1038
454 455 3375
194 195 9659
782 783 5288
7 8 3477
61 62 1602
146 147 4045
960 961 3489
299 300 9846
156 157 7294
457 458 8233
125 126 783
948 949 4644
807 808 2369
278 279 9618
139 140 4622
158 159 5984
692 693 2397
287 288 5366
385 386 4967
432 433 2084
470 471 9097
787 788 9408
183 184 6780
330 331 9229
774 775 6222
246 247 9450
741 742 3783
823 824 8275
546 547 2105
660 661 3291
938 939 7248
593 594 552
336 337 6469
968 969 509
37 38 7221
46 47 208
452 453 6639
873 874 9694
260 261 1565
646 647 5016
904 905 4176
916 917 2223
559 560 9830
535 536 8178
247 248 801
521 522 8099
234 235 6670
800 801 1335
501 502 3623
271 272 8445
709 710 8647
386 387 3264
824 825 5049
613 614 6844
374 375 7919
666 667 645
151 152 1771
986 987 3008
333 334 2019
150 151 3616
596 597 2416
56 57 7032
200 201 6910
360 361 5012
82 83 9003
232 233 3253
32 33 5197
363 364 8323
195 196 2355
36 37 5267
582 583 617
500 501 9891
78 79 9321
742 743 2001
471 472 2842
475 476 9189
731 732 4999
594 595 1476
762 763 6401
101 102 7800
716 717 2509
776 777 7704
42 43 9085
354 355 8247
280 281 8350
276 277 6651
882 883 7832
165 166 7952
289 290 4767
104 105 6479
178 179 2190
722 723 2333
245 246 839
765 766 9236
872 873 2377
927 928 6182
945 946 8819
585 586 8787
358 359 6143
21 22 7305
527 528 667
137 138 1065
335 336 9727
809 810 4956
978 979 1194
215 216 1180
114 115 5178
220 221 1020
223 224 7619
231 232 2866
543 544 5421
667 668 8224
100 101 4380
814 815 2279
623 624 6295
988 989 9498
946 947 4842
238 239 7660
9 10 2849
180 181 7503
381 382 5313
204 205 8320
922 923 362
553 554 4809
586 587 8735
169 170 7588
959 960 3722
947 948 7788
617 618 6362
476 477 8904
281 282 4888
273 274 8227
970 971 1390
963 964 9152
635 636 3238
67 68 9474
757 758 5459
448 449 5137
444 445 58
625 626 5719
97 98 2663
344 345 8031
822 823 1807
642 643 5666
552 553 8042
33 34 7820
324 325 1531
910 911 7221
879 880 9665
445 446 3946
435 436 6803
123 124 881
767 768 9369
600 601 5880
645 646 9716
805 806 8191
241 242 5890
291 292 4439
540 541 4800
416 417 5472
569 570 7168
201 202 3056
356 357 6399
893 894 1421
631 632 5940
756 757 5408
403 404 3273
252 253 9776
30 31 3055
611 612 3701
843 844 10000
420 421 364
641 642 6154
210 211 861
8 9 3100
555 556 3979
871 872 1015
601 602 1412
718 719 8912
250 251 4784
216 217 388
700 701 5457
466 467 5614
662 663 8816
702 703 6274
503 504 9193
362 363 363
380 381 4577
967 968 1943
206 207 467
894 895 1566
317 318 9822
530 531 7689
758 759 6042
608 609 9485
152 153 5525
630 631 3063
845 846 6342
313 314 7294
6 7 806
15 16 5782
19 20 7790
248 249 4378
704 705 4981
399 400 6230
464 465 8045
428 429 3934
651 652 9369
251 252 4124
298 299 3008
338 339 9815
895 896 9951
339 340 8360
190 191 5257
58 59 3460
388 389 6817
532 533 7355
950 951 3775
636 637 8496
874 875 7733
267 268 8215
550 551 8127
590 591 2378
376 377 4915
576 577 6315
63 64 1239
885 886 7370
34 35 7450
239 240 7530
153 154 3738
17 18 9188
424 425 2611
382 383 9944
583 584 5302
903 904 4883
446 447 1565
427 428 8170
54 55 9687
188 189 5207
930 931 9996
26 27 7645
461 462 5187
847 848 8850
283 284 7971
106 107 7117
875 876 1869
235 236 4534
721 722 9698
966 967 4038
263 264 617
366 367 6549
992 993 6478
915 916 8763
455 456 6238
652 653 6858
149 150 8797
377 378 9169
956 957 6863
162 163 9475
634 635 3370
725 726 3997
93 94 7443
332 333 7925
60 61 4202
899 900 6511
320 321 8936
406 407 3201
715 716 9915
191 192 2644
94 95 1825
370 371 229
981 982 8651
984 985 355
224 225 9148
851 852 845
886 887 3651
837 838 4271
477 478 847
371 372 1262
1 2 7536
275 276 1614
622 623 1283
412 413 1808
213 214 5131
628 629 4548
994 995 5227
836 837 5383
16 17 4937
533 534 417
18 19 3313
841 842 20
319 320 6632
144 145 8264
164 165 9369
961 962 5165
395 396 9900
699 700 8457
975 976 6273
437 438 8388
413 414 6331
2 3 1454
734 735 4799
3 4 2099
665 666 8952
193 194 329
369 370 1810
679 680 5358
499 500 9886
211 212 7478
154 155 5796
785 786 5781
408 409 1879
844 845 7355
296 297 5091
222 223 4627
514 515 9619
712 713 2263
391 392 3781
236 237 539
761 762 7499
865 866 9069
88 89 7128
138 139 9007
359 360 9856
723 724 5040
568 569 6046
548 549 1984
48 49 7247
911 912 5205
806 807 4501
669 670 4488
302 303 9935
695 696 7133
306 307 2783
29 30 9407
891 892 7697
557 558 2706
95 96 9672
449 450 9618
24 25 500
438 439 459
842 843 7283
161 162 8618
159 160 290
199 200 1117
300 301 4313
829 830 3555
488 489 342
565 566 8732
589 590 7211
701 702 4302
672 673 6088
584 585 9177
861 862 5901
696 697 9260
524 525 9100
99 100 7859
134 135 6895
198 199 4648
172 173 9877
196 197 3194
588 589 7131
560 561 3305
513 514 2023
687 688 9609
993 994 2596
693 694 5472
541 542 8173
797 798 9054
663 664 2542
649 650 4507
212 213 2608
838 839 9031
982 983 9998
485 486 1379
778 779 674
573 574 2516
349 350 1182
117 118 3701
257 258 76
973 974 2764
833 834 6919
35 36 9770
373 374 4522
538 539 5399
561 562 6877
587 588 1122
389 390 7831
857 858 684
802 803 6278
277 278 1613
780 781 2785
468 469 3604
936 937 8481
205 206 8815
888 889 506
418 419 8008
122 123 8318
407 408 8869
279 280 3193
350 351 7649
518 519 958
47 48 6048
517 518 1737
244 245 5733
343 344 8272
401 402 2669
207 208 2848
795 796 999
678 679 9681
574 575 4771
855 856 4315
932 933 8990
353 354 8317
896 897 1806
155 156 7294
25 26 326
173 174 2385
342 343 1213
717 718 1262
261 262 7289
592 593 1284
939 940 1192
459 460 7710
91 92 1698
884 885 9922
186 187 1117
102 103 1250
732 733 4554
323 324 646
367 368 8208
126 127 8044
684 685 8538
107 108 2332
900 901 2479
647 648 8937
595 596 3276
203 204 4827
766 767 1555
131 132 9215
769 770 8409
714 715 6553
474 475 7313
627 628 3187
440 441 3477
423 424 6473
393 394 7209
602 603 5291
479 480 3757
793 794 1206
209 210 5330
372 373 9611
755 756 2765
902 903 734
995 996 6290
217 218 2595
763 764 4573
89 90 7340
539 540 1605
292 293 9426
648 649 149
282 283 9047
708 709 5232
681 682 332
974 975 5034
268 269 1715
996 997 8580
655 656 4475
877 878 240
0 1 8130
453 454 5839
615 616 5189
683 684 4706
228 229 5559
308 309 8154
400 401 9151
110 111 6209
249 250 3756
849 850 7897
724 725 1347
609 610 8965
136 137 1639
637 638 2613
935 936 7762
312 313 4038
443 444 9649
751 752 8856
57 58 2402
352 353 4308
486 487 7400
972 973 9524
318 319 8872
460 461 9278
668 669 8238
113 114 6191
436 437 9102
505 506 7506
80 81 9519
547 548 9089
817 818 6660
773 774 9720
529 530 8343
923 924 4276
492 493 5665
309 310 1387
483 484 8421
451 452 6372
491 492 9463
142 143 7682
820 821 6941
928 929 712
919 920 7133
361 362 5358
643 644 3721
52 53 2015
545 546 471
124 125 4188
38 39 3771
826 827 4583
680 681 3769
794 795 3796
913 914 1738
23 24 727
345 346 3872
347 348 4249
951 952 3584
166 167 7146
242 243 4225
62 63 5154
998 999 2561
305 306 9467
942 943 505
952 953 1995
43 44 3046
128 129 1898
571 572 3440
148 149 7023
883 884 1937
22 23 2733
612 613 6706
325 326 3669
181 182 5702
174 175 4738
685 686 932
167 168 7906
897 898 4233
754 755 7097
497 498 3869
262 263 3008
990 991 1688
901 902 3502
355 356 1431
103 104 8555
219 220 5725
619 620 3668
775 776 9649
558 559 974
368 369 4874
736 737 6930
603 604 6929
792 793 4643
439 440 1829
551 552 2622
27 28 5721
441 442 3400
570 571 7640
819 820 8638
864 865 7540
316 317 1499
473 474 3604
783 784 7261
924 925 7664
720 721 9714
294 295 6819
73 74 4417
835 836 3447
92 93 838
860 861 7024
830 831 246
815 816 4784
810 811 5866
243 244 7722
744 745 9923
977 978 9545
321 322 1138
322 323 3611
504 505 6464
534 535 8333
577 578 7336
327 328 559
713 714 8025
957 958 195
53 54 7742
983 984 2525
753 754 4234
163 164 5951
671 672 832
285 286 1312
906 907 8682
604 605 5512
730 731 8762
197 198 2768
482 483 3194
184 185 7036
688 689 640
264 265 7698
430 431 4982
989 990 4048
737 738 4853
821 822 8266
502 503 8709
909 910 847
827 828 7320
269 270 8249
182 183 3863
925 926 7210
808 809 5208
507 508 7022
719 720 2039
13 14 6728
405 406 8064
90 91 6472
489 490 79
752 753 5782
59 60 4463
314 315 1869
310 311 4399
614 615 7204
425 426 6179
160 161 2592
272 273 3032
519 520 8596
456 457 2627
506 507 623
511 512 4926
661 662 6624
656 657 8646
133 134 9939
591 592 6136
657 658 7097
44 45 9325
307 308 3689
937 938 8556
258 259 3467
79 80 5581
869 870 1397
770 771 5358
66 67 6768
816 817 5244
727 728 3647
20 21 3766
791 792 3811
880 881 6584
75 76 6768
859 860 5768
943 944 4485
218 219 244
876 877 3588
311 312 3793
175 176 8846
301 302 9420
563 564 3213
866 867 8087
633 634 1491
706 707 9734
690 691 5094
523 524 2107
898 899 6150
965 966 2623
81 82 4080
394 395 1339
508 509 43
616 617 1882
711 712 7550
86 87 354
304 305 7600
230 231 8683
98 99 969
481 482 8413
50 51 7324
868 869 3629
41 42 8363
447 448 8381
498 499 9582
554 555 3825
697 698 3634
415 416 1894
472 473 8319
747 748 2191
848 849 8905
240 241 6879
522 523 9331
575 576 3944
750 751 5973
689 690 599
14 15 2516
130 131 9637
640 641 5486
147 148 7207
813 814 4466
743 744 3207
564 565 8240
955 956 5867
889 890 2403
129 130 998
402 403 4368
598 599 9318
109 110 7301
991 992 8594
626 627 2792
140 141 8989
858 859 1292
638 639 6634
921 922 5862
760 761 7517
64 65 2594
487 488 5088
686 687 6705
390 391 4511
65 66 1739
297 298 357
620 621 9286
674 675 516
987 988 2807
853 854 1954
567 568 8270
433 434 1903
907 908 7371
745 746 5538
187 188 3392
463 464 2696
202 203 7267
185 186 909
118 119 1524
890 891 483
351 352 8030
83 84 9490
677 678 2264
825 826 5621
341 342 70
516 517 8558
624 625 5259
221 222 6308
288 289 7276
414 415 5545
429 430 3483
431 432 5455
703 704 8798
533 585
330 452
55 443
114 916
409 841
348 471
323 677
617 929
712 834
428 489
583 729
697 890
238 990
2 63
16 748
33 998
382 856
802 875
176 928
579 747
164 744
78 829
377 604
6 652
268 532
228 460
182 463
106 882
644 968
108 234
375 748
84 861
820 833
329 906
44 527
215 781
191 955
146 860
571 916
58 799
455 705
437 910
16 659
205 877
422 746
438 662
98 345
283 503
32 454
290 787
50 988
339 863
336 719
182 237
254 848
221 573
41 778
303 588
31 207
478 733
386 641
694 714
494 751
82 827
191 417
708 710
631 640
388 958
715 942
195 538
77 290
257 501
44 147
191 917
557 636
136 233
282 842
436 838
580 947
83 543
11 258
397 719
192 681
445 972
300 464
608 633
378 641
594 870
168 282
271 893
232 611
65 550
41 194
180 297
176 617
296 899
403 584
79 810
364 375
557 861
