5 1000 4676 100
41 46 2140
484 486 9044
850 857 7324
950 957 8186
109 111 1643
626 630 9419
88 94 1751
752 757 9595
413 418 358
72 75 4371
943 946 2676
660 667 1792
854 855 6981
565 574 7050
320 326 1719
361 367 6574
643 648 898
81 89 5525
940 946 1121
677 681 7101
489 491 839
923 926 4807
698 703 9713
942 946 9966
77 81 8710
417 422 5386
345 353 2211
41 48 9327
773 779 1383
894 899 1930
190 198 9755
428 430 6739
859 860 1379
313 315 6962
22 29 7569
789 794 3946
32 36 7731
375 380 9467
930 939 2886
832 835 5900
855 862 6232
196 202 4007
500 507 2444
915 923 7
261 266 9808
340 346 7114
610 618 3632
589 594 6289
663 668 200
963 967 1752
767 771 5529
438 444 3498
474 477 7416
301 306 5367
934 936 2198
810 818 2261
315 323 8697
238 240 6896
705 711 1877
461 466 1304
831 837 8799
646 650 6636
826 832 5396
322 328 3449
729 731 7652
629 633 5985
968 970 4146
771 778 8041
801 805 1174
223 228 200
51 59 1501
525 531 4179
110 117 6368
980 988 6786
892 897 3302
37 41 2879
396 401 4378
109 114 2049
1 8 2936
342 349 4123
601 608 1393
450 455 3723
86 90 7701
909 912 9406
493 497 2218
851 858 3975
357 361 7946
333 339 9269
595 600 1362
513 515 5155
292 297 1625
758 764 2723
584 588 9105
681 688 6549
867 872 6373
21 27 1218
777 782 8344
903 906 6629
364 366 305
534 536 3906
795 804 4606
467 472 465
548 550 2257
696 703 1039
181 188 816
576 583 9711
454 459 3650
290 295 3562
454 458 5753
176 182 729
649 652 4390
227 232 3154
687 692 6098
939 943 8292
976 983 1041
679 684 5121
508 510 60
592 595 719
720 729 439
419 422 7312
673 675 572
747 754 7193
698 701 8203
671 675 4014
568 572 4899
946 951 8226
844 848 3129
331 336 8839
886 890 6952
864 867 3049
631 639 7814
427 433 3123
967 972 2611
667 673 6843
507 514 599
949 952 5925
634 637 136
593 598 3414
564 567 312
810 819 8878
898 901 27
751 756 4657
716 723 4592
971 979 2448
341 345 7958
770 776 6798
635 641 7631
210 219 1472
980 985 8206
538 543 9410
377 382 1749
57 61 4968
442 447 4509
452 458 3476
136 144 7359
81 87 9792
12 17 6835
292 299 8379
197 201 8001
185 194 3084
163 168 6699
355 364 4492
452 455 2345
896 900 8603
449 453 1062
564 569 8396
205 211 2764
108 111 1561
840 849 486
265 273 7526
954 957 72
771 775 7350
817 822 8249
840 848 7629
954 958 7359
264 266 8537
797 803 3109
233 235 4494
988 993 1476
408 411 5494
585 594 1111
24 29 2380
198 201 8900
681 686 3997
286 291 1348
508 512 1459
86 93 5098
53 56 576
704 706 232
230 238 8867
442 446 1040
29 30 2750
3 8 3664
951 956 1113
435 440 9173
16 20 6685
181 186 4656
59 60 7501
829 831 5735
481 488 2175
379 384 6058
278 283 2933
195 200 4806
438 442 3800
238 244 5664
658 662 1305
724 726 7420
988 994 3642
525 534 7919
149 150 36
585 592 4847
873 878 851
143 146 6236
242 248 4390
955 960 3681
943 948 6429
327 333 8107
722 725 7477
370 377 451
670 679 2545
132 136 2212
973 975 742
714 716 8162
519 524 9787
845 851 9298
780 789 8457
355 363 5749
884 889 8018
723 725 4255
245 252 6685
254 255 5019
739 744 6962
194 196 219
190 195 5926
811 819 2754
738 741 988
94 95 8412
383 388 5261
435 443 3744
512 515 4377
657 664 5045
322 326 8908
45 53 2013
50 56 363
250 256 2575
678 680 4522
114 115 1958
706 714 2379
619 620 2150
279 284 9326
756 761 613
843 849 1939
169 170 2185
792 796 4830
360 365 8757
379 381 8650
858 860 1394
532 538 7970
458 462 860
464 469 6248
862 867 4088
527 534 2854
281 289 3836
723 728 8183
545 550 9961
577 583 3751
768 773 7083
890 896 2329
48 53 3048
55 62 8538
927 932 4767
515 523 9221
180 185 6230
796 801 8686
171 178 9537
166 171 7737
78 83 5811
677 680 2784
624 627 9201
723 729 8688
154 157 1788
288 290 2634
445 453 18
327 331 3026
627 633 2229
786 794 6019
393 398 9834
553 555 6032
47 54 7154
65 72 523
736 741 3081
125 132 7641
987 994 6828
582 587 3579
711 716 1126
816 824 4953
963 969 2159
689 694 9080
107 113 7377
653 656 6417
668 670 3251
457 460 2161
850 858 1467
368 373 5178
692 698 9579
929 934 6599
365 374 7906
213 216 1943
725 733 7350
632 635 7407
49 52 9822
187 191 402
90 97 6877
588 594 6320
787 794 5381
709 714 9746
803 809 2996
51 57 3247
377 384 9540
521 525 3968
260 268 8011
558 561 6938
456 461 2232
452 459 7
605 612 8423
14 19 8646
575 582 6359
724 727 9099
93 97 9701
177 180 9282
986 993 8050
330 337 18
700 706 2299
14 17 4839
149 153 5372
836 842 5088
137 142 3303
286 292 7817
750 758 9872
432 435 2744
269 274 6070
734 738 8606
92 98 5870
978 984 8646
693 699 7328
952 959 9748
711 715 1973
490 498 7173
552 557 5460
772 776 9584
724 728 2322
172 175 237
119 122 118
805 814 7821
925 933 2090
789 791 3478
922 929 615
329 332 2790
548 554 5483
9 12 1534
719 723 7334
989 993 3924
194 198 3023
333 338 9999
941 947 2640
426 432 6194
326 333 1725
266 274 7465
925 930 6309
880 886 5681
618 624 8947
686 693 4982
966 970 4254
921 925 1924
35 40 9468
431 435 4069
280 285 886
11 17 4637
845 854 8999
512 516 8327
19 23 2868
526 530 5550
658 663 4551
508 513 7738
961 968 2818
252 259 6993
736 743 4839
682 686 1393
32 39 6293
617 620 1321
462 465 964
239 244 377
213 218 4721
447 454 422
469 472 5105
655 660 4742
807 812 5140
69 73 6796
688 690 2154
173 179 791
397 403 7530
949 953 1242
147 151 9608
264 269 3723
391 397 1529
317 320 2679
695 700 9687
640 646 3421
321 327 5410
509 514 4681
606 610 1761
917 923 3748
393 395 226
712 719 8740
326 331 3052
833 836 9249
722 729 6128
298 303 6652
741 748 4952
651 655 1078
273 278 9596
53 59 3
918 922 3693
228 232 4504
514 517 3448
197 204 4742
635 640 2332
640 645 6981
851 857 5590
457 462 8161
588 593 8943
678 684 6401
240 248 8228
7 14 6759
343 349 8000
18 22 9487
741 745 1798
42 49 6315
621 626 8860
339 344 9692
144 148 8169
924 925 2968
894 897 7935
768 771 3925
125 133 3354
69 72 3523
608 614 7756
37 44 6740
808 811 454
205 210 9476
161 168 9653
715 724 9839
44 47 2440
936 941 7479
839 841 427
582 585 2734
343 346 4064
636 644 1308
450 458 1015
760 766 1445
811 818 3647
917 924 7519
902 908 941
514 518 9750
282 285 4407
352 356 5006
318 320 4745
295 303 3529
269 272 2183
128 130 5835
865 871 6851
249 250 8898
240 249 7378
354 356 7219
367 371 2852
325 334 5034
575 583 3802
582 586 5824
865 874 3049
362 368 2184
235 240 5300
472 477 435
549 552 7047
832 839 6358
145 153 1094
121 129 3028
625 632 1238
576 582 3557
353 359 1112
335 344 2198
256 261 5705
812 818 7209
367 370 5888
243 248 5485
338 342 6471
772 777 4509
389 392 3876
265 271 8438
737 742 3167
219 221 8444
277 281 9928
153 155 2572
255 261 930
542 548 6442
311 317 2746
215 221 7056
782 785 497
955 963 995
986 991 2506
247 252 9177
614 618 3521
754 759 7891
61 66 8667
428 432 3935
712 717 8252
954 955 3327
140 149 3030
373 375 6264
106 114 7268
657 663 5490
236 240 6276
689 691 3392
66 71 7079
370 379 3249
87 92 8358
879 881 957
68 73 4152
289 290 9388
309 310 2223
467 474 6834
27 30 9935
210 217 6280
704 709 4169
382 389 183
822 829 6985
191 199 989
805 813 7798
626 632 9340
682 687 7862
277 283 434
193 195 5043
547 554 931
531 535 7327
552 556 6899
758 761 3478
206 211 405
601 609 8507
530 536 3079
208 211 5575
760 767 9613
909 913 146
783 785 7941
606 614 9163
305 313 16
192 198 2948
480 487 4633
370 378 7480
176 183 609
66 73 3707
56 60 5832
527 533 9839
507 513 6839
68 71 5453
183 186 6234
799 804 3896
484 485 5978
665 674 498
827 834 2052
845 850 8366
546 553 1029
728 731 7087
79 84 9685
369 371 4125
322 329 199
463 466 8895
794 799 5892
842 848 2316
417 421 4936
98 103 7909
411 416 2068
788 794 6682
57 62 170
648 652 2606
487 492 1042
650 655 5578
872 876 4599
800 807 8455
478 484 2558
366 374 3389
974 976 5921
718 720 5854
626 634 2657
671 676 8715
139 142 4319
744 745 4202
742 747 6911
165 173 8788
640 649 7749
289 291 9574
152 155 9665
798 800 6955
513 518 8186
263 267 7698
570 576 543
158 163 7532
730 735 5257
661 668 9641
623 625 644
41 47 9181
415 420 3063
909 910 1550
917 922 6815
59 64 7577
379 382 6709
35 43 3859
828 833 2577
109 112 1156
815 822 8672
164 166 8015
828 830 39
229 233 6494
76 82 1401
162 167 5567
952 955 1427
633 638 6057
416 420 1089
590 598 8342
561 569 2486
572 575 9292
195 203 2404
641 646 3157
330 336 8669
324 327 5927
259 263 4570
514 515 2627
459 463 235
796 800 151
45 50 4384
572 578 5174
713 716 4640
717 724 3137
848 854 5014
993 996 6204
665 670 6080
727 731 9070
346 354 4840
900 909 4160
297 302 8439
554 557 4706
292 298 8912
113 115 6242
876 882 6394
627 634 6080
581 588 4548
636 640 2279
163 169 9912
802 807 980
522 527 5757
432 436 2351
935 943 7481
95 102 2588
695 703 5208
403 405 665
981 989 2177
52 59 5775
61 67 540
388 394 5564
574 576 8843
856 863 7650
393 397 171
628 634 4716
775 780 7869
683 689 586
11 16 9408
128 133 7093
10 18 7606
801 806 9632
227 230 8205
535 541 8928
639 641 4095
139 144 4849
814 815 34
831 836 7705
699 703 7350
983 988 6805
392 395 366
231 237 4321
990 996 6754
692 696 7490
350 358 4622
942 947 510
569 570 763
494 499 7062
128 134 6210
700 709 2101
415 423 6332
726 730 470
485 490 1208
47 52 1136
294 299 3832
174 178 9667
614 616 9640
500 505 9477
264 265 236
436 443 9540
183 189 1316
238 242 3900
67 70 2276
281 288 7277
431 436 9002
58 63 9072
273 275 8770
174 176 8803
947 952 8028
959 961 223
765 771 2419
84 85 6551
48 50 6178
180 187 3109
604 609 3657
7 12 68
175 184 4650
405 410 39
209 210 3123
425 431 9496
300 306 4506
855 861 6961
626 631 301
70 78 1579
282 286 4149
810 817 715
268 270 7787
529 532 6969
959 960 1455
191 196 486
470 476 329
683 685 5318
900 905 7101
617 622 7137
307 313 3133
320 329 6702
509 511 3665
693 698 9138
50 55 9893
986 994 6847
382 386 8982
100 108 4073
69 74 811
303 308 2539
275 282 1732
584 589 6576
853 856 5213
904 906 2587
581 585 3273
678 683 2631
31 36 8263
399 403 4970
226 233 1713
468 473 3922
247 251 2410
70 77 308
37 40 1765
0 8 8260
522 528 6113
532 537 5529
986 992 8323
798 803 6497
839 842 8112
667 670 4625
656 661 3486
950 959 8174
81 85 4942
192 195 7091
436 441 5649
52 55 6590
105 111 900
311 316 4537
736 744 6780
49 50 8140
559 563 9216
217 223 5878
56 61 1434
103 105 9105
468 474 3875
829 834 2460
951 959 5695
793 795 1134
165 170 4763
630 636 40
916 922 5448
392 396 1417
908 913 1417
188 191 8224
974 978 2395
368 371 3572
836 840 7843
312 315 9919
137 143 3925
645 654 3624
65 73 8950
284 289 4386
465 471 7238
712 715 1479
490 499 152
380 387 367
740 747 2862
402 408 3608
523 528 5716
108 112 3011
7 13 4944
24 27 1928
751 759 7850
368 372 6392
360 366 2984
703 706 2927
447 450 9416
298 302 7079
324 326 3461
791 796 1161
721 728 5858
847 852 856
431 439 5727
1 6 1936
195 202 9548
184 186 2689
120 127 2723
518 523 269
623 629 8105
173 176 5442
380 385 9075
620 627 2885
77 80 8555
714 717 6511
199 201 4653
208 214 2883
291 299 9104
815 823 7778
334 335 6055
574 579 8249
36 40 3140
231 239 6606
555 561 1743
296 304 3361
913 917 7349
592 598 2640
315 324 6612
593 599 8494
553 559 1975
866 871 7354
250 258 4053
662 665 7643
136 143 3055
269 273 3850
822 827 2781
693 697 7121
438 443 5852
354 358 139
761 769 2884
182 185 7904
284 288 4308
119 120 5783
463 465 9718
851 856 5968
46 51 1886
431 438 7334
515 521 2178
115 124 5892
744 749 4579
669 672 5525
602 609 1162
27 31 2835
925 931 5849
612 616 8989
340 345 8673
932 939 8770
130 135 5013
978 983 2044
742 749 419
826 833 2840
975 983 1946
809 811 5880
878 884 5077
461 468 6083
579 584 9603
385 394 3985
653 655 9103
658 660 5879
941 946 7631
163 165 8129
523 525 7333
62 68 3312
46 52 6726
302 309 9123
895 904 1838
180 189 6882
157 164 4200
758 762 5439
104 105 792
167 171 1713
727 734 6810
884 886 5102
852 859 2337
176 180 4974
987 991 987
910 919 4627
690 698 5446
411 415 4317
987 992 3055
307 311 4532
311 319 2126
400 407 5272
912 916 7065
951 955 3354
229 232 7558
241 245 7766
937 941 299
161 167 3905
980 989 9046
486 493 4519
305 314 8937
566 571 4004
962 968 743
99 104 2394
368 374 5994
412 418 817
617 623 5056
922 926 4404
621 625 6932
128 131 1346
488 492 5632
723 727 7497
707 713 7411
97 102 1894
788 793 940
993 995 9052
695 702 3854
596 600 333
238 243 3944
215 222 2081
843 846 8415
447 453 8026
275 284 2003
371 376 2995
560 566 8967
340 347 9027
642 646 986
720 727 7670
630 638 5466
583 587 4412
631 638 8779
567 573 7204
23 27 310
278 280 7628
647 652 996
602 608 7248
228 231 867
529 531 4131
670 678 4204
38 44 7799
651 658 3903
328 330 6992
382 385 9668
795 800 7117
376 383 1220
644 648 9797
232 239 5978
240 246 4663
590 595 6473
809 813 1694
541 548 7729
860 866 3821
788 791 2426
184 188 7091
346 350 5104
943 949 2318
981 988 6283
292 295 8626
781 786 1536
568 573 3764
210 216 9457
49 54 9818
2 8 1806
838 844 6924
540 549 8380
323 327 3292
473 477 8554
920 929 4288
299 300 9004
850 855 8065
780 785 9865
513 519 5252
396 402 927
51 56 2177
991 996 8314
90 95 198
185 193 1586
233 239 1420
469 471 9215
201 208 4721
168 173 9999
258 261 5369
597 600 2505
441 446 9495
629 632 3031
62 67 3413
638 642 3920
352 359 6980
111 117 3648
674 679 1047
387 392 1967
5 13 9228
578 584 7684
367 372 5202
575 584 4087
283 285 5693
710 716 4751
174 175 2616
684 686 892
287 291 6495
450 457 955
771 777 635
967 970 1031
672 675 2912
405 413 5348
74 78 2097
660 669 8597
968 973 3622
522 526 2738
4 5 1650
114 119 7374
825 832 9465
360 369 8460
904 907 8184
720 726 9141
610 615 4518
534 537 411
770 777 1175
141 148 1768
48 52 1650
823 825 768
724 725 9440
556 561 2573
466 471 8949
789 792 1390
647 653 7666
261 267 8187
232 237 8518
738 744 6132
632 638 1711
782 788 9659
458 464 1244
429 432 7361
976 981 9489
786 791 3805
534 539 9240
296 300 7551
479 480 6297
52 56 5721
457 461 5805
706 710 6441
957 962 9913
272 276 8721
496 501 7921
566 570 8621
456 462 2034
277 284 1755
179 180 4598
86 94 7972
121 127 9696
323 326 2313
795 803 945
493 495 1594
136 140 7330
919 924 7885
24 25 9171
937 944 2644
578 582 5323
249 252 3255
852 855 7021
25 34 1566
384 385 208
502 505 5025
492 498 444
161 165 2338
131 135 8620
205 214 7920
8 14 1284
468 472 5496
461 467 4602
486 491 3112
827 833 7269
774 775 1552
230 236 7214
734 736 9179
733 738 4163
21 29 2069
410 418 33
208 213 2450
245 253 4362
3 7 5579
752 759 5470
635 643 2539
886 894 6158
406 413 9017
589 590 3928
251 259 2649
439 443 7534
603 606 9393
977 983 2924
921 926 5272
967 973 2298
132 137 2628
891 897 8720
457 463 9858
19 22 4542
648 653 2037
957 961 6755
181 187 3201
120 126 4868
483 489 2219
233 236 9571
297 301 2238
775 782 7569
907 914 5566
864 865 2397
957 963 9990
187 190 5984
947 953 13
783 786 7939
938 942 1676
252 258 7034
961 966 9041
402 409 6643
837 840 7918
171 175 8619
539 541 8819
341 347 8571
300 305 4139
377 383 2950
556 564 4538
427 434 3423
555 563 4235
82 89 2806
583 588 5079
532 535 8959
47 53 4894
493 498 3670
920 927 2582
2 6 2263
412 417 2029
395 402 3231
848 850 3722
961 967 4354
613 619 7568
181 185 6847
834 835 9703
363 368 7682
559 561 5747
336 344 4110
533 539 5351
994 998 7129
152 158 3292
85 90 624
632 637 8028
532 539 8935
894 896 1733
268 272 803
637 640 8872
511 518 9891
133 136 4497
893 897 1781
690 696 1223
147 154 4265
593 597 7852
163 166 1077
439 444 6571
400 409 8578
234 238 9060
958 963 9912
470 477 221
32 35 5828
133 135 6375
893 896 5739
700 708 200
745 751 8773
653 657 2938
593 595 2763
931 936 8190
769 770 970
894 895 5616
852 856 3744
115 122 9104
164 168 6821
190 196 4588
854 859 2239
96 103 9128
34 36 4383
31 38 5511
743 746 1551
476 480 4013
969 971 4828
480 489 3330
618 622 4398
117 120 9770
824 826 992
485 494 6602
661 669 1874
260 265 1844
594 599 3687
666 672 1890
872 878 6912
464 467 3856
662 666 1622
501 505 7023
488 493 5052
121 125 7802
83 85 6456
84 86 5791
764 768 9253
735 743 3315
599 601 834
589 593 6485
148 153 1623
514 516 524
50 58 712
337 343 3156
842 847 9996
731 736 5060
530 539 2631
544 548 7835
376 380 8883
295 304 84
962 965 9511
20 26 9457
418 423 4675
143 149 3817
145 150 5303
53 57 982
843 847 5807
733 735 647
212 215 7736
98 102 7396
994 996 1027
396 403 2277
495 504 9563
537 540 974
869 872 2442
91 99 6605
90 96 4529
153 157 3050
190 199 8699
794 795 4510
524 527 3753
58 64 5483
562 568 2179
373 377 5415
878 880 380
437 442 7898
398 403 1914
883 889 4724
872 877 9891
76 83 4423
593 596 1858
153 159 4624
95 104 5627
313 318 5245
133 137 6860
163 167 9051
268 271 1998
295 301 3275
639 640 3443
908 911 2573
200 209 9780
133 139 9623
740 746 6383
799 803 7511
598 601 9083
787 791 2076
809 810 3701
819 824 1090
260 267 1395
491 499 4461
806 810 7977
509 510 3717
919 920 459
872 875 7242
608 613 4745
583 589 230
348 352 7125
310 315 5828
833 835 9840
293 295 3564
317 321 9439
364 368 1455
767 772 7788
311 318 4475
114 118 927
904 908 5589
29 33 2501
953 957 2222
518 520 5218
272 278 270
309 312 562
965 970 6928
499 503 6271
116 120 9178
39 44 4894
974 977 1106
97 104 1321
176 181 2822
143 148 4096
992 995 5591
973 977 189
159 161 8149
397 402 6273
759 761 57
564 568 4455
560 569 4809
931 937 5296
880 887 7959
211 215 4625
127 131 5377
568 570 8273
948 953 7215
813 818 4323
622 627 9113
282 287 7136
881 886 1176
350 359 6875
18 20 5069
78 84 4468
63 65 5256
495 501 4963
960 969 6955
218 224 8911
633 636 7314
666 671 8819
266 271 5886
58 61 4454
526 531 58
74 76 5869
708 713 2872
608 612 6133
830 836 3196
553 556 1329
495 500 9107
634 635 8554
886 892 3518
795 801 746
262 266 132
517 523 7425
151 156 4850
777 784 7813
890 899 8533
304 305 197
251 255 6310
984 987 8366
353 358 8801
886 893 706
778 784 4744
365 370 9711
55 64 1684
764 765 7660
624 625 5672
80 85 5842
117 124 7418
702 709 6447
198 203 1673
687 693 301
642 648 960
21 25 670
871 877 9637
408 414 2046
415 421 5256
255 260 1089
76 81 7059
472 476 3432
401 405 5655
15 20 4400
197 202 3827
941 948 1594
532 536 5374
868 874 8204
614 617 518
526 533 9730
434 437 6327
652 656 4759
595 601 6186
899 902 2141
931 935 1588
603 608 6487
481 485 673
712 716 4616
980 987 9737
343 348 4776
446 451 5086
502 506 869
420 429 229
609 611 1045
248 253 6357
386 391 2637
146 152 585
457 464 8282
262 269 179
929 931 4865
122 129 9586
172 179 7998
622 626 6714
353 355 6836
158 164 1226
841 848 4378
16 21 6189
83 89 8457
67 74 3664
293 299 4688
26 30 1473
273 276 6397
673 678 6880
528 531 9393
779 782 541
624 626 1096
206 210 5429
446 453 9429
266 272 4989
352 355 3753
71 78 8597
34 37 8909
503 508 3804
141 145 2880
569 573 2729
87 90 8344
667 674 7124
821 828 3245
290 297 4324
321 326 726
869 870 3150
221 225 9312
546 550 4616
202 207 9076
154 156 8483
103 109 420
879 880 2282
800 806 483
416 422 189
81 88 9419
499 502 8766
253 256 5548
743 745 9139
956 963 6322
8 10 7295
477 484 3996
643 646 3191
186 190 6705
935 944 5367
756 760 9792
318 323 7510
359 360 3799
82 86 6281
989 991 8711
17 22 5302
73 77 7793
762 769 877
118 123 8327
654 657 5096
194 195 3349
179 184 9726
337 340 9191
242 245 7951
196 200 1005
839 844 3598
542 549 3114
94 99 2319
611 617 810
95 101 8823
612 615 4290
166 174 5767
302 306 6556
200 206 5134
156 161 9310
823 827 6457
286 294 6815
221 229 609
976 982 6269
99 101 7386
511 519 9769
928 930 1560
73 79 63
858 863 6251
136 142 7950
688 694 9521
96 100 2888
444 445 4145
122 126 9512
604 606 3790
7 11 5106
886 891 9762
607 611 8945
124 127 8973
675 680 9804
63 69 1048
503 509 3333
672 676 8985
704 705 8086
519 520 7236
878 882 5051
924 927 7454
374 376 6303
452 456 7826
112 119 8927
402 406 5906
419 424 5341
926 932 5160
928 934 4303
549 553 6884
960 966 4166
829 832 5249
962 969 829
640 647 552
365 371 7632
513 517 4766
583 585 9228
649 653 9904
722 728 7026
237 240 4563
383 389 5317
67 71 4774
20 25 3821
361 368 1529
562 566 3098
224 225 6586
759 763 5827
167 170 5400
850 856 2822
704 707 9587
212 219 5621
976 980 9627
702 706 3291
622 628 84
847 853 9801
713 715 7104
269 270 3783
287 293 6402
244 249 7005
226 232 8652
489 492 4915
784 787 5423
61 69 9068
970 976 4074
504 508 1990
926 933 214
236 242 6485
743 748 104
620 629 9188
38 42 8608
669 670 7956
985 994 1369
32 38 790
401 408 3382
74 75 5815
235 241 2792
349 352 5184
497 500 9159
392 397 4184
801 807 5651
835 843 8622
516 524 7767
372 379 4579
40 46 6281
82 85 7936
662 667 3494
57 64 2360
814 819 3156
615 621 2357
451 459 4748
36 42 6937
650 658 5723
107 112 4051
705 714 8398
754 756 8535
497 502 7597
234 237 9172
529 534 5828
404 409 7662
666 673 3270
326 332 4911
983 987 2057
909 911 6821
357 360 1831
365 372 3754
933 935 592
43 48 5250
736 740 2336
15 23 5345
433 437 7799
245 250 887
559 560 1991
498 500 2818
972 979 5375
392 398 8181
315 321 4134
582 588 3038
673 677 9216
955 961 8755
575 581 138
766 773 5832
224 228 4052
595 602 2346
769 772 6700
331 335 6621
745 754 1876
104 106 3861
502 508 4068
407 410 4827
677 684 6007
418 424 5679
385 392 8851
293 298 3199
438 441 2772
918 921 7520
79 81 6182
399 400 4629
252 256 6256
972 978 9655
82 87 3409
434 436 4212
8 11 7207
685 692 4256
870 878 9577
117 123 2939
323 325 5602
345 352 5807
425 430 2978
193 196 2540
738 742 8772
410 419 424
857 861 1124
941 945 1819
33 39 7981
792 798 4277
738 740 116
13 17 8872
951 957 9730
35 42 2102
773 776 6467
26 33 9387
944 948 4435
16 24 6989
619 621 9894
141 147 3064
18 23 8353
8 13 1870
363 365 4422
214 216 6987
434 439 6016
425 433 7096
841 845 3627
329 334 359
410 415 2525
878 883 3974
889 893 5625
691 695 2779
347 352 2715
369 372 1730
945 952 6387
114 117 8977
693 696 3086
681 689 8537
966 973 5196
199 202 973
694 698 6476
404 405 3535
99 100 9078
908 912 993
43 46 4723
902 906 7925
43 45 3965
772 779 8518
633 637 8891
362 369 5677
276 283 7503
456 460 8823
45 52 3011
376 384 7807
360 368 9525
520 527 3586
819 823 8248
278 284 40
512 519 7037
79 82 5611
169 173 7138
530 537 2077
6 12 3448
142 148 3147
974 979 3037
841 846 5133
518 521 3063
216 220 5010
389 390 9474
130 139 6857
265 274 5267
336 341 3951
880 885 1106
4 6 6846
214 217 6084
795 802 7628
983 986 6403
466 470 5236
991 995 9551
921 929 9395
555 562 6022
977 980 1635
256 262 5767
437 441 1403
263 266 2752
608 610 5670
694 697 3212
279 281 5673
730 736 4811
884 885 1884
378 383 7497
443 448 9450
675 682 5155
877 884 6431
45 54 8326
556 562 4280
403 406 6371
101 109 1267
542 545 5731
187 192 7828
216 224 9085
581 586 9361
334 338 4006
260 266 3861
914 917 8577
450 459 6622
784 788 3708
330 338 3319
664 669 4739
616 620 1692
270 279 7425
822 825 6875
778 783 2382
201 205 8953
244 245 3750
929 932 6438
17 24 5240
308 313 4095
615 623 8015
895 902 7168
896 902 1178
363 367 2168
732 736 4830
522 529 1741
419 423 5942
682 688 4762
666 670 4254
310 318 4078
6 11 4801
362 365 3419
476 483 8663
798 801 7194
301 305 283
454 456 2672
480 485 9683
753 755 6706
192 196 1152
659 661 6402
697 702 1642
940 947 331
474 475 7450
634 636 4382
242 246 4037
199 203 7295
338 343 5837
862 869 1476
71 75 8219
766 772 6497
756 764 1076
429 433 7590
108 110 3568
288 293 9936
915 920 6980
739 741 4042
748 750 9438
474 478 8755
401 409 1976
528 530 6775
372 378 9645
408 412 4235
454 457 6178
165 174 627
734 737 4520
101 105 5247
409 413 2602
858 862 7039
673 679 516
283 288 6023
16 22 1375
259 261 8795
838 840 8114
713 718 8651
417 424 3332
172 176 2329
316 320 5878
474 476 6835
658 661 4328
730 739 1413
935 940 1695
298 300 5170
329 330 5310
176 184 2215
852 858 9131
135 141 7713
768 772 8701
425 434 8191
331 338 3940
541 545 4681
276 284 1763
874 875 8692
760 768 4940
211 218 5796
41 49 6723
749 751 9629
158 161 1972
915 924 6314
423 425 9335
523 529 5299
606 611 8996
746 751 9120
673 676 2440
697 701 9853
903 909 7255
498 503 8351
221 226 4232
378 380 5529
102 106 3596
201 206 9033
526 534 8719
450 456 6103
665 673 6134
747 751 4160
212 217 4053
638 640 4328
54 57 4788
298 301 3493
982 989 896
561 567 6328
599 600 2992
271 275 183
371 378 9610
382 388 5477
875 882 3020
148 154 8267
220 228 9815
630 637 2652
902 909 1450
863 867 3648
491 498 3753
437 443 40
535 544 3989
189 190 5170
364 365 3546
899 903 4461
754 755 9134
726 731 297
341 348 2523
947 951 6988
10 17 8869
73 76 8204
644 646 4772
586 594 1449
769 773 8440
118 124 4999
341 349 7952
383 386 8972
191 197 352
553 557 2732
530 538 6149
174 179 1535
244 248 9930
40 45 3674
558 562 8826
692 697 5561
869 873 4094
602 607 589
873 875 1381
483 488 1881
572 579 1267
964 968 7470
516 520 3599
142 145 8977
369 373 2606
504 505 4231
928 931 5975
324 325 8160
678 682 6812
257 261 1782
983 989 1238
207 212 6799
909 914 8934
727 732 4865
726 734 1374
413 415 5309
558 564 8088
328 331 8908
922 927 8504
661 666 6829
261 268 5342
249 251 1847
599 604 8453
237 244 5336
507 510 9961
813 815 2190
921 927 928
774 776 1332
973 978 7781
498 502 6024
363 366 1460
591 597 9459
20 29 7365
471 475 7424
106 112 8486
104 107 4714
840 845 6967
193 198 6875
134 137 4483
577 582 4841
396 404 6511
429 431 4828
109 113 5906
222 227 3450
351 357 1927
942 949 8350
574 577 868
164 165 5486
711 718 4383
485 491 3980
775 781 3954
213 217 3211
314 315 7942
404 408 2842
753 759 9079
207 213 7949
729 733 9381
203 205 6789
957 960 9898
384 387 6492
484 487 794
594 598 2288
16 23 7490
703 709 6063
653 658 1757
237 243 5349
837 844 5729
926 930 4577
536 543 4294
160 166 8848
684 685 9030
219 222 5578
855 863 5936
124 128 1623
798 804 9424
860 868 5684
481 486 3670
325 333 2720
577 580 8680
994 997 9823
930 937 8518
222 228 8687
963 968 2970
381 385 4754
308 310 5668
758 763 3401
440 448 5577
776 780 2766
970 977 5515
605 613 7556
533 537 4579
676 684 9169
765 774 5948
243 245 8509
240 247 385
701 708 1003
873 876 2553
222 225 2679
196 201 4292
429 430 5090
967 971 1997
689 690 6372
745 750 5015
277 280 5882
455 464 1883
235 242 8840
296 302 5211
482 489 7873
638 643 5185
620 626 9440
842 845 7070
458 463 4160
267 273 8893
174 177 6641
210 215 4782
935 942 2586
862 865 8888
46 50 7558
825 833 1794
453 455 6921
143 147 9439
476 482 838
811 815 4702
520 529 687
832 837 9675
801 808 1760
554 558 8026
243 249 7633
949 954 1134
353 356 7611
355 360 47
409 414 4075
494 497 2219
717 721 7748
944 946 3660
325 332 3450
519 523 7408
867 871 5893
571 575 7624
394 398 702
170 179 9733
440 449 5451
970 979 2687
984 985 5848
686 692 7693
13 16 1612
206 213 6151
684 687 8
141 149 3079
434 438 3316
375 383 8516
345 354 8190
569 571 7972
207 214 3912
300 307 2728
981 985 8092
211 216 8906
100 105 1475
286 290 5183
759 762 5610
699 701 8193
989 990 8637
560 567 9781
121 126 3804
473 479 6283
177 182 4128
126 134 5137
783 789 7932
889 890 5791
24 26 216
669 671 9611
62 69 9279
945 954 426
731 735 2343
882 887 2290
138 142 9693
170 177 8193
503 507 8841
764 766 2252
601 606 3597
317 322 1358
388 391 5340
357 362 7663
499 501 4566
728 734 3445
982 985 7543
310 316 2456
375 381 2336
947 954 9499
732 735 719
516 521 3502
258 264 7837
215 223 8667
944 947 8316
306 314 614
147 153 4515
982 986 1745
80 86 6256
537 542 9738
145 154 6603
324 328 5733
349 354 959
767 774 3577
607 610 6903
362 367 1785
491 497 6257
516 523 9510
488 490 7946
4 8 3615
400 405 6148
823 826 4364
123 127 7935
348 351 4729
916 924 8989
943 947 43
542 547 2507
241 249 3602
654 656 987
847 851 5743
215 224 2235
706 713 8418
193 197 4380
254 258 5910
939 941 728
326 330 2719
336 340 6156
757 764 2555
771 776 3450
641 647 9003
381 388 3168
870 875 8697
507 511 7365
566 574 5182
764 767 6395
539 540 7033
48 54 9976
387 391 762
348 354 9864
784 785 2815
979 983 533
254 256 7819
189 194 6545
312 319 6998
462 468 489
834 837 9439
336 342 9237
211 219 3320
991 997 5614
77 84 2727
945 951 2311
732 739 9117
206 212 2444
652 657 6291
411 417 1959
398 401 3040
482 486 1813
65 74 9680
329 331 927
293 297 7631
418 422 1128
475 480 3949
263 265 1986
28 30 3256
703 707 5481
498 504 5620
603 605 6974
239 241 6496
146 151 7791
422 428 1971
649 654 6588
856 862 3989
512 518 9807
697 704 4391
130 137 2205
209 212 4822
696 704 1214
779 783 7842
961 965 2572
460 466 7711
361 365 4752
145 151 8704
477 481 4629
742 746 9549
275 281 3652
792 797 8490
683 687 6241
866 870 3715
52 58 8264
270 275 1712
253 257 7070
524 528 1121
394 397 3081
105 114 9370
646 654 897
182 188 7132
888 890 1817
528 532 4669
198 200 1171
168 172 9763
509 513 575
394 396 654
461 465 4534
250 255 592
1 5 2525
274 278 3317
546 551 7699
863 866 7092
570 578 1018
647 654 3536
269 271 9882
460 469 2143
479 483 6678
31 37 4655
655 664 243
107 114 8357
171 179 5439
351 356 3079
755 761 5551
846 853 9506
102 108 5572
859 861 5794
773 777 5182
198 204 5821
906 914 5426
386 392 843
935 941 5552
568 571 7996
248 254 9940
763 766 9577
513 516 7513
625 630 3750
96 101 8524
2 9 3534
602 605 2710
247 254 4121
283 289 4645
469 470 5473
930 936 8009
757 762 5429
391 395 9056
961 969 5848
48 51 5482
33 37 3767
351 358 4599
167 173 5540
934 938 6244
645 652 8111
505 511 9596
234 235 5309
893 899 5124
434 435 8367
563 567 9891
185 191 3162
445 450 4961
777 783 5284
161 166 1214
278 281 8028
794 798 1069
72 76 1138
679 680 9244
824 827 9128
680 687 4908
784 789 5825
156 163 299
22 25 9755
927 933 1665
494 495 4004
914 915 9485
64 69 2950
685 693 8796
901 909 7415
107 110 801
493 499 4645
913 919 181
881 887 991
659 664 7185
725 730 6559
845 852 1803
10 19 8028
246 251 8209
562 565 6731
521 526 322
347 351 3942
89 94 3273
688 692 3694
849 852 7205
9 10 4767
851 859 1672
266 270 9878
814 817 314
68 72 8854
71 79 9713
693 695 6183
150 157 7732
23 29 5043
235 244 9766
965 971 6512
421 427 8146
64 68 2755
411 419 5644
40 47 5589
731 737 8581
903 907 6592
830 837 2418
166 172 3289
677 682 1794
25 30 7755
110 118 9868
92 99 7497
901 907 6603
177 184 5031
26 32 1581
506 510 1150
918 924 1579
105 113 2353
418 421 2601
550 555 6804
58 62 6257
751 758 1953
621 628 7729
609 613 5177
607 612 3604
70 79 1482
781 788 7614
320 327 9795
746 754 4503
151 155 4139
926 931 1499
477 483 8294
942 948 3644
864 869 3403
753 757 1669
928 932 8411
797 800 5365
399 401 3439
223 226 4419
623 627 3868
465 472 7758
192 199 7507
209 213 863
742 748 255
787 792 6431
285 292 9293
102 109 5527
655 662 6486
609 612 5516
643 645 1815
355 362 2749
18 21 5900
443 445 2047
834 836 3937
748 754 2398
294 296 1262
384 389 3277
303 309 602
796 802 4365
582 589 6930
417 420 4167
140 146 5883
257 263 6940
137 144 4740
821 825 7287
937 943 5933
779 784 1172
808 810 948
366 373 1603
255 262 9240
631 637 2386
630 639 3560
642 647 5807
509 512 6941
953 958 7591
70 75 673
885 892 7938
279 282 1255
960 967 1576
747 752 6070
741 749 3908
624 629 2892
28 33 7460
694 699 8530
129 133 2832
691 696 3868
449 452 9668
462 466 2176
741 746 5684
482 487 5397
814 818 9078
607 613 1688
876 880 572
543 549 1999
605 611 9955
172 178 4111
188 194 9461
37 43 8942
100 107 2357
252 257 563
638 641 5591
650 656 4011
34 35 3373
366 370 2481
733 736 1767
896 901 4523
571 579 1222
124 125 7371
467 473 6504
126 131 5590
359 363 4935
892 899 7298
261 269 4806
844 845 5443
83 87 519
488 494 6690
123 128 6763
980 986 9328
892 895 1257
854 858 6184
804 808 4591
228 233 146
377 381 458
339 340 6355
977 981 6675
219 223 7420
68 70 9667
143 145 4787
628 631 3538
687 694 4594
350 355 3947
856 861 4940
895 901 7311
223 225 1169
105 112 4926
75 84 8930
401 407 6315
636 642 9163
67 72 8684
785 794 5476
265 270 8805
776 782 5636
564 565 482
852 857 4352
296 301 840
948 954 9518
550 558 9088
798 802 1592
118 122 4614
994 995 2713
939 940 4597
382 387 3178
536 542 3551
624 628 5110
659 662 1773
907 912 5630
435 442 306
517 524 3436
763 768 1835
814 816 5600
625 633 4438
500 508 9049
399 402 5621
436 444 2392
641 649 3916
239 242 9689
115 123 6450
327 332 1977
496 500 9178
465 473 9210
40 49 5866
447 452 6541
573 579 6685
91 98 3883
766 774 1791
245 254 7632
754 758 28
596 602 6231
571 577 3527
223 229 5756
781 787 4190
860 867 8784
367 373 534
600 606 5363
75 80 643
726 732 2475
914 916 2154
455 463 8346
327 330 4360
420 428 6286
667 672 6194
349 353 3043
78 81 9570
603 609 3472
843 845 2648
786 792 8031
88 90 7124
643 649 2421
918 920 960
719 720 5155
151 157 4120
67 73 8434
854 856 5345
138 144 3558
535 542 6364
534 538 602
573 576 3137
424 428 5609
150 159 6577
897 901 5679
154 158 7847
567 571 5692
175 183 238
38 43 693
234 236 9353
20 27 3559
824 829 2415
97 101 1255
851 855 6004
782 787 819
156 162 3984
591 599 8697
30 36 7035
209 214 5160
504 507 785
829 830 8623
22 26 3591
755 763 3935
338 344 6021
122 128 8265
485 492 2521
522 525 477
306 311 6027
825 831 7236
847 850 9596
862 868 8983
440 446 1429
912 915 390
709 710 9073
374 377 1717
908 914 9284
10 15 5721
283 286 9721
896 903 7585
863 869 2078
902 905 2402
338 340 1759
871 879 5387
5 11 6053
820 825 6712
898 903 6976
510 516 993
705 712 1722
815 820 1435
968 974 8131
108 113 9026
901 905 478
229 231 2426
127 130 4993
281 285 3477
204 208 9568
520 528 3795
211 217 5133
96 102 9218
825 834 958
354 359 8290
844 849 9595
964 965 2811
333 336 4428
748 753 4451
251 257 5894
35 41 6619
912 917 9333
916 921 1812
459 461 4718
432 438 5236
605 614 7026
129 131 2765
576 580 1397
870 877 3639
985 992 6626
680 689 5846
55 61 4605
920 928 6855
444 449 1149
546 554 6821
963 966 170
709 711 2908
471 478 5429
114 116 5638
832 838 1493
59 62 4396
453 457 2340
473 475 4872
813 816 9595
173 175 6594
456 464 5194
578 580 3762
480 488 5095
78 80 8917
332 339 585
544 545 161
591 595 3854
49 53 5150
286 293 2072
842 849 8492
934 937 1796
438 440 6109
30 37 2767
433 436 3063
543 545 8852
378 384 5796
40 48 5186
837 843 2406
566 572 225
811 816 7926
585 590 6263
655 661 850
938 944 79
523 526 7423
975 980 7755
637 641 4232
385 393 8510
351 355 22
280 289 4389
840 847 4634
217 221 4372
663 665 3060
662 669 5084
11 18 7
884 887 7931
827 832 290
806 813 8336
109 110 7516
61 65 5075
988 992 5716
546 552 684
379 383 5280
98 101 9349
861 867 177
495 502 1709
148 151 1487
715 720 1557
459 462 4085
946 950 657
492 495 1010
833 838 8090
165 171 5429
358 362 104
571 576 184
60 66 7264
512 517 4418
271 279 624
943 945 4383
801 809 5425
572 577 4061
482 488 5406
651 659 6543
508 514 5413
149 154 8875
225 232 6679
609 610 8107
116 123 9160
4 9 9495
381 389 9470
570 577 4445
169 172 1793
905 910 9531
618 620 5647
441 449 999
756 763 4573
246 253 3810
510 519 3599
515 524 6136
901 908 1547
319 322 5658
236 241 8872
905 913 4353
26 31 6901
792 799 2663
741 747 8975
768 774 7138
66 70 1182
825 830 8559
501 509 5876
898 902 7768
701 707 765
113 116 3340
132 135 9888
320 328 2076
802 806 8210
121 128 2294
364 367 9105
632 639 1763
93 99 3537
337 344 8492
416 421 531
230 237 3502
664 667 8219
172 177 3502
716 720 7433
984 986 3691
69 71 8745
555 560 6875
180 188 5703
402 405 7242
910 916 6220
887 893 9164
887 890 9806
591 596 3396
70 76 4029
188 192 328
376 381 7465
313 319 441
577 584 1807
761 765 7257
923 928 8754
715 723 7031
803 808 7403
613 615 585
127 132 502
774 777 3841
826 834 580
489 490 3420
948 951 6058
891 895 673
356 363 2187
110 119 9229
365 373 7846
588 590 1702
876 881 3743
233 237 4760
291 296 3767
813 817 6888
380 388 7815
969 974 3463
42 45 3650
419 420 3481
430 438 8928
470 478 203
785 790 8188
525 533 4131
734 735 9162
648 650 7229
696 701 7883
775 783 4614
127 134 5580
350 357 7793
88 91 9555
486 490 5379
27 33 9373
717 723 8681
228 234 7989
472 478 6428
28 34 8182
869 874 3493
663 669 5921
118 121 5322
793 798 2115
793 799 633
150 155 6161
368 370 9891
64 65 1048
681 685 1109
559 564 337
251 258 3423
424 425 9183
780 788 763
807 810 1486
874 878 3804
344 345 6899
271 277 34
931 939 1600
645 651 6282
844 846 1813
786 793 4943
477 480 6456
898 900 900
991 998 4515
525 532 5612
65 71 436
263 269 3454
294 298 6527
238 241 3167
203 206 8760
676 682 4921
929 933 4080
749 750 5758
299 304 3130
959 963 8544
38 41 648
562 569 3592
599 602 1677
685 691 319
718 721 8951
330 339 7106
753 756 3876
483 487 4077
167 174 7664
953 956 7537
565 570 994
468 470 1910
72 79 9941
978 982 7298
12 16 9535
177 181 4325
587 591 6235
426 433 5693
448 450 5416
743 749 8132
1 7 268
585 591 6520
810 816 3631
584 586 8893
451 456 8520
503 506 9270
838 842 1772
92 96 6933
990 995 9005
505 510 9571
182 189 1810
138 141 4458
427 430 6390
328 334 8879
614 619 2413
483 485 7930
883 888 1173
637 642 6549
721 729 2655
98 104 285
567 574 8032
525 530 7348
548 553 4002
422 426 9680
778 782 6477
737 744 8023
904 909 2791
844 847 69
340 348 2342
788 790 2484
725 732 7797
633 635 4272
271 278 3365
884 888 2641
373 378 643
389 394 4856
352 358 3634
745 753 2080
257 264 1502
95 100 7069
89 92 499
539 544 1943
894 898 7921
144 149 172
500 506 1200
659 663 6283
856 864 3675
710 717 5569
189 191 4550
448 454 933
550 557 7661
241 247 5104
812 816 9100
981 987 4017
179 183 5775
342 348 6674
194 199 7573
736 742 7805
652 655 6014
332 335 8849
499 504 1631
631 636 4075
836 843 396
877 882 2295
962 967 50
77 83 973
927 930 3186
31 35 9486
208 212 2278
657 661 103
120 128 7248
36 44 3299
454 455 1884
400 406 4871
940 949 6055
151 158 6804
549 551 2784
390 399 9544
402 407 2030
556 560 4586
947 950 6501
774 779 7331
639 644 5741
971 977 9952
344 349 4378
954 956 5335
710 718 6954
428 434 5327
173 177 3314
496 502 5960
92 95 688
448 451 7195
785 793 5328
431 437 3661
50 57 2570
958 964 9433
750 757 3767
682 685 3781
656 662 2375
141 146 3921
839 840 3260
493 496 3482
579 583 8035
200 205 8842
702 705 317
480 486 4662
34 39 3519
628 630 3649
91 97 7942
913 916 5196
586 593 7471
511 516 8822
554 556 228
94 96 8492
366 372 7857
496 503 2878
50 59 8466
469 473 7040
25 32 1765
881 885 3864
159 162 1358
969 970 8278
460 468 4209
927 931 6073
54 58 6835
908 910 9301
313 317 3922
102 107 4422
273 277 8415
125 131 8170
870 879 8621
536 541 4716
959 962 277
421 429 9727
71 76 4677
627 630 5980
805 812 3311
828 832 336
37 42 934
664 668 6878
818 823 9433
325 331 8166
547 552 2431
375 382 149
335 340 2029
72 78 4872
340 349 4871
362 366 6054
882 885 2799
437 440 4047
544 546 6045
966 971 3403
837 841 2065
28 32 2867
241 248 9219
594 596 5313
135 143 2008
903 905 8077
159 160 2915
765 770 1364
218 222 3418
883 886 3634
757 761 6095
727 733 1863
279 283 8231
971 975 4289
808 812 7505
33 35 1749
965 974 2550
346 352 6523
563 565 4409
123 129 8961
749 754 7258
728 733 3294
925 932 8229
698 704 7746
971 978 6267
280 288 4640
629 630 3109
502 507 5522
236 243 9241
92 97 7657
476 484 6020
800 808 8092
956 962 4554
948 952 7074
648 654 5199
304 309 9489
131 137 3148
49 51 9969
420 426 6946
39 40 9476
377 380 5628
696 702 5207
964 967 667
641 648 1308
99 103 6077
288 291 351
708 711 3708
925 934 2293
720 725 7511
160 168 553
23 26 5439
51 58 5887
381 387 1791
162 165 6093
29 31 6359
472 475 6906
747 750 1127
580 585 6835
334 337 2911
805 810 6653
738 743 75
98 100 6748
600 609 2872
378 381 2093
442 448 427
23 25 3176
790 795 9612
655 663 2689
25 31 7348
596 604 837
787 790 989
393 396 7666
285 294 1858
14 15 6077
628 633 8176
538 542 9498
46 54 1696
372 376 1666
697 703 1816
414 418 504
138 143 7099
672 677 4433
716 722 5807
783 788 2569
993 998 588
874 879 9135
345 350 4576
57 63 9175
529 533 2448
386 394 4415
359 361 3
267 271 513
224 226 6583
654 655 5287
686 694 9710
346 351 7908
945 953 3539
497 503 9650
409 411 4429
229 230 2268
608 611 5395
534 535 6945
287 290 7802
749 752 8445
820 826 8319
5 12 7631
177 183 5164
155 161 2525
547 551 6618
877 883 9876
274 276 2771
911 917 750
864 868 1773
380 386 8144
65 70 1784
597 602 7430
169 171 6951
819 820 4161
896 904 6810
390 397 2175
342 345 8435
756 762 5418
877 880 4440
617 624 867
387 393 8026
521 528 7384
69 70 1319
332 338 9993
620 625 2040
557 562 4009
297 303 6602
571 578 1285
309 311 8445
694 695 4944
139 143 9354
314 317 9740
316 321 4570
506 514 4822
360 367 8358
230 239 3380
940 945 4008
625 631 8007
538 540 6671
871 878 7608
754 757 8408
199 200 6990
255 263 9081
670 676 7390
151 159 528
554 555 8679
824 825 8945
358 360 9328
735 744 3929
331 337 133
444 448 7369
816 823 8549
934 935 2372
644 645 4180
587 593 9170
615 624 9056
412 416 5154
563 568 8001
463 469 7387
149 152 6850
875 880 9938
649 651 6498
342 347 6606
757 763 8011
440 445 3693
2 7 8458
746 752 4367
186 193 2988
77 82 7123
436 442 8048
781 789 6958
147 152 4093
907 913 8468
880 889 3966
899 901 1065
338 341 9925
75 83 2175
44 46 2158
875 881 6167
710 715 4400
977 984 6401
933 939 1286
378 382 2398
116 122 5721
391 399 1410
540 548 3916
611 615 5995
373 376 6244
84 89 2308
804 806 2211
479 482 3597
374 378 9810
333 337 3186
660 666 6087
156 160 8400
639 642 1911
494 496 8
937 940 5343
584 587 2596
839 843 7641
969 972 2217
401 406 7692
395 404 3531
342 346 2716
840 846 9024
230 235 4534
637 644 9733
441 448 4476
328 332 5536
505 512 5677
638 644 8819
245 251 3464
192 197 1998
490 495 8144
262 267 5524
89 93 728
249 254 46
641 645 2243
106 113 9966
867 870 6671
423 426 2581
716 721 7617
949 951 7364
389 393 5157
977 982 9826
85 93 2355
4 7 5857
249 253 7080
712 718 4768
264 267 4881
218 223 7029
267 272 2100
597 601 5318
350 356 9141
410 417 5293
897 900 1171
820 829 9918
395 403 9274
679 682 4939
739 742 5893
206 214 2654
574 578 192
866 873 7781
540 545 5072
231 238 5727
711 717 2846
302 308 5164
224 229 9834
330 335 7097
139 140 7646
227 234 5758
389 391 8477
314 318 8640
893 898 7133
29 34 2046
413 416 9492
113 118 5968
418 420 249
299 303 4180
216 223 8657
319 324 1192
306 310 9392
61 68 6616
808 813 812
688 693 9360
625 634 4921
159 163 8602
695 704 9059
604 608 5345
142 147 7914
140 147 2056
606 613 2789
212 218 1633
317 324 9798
764 769 1751
898 904 3820
920 925 8527
913 915 3997
627 632 5827
651 657 2369
268 273 6435
994 999 9141
164 169 2118
175 181 752
955 964 3826
36 43 7553
860 865 4977
527 530 3687
646 651 8393
949 950 4953
667 671 7766
897 903 1613
902 907 6903
511 517 2609
537 541 2620
318 322 7921
124 129 7508
409 412 1117
845 853 341
129 134 3153
770 778 8831
246 250 7863
676 681 773
668 671 7927
531 537 1162
657 662 9296
38 40 1550
257 262 3512
461 469 8850
969 973 8153
680 685 173
110 116 6387
140 145 5623
713 717 4385
932 937 7957
373 379 1724
304 306 5576
405 412 2143
728 732 8177
311 315 5315
207 210 2602
347 353 7696
548 552 464
220 225 6971
346 353 5040
85 94 7819
443 449 7149
854 857 7152
462 467 1681
94 97 1332
383 387 2650
561 568 9132
407 413 7570
927 934 1025
991 999 4925
285 291 8237
829 833 1026
951 958 8950
451 458 63
475 482 4239
789 790 9789
254 257 2822
220 226 2158
599 603 7812
956 961 9106
387 390 2310
880 888 6567
146 153 2483
802 809 5506
808 814 7041
838 843 7640
111 115 1138
672 678 8695
657 660 9735
698 700 8129
689 693 736
237 242 1865
334 339 2430
319 321 8573
882 889 4437
842 846 7803
259 264 5962
636 643 6537
652 658 2937
861 868 6264
422 425 9784
409 410 215
979 984 5065
87 91 2798
889 892 3857
729 732 598
3 5 4705
492 499 9556
287 294 6317
2 5 1651
445 451 1767
478 482 1647
941 949 6133
390 395 4689
740 749 6662
381 386 8919
691 697 4328
688 691 1536
221 228 7554
668 672 1790
400 408 6725
945 950 7595
292 296 705
817 821 761
312 318 4988
297 300 5827
243 247 9826
545 553 758
590 599 9018
671 677 2424
645 653 1571
971 976 1458
930 938 7214
442 449 9999
857 860 8918
225 234 8946
714 719 1551
733 737 2592
489 494 5904
103 108 7357
666 674 6502
448 453 5917
33 38 179
830 835 8014
439 440 6140
237 241 3192
289 292 9415
112 116 2143
767 773 9888
130 136 1914
818 822 7089
752 758 8498
542 546 4843
126 133 5199
283 287 8057
459 460 7399
383 385 8512
364 369 647
148 152 3079
598 604 2435
195 201 1745
933 936 2097
371 379 6882
750 755 9630
586 590 4107
727 730 5335
826 830 543
790 799 2665
56 63 7856
413 417 234
776 784 2810
732 737 788
397 400 1979
112 117 1945
950 955 6851
279 280 3575
426 430 5844
987 990 613
750 759 5816
729 734 2060
415 422 4217
445 452 422
806 814 3735
746 750 1489
916 920 5279
199 204 5265
262 268 5928
424 427 1338
386 390 1812
63 68 8452
303 305 8907
838 841 1538
287 292 6246
437 444 1181
937 942 8240
358 364 8742
465 470 2009
592 597 280
309 313 7226
830 839 2000
739 740 752
737 743 6255
563 569 6956
422 429 9620
803 805 8454
414 419 6714
672 679 7916
244 246 6293
751 757 6029
255 264 7995
446 450 5955
423 428 1634
467 471 7240
565 571 362
885 891 7124
140 148 8686
481 487 3355
891 899 1236
972 975 6609
376 382 9469
740 745 9014
897 902 7046
21 28 1383
506 511 7988
112 115 675
228 230 9989
685 690 9829
887 892 8363
606 612 4009
804 809 8242
131 138 1907
535 543 6124
541 546 7087
549 554 6471
823 828 8594
251 256 7578
170 178 3030
82 88 6013
835 840 8824
579 581 5046
868 871 3369
471 476 3931
12 18 900
633 639 3738
558 560 5625
433 439 3333
946 954 2895
992 998 6231
308 312 1420
306 313 5993
761 766 3505
403 408 6148
481 489 9765
616 623 1891
209 211 2791
762 767 8731
936 940 7923
1 9 3
293 296 5784
184 189 163
527 531 1006
579 580 2801
331 339 5151
859 864 6710
9 11 9028
339 342 7527
573 577 6806
502 509 7863
22 27 4899
879 883 7599
891 896 2428
837 842 5689
443 446 3505
3 6 3471
856 860 4850
370 376 1564
914 918 8674
767 770 5204
305 311 2660
185 190 886
90 98 8059
550 556 29
617 621 1527
730 737 7404
828 831 6791
644 649 3881
476 481 5381
901 906 2463
895 903 6907
611 618 4636
275 280 2570
471 477 284
710 719 2237
42 46 2338
552 558 747
763 769 384
721 725 6287
580 586 9593
266 273 4838
835 841 741
930 935 1702
890 898 6246
619 623 965
545 551 6435
134 136 5262
288 292 8077
106 111 5843
564 566 8784
265 272 1370
51 55 6162
857 864 4716
495 503 3940
621 627 4179
47 50 4094
100 109 7015
671 678 2589
761 768 3199
953 955 9384
629 634 5642
817 823 9429
63 67 8810
107 111 9830
742 745 3671
668 674 838
636 641 1724
591 598 597
183 188 6360
13 15 9431
334 336 6674
597 604 742
132 139 5775
60 68 5263
301 307 7062
80 87 2810
557 561 879
933 937 2689
157 161 9307
183 185 9813
15 22 3817
83 88 8886
690 695 6366
505 513 8426
585 593 4139
440 447 1256
799 800 1028
272 275 861
248 252 1388
592 599 1717
698 702 369
861 869 7326
304 307 1914
494 498 7701
463 468 1611
129 132 7010
970 975 128
545 554 4845
647 650 887
707 712 8891
958 962 7519
460 467 9986
812 817 6782
519 522 1650
372 377 2750
570 575 2431
397 401 5755
905 911 1376
433 438 5972
959 964 7206
992 999 5101
684 689 209
833 839 2809
818 821 8194
421 425 2089
734 739 7888
537 544 8179
89 90 1704
938 940 9684
809 812 9635
800 805 8069
653 659 7798
772 775 2522
923 927 415
329 333 7310
356 362 3942
341 346 991
879 884 7804
824 828 9199
538 541 9396
972 977 1766
527 532 1448
204 205 285
610 619 8483
390 396 490
619 622 2920
503 505 6941
104 108 1814
471 479 3317
984 988 8752
572 576 2515
613 616 6282
855 860 9139
728 730 3418
735 741 66
820 827 8583
215 220 4920
589 591 8313
355 361 4134
629 631 7690
242 247 6202
701 709 6244
354 357 4306
725 731 827
598 603 5150
677 683 4133
264 268 6180
759 760 8423
523 527 324
30 38 2773
643 647 6391
965 972 1788
782 789 7068
679 683 7287
753 758 2894
349 350 1108
622 629 327
406 410 3623
578 583 1781
709 712 7675
628 632 6073
975 982 9224
833 837 676
115 121 1121
650 659 5020
948 950 2574
58 60 4546
792 795 2628
735 742 2793
297 304 8699
715 721 8804
479 481 8450
506 513 8512
926 934 5858
681 687 8219
184 185 3740
128 132 151
652 659 7815
87 94 1497
30 39 3568
452 457 6977
296 303 1801
816 821 4695
384 386 4885
907 911 5215
622 625 2664
749 753 9896
412 415 1851
892 896 6197
201 207 63
730 738 3180
303 307 8600
988 990 1143
682 689 4175
226 231 5196
25 33 8113
803 806 7836
258 260 6954
225 231 4826
212 216 1966
344 346 6071
394 395 3547
386 393 1033
319 323 4915
455 462 9357
770 779 4115
485 493 774
15 21 9012
732 738 4602
807 811 2774
979 980 8389
769 774 6628
577 581 1167
506 512 4900
26 34 6524
122 127 3767
242 249 9804
447 451 3189
551 556 3167
684 688 255
841 849 7967
219 220 1091
11 15 909
924 929 150
595 603 3831
101 106 8089
71 77 3736
853 855 6925
535 540 9579
776 783 9875
853 858 5395
750 756 1702
262 265 429
419 421 7715
713 719 8005
543 546 656
12 19 46
699 704 5988
906 911 3576
913 918 4213
170 175 6953
566 573 6385
939 944 2098
310 319 1135
794 796 1131
220 227 8178
687 691 2997
218 220 328
594 597 6702
21 26 8881
791 798 5946
782 786 8885
479 484 3000
232 238 1071
675 684 6954
651 656 3042
873 877 5611
602 606 9844
298 304 5393
932 936 3082
890 895 5583
892 898 9538
609 614 831
257 260 7586
702 708 7248
289 294 418
79 80 9638
391 398 7934
748 752 5046
661 667 1791
859 862 2218
690 697 6467
598 600 1903
765 773 7003
470 475 5917
705 713 4735
435 444 5070
191 198 9850
938 941 1468
204 207 1849
449 451 2256
790 796 607
56 62 6291
201 209 3379
985 993 3451
882 888 2384
791 799 2513
561 565 4222
473 478 6815
933 938 1339
583 586 9468
323 328 2806
973 979 9557
217 224 4907
17 23 6809
253 258 2075
202 208 8946
897 904 9167
562 567 6584
375 384 7731
72 77 3394
411 418 4950
922 925 5536
316 322 786
247 250 622
155 162 928
615 620 2910
860 869 7985
188 193 3434
261 265 8131
246 252 3314
952 958 8315
267 270 2109
850 859 2196
862 866 3197
388 393 1118
446 452 9450
14 16 4393
478 481 6794
632 636 830
122 125 5534
906 912 6054
793 796 7816
462 469 1526
466 473 1202
570 579 3610
891 898 5931
569 572 8903
112 118 6517
39 43 6740
205 213 8396
216 221 8640
720 728 5317
804 805 4794
178 184 6338
634 638 1574
670 675 4700
521 529 5905
915 921 7568
108 114 1454
705 710 6309
464 465 8734
849 850 9846
87 93 9957
9 13 281
531 536 3200
118 120 9856
781 785 5189
291 295 6398
336 343 2141
88 92 9333
823 829 9375
540 546 9066
879 882 5765
157 162 1272
414 415 3931
428 433 636
166 173 10
484 488 5353
799 801 2831
203 209 3994
270 277 7427
18 24 6816
760 769 8988
466 474 9319
145 152 5079
116 121 6317
478 483 2577
110 115 5519
308 314 6325
830 838 7378
760 765 1769
276 282 4695
515 520 8277
987 993 1039
498 501 1280
449 454 9673
94 98 9056
895 900 623
444 446 5125
253 259 6305
543 548 5522
42 47 9275
207 211 3366
175 180 6120
841 847 9823
160 169 5480
313 316 9508
676 680 5803
453 459 1732
227 233 9775
507 512 6930
361 366 6435
135 144 7204
565 573 6836
427 432 5830
11 19 6313
410 416 8683
725 734 5007
451 457 5506
35 44 2515
846 850 7614
322 325 3188
755 764 7849
975 981 1482
200 207 3480
846 852 2820
521 527 3886
408 413 808
466 472 550
780 787 9803
123 126 8719
335 342 749
433 435 3544
348 350 3302
318 324 9247
384 388 5121
345 351 2085
569 574 3844
770 775 93
429 434 3759
136 141 3342
101 107 8086
613 617 8770
589 592 8337
778 780 4909
423 429 1015
740 748 8655
347 350 4135
367 374 6612
19 20 4964
717 722 1529
853 857 737
399 404 6560
448 452 3834
425 432 9232
887 894 35
3 9 8755
993 997 1361
790 797 7896
317 323 4799
600 605 4883
601 607 6580
876 883 4735
34 38 8676
783 787 6668
356 364 5239
126 130 8197
818 820 3631
549 550 8896
865 873 1602
225 230 7502
812 815 6741
19 21 891
716 724 6384
267 274 762
660 668 9115
491 495 7099
883 885 682
203 207 2803
30 35 7715
501 508 8374
831 839 5960
956 960 6457
290 298 5425
762 766 1592
976 984 8029
456 463 9028
958 961 6109
966 974 7726
492 496 8847
231 236 6830
223 227 6369
796 803 4920
911 919 7335
453 456 9448
168 171 717
686 690 7847
864 866 8064
202 206 8130
691 698 3307
487 490 4949
282 289 7626
867 873 6310
766 770 6384
811 817 2944
302 305 1756
153 156 3759
983 985 7638
919 921 6557
475 483 5709
214 218 5683
59 63 1822
162 168 2999
20 28 363
623 626 998
75 81 3093
576 584 5995
395 401 587
129 130 4301
545 552 3654
17 20 135
113 119 1610
579 582 7396
369 374 6801
906 913 7838
911 915 2308
646 653 9201
426 434 1736
703 705 1567
486 494 4824
22 28 3586
729 730 9079
744 747 1551
84 87 2452
57 60 4500
256 264 1737
281 287 8103
853 859 3508
985 991 7529
707 714 2105
333 335 111
911 916 2259
567 572 8698
276 280 4136
430 435 318
487 493 544
644 647 9202
580 589 5488
979 981 5769
497 501 1348
561 566 7553
539 542 4274
78 82 14
789 793 6955
111 119 7494
282 288 468
779 781 4519
796 804 6045
888 894 1202
74 79 9578
155 163 7979
912 919 1126
453 458 8597
232 235 5707
213 215 4373
33 36 862
137 140 1852
430 439 5170
773 778 5830
603 607 4395
354 355 4938
967 974 9674
268 274 366
229 234 9260
849 853 9633
459 464 5537
598 602 7506
970 978 936
581 587 4695
520 525 9561
407 412 3785
307 314 1536
195 204 3727
59 61 5492
24 28 5217
910 917 3185
821 829 3944
910 918 567
167 172 7712
303 306 3789
692 695 3486
557 563 7423
39 41 2765
519 521 4859
785 791 3217
441 445 5905
700 707 5871
619 624 9995
674 675 3508
54 59 7431
379 380 4532
327 334 6587
406 411 2421
426 431 8882
656 663 1297
974 975 8654
885 894 857
305 310 5071
358 363 6832
600 607 6739
649 650 7981
630 635 1441
692 699 4772
701 706 1691
186 191 7880
640 648 2667
616 622 8086
182 187 3595
594 595 9817
0 5 8467
683 686 9651
490 497 4627
906 910 4022
124 126 7071
722 726 3025
604 607 9585
168 170 1820
55 63 250
6 14 8140
89 91 8033
745 752 5967
612 618 6109
517 521 4914
914 919 3965
874 876 5597
676 683 4837
618 623 3155
691 699 239
822 828 827
258 262 3355
554 559 3322
226 230 7573
805 811 4335
871 875 7919
83 86 5265
786 790 3982
858 864 1162
184 187 8970
204 206 3957
421 428 7501
54 56 4182
620 628 2006
900 908 6152
665 672 6425
719 722 447
415 424 5603
533 535 1300
318 321 8591
210 218 5920
515 522 367
8 12 8347
171 177 5353
900 907 2481
88 93 4378
985 990 9061
274 275 6384
407 414 8013
656 660 5029
807 813 5123
42 48 4043
294 295 5746
784 786 5433
958 960 1330
989 992 6156
799 802 8218
694 696 9108
982 987 5772
477 482 7084
563 566 8592
703 708 6155
335 343 7340
936 943 4295
642 649 9492
305 312 9499
393 399 6272
63 66 2513
451 455 5084
241 246 2087
768 770 3602
777 780 8169
797 801 8384
596 601 8723
44 49 5148
463 467 1771
432 439 4091
877 881 4899
263 268 7318
280 286 8190
810 815 2290
239 243 9814
134 135 7270
533 536 8267
464 468 2121
142 146 1086
551 559 1896
968 972 582
290 296 2404
222 226 8759
700 705 6099
912 918 7660
187 193 641
312 317 8337
668 673 7134
469 474 6345
221 227 8971
332 336 6249
304 308 8489
530 535 7107
917 921 9064
878 881 1011
590 597 9574
424 429 3068
157 163 1659
870 876 6183
217 220 9428
857 862 2201
395 400 2585
291 298 2257
186 194 7578
990 999 2938
518 522 7375
398 404 362
718 724 1341
117 122 9606
337 341 3531
90 99 9181
235 243 2835
256 263 9446
952 956 6946
75 82 8738
179 182 8243
669 674 1952
905 912 9247
866 874 1565
99 102 6528
536 544 3835
834 838 7342
889 894 6727
299 301 6090
576 581 1444
588 592 5474
560 565 1670
300 308 1455
587 594 6871
505 514 5971
551 557 2880
885 893 1119
93 98 5327
674 676 5228
123 125 2921
990 997 9515
356 361 567
804 807 5972
180 186 1317
675 683 3578
556 563 2769
93 96 9591
321 328 8490
531 538 709
155 160 4281
802 805 3960
27 34 9270
986 990 5555
349 351 8040
125 130 8710
359 364 83
60 67 4517
491 496 3283
43 49 559
106 110 6432
557 564 1067
923 929 1432
424 426 4010
154 159 5437
905 914 5042
721 727 4294
848 851 5545
486 492 1754
541 547 2915
190 197 852
358 361 136
600 608 6565
714 718 8093
923 925 8379
414 417 4214
888 891 9731
721 726 9655
835 844 3384
427 431 180
159 164 7904
500 509 1210
670 677 1306
455 460 8169
634 639 3878
432 437 241
960 965 494
435 441 6825
352 357 9058
396 400 2435
46 53 2268
686 691 4344
623 628 7390
541 549 6730
189 193 28
198 202 3894
152 156 8757
931 938 7560
301 308 4338
366 371 6182
659 660 8421
504 509 6794
274 277 6246
194 197 5717
538 544 2293
733 739 6743
942 945 9658
111 116 601
406 414 6854
881 888 59
821 827 1129
398 402 9111
772 778 8919
953 959 3525
316 323 3794
252 255 5271
487 494 4473
193 199 4676
488 491 7187
863 868 4534
475 484 7832
744 748 7120
120 129 7626
178 181 6656
822 826 3841
654 659 4192
815 821 6461
154 155 1639
202 209 9940
514 519 7632
492 497 6178
711 719 4966
551 558 2888
616 621 5473
162 169 4814
43 47 8611
406 412 292
531 539 347
547 553 9524
53 55 5530
919 922 8555
520 526 4530
291 297 9566
328 333 4657
601 605 8493
508 511 9463
654 658 4122
621 629 2459
339 343 542
117 121 2947
295 302 3030
832 836 3822
857 863 2122
866 872 9272
748 751 4465
157 160 9376
962 966 3599
635 644 6508
936 944 2726
887 891 4098
552 555 1014
126 132 1316
95 103 290
487 491 8344
586 591 2240
127 133 9311
308 311 2581
144 147 747
32 37 4245
919 923 1371
162 166 9268
478 480 3691
314 316 5201
445 454 4947
685 694 969
645 650 181
708 714 6358
91 96 8572
275 283 8964
321 329 1731
708 712 3452
865 872 7916
156 164 5540
706 711 8540
182 186 6358
899 900 7576
288 294 1107
290 299 8327
5 14 6635
797 802 2037
773 775 2459
337 342 7550
731 739 5819
274 279 9831
938 943 3394
871 876 6868
205 212 327
883 887 1800
559 562 6284
993 999 4362
743 747 9865
813 819 3943
911 918 1534
171 176 1554
922 928 7255
412 419 1084
946 953 4435
55 60 2947
284 286 4120
875 884 9973
62 66 9800
175 182 3351
295 300 6557
79 83 7006
36 41 1544
372 375 9456
131 136 7629
183 187 8664
924 926 5278
779 780 1412
504 506 9174
388 392 1681
762 765 1529
904 905 2656
490 496 7173
465 474 6751
149 151 1377
524 525 4113
248 251 5948
458 460 6691
277 282 7860
662 668 6234
60 65 5623
256 260 6862
137 141 3432
289 293 3105
197 203 26
404 406 8387
790 798 2039
270 276 6289
661 665 2028
536 540 4691
791 797 8083
613 618 7119
17 21 4948
580 587 5059
510 518 3946
489 493 3144
553 558 6193
618 621 9020
747 753 8090
315 320 1630
307 312 8299
135 142 3667
774 778 7706
819 821 3800
185 192 8511
596 603 229
785 792 984
663 667 3697
416 423 8686
27 32 7294
639 643 7179
178 180 236
915 922 138
678 681 4816
787 793 3155
56 64 5414
552 559 2215
610 616 6061
759 764 4725
357 363 8579
28 31 9925
100 106 1429
73 78 3510
671 679 6034
724 729 4278
699 700 7465
578 581 1749
690 699 5927
510 517 8146
259 260 4821
387 394 1884
900 906 8653
739 743 9779
658 664 3087
474 479 3189
138 140 5281
626 633 9798
610 617 8407
148 150 1394
826 831 108
501 506 4095
656 664 8351
737 740 2091
188 190 3963
134 139 3789
178 182 55
369 370 9645
752 756 1230
414 416 5426
973 976 5152
517 520 2958
44 45 1546
150 158 1160
849 851 4315
664 666 8883
873 879 1894
284 287 9651
788 792 8639
139 141 7446
131 139 5188
196 203 3418
68 74 4723
680 686 5903
587 590 1797
76 80 888
168 174 5529
158 160 7945
539 543 2594
550 559 6519
385 390 5219
285 290 1591
821 826 6923
243 246 4322
631 635 6044
827 831 527
307 310 3792
560 568 7566
166 170 4297
817 824 7495
543 547 379
444 447 1819
777 781 3456
687 690 7530
916 923 8250
13 18 5688
731 738 5574
642 645 2831
165 172 2902
189 192 3798
52 57 2022
86 91 729
404 407 2586
153 158 5443
888 892 8351
244 247 7866
116 124 2883
47 51 291
224 227 9250
271 276 9838
584 585 3025
575 580 9916
846 851 5543
907 910 2369
455 461 4707
719 721 8063
9 14 4474
963 965 6342
574 575 999
152 159 2700
537 543 3414
595 604 1742
284 285 8504
899 904 8217
233 238 6590
111 118 1413
356 360 9320
64 67 8725
524 526 7880
548 551 6444
558 563 1250
834 839 6437
861 865 1976
939 942 4734
302 307 2817
875 883 7722
876 884 8068
568 574 9061
316 324 6145
988 991 5557
299 302 8350
270 278 2964
150 156 7734
325 330 8851
380 389 5586
751 755 846
496 504 3237
319 320 142
407 411 4757
982 988 845
699 702 8354
314 319 6145
696 700 735
133 138 4486
80 89 4523
273 279 8154
225 233 3236
683 688 2870
91 95 7203
590 596 6647
868 873 5235
689 692 2571
831 838 9847
497 504 1196
990 998 9520
903 908 8505
719 724 9147
74 77 3517
351 359 3621
460 465 5705
134 138 7445
516 522 6155
343 347 2325
147 150 3975
533 538 4901
443 447 6170
218 221 6171
979 982 7483
928 933 2509
800 809 2721
888 893 1275
835 842 2984
573 578 3258
15 24 7864
326 334 7859
529 530 6744
528 533 1878
239 240 6930
202 205 3671
258 263 8374
84 88 3417
765 772 5016
323 329 5770
186 192 4227
573 575 4708
473 476 6916
441 447 346
142 149 6255
152 157 545
135 140 1557
806 812 3948
955 962 2161
93 95 3125
637 643 3226
335 341 2415
674 678 8152
276 281 7174
119 123 3623
115 120 6967
310 317 1182
343 345 2246
858 861 3488
863 865 1709
155 164 5537
357 364 9218
217 222 380
363 369 4892
820 828 6549
952 957 8114
723 726 7194
809 814 710
627 631 322
581 589 2485
517 522 1021
580 588 4776
737 741 1449
322 327 2396
551 555 7472
557 560 937
978 980 589
446 454 2911
468 471 2862
675 681 8199
146 154 6877
403 409 2654
587 592 1655
260 269 9674
701 705 6024
984 989 1827
344 348 1143
227 231 9711
130 138 6149
544 549 1003
405 414 530
794 797 3658
746 753 8493
540 547 4034
173 178 650
482 485 3536
921 928 1857
849 854 7689
422 427 9197
651 665
332 788
252 841
63 843
243 394
451 874
177 191
51 899
121 508
599 669
515 982
728 814
102 970
276 950
511 583
699 937
85 268
29 109
41 610
486 592
166 797
399 564
85 227
371 872
229 467
174 268
172 216
384 899
752 856
401 865
268 797
649 978
149 195
571 711
161 283
248 890
81 897
381 462
70 639
529 910
416 822
60 389
52 576
459 604
179 438
114 415
438 690
68 812
75 515
76 319
650 974
646 868
103 274
711 974
738 989
267 649
376 703
499 687
140 717
381 691
543 873
466 902
350 595
685 693
75 543
90 465
42 170
438 576
583 791
368 610
336 707
12 954
75 254
529 993
452 930
619 665
344 815
78 697
636 782
508 951
95 741
508 700
304 970
13 571
67 662
28 525
265 298
806 973
610 776
304 727
401 463
442 730
482 869
587 751
530 772
236 442
40 530
495 530
451 692
242 434
