8065543
8590649
5193284
3011610
2643823
1494969
11875420
4668501
1305162
43097
7100034
9087551
3973035
2993768
4293511
400620
392652
6201791
890065
465143
560173
2988684
5022632
5824516
4870915
5027033
1635714
3333737
5934490
4374024
830318
8937882
7791312
2916197
1560076
4276311
7669870
4306725
2770362
2729503
603991
4202510
30588
6408575
637026
752377
2058806
6346147
6085143
6693434
2151707
5000362
1844421
5973895
1641324
1030691
6795664
1457727
4727859
2956495
414809
3571718
8855729
5257907
512194
1825084
6944350
4368914
1456963
3467541
5307014
3683708
1391065
469037
8755104
7822247
989285
6035758
486151
10026504
4296550
3795986
2100691
940618
2440190
8056212
1882222
3619456
5316552
4669128
733706
1031624
2446392
3495048
9471303
6942379
2777547
4980481
1689316
3782932
