4 1000 3545 100
198 203 2915
12 18 5721
352 358 4407
170 175 3055
527 531 9680
814 818 3903
756 762 9955
108 115 8344
381 384 9489
67 69 3
40 46 4245
22 24 6809
686 689 8896
468 474 7514
153 157 8265
187 189 8875
585 590 5496
587 589 6345
980 986 5423
963 967 7350
732 736 4139
683 687 7971
203 207 8129
492 498 3547
111 112 1751
421 427 7550
991 992 2663
804 811 2421
75 79 5263
124 128 7386
267 269 6332
775 778 2885
397 402 4745
212 219 4930
898 902 1341
614 617 6257
652 657 5905
16 22 1612
957 963 5699
408 414 7859
328 334 179
15 18 6835
147 148 2939
675 677 9066
356 362 8237
154 158 6763
302 306 7951
979 980 7939
955 957 2252
616 622 3482
984 991 5381
52 58 3650
150 154 2723
962 964 8440
602 606 3536
912 918 5257
762 767 6061
787 788 5985
656 660 5339
505 511 2842
598 601 2577
647 650 5218
938 943 846
560 564 5416
554 558 9450
801 806 3157
210 212 1820
845 849 773
146 149 9770
785 791 8176
157 162 8197
229 232 6234
855 858 8
698 701 1250
694 698 4235
208 214 5767
261 267 4822
917 922 9162
14 17 4637
912 919 4811
939 941 6029
254 257 2803
489 492 9203
817 822 5287
845 850 4921
293 296 9172
139 140 601
823 825 4551
700 706 9781
234 238 641
642 644 8186
919 920 66
374 378 4180
737 742 6473
202 206 6093
468 472 1717
772 777 867
924 930 9779
456 462 7632
901 904 439
520 526 189
5 8 1650
625 631 9049
869 873 3854
499 501 5621
225 230 3109
900 904 7511
250 252 8842
77 83 9800
488 493 7072
74 76 5492
131 134 900
312 316 7080
877 880 1003
706 709 994
312 317 46
937 941 7258
920 925 3081
132 136 2353
674 677 4274
54 57 8611
321 326 1782
707 710 8621
699 700 5747
664 669 1162
341 346 6397
947 950 9272
164 170 1907
741 746 1858
950 955 4940
852 857 8537
990 993 4830
692 699 228
955 959 9253
146 150 2947
577 582 964
898 901 7927
414 419 5151
936 943 8445
746 750 5318
805 810 9202
549 552 7369
324 328 8795
369 375 84
897 902 5854
526 531 8146
68 74 7431
437 442 3947
987 988 6955
461 465 9645
747 748 9364
371 372 3361
970 975 9875
86 91 3523
641 644 7037
712 717 3844
237 243 4588
719 720 138
311 314 1847
643 644 3448
130 133 3861
654 659 5299
324 331 5962
423 426 6021
31 33 7755
40 47 790
977 982 497
530 532 9183
376 380 8045
733 738 1449
283 287 8205
607 608 774
160 165 1346
911 912 3445
476 480 5586
298 302 5664
531 535 9232
748 753 5150
667 669 5351
25 28 3821
598 603 6297
219 221 3351
663 665 6149
817 820 1757
815 816 6014
606 610 3980
640 644 4377
479 482 5261
755 759 5345
112 119 4529
463 466 3249
51 52 5866
388 392 1182
262 265 5160
909 912 9070
418 423 2029
552 556 4476
680 685 6045
34 36 2835
749 752 834
763 766 8483
424 431 9692
331 334 8438
276 280 8981
848 852 6812
607 609 6602
509 513 3785
433 437 5040
820 825 3486
966 971 5182
472 478 5529
868 873 6476
932 938 1489
206 210 5429
883 885 8418
374 377 8350
934 936 4160
527 528 7501
666 669 1300
805 808 4180
249 254 7295
830 835 6878
940 944 8122
840 845 8985
964 968 3450
579 582 1611
774 776 9894
738 740 9574
568 573 5753
41 45 1749
924 929 5893
201 207 3905
915 918 788
251 255 63
701 705 4222
922 926 116
536 542 4828
147 149 7418
629 633 8841
723 725 1781
613 617 7173
908 913 3701
197 202 7945
580 587 2121
115 117 6933
118 122 2319
316 321 1453
361 364 1107
220 224 4974
749 753 1677
980 985 5433
86 90 8745
654 656 7423
880 884 8086
616 623 2218
873 878 7746
757 760 7556
517 523 5426
834 837 6194
55 56 1546
527 530 9784
228 233 7132
209 215 7664
214 219 5439
393 398 6145
354 356 9721
667 671 3906
27 29 2069
783 784 9340
649 654 7408
743 746 3687
763 767 5995
820 824 5029
364 370 2257
355 357 4120
408 415 4360
486 490 8477
437 443 9141
740 745 2528
573 579 7399
621 625 9159
3 5 1806
310 312 8066
964 971 600
158 163 4993
731 735 4847
647 649 3436
125 130 2357
982 987 3805
959 960 5529
329 334 7318
433 438 4840
629 632 9270
714 719 1222
759 763 5717
616 620 9556
332 339 5886
892 898 6091
948 954 2723
690 694 5460
588 592 221
458 462 3389
81 87 523
21 27 5302
284 291 5758
941 947 1669
658 661 9730
386 390 8445
236 240 9461
897 901 3137
695 696 4586
470 473 7465
821 827 9296
987 991 607
164 169 3148
481 487 8851
15 16 4964
42 47 4383
725 729 9593
601 605 673
735 736 1702
582 584 9210
466 468 4579
910 915 3294
5 10 5857
439 441 1927
66 68 5775
822 824 5490
661 664 7125
155 159 1623
376 381 283
380 384 197
497 500 7530
66 71 982
646 651 1021
401 406 726
197 201 4200
741 747 7852
963 966 4115
398 403 142
885 890 3452
745 748 333
17 23 4393
390 395 4988
156 161 8710
562 566 3723
184 191 4265
338 340 7427
514 518 4950
691 695 2732
846 849 2784
666 671 4579
487 491 490
52 56 9327
551 554 9495
323 327 4821
653 656 5757
791 795 8891
862 867 1223
767 770 6472
518 522 6714
322 326 6954
211 215 1793
538 542 5170
274 276 8444
261 266 2791
819 822 2689
682 685 4845
682 687 7699
986 990 3478
893 898 1551
788 793 5466
553 558 9999
793 799 2332
976 981 5189
846 848 9169
553 557 427
376 383 7062
784 790 2229
596 602 4629
60 65 5482
328 335 1986
663 664 2077
695 698 4280
759 761 3604
635 639 7738
428 435 2246
301 307 5104
273 276 3418
833 837 3270
382 386 9392
818 822 4192
61 65 8140
171 173 1852
213 219 8619
120 125 8524
556 561 4961
497 502 8778
400 407 2076
813 817 5723
697 701 1067
23 24 9487
490 494 4184
235 236 3963
781 784 2892
968 972 3841
76 83 540
556 563 422
79 81 8810
784 788 322
163 165 6149
415 418 529
446 450 7946
781 786 8007
88 92 308
622 625 1196
308 312 3314
610 614 5632
632 638 1150
820 826 2375
464 468 2995
906 910 827
32 38 1473
872 876 1816
387 388 7226
491 492 6439
836 843 5525
23 25 8353
493 497 702
876 883 765
416 420 585
827 831 1622
396 403 1358
727 730 2734
652 656 7384
386 388 6325
479 481 2650
584 588 7240
797 803 5591
233 236 4227
715 718 4061
839 840 8715
863 866 5927
35 39 7460
535 539 636
906 908 4278
930 934 1551
797 801 9733
791 792 1763
162 167 1914
897 900 8681
343 345 3317
76 80 9866
39 41 4655
521 524 7935
412 416 7310
551 555 346
200 205 8848
574 577 4085
884 889 8891
932 939 9120
613 618 152
573 577 4160
758 761 2789
357 363 1348
88 93 1579
316 323 7070
203 205 2999
44 51 2515
985 989 2426
389 392 4537
579 580 8895
122 126 6748
343 347 2570
934 939 7193
236 242 4550
638 642 3599
298 300 3900
207 210 4297
332 338 9878
942 944 2894
559 562 8026
919 921 2793
288 295 9577
142 147 5638
318 322 1028
124 129 6528
819 821 6486
403 405 3449
62 67 363
151 153 7802
455 459 1455
307 309 7632
793 798 3878
956 963 5016
463 464 451
559 563 422
217 220 650
847 848 4133
814 819 6543
940 945 1230
372 378 5170
552 559 1040
182 187 7791
301 304 7378
250 255 9312
730 734 2596
678 683 8852
582 585 6751
484 489 1967
904 910 8183
937 940 9896
32 37 1566
485 490 1681
819 823 243
196 202 9307
312 319 2575
185 191 1623
896 902 7748
72 79 4454
943 946 7891
243 244 5717
308 315 622
13 16 8869
299 301 9689
365 371 8912
220 226 729
179 180 6236
211 214 6951
802 805 3916
284 288 9711
430 434 2540
314 319 2649
94 99 8930
236 241 5170
334 339 762
868 872 3212
918 923 9409
704 711 6956
788 795 6044
166 169 6375
328 333 5928
20 24 6685
981 986 3217
654 657 324
333 336 4989
969 975 7743
387 391 2456
107 110 7701
722 725 1807
475 476 9075
359 360 6495
835 837 7927
572 577 8282
45 48 3140
207 208 8788
256 263 327
691 692 2215
74 77 4396
648 653 269
237 240 28
281 287 6679
600 604 9683
604 611 2219
25 29 9457
364 369 9566
841 845 572
849 854 7287
290 295 1071
564 570 63
564 568 8520
449 453 3809
535 537 6481
364 371 9104
944 951 7849
965 969 9584
671 672 3835
657 661 7919
361 366 9574
273 277 7029
281 285 7502
981 984 5825
404 409 3292
867 870 4944
940 947 8498
875 878 5871
488 492 2175
163 166 6857
716 721 4708
481 484 3277
557 562 5955
133 137 9966
625 628 9477
179 181 9439
239 243 989
792 799 4382
729 734 5079
173 178 3558
145 151 9160
16 21 9431
119 122 290
611 614 839
371 374 2238
883 887 7817
416 421 111
205 210 9633
950 953 1445
843 844 5419
701 704 4809
700 705 8967
651 652 687
601 604 3330
763 765 3632
351 353 3477
703 706 3592
493 498 8166
778 782 327
440 446 9058
417 421 9269
860 867 9360
462 464 2606
411 413 5310
502 505 1976
429 435 8000
62 65 9818
750 755 6565
156 160 7508
483 487 2310
313 319 6310
315 317 6256
608 615 4949
991 994 7816
384 388 4532
313 316 3726
706 711 1876
790 794 8028
888 894 2237
174 178 9354
445 449 567
125 128 1475
457 460 7846
342 347 2771
208 213 10
331 332 3723
392 397 441
861 864 9521
656 661 7348
204 210 6699
305 308 3750
650 654 3586
761 766 1045
886 888 6358
615 619 444
394 396 4134
185 188 1394
288 293 8867
140 144 675
723 727 2801
169 175 7204
682 684 758
444 450 5749
643 646 7632
363 367 6398
930 932 4202
423 424 6471
631 632 6794
753 758 1162
916 921 647
420 427 2141
670 675 4294
703 707 4409
561 564 933
994 998 945
550 554 1256
846 851 1794
292 297 1420
309 313 9177
975 979 763
592 597 6283
857 860 8796
451 455 6574
600 606 4633
550 553 1429
716 722 3137
778 783 644
698 700 8826
650 653 4530
914 918 5574
32 36 8113
85 89 5453
221 227 4128
739 742 597
167 170 7270
916 923 2592
419 422 7340
338 343 183
379 380 3789
750 753 5363
11 14 9028
89 95 9713
643 645 9750
288 294 3380
516 522 9492
209 212 1713
196 200 5540
362 365 418
296 301 4563
835 838 1790
339 341 34
136 142 1643
314 316 7578
916 922 1767
693 699 6875
291 293 4494
902 906 7477
290 293 6830
895 896 7433
491 495 171
49 54 6740
927 930 3671
901 907 4294
503 506 6643
320 325 5705
479 483 5317
87 89 811
808 814 897
10 13 7207
975 976 9865
827 829 1874
741 745 2763
38 42 3568
909 914 1863
890 892 1479
714 716 184
787 789 5642
599 603 3000
674 679 1943
326 330 9808
972 977 7813
688 694 6519
28 35 3176
744 750 3831
438 442 6875
832 839 8819
488 494 9544
257 263 405
859 862 301
737 740 6485
992 999 1131
131 133 3364
677 681 6730
352 359 4149
795 799 6537
725 731 4776
521 526 4936
464 471 6882
925 931 8655
57 61 8326
711 714 7972
859 861 6098
50 52 3674
372 376 6602
786 790 7690
119 120 8823
928 934 419
604 609 4077
147 150 9856
553 559 2047
739 741 9459
721 727 4841
697 700 7423
508 513 9017
30 34 1928
187 191 7734
118 120 1332
138 141 9868
7 8 9228
309 315 4121
305 309 6293
274 279 2658
376 382 5367
657 663 58
720 724 1397
773 778 8947
738 742 9018
630 632 4231
231 234 3162
456 461 9711
843 846 1047
411 414 927
300 304 778
984 989 6431
719 723 4087
35 36 3256
116 123 9701
569 575 1883
861 865 6372
978 983 7941
107 111 729
940 946 9595
452 459 6054
120 127 9128
864 871 239
243 246 7573
279 283 5756
605 611 5353
305 310 7866
287 288 6494
108 112 4061
450 452 8757
155 158 8973
857 863 4344
71 74 4968
417 422 6055
667 668 4901
962 966 93
83 85 3707
886 889 9073
821 825 9735
504 510 6148
222 225 5031
578 581 489
847 851 4816
881 885 6309
454 458 7682
413 418 7106
45 51 7553
118 123 7069
302 305 3602
244 249 9548
583 587 9430
647 648 7425
961 967 6700
282 285 8946
617 621 4645
194 198 7979
442 445 1112
316 320 6993
675 678 4034
535 538 3935
546 549 4047
717 723 8843
987 990 9612
483 486 4415
860 864 2154
893 899 1557
603 607 7930
93 96 3517
669 675 3989
816 821 9103
458 460 7857
43 46 3519
627 631 869
507 509 530
675 679 3916
158 161 5199
909 913 4865
326 329 8131
391 392 6998
228 235 9813
766 769 585
890 895 4768
107 109 7819
985 988 2484
498 500 9111
868 875 9687
969 974 4614
47 49 6740
173 176 9693
686 691 7047
307 308 4362
772 776 5056
585 588 1910
634 636 7365
103 106 2806
235 238 328
739 740 3396
433 439 4135
503 505 3608
43 47 9468
554 556 3505
405 409 3461
128 135 9105
577 580 6083
524 528 7715
806 810 6282
927 928 4952
480 484 208
764 770 4636
48 54 7799
265 270 4053
747 749 742
942 947 8535
284 289 3154
866 868 4772
791 794 7314
257 260 8396
330 332 236
547 551 2772
844 849 5155
121 125 1489
616 621 1594
756 763 8423
213 216 8193
558 562 2911
461 467 1730
730 735 9105
706 710 362
422 427 9925
807 808 1571
454 459 4892
141 146 3340
796 803 6549
564 569 5506
286 290 2426
735 737 6394
411 412 8879
242 244 6875
519 520 5256
422 425 8492
563 564 955
5 9 6846
877 883 3291
117 120 5327
657 662 5550
660 665 9393
34 38 9373
48 55 9476
676 682 7087
352 357 3836
213 218 9733
499 503 6560
588 594 4852
873 879 7465
420 424 6156
347 350 7628
245 251 3418
879 881 5481
225 228 6230
595 599 8663
648 652 7375
979 981 6668
980 987 3708
801 804 7749
214 216 1554
575 577 7711
102 106 7936
642 645 5252
796 802 4232
336 341 3783
410 415 4657
60 64 6178
204 208 1077
153 156 3767
320 326 5767
28 32 4899
661 667 6969
421 424 4110
981 985 8188
447 449 9218
132 137 9370
135 138 3011
496 503 6273
121 127 1894
844 848 8199
26 31 1218
963 964 1175
886 891 7675
285 291 146
82 86 1182
522 525 3332
68 73 6835
448 454 8742
720 725 1444
272 279 6171
811 812 5199
230 233 2689
186 190 1377
731 733 6263
528 534 9620
423 425 5837
419 420 2415
404 411 5770
602 607 1813
921 925 2091
552 558 8029
8 13 1413
946 948 1076
959 963 3577
92 97 63
539 540 9002
72 77 2360
183 184 585
94 98 2175
285 288 9989
555 558 1819
43 45 8676
808 813 9201
393 397 8640
219 222 238
708 713 6385
312 318 592
580 585 6946
765 769 8989
636 640 5413
972 979 1498
923 924 8772
985 990 8639
781 785 3750
467 468 643
67 70 6855
771 775 7137
671 675 9738
569 573 9357
338 342 7425
162 166 5013
318 320 2822
910 913 7087
543 547 9173
202 204 9653
990 994 8490
2 7 2263
529 534 1634
953 959 3588
960 965 3925
455 456 3546
380 386 1914
963 965 8831
581 587 7758
453 459 4422
668 672 411
465 469 1666
103 104 3409
532 536 7096
890 893 4616
22 27 5900
911 915 598
664 671 347
408 412 4911
452 457 9320
779 780 998
78 80 3413
866 869 6183
787 790 1441
81 84 2950
848 853 2631
816 823 2938
371 375 8439
368 372 2572
23 27 4964
825 831 9115
288 292 3502
781 787 1238
444 449 2749
974 976 4519
233 238 7578
190 192 9665
637 641 4681
624 631 1631
341 345 8770
129 133 8984
856 862 319
397 403 8591
216 222 5442
430 432 6899
247 250 1171
681 684 1003
239 242 9850
825 830 1792
593 597 8755
678 682 3114
178 181 3147
722 726 3762
825 829 6087
159 160 5377
888 895 1973
241 247 4380
994 999 4606
662 667 3079
945 949 613
280 284 6586
303 305 4390
468 475 9467
462 467 1564
934 938 8090
756 761 9041
162 165 3153
263 267 4625
255 258 1849
740 746 280
54 58 5250
545 549 5649
704 710 8001
179 183 3817
1 5 2525
610 615 5052
321 325 7586
947 948 8011
238 241 9755
834 836 7766
716 720 1267
759 760 8945
805 809 4772
705 710 312
413 417 3319
550 555 5577
785 790 6073
633 636 4900
833 839 4625
841 846 2440
276 283 8971
171 174 3432
852 859 1393
807 809 3624
692 697 1975
21 24 6989
274 277 5578
148 153 8327
748 754 2435
675 676 5072
609 614 544
81 85 1784
544 548 6825
620 626 5960
520 525 531
177 180 1768
239 241 352
228 232 3595
978 980 819
122 124 2051
232 237 3084
956 960 1751
793 796 136
775 777 9440
541 546 3063
806 811 8111
258 261 6151
983 984 8031
678 680 2507
248 252 3894
357 361 1858
386 391 562
482 484 8510
409 414 8107
930 933 9341
296 302 3192
326 331 8187
259 262 7949
278 281 8687
402 407 8908
830 832 5243
578 582 1526
718 723 9916
164 168 7629
455 458 9105
506 510 160
39 43 3390
189 193 4120
182 185 6603
179 182 4096
915 919 4602
627 628 8374
224 229 8243
290 294 8518
348 353 2933
334 338 8893
264 269 5133
259 261 6799
933 938 4503
159 163 5580
920 926 7805
647 651 3063
292 296 6590
87 91 4029
235 237 8224
336 343 2183
728 734 6930
933 936 4367
758 763 6903
852 856 6549
422 426 1759
400 406 9795
444 448 4134
319 323 7995
157 160 3354
106 110 8633
949 953 5610
195 197 9310
541 544 4091
845 848 5803
327 331 132
766 770 6282
693 697 8026
192 199 8483
800 806 552
356 361 1591
682 686 4616
130 135 1814
357 362 5183
644 648 2178
1 4 6732
183 185 2483
775 779 2006
207 209 627
5 11 3615
380 385 5576
734 737 1655
615 616 1010
547 550 6109
584 591 6834
829 834 200
579 583 7387
432 436 2211
660 664 6775
426 428 4871
707 711 4004
115 118 7657
689 694 2888
327 329 4806
298 301 3944
297 302 6896
810 813 1982
645 651 9510
528 532 9197
887 890 4400
367 371 1262
26 29 670
976 982 1536
427 430 8435
830 834 8219
822 826 5879
83 87 2276
773 776 4398
66 69 5530
812 819 4011
755 757 3790
626 629 7023
713 718 3610
853 856 7862
322 324 6940
39 42 5511
67 68 2246
870 875 1039
911 913 9079
451 452 8460
988 994 2665
662 664 2448
188 193 1160
610 613 7187
600 605 4662
464 469 853
500 505 4871
539 542 7334
771 774 1527
275 277 2158
935 937 4465
989 992 1161
155 157 7071
190 193 8757
309 312 2410
426 431 8571
573 578 1244
287 291 7214
232 239 7880
852 858 3781
727 731 5824
271 272 9085
635 637 9463
459 460 2852
491 494 7666
813 819 1078
263 264 6280
331 333 8805
55 58 2440
606 608 7369
405 411 5733
396 400 6145
490 493 1417
673 676 9498
206 208 2118
222 227 6656
213 217 3030
833 838 6502
651 654 322
479 480 8972
243 247 4806
314 317 5894
65 69 5721
764 771 9464
892 897 8005
325 330 1395
263 266 1472
739 743 8697
222 224 5164
833 836 1890
221 226 4325
913 918 1413
353 359 5693
19 20 9012
590 593 3432
709 712 5692
218 220 6641
920 927 4839
655 657 7880
600 607 5095
72 76 9175
664 670 709
754 756 9393
331 335 1370
186 188 8267
983 986 6019
711 715 8903
496 501 1979
115 116 688
769 772 2357
359 363 6317
19 21 3817
282 287 5196
783 785 9798
907 908 7350
440 447 3634
524 531 5341
513 519 4317
257 262 5429
125 131 4073
407 408 2720
673 677 9410
970 972 2766
16 20 46
399 401 5658
789 792 4075
658 663 3687
857 861 969
215 216 237
977 981 6958
241 246 2540
880 887 3317
568 572 6178
463 467 9849
303 306 9804
9 14 4944
995 996 151
567 568 8597
702 706 6731
557 563 5086
76 82 8667
151 155 9696
279 282 200
335 338 803
966 969 2459
6 11 7631
369 374 3529
360 367 9936
970 973 7122
966 970 6467
865 871 9579
270 273 8640
163 167 8620
262 264 863
562 564 1062
8 12 3448
695 699 2769
575 578 9986
755 756 1415
608 613 4519
994 996 746
389 395 2126
137 143 6387
583 586 9319
432 437 8190
408 413 1725
757 763 8996
299 303 377
145 149 6317
913 917 3180
186 191 6850
395 398 786
410 412 6992
395 399 3794
838 840 1306
952 957 2884
244 251 3727
352 356 7277
467 471 6303
969 973 7569
272 277 4907
119 123 5627
972 978 4909
127 131 3596
280 287 4052
373 379 9004
802 806 2831
498 503 4629
670 672 4691
907 911 297
627 629 5876
642 647 524
493 496 3081
587 590 5917
443 445 139
929 934 104
881 887 1722
413 419 6621
126 130 8089
234 239 1566
894 898 7031
257 261 7920
586 588 3875
197 203 1972
858 861 4982
97 100 973
117 123 8492
865 868 3486
154 156 8719
625 630 2444
166 171 6860
223 227 4598
765 770 4486
990 995 4277
279 280 4419
8 15 173
696 702 879
483 485 1033
566 570 9448
842 845 516
679 682 5522
374 379 3130
712 716 2729
475 478 367
799 801 1911
24 31 8617
727 728 4548
493 499 2585
760 765 5395
487 488 5157
326 328 9674
954 958 1835
607 610 5379
588 593 203
54 59 559
967 969 1383
420 426 9237
73 79 7501
639 642 9891
526 530 9049
210 213 717
55 57 2158
548 553 5852
337 342 1712
789 794 8779
729 732 9468
554 557 6170
888 893 6954
867 868 9138
302 307 4037
824 831 7185
775 776 2040
378 383 8907
619 620 4963
945 950 5418
885 891 2872
507 511 2421
68 75 2947
193 196 1788
777 780 7729
172 179 4458
986 989 9789
560 566 3834
311 313 8898
281 284 9834
975 978 9803
416 422 4428
277 282 2679
158 162 5137
339 343 624
749 755 8453
980 984 2815
724 729 7396
575 579 4209
477 483 8982
195 199 299
401 404 6702
142 145 1610
743 745 2288
225 231 5703
84 91 3664
353 358 7626
267 268 4721
7 9 6635
256 261 9476
687 689 6471
22 25 5240
900 906 7670
201 205 2338
599 601 3597
385 391 4095
500 504 6148
807 810 6636
880 886 9587
291 294 9571
832 837 498
492 496 9834
270 274 1934
923 926 6132
708 714 5182
240 245 1152
686 690 2784
356 360 4386
268 274 5353
684 691 931
63 65 712
871 874 9853
264 271 3320
917 923 9179
229 235 1316
711 712 9061
434 439 8896
469 474 8516
720 726 3557
624 628 4566
939 940 4657
680 687 7835
198 202 1226
899 902 7334
375 379 1455
21 26 4948
223 224 55
507 510 3623
685 688 2257
343 344 6246
560 567 5917
140 146 1945
12 16 281
167 169 9623
306 311 6685
634 638 6839
505 509 8387
901 906 9655
742 746 9817
840 844 2912
671 673 974
181 186 8704
285 289 867
633 637 8512
307 310 7863
914 916 5060
139 142 1413
392 399 5201
523 525 4675
878 881 7248
971 975 8344
954 959 384
586 590 9215
394 399 6612
992 996 2115
590 595 6428
407 411 3052
188 195 4139
800 807 2667
905 909 7420
646 648 7767
297 301 5336
134 136 9830
37 41 2046
101 106 3865
12 19 5634
389 394 4475
47 48 8942
699 701 6284
626 628 1210
80 86 8725
340 347 270
724 730 8035
71 72 5414
885 889 3708
231 232 163
567 571 2672
745 750 6231
266 271 3211
466 469 6264
525 528 2410
919 922 3315
556 560 1149
728 732 3579
918 921 8606
552 557 999
499 502 4970
208 212 3289
75 78 4517
979 982 2569
705 711 4455
680 684 161
304 311 7633
796 801 8872
310 315 6357
687 690 6804
894 896 8804
49 52 2765
858 862 9710
176 182 3921
544 550 3744
948 955 8423
797 802 4328
574 578 235
283 286 72
660 666 4669
133 136 8486
938 942 5816
431 432 4378
960 964 3602
828 834 5084
221 225 9282
769 774 8015
977 980 7614
565 571 3476
861 866 3392
782 787 301
649 653 1650
363 365 5425
516 520 1084
576 582 1304
192 197 4624
122 125 1321
770 775 1891
15 17 9535
797 800 3226
743 744 6702
875 876 6099
189 194 6804
348 354 40
612 616 3144
958 960 6497
275 278 8178
941 946 3876
786 788 4716
236 243 3798
204 211 9912
253 259 6789
823 826 3087
439 442 4599
858 863 7530
874 878 7350
782 786 9419
375 377 4506
405 410 5927
693 698 3322
116 121 3125
400 405 1719
858 860 7693
946 949 1468
371 373 5827
681 686 6435
896 903 1529
566 568 7
744 749 2346
995 999 4920
105 108 6551
505 508 3535
620 625 7921
698 702 8088
191 193 2572
913 919 2343
780 784 5672
761 765 8107
893 897 8093
687 691 29
724 731 9603
461 466 4125
407 409 5034
218 222 1535
864 868 3868
1 7 268
925 928 9014
193 197 7847
343 346 9831
418 421 4006
216 220 7998
271 274 4372
701 706 7553
80 87 2755
569 574 8346
536 543 7361
332 336 7526
951 955 7841
251 254 9033
342 344 9596
518 523 3063
26 28 7365
611 613 3420
319 322 9081
832 838 4254
648 654 1867
926 931 8975
502 506 7242
57 62 7558
928 935 9139
131 135 4926
924 931 6962
630 634 785
639 643 9769
16 23 8872
193 199 4281
967 971 1332
924 928 4042
576 583 4602
448 453 6832
689 693 2880
289 295 6606
726 729 3273
878 880 1537
446 448 5239
723 724 5323
946 950 6095
315 319 7034
993 996 3658
65 71 8264
938 941 9872
652 659 2738
753 757 7248
308 313 3810
657 660 4131
168 174 3789
555 556 4145
837 843 7390
888 892 5569
763 764 8407
611 615 4915
205 208 5486
598 600 1647
779 782 7390
867 869 7328
515 519 817
451 453 4752
936 941 5758
753 756 589
545 551 9540
310 313 5948
932 936 2080
247 248 26
799 800 4095
305 311 9930
216 223 3314
377 381 9034
359 362 6402
363 364 4324
360 364 2634
24 28 891
149 152 4008
727 729 2485
581 586 7238
104 111 8457
4 10 3664
668 673 602
269 273 2081
200 207 553
589 592 3931
395 397 4570
864 869 4328
653 658 1741
672 679 9396
599 600 8450
140 147 6517
75 77 7264
950 954 9613
902 905 2655
790 793 830
744 751 1742
249 252 4653
672 677 8179
632 637 5971
925 930 2862
14 16 9408
752 759 9844
622 626 2818
840 846 4433
300 307 8228
557 560 18
87 90 673
253 256 9076
276 282 4232
591 593 4872
667 670 6945
831 835 6425
745 749 8723
166 170 4497
780 785 1096
971 973 8169
769 775 9056
78 81 3312
814 817 2369
266 270 1943
839 841 2424
69 73 8538
903 907 4255
218 223 6120
294 299 9766
665 668 8959
828 832 3494
325 329 3861
736 742 8313
300 306 385
58 62 1696
97 102 8917
638 640 8146
208 215 5400
899 903 9147
303 307 8509
874 876 8193
709 715 8032
733 739 1797
95 96 888
165 170 2628
817 821 7798
491 493 226
88 95 8219
364 368 3767
767 769 7568
672 678 6671
402 404 8490
518 521 504
132 139 5843
49 53 3688
265 269 1966
10 12 7295
67 71 4182
502 507 5906
882 885 8398
871 872 1214
713 719 7624
292 299 9353
714 718 1285
281 286 4826
341 344 6854
777 781 2459
618 621 7701
506 509 39
679 683 1999
684 690 9524
105 109 5791
676 681 4681
823 827 8421
278 280 3450
314 318 3423
80 84 1048
51 53 9635
534 536 180
699 703 337
853 857 4762
821 826 103
441 444 6980
471 474 458
209 213 7712
665 670 5529
338 341 2964
379 381 8600
850 852 173
955 958 6395
362 366 3562
686 688 5483
31 32 2380
407 410 2719
714 717 3527
374 376 6090
465 470 2750
260 267 2450
304 309 9826
820 827 1297
982 986 3982
780 786 9201
501 505 5655
180 184 9053
851 854 3997
398 400 7921
719 722 3802
965 971 8919
597 600 8294
968 975 7869
175 176 5623
280 285 6583
758 762 9163
688 693 9088
626 630 4095
437 441 959
524 530 5942
181 185 5303
824 828 6402
623 627 5861
289 293 4321
29 33 310
869 872 9560
693 696 4706
572 576 9858
261 265 3123
635 636 60
881 886 1877
912 917 2060
960 966 8701
56 61 4384
211 212 5529
285 290 4504
917 921 6743
898 900 5568
785 788 3649
369 372 3275
791 793 4272
377 380 4338
949 954 5827
738 743 3854
356 363 9293
29 32 5439
987 989 3946
100 106 2810
166 168 5775
719 721 6359
250 254 3480
563 565 1015
704 708 8592
266 268 5621
295 297 8872
699 702 9216
39 40 8263
844 851 6954
18 23 4400
643 647 8277
935 936 9438
334 337 2100
509 512 4757
794 796 7631
811 815 4390
147 151 5322
887 891 4751
48 53 693
369 373 3030
76 81 5075
489 493 1529
293 298 2995
882 886 6441
265 268 7736
706 708 8396
560 565 7195
945 948 9792
453 458 5677
826 828 8597
815 817 4759
59 62 4894
512 517 4075
889 895 4966
784 789 5827
111 115 499
962 965 6628
388 393 4078
187 190 6161
809 812 868
985 991 940
735 738 5474
129 134 7357
245 249 4292
225 229 1317
628 632 5522
729 735 230
974 979 1172
692 696 6193
973 979 1412
532 538 5844
294 296 2792
741 744 1717
864 870 3307
418 420 2911
723 726 7684
412 419 8669
905 910 9099
541 545 3544
932 937 1876
198 201 7532
447 450 9328
736 741 3928
480 485 4885
621 626 1348
271 273 9428
646 649 2958
700 704 1670
540 544 2744
110 112 7124
123 127 9078
14 18 7
592 596 6815
194 199 5537
380 387 8489
169 173 3667
508 515 4827
732 738 4107
748 752 7506
736 740 6320
803 807 1815
696 701 937
126 128 7015
595 596 4013
882 884 4735
773 777 3155
94 97 8738
982 985 5476
114 117 7942
205 211 6821
754 757 4395
388 395 5315
473 478 5796
157 163 5590
567 570 1884
283 284 8652
60 67 3048
415 417 6249
168 173 7445
393 399 1630
229 233 8664
351 352 4389
704 709 9891
603 604 5397
776 783 4179
318 321 5910
680 686 1677
34 39 9270
127 128 9678
617 623 8
834 838 6843
256 262 2764
124 130 6077
849 852 7506
191 192 2700
427 428 2523
550 552 3693
78 83 5256
299 300 6496
152 157 3028
953 957 7435
866 871 7121
306 310 3464
13 18 8028
148 154 4999
918 922 7888
533 536 6194
592 598 7450
296 300 9197
37 43 7035
313 318 627
269 275 2235
841 844 7916
571 575 8161
545 548 2004
952 959 1592
715 719 5174
96 101 8555
126 131 8086
871 875 1642
922 924 6255
444 451 4492
344 351 2003
385 388 5668
101 107 9792
27 28 1383
254 256 8760
332 337 5267
342 345 8154
33 36 1581
637 642 581
325 328 1844
182 184 1094
205 209 8015
375 378 2728
317 322 5019
409 412 3026
803 804 5807
212 217 94
844 850 3578
184 190 4515
703 704 6584
525 529 6946
973 977 2382
929 933 9865
718 720 868
732 739 2240
345 348 4136
79 80 2513
792 797 3738
304 310 5485
366 369 3564
79 83 1048
771 773 1321
90 93 1138
20 25 6189
583 584 550
101 105 4942
298 303 6930
196 201 9376
278 282 2117
428 434 4123
403 404 2396
894 897 6364
57 60 2013
172 177 4740
201 204 5480
442 447 7219
98 100 14
441 445 6836
113 119 7203
889 893 2846
180 186 747
181 187 5079
847 849 6007
498 501 1914
483 484 843
210 215 9999
535 536 6739
171 175 3303
606 611 2521
128 133 5572
537 543 725
349 354 8231
798 802 8819
464 470 9610
508 514 6854
957 961 5948
107 108 2355
586 591 5105
258 260 2444
617 622 4004
34 37 7294
570 572 8823
938 940 3767
109 114 9957
184 189 4093
49 55 4894
22 26 5069
904 908 7194
82 84 8950
114 118 3883
992 998 4510
486 491 3876
809 815 3536
242 247 219
476 481 4754
563 566 6622
306 309 887
291 292 5978
929 935 8132
571 574 5805
961 965 970
636 643 6941
977 983 8885
695 697 2573
37 42 7715
776 780 9188
811 813 7981
181 184 172
123 126 285
252 258 3671
494 496 587
168 175 1557
712 719 543
335 336 7787
875 877 2299
383 386 614
10 15 1870
811 814 6498
549 553 5941
978 982 7068
346 348 1763
870 873 7883
765 768 4290
577 581 8850
192 196 5443
84 90 8434
484 488 762
645 649 3502
115 119 5870
899 901 447
490 495 8181
661 666 4131
729 733 4412
17 20 5688
399 403 1192
828 835 3060
755 758 9585
967 968 5830
492 497 6272
856 860 209
345 350 4695
381 385 5071
886 890 2908
707 709 7050
17 22 6077
62 66 9893
894 899 9839
419 423 2198
453 456 1785
436 443 5184
361 365 9388
862 866 6366
319 320 930
161 167 7010
242 245 4676
558 563 9416
462 465 6801
848 854 6401
296 303 1865
861 867 2571
713 717 1018
381 386 2660
708 715 7226
516 521 5309
635 638 1459
410 414 5536
460 466 6392
939 943 7850
668 674 9240
810 812 7229
696 703 4009
631 633 9571
258 263 2602
652 658 477
323 324 3355
27 30 9755
94 96 3093
530 535 5609
870 874 5207
546 548 2392
177 183 1086
789 795 7814
887 889 9746
82 85 9680
122 127 9349
43 44 8909
425 428 8673
785 789 3538
958 963 5204
105 110 2452
98 103 9638
337 341 6070
596 601 6456
240 246 1998
178 180 7914
891 892 8740
152 156 2294
782 784 4438
517 520 358
191 195 3050
350 353 8190
103 107 6456
511 512 2046
339 342 3365
277 283 8759
485 491 1118
429 433 2325
872 879 8203
611 612 6690
457 461 7906
401 405 810
103 105 6013
860 866 3694
941 944 5470
53 59 3965
252 259 8130
921 926 1449
961 966 7642
807 811 8393
822 827 4328
29 34 4960
140 145 2143
684 688 6618
365 368 8626
359 361 6246
528 535 9335
566 571 2340
734 738 9170
993 997 1069
6 8 9495
958 961 5832
947 949 2555
95 98 1401
336 340 366
931 934 8773
177 182 8977
908 915 5335
896 901 9037
840 847 8695
222 226 236
40 45 7731
327 330 429
342 346 6384
903 905 7026
754 758 6487
538 540 3650
607 611 3112
189 192 4850
547 549 1181
770 774 8086
922 927 988
198 200 9919
673 679 7033
984 988 2076
169 172 7713
93 99 643
701 707 6328
238 240 852
991 993 1134
310 314 1388
199 201 1358
715 716 9292
665 671 7970
437 440 3043
867 871 9108
891 895 4385
769 773 1512
974 978 7842
171 172 7359
801 807 9003
427 429 7952
56 63 3011
368 375 6557
615 618 6178
430 435 1143
953 958 877
884 888 9335
730 732 3025
564 571 4748
449 455 83
46 50 2879
954 956 9577
287 290 4534
84 88 4774
322 327 5369
214 218 9537
597 603 6794
333 338 7465
748 755 2992
959 961 7788
660 667 1878
726 730 9361
774 777 2920
881 884 4169
522 524 4545
829 833 3697
9 15 6759
204 209 9051
673 678 2293
330 333 8537
149 153 118
126 129 5247
767 768 7119
698 703 1991
478 481 5477
202 205 6699
116 122 9591
922 925 8023
760 767 4745
275 279 9815
783 786 2657
95 97 7059
84 89 8684
854 859 586
629 635 3333
58 60 6726
398 402 9247
742 745 8494
644 651 6136
172 178 5281
961 964 7138
71 75 170
194 196 2525
214 217 5353
953 956 8731
539 541 3661
777 782 2664
223 226 6338
135 139 9026
865 869 7490
702 705 2486
666 668 8935
944 949 3412
506 508 7662
392 396 5245
363 366 8327
323 325 8374
913 916 7404
460 467 5178
201 206 1214
344 349 1732
348 352 207
659 660 1006
279 281 6369
292 298 5309
973 978 4744
91 95 7793
252 257 3379
367 368 3199
718 722 8249
438 440 7793
668 675 9579
655 656 4113
142 144 5968
81 86 436
340 346 1483
253 258 9940
496 502 5755
466 470 6244
337 343 6289
108 114 7972
301 305 7766
576 580 2143
531 532 3068
264 268 8906
7 10 5678
538 541 8928
527 529 9727
477 480 3168
38 40 2767
174 176 7446
297 300 5349
804 809 6391
816 822 6417
857 862 7847
252 256 4721
184 188 9608
162 164 2832
246 251 3827
623 624 6024
482 485 3985
757 761 7026
768 775 2910
258 262 2654
130 132 792
290 292 5707
926 929 1798
106 108 2308
12 17 4474
631 634 9596
683 686 6821
134 137 4051
551 552 5451
540 546 241
424 430 542
623 626 5620
50 53 6281
766 768 1629
962 967 6798
795 798 9163
245 250 4007
385 390 1420
994 997 7628
923 927 752
952 958 1529
743 747 1362
716 723 6806
605 609 9044
382 387 6027
609 613 1042
836 842 9611
591 592 6900
294 297 8840
869 875 9059
63 67 6162
509 515 8013
397 400 4799
974 977 541
54 56 4723
248 255 6990
546 550 1403
919 923 3929
722 727 1749
817 823 987
234 237 7828
519 521 4217
480 487 5121
772 779 9020
605 610 794
379 383 602
262 267 9457
291 295 4760
217 221 791
636 641 3717
64 70 5887
590 594 435
814 816 3042
691 694 1329
244 248 1745
154 157 7935
82 87 7079
373 378 5393
472 476 2950
595 597 5381
473 479 4532
135 137 1561
242 246 3349
65 70 2022
873 876 369
641 646 7513
908 914 1374
543 545 3316
542 546 8367
776 781 6932
311 315 3255
102 107 6281
632 639 7988
734 736 6235
18 21 7448
728 733 3038
478 483 8512
158 160 1316
634 639 599
627 630 5025
382 384 16
613 616 4627
690 692 1014
261 264 2883
620 624 9178
742 747 5313
944 948 5551
542 545 3333
590 592 6906
688 692 7661
40 44 5828
280 286 9250
822 825 5045
744 748 6186
982 984 5328
353 357 468
470 472 8883
203 204 5567
25 30 3559
414 418 3940
558 560 9450
260 266 2278
874 879 5988
484 491 1884
125 129 1429
383 387 3792
516 523 234
465 468 9456
842 844 6880
537 541 3759
60 66 1650
983 987 989
855 859 255
903 904 9213
685 689 6444
584 589 465
874 877 8354
944 950 3935
286 289 2268
191 194 3759
253 257 8946
702 704 9132
915 917 4830
473 476 2398
451 454 6435
91 93 5257
685 691 4002
6 9 201
810 815 2037
377 382 1756
366 370 5784
827 828 9641
768 774 2413
764 768 5865
846 850 7101
803 805 960
529 535 1015
530 533 4010
448 452 104
341 347 8415
747 750 1903
529 533 3977
510 513 5494
476 482 8919
27 31 3591
768 773 3521
502 504 3382
756 760 3657
146 151 9606
145 148 9178
421 426 3531
612 617 5904
957 962 6384
418 422 2430
553 556 4509
582 586 5236
694 696 1743
175 179 8686
585 589 2862
555 559 7369
74 78 1822
679 680 656
378 380 2817
838 842 2545
63 66 8466
354 357 8057
139 141 3648
983 985 4943
795 797 1724
798 801 5185
117 121 3537
74 79 7577
726 728 5488
762 766 4518
760 766 6133
794 797 7525
244 250 2404
302 304 9219
454 456 1460
510 512 1573
720 727 9711
119 121 2588
367 370 5746
764 769 810
593 599 3949
674 678 2594
133 138 7268
906 911 7797
831 834 4388
573 576 860
382 385 8937
215 217 2329
939 942 1953
678 681 6442
405 408 8160
200 204 6528
574 576 4718
877 882 317
826 829 2028
443 446 8290
3 7 4705
622 624 9650
141 147 3801
226 228 6882
776 782 8860
523 524 1128
960 967 7083
330 334 4881
943 944 8408
274 278 7420
907 909 5007
973 976 6477
404 410 2806
446 449 1831
439 440 3079
580 586 3856
746 749 2505
705 709 8784
876 880 2101
510 514 4235
787 791 40
41 47 3767
655 659 1121
663 666 2631
442 446 4938
195 196 8400
774 778 965
575 576 5705
750 754 6739
733 736 4122
620 627 2878
545 550 8048
976 983 4190
48 52 8608
738 741 8342
721 724 5995
231 235 8511
50 55 5186
836 841 7956
324 329 2821
851 852 5846
276 281 9312
100 105 6256
262 266 4782
435 438 7125
568 575 8169
19 23 7864
4 8 3471
951 954 3505
710 712 8273
267 270 9750
193 198 5437
295 298 6485
255 256 285
841 847 9216
640 645 8327
609 615 4473
449 452 3
220 227 609
904 911 8688
406 410 8166
404 408 2313
979 983 7932
804 810 898
819 820 850
629 634 3804
447 448 8579
800 804 6981
648 655 7236
123 124 7396
264 270 5796
604 608 9847
935 939 4451
494 497 3231
887 888 727
798 800 3920
975 977 6178
248 254 5821
838 841 4204
101 104 4523
383 384 2814
154 159 8961
415 416 8849
329 332 2752
90 92 4371
178 182 6255
986 988 6682
33 38 6524
45 50 6937
471 475 1749
224 230 5775
914 919 5819
556 562 1767
737 743 6647
761 767 5516
319 321 9240
240 247 2948
0 4 8467
170 174 7950
14 19 6313
200 206 965
890 894 8252
571 573 2161
445 450 3942
916 920 9117
679 681 379
778 780 9113
169 174 2008
948 953 3401
36 42 6359
85 88 9667
387 390 5828
659 661 1448
565 570 6977
843 845 8152
891 894 4640
786 789 3109
215 219 4111
812 816 9904
307 311 8209
282 284 3236
827 830 7643
740 744 719
596 603 7084
183 186 6877
745 751 229
594 598 5709
733 737 7471
562 567 6103
56 62 5162
993 999 7117
384 390 3133
544 549 306
539 543 5727
754 759 3472
879 882 6155
357 360 2480
347 349 1755
71 73 4500
426 430 991
64 71 1501
190 195 3292
61 66 9969
784 791 6080
427 431 2716
503 504 2030
520 524 1089
156 162 8170
347 348 434
989 995 2513
790 792 7407
215 218 3502
414 416 8839
470 474 9469
793 797 1574
114 116 8572
546 551 7898
909 915 6810
230 234 8970
726 731 4695
77 81 9068
425 429 7114
128 134 5527
705 708 482
921 924 6780
55 59 5053
52 59 2338
753 759 6974
936 942 9629
109 112 2798
471 473 5628
136 140 1454
392 398 7942
251 252 9780
614 618 3753
928 932 6911
565 569 7826
424 428 3856
608 614 4824
582 587 8949
512 519 8683
316 322 5548
33 37 9387
766 771 8770
360 366 8077
524 529 7312
540 545 2351
127 130 9099
978 981 9659
417 423 6674
770 773 5473
400 404 5264
632 636 8426
182 186 3985
614 616 3283
417 420 9999
102 104 9419
501 507 6315
65 68 6590
391 395 3922
593 596 7416
601 606 3670
692 698 8679
548 554 3498
121 126 1255
576 581 4534
92 98 5815
484 490 8026
189 195 528
149 154 3623
850 855 7610
370 372 7551
818 820 5096
597 601 3996
872 878 8129
11 15 1534
321 327 3512
831 832 4739
335 339 6435
603 605 5406
110 113 9555
15 19 900
413 416 18
152 159 9512
391 394 9508
621 627 7597
91 92 9941
268 272 6084
167 171 5262
58 61 2268
344 350 8964
254 258 9447
7 11 4801
216 221 6594
509 514 7570
885 888 5930
301 306 2087
517 521 3035
508 512 292
226 229 6847
36 41 2750
903 906 6128
259 260 3366
930 935 7120
143 146 7374
163 164 2205
933 939 1127
64 69 3247
482 487 2637
798 803 3443
637 643 993
526 528 229
876 881 6024
265 271 1633
159 161 502
625 629 1200
366 371 7631
111 114 8033
406 411 3450
895 898 5807
949 955 4725
466 471 5415
41 46 862
433 436 6523
927 931 9549
777 783 6714
134 139 8357
185 190 3079
109 113 8358
10 14 8347
396 401 2679
51 55 9181
670 674 3551
926 928 6662
662 665 5828
3 4 8458
918 920 4520
594 597 4239
365 369 705
697 703 6938
908 912 2475
810 814 2606
565 568 2345
160 166 151
993 998 5892
685 690 464
549 554 7534
98 101 5811
260 265 5575
30 35 5217
902 904 5858
876 882 1691
533 539 6390
17 21 4916
13 19 909
90 95 4872
956 961 1364
619 621 1709
879 880 2927
381 387 9499
83 84 6807
59 61 1136
624 629 8766
619 622 3940
422 424 3156
618 622 7062
561 566 2256
659 662 9839
395 396 5878
284 290 9775
569 572 4707
948 952 5439
717 720 3258
239 240 486
649 652 4859
805 811 9797
135 136 3568
815 819 2937
230 232 3740
981 987 984
143 147 6967
459 463 6612
910 914 8177
333 337 4838
207 211 7737
220 225 2822
474 477 6709
138 143 1138
471 472 7807
586 589 5473
609 612 8344
751 755 6580
921 927 3167
434 436 3942
89 92 4677
355 359 4308
559 561 6541
837 841 1952
69 74 250
638 643 6183
209 214 5540
510 515 808
485 488 7663
511 514 4429
317 320 2075
875 879 200
70 75 7856
684 689 2431
77 82 9981
988 995 1765
370 373 840
460 464 9891
959 962 9888
649 655 9787
594 599 7832
773 779 2150
442 444 8801
378 382 9123
806 809 181
593 598 3189
0 7 8260
501 506 7692
949 952 57
406 409 8851
717 722 999
180 187 8169
751 754 3597
526 529 2089
514 516 2068
41 44 6293
920 924 2336
221 224 2215
399 400 8573
144 149 9104
474 478 5280
747 751 9083
396 402 9439
277 280 7554
519 522 6332
228 234 1810
676 683 2915
826 830 6829
144 151 5892
853 858 4175
2 6 1651
167 168 4486
656 662 4179
717 721 6685
273 279 1091
837 840 137
227 230 7904
663 667 7327
31 35 1765
639 641 2609
622 627 1280
603 606 7873
383 385 5993
99 102 7006
856 863 4256
164 171 5188
917 920 4163
869 874 5208
873 877 9713
937 943 1702
20 26 1375
855 856 9030
889 892 1126
250 253 5134
631 635 5677
751 753 8493
728 735 9228
956 962 2419
633 639 9961
518 520 4214
855 857 892
45 49 1544
871 873 7412
4 11 8755
212 216 7138
104 110 8886
900 905 9141
605 608 5978
842 847 5228
891 893 7104
514 519 5644
18 22 8646
333 339 2109
936 940 2398
170 173 3342
268 273 5683
448 455 3799
467 469 1724
850 854 4908
788 792 2652
826 831 1791
825 828 968
995 998 4365
691 693 6032
467 470 9988
812 818 5578
346 351 7860
971 974 3456
470 475 1220
390 392 9919
943 947 9521
137 141 2049
808 812 7406
80 85 2105
83 86 9691
168 172 4483
767 771 9640
131 132 7891
36 43 590
548 552 3800
37 40 2501
849 855 5121
192 198 1639
52 57 6723
99 103 9685
472 477 9540
330 335 6180
511 515 1117
99 100 6182
180 185 5711
669 674 6124
730 733 8893
450 455 9525
532 537 8191
500 506 5272
106 109 624
412 417 359
628 634 7863
254 259 3994
926 930 5684
304 308 4322
160 164 5835
268 275 4920
156 163 7641
525 530 9444
373 377 6652
637 640 575
97 101 2727
628 633 4068
935 938 5046
104 108 5265
297 303 3167
379 382 2539
802 807 986
366 368 8379
13 17 7606
746 751 7430
322 325 1502
644 650 9221
93 98 9578
286 288 7989
854 856 9651
130 134 4714
514 517 1959
365 370 1625
870 872 735
9 13 68
224 228 9567
465 471 9645
794 799 6508
185 189 1487
89 93 3736
547 548 40
25 31 363
300 305 4663
523 526 5679
38 41 2773
813 816 2523
721 725 8680
724 728 5046
725 728 6835
531 533 2978
275 276 6971
345 351 7503
587 588 7040
116 120 7497
57 63 1886
329 333 7698
883 886 2379
653 657 6113
120 124 2888
267 271 6987
428 433 6674
161 165 4301
460 465 3572
532 539 8882
492 499 654
85 90 8854
534 538 3123
409 415 6587
28 34 7569
98 102 4468
323 326 7837
751 752 2872
230 235 7091
792 798 8554
884 890 7411
469 475 7731
234 236 402
425 431 2342
566 569 6921
157 161 4570
561 567 9668
958 962 1791
340 345 8721
113 116 6877
329 335 3454
835 839 7134
0 5 1743
8 14 8140
472 479 2093
752 756 1393
436 440 9864
849 853 4939
542 544 5972
536 540 5327
134 138 7377
592 599 6835
11 13 4767
263 265 5920
459 461 5202
681 685 9961
324 330 4570
249 255 5265
70 73 1434
478 482 183
583 585 1202
441 446 7611
24 29 4542
458 461 1603
95 99 4423
735 739 8943
46 51 934
804 808 3191
141 144 8927
144 148 1121
289 292 6830
35 37 9925
199 200 8149
388 394 1135
175 177 5883
662 666 7107
558 561 9429
707 708 6836
9 12 5106
587 591 329
955 956 7660
96 103 7123
580 584 8734
88 94 1482
884 891 2105
696 700 4538
160 167 7093
581 585 2009
347 351 8028
529 532 2581
351 355 8103
895 897 7617
713 716 4445
148 152 4614
904 909 7497
489 495 1410
378 381 5164
223 225 6504
251 253 8953
902 907 3025
315 316 5271
640 646 4418
674 676 8819
272 276 5878
577 583 2176
796 800 1308
85 91 4152
595 598 838
174 177 4319
899 900 8063
511 513 215
161 166 2765
165 171 1809
453 457 2184
531 534 9496
411 415 2790
414 417 133
504 511 2654
90 94 3394
736 743 8337
58 63 4094
431 433 4576
969 972 3954
150 152 8552
783 787 5980
463 465 7480
96 102 8710
412 418 7097
153 159 2921
29 35 5043
259 263 3912
384 389 8299
155 156 7371
540 547 5236
862 865 9080
991 995 3929
278 283 1169
133 139 801
66 70 576
639 640 8822
473 477 7497
651 655 3886
238 242 8699
435 439 54
485 489 5340
752 758 2710
1 6 1936
56 60 5148
572 579 3858
100 107 2339
440 445 5006
354 359 4645
73 76 6257
425 430 9027
634 637 6930
474 476 8650
73 78 5483
282 286 7573
537 542 318
114 119 6605
431 434 2085
757 762 1761
447 451 136
809 814 7666
779 783 8105
456 463 3754
38 43 9486
120 126 9218
495 496 2435
495 499 2277
108 113 5098
350 355 4640
976 980 8457
445 451 2187
768 772 518
636 642 3665
111 113 1704
670 673 4716
358 362 6815
799 803 5741
591 595 8554
683 685 1029
456 460 647
596 600 6020
206 209 4763
725 730 5059
387 389 3313
78 82 9279
847 850 4522
672 676 3414
77 80 6616
370 374 5211
544 551 5070
151 154 3804
928 933 255
533 537 5693
905 911 2322
390 393 7854
393 396 9740
145 150 5721
348 355 3575
420 425 3951
351 354 7755
241 244 7507
394 398 8697
361 367 9415
75 76 5623
710 715 3764
79 82 8452
521 527 5386
608 612 1754
113 118 9181
964 970 8041
572 578 6691
522 526 249
628 635 6941
256 260 8726
612 619 7173
384 391 1536
44 48 6619
219 223 4650
610 612 7946
434 437 2715
53 58 6315
69 75 1684
496 500 6511
750 752 4883
445 448 9320
815 818 6291
0 6 8405
501 504 8578
651 653 3968
165 168 9888
495 498 927
318 323 1089
868 874 8530
117 122 8412
794 798 2539
295 296 6276
848 855 9244
112 117 3273
896 900 6384
227 228 816
42 46 3373
854 858 2870
148 155 5783
971 972 2810
542 547 4212
174 179 4849
235 239 3434
3 6 3534
803 806 9492
688 695 7472
946 951 5429
779 781 3868
813 818 5020
988 993 2039
241 245 5043
247 251 8900
410 413 8908
497 501 7622
883 884 7186
742 744 3414
709 714 7204
69 72 4605
915 916 719
474 479 6058
360 365 351
943 945 28
142 146 1958
317 321 6305
898 903 5155
315 318 563
63 64 2570
23 26 6816
401 407 5410
617 620 3670
143 145 927
306 308 7005
277 281 609
989 993 8083
664 668 3200
295 299 9241
399 402 4915
897 903 8951
35 38 2867
623 625 8351
731 734 6520
879 883 6063
712 718 2431
482 486 1812
188 194 6577
694 697 6022
385 389 2581
621 624 3237
570 575 9028
859 860 2997
710 713 7996
237 242 5926
863 867 2779
964 969 635
836 840 838
543 544 6327
118 121 9056
53 56 9275
350 354 8843
159 162 9311
669 673 6364
86 89 1319
641 645 5155
443 447 47
431 435 5807
618 620 2219
287 289 9260
452 458 3419
336 342 9882
475 477 8144
602 605 9765
429 432 4064
923 925 75
925 929 6383
598 602 2558
227 229 3456
892 899 8162
543 546 6016
218 221 9667
255 259 9568
829 832 5402
152 158 5534
778 781 84
860 865 1536
597 602 3691
196 203 1272
512 518 2525
327 328 5342
812 817 6588
521 525 4167
210 214 9763
618 623 9107
837 842 4700
188 192 7732
394 397 4819
865 870 5561
677 683 4843
824 830 6283
398 401 7510
863 864 6467
368 373 6527
711 713 763
416 423 3186
97 103 9570
486 489 9474
579 581 1771
842 846 3508
808 815 887
892 896 8651
459 462 534
644 649 367
232 236 1586
912 916 9381
100 104 5842
941 945 6706
494 498 9274
789 793 2386
428 432 6606
269 272 7056
212 218 6953
677 680 7729
110 115 4378
850 853 5903
190 194 545
503 507 665
149 155 3207
129 135 420
283 285 1713
968 974 7331
957 960 7003
792 796 6057
106 111 676
92 96 3510
965 970 4509
561 565 4858
774 779 9995
255 257 3957
199 203 7904
555 557 5125
457 463 6182
391 393 6962
11 12 1284
402 406 3188
123 125 7909
499 500 3439
697 702 5625
355 356 8504
548 555 6140
676 680 8380
931 932 4579
311 312 9940
954 957 6549
851 855 8219
62 64 5150
138 142 9229
362 364 3105
86 88 4723
72 78 4546
390 394 8337
188 636
448 602
332 577
43 926
11 948
628 825
193 284
112 434
307 637
572 932
667 998
13 225
38 854
14 339
189 618
398 976
195 737
250 635
790 936
527 542
292 354
338 638
209 439
41 60
79 488
632 857
665 933
175 354
309 747
422 618
69 541
311 807
228 634
15 483
391 702
342 824
128 193
579 671
39 104
73 915
336 683
488 908
343 685
492 698
342 607
210 247
228 556
331 873
132 493
834 907
820 862
186 370
252 948
152 953
42 181
451 733
132 208
398 465
911 916
457 713
769 995
593 770
162 689
836 969
700 932
182 891
299 760
701 787
193 728
280 523
366 411
178 497
514 838
258 370
142 848
391 685
237 317
879 891
646 679
436 911
484 768
61 235
698 840
136 875
180 990
420 963
407 591
269 510
435 785
154 723
430 500
114 453
483 640
82 437
100 859
106 184
383 913
127 791
269 323
418 557
