6787641
9834185
7989675
1213536
1392891
8021280
9541461
274822
2445521
6506819
37304
10712202
15686773
1470775
1163701
30591
2150078
7712306
3898102
7493421
7329662
2705155
3745745
13719058
1130187
5662800
800744
515273
4988216
10555445
3653270
2745563
16601427
5435733
7659592
6654549
224688
4056236
6084646
9431216
10049902
14976206
10400755
254690
3535203
5978775
2910086
4872947
1533265
7678356
3811485
17032952
3777263
6635273
3711453
124849
7949598
14100388
8003380
2348878
13867608
2217728
11028172
9318636
5726891
10857804
11339266
1270445
2287226
6830672
3469712
1800170
9210343
4631655
2492598
10065220
11763526
14022532
194449
4907288
2834305
4382347
1062137
7837457
1073443
7861679
743482
991498
5806603
1601957
898477
12049810
1195276
7329856
5752121
13059687
9948479
13281175
7930760
14249110
