5000 10
1 4209
1 1309
1 1891
1 3791
1 3583
1 3583
1 511
1 3959
1 782
1 3791
1 2756
1 4805
1 1579
1 3926
1 1150
1 3701
1 1149
1 2893
1 3709
1 3342
1 3791
1 2974
1 109
1 4209
1 1081
1 1150
1 4363
1 2893
1 904
1 4459
1 318
1 482
1 1081
1 557
1 1219
1 1081
71 252 4757 4357 2472 1672 1621 412 3325 3748 2778 1451 1590 720 1178 828 3419 3279 1950 1986 1831 603 4496 1419 4512 4492 1228 4989 3761 303 825 229 2326 1843 4723 3867 932 4401 2078 4421 3775 4163 4394 3240 4887 3681 1850 1386 2536 4541 4604 4302 2644 2517 221 3958 1485 1224 724 1001 1231 1437 936 656 3565 856 571 794 3405 953 4463 2483
1 1815
1 903
1 3709
1 3764
1 2776
1 2578
1 557
1 1188
1 3791
1 1630
1 778
1 557
1 2776
1 770
1 2364
1 4168
1 2578
1 3709
1 2756
1 3583
1 1309
1 1891
1 1081
1 557
1 2578
1 782
1 482
1 4927
1 1183
1 508
71 252 4080 2316 4344 4333 3208 3359 735 1750 3619 2081 3539 2731 1560 4733 3074 2460 3746 2816 179 2153 858 637 3759 296 2645 3587 3352 442 1522 1155 2068 3552 3262 1795 3940 2584 4289 1069 2585 3374 2482 3362 4891 4840 4579 3093 657 1747 842 2211 3365 2512 3306 2455 2230 2501 3217 861 1239 534 3980 3758 4426 1728 2657 2547 2520 3282 4303 4393
1 1630
1 756
1 756
1 3879
1 770
1 164
1 3583
1 1031
1 1891
1 3709
1 3934
1 4154
1 3701
1 4168
1 2937
1 4209
1 3309
1 3998
1 4805
1 1081
1 1219
1 1183
1 3690
1 3934
1 4363
1 4927
1 4707
1 3879
1 1770
1 770
1 508
1 3001
1 2937
1 3764
1 1309
1 4927
1 770
1 4209
1 2937
1 2626
1 778
71 252 2470 3744 4922 3211 4273 1191 2983 3693 3651 547 22 1273 2348 1852 2876 2037 381 2533 3540 954 3794 3769 2892 1699 1871 4109 862 2589 3470 3260 4899 420 3510 2855 1724 1290 884 2739 1846 4429 795 155 1262 3971 2615 132 2306 493 458 2238 578 3941 1657 2879 2603 2219 1934 3076 4317 1049 1631 4092 4729 3064 2018 350 4665 2527 3286 4788
1 2974
1 3998
1 1579
1 1149
1 1630
1 164
1 3690
1 2893
1 557
1 4209
1 1815
1 1786
1 1309
1 4888
1 1815
1 1765
1 164
1 3873
1 1579
1 1786
1 2974
1 1031
1 109
1 4168
71 252 521 1552 1507 3376 3425 3259 3397 2959 965 2217 2624 3198 2833 1048 4184 4411 471 1958 1883 4403 340 3633 668 894 207 3489 4520 2406 472 172 1077 1400 386 4026 826 3105 2169 1644 4621 4435 3447 2181 2842 1664 2755 165 2971 1067 1725 1766 701 2765 4969 2553 1441 1340 1474 1473 3918 2205 4001 265 1702 1267 1497 4205 3252 4804 4386 3065
1 4154
1 3709
1 2937
1 778
1 3690
1 3583
1 770
1 904
1 3827
1 4209
1 3001
1 778
1 1891
1 3791
1 3701
1 4927
1 1031
1 1579
1 3764
1 4450
1 109
1 1765
1 1786
1 3583
1 2364
1 3583
1 3001
1 3701
1 1786
71 252 952 1717 3169 2071 4448 3166 2746 2571 4602 2151 1951 2089 4329 1885 2966 3246 2967 1029 3494 616 813 1681 1531 1924 4130 1306 2327 115 3806 551 1632 2093 4750 958 2606 4369 1884 3340 4721 4236 3106 1102 4903 1858 126 3009 2886 1768 73 2052 2500 4381 4762 3461 3990 4383 2123 1458 4199 893 2946 3636 4451 494 2936 1355 4761 2957 1977 2481
1 134
1 4805
1 4007
1 2578
1 3879
1 3959
1 1891
1 134
1 3342
1 4007
1 3690
1 3143
1 3791
1 3764
1 67
1 3827
1 3827
1 1579
1 904
1 4888
1 2626
1 3583
1 4168
1 3998
1 1149
1 3926
1 3690
1 4459
1 3701
1 4888
1 4154
1 3701
1 3709
1 1765
1 4007
1 511
1 3690
1 1149
1 3934
1 2776
1 3143
1 557
1 134
1 2756
1 3583
1 1031
1 508
1 1219
1 4168
1 903
1 1219
1 3309
1 1309
1 1150
1 508
1 3001
1 36
1 3690
1 482
1 3879
1 1786
1 756
1 756
1 2913
1 36
1 4363
1 4888
1 2626
1 2893
1 482
1 3879
1 1748
1 2913
1 3583
1 4707
1 4450
1 1150
1 1748
1 2776
1 511
1 3001
1 4707
1 782
1 4888
1 3998
1 1891
1 3709
70 2776 3701 1150 3143 3342 1081 778 511 3959 3827 1579 2937 903 782 2974 3309 4363 2578 3764 508 2756 2913 2626 1786 4888 3791 1219 1765 4154 134 3690 4209 4478 3879 1748 1770 482 756 4805 1188 3998 3926 2364 1031 1630 1891 109 3001 2893 4707 3709 4007 4450 4927 1183 67 164 1149 3583 318 557 770 3873 1815 904 4168 3934 4459 1309 36
1 1765
1 3926
1 2626
1 3873
1 511
1 1150
1 1150
1 4805
1 4478
1 511
1 3764
1 2364
1 134
1 1765
1 770
1 4459
1 1081
1 2913
1 1579
1 1150
1 1786
1 3709
1 4154
1 1891
1 2756
1 4007
1 1309
1 1765
1 2578
1 3764
1 2893
1 2937
1 2578
1 3926
1 1188
1 1150
1 4478
1 1149
1 3309
1 1630
1 4707
1 3342
1 2364
1 67
1 1150
1 1150
1 4478
1 318
1 508
1 1188
1 36
1 3959
1 1748
1 3998
1 3764
1 2937
1 2626
1 1219
1 557
1 1150
1 1150
1 1786
1 2974
1 3709
1 1891
71 252 465 2172 30 3257 2321 867 3421 4988 4388 4367 1092 1022 959 2371 1534 588 1841 580 1817 3776 3916 3641 1053 3324 2023 2805 4771 840 4862 4576 912 1193 2620 3909 1504 3222 3044 1727 2692 662 2042 3283 3117 300 624 1151 1405 995 3473 1125 4142 2968 2315 3024 2193 2108 1211 1100 1054 4417 462 1808 1455 1195 2772 3081 2312 1332 1296 1930
1 1219
1 1765
1 778
1 1309
1 4154
1 4459
1 1031
1 4209
1 2578
1 2893
1 2974
1 2626
1 1630
1 3827
1 770
1 3342
1 2913
1 3934
1 482
1 3934
1 3791
1 134
1 1149
1 1748
1 1150
1 4478
1 1031
1 3879
1 3309
1 4707
1 2913
1 109
1 3764
1 2756
1 4154
1 4805
1 508
1 2974
1 1309
1 3959
1 2578
1 4209
1 1630
1 3873
1 508
1 1891
1 1579
1 3143
1 4450
1 4707
1 1081
1 1748
1 3001
1 3143
1 3764
1 4007
1 1786
1 1891
1 1031
1 1815
1 4168
1 4450
1 109
1 1309
1 3001
1 2578
1 2756
1 134
1 1770
1 1149
1 1149
1 1748
1 1765
1 4459
1 2974
1 1188
1 3998
1 511
1 3873
1 3342
1 1219
1 3827
1 511
1 1815
1 4927
1 3791
1 4927
1 756
1 4478
1 3583
1 3583
1 3879
1 1770
1 36
1 903
1 1765
1 2776
1 4707
1 1770
1 778
1 3001
1 109
1 4209
1 756
1 3709
1 1149
1 3827
1 4478
1 2364
1 4363
1 1579
1 3309
1 3934
1 4888
1 4209
1 3690
1 3342
1 4450
1 511
1 4209
1 4888
1 770
1 3873
1 67
1 557
1 3709
1 4707
1 3827
1 2756
1 4927
1 770
1 482
1 1770
1 1765
1 2776
1 4459
1 2626
1 3791
1 4478
1 109
1 4805
1 508
1 1188
1 318
1 1149
1 3309
1 318
1 904
1 4888
1 1765
1 2974
1 3998
1 134
1 134
1 2913
1 1786
1 3309
1 3701
1 4007
1 4154
1 2626
1 3001
1 4209
71 252 2356 1116 3320 1039 868 2138 4812 4553 1182 3396 4183 689 223 1320 2419 3144 234 3516 4846 751 2810 2675 4049 3112 1862 1896 1836 4221 4372 337 4164 1354 4117 1124 2056 3874 3258 2013 2267 1468 3710 2199 1317 3840 4119 2223 4456 2175 2815 2155 2029 851 1611 2221 31 4470 1197 4815 4114 1983 3185 1505 1714 3299 450 3835 4620 63 4577 2467
1 1149
1 3583
1 3342
1 3583
1 1786
1 2974
1 1188
1 3959
1 3959
1 2578
1 109
1 164
1 1183
1 770
1 4450
1 3001
1 3583
1 3583
1 903
1 1770
1 4168
1 3873
1 4209
1 2937
1 3309
72 252 4143 211 4658 3975 4216 2322 4511 1036 2587 3987 3448 2611 4647 1179 66 4315 4809 4964 2878 4295 4542 2099 1005 2253 3099 987 863 4634 363 4138 2060 4556 4811 460 2059 2305 219 3020 4562 3111 98 537 4010 355 3656 4084 4400 2344 2057 2592 301 2201 1718 1087 4425 3739 2785 4614 3174 4285 1878 2573 2799 2895 1521 4371 2861 3823 3757 3392 2273
1 1770
1 4450
72 252 1008 3122 3276 2292 2126 4603 2996 4829 898 4557 2992 3750 4734 2313 4551 2249 4789 670 2662 4913 2434 3886 1915 4323 3657 401 589 1456 437 6 3338 1574 4232 561 1929 2674 4096 4539 1490 1848 2854 947 4609 683 2417 257 3218 3287 4983 262 2436 990 200 1976 2804 3030 934 244 1454 3085 4554 2919 3519 396 3774 793 2898 3659 1944 1427 4941
1 904
1 3764
1 3709
1 1579
1 782
1 778
1 4459
1 1630
1 3701
1 134
1 2626
1 3827
1 1770
1 1579
1 3959
1 4459
1 4007
1 903
1 4007
1 4154
1 3001
1 3690
1 67
1 1770
1 4459
1 508
1 1219
1 4363
1 3934
1 1309
1 3879
1 1815
1 1786
1 1149
1 3309
1 109
1 778
1 1081
1 4154
1 164
1 4478
1 3690
1 3583
1 904
1 1891
71 252 2862 901 1927 730 4305 4325 915 443 4191 1302 48 2640 2844 3974 1840 854 43 2140 1491 2438 311 3115 2767 4975 60 3655 1180 2600 1381 1892 4660 1761 206 3714 4847 3103 2843 3230 3187 4765 2671 2523 1865 4328 2271 4267 1798 3811 929 2171 3660 3436 576 764 1449 3797 118 3924 1545 4233 3518 3905 2550 4175 3527 4580 3063 2338 4774 33
1 778
1 3926
1 1149
1 511
1 1765
1 3001
1 2756
1 2893
1 782
1 4209
1 4450
1 2974
1 1188
1 36
1 4007
1 1630
1 3690
1 3583
1 557
1 782
1 109
1 3926
1 318
1 3764
1 1031
1 903
1 2913
1 3998
1 904
1 770
1 318
1 511
1 1770
1 4209
1 756
1 3998
1 1081
1 1815
1 1891
1 782
1 3827
1 3934
1 3764
1 1150
1 1815
1 36
1 3583
1 3873
1 4927
1 778
1 2937
1 4154
1 1630
1 2776
1 4707
1 904
1 4154
1 1770
1 164
1 1183
1 3701
1 3709
1 2913
1 1748
1 3709
1 782
1 318
1 1579
1 782
1 3309
1 2756
1 3143
1 3309
1 4209
1 2776
1 3583
1 3879
1 3143
1 1031
1 67
1 3764
1 1150
1 4209
1 3309
1 4927
1 3143
1 1748
1 2913
1 1183
1 2913
1 4459
1 2364
1 2756
1 770
1 2578
1 4007
1 904
1 2626
1 36
1 67
1 4927
1 4007
1 2974
1 1219
1 318
1 3879
1 3879
1 3873
1 1081
1 782
1 134
1 3764
1 511
1 4450
1 3998
1 3959
1 770
1 4707
1 3342
1 1891
1 1579
1 4154
1 3143
1 3959
1 4154
1 511
1 2893
1 4805
1 4209
1 3342
1 2893
1 482
1 3873
1 1309
1 904
1 2893
1 2937
1 3926
1 904
1 1765
1 2937
1 1183
1 3143
1 134
1 4478
1 4707
1 2364
1 3934
1 1765
1 1765
1 3879
1 4363
1 1786
1 1765
1 3934
1 2937
1 3879
1 4927
1 1219
1 770
1 1309
1 3342
1 36
1 4805
1 3764
1 3143
1 36
1 3791
1 756
1 1786
1 1770
1 904
1 557
1 2893
1 4927
1 778
1 2893
1 67
1 3709
1 3001
1 4450
1 3791
1 4450
1 1630
1 3934
1 3879
1 4168
1 903
1 3959
1 1579
1 1149
1 4888
1 3926
1 482
1 1031
1 1150
1 2893
1 2756
71 252 4910 4486 1908 1799 3296 3813 4309 4487 2317 4767 2176 3991 2145 2184 945 2462 1331 1895 2982 4663 1023 4692 1217 3697 4957 3862 4548 4956 2528 4823 3110 4675 422 1243 4906 908 1835 1162 592 1634 2307 4764 1715 1638 2000 2653 1502 70 4599 1071 4074 2361 4895 69 2961 2869 1946 3323 406 3341 983 2485 726 227 226 3322 4282 949 1358 4068
1 2578
1 782
1 3791
1 3583
1 1183
1 1309
1 903
1 557
1 3709
1 4805
1 3709
1 3959
1 1183
71 252 267 3982 4186 3771 440 97 3704 333 2242 1200 4409 2354 104 810 587 1965 2710 2526 4341 2980 496 4558 2502 4799 1735 1587 4712 4709 4196 2139 717 4898 3213 3741 2235 3541 4641 1481 2284 1439 50 72 4722 1274 1140 3579 3100 2179 4540 674 651 2728 3668 2752 931 4203 1426 449 2568 3455 2413 3333 3504 3503 141 4785 3248 865 3316 4775
1 1748
1 1765
1 3309
1 1149
1 1031
1 1183
1 4450
72 252 1745 4653 4244 3952 4071 4414 3313 607 3125 733 2808 2256 1561 418 1134 2514 3312 2734 3013 558 2822 3275 1802 1293 548 1974 1591 3429 3147 4806 47 2581 321 878 3832 3079 1916 4633 517 2202 4930 1496 4928 1804 1369 4053 146 2724 2340 2978 4523 138 4404 2702 1790 4198 4571 4652 1436 2566 3223 2120 4856 3113 108 4180 4790 3907 2646 1442 2908
1 3342
1 3690
1 1183
72 252 3607 1378 1860 667 1344 1941 4986 626 1881 2928 4248 2402 4378 2263 8 4256 955 1678 247 2290 1949 4536 2596 2255 3227 2727 3834 597 3388 829 941 3738 993 1448 566 1671 4286 1629 4768 2920 1733 3268 516 758 3727 2515 2554 62 4134 3409 4473 1985 3137 2924 4909 4631 3272 999 927 4727 3942 1160 3330 4947 577 4362 1192 3314 3753 1461 623
1 2974
1 3791
1 1031
1 3001
1 2937
1 3827
1 3143
1 1309
1 3791
1 3143
1 511
1 36
1 109
1 4805
1 2776
1 2756
1 1630
1 4209
1 3764
1 4805
1 1309
1 4154
1 4478
1 3934
1 1891
1 1748
1 904
1 770
1 3764
1 4007
1 164
1 4459
1 4154
1 4007
1 3879
1 3309
1 3690
1 4450
1 1309
1 1031
1 1815
1 3701
1 36
1 134
1 1891
1 36
1 782
1 3873
1 1748
1 2364
1 1150
1 1748
1 1309
1 904
1 3309
1 3001
1 1150
1 318
1 3827
1 67
1 4168
1 4805
1 3926
1 3791
1 4888
1 3583
1 2974
1 1630
1 482
1 2756
1 4459
1 557
1 1183
1 36
1 2937
1 67
1 2578
1 3342
1 67
1 109
1 508
1 2913
1 770
1 4459
1 318
1 482
1 2626
1 2626
1 3583
1 1815
1 2776
1 2937
1 1786
1 3873
1 4450
1 778
1 3583
1 1309
1 1630
1 3309
1 4007
1 109
1 3309
1 2364
1 3764
1 2913
1 1815
1 1786
1 2364
1 3934
1 164
1 134
1 3827
1 4168
1 3701
1 511
1 4927
1 3709
1 557
1 4707
72 252 2034 1980 3192 1223 4126 4507 1938 1382 3281 3675 583 1060 3985 2652 1234 4694 4780 38 4104 4420 1675 3293 2092 2401 1741 2335 1352 529 1606 763 2302 1989 3876 2168 2486 4499 2294 1482 1937 1128 501 3356 2301 4364 4586 2730 3853 2325 4179 1041 413 1903 2964 957 2758 214 3608 3040 745 2133 1068 4008 2324 3749 1139 2380 3643 4929 3467 978 2047
71 252 142 4732 3285 2387 4318 4650 3219 512 2664 4193 1523 3860 2452 586 4087 1413 4527 1666 2094 2396 3880 4291 2103 1742 1373 692 466 2902 2026 3151 1710 3042 1047 4153 809 3270 2124 183 1460 4830 2067 3175 1506 1215 962 3318 4376 4137 2654 4977 3014 3908 4174 1486 3536 1695 836 3890 3523 3795 2623 696 555 28 613 1557 2684 729 654 3601
1 3342
1 1219
1 2974
1 756
1 1219
1 3309
1 2776
1 318
1 1770
1 4927
1 557
1 3342
1 4154
1 3690
1 1149
1 3959
1 2578
1 4168
1 4363
1 1579
1 1219
1 3709
1 782
1 2913
1 557
1 1031
1 770
1 36
1 3143
1 511
1 2578
1 36
1 2364
1 3001
1 1630
1 4478
1 782
1 1765
1 1150
1 4805
1 756
1 1630
1 511
1 1188
1 756
1 2776
1 3827
1 164
1 36
1 109
1 782
1 1748
1 903
1 164
1 318
1 1031
1 3791
1 904
1 3926
1 1219
1 134
1 2893
1 1748
1 3342
1 3791
1 2776
1 3926
1 3879
1 2776
1 3873
1 3690
1 3143
1 4927
1 903
1 3309
1 4459
1 4707
1 1149
1 756
1 1149
1 2937
1 4459
1 508
1 1081
1 1770
1 511
1 3001
1 2974
1 782
1 3701
1 318
1 3764
1 1770
1 3926
1 782
1 1183
1 36
1 4363
1 3143
1 1748
1 508
1 3690
1 1183
1 511
1 4805
1 2578
1 1149
1 3764
1 4168
1 3709
1 3827
1 1770
1 3926
1 2626
1 4168
1 3879
1 1748
1 318
1 756
1 4707
1 4209
1 3998
1 3709
1 1786
1 164
1 2756
71 252 3041 822 3251 3674 4803 2529 2633 4841 2509 2931 1156 1830 377 3841 1856 2718 3393 3870 75 2807 1519 3725 2342 4808 2024 2459 151 960 2597 2720 2055 785 4135 4474 325 210 2416 4573 752 1904 1576 4679 2561 2609 1853 775 1489 1338 4687 2693 1906 4493 2015 2747 1601 930 2721 4689 582 3688 345 2473 1269 3914 3430 636 131 3469 4434 1281
1 1183
1 1748
1 1150
1 4459
1 508
1 3583
1 3827
1 482
1 4007
1 903
1 3709
1 3827
1 1183
1 3143
1 3583
1 904
1 134
1 109
1 3959
1 4154
1 1188
1 318
1 318
1 2776
1 1219
1 2974
1 3309
1 1815
1 903
1 1748
1 1188
1 1630
1 2974
1 3001
1 3926
1 134
1 903
1 67
1 1188
1 756
1 2893
1 4707
1 3342
1 1149
1 3342
1 134
1 3701
1 4209
1 1188
72 252 2783 3572 2628 3484 32 3589 4015 2422 4337 2513 3945 2072 3098 3343 369 1391 4546 59 3928 549 3537 2917 3367 4569 2557 3205 4869 2909 1494 1617 3124 4719 2545 4038 2465 3088 3863 2673 4022 2046 4453 1319 2128 594 2028 2188 2310 1095 4284 2896 2390 1948 3737 3203 87 2109 4796 1855 35 3801 24 4355 988 666 4839 3885 2812 3931 269 3933 3126
1 4154
1 1891
1 4450
1 3583
1 2893
1 508
1 2578
1 4459
1 1149
1 3934
1 318
1 4168
1 3701
1 1081
1 1748
1 3583
1 1748
1 3764
1 318
1 2756
1 164
1 4459
1 4007
1 3959
1 1188
1 4154
1 2893
1 2578
1 1149
1 4478
1 1891
1 4450
1 4805
1 1815
1 482
1 3873
1 1630
1 1765
1 3827
1 1765
1 2578
1 2913
1 482
1 318
1 3583
1 3342
1 903
1 3791
1 3998
1 4707
1 1309
1 1786
1 778
1 1765
1 3959
1 1786
1 2776
1 903
1 770
1 2756
1 2893
1 2776
1 4007
1 4888
1 2937
1 3690
1 3583
71 252 1075 3038 4919 2376 2270 3297 3019 290 748 4028 3091 1700 3049 1164 16 4475 3545 919 2608 982 3591 3595 1240 3703 202 4019 3407 3816 4469 4587 1393 1110 1244 4944 341 3786 4197 2247 4639 1090 984 1350 1011 560 545 113 1499 389 4227 774 4570 4356 3193 2703 2490 2496 3568 2414 4225 483 3950 189 3274 463 388 424 1973 1157 4061 1597
72 252 3875 2819 2972 298 3034 1034 259 241 3334 2933 3196 753 4201 3613 839 3077 639 1889 3893 297 25 2368 4902 2347 1310 1979 218 3559 4524 3432 2441 288 1259 3153 1515 1754 4873 2252 3594 4638 1812 258 3528 1805 3290 1982 3752 833 3993 3241 4462 312 1284 4353 943 3055 313 14 1327 1365 2683 343 601 272 4299 1784 3755 3006 4713 3561 2148
1 318
1 4805
1 2776
1 3701
1 67
1 1031
1 1149
1 3001
1 3934
1 782
1 2626
1 756
1 1786
1 1149
1 4168
1 3342
1 3001
1 4168
1 3959
1 3001
1 1579
1 3690
1 4888
1 3342
1 3309
1 3827
1 2776
1 36
1 508
1 557
1 4478
1 482
71 252 3894 1000 1007 1032 2990 89 3765 4952 2177 3501 2379 4118 3483 2762 699 4992 2499 3938 3925 769 1205 2956 2889 1044 4072 65 4610 617 4249 1622 1392 2839 2329 2494 2025 646 4006 761 2349 776 3648 2701 1819 3370 2851 3491 2939 1372 3446 855 4870 4784 4466 2711 3803 4433 2476 1233 495 2214 3581 4039 1577 4387 3900 1829 781 1572 2225 2999
1 4888
1 3764
1 3001
1 4209
71 252 3793 1080 2748 3060 1330 1214 4132 3145 1663 4122 3298 3003 3586 489 2258 2484 3631 1936 3977 4327 4533 4625 2045 1052 461 394 948 287 1661 3535 2194 2784 3331 2069 1914 4835 3937 3578 2900 3715 3817 3381 1106 2764 3423 4472 1255 3917 2890 1410 3197 570 1062 1070 3471 3412 3173 1349 2186 1339 4670 3011 3244 1438 44 1333 4704 2178 3177 302
1 3583
1 4707
1 109
1 782
1 318
1 1765
1 318
1 4363
1 482
1 4888
1 2937
1 770
1 4007
1 2756
1 4209
1 4209
1 1183
1 1748
1 4805
1 3879
1 3690
1 3926
1 318
1 4927
1 2937
1 1188
1 904
1 3791
1 756
1 1765
72 252 1897 4880 1966 1286 3949 1707 3515 1598 1823 3033 2131 2355 88 3888 399 1056 3992 2283 215 2160 3182 4085 212 2203 34 3395 2454 3426 2054 3067 716 4032 1803 1329 3955 2681 4700 2393 1968 4726 4682 538 906 1600 310 4169 4083 1605 4698 661 964 1698 909 319 3336 2714 1444 2388 3994 3618 2006 3441 2450 3189 4519 4752 1292 2850 2864 925 3513
1 3001
1 3690
1 2578
1 903
1 36
1 2974
1 4478
1 1630
1 36
1 3959
1 1579
1 36
1 3690
1 1183
1 903
1 3998
1 2893
1 1630
1 2974
1 67
1 1149
1 3709
1 3583
1 756
1 1149
1 4888
1 1815
1 4209
1 4459
1 4459
1 2974
1 1579
1 3827
1 3309
1 3690
1 1188
1 2756
1 4209
1 3959
1 1150
1 3309
1 1770
1 109
1 1748
1 4154
1 2776
1 3342
1 134
1 4888
1 1031
1 3926
1 4007
1 4888
1 109
1 770
1 3001
1 2578
1 3879
1 4154
1 4450
1 4888
1 1031
1 4478
1 3342
1 1150
1 4363
1 1219
1 2913
1 2626
1 3873
1 109
1 1786
1 1219
1 778
1 1579
1 1891
1 318
1 2756
1 2756
1 3143
1 4805
1 3873
1 557
1 2893
1 3873
1 3143
1 164
1 3764
1 4450
71 252 382 3398 4217 4585 803 279 4851 4131 4531 2530 1509 122 2560 4500 4516 1336 3249 322 790 718 3603 1132 2885 4320 2150 835 880 762 3624 4776 3264 4214 1 3172 2926 4127 2197 691 2430 1646 2456 2121 102 2591 1743 3754 541 2865 4222 821 2901 2210 1779 4489 217 3567 4552 1360 1384 3845 4220 57 1814 4399 1544 3546 4622 2427 357 2970
1 1150
1 4007
1 3764
1 3709
1 4007
1 4478
1 4459
1 482
1 1786
1 1081
1 482
1 2756
1 3926
1 3143
1 3827
1 3926
1 1770
1 1150
1 3764
1 1219
1 1188
1 756
1 318
1 1188
1 4363
1 2578
1 1309
1 3342
1 1031
1 1188
1 134
1 3709
1 3791
1 2974
1 782
1 1786
1 1815
1 1765
1 4888
1 1188
1 1149
1 3959
1 903
1 3879
1 482
1 164
1 4209
1 3143
1 756
1 4168
1 1309
1 4450
1 1786
1 3791
1 4707
1 1150
1 2913
1 3709
1 2893
1 778
1 4805
1 1815
1 1183
1 904
1 3709
1 2364
1 2913
1 3764
1 782
1 4805
1 2776
1 557
1 903
1 2626
1 1309
1 3998
1 36
1 1891
1 3791
1 4927
1 4888
1 1081
1 1183
1 1149
1 4450
1 3791
1 1579
1 4478
1 3959
1 4478
1 134
1 4927
1 3926
1 2364
1 1765
1 318
1 4478
1 3309
1 3998
1 4888
1 1188
1 2756
1 4209
1 904
1 1765
1 1786
1 3690
1 1630
1 3879
1 36
1 4154
1 1579
1 2937
1 1765
1 4888
1 3873
1 770
1 511
1 1770
1 3791
1 2776
1 4805
1 1630
1 3001
1 3959
1 2937
1 778
1 36
1 1188
1 770
1 3342
1 134
1 778
1 4478
1 1219
1 1786
1 4927
1 4450
1 782
1 557
1 3764
1 36
1 4154
1 2974
1 511
1 318
1 511
1 1770
1 164
1 3583
1 904
1 782
1 2626
1 3934
1 1765
1 3879
1 3879
1 4363
1 482
1 4707
1 3690
1 2913
1 4168
1 134
1 134
1 2974
1 3791
1 3873
1 3309
1 2937
1 4168
1 770
1 903
1 4707
1 4459
1 36
1 904
1 2626
1 1630
1 1031
1 511
1 557
1 1579
1 3873
1 1081
1 4450
1 778
1 134
1 1765
1 1149
1 2913
1 2893
1 756
1 3926
1 318
1 482
1 904
1 134
1 1748
1 1309
1 1630
1 3873
1 1770
1 4363
1 3342
1 1150
1 4363
1 3934
1 3959
1 1031
1 2893
1 508
1 67
1 904
1 4007
1 1815
1 3583
1 3873
1 3309
1 2578
1 2578
1 164
1 1579
1 4007
1 318
1 4168
1 4363
1 3879
1 3998
1 2756
1 1815
1 3998
1 3583
1 2974
1 1309
1 557
1 1815
1 2756
1 2913
1 3001
1 3959
1 1786
1 134
1 4007
1 3873
1 3701
1 4363
1 904
1 3827
1 4007
1 67
1 778
1 4805
1 3926
1 2626
1 3764
1 2937
1 3309
1 3827
1 3998
1 3001
1 1786
1 1183
1 3873
1 511
1 4478
1 1031
1 1183
1 2756
72 252 271 1917 2537 4920 1910 3509 3716 4124 128 112 2463 3221 1532 1492 4664 3783 515 1421 3673 12 1171 2914 2821 3599 4686 4297 4751 2781 747 678 2548 3026 3190 1783 924 3289 3239 2443 2604 3796 2923 2475 4441 2759 4141 3717 182 625 2471 1771 3418 152 4758 1838 1230 1251 525 2004 2107 2853 429 2883 1396 2740 2074 1294 3699 2858 4257 3733 365
1 4007
1 3143
1 2776
1 4450
1 3342
1 2578
1 2913
1 770
1 3709
1 4707
1 36
1 778
1 2776
1 3764
1 3709
1 3709
1 3926
1 1149
1 1219
1 3827
1 1219
1 1031
1 3342
1 1786
1 3764
1 1219
1 903
1 3827
1 3690
1 3764
1 3791
1 482
1 4459
1 3690
1 4168
1 4707
1 1770
1 1081
1 1765
1 4168
1 4888
1 36
1 1183
1 1770
1 1770
1 2937
1 3709
1 2937
1 3934
1 782
71 252 3542 1432 2167 4035 850 4627 1488 1063 799 3658 2801 4166 939 1510 331 4259 4858 4427 68 3663 741 3820 881 2995 610 4834 292 1417 3132 519 4081 3028 46 3782 1645 3498 1777 3344 3611 1118 2143 4343 4876 4307 3843 2101 361 1998 3326 1227 3997 3476 4076 2287 3563 1907 1237 3929 573 114 4418 3305 4384 946 4464 4683 3598 4279 3444 4111
1 109
1 164
1 3764
1 756
1 2893
1 4209
1 2974
1 756
1 1891
1 4927
1 4478
1 3764
1 1765
1 134
1 1630
1 1309
1 3827
1 4363
1 3926
1 2364
1 2893
1 2578
1 2364
1 4209
1 4927
1 3143
1 109
1 4168
1 1748
1 1786
1 1188
1 2578
1 1188
1 134
1 2937
1 904
1 4209
1 2937
1 4478
1 1748
1 782
1 36
1 4363
1 4707
1 903
1 3583
1 4007
1 782
1 4478
1 3001
1 164
1 4209
1 1891
1 4007
1 4168
1 4168
1 2913
1 2626
1 1815
1 2893
1 3827
1 2974
1 1815
1 4168
1 904
1 3879
1 2626
1 1219
1 109
1 1149
1 2893
1 134
1 3709
1 2913
1 2776
1 3342
1 1219
1 3998
1 3879
1 904
1 4707
1 3791
1 4363
1 482
1 756
1 1770
1 164
1 508
1 3873
1 4363
1 4007
1 2626
1 2626
1 109
1 134
1 4168
1 318
1 67
1 3143
1 3934
1 3934
1 3926
1 782
1 2626
1 770
1 3959
1 3827
1 4209
1 2776
1 1891
1 903
1 904
1 1309
1 4154
1 778
1 2913
1 67
71 252 3661 1508 3078 2174 1670 621 2424 3520 4740 2405 3442 2051 3855 2488 831 2594 4242 1061 2200 771 4262 370 4699 956 834 3842 1893 342 1004 644 2518 3718 3740 967 1886 4213 3939 4636 1206 242 3406 1096 1263 1033 3605 4559 4290 4954 4678 4281 236 4591 4145 3479 4737 1098 3623 3118 2773 4878 1659 1827 3720 3698 1021 305 390 3472 808 4370
1 2756
1 67
1 4888
1 4450
1 4927
1 1150
1 4450
1 3791
1 4007
1 4888
1 3143
1 4459
1 557
1 4707
1 4007
1 1891
72 252 3808 1498 1423 562 2753 2868 156 4648 3202 4885 2823 2286 125 4319 1119 3778 3043 4298 4705 2407 942 4802 253 2281 1135 4688 697 1643 3677 3121 280 2336 1867 3266 2198 3830 2282 4747 706 1618 1194 711 1414 198 3415 2960 3379 4160 4697 1218 3627 1464 1121 4334 4192 3612 320 3480 2311 468 707 1347 2735 4012 391 772 1404 452 414 4933 266
1 134
1 2974
1 164
1 4363
71 252 451 4745 1847 728 3005 2237 4447 1512 1428 2738 502 913 1788 4946 509 524 535 997 1866 4093 4702 3600 2985 615 4424 1624 1016 1880 2830 989 3861 3368 2669 4224 2084 3214 4482 4566 3416 3665 2825 3826 4940 1623 387 1935 3162 2828 1326 4484 411 1616 2208 417 3751 4760 3104 3965 3524 3896 2032 1920 96 1261 1457 2689 2676 1716 3615 590
1 1579
1 2776
1 3827
1 2893
1 4805
1 1891
1 1630
1 2364
1 1309
1 3879
1 3934
1 3309
1 1579
1 1150
1 4007
72 252 3451 727 129 3349 1660 2751 3859 3373 2112 4832 3745 3288 1415 314 4385 4465 2425 2382 1133 3133 4690 2075 1291 544 474 1445 4781 710 2722 4926 1956 4189 1137 2254 4207 2261 1028 1571 2085 4766 1971 3644 2298 1551 2239 225 375 4460 3507 4564 163 2299 4892 3747 1163 1318 157 2337 2062 273 3680 1603 487 2245 3082 875 1345 4972 890 1362 121
1 3709
1 1770
1 3583
1 778
1 3827
1 2913
1 2776
1 3934
1 67
1 4927
1 2937
1 557
1 756
1 4154
1 4007
1 778
1 1219
1 778
1 1150
1 2893
1 3827
1 318
1 3791
1 3342
1 4888
1 1150
1 4168
1 1309
71 252 3814 402 823 1689 2036 4662 4106 4897 4005 4939 3919 120 1888 595 3384 2035 602 3897 1546 2965 1905 1115 2014 1872 4787 1882 872 1693 1972 2431 4483 2104 4194 4042 1059 3936 1371 4783 4011 3385 2834 2962 1940 543 1890 3460 1346 1246 37 4842 2648 889 3084 1525 124 4088 2832 1540 2189 4161 3493 3452 3000 2127 3278 4741 2638 378 2144 3073
1 3764
1 318
1 4363
1 1183
1 3827
1 4927
1 3583
1 1219
1 3143
1 4707
1 3709
1 1748
1 2364
1 1183
1 1031
1 36
1 3701
1 3309
1 3998
1 756
1 482
1 2364
1 1579
1 4007
1 557
1 318
1 3764
1 36
1 2776
1 3764
1 109
1 1770
1 511
1 4450
1 36
1 4478
1 109
1 1031
1 2626
1 1081
1 1031
1 2893
1 164
1 3342
1 782
1 3342
1 482
1 3143
1 2913
1 557
1 1770
1 1765
1 4154
1 2776
1 4154
1 109
1 1815
1 2364
1 2756
1 3959
1 4450
1 4478
1 508
1 2974
1 1770
1 782
1 1815
1 134
1 164
1 164
1 1748
1 3764
1 1815
1 1150
1 1815
71 252 2963 4229 807 2863 1683 596 1764 1740 4292 3142 3654 1387 2516 1295 147 2110 2973 4742 2394 3394 171 3045 2705 376 4332 364 1776 2130 2166 2489 3328 4855 677 827 4144 3689 58 4023 1083 3353 2891 250 3311 2229 1639 3872 4452 1902 4270 3036 2899 4904 4886 276 3364 2 317 76 2905 4467 4901 3831 556 4228 3164 3242 4684 3799 1112 2659
1 557
1 1748
1 3309
1 756
1 482
1 1219
1 4888
1 3934
1 3934
1 4805
1 1891
1 903
1 1031
1 1815
1 1031
1 1630
1 756
1 3959
1 1579
1 3791
1 4209
1 2893
1 1188
1 511
1 778
1 1579
1 2893
1 2364
1 1770
1 3959
1 3709
1 3342
1 164
1 4888
1 3001
1 557
1 4450
1 511
1 318
1 4927
1 2776
1 4888
1 109
1 1770
1 1188
1 903
1 903
1 3764
1 1815
1 782
1 4154
1 3791
1 511
1 2974
1 756
1 3998
1 1081
1 782
1 36
1 164
1 3998
1 3827
1 4459
1 2578
1 1786
1 3873
1 134
1 2776
1 3879
1 4168
1 2937
1 3934
1 2756
1 770
1 1219
1 4927
1 1219
1 3998
1 4888
1 1786
1 1815
1 1149
1 778
1 3934
1 511
1 164
1 4927
1 1150
1 903
1 3791
1 1150
1 482
1 4927
1 782
1 36
1 4168
1 4154
1 903
1 3879
1 3959
1 4168
1 2626
1 2974
1 3926
1 2937
1 4007
1 1630
1 3998
1 756
1 3690
1 4707
1 2974
1 1579
1 2974
1 1219
1 2756
1 2756
1 3873
1 2578
1 3701
1 2776
1 482
1 1815
1 1031
1 3342
1 2364
1 109
1 3934
1 3583
1 3143
1 3001
1 318
1 1031
1 1183
1 904
1 3764
1 1081
1 482
1 4154
1 3309
1 1770
1 3998
1 903
1 1815
1 1815
1 109
1 3701
1 4805
1 2364
1 3764
1 318
1 3879
1 4168
1 1188
1 1081
1 903
1 4363
1 3791
1 3342
1 1748
1 164
1 2913
1 1219
1 1031
1 482
1 508
1 2364
1 508
1 508
1 4363
1 1786
1 2776
1 4363
1 3926
1 2974
1 904
1 67
1 1188
1 3959
1 164
1 1081
1 3701
1 1579
1 1786
1 4209
1 4363
1 36
1 3827
1 4363
1 67
1 2578
1 4707
1 1770
1 1786
1 3791
1 4450
1 4007
1 164
1 4805
1 2893
1 903
1 164
1 904
1 3143
1 2893
1 3001
1 2578
1 508
1 4927
1 1630
1 3690
1 904
1 1815
1 3959
1 2626
1 1579
1 318
1 1081
1 1891
1 3934
1 1786
1 3001
1 2578
1 4707
1 4707
1 3879
1 4707
1 3827
1 778
1 1309
1 2974
1 164
1 904
1 3959
1 511
1 1815
1 1081
1 3934
1 1891
1 1219
1 3701
1 903
1 2578
1 3764
1 3959
1 4707
1 482
1 770
1 557
1 4209
1 4707
1 1630
1 1815
1 756
1 2937
1 3690
1 1150
1 3934
1 1309
1 164
1 2937
1 67
1 4450
1 482
1 3309
1 3998
1 3791
1 2974
1 1219
1 4450
1 3879
1 4805
1 4927
1 3701
1 1891
1 1630
1 903
1 134
1 3827
1 557
1 318
1 2937
1 1748
1 482
1 756
1 1183
1 1188
1 770
1 2626
1 134
1 3309
1 4209
1 756
1 4007
1 1188
1 2937
1 1081
1 1815
1 4927
1 4805
1 4450
1 318
1 1188
1 3791
1 4154
1 1309
1 1765
1 482
1 1748
1 508
1 778
1 1219
1 2974
1 134
1 2364
1 4007
1 1770
1 3583
1 1309
1 67
1 4209
1 2756
1 1183
1 4707
1 4805
1 134
1 2974
1 109
1 4168
1 482
1 2626
1 482
1 3690
1 1183
1 3879
1 2578
1 3959
1 1891
1 67
1 3001
1 3998
1 3879
1 3583
1 770
1 4478
1 1770
1 109
1 1786
1 3926
1 3309
1 770
1 4363
1 3342
1 1786
1 4888
1 1149
1 3701
1 511
1 4363
1 2626
1 1150
1 508
1 1786
1 782
1 778
1 3873
1 1188
1 4805
1 3959
1 1786
1 3998
1 782
1 4707
1 3001
1 2626
1 482
1 3873
1 3827
1 1149
1 557
1 2756
1 508
1 3309
1 4707
1 2893
1 3342
1 3001
1 2913
1 3764
1 1765
1 1765
1 1219
1 770
1 4888
1 1765
1 1630
1 4450
1 2776
1 782
1 2578
1 511
1 4707
1 903
1 3701
1 3998
1 3959
1 1786
1 1786
1 4805
1 903
1 903
1 3959
1 3827
1 508
1 109
1 756
1 2626
1 2913
1 1081
1 1765
1 318
1 511
1 2756
1 318
1 67
1 756
1 3583
1 4007
1 3342
1 318
1 508
1 3143
1 903
1 903
1 36
1 164
1 3873
1 1183
1 2893
1 3583
1 4007
1 4209
1 4805
1 903
1 1765
1 1786
1 557
1 4209
1 778
1 2626
1 1031
1 4363
1 508
1 3709
1 3934
1 1150
1 109
1 1183
1 3934
1 3827
1 4154
1 3701
1 770
1 1219
1 482
1 3934
1 4805
1 3143
1 4168
1 756
1 4154
1 3001
71 252 2439 2206 2798 2795 1919 2552 51 159 3029 2918 4960 4693 2668 3138 427 937 4016 891 886 2621 4382 832 3466 3913 3849 1650 4078 2058 4877 2691 3220 3500 3812 264 3496 295 3787 2511 4310 3492 1873 4358 2040 649 704 3207 2469 1375 2399 1828 2629 2770 1653 1778 2559 3968 3902 3335 2017 4931 1403 3671 4408 2453 4514 4715 3215 3666 4791 1837
1 4478
1 4478
1 3959
1 1150
1 4707
1 4168
1 318
1 2913
1 4888
1 4209
1 2756
1 1149
1 3791
1 3873
1 1183
1 903
1 2626
1 1786
1 3959
1 3934
1 4459
1 3001
1 904
1 1219
1 4154
1 1081
1 3998
1 3764
1 1219
1 1891
1 4007
1 904
1 3934
1 2937
1 2364
1 3701
1 903
1 782
1 4363
1 3959
1 1748
1 134
1 1765
1 3764
1 2893
1 2893
1 3709
1 3690
1 770
1 1149
1 4007
1 1031
1 511
1 4927
1 482
1 3959
1 4154
1 1081
1 4154
1 1748
1 1786
1 3342
1 1309
1 3934
1 4888
1 1309
1 1815
1 4707
1 3701
1 511
1 2756
1 511
1 2974
1 557
1 2364
1 3827
1 1150
1 2893
1 1579
1 3143
1 4450
1 2893
1 4450
1 3926
1 3001
1 1219
1 3879
1 904
1 2364
1 1219
1 67
1 1309
1 3926
1 3309
1 1031
1 67
1 4007
1 756
1 1579
1 4459
1 1081
1 2756
1 482
1 4363
1 2364
1 109
1 1579
1 36
1 1031
1 4888
1 1579
1 1183
1 3690
1 3827
1 3001
1 3827
1 164
1 67
1 36
1 1188
1 756
1 903
1 4168
1 1748
1 1891
1 1149
1 3143
1 4927
1 3583
1 1183
1 2893
1 1149
1 4450
1 3879
1 1183
1 164
1 67
1 770
1 2776
1 2913
1 3709
1 4154
1 4007
1 3934
1 1031
1 3143
1 2364
1 67
1 1081
1 778
1 782
1 1891
1 36
1 1748
1 3791
1 67
1 4707
1 3709
1 557
1 4707
1 3879
1 770
1 109
1 756
1 1031
1 1309
1 2913
1 3342
1 109
1 4478
1 3709
1 36
1 1579
1 4888
1 4363
1 4154
1 3764
1 3690
1 2756
1 2893
1 1081
1 2913
1 67
1 1579
1 4450
1 557
1 3701
1 2364
1 134
1 782
1 3701
1 3342
1 1081
1 3001
1 2364
1 1309
1 1031
1 2937
1 3934
1 3001
1 3701
1 778
1 4363
1 770
1 3701
1 2626
1 164
1 2756
1 508
1 3827
1 4450
1 4459
1 3791
72 252 4938 859 4398 3017 1530 1088 3247 4502 2098 2114 935 285 2082 1585 2777 1529 327 61 2665 1276 42 2291 492 4685 652 1010 4674 4966 3580 921 4671 4195 4354 2134 3123 2586 4210 3499 2707 359 4075 4958 3357 1652 1955 1122 1662 2227 3428 757 4814 168 4985 1335 4246 384 3882 53 2631 1109 3389 4129 2667 1222 3267 2831 3255 4149 4105 2010 281
1 2776
1 3690
1 778
1 3701
1 4154
1 67
1 67
1 2578
1 508
1 4363
1 109
1 4927
1 1309
1 508
1 4363
1 1748
1 4459
1 782
1 1031
1 2626
1 3309
1 557
1 3709
1 4707
1 109
1 1579
1 3934
1 164
1 4154
1 1149
1 1031
1 2937
1 508
1 3959
1 4007
1 3143
1 109
1 3934
1 3959
1 2893
1 3764
1 318
1 2364
1 3583
1 904
1 134
1 4450
72 252 4544 3204 4082 3810 4471 1288 4020 2837 4395 2570 869 4218 330 4288 3022 4392 655 1723 1161 185 2266 3386 309 1854 4443 1018 522 4391 2180 4770 2308 1487 2222 2634 3058 1993 870 1383 2381 107 4066 2598 2251 3962 1722 3108 2106 2341 1462 4330 479 3414 4666 3805 1697 4405 455 3417 3852 3584 3315 232 3969 1734 3760 3462 255 3474 3719 1564 1688
1 3690
1 1081
1 2364
1 4007
1 2578
1 4459
1 1031
1 2626
1 2893
1 3709
1 3791
1 1815
1 2756
1 557
1 4363
1 3309
1 4805
1 36
1 67
1 778
1 4478
1 1815
1 3701
1 4805
1 3873
1 903
1 756
1 904
1 4459
1 4459
1 67
1 4154
1 1891
1 4478
1 2913
1 511
1 3873
1 904
1 2578
1 3309
1 2578
1 2364
1 1770
1 3998
1 557
1 3998
1 1081
1 511
1 482
1 1770
1 3701
1 4805
1 4707
1 3934
1 1219
1 4478
1 1150
1 904
1 2974
1 3873
1 3143
1 3342
1 1770
1 2937
1 2364
1 318
1 1031
1 3873
1 3709
1 4707
1 4478
1 4478
1 3709
1 3143
1 1183
1 778
1 1149
1 3309
1 1891
1 2893
1 2578
1 4007
1 2776
1 770
1 1183
1 3998
1 3934
1 1219
1 3879
1 4459
1 4363
1 1031
1 2913
1 1031
1 1031
1 1786
1 3998
1 778
1 3309
1 4168
1 782
1 770
1 2913
1 903
1 67
1 4450
1 3934
1 778
1 1765
1 3701
1 3583
1 1770
1 109
1 1579
1 4168
1 3879
1 3791
1 3873
1 2756
1 164
1 1031
1 1188
1 3690
1 2756
1 1786
1 770
1 1765
1 2756
1 134
72 252 4044 4912 564 2639 277 3558 4714 352 2745 3781 1256 755 650 1578 2572 3422 1321 4037 3632 4321 3639 2213 55 628 2466 1202 4432 1547 4820 1964 2008 1101 1030 852 4017 798 2272 208 2754 2435 1749 4974 447 3377 4055 1297 2007 3822 10 1539 385 1298 4905 4837 3821 1411 3477 4961 1874 2543 4843 3825 2912 4258 2750 2375 4187 2314 1141 3549 4024
1 2937
1 903
1 1579
1 3342
1 3690
1 1183
1 3791
1 1188
1 134
1 3827
1 557
1 4888
1 2776
1 2364
1 4154
1 318
1 1748
1 4478
1 2776
72 252 1705 2769 49 1143 3015 1177 3457 4266 970 2709 611 2012 4346 2289 3978 973 415 4182 632 4050 243 2775 1869 2579 3059 3951 1138 3514 3556 3231 797 1055 4139 3628 4063 3438 911 2063 2503 1932 1265 4501 1739 453 3685 1844 3645 3237 4526 2780 4596 2873 1793 1772 3150 4348 3895 873 1582 950 4018 1959 4352 4955 1153 2911 1592 1380 204 41 1430
1 2578
1 36
1 3998
1 2776
1 1579
1 3342
1 1081
1 1188
1 508
1 2974
1 3879
1 3879
1 3583
1 4007
1 3959
1 3873
1 4363
1 3827
1 2364
1 3342
1 2937
1 2364
1 508
1 3934
1 1630
1 4450
1 3690
1 511
1 318
1 3690
1 1031
1 778
1 3701
1 482
1 3309
1 1081
1 4168
1 3926
1 482
1 67
1 3879
1 3342
1 1150
1 3701
1 1579
1 778
1 1765
1 2974
1 1770
1 3764
1 3690
1 1770
1 4888
1 1770
1 2578
1 1815
1 134
1 1815
1 3934
1 3879
1 2626
1 3342
1 1183
1 2893
1 3791
1 134
1 557
1 557
1 2937
1 2974
1 3342
1 3309
1 2913
1 1219
1 1183
1 3701
1 1579
1 511
1 109
1 2913
1 3690
1 1579
1 3791
1 3926
1 508
1 557
1 1891
1 1219
1 1309
1 4927
1 4459
1 1765
1 756
1 4707
1 4168
1 3001
1 2776
1 3309
1 4805
1 109
1 3309
1 508
1 109
1 3143
1 4168
1 4478
1 1579
1 3998
1 1309
1 164
1 4805
1 4450
1 1183
1 1188
1 1891
1 109
71 252 4615 17 328 4146 3168 4517 2446 1142 2409 2330 4592 4264 2442 734 3485 2276 283 2618 3646 2840 684 117 1501 3521 1072 754 3035 233 1635 4067 27 565 2932 1806 688 3243 1303 3449 693 4033 2495 3682 731 966 2544 2410 2706 1774 1086 1913 1918 4894 2091 1690 2927 4797 3329 1368 2096 1108 2635 1857 4879 1236 1651 1520 3454 1701 4009 3850
1 3791
1 508
1 1081
1 4805
1 511
1 1891
1 1188
1 1309
1 904
1 3934
1 4888
1 1891
1 4888
1 3926
1 778
1 1081
1 4459
1 2776
1 2756
72 252 3577 1287 1366 2719 1792 4534 4188 3544 864 1746 3904 2053 2309 349 584 2531 4786 1123 3669 4951 3838 473 888 4921 3707 2661 4934 228 3935 3027 4340 620 4043 335 2372 2504 1704 2729 3191 2279 3726 645 1864 4795 3439 1687 1471 1500 4390 270 3292 928 237 1548 2849 647 4125 3946 4813 3363 4457 1376 3413 4052 3729 2546 4396 1586 3973 2856 3789
1 1579
1 4363
1 4363
1 1081
1 2364
1 511
1 782
1 4888
1 2974
1 1579
1 782
1 4450
1 1309
1 2893
1 782
1 4478
1 3873
1 1031
1 2893
1 1150
1 4168
1 4478
1 164
72 252 4247 2152 1435 3433 1668 787 106 4793 2757 3101 137 4402 4594 608 2146 3679 1199 1996 1627 3348 1422 3569 3846 2562 2845 4584 4718 3435 4253 3582 3815 4852 857 1566 4379 284 506 1797 713 1479 1665 4828 1146 82 3653 4301 4872 1213 3684 3141 1962 694 4967 985 4165 2610 698 308 874 2398 1625 4853 3762 4743 2173 100 3856 2797 2690 2187 2958
1 3934
1 1183
1 3959
1 4459
1 3934
1 3001
1 3934
1 4888
1 164
1 4154
1 3583
1 3764
1 4888
1 4888
1 4707
1 2974
1 3879
1 3583
1 1183
1 164
1 2937
1 134
1 1765
1 756
1 1815
1 1891
1 903
1 1815
1 164
1 164
1 318
1 3143
1 1309
1 134
1 1150
1 1891
72 252 783 1767 3070 660 356 2066 849 2824 3478 1692 3983 2204 21 3588 3722 1945 2998 3265 1453 1238 4518 3531 2005 1057 1543 315 1475 3080 1637 329 3981 1994 469 4431 569 1250 3200 1343 110 2437 992 4312 4730 4226 4937 1879 4280 4838 2218 4313 4508 2846 130 1225 4819 907 3851 4543 2786 2922 2953 4612 393 1064 2986 2003 488 2159 2122 4275 2685
1 3998
1 4168
1 3926
1 778
1 4450
1 770
1 4209
1 756
1 109
1 4805
1 1770
1 2974
1 3001
1 4805
1 3709
1 1183
1 3959
1 511
1 3701
1 4363
1 1630
1 511
1 3690
1 2974
1 1183
1 1815
71 252 1065 1549 3271 498 3391 245 838 737 3947 4509 2564 938 1167 4968 161 4374 1158 4172 563 3021 4868 1186 3400 1926 3809 145 2943 2558 1433 2113 3238 3046 4065 3032 383 1275 4535 4147 1680 419 2097 99 1220 4208 371 4155 2987 480 4645 2386 991 2449 2265 4716 2231 2278 4881 1170 4936 2872 2363 3869 3161 220 2022 2479 1570 786 3780 532
1 3690
1 1188
1 4478
1 1770
1 1150
1 4927
1 3791
1 164
1 3690
1 1188
1 3709
1 778
1 904
1 2776
1 4707
1 2578
1 3143
1 1149
1 508
1 3001
1 2626
1 3873
1 318
1 3701
1 1579
1 2913
1 1630
1 2364
1 511
1 3690
1 3001
1 1219
1 1150
1 2893
1 1891
1 3791
1 1149
1 4459
1 903
1 1031
1 904
1 1765
1 318
1 1891
1 3001
1 3934
1 4805
1 1149
1 4154
1 4450
1 3764
1 4154
1 3959
1 1150
1 3342
1 4888
1 2626
1 2776
1 1188
1 3879
1 4209
1 557
1 109
1 134
1 4478
1 1219
1 4459
1 3709
1 2974
1 3701
1 4888
1 1815
1 67
1 3934
1 109
1 1150
1 1748
1 778
1 2974
1 318
1 1786
1 4007
1 1815
1 511
1 3342
1 3764
1 1081
1 3873
1 3959
1 1149
1 3926
1 67
1 3709
1 3309
1 3583
1 3143
1 1081
1 508
1 770
1 2937
1 3701
1 557
1 1770
1 134
1 164
1 4888
1 2626
1 3764
1 756
1 508
1 482
1 778
1 4450
1 557
1 3926
1 318
1 1748
1 4805
1 3998
1 1765
1 511
1 2578
1 1081
1 778
1 1081
1 3690
1 4478
1 4888
1 4007
1 3709
1 1630
1 1786
1 4154
1 3926
1 4154
1 782
1 2364
1 4363
1 3926
1 2937
1 1891
72 252 629 2880 3839 1759 3404 1581 2021 4706 4442 723 4537 176 2359 1003 976 635 1824 3948 3508 4563 789 4605 933 2444 3891 1656 4746 680 700 366 1357 2614 3533 2700 4607 3865 3647 792 372 4794 3018 2510 3486 1305 4506 1299 4831 2491 3277 2969 3922 4002 1729 3097 4935 4538 205 4710 4759 3317 1863 2095 1323 1045 643 3269 4200 4422 4821 2687 2323
1 482
1 1188
1 4927
1 778
1 3690
1 4209
1 2776
1 904
1 4805
1 1150
1 3701
1 4478
1 3879
1 3998
1 4363
1 4363
1 3791
1 3001
1 1770
1 3791
1 1891
1 3827
1 164
1 4363
1 2893
1 164
1 3709
1 4168
1 1309
1 1188
1 508
1 904
1 4450
1 1188
1 3764
1 3827
1 3701
1 3959
1 1219
1 3583
1 3764
1 482
1 3998
1 557
1 3873
1 1219
1 1579
1 2913
1 903
1 1149
1 3791
1 4363
1 1150
1 1188
1 134
1 3583
1 2974
1 3791
1 1765
1 1081
1 2626
1 1081
1 3342
1 2364
1 67
1 4168
1 4154
1 109
1 4154
1 770
1 1770
1 2364
1 4007
1 67
1 511
1 904
1 2364
1 1579
1 318
1 778
1 4363
1 4805
1 3583
1 782
1 4007
1 4805
1 557
1 2776
1 3998
1 4209
1 3926
1 3879
1 4209
1 2776
1 3001
1 1579
1 36
1 1150
1 1891
1 2893
1 1188
1 4459
1 164
1 2578
1 770
1 1309
1 4459
1 1031
1 134
1 3709
1 3959
1 2578
1 3926
1 318
1 482
1 134
1 109
1 3690
1 67
1 3934
1 1309
1 2974
1 1765
1 2578
1 782
1 3143
1 904
1 3001
1 782
1 3309
1 1149
1 778
1 511
1 3143
1 1815
1 36
1 3709
1 903
1 67
1 318
1 4209
1 904
1 109
1 511
1 1786
1 1579
1 1150
1 3879
1 2913
1 903
1 3791
1 4363
1 756
1 1149
1 1188
1 482
1 3998
1 4168
1 3690
1 4707
1 3926
1 1630
1 67
1 4707
1 3827
72 252 2704 4560 3534 2031 4971 475 4045 216 4991 1058 347 4574 2156 2274 1260 1833 507 818 773 1253 84 4597 2182 979 4251 4779 4488 882 546 910 627 3273 430 3383 885 630 4948 4158 4532 1407 4731 4827 2642 2241 2458 2874 641 1528 1782 4058 4140 3095 2877 464 1567 1478 2666 837 4822 2725 1894 291 4108 2599 4004 3892 2848 4157 2811 1175 4014
1 4888
1 1891
1 778
1 778
1 782
1 2626
1 770
1 3143
1 904
1 3701
1 482
1 4927
1 756
1 756
1 318
1 36
1 1630
1 3342
1 1891
1 2893
1 782
1 1188
1 3959
1 770
1 1150
1 2364
1 1219
1 4168
1 511
1 3709
1 164
1 756
72 252 3056 173 4110 485 2244 3086 1861 676 2532 1074 1923 4498 4963 916 4048 2320 1283 3487 1810 2818 3488 2796 1174 2688 334 19 1859 3622 1440 1127 905 968 1337 435 2016 2050 4917 2760 4101 779 2782 3206 1706 2838 2556 3943 398 719 1584 1076 860 2426 4123 4133 3327 1166 3630 1514 4167 3505 4116 1266 3785 294 2277 4672 4867 687 1602 2847 3450
1 1081
1 1630
1 3764
1 3879
1 4707
1 2937
1 1786
1 4209
1 3879
1 67
1 1891
1 4363
1 3926
1 903
1 2578
1 3764
1 67
1 4707
1 3959
1 67
1 2913
1 1891
1 67
1 3934
1 1081
1 1770
1 3873
1 1183
1 4927
1 4154
1 1786
1 67
1 3690
1 134
1 2756
1 3879
1 1765
1 3764
1 1188
1 3926
1 3309
1 1815
1 1815
1 2626
1 4888
1 782
1 2578
1 3934
1 3001
1 508
1 1031
1 1891
1 1219
1 482
1 134
1 1309
1 3998
1 3001
1 3879
1 4154
1 4459
1 3143
1 36
1 1748
1 1149
1 3926
1 782
1 3934
1 4888
1 1188
1 2913
1 2626
1 1765
1 1770
1 2626
1 1579
1 36
1 3791
1 318
1 2756
1 1188
1 3959
1 134
1 1219
1 4478
1 2578
1 778
1 1031
1 4707
1 1150
1 2937
1 3959
1 2937
1 557
1 4927
1 2776
1 2913
1 3583
1 1219
1 1748
1 3827
1 1630
1 4209
1 1183
1 134
1 508
1 2893
1 3342
1 1786
1 1815
1 3701
1 2893
1 770
1 4450
1 2776
1 3959
1 4478
1 1815
1 164
1 2626
1 4459
1 4478
1 3583
1 2364
1 903
1 4363
1 1031
1 109
1 1188
1 1748
1 318
1 2626
1 4888
1 1630
1 2756
1 2974
1 1748
1 1765
1 4209
1 4209
1 1183
1 1081
1 2893
1 3143
1 3342
1 3342
1 134
1 4805
1 1183
1 2364
1 1815
1 164
1 4707
1 2364
1 4478
1 1630
1 2578
1 2364
1 1183
1 3764
1 770
1 770
1 3342
1 4805
1 1786
1 3143
1 1579
1 109
1 4478
1 3873
1 1219
1 2776
1 1219
1 482
1 4154
1 557
1 511
1 1748
1 2893
1 3701
1 904
1 1770
1 4168
1 3690
1 557
1 1150
1 3827
1 4478
1 2974
1 4888
1 3143
1 3309
1 1188
1 904
1 1081
1 4927
1 67
1 109
1 770
1 1630
1 3690
1 2913
1 1149
1 1309
1 3827
1 3873
1 2756
1 4168
1 3701
1 67
1 4007
1 4888
1 3690
1 2776
1 3926
1 2756
1 1150
1 4450
1 1150
1 3764
1 1630
1 3926
1 36
1 4459
1 1309
1 1149
1 2937
1 4927
1 4707
1 1081
1 3827
1 3764
1 3764
1 3879
1 2913
1 1188
1 770
1 2578
1 1183
1 2937
71 252 1126 186 4103 3711 871 5 3096 1189 209 3440 3183 4608 158 2318 1085 1676 4976 2209 238 499 2789 3883 2948 2234 3465 4156 1148 4778 554 4942 4416 604 4 484 2622 4455 1046 2331 1822 56 4949 760 160 1789 575 1542 500 2737 1242 4890 3979 848 2955 3770 74 2493 633 140 409 2020 879 3226 1037 486 1459 408 1526 3910 3199 1097
1 2626
1 4478
1 1188
1 67
1 2974
1 1081
1 4459
1 1149
1 3690
1 4168
1 1150
1 1149
1 3959
1 4168
1 1630
1 1579
1 1770
1 904
1 3791
1 1309
1 3926
1 1748
1 3934
1 782
1 903
1 4450
1 3701
1 1630
1 1765
1 1150
1 4459
1 1770
1 4363
1 4888
1 1219
1 67
1 3827
1 3879
1 3342
1 1748
1 1309
1 4209
1 3926
1 1765
1 2776
1 4363
1 3342
1 1188
1 2756
1 134
1 3998
1 3926
1 164
1 3934
1 4007
1 2756
1 3827
1 318
1 4363
1 903
1 1786
1 2776
1 2893
1 3143
1 1183
1 4927
1 3764
1 109
1 4888
1 2937
1 1891
1 557
1 508
1 511
1 1630
1 511
1 557
1 1748
1 4363
1 1630
1 3934
1 1770
1 2364
1 3873
1 770
1 2913
1 3873
1 2364
1 4805
1 1579
1 1031
1 903
1 3827
1 1765
1 3934
1 2937
1 1786
1 36
1 2893
1 3998
1 2937
1 2776
1 4459
1 4927
1 1031
1 1891
71 252 2224 3526 2412 4113 139 533 1147 1608 4945 1221 3002 2147 4628 1172 116 2001 2761 4640 2580 2749 2857 2542 3375 553 175 975 2803 4054 90 2827 2627 1416 819 3031 4306 4338 1470 4871 4914 3302 4959 2477 4494 3543 1006 434 1209 3010 3127 1232 4893 1613 4347 3261 780 201 191 918 4491 2806 2102 222 3148 3844 3555 1254 2997 574 3592 4646
1 3709
1 3709
1 109
1 3764
1 3701
1 3959
1 756
1 1748
1 1579
1 3926
72 252 2809 196 897 3154 3522 3732 2295 2677 3453 2736 15 3708 2820 520 3025 2551 3999 2400 4365 2165 2569 4866 2011 476 2852 4849 149 2132 162 3695 4490 1094 2038 2555 193 4513 3927 2433 3610 618 4235 994 4241 4437 4202 2649 4476 2073 1078 2993 3551 3792 4342 824 1555 3071 4521 2565 4231 2248 2582 1154 3102 80 4807 2353 3180 3319 3923 1832 3742
1 4888
1 1149
1 770
1 3998
1 4459
1 2913
1 3701
71 252 2522 1241 3339 1588 1014 3920 1027 2699 423 1374 4528 619 3094 4056 2601 3170 3012 3253 1367 2411 2535 900 3280 3131 622 4380 4263 251 444 765 2695 3069 1595 39 4547 77 1626 1341 736 2636 926 18 1922 1703 54 767 136 274 4185 1826 197 1313 3932 316 4522 4567 4097 4725 2989 2345 4717 3692 1787 2505 1042 4624 4669 1594 514 3691
1 482
1 3583
1 3827
1 4459
1 557
1 1188
1 1579
1 1579
1 1748
1 2626
1 1748
1 4007
1 2974
1 3998
1 3959
1 1031
1 2913
1 782
1 4459
1 2913
1 3764
1 3791
1 3701
1 1579
1 4209
1 3873
1 3764
1 1081
1 782
1 508
1 1748
1 770
1 3701
1 3934
1 109
1 1786
1 67
1 1786
1 36
1 903
1 511
1 1770
1 1150
1 782
1 1309
1 1150
1 4363
1 508
1 67
1 67
1 2626
1 36
1 2937
1 3926
72 252 4276 153 1185 373 1328 178 887 3087 1816 801 1842 996 1377 2949 1642 2041 4568 1565 1939 263 1593 3184 3178 3052 2619 581 3730 4744 3736 3380 513 4583 669 1604 4121 3807 3358 2541 638 2135 1012 3694 1307 101 2826 3502 1450 1887 4112 1099 3345 1609 1633 307 1845 2027 2280 600 3574 2392 3562 351 40 3109 282 811 722 2408 3575 3650 1312
1 1183
1 4363
1 4154
1 4154
1 109
1 3583
1 770
1 4209
1 4209
1 511
1 36
1 318
1 4007
1 1765
1 3879
1 3001
1 2756
1 1630
1 1579
1 4007
1 3342
1 1149
1 2364
1 4450
1 2913
1 3879
72 252 2859 3976 2763 1342 739 4997 45 1943 784 3731 4601 2195 2377 3037 2577 3986 2637 4373 1610 404 2894 1809 1712 177 4128 4268 4219 1476 846 20 1981 3194 725 1129 3819 4681 1395 3602 3294 3201 1756 2841 4230 2743 3008 3 4549 1216 3163 3160 4036 4415 456 3420 2049 1911 2158 148 9 339 1429 2519 4845 1363 1388 969 961 2086 759 791 3953
1 3701
1 1188
1 109
1 904
1 1579
1 557
1 3998
1 1891
1 4805
1 1081
1 3926
1 1183
1 4363
1 2626
1 164
1 3764
1 1765
1 3001
1 2626
1 557
1 2364
1 756
1 1815
1 2937
1 1149
1 1188
1 4805
1 3791
1 1630
1 2756
1 2756
1 508
1 3959
1 2756
1 1770
72 252 400 2766 3529 4695 2480 1953 1176 1252 332 2304 4190 3547 4529 3903 951 1038 523 1043 3179 3676 425 598 3640 3899 4857 3712 2440 1599 1120 1647 1324 2170 2574 1820 1607 446 4428 2794 3308 143 2119 1558 788 1568 1773 2351 895 2079 1791 4177 1807 4943 1737 4530 1015 4449 180 1691 3573 841 4749 181 4525 4324 4907 3165 3620 2269 4287 2478 3443
1 3879
1 3926
1 1765
1 1891
1 778
1 3926
1 782
1 482
1 4888
1 3934
1 2913
1 3143
1 482
1 1031
1 1748
1 1630
1 3690
1 1309
1 2937
1 4888
1 4209
1 2364
1 2893
1 2974
1 2626
1 903
1 3926
1 1748
1 2937
1 3879
1 4927
1 1786
1 904
1 1770
1 756
1 1081
1 4154
1 3143
1 3959
1 36
1 3998
1 3001
1 1031
1 4450
1 1891
71 252 3369 2378 504 2663 1573 3548 2257 4619 4655 3023 2930 4115 2744 2268 127 4477 4326 690 4086 1957 397 2328 4754 3915 1425 1301 4336 1554 974 3898 1289 3188 876 2651 1477 4950 4445 1719 4667 830 2009 2686 4962 4816 2792 4316 3944 4668 4162 1527 4458 665 1493 441 1117 1511 3089 3667 1304 4644 2694 4798 3735 4239 256 3512 605 4510 3670 362
1 482
1 1150
1 903
1 4459
1 3998
71 252 2451 1780 1208 2836 4613 4810 2226 4410 3621 4994 4296 2788 1537 3906 95 3351 3790 3779 2162 817 1277 2117 1020 1353 4748 3996 743 2817 169 1960 664 3857 2043 235 714 3235 2787 71 2954 2525 3576 1709 1696 4304 2233 4047 346 3989 4728 2498 708 1990 3378 3291 2715 2742 224 972 3828 542 634 3061 1465 1466 3156 1418 410 3346 3401 663
1 904
1 3998
1 2578
1 3583
1 3998
1 1081
1 511
1 4459
1 1219
1 3926
1 904
1 3143
1 3309
1 1150
1 1183
1 2776
1 1770
1 1815
1 3873
1 3827
1 1183
1 4805
1 2364
1 3827
1 2913
1 557
1 3879
1 778
1 904
1 318
1 3583
1 4363
1 4459
1 2364
1 1031
1 3873
1 318
1 1188
1 134
1 1815
1 3709
1 4450
1 3143
1 3701
1 557
1 1183
71 252 4970 1270 695 1995 4237 3700 4430 3854 559 1210 3408 4212 4495 3557 3889 4600 579 4107 3635 3829 13 3256 1732 2977 3135 2814 3092 1563 4736 998 2240 971 845 4481 3234 2065 1017 3604 1503 1325 3833 3967 4345 963 2448 1402 2457 3988 3564 3140 4485 3116 2907 3355 3763 286 750 4756 3626 3304 1322 190 1066 3802 254 1596 1649 4550 2860 3382
1 3701
1 1081
1 1630
1 4168
1 1081
1 3709
1 1081
71 252 4654 1463 2903 3606 4060 3263 1975 2835 1730 1731 3047 540 3664 4397 4617 1517 336 4575 2563 3390 1899 599 2605 2384 2397 1159 2149 2938 705 91 2680 2713 1963 4361 1900 2944 712 1091 1794 4661 2111 3678 2800 892 3410 2942 806 2733 1628 4335 431 3366 1781 203 2350 3837 2346 78 3637 3075 2428 2129 742 2357 4351 338 2508 2019 2616 3743
1 2913
1 1815
1 1188
1 1183
1 1748
1 67
1 109
1 782
1 3342
1 3873
1 1081
1 2913
1 3001
1 3143
1 1219
1 1149
1 2776
1 778
1 3791
1 4478
1 1219
1 4168
1 3998
1 36
72 252 3458 1050 7 3724 2617 358 1991 1518 3434 2260 491 2367 2228 2791 4616 2136 3332 1398 3824 1105 673 2297 2303 4360 3054 2383 2940 4998 1229 170 1736 920 681 768 2612 1909 1169 304 4979 3866 4953 4062 4029 2105 2420 3181 3960 3361 490 2125 3596 3090 4651 526 2404 3696 3254 2991 1921 2070 1550 4875 3424 4915 746 1875 1434 4883 1258 1351 1136
1 3959
1 4007
1 2626
1 3998
1 4459
1 1770
1 3998
1 3926
1 2364
1 2626
1 4459
1 109
1 4168
1 2913
1 557
1 508
1 3791
1 1188
1 2776
1 3583
1 67
1 2974
1 770
1 2974
1 4707
1 903
1 3791
1 508
1 3926
1 3879
1 164
1 756
1 1219
1 1150
1 1219
1 4450
1 3879
1 1630
71 252 593 3705 3300 4720 4308 3186 1538 3881 470 2884 2670 3120 4844 4031 3884 4711 2296 1385 111 2391 1969 2712 3232 2672 2157 3963 4626 4359 2723 85 306 4848 3878 1999 1569 4659 3683 1408 1235 2975 3634 1130 672 4030 3399 4993 3723 3868 2262 3966 3157 2232 395 2033 1834 1541 4254 249 1947 188 3957 4102 585 3798 1026 4027 2779 1708 4412 1952
1 3701
1 4459
1 134
1 3143
1 4450
1 3309
1 1815
1 1183
71 252 477 2613 3961 1757 1839 2395 278 4419 374 1311 4120 1580 1533 199 174 3721 530 4833 1721 2507 2415 3638 3553 528 1314 2708 1997 3784 4271 659 2319 1144 1763 1104 883 1677 4152 1524 4339 4677 4908 2088 812 3228 167 1785 2207 1559 4136 2185 3216 3083 2332 2630 1553 1040 4635 2461 3777 2790 572 1271 3130 1201 1684 816 1801 653 4095 4497
1 903
1 2893
1 508
1 1815
1 1765
1 4805
1 3309
1 1081
1 2364
1 2756
1 2776
1 1149
1 2626
1 4154
1 1081
1 1891
1 2756
1 4478
1 134
1 3998
1 1149
1 3959
1 3998
1 3998
1 1219
1 2893
1 4927
1 1630
1 3791
1 2756
1 1081
1 1183
1 4450
1 4154
1 1815
1 2913
1 2756
1 3309
1 4478
1 3879
1 3342
1 482
1 2776
1 4450
1 2913
1 778
1 3690
1 2756
1 3709
1 4888
1 3309
1 4154
1 3934
1 1149
1 3959
1 2776
1 4459
1 3001
1 2626
1 2893
1 756
1 4168
1 4707
1 778
1 1183
1 4363
1 756
1 2578
1 1630
1 4927
1 2364
1 4363
1 67
1 1630
1 2626
1 1219
1 508
1 1219
1 3873
1 904
1 1815
1 4927
1 4154
1 4363
1 109
1 1770
1 4888
1 4007
1 511
1 3709
1 4927
1 4927
1 4927
1 3342
1 3998
1 3583
1 903
1 2578
1 1815
1 3926
1 3309
1 109
1 3342
1 1630
1 3764
1 3690
1 482
1 3873
1 3342
1 482
1 1183
1 482
1 4007
1 3764
1 1188
1 3342
1 1579
1 2913
1 903
1 1309
1 3791
1 2578
1 164
1 1309
1 1188
1 3342
1 782
1 1031
1 4007
1 904
1 508
1 2776
1 3309
1 1579
1 318
1 508
1 1891
1 1748
1 2893
1 3001
1 4478
1 2578
1 4209
1 4478
1 4007
1 904
72 252 1452 4090 3212 79 3134 614 4059 682 323 3372 1278 2947 195 135 3864 1744 3767 4389 1107 804 4159 2540 2771 4630 2506 3402 4278 3136 1942 1988 1870 3050 1868 3053 3768 2607 4366 2362 815 1051 4250 2196 3517 2423 4041 4777 1082 609 2421 4860 550 1800 917 2583 1420 2389 275 2352 4021 1264 679 478 2030 353 4739 3210 2658 4825 531 4925 4680
1 3001
1 3583
1 3309
1 3309
1 4154
1 1765
1 1815
1 3873
1 36
1 482
1 2937
1 1630
1 3342
71 252 1165 3301 4874 4215 1694 2726 503 1992 3525 4824 4331 1013 1614 4069 1480 2976 4916 1726 4900 1686 2881 3597 2487 3209 4673 1168 2044 2934 1619 1685 744 4446 3930 922 2813 1658 4884 1359 896 3550 1472 3171 4618 4294 1813 52 379 1093 1019 2360 2220 81 3972 4314 3593 187 3337 4772 4982 4468 2871 3956 843 2741 213 1535 133 2370 1987 1961
1 1219
1 4363
1 4805
1 3001
1 4450
1 904
1 557
1 4805
1 3827
1 4805
1 903
1 778
1 4888
1 2776
1 482
1 134
1 3709
1 770
1 2756
1 2913
1 1786
1 3827
1 557
1 1765
1 904
1 1815
1 2578
1 770
1 1149
1 778
1 164
1 3143
1 1150
1 3701
1 770
1 4478
1 134
1 4707
1 1786
1 3001
71 252 1187 1247 2076 4656 4649 3772 2374 4863 4561 0 2981 2183 4480 800 3848 2141 3481 1079 1412 1654 105 1912 4801 433 631 83 3284 481 1667 3350 1356 4859 3773 3482 421 567 3734 4818 326 3233 1025 505 4479 1257 686 360 3236 4461 1738 1682 3625 2339 591 2333 1203 144 1204 2212 3062 640 438 4350 4763 4150 119 3445 4629 1636 23 3149
1 2578
1 4927
1 3926
1 1748
1 1309
1 4168
1 508
1 1309
1 2626
1 3791
1 1309
1 482
1 1309
1 4707
1 1770
1 1149
1 2974
1 1149
1 1891
1 1891
1 3791
1 3701
1 511
1 557
1 4459
1 3701
1 164
1 3926
1 4805
1 3873
1 4459
1 3701
1 1748
1 4478
1 778
1 4805
1 2578
1 2937
1 782
1 1183
1 4154
1 3309
1 4450
1 2937
1 3998
1 4805
1 782
1 1579
1 2756
1 1630
1 4927
1 4459
1 1748
1 3709
1 2893
1 4363
1 2776
1 557
1 3791
1 4459
1 1891
1 4007
1 4707
1 109
1 4363
1 2974
1 3764
1 4888
1 4154
1 1630
1 2974
1 1748
1 756
1 4478
1 1081
1 508
1 782
1 3827
1 2626
1 67
1 1748
1 904
1 1891
1 4927
1 4168
1 508
1 3879
1 1579
1 1765
1 1150
1 4478
1 2937
1 36
1 67
1 3879
1 557
1 3690
1 1630
1 3998
1 756
1 2364
1 4927
1 2974
1 2974
1 4168
1 508
1 3873
1 109
1 904
1 1765
1 1309
1 2756
1 4478
1 511
1 3827
1 557
1 3873
1 1188
1 557
1 164
1 2626
1 4168
1 1891
1 67
1 1765
1 3934
1 3873
1 1081
1 3690
1 4007
1 2913
1 770
1 3701
1 1630
1 67
1 3926
1 2776
1 3690
1 2776
1 4450
1 4209
1 3934
1 2776
1 1150
1 2578
1 1081
1 1149
1 36
1 2364
1 3998
1 3959
1 3934
1 782
72 252 4642 2588 2916 3354 1285 1516 3629 1713 4861 4696 1002 3468 1720 2077 1196 2343 2539 4170 1648 1513 3295 2064 1673 3158 1818 2061 2717 2567 230 3616 26 3159 3224 3911 4676 4079 2994 1334 1467 3167 709 3195 2080 1769 1536 2793 2641 2915 428 3642 3139 92 2048 2468 923 4073 3756 539 2243 3804 1556 4918 2403 2593 3766 4274 4995 4091 3662 2250 4265
1 903
1 3701
1 4154
1 318
1 4888
1 164
1 1748
1 508
1 482
1 3791
1 3001
1 4805
1 904
1 4450
1 782
1 2937
1 3709
1 164
1 2364
1 164
1 1630
1 1786
1 134
1 1183
1 318
1 4154
1 2913
1 2626
1 2626
1 67
1 36
1 2626
1 2913
1 3934
1 2578
1 1309
1 508
1 36
1 2937
1 134
1 778
1 2626
1 4927
1 4459
1 2364
1 770
1 3879
1 134
1 3998
1 4459
1 778
1 3791
1 3583
1 318
1 1630
1 4007
1 903
1 36
1 3143
1 4707
1 1770
1 508
1 67
1 1630
1 3827
1 109
1 3926
1 2974
1 2756
1 1183
1 1031
1 134
1 4927
1 3701
1 4450
1 4927
1 4459
1 1579
1 3143
1 2626
1 4450
1 3873
1 4168
1 1770
1 164
1 3827
71 252 4800 3176 4657 367 1361 1084 740 4377 1849 738 2154 1394 2192 4040 4973 3456 4708 4051 877 671 2625 497 2087 2732 2979 3788 3114 3871 4349 4173 2161 3051 510 4438 3609 1876 4444 568 1928 1308 2445 380 2497 2288 4003 1755 2802 3995 777 820 3921 1113 3560 240 4252 1583 4850 2549 2888 4990 2925 2447 1279 1752 154 1447 436 1495 4996 2575
1 164
1 1891
1 1081
1 4888
1 3583
1 482
1 2913
1 3873
71 252 853 980 2867 4064 2656 3964 2464 3614 1612 3887 3068 192 814 3039 4413 3970 1954 1484 4932 4515 866 2385 3713 1248 3403 4611 1316 1103 4980 527 392 4269 4440 3250 1035 3728 3706 2595 4240 324 4407 2632 2655 268 4782 3463 3590 2941 2910 454 3686 1760 518 648 4234 3245 4000 2576 29 4896 3877 4261 3912 986 4572 1249 536 3566 2716 1089
1 1786
1 4209
1 1150
1 36
1 1630
1 1786
1 1183
1 1891
1 4168
1 1149
1 482
1 2626
1 1188
1 782
1 1031
1 1149
1 3701
1 3873
71 252 2929 4046 3155 1641 2935 3530 2697 2365 702 3585 3497 3511 3004 1111 4581 4243 4864 344 426 1877 2366 2682 4148 2882 1181 4755 4769 261 940 4565 3427 4151 1282 4322 4606 3066 4204 1575 3459 2534 2698 3464 4999 1851 3954 4703 2647 4283 1679 1669 2660 4503 407 805 4300 2236 4978 1397 457 1406 4025 1315 1399 2774 552 1443 299 3128 289 1226
1 4209
1 4209
1 3926
1 1770
1 1815
1 1770
1 3926
1 756
1 756
1 3309
1 1309
1 3701
1 3690
1 36
1 1031
1 3690
1 3926
1 36
1 4007
1 3342
1 903
1 1309
1 2776
1 2578
1 4478
1 4888
1 4805
1 3143
1 903
1 2974
1 3001
1 3873
1 508
1 36
1 3701
1 2364
1 4459
1 1309
1 2893
1 2974
1 1219
1 134
1 3701
1 3709
1 778
1 1150
1 3827
1 2776
1 904
1 3709
1 3827
1 3827
1 1309
1 3309
1 1188
1 2913
1 3001
1 782
1 3143
1 3143
1 511
1 770
1 36
1 508
1 2974
1 2626
1 4927
1 1081
1 3709
1 756
1 3791
1 3926
1 511
1 1309
1 482
1 511
1 4927
1 508
1 511
1 770
1 1748
1 3309
1 4209
1 508
1 3143
1 1786
1 4478
1 1770
1 3709
1 3764
1 1081
1 1149
1 778
1 4459
1 1031
1 3309
1 3934
1 318
1 482
1 4927
1 67
1 557
1 4478
1 4927
1 3764
1 2937
1 1309
1 903
1 1149
1 4805
1 4888
1 4888
1 1748
1 2893
1 4927
1 2937
1 4707
1 2776
1 3309
1 4805
1 756
1 3926
1 3791
1 164
1 511
1 36
1 3143
1 4478
1 3143
1 3583
1 511
1 1183
1 4459
1 2974
1 3879
1 508
1 2893
1 3959
1 3934
1 4168
1 3873
1 482
1 134
1 1309
1 4927
1 3709
1 1188
1 3998
1 1630
1 3690
1 4209
1 4154
1 782
1 4888
1 778
1 508
1 4007
1 1748
1 4927
1 1150
1 1149
1 3690
1 770
1 4363
1 4927
1 3873
1 3001
1 3690
1 508
1 1765
1 4209
1 904
1 3959
1 778
1 778
1 3934
1 3873
1 4209
1 4450
1 508
1 3998
1 557
1 3934
1 1815
1 756
1 1579
1 109
1 2626
1 3873
1 3873
1 3709
1 1188
1 2578
1 3342
1 4168
1 2578
1 756
1 4363
1 4007
1 1748
1 1031
1 4154
1 3791
1 1219
1 1630
1 1891
1 2578
1 1579
1 1031
1 1765
1 1031
1 1786
1 4805
1 756
1 2364
1 903
1 3827
1 4363
1 1765
1 1219
1 1748
1 1219
1 4927
1 1770
1 4478
1 1188
1 1765
1 3143
71 252 2083 1483 416 348 4070 2432 981 1190 2118 2293 1469 2116 4817 703 675 293 3347 2264 1762 4206 368 2679 4595 902 612 2275 4965 4423 1615 2870 2215 3307 246 239 1711 445 3984 3303 4272 1131 4738 1674 1825 2002 4984 2137 2142 2524 1073 3360 2115 1024 2602 94 2696 1589 4981 4889 2521 3016 4923 1364 4223 3431 2369 2952 4753 3495 4924 3571
1 4450
1 770
1 3143
1 3998
1 770
1 1150
1 2756
1 2364
1 3001
1 3709
1 2937
1 1081
1 3998
1 164
1 770
1 36
1 4805
1 3709
1 1219
1 782
1 3879
1 109
1 2974
1 3309
1 904
1 67
1 511
1 4888
1 3926
1 1748
1 4707
1 4154
1 1748
1 1815
1 1891
1 2937
1 3764
1 1770
1 3143
1 1765
1 3879
1 3827
1 164
1 1579
1 1219
1 4707
1 3873
1 4478
1 3926
1 36
1 1579
1 3143
1 1770
1 164
1 164
1 4209
1 756
1 557
1 1786
1 756
1 782
1 4478
1 2626
1 318
1 4168
1 4927
1 557
1 770
1 1309
1 4154
1 3583
1 3309
1 903
1 1786
1 4459
1 1815
1 1183
1 770
1 2913
1 1815
1 109
1 511
1 778
1 2364
1 4805
1 2937
1 3143
1 2913
1 1081
1 2893
1 3873
1 770
1 4450
1 4209
1 1765
1 1031
1 134
71 252 802 2300 4724 2039 1370 3152 4176 2163 4865 2988 3901 796 354 2678 4598 4691 2090 721 3818 4178 3506 2887 1431 4245 3119 4375 1207 86 685 766 2643 844 1775 2216 944 1901 3490 3672 2358 4238 4171 2191 4588 2875 3048 4792 2334 166 3229 11 2650 4882 4505 459 1300 4255 2897 2259 4826 1114 3225 3800 4911 1152 1009 1379 1562 2984 4013 260
1 778
1 3701
1 1031
1 508
1 3879
1 508
1 482
1 2913
1 2578
1 482
1 3873
1 4707
1 4209
1 2974
1 2756
1 3143
1 3309
1 756
1 4168
1 4154
1 4805
1 3309
1 2937
1 511
1 904
1 3143
1 1786
1 4007
1 1630
1 1188
1 4888
1 2756
1 2974
1 1081
1 67
1 1031
1 1815
1 2756
1 3998
1 3791
1 482
1 557
1 3998
1 3701
1 4450
1 1309
1 2937
1 2937
1 4927
1 1891
1 778
1 3827
1 1630
1 4209
1 4154
1 4363
1 318
1 4209
1 4478
1 4805
1 3701
1 3342
1 3001
1 1081
1 1183
1 3690
1 2937
1 1150
1 4168
1 3959
1 1630
1 2364
1 1748
1 2893
1 1219
1 3001
1 4805
1 3959
1 4168
1 1765
1 1891
1 36
72 252 2474 3387 3702 2921 1173 467 2951 1758 123 4094 2538 2373 3836 3532 847 1198 1620 2906 4632 231 2285 2768 4589 1280 1933 4504 4590 1268 4368 1145 2945 1424 4181 4057 749 3310 2246 2904 1811 1184 1970 2429 3411 184 3107 3072 4836 4277 194 1409 1898 3475 248 3129 3652 1272 1751 3554 3057 439 1390 1348 4454 3847 432 1925 2829 2950 1245 3617 4735
1 4707
1 3583
1 67
1 1786
1 3690
1 2893
1 756
1 4459
1 1815
1 770
1 109
1 4168
1 1891
1 1150
1 164
1 1891
1 2756
1 756
1 3827
1 4007
1 782
1 756
1 4805
1 2756
1 511
1 3690
1 3959
1 4168
1 3342
1 4363
1 1149
1 1579
1 2913
1 109
1 4707
1 4707
1 4154
1 1786
71 252 1931 93 4854 2100 4089 732 4293 642 448 3570 899 4593 914 4311 1796 3538 4099 1640 4643 3371 3687 1821 2164 3321 64 4100 1984 1389 606 3007 977 4545 4098 4701 103 2590 403 2190 1655 4637 1753 150 3146 4436 1446 4211 4578 3649 715 4623 658 2492 4034 4987 4773 1212 4406 4077 2418 4439 3858 3437 1978 4582 1401 405 4555 2866 4260 1967
1 778
1 903
1 778
1 2364
1 4459
1 1765
1 2913
1 3143
1 3001
1 2974
1 2578
1 1815
1 1770
1 511
1 3583
1 3827
1 1149
1 3690
1 1770
1 782
1 3309
1 3583
1 3873
1 2913
1 1183
1 3959
1 1748
1 2776
1 756
1 756
1 2578
1 3690
1 2364
1 2756
1 3873
1 3342
1 508
1 4707
1 2578
1 2937
1 3001
1 134
1 3926
1 3309
1 1786
1 4450
1 2756
1 557
1 3583
1 904
1 4478
1 3959
1 4459
1 4707
1 4168
1 511
1 4707
1 2578
1 782
1 4927
1 318
1 36
1 4450
1 3309
1 1183
1 3998
1 3879
1 4363
1 4450
1 3791
1 3959
1 4478
