5000 8
2 4942 4811
2 4007 4808
2 2857 1086
2 1016 2398
2 4626 134
2 2831 1623
2 2976 3972
2 1784 348
2 4692 4467
2 2034 4361
2 2789 1155
2 2643 4336
2 2610 3651
2 2450 4035
2 2986 2972
2 2927 3396
2 2583 2404
2 487 4904
2 2868 4772
2 337 818
2 422 2939
2 3913 3020
2 3914 4063
2 4073 534
2 2514 3682
2 916 3383
2 1464 3992
2 956 1624
2 4985 375
2 3759 2083
2 4557 2283
2 4038 4386
2 1467 1536
2 3612 4065
2 1005 2192
2 3231 3917
2 2170 3705
2 2318 952
2 1418 2913
2 2262 4883
2 3864 1585
2 590 841
2 4120 1550
2 547 1821
2 2579 552
2 3822 1362
2 2806 1297
2 3360 1361
2 1408 3590
2 2257 1757
2 2501 2659
2 374 1356
2 4006 2410
2 1659 4640
2 1144 2424
2 3481 745
2 1498 4853
2 2479 2623
2 1689 2418
2 271 1130
2 978 1993
2 3888 651
2 1393 258
2 3606 1951
2 1792 4908
2 2666 4218
2 67 302
2 4886 66
2 3741 1136
2 3151 1875
2 3986 3420
2 2889 3995
2 3878 236
2 4507 632
2 2206 2245
2 359 1808
2 1109 3847
2 3122 3577
2 1978 4234
2 353 2558
2 2102 2197
2 3404 2222
2 4335 1731
2 1041 1373
2 3660 3828
2 185 432
2 3303 2749
2 420 4107
2 2746 1235
2 4976 438
2 4295 2074
2 336 209
2 3357 4667
2 1353 2505
2 967 2697
2 2267 4914
2 688 324
2 2048 2840
2 4072 3905
2 1282 4150
2 3547 2114
2 4385 3150
2 2747 3963
2 598 2732
2 3892 4240
2 3262 967
2 2463 458
2 3758 405
2 2966 2846
2 4225 3494
2 1479 1091
2 2171 308
2 4516 3419
2 505 2978
2 1362 2890
2 4267 215
2 4731 3007
2 2478 1202
2 4956 2050
2 936 4991
2 1825 243
2 4966 504
2 1395 3037
2 3373 472
2 2251 3274
2 342 1711
2 792 4525
2 1466 2791
2 1668 3761
2 4881 2878
2 2121 3226
2 2368 806
2 3436 1620
2 1080 1370
2 4 4938
2 680 401
2 1102 971
2 3936 3616
2 153 3176
2 1259 3080
2 1925 4707
2 2237 855
2 2600 4069
2 4065 1320
2 3942 4285
2 3167 1359
2 4771 4324
2 4069 1247
2 1254 3003
2 3173 3790
2 2487 3177
2 3354 1658
2 2780 2964
2 3006 138
2 1881 1201
2 762 299
2 3613 857
2 1262 3116
2 561 434
2 482 2611
2 441 203
2 2418 2006
2 4893 2911
2 4684 379
2 1112 1563
2 966 3009
2 550 3026
2 3588 4217
2 3859 1894
2 2470 4761
2 821 2218
2 707 1929
2 416 290
2 3155 617
2 2716 3597
2 3346 2062
2 2080 2853
2 1628 4244
2 4167 4081
2 2578 548
2 2959 2342
2 4370 2884
2 1550 781
2 1684 856
2 1134 1213
2 4797 85
2 3088 353
2 2888 2891
2 2446 1384
2 1194 1625
2 2133 2989
2 2191 964
2 1318 2152
2 1729 4406
2 4319 1282
2 985 4697
2 2809 3769
2 2210 422
2 2069 4490
2 645 4139
2 2696 3845
2 3226 579
2 2341 4154
2 160 1424
2 3412 862
2 3202 704
2 4643 2250
2 3534 2294
2 2935 3403
2 91 816
2 1422 851
2 725 1741
2 3502 490
2 4894 4227
2 3476 2986
2 115 1190
2 3651 2133
2 4939 3382
2 2879 1972
2 1627 1165
2 3375 238
2 3371 1387
2 1592 363
2 1277 1267
2 3723 4518
2 4533 3190
2 2953 1639
2 4858 4304
2 1397 4207
2 3761 3567
2 571 2063
2 1420 2214
2 2247 1244
2 849 4320
2 3703 4731
2 1304 4736
2 72 3287
2 1718 437
2 220 1877
2 2810 4289
2 4454 3213
2 4620 1699
2 1764 4585
2 120 4298
2 418 2358
2 3633 3303
2 1830 555
2 2431 3217
2 1808 2536
2 4106 2947
2 897 4462
2 887 1071
2 2089 2341
2 1364 4453
2 3937 2395
2 2078 1070
2 2881 3348
2 1694 1497
2 62 3563
2 4284 1739
2 3823 4209
2 4679 763
2 2315 1511
2 1363 1268
2 4705 3386
2 2062 4253
2 1993 3858
2 4717 4440
2 2177 4164
2 4647 4764
2 4204 1761
2 4577 59
2 354 1366
2 3742 2419
2 4941 4744
2 1147 4800
2 288 4690
2 2079 3135
2 4126 4928
2 1346 2769
2 2834 4381
2 4490 2721
2 2883 975
2 4785 4644
2 4614 312
2 2962 680
2 2449 352
2 1653 1987
2 511 276
2 4462 2589
2 172 3492
2 3497 4726
2 2880 4816
2 2611 2272
2 2823 441
2 919 2067
2 4427 1223
2 2672 4019
2 2448 4716
2 155 4960
2 2230 2932
2 4930 4274
2 66 3839
2 1672 611
2 542 945
2 2362 2238
2 4823 3278
2 3156 4631
2 111 1278
2 3183 500
2 3800 494
2 1564 4174
2 284 653
2 4005 1003
2 3406 3496
2 2689 4009
2 4673 1211
2 1145 1101
2 1995 998
2 4334 2196
2 2017 328
2 2783 1085
2 3125 3301
2 4128 4057
2 96 376
2 1450 786
2 1217 3241
2 3783 360
2 320 4882
2 3469 2935
2 1386 4790
2 4641 4718
2 3523 2655
2 1072 2348
2 1334 368
2 1845 4604
2 2467 91
2 4845 19
2 2886 4614
2 1639 4501
2 3154 517
2 2707 1657
2 3735 125
2 3455 2546
2 466 721
2 4052 2176
2 3731 2881
2 2764 4120
2 7 3446
2 2877 3780
2 3983 876
2 503 1611
2 286 4530
2 186 79
2 4293 272
2 1436 3337
2 1738 4592
2 4665 1422
2 4099 788
2 3555 75
2 327 4093
2 3874 3308
2 4273 1141
2 222 2465
2 1119 1240
2 705 1292
2 3998 4796
2 1875 1151
2 334 1477
2 3105 1237
2 3617 3859
2 1146 2104
2 1945 4574
2 4446 1506
2 1956 51
2 28 1667
2 324 1183
2 4995 3306
2 3527 4152
2 163 1388
2 2224 4006
2 1285 1727
2 3486 3260
2 1149 4188
2 4053 1683
2 3971 941
2 4214 1514
2 1237 1568
2 4254 3040
2 3212 875
2 3956 4190
2 1057 2137
2 2068 1304
2 2074 3417
2 1223 3234
2 3116 2844
2 4556 2367
2 4833 1396
2 3300 2843
2 827 2777
2 3946 1925
2 135 4175
2 784 4302
2 1822 729
2 2641 3500
2 107 1322
2 4244 4898
2 1750 4636
2 1128 3627
2 2193 2057
2 777 3066
2 1895 4398
2 3176 844
2 2612 1666
2 872 827
2 3770 902
2 3938 172
2 4068 2510
2 3302 244
2 3693 1607
2 3671 87
2 2455 865
2 197 20
2 4744 2545
2 4255 953
2 1095 2654
2 2353 1020
2 1837 1016
2 4139 2775
2 2852 1692
2 4294 4246
2 3205 1963
2 85 4086
2 1213 2096
2 158 604
2 1869 3047
2 1871 531
2 237 582
2 89 2609
2 3751 1580
2 3168 752
2 294 160
2 1176 2281
2 2508 3864
2 1905 1659
2 1344 4344
2 3437 4186
2 1918 4022
2 2110 2960
2 2189 3666
2 1044 1281
2 2462 4205
2 1308 1266
2 3661 790
2 2753 1265
2 517 3673
2 4943 921
2 1056 4980
2 106 1946
2 3697 4179
2 2645 1638
2 2561 4757
2 4711 4813
2 3258 4661
2 1383 4645
2 4997 1383
2 1512 344
2 1838 3356
2 3239 3236
2 2349 2959
2 1188 1378
2 4338 2828
2 123 1792
2 4912 4185
2 1352 978
2 701 1738
2 4572 4559
2 3169 3314
2 1675 2578
2 3632 3148
2 3566 1859
2 1919 1458
2 2988 159
2 4638 766
2 691 1586
2 1680 1977
2 2800 1556
2 2130 17
2 4424 1167
2 902 3017
2 212 1901
2 4257 4541
2 4738 3019
2 4219 1777
2 310 1442
2 3812 3065
2 2114 3626
2 4147 3815
2 3953 3327
2 3442 2429
2 309 2161
2 816 3572
2 4253 3667
2 2260 351
2 121 4056
2 1459 113
2 3174 2262
2 1942 3970
2 1402 3734
2 1543 1036
2 4751 2983
2 3535 288
2 4374 4007
2 692 597
2 2972 4090
2 1626 3068
2 2978 3295
2 340 455
2 1367 2454
2 1643 3576
2 2182 2950
2 1330 923
2 3949 2269
2 2771 662
2 3129 2968
2 1151 698
2 4653 3304
2 2430 1732
2 4532 3279
2 4841 4323
2 656 3664
2 436 1945
2 1676 3498
2 2008 4502
2 23 2282
2 4559 3702
2 589 4045
2 3991 2768
2 1595 691
2 1343 4220
2 1769 4907
2 2036 4458
2 3883 304
2 1462 4180
2 883 631
2 4732 814
2 2088 2538
2 1036 43
2 179 2588
2 4418 3720
2 1655 166
2 4285 1704
2 44 4309
2 4485 3853
2 1974 2151
2 246 2267
2 4231 1400
2 2511 3832
2 1331 3938
2 1043 1437
2 4825 1476
2 4853 158
2 683 2636
2 3252 787
2 1897 3923
2 4170 1034
2 3794 3063
2 716 1053
2 3943 1783
2 2577 639
2 1384 1188
2 1111 230
2 4281 3045
2 4481 4335
2 868 3106
2 2159 3389
2 4156 3270
2 3686 3675
2 2001 3086
2 201 3519
2 3405 732
2 4441 1285
2 437 1259
2 1087 3121
2 4955 2268
2 3615 1873
2 1758 4544
2 2286 3464
2 2629 1805
2 3851 536
2 3237 41
2 4436 625
2 2528 3897
2 4667 4537
2 4931 1102
2 2687 4674
2 3187 2560
2 513 3397
2 4700 103
2 4132 1737
2 2220 3679
2 2773 1790
2 2706 1718
2 3264 694
2 434 3117
2 4390 4275
2 3480 1543
2 1874 2685
2 1240 4935
2 3494 1347
2 4642 2923
2 303 1744
2 2373 2286
2 846 2053
2 845 3332
2 1389 2046
2 3219 2117
2 173 4040
2 1736 1988
2 3906 4254
2 4057 2492
2 2020 4968
2 1943 961
2 2310 1161
2 4622 4181
2 591 3091
2 2551 2761
2 4249 3151
2 4753 2355
2 1399 4643
2 4476 2383
2 544 1209
2 73 1698
2 4613 1397
2 1976 1299
2 2012 2109
2 4266 3813
2 1010 1557
2 2312 1591
2 569 3338
2 4769 3326
2 4869 3112
2 1276 3646
2 899 4267
2 3062 1420
2 1455 199
2 2354 2155
2 4098 3220
2 944 3901
2 2238 1996
2 3365 4413
2 61 4527
2 4615 2092
2 312 2353
2 4191 1936
2 2770 2021
2 4001 530
2 3334 3758
2 3516 3426
2 2530 1242
2 720 4755
2 1266 3271
2 523 2349
2 940 4925
2 1924 4409
2 2244 4002
2 2665 4487
2 1690 3317
2 1085 1826
2 3182 1149
2 3134 955
2 1449 4748
2 4176 2975
2 4366 1651
2 2006 2352
2 4687 3161
2 1488 3783
2 3674 1142
2 2485 2362
2 4388 813
2 285 135
2 4041 4863
2 3426 1554
2 3051 562
2 2077 3789
2 2798 2739
2 1559 774
2 2605 3895
2 2176 96
2 2832 4355
2 3445 4087
2 538 484
2 4195 513
2 974 1664
2 603 2653
2 3519 2300
2 1196 2603
2 3582 3528
2 525 4920
2 4282 3134
2 2749 3977
2 1530 475
2 3017 1010
2 2465 2107
2 205 1621
2 2149 365
2 3370 2802
2 2867 171
2 2120 1046
2 2304 2776
2 4252 1107
2 2273 4672
2 1577 3404
2 2660 3227
2 2533 2491
2 1247 1393
2 1404 567
2 1163 3562
2 3467 1221
2 1172 1013
2 4851 660
2 344 1743
2 4867 1985
2 1351 4313
2 4154 3697
2 1901 211
2 4993 2113
2 2204 3906
2 1020 2895
2 403 1836
2 1984 3636
2 1126 3118
2 580 1810
2 3249 3971
2 4368 4608
2 4017 4034
2 3049 2186
2 2794 3559
2 3091 2280
2 4539 3488
2 3594 1700
2 1482 4589
2 2860 3837
2 2406 2833
2 2704 1729
2 55 2889
2 3926 2164
2 3009 1105
2 2158 3443
2 1323 1423
2 3493 4659
2 4767 3759
2 440 3529
2 4593 2094
2 824 4356
2 1917 2229
2 4415 792
2 1598 812
2 3368 3013
2 4242 3501
2 4996 1163
2 4395 2713
2 3748 155
2 261 3986
2 2726 889
2 4726 3300
2 483 2797
2 4352 1596
2 4448 1176
2 1047 4936
2 4511 960
2 1485 3541
2 2859 3198
2 4318 4074
2 686 1653
2 4850 3596
2 2982 3877
2 2232 410
2 2428 3318
2 3450 3445
2 1103 4165
2 182 2571
2 2507 3077
2 4066 1421
2 2218 402
2 1084 2122
2 325 4000
2 563 1394
2 358 4495
2 2339 3592
2 453 824
2 3958 1703
2 756 126
2 4569 3502
2 3107 3586
2 2148 2970
2 2469 1854
2 4992 1934
2 1961 4387
2 3053 3941
2 3286 4514
2 3463 997
2 3170 3940
2 3567 2520
2 2108 4582
2 3771 1589
2 131 3918
2 3453 2993
2 1785 3178
2 2160 1364
2 4495 3581
2 4625 3690
2 757 2024
2 679 2570
2 545 3788
2 2111 2980
2 209 501
2 3506 2081
2 19 2408
2 2363 2132
2 3721 1260
2 2109 170
2 4714 2386
2 1287 2234
2 790 754
2 1065 4437
2 3135 3603
2 414 399
2 2662 1333
2 4246 1910
2 3434 4092
2 2682 2128
2 2038 1014
2 3468 2331
2 4051 2579
2 3470 2374
2 3274 1212
2 2432 3524
2 2685 2328
2 2847 4569
2 2331 3249
2 41 2495
2 4795 1762
2 1191 3078
2 412 2799
2 1024 614
2 4431 613
2 3014 2534
2 3977 2952
2 1879 233
2 924 881
2 210 2561
2 3909 3483
2 4621 3642
2 2734 3525
2 141 2586
2 183 2312
2 156 3143
2 3648 2691
2 3837 1797
2 2248 2969
2 2930 4436
2 204 2354
2 4815 2023
2 2686 1094
2 421 2188
2 2049 4651
2 891 897
2 4773 574
2 4523 4918
2 3221 2592
2 3899 1538
2 3875 414
2 4475 2438
2 3085 1529
2 389 2422
2 350 2086
2 1538 4678
2 1888 3888
2 1557 4595
2 1155 4668
2 850 2432
2 1586 984
2 2480 544
2 1960 900
2 2222 4965
2 2582 929
2 1040 251
2 3491 1261
2 764 4700
2 2509 2435
2 4265 867
2 1045 3256
2 4199 4834
2 3178 2253
2 2336 3102
2 2241 1454
2 867 250
2 4189 2954
2 2944 643
2 884 3073
2 950 1335
2 415 489
2 4421 4902
2 3341 3056
2 4645 2259
2 4040 2332
2 3845 3175
2 3103 4705
2 3554 1287
2 2134 2555
2 2213 2075
2 3042 3799
2 3628 3693
2 4308 2772
2 2916 3739
2 3273 25
2 4127 1321
2 4505 1583
2 2709 295
2 4735 1678
2 456 2789
2 3270 1000
2 521 4058
2 2147 850
2 4950 4315
2 1380 1019
2 4420 993
2 4832 3257
2 886 1302
2 4356 2807
2 1621 4664
2 2615 1096
2 3639 3738
2 2873 1716
2 3816 2624
2 2146 119
2 2690 1172
2 1781 4380
2 3372 2888
2 2404 663
2 385 2675
2 4902 3384
2 3570 1815
2 4118 648
2 304 1928
2 4908 3423
2 2457 3588
2 4904 1902
2 1650 4692
2 2284 901
2 1593 3915
2 37 2723
2 424 1835
2 2669 4809
2 670 3253
2 2476 27
2 4934 4333
2 4807 3202
2 1312 970
2 770 1909
2 622 3156
2 3729 1344
2 4550 3964
2 191 1338
2 1700 3123
2 3907 165
2 105 94
2 4261 3406
2 4651 1334
2 959 4781
2 136 1845
2 4892 3328
2 2931 2620
2 1267 693
2 282 1219
2 4872 4823
2 3836 1537
2 474 60
2 2814 1793
2 3362 3643
2 4410 3779
2 2297 2015
2 1002 1949
2 882 3661
2 2024 195
2 4071 2792
2 4803 3240
2 3873 1955
2 1757 3283
2 2826 2572
2 1025 3324
2 3385 2098
2 927 4327
2 3080 1051
2 3172 2379
2 2574 2299
2 801 1088
2 318 3462
2 3333 3928
2 922 3155
2 3753 4143
2 4419 983
2 313 2921
2 2638 1590
2 3025 34
2 4413 3565
2 1634 4296
2 1913 2767
2 2196 4414
2 702 637
2 3705 1753
2 4151 2979
2 719 1418
2 832 4632
2 4581 2402
2 427 3
2 2056 3649
2 3947 1324
2 926 3624
2 426 728
2 4054 3716
2 4105 4743
2 1971 4416
2 2614 845
2 4754 991
2 1349 4194
2 4546 2469
2 1805 3375
2 3810 2887
2 1412 3700
2 1582 2722
2 3432 2556
2 2933 4278
2 565 1914
2 1208 2856
2 509 547
2 4044 4059
2 3225 4127
2 1615 4825
2 2119 887
2 4937 83
2 2817 2468
2 3078 559
2 3452 450
2 2739 892
2 708 4910
2 3972 769
2 3461 3015
2 3390 4984
2 4027 3804
2 994 4142
2 4184 3207
2 567 1415
2 4180 4193
2 2250 1118
2 3121 457
2 4217 391
2 4882 3051
2 2269 4713
2 2135 1465
2 2896 3968
2 1165 4746
2 2035 2557
2 4981 2834
2 1843 825
2 3798 2140
2 2104 3158
2 4458 1606
2 3065 4696
2 255 1429
2 251 2017
2 2835 333
2 3854 1448
2 2695 4897
2 3572 4625
2 2609 4452
2 3679 1489
2 1374 2243
2 1688 2431
2 4322 133
2 2738 1194
2 2413 2549
2 3713 1594
2 2492 785
2 321 668
2 2 3096
2 1413 583
2 997 2049
2 1425 2933
2 1381 3394
2 110 1093
2 1876 2033
2 1091 3872
2 864 3399
2 4275 425
2 932 4491
2 4292 2832
2 4779 4162
2 2779 3988
2 3369 1768
2 317 4855
2 594 136
2 2544 780
2 1416 2296
2 747 2852
2 2556 4319
2 710 1715
2 2999 2771
2 2992 76
2 1887 2815
2 1177 571
2 2054 164
2 3520 3214
2 4603 3041
2 1751 2225
2 2919 2660
2 3230 4252
2 1055 1469
2 4443 364
2 4371 1521
2 2751 2288
2 4372 4778
2 3110 3951
2 4059 4871
2 4819 1878
2 4811 731
2 3762 2813
2 3079 408
2 1256 1527
2 59 4321
2 4749 1496
2 2655 3628
2 2041 1684
2 3512 184
2 4148 3623
2 68 4729
2 3561 2307
2 4991 4061
2 2590 1453
2 4685 3825
2 362 3291
2 677 3192
2 3348 2237
2 2977 54
2 1359 317
2 3076 371
2 1761 275
2 4856 4804
2 669 383
2 4316 2458
2 367 525
2 4598 2638
2 3240 2080
2 4566 2756
2 10 880
2 1594 1414
2 3117 3084
2 4414 4597
2 2526 3379
2 2424 4438
2 623 4239
2 2378 2644
2 760 717
2 4075 4392
2 219 1062
2 2842 3467
2 488 2958
2 4396 4887
2 4347 3055
2 3083 1229
2 4013 2160
2 937 719
2 3011 4578
2 4681 2635
2 4018 1770
2 768 442
2 3687 1111
2 4883 2443
2 4967 3663
2 3879 4532
2 1967 4717
2 4760 4742
2 376 1714
2 3781 2338
2 2458 3246
2 2211 4047
2 3912 4917
2 570 470
2 1760 3222
2 215 4448
2 1765 843
2 1289 4197
2 3710 4579
2 1081 189
2 2854 3497
2 2162 696
2 4759 2838
2 3308 2827
2 2217 1245
2 1234 1843
2 154 4916
2 117 1498
2 1452 1522
2 2335 3094
2 1263 3550
2 4343 2321
2 4493 2334
2 2386 1035
2 631 2563
2 1673 4612
2 316 1693
2 836 2531
2 184 433
2 1723 1451
2 1670 2608
2 1533 4866
2 1891 326
2 3990 3543
2 975 1547
2 1848 1249
2 718 3119
2 4747 1740
2 296 394
2 3737 2667
2 3193 4699
2 2209 2212
2 1949 3767
2 1883 3735
2 1170 2381
2 1657 4149
2 3044 2929
2 1423 2862
2 4542 4223
2 4432 1200
2 88 2394
2 3075 2870
2 369 387
2 2128 3262
2 1382 4348
2 364 608
2 3571 2795
2 659 2308
2 2139 1895
2 232 1345
2 1199 4687
2 2913 3505
2 147 715
2 2552 2323
2 1220 3958
2 2796 4353
2 2358 3276
2 1333 4888
2 2242 3665
2 3389 148
2 1460 3962
2 2437 1129
2 1264 1562
2 3157 4049
2 582 139
2 820 1392
2 888 4733
2 2807 157
2 3696 1205
2 4864 1257
2 454 4310
2 452 661
2 223 974
2 263 2246
2 2125 2500
2 4920 2330
2 4043 4172
2 4112 1654
2 3391 4967
2 3586 2542
2 2949 3280
2 2132 642
2 4173 223
2 308 1540
2 2950 4734
2 3482 3173
2 450 3481
2 194 99
2 1348 3546
2 2955 2406
2 581 381
2 4060 1572
2 909 823
2 2390 2485
2 4580 1192
2 3797 4694
2 1873 1459
2 365 2908
2 4656 2916
2 3386 3165
2 4279 1488
2 1991 4860
2 46 3776
2 3312 4498
2 634 4629
2 4084 1452
2 3040 2369
2 929 3127
2 1770 2937
2 392 235
2 4949 1912
2 1431 1717
2 4501 3032
2 2214 452
2 1735 4901
2 4464 3973
2 4702 2688
2 2229 959
2 3728 2209
2 3233 4318
2 1607 1484
2 1759 2232
2 2775 2131
2 1407 192
2 4159 3081
2 143 2773
2 917 3520
2 405 2014
2 3804 749
2 1018 3707
2 3145 4141
2 4529 2168
2 3917 1632
2 4367 1593
2 2441 1534
2 2166 521
2 4048 558
2 2495 3033
2 828 1252
2 969 334
2 901 1787
2 1908 4709
2 2875 1541
2 964 2103
2 4627 4403
2 2664 4649
2 4297 4880
2 1749 1535
2 4474 539
2 962 445
2 1244 4848
2 2094 279
2 609 4684
2 3324 1283
2 2096 1026
2 4049 2189
2 3098 723
2 4782 474
2 3662 93
2 4028 4795
2 1406 3008
2 51 2397
2 4392 1495
2 4024 2590
2 145 1145
2 3619 2800
2 47 3634
2 45 114
2 2721 263
2 809 253
2 2990 3401
2 272 3866
2 4194 518
2 1437 4993
2 4164 1446
2 133 4512
2 4179 4439
2 3987 1516
2 83 2446
2 3809 1078
2 4537 1933
2 3433 2764
2 4080 3133
2 470 3933
2 3819 2093
2 2243 926
2 1985 1090
2 4468 1239
2 465 464
2 188 570
2 4610 2388
2 2167 330
2 221 4693
2 379 2991
2 3013 615
2 3438 2598
2 2161 3050
2 1260 1724
2 715 62
2 787 2482
2 3322 122
2 397 3076
2 633 228
2 3241 4923
2 2782 629
2 556 3893
2 3732 3431
2 4224 508
2 1579 2436
2 3223 716
2 2895 3343
2 1554 1355
2 2138 1318
2 4134 48
2 4682 1804
2 2066 4550
2 4925 3575
2 3194 1030
2 3826 1087
2 1156 2819
2 1053 2893
2 2567 1104
2 4561 4472
2 1013 38
2 2762 3960
2 644 231
2 783 1436
2 357 210
2 749 1232
2 203 1989
2 4153 1089
2 3475 2216
2 3743 2289
2 4938 2051
2 1070 3269
2 2022 3671
2 2714 1306
2 4538 4994
2 2174 4026
2 4736 2301
2 4540 2821
2 1421 355
2 559 1368
2 2184 3865
2 4699 2327
2 1507 3273
2 3537 3001
2 494 3468
2 3071 3312
2 4917 4262
2 3457 3512
2 1369 2175
2 3600 3239
2 1073 4553
2 3407 671
2 1623 325
2 1214 3891
2 1300 1203
2 1139 4463
2 896 1863
2 1491 645
2 4152 2967
2 4496 2710
2 481 4343
2 1291 505
2 1555 1255
2 3242 2998
2 4130 543
2 2720 1823
2 1544 26
2 1060 3869
2 2274 127
2 2416 32
2 2202 3887
2 1118 3857
2 3133 2716
2 4928 2084
2 3890 3773
2 4315 4108
2 3021 3599
2 1524 3168
2 560 3613
2 368 4838
2 1847 1662
2 4241 110
2 3636 3930
2 2965 3874
2 3329 741
2 2061 4191
2 1315 1970
2 3418 771
2 4447 1876
2 4271 2304
2 1295 676
2 1077 3054
2 1965 4258
2 4750 1455
2 3213 3323
2 3993 2467
2 3416 2907
2 1357 1647
2 1131 1813
2 257 2903
2 1202 56
2 1768 4818
2 1907 3075
2 2569 1800
2 3439 2992
2 2225 1551
2 3902 3782
2 4591 2005
2 373 4159
2 1975 1440
2 3066 3889
2 3954 4814
2 4541 2602
2 262 2365
2 3306 466
2 4558 4996
2 386 1581
2 2711 1892
2 1372 3535
2 1740 3090
2 3503 4450
2 3128 3059
2 3287 4784
2 1120 3819
2 1203 2149
2 3624 3827
2 2126 1475
2 4780 4568
2 3643 3153
2 1129 3031
2 4411 3377
2 874 2129
2 4830 701
2 4444 2448
2 1662 2883
2 1724 1216
2 1329 2154
2 1342 2170
2 32 4594
2 977 3542
2 871 877
2 4136 2009
2 1278 4338
2 1337 3522
2 3813 3997
2 606 509
2 2550 1464
2 4789 2389
2 3429 4915
2 1219 3648
2 4947 4970
2 4583 4745
2 42 182
2 1503 3796
2 3034 4334
2 4363 4652
2 682 1406
2 1648 1460
2 486 4802
2 637 879
2 4713 1628
2 2076 686
2 3976 4671
2 4838 1981
2 1257 3434
2 164 1728
2 4461 311
2 2878 3092
2 3623 3069
2 4525 4528
2 387 1575
2 4206 4015
2 4554 4560
2 3413 3277
2 1286 4373
2 3620 4368
2 2180 1675
2 1568 2305
2 2002 4178
2 2456 712
2 3039 3036
2 4549 1403
2 439 3944
2 1514 2452
2 4082 1031
2 918 4371
2 3575 4255
2 40 4441
2 484 882
2 1815 4364
2 1827 4156
2 805 4461
2 1004 3499
2 638 2248
2 4954 222
2 1328 951
2 1083 1156
2 4174 538
2 767 4868
2 3108 2016
2 4805 757
2 4586 3561
2 2678 2385
2 2520 3120
2 2534 3540
2 3744 1871
2 4324 4513
2 4677 2650
2 1068 2125
2 419 1315
2 2215 2518
2 4698 4293
2 1720 2447
2 351 2915
2 2145 1883
2 3918 3130
2 4369 4198
2 2597 1039
2 4218 4264
2 2321 2948
2 1854 1964
2 3448 4613
2 132 3595
2 704 931
2 3251 2780
2 5 1450
2 27 4367
2 189 2116
2 2391 515
2 1892 219
2 1558 177
2 3754 3602
2 4891 4044
2 4671 3652
2 1327 1635
2 1990 2059
2 3458 1007
2 1632 4400
2 2596 1709
2 3238 2680
2 460 1701
2 226 339
2 4599 4837
2 2994 3466
2 3235 2703
2 1833 519
2 2345 4620
2 3667 2326
2 2399 1885
2 1495 3727
2 2372 1555
2 3203 4271
2 3928 949
2 673 3900
2 3970 4084
2 774 287
2 1272 4509
2 2365 550
2 2869 3975
2 341 1230
2 151 3704
2 444 53
2 1775 2036
2 3893 2786
2 1478 1532
2 4387 2241
2 693 3820
2 2106 2810
2 413 2064
2 375 3954
2 4518 128
2 2929 2763
2 4142 1215
2 1779 1676
2 3364 303
2 4000 1210
2 4305 4616
2 1574 478
2 1671 532
2 1824 4728
2 920 3777
2 3649 3515
2 4716 485
2 2197 2864
2 4131 2585
2 384 1708
2 1133 183
2 3945 3762
2 3189 3641
2 3462 3564
2 4320 1079
2 2761 58
2 4695 667
2 2502 1781
2 429 3114
2 1211 3247
2 4804 257
2 2985 2428
2 4895 2502
2 3247 3725
2 632 3006
2 241 1965
2 740 965
2 1638 2291
2 1832 2569
2 791 1975
2 551 4459
2 3074 4427
2 2255 2434
2 2658 4269
2 1683 2595
2 1636 3374
2 3718 2227
2 125 1922
2 1777 4496
2 1741 3424
2 1183 3232
2 1107 3408
2 934 4611
2 1306 2553
2 602 237
2 3843 3913
2 4172 1610
2 2564 2582
2 3479 4177
2 4489 1214
2 1392 1533
2 4016 2451
2 4469 1853
2 381 4886
2 1563 2554
2 744 193
2 4430 2018
2 82 3844
2 527 4831
2 4434 2041
2 2910 4407
2 2626 1309
2 2816 618
2 599 4292
2 475 356
2 259 3378
2 1222 1517
2 211 1713
2 3895 2466
2 721 3211
2 611 1950
2 3929 2056
2 4032 2204
2 3952 2599
2 1982 4739
2 3294 1342
2 1927 407
2 3459 1115
2 4477 3200
2 1011 2945
2 3903 2642
2 3356 3949
2 4491 1844
2 49 989
2 2188 586
2 4228 1316
2 3101 1189
2 270 1147
2 842 3430
2 2194 2766
2 2379 242
2 2226 1191
2 3400 3639
2 4875 4872
2 1100 1499
2 3538 540
2 1175 1303
2 3123 4618
2 2175 3428
2 2007 4279
2 3343 2420
2 4354 1660
2 4929 4363
2 493 1712
2 2212 4815
2 4079 1671
2 2360 3459
2 1691 938
2 1865 2566
2 568 3368
2 3188 7
2 1964 808
2 2760 4747
2 1335 1851
2 2124 3814
2 3010 3862
2 601 3181
2 3933 2190
2 472 64
2 979 2869
2 2781 2618
2 2654 2565
2 2599 4331
2 859 4794
2 2071 1969
2 4701 1916
2 1501 3583
2 2743 2445
2 2906 3398
2 3000 3166
2 1409 4233
2 588 1028
2 3023 2464
2 2081 4433
2 75 248
2 4816 4711
2 732 2231
2 1820 4094
2 4096 4584
2 1496 4593
2 3465 2112
2 943 1587
2 2374 2120
2 2350 4160
2 2885 4475
2 2203 1858
2 4498 1811
2 43 4488
2 4888 403
2 1463 2001
2 3320 1677
2 2440 120
2 668 4822
2 2890 1588
2 4600 2805
2 3574 4260
2 4325 246
2 4323 4551
2 3047 1702
2 3081 1643
2 3265 3635
2 953 2824
2 729 4283
2 3490 427
2 3275 467
2 2797 4478
2 4108 4238
2 4914 2677
2 2330 2839
2 1200 1065
2 1756 3144
2 971 335
2 3138 2707
2 2398 1478
2 2608 1220
2 2342 4305
2 3532 1990
2 1787 1904
2 3472 1884
2 1726 4287
2 796 1618
2 3684 4543
2 3016 4148
2 3401 2842
2 1819 4909
2 480 2236
2 3032 2955
2 4019 3248
2 2730 3272
2 1454 3979
2 4844 2481
2 3417 1782
2 4070 4874
2 3447 2178
2 2813 4105
2 4979 435
2 4353 3504
2 1603 436
2 3511 2574
2 585 1291
2 3714 607
2 69 367
2 1486 1092
2 238 3233
2 1125 3998
2 4433 849
2 2435 3730
2 3544 154
2 4848 4451
2 1612 1228
2 1852 3945
2 1646 4987
2 4029 2235
2 3848 1110
2 2628 878
2 2179 2292
2 4465 2683
2 3289 1217
2 1515 1627
2 4602 3470
2 168 4189
2 1243 411
2 4110 4212
2 1934 564
2 3120 2760
2 3126 4961
2 3220 2961
2 490 725
2 948 2303
2 2644 2928
2 1851 3184
2 4907 444
2 1911 3341
2 2338 1500
2 2395 1336
2 960 2254
2 829 2072
2 2755 1906
2 1305 3309
2 3630 1008
2 1034 2071
2 2403 3696
2 1799 2191
2 2266 755
2 3601 447
2 2084 481
2 2951 3444
2 4792 3994
2 1711 3511
2 4208 3746
2 4329 664
2 400 140
2 2836 4542
2 4258 1750
2 945 3209
2 171 3712
2 2185 3587
2 3968 3810
2 4067 4573
2 1375 4075
2 797 1897
2 2451 4587
2 654 2416
2 2532 2183
2 3727 4760
2 3876 3740
2 3611 4295
2 4182 3802
2 3280 507
2 3248 622
2 4166 2476
2 531 372
2 458 4701
2 4439 4946
2 3749 3215
2 983 1227
2 1744 3709
2 63 2673
2 4306 2427
2 2348 4810
2 2756 4046
2 988 4268
2 4161 374
2 2057 1976
2 3335 4082
2 3587 3760
2 3473 884
2 3092 798
2 4438 3907
2 431 2617
2 1618 1785
2 1699 1490
2 3195 3881
2 2037 1181
2 2129 4123
2 1798 2794
2 1484 3333
2 2952 1023
2 218 2725
2 4661 2020
2 3199 554
2 1703 1507
2 1957 634
2 485 2594
2 3948 78
2 3344 3297
2 3424 3846
2 1561 2812
2 2723 1748
2 4906 2914
2 2705 730
2 722 1381
2 4181 3721
2 287 4695
2 618 2548
2 1424 2475
2 1850 1633
2 2254 1296
2 3855 3105
2 60 266
2 3814 4682
2 2306 318
2 649 2529
2 4663 3311
2 2969 3122
2 2405 3984
2 3018 2169
2 1823 578
2 3097 1576
2 4748 3890
2 2584 4572
2 1505 4248
2 161 674
2 4810 1773
2 2055 533
2 1539 3159
2 2603 2249
2 2855 2541
2 3483 635
2 2571 4096
2 1322 4023
2 982 2724
2 1597 4341
2 1071 320
2 1730 3455
2 3161 3329
2 1973 621
2 655 2741
2 4210 1430
2 863 4956
2 812 985
2 3204 3677
2 4401 2127
2 3055 4710
2 2562 4342
2 4786 4235
2 4508 2239
2 4022 3698
2 2568 2480
2 1092 4133
2 3271 9
2 4764 1063
2 1660 541
2 3964 1967
2 4240 832
2 3540 3219
2 2851 3701
2 1733 1133
2 3232 4832
2 2329 3566
2 4571 4912
2 4562 3754
2 615 2661
2 4428 3250
2 4555 97
2 1088 866
2 118 2095
2 1428 3621
2 2058 4470
2 613 3606
2 4326 1112
2 3685 2008
2 1745 1017
2 409 1957
2 2926 2052
2 1633 3910
2 4365 3878
2 3622 1483
2 175 265
2 230 3053
2 1666 3764
2 4088 3670
2 3626 1410
2 295 3235
2 2956 392
2 3514 198
2 3529 4083
2 1914 1798
2 1910 3518
2 4234 2356
2 90 393
2 911 4476
2 2322 1559
2 2922 684
2 2659 255
2 4269 277
2 1153 176
2 817 1807
2 3485 2672
2 29 3228
2 1471 1919
2 4175 4135
2 876 2976
2 2356 3947
2 2683 546
2 2934 252
2 4361 4770
2 2490 4950
2 652 3755
2 1379 3533
2 753 1346
2 2050 3129
2 433 1349
2 2535 3742
2 992 3835
2 3605 3469
2 3090 4017
2 3782 4068
2 4348 80
2 1338 2499
2 371 1067
2 4834 3956
2 2277 1665
2 703 2726
2 2668 804
2 635 821
2 3423 448
2 2598 815
2 1814 2790
2 726 4806
2 100 496
2 2724 2298
2 1625 4359
2 616 4112
2 2201 2205
2 3898 1040
2 1816 708
2 4839 130
2 785 2162
2 4970 4959
2 3592 1788
2 1606 1269
2 2870 1524
2 2026 3194
2 831 1238
2 1529 1968
2 3031 487
2 1317 4297
2 819 1276
2 216 190
2 2671 910
2 2539 1060
2 3989 4586
2 391 3361
2 2411 1407
2 4877 1243
2 1066 3412
2 3321 3164
2 3692 4412
2 2570 3617
2 4689 3259
2 4727 1612
2 2727 936
2 3477 924
2 3789 795
2 1522 705
2 4765 2260
2 554 2861
2 192 4306
2 2517 2934
2 1534 4606
2 646 3435
2 4036 2488
2 4743 2886
2 3087 748
2 3328 575
2 1171 809
2 500 1391
2 2122 1196
2 2766 4053
2 746 3506
2 3706 3591
2 2941 1330
2 2333 1386
2 1326 2845
2 2000 4677
2 1535 36
2 2183 111
2 3488 4435
2 2484 3744
2 3609 1433
2 1446 1772
2 345 688
2 2768 268
2 1867 4982
2 2776 1889
2 4360 1574
2 4340 2871
2 4123 520
2 1937 2171
2 3351 1438
2 2589 1930
2 736 3530
2 3889 4317
2 865 1758
2 1350 449
2 1791 2727
2 1916 191
2 34 4434
2 3919 409
2 4878 1763
2 3281 3448
2 319 1009
2 80 1681
2 4919 3985
2 4944 4598
2 2887 4041
2 3111 2118
2 4935 1468
2 4201 1819
2 1746 727
2 2118 3902
2 3166 74
2 4776 4378
2 3002 3429
2 1313 1226
2 4865 197
2 4220 1186
2 1226 1778
2 3760 911
2 231 1308
2 4157 1608
2 1426 3021
2 2227 1199
2 170 784
2 3323 3447
2 2475 600
2 3715 3242
2 81 885
2 2621 2547
2 4654 380
2 1115 1503
2 3041 1765
2 1710 2217
2 4304 3927
2 755 1312
2 2453 300
2 1810 4670
2 1316 777
2 4709 3558
2 823 3486
2 1886 2657
2 1859 4230
2 1143 141
2 305 649
2 2030 2528
2 4840 2403
2 1663 896
2 4552 1253
2 1078 1380
2 3951 665
2 74 4482
2 1268 2449
2 2829 232
2 1591 860
2 2010 2782
2 206 1055
2 3008 124
2 2838 4311
2 894 3432
2 1909 1991
2 4694 1706
2 4880 2995
2 2884 49
2 4652 4494
2 905 3167
2 2150 503
2 2937 4447
2 506 39
2 2793 3100
2 3015 4122
2 2701 3932
2 3756 1917
2 555 95
2 584 3805
2 522 1059
2 4101 2640
2 3141 2781
2 293 2496
2 3817 711
2 2408 1466
2 2954 4182
2 2939 3052
2 2566 2106
2 2334 4997
2 2519 4557
2 738 3996
2 442 2535
2 534 2857
2 30 2593
2 2998 950
2 2407 4948
2 612 587
2 3383 4602
2 1121 2463
2 1427 2459
2 2426 3935
2 1701 3672
2 1889 3579
2 3421 4930
2 207 2376
2 3765 3449
2 1104 3801
2 4055 982
2 2115 4097
2 996 4225
2 695 3765
2 1434 2504
2 4455 2811
2 1902 3170
2 1487 709
2 1575 4787
2 3393 1995
2 1137 3861
2 1242 3892
2 3411 3238
2 4212 623
2 4087 4500
2 856 638
2 2865 4975
2 3243 3057
2 3050 262
2 2795 4780
2 3627 2946
2 3988 37
2 4416 3745
2 4277 4497
2 1206 1617
2 2499 2076
2 1248 4782
2 3682 2630
2 2327 4286
2 1645 4621
2 1439 2325
2 838 4688
2 2717 2043
2 1270 1842
2 833 840
2 906 2784
2 3216 2167
2 1207 2278
2 4193 1204
2 2908 895
2 3850 2610
2 1184 1907
2 3856 789
2 2522 4011
2 252 202
2 180 1849
2 2974 4449
2 3253 2859
2 4999 1644
2 4023 4145
2 3803 4905
2 333 1953
2 662 469
2 4618 1817
2 4962 2455
2 674 4605
2 653 426
2 862 646
2 628 2692
2 2073 2087
2 4492 2801
2 244 1251
2 4605 4774
2 4437 1780
2 4311 2437
2 678 305
2 4564 819
2 2580 4408
2 1511 1655
2 3569 4895
2 396 4867
2 2649 131
2 1301 3203
2 4211 3723
2 2957 2405
2 4958 1648
2 3584 612
2 835 1816
2 3562 4340
2 2294 4577
2 3001 4316
2 2594 1162
2 995 1764
2 4144 4391
2 1229 3959
2 3769 2715
2 630 3154
2 4245 3598
2 1600 2847
2 822 1208
2 3164 4280
2 1385 3407
2 1545 2750
2 4457 1288
2 2493 1626
2 3676 4720
2 3089 3608
2 1235 3048
2 254 1908
2 4302 3107
2 1356 2674
2 3 1847
2 3691 1646
2 3353 3319
2 3272 4878
2 1015 2765
2 2240 1915
2 16 940
2 2371 1999
2 1284 743
2 3162 2285
2 818 2274
2 4270 4892
2 52 2971
2 2790 2138
2 3350 4375
2 3236 1082
2 2679 3851
2 4612 2984
2 1936 1467
2 3646 2743
2 58 161
2 273 2981
2 1774 3749
2 3037 3943
2 875 3516
2 4859 4219
2 54 1160
2 3824 3718
2 2496 2290
2 1952 3362
2 1695 778
2 499 3454
2 2843 527
2 1079 247
2 881 837
2 3726 3028
2 1706 4741
2 890 1880
2 1403 3350
2 2361 1256
2 873 4350
2 2529 3756
2 2698 1825
2 4989 1329
2 4092 4276
2 1178 2985
2 3191 4646
2 1801 3010
2 1373 188
2 1610 2901
2 1531 298
2 2246 286
2 4945 13
2 1725 1935
2 1581 3719
2 4463 2230
2 518 4043
2 2351 421
2 3152 1577
2 2459 947
2 1150 1185
2 2289 2457
2 3428 4261
2 3922 2809
2 4639 451
2 2288 106
2 1806 2930
2 363 703
2 1742 4125
2 1493 336
2 1042 2562
2 1027 796
2 3598 169
2 2765 2522
2 4188 3637
2 3474 3710
2 3377 4879
2 1989 2220
2 1944 956
2 2861 4675
2 3395 117
2 3880 57
2 2032 883
2 1864 4617
2 1394 4492
2 2565 4812
2 4373 2173
2 1288 678
2 3635 3187
2 4745 150
2 2156 3425
2 3820 4531
2 3007 2091
2 714 2830
2 620 1084
2 4359 2391
2 3774 2808
2 841 1332
2 2272 2426
2 3489 2731
2 4874 2701
2 2103 2322
2 1269 2733
2 3981 50
2 1696 1691
2 3250 2719
2 2301 4200
2 93 2956
2 2620 3557
2 3596 782
2 3556 443
2 2958 890
2 417 2922
2 4380 557
2 4724 4503
2 4933 4109
2 3654 24
2 3857 4158
2 4922 3477
2 4660 2153
2 1608 4706
2 4149 2279
2 803 1601
2 4094 4201
2 2471 2340
2 2989 2894
2 3846 4562
2 3449 4547
2 3402 1159
2 4020 3380
2 2239 592
2 1996 2439
2 3963 659
2 1212 4037
2 3997 1937
2 3858 714
2 847 1602
2 2281 2097
2 248 3451
2 3218 3920
2 546 2909
2 3131 2135
2 2601 4411
2 2011 2717
2 1274 3263
2 3349 4493
2 4115 1103
2 423 3717
2 343 4101
2 2223 3909
2 1988 4642
2 1082 3480
2 3318 1544
2 4948 626
2 4772 1248
2 1717 4221
2 1728 2962
2 910 3974
2 1032 1106
2 1063 4249
2 79 4222
2 4781 4163
2 596 3315
2 851 461
2 2468 2028
2 1209 4251
2 3077 1721
2 1795 2483
2 1782 2277
2 3471 1416
2 2688 2032
2 1702 1501
2 813 2143
2 781 2013
2 990 2678
2 3589 3736
2 1872 996
2 2942 4523
2 3900 4257
2 4544 569
2 478 179
2 834 44
2 4668 2364
2 4377 4161
2 1721 886
2 3293 16
2 4876 2004
2 1682 4536
2 855 4610
2 4582 3942
2 548 4134
2 289 2185
2 1358 1139
2 3427 2823
2 870 3418
2 2283 4827
2 1977 2378
2 1708 3111
2 2748 1636
2 3522 1615
2 1390 2111
2 1747 1796
2 4050 142
2 4697 2540
2 1510 4623
2 696 2010
2 4798 3806
2 3618 687
2 4901 4442
2 4513 3456
2 1215 1848
2 438 1076
2 2337 12
2 159 293
2 3229 413
2 2769 4345
2 3886 1024
2 2945 932
2 2804 4937
2 1963 4088
2 1794 4106
2 2699 4824
2 973 2506
2 3384 2223
2 3361 3680
2 57 2941
2 935 4473
2 3496 3908
2 3709 1735
2 3033 3463
2 4932 1888
2 3099 588
2 2324 4421
2 4116 2647
2 3118 2899
2 4121 2996
2 3821 4647
2 1174 2755
2 562 3147
2 3109 3113
2 1152 1004
2 2820 2912
2 2270 2712
2 4209 404
2 1754 3509
2 3148 11
2 1162 1903
2 4988 460
2 4345 4224
2 2631 3381
2 2692 4998
2 4787 2368
2 1605 4231
2 3868 2858
2 3704 4471
2 694 4266
2 425 1795
2 332 1132
2 3885 2938
2 2235 4766
2 4831 1707
2 50 2078
2 1116 713
2 2046 4943
2 4820 828
2 3352 3108
2 3927 1340
2 3255 666
2 3666 65
2 1224 3833
2 4037 2108
2 3214 954
2 4404 3439
2 3140 2134
2 2082 297
2 1951 4639
2 2397 3302
2 941 4955
2 2812 4995
2 1841 2973
2 2572 1600
2 3518 2414
2 1637 3140
2 4755 4526
2 4693 831
2 1890 2088
2 4597 2896
2 607 838
2 3678 864
2 3222 595
2 1311 2568
2 4276 315
2 4233 937
2 858 4793
2 2355 2648
2 3501 2748
2 2759 3741
2 4640 1074
2 3313 200
2 94 3638
2 4453 2440
2 3143 2619
2 4590 3513
2 2498 2265
2 4921 3095
2 1642 4927
2 4796 744
2 4155 1984
2 4103 602
2 1846 341
2 4683 2898
2 3799 919
2 1457 3809
2 4197 1515
2 2640 4702
2 761 3074
2 4263 1431
2 2382 3000
2 1470 174
2 2541 2329
2 2981 3363
2 2503 4291
2 4056 1463
2 281 1363
2 1031 4753
2 952 1982
2 2015 2115
2 1972 3358
2 2107 764
2 2190 2146
2 3955 3369
2 3720 4195
2 4664 1862
2 2497 4328
2 103 4565
2 2500 3325
2 4227 854
2 4058 4322
2 4412 4686
2 3607 3400
2 4666 1081
2 685 1045
2 4594 4648
2 2021 4603
2 2993 4788
2 2417 1801
2 4940 3818
2 3847 3830
2 3094 88
2 4509 102
2 2693 2596
2 86 700
2 2389 4654
2 4913 1121
2 3012 3046
2 4973 454
2 3292 4430
2 2635 1911
2 1154 1954
2 3114 3691
2 2996 4680
2 3278 2694
2 1898 1786
2 626 1689
2 2911 1419
2 1669 4100
2 1376 347
2 2402 2471
2 1763 2163
2 1008 3843
2 537 2177
2 279 2613
2 4957 655
2 1108 523
2 914 3508
2 1320 601
2 2979 4881
2 428 1317
2 709 2179
2 399 3005
2 4526 3611
2 3862 1099
2 1622 152
2 2271 1794
2 2249 1399
2 2849 321
2 2332 4752
2 4135 3365
2 1661 4510
2 4739 3030
2 3842 3475
2 921 10
2 2112 2411
2 127 4481
2 986 3826
2 4452 2263
2 1969 737
2 1241 2316
2 2819 1250
2 766 1839
2 4238 685
2 844 4580
2 1360 486
2 2357 3258
2 706 3757
2 3688 4050
2 4951 2616
2 1828 3982
2 3568 46
2 930 1262
2 2494 4703
2 2461 196
2 1665 239
2 2302 2974
2 1981 2676
2 1127 1868
2 3268 979
2 1110 4978
2 2845 1736
2 4472 1042
2 3599 4870
2 1414 2796
2 3791 2639
2 1435 4377
2 3790 4658
2 2591 294
2 1835 3510
2 4074 4243
2 4288 990
2 1198 4383
2 471 3527
2 4826 2247
2 2491 3294
2 4045 5
2 1097 689
2 743 4184
2 1064 280
2 3736 1072
2 3175 1926
2 4519 2873
2 1197 2252
2 1842 3526
2 97 3099
2 3181 4828
2 1857 1166
2 398 2430
2 395 4076
2 2168 2816
2 108 3465
2 2385 839
2 4806 3748
2 4896 2783
2 4386 4208
2 3045 2040
2 1105 429
2 176 3251
2 3367 1195
2 4025 2011
2 1035 4489
2 2282 2
2 2651 2957
2 2344 772
2 3616 742
2 2151 2477
2 1232 4213
2 4740 4468
2 1681 3195
2 4522 2313
2 4916 2977
2 3036 707
2 3683 18
2 1793 1656
2 1236 2126
2 2181 4751
2 4758 3659
2 2837 934
2 4442 4549
2 4362 1337
2 4250 4522
2 3456 349
2 129 1565
2 4081 218
2 3863 292
2 346 256
2 3415 4663
2 1532 282
2 181 2257
2 4268 1818
2 2157 338
2 1029 2200
2 939 187
2 745 71
2 114 1827
2 187 4765
2 3269 3245
2 1415 3612
2 2523 4173
2 728 1405
2 2684 1061
2 4871 3914
2 2708 4064
2 2632 3197
2 4178 4650
2 2447 4891
2 3831 4505
2 1497 3823
2 4704 3822
2 4287 3261
2 3775 1802
2 1494 3574
2 1292 2336
2 2538 4516
2 3058 1734
2 162 2762
2 2639 2927
2 38 1246
2 1983 4008
2 1611 3939
2 1293 915
2 4961 4256
2 4994 3688
2 3526 1116
2 3054 4005
2 1003 4507
2 2510 2077
2 610 3816
2 4399 4556
2 3670 3817
2 3095 2058
2 2912 15
2 1903 3840
2 1231 1669
2 2464 861
2 4659 973
2 300 4529
2 1089 1033
2 2153 2089
2 329 208
2 3978 4669
2 1303 2261
2 2656 4484
2 20 2276
2 4809 3353
2 2623 2166
2 3750 2575
2 4299 3322
2 4578 899
2 1753 2615
2 2317 4769
2 249 3149
2 1617 4945
2 4636 1275
2 520 1279
2 4635 1920
2 848 1971
2 3046 226
2 898 2275
2 1860 1284
2 2505 2068
2 2858 2371
2 1167 2509
2 469 180
2 448 3582
2 1900 4117
2 2554 285
2 3310 3654
2 152 3548
2 4986 1481
2 4301 108
2 1456 3191
2 524 4852
2 860 1998
2 795 3836
2 2410 4859
2 14 514
2 2677 4210
2 2811 2343
2 672 4807
2 2086 6
2 2866 1144
2 113 516
2 1012 2774
2 815 4038
2 2419 2718
2 4248 776
2 510 4600
2 2415 3552
2 2443 1695
2 214 14
2 4813 4294
2 3073 482
2 190 2523
2 4143 1365
2 1388 4983
2 1502 1109
2 807 2742
2 4384 1641
2 2256 3101
2 2633 2758
2 4077 4727
2 1461 2284
2 3298 1108
2 2715 1803
2 1441 2377
2 4232 2208
2 148 4060
2 4200 4519
2 2777 3965
2 1698 153
2 116 2490
2 1355 2251
2 165 747
2 2445 1789
2 3515 1173
2 4774 2752
2 758 1389
2 4460 847
2 1048 2264
2 3331 1856
2 489 702
2 4829 2000
2 492 4469
2 21 4638
2 2216 1474
2 4355 3359
2 4162 1806
2 3725 3604
2 3563 1005
2 166 4187
2 4133 4089
2 2433 3043
2 4423 3390
2 2787 3537
2 1527 2130
2 1307 1860
2 1332 2627
2 3200 1552
2 3382 3868
2 1578 2867
2 122 2421
2 4488 4029
2 4119 1578
2 388 1301
2 1114 2226
2 3881 912
2 3028 4299
2 3923 1231
2 572 2851
2 2752 2953
2 435 1832
2 2394 4591
2 3969 736
2 1391 2315
2 1058 683
2 2276 3409
2 2063 799
2 1489 2920
2 1169 2027
2 904 3894
2 2314 3174
2 3093 2910
2 1519 3216
2 4383 3346
2 4004 3265
2 4243 644
2 566 3330
2 3614 3987
2 495 1069
2 410 1508
2 4381 4196
2 515 4858
2 1566 4599
2 4710 3657
2 3276 1443
2 4085 3231
2 900 2988
2 2713 1705
2 1500 1236
2 1396 1146
2 782 2564
2 843 1043
2 4607 1128
2 139 994
2 1319 1833
2 4337 3334
2 4473 1170
2 1157 3342
2 4574 874
2 578 4836
2 3196 2158
2 3860 186
2 3430 2393
2 1517 2100
2 625 738
2 1565 1961
2 4648 3058
2 1204 2746
2 2702 2926
2 1086 3885
2 3921 2002
2 4470 1351
2 2840 2629
2 2263 4691
2 2995 1760
2 895 3104
2 3934 908
2 3102 4028
2 1992 369
2 574 3969
2 2396 794
2 2663 1597
2 3301 2637
2 4530 1123
2 2595 2201
2 641 4153
2 2637 4474
2 1692 2757
2 3197 3812
2 157 395
2 604 1157
2 731 2632
2 1221 4962
2 1601 1898
2 583 1056
2 1998 77
2 965 1771
2 4186 4715
2 3440 322
2 4122 1899
2 1302 4535
2 3517 1519
2 2095 524
2 1613 4464
2 4568 2539
2 4107 4014
2 1377 1470
2 699 670
2 277 826
2 4364 4875
2 4482 4789
2 4978 1846
2 4283 4033
2 2680 2671
2 3908 2271
2 3801 4581
2 857 2699
2 1844 3556
2 3184 1325
2 4145 3437
2 2636 4571
2 479 2643
2 2947 4401
2 101 3600
2 627 69
2 3829 2456
2 1526 3855
2 2383 340
2 1000 173
2 961 307
2 3577 1258
2 1067 4657
2 2009 4775
2 4403 3925
2 675 2019
2 4889 2407
2 3267 4906
2 2141 2387
2 1294 3452
2 1803 2206
2 2259 145
2 1475 440
2 3363 477
2 2303 802
2 4008 3800
2 3841 995
2 1280 149
2 3057 506
2 907 2836
2 138 412
2 150 3724
2 808 894
2 4391 3204
2 4646 3355
2 1790 2841
2 4723 669
2 3746 309
2 1904 3145
2 4346 3336
2 4548 3416
2 2486 596
2 4425 1784
2 3773 1686
2 225 3345
2 2967 2444
2 1142 4546
2 3394 1225
2 2127 1412
2 2864 1966
2 3444 3087
2 2899 3115
2 772 4673
2 4086 1974
2 1752 3034
2 4611 4054
2 958 205
2 2369 1649
2 3179 2025
2 3277 431
2 4165 3871
2 1052 4730
2 4091 3706
2 1928 4590
2 4026 4118
2 1743 3310
2 4637 389
2 240 1492
2 1113 2669
2 1948 4966
2 3059 2333
2 247 3411
2 3403 2537
2 2039 616
2 647 1900
2 4672 870
2 1189 2687
2 3492 1404
2 4479 4517
2 4778 1038
2 130 201
2 713 4635
2 2083 3254
2 4520 2612
2 3967 1117
2 3072 35
2 1714 2042
2 1877 1314
2 394 4360
2 2067 1642
2 468 2413
2 3779 590
2 2309 1637
2 1447 468
2 987 1153
2 326 1398
2 2221 1461
2 3788 2314
2 4259 4570
2 2892 4533
2 1185 3503
2 1693 1697
2 1861 1943
2 840 733
2 2047 2503
2 2853 1622
2 3811 563
2 955 2344
2 3228 4607
2 3425 2665
2 892 4768
2 928 3415
2 2801 463
2 2144 4170
2 382 4396
2 2905 4124
2 105 1238
2 2542 4432
2 3894 603
2 3061 1834
2 3573 3733
2 4330 3163
2 3664 2814
2 1429 2892
2 576 922
2 661 2034
2 1862 2401
2 1440 916
2 124 836
2 4650 1838
2 1251 3071
2 1571 3205
2 306 2759
2 528 4397
2 1275 1942
2 4129 2195
2 4503 3316
2 989 3292
2 3832 3653
2 3545 4555
2 4379 800
2 236 1520
2 4440 4354
2 4998 1891
2 3680 3493
2 1141 4601
2 3283 2754
2 3747 2583
2 2830 1749
2 516 4660
2 3541 4167
2 1979 3854
2 3700 2999
2 3950 3594
2 765 398
2 322 3109
2 2674 418
2 245 86
2 526 3373
2 4563 4445
2 377 1512
2 4730 3457
2 361 1198
2 1912 3534
2 3211 2963
2 1997 3531
2 1443 1298
2 3830 2696
2 477 4609
2 2560 4890
2 3282 4428
2 667 4031
2 778 2550
2 2400 3676
2 3500 1824
2 3528 2141
2 2943 1395
2 1492 2219
2 991 1348
2 2733 3876
2 640 4862
2 498 3427
2 972 2159
2 2019 1482
2 3063 4893
2 3808 3016
2 614 3371
2 1970 999
2 3082 657
2 4633 1958
2 3185 4989
2 355 3640
2 639 4835
2 4063 3926
2 4543 3414
2 1906 904
2 3084 4776
2 1405 1774
2 4936 1979
2 3190 4171
2 3060 175
2 4630 3703
2 256 1143
2 4551 2543
2 2436 2412
2 4010 2184
2 3768 2663
2 2940 2400
2 4624 151
2 3180 3763
2 467 1755
2 4321 92
2 2725 3912
2 3022 4762
2 3935 47
2 2137 2622
2 2427 980
2 2718 3169
2 4278 1672
2 2785 650
2 4429 4085
2 4567 2854
2 1783 758
2 2728 1100
2 4138 706
2 3332 221
2 3915 939
2 3304 123
2 1709 3681
2 1028 220
2 3708 3863
2 1528 2474
2 1739 4685
2 1159 4146
2 2527 4095
2 2647 4202
2 217 3035
2 25 2287
2 942 2621
2 4898 992
2 264 1294
2 3552 3687
2 4097 3728
2 575 1254
2 3029 1049
2 3932 1273
2 4483 4949
2 3550 2306
2 1090 3193
2 4768 2478
2 15 4277
2 597 4070
2 1802 4446
2 1094 4857
2 2737 1766
2 1365 1857
2 4307 2526
2 208 3218
2 712 81
2 3702 580
2 968 314
2 2388 1449
2 1715 4113
2 3052 3991
2 4584 3487
2 3217 2309
2 2140 204
2 3882 1571
2 3340 4001
2 3257 2882
2 3186 1494
2 393 1865
2 2592 1485
2 112 3880
2 70 3584
2 4608 2293
2 4553 3694
2 946 2110
2 1713 1980
2 2488 3255
2 658 682
2 3327 2591
2 1772 2460
2 2208 1546
2 1762 3089
2 1401 4504
2 2253 1032
2 4398 1376
2 1562 830
2 2155 4653
2 4451 132
2 3146 446
2 3818 1390
2 2670 1502
2 3451 3125
2 4394 4524
2 4124 499
2 748 4777
2 1920 3196
2 779 690
2 348 3615
2 2219 1867
2 2195 1619
2 2295 2525
2 3940 779
2 2536 3440
2 3165 1044
2 4836 807
2 2429 4301
2 2018 343
2 2607 2877
2 3307 1445
2 4422 1634
2 1780 1751
2 4449 4370
2 4222 1048
2 998 1687
2 2627 801
2 587 4417
2 2846 1814
2 1641 4932
2 1166 718
2 1442 833
2 2099 329
2 1893 835
2 3792 2567
2 4205 1852
2 3576 1960
2 4332 2473
2 2788 1426
2 4812 214
2 2516 2147
2 3793 4725
2 4215 1722
2 2549 606
2 1281 55
2 4959 1280
2 852 2012
2 4983 4357
2 4728 2082
2 2234 382
2 3410 4712
2 739 2172
2 4918 2497
2 4691 1837
2 4576 888
2 290 3223
2 3290 750
2 109 609
2 4202 4052
2 314 2625
2 1195 291
2 532 4025
2 1590 4933
2 404 3320
2 759 2693
2 793 212
2 3246 1518
2 1870 4934
2 1246 4763
2 2164 817
2 4712 4520
2 2772 3545
2 2642 4465
2 2824 4754
2 1922 1872
2 1445 1134
2 2700 4284
2 4042 2069
2 1679 3011
2 2422 658
2 3663 3128
2 2072 2679
2 579 695
2 1321 1113
2 4111 3678
2 1541 2597
2 4827 332
2 837 4944
2 854 4051
2 2839 2919
2 2828 378
2 697 3321
2 752 2070
2 2186 3645
2 3311 3781
2 4349 1850
2 2093 3898
2 3309 207
2 1516 511
2 4946 3650
2 3030 1441
2 4083 1769
2 4286 3731
2 1602 2039
2 771 3296
2 1537 3808
2 1218 4236
2 4312 1881
2 3508 3285
2 1283 4552
2 3777 100
2 2964 4339
2 4708 3953
2 1205 3393
2 4861 4111
2 2984 3387
2 3778 4974
2 4141 909
2 4339 359
2 3144 2508
2 2506 4856
2 2233 4833
2 737 4424
2 4351 4423
2 1599 1137
2 717 2375
2 258 3025
2 1687 4843
2 1006 3655
2 2043 480
2 229 803
2 4090 2806
2 3877 2366
2 3645 943
2 3699 1241
2 501 1075
2 3872 3266
2 2907 1829
2 1411 1584
2 519 3473
2 77 3157
2 4837 3860
2 2292 4394
2 3980 4641
2 810 3644
2 2960 697
2 1800 4847
2 3420 2373
2 4146 4992
2 794 1274
2 1930 1959
2 947 167
2 4035 2573
2 48 4508
2 2165 3821
2 789 2124
2 3944 4055
2 3299 740
2 1620 4840
2 775 2507
2 174 3948
2 2384 2470
2 1474 2818
2 3150 1447
2 3658 1918
2 1629 3711
2 826 4656
2 3024 4290
2 3959 2099
2 2053 63
2 4588 2737
2 2393 4896
2 3672 2174
2 3901 4798
2 2778 1940
2 2893 33
2 1476 156
2 3638 3064
2 3446 585
2 137 2860
2 2143 370
2 4676 2605
2 3806 1360
2 3640 1573
2 2051 3684
2 4909 2061
2 1135 1566
2 1019 1523
2 4720 4404
2 496 2066
2 408 2317
2 1132 913
2 4247 3732
2 4969 1913
2 4358 4922
2 4866 479
2 4169 245
2 1361 4374
2 1834 2486
2 730 1480
2 2472 3904
2 2697 3614
2 1766 933
2 3337 3620
2 1686 4410
2 853 4704
2 980 1526
2 3581 4952
2 3530 3570
2 642 2417
2 4494 4583
2 1547 858
2 1017 1679
2 3536 4389
2 12 216
2 1631 4078
2 3284 4964
2 2963 2514
2 3565 4099
2 3996 4102
2 3070 4558
2 4791 3601
2 2872 4027
2 4835 84
2 984 453
2 4617 1353
2 1179 3517
2 530 3268
2 1253 4913
2 449 2666
2 502 1645
2 4707 4206
2 4163 3981
2 2065 2925
2 1430 420
2 2291 3609
2 455 4405
2 3992 677
2 577 3824
2 3319 2392
2 2025 4312
2 3521 2686
2 600 1077
2 2622 3290
2 3374 4756
2 24 2324
2 3755 2868
2 3621 1855
2 3787 2055
2 3694 577
2 3387 1177
2 2918 2803
2 3866 4454
2 811 4204
2 2757 2399
2 4221 2142
2 913 419
2 3422 3686
2 4843 3936
2 1915 1263
2 724 459
2 2031 4048
2 4570 3571
2 1030 3298
2 2040 4785
2 535 3405
2 3347 234
2 1658 2652
2 36 1011
2 3208 2165
2 1324 4829
2 4649 3376
2 1950 2626
2 2473 1193
2 3602 4903
2 1929 4351
2 4982 1083
2 4160 1874
2 4327 2221
2 1021 4263
2 2545 3850
2 2425 1710
2 2452 3966
2 549 2729
2 1986 820
2 4480 4981
2 2370 224
2 3177 4265
2 1697 3024
2 3930 2433
2 1647 1938
2 3388 1313
2 4565 962
2 1880 4018
2 3539 346
2 3629 1401
2 3266 4369
2 508 4347
2 1228 342
2 2573 2835
2 4397 1224
2 933 4939
2 915 4229
2 1939 4013
2 2694 68
2 2097 273
2 4784 1427
2 2173 1603
2 2319 4176
2 1923 3183
2 4344 3293
2 2848 762
2 2420 1948
2 4903 2942
2 3973 439
2 4230 3899
2 3985 1001
2 2045 1629
2 2092 3683
2 2439 2266
2 2802 3772
2 657 107
2 751 29
2 1959 2213
2 128 229
2 1685 1127
2 3355 4973
2 2064 4885
2 2300 2295
2 4616 4270
2 1227 4889
2 4847 3352
2 196 2382
2 4857 415
2 4409 805
2 3757 4861
2 1472 3189
2 4927 2494
2 3785 2906
2 1297 3842
2 1678 3547
2 4331 3553
2 981 3237
2 349 4986
2 3531 1184
2 1504 2101
2 676 327
2 4487 4183
2 4500 3775
2 4905 4596
2 4093 3685
2 814 3243
2 684 2148
2 149 2822
2 4706 2820
2 3807 3471
2 4788 3478
2 3905 566
2 3852 4538
2 1551 4032
2 4766 1290
2 4897 1066
2 912 2709
2 3171 310
2 2296 3142
2 1941 4499
2 4783 2347
2 1050 1323
2 2268 4947
2 2604 3619
2 4515 3792
2 3542 3331
2 2710 1374
2 1931 1029
2 4100 3252
2 3115 495
2 636 1542
2 1788 1994
2 497 4072
2 2923 935
2 2925 2273
2 2744 3438
2 1521 1379
2 1664 2489
2 3591 2634
2 2904 45
2 2903 260
2 3675 2425
2 1140 4457
2 2792 1413
2 1523 4216
2 84 3924
2 4545 3152
2 2745 3313
2 4846 2902
2 557 3284
2 2667 4079
2 3838 4012
2 2098 4850
2 2970 977
2 742 859
2 4229 3834
2 302 4119
2 2928 3884
2 3870 3172
2 3776 2788
2 2767 1719
2 1731 4732
2 200 907
2 1980 2524
2 76 2745
2 4585 1887
2 4842 3929
2 3717 2337
2 2414 589
2 4801 3795
2 553 4402
2 3297 1073
2 3153 1992
2 3966 2339
2 1469 2515
2 266 2533
2 370 168
2 3578 3088
2 2307 4830
2 1789 2779
2 3376 2880
2 443 40
2 1438 4325
2 1366 3689
2 4317 4138
2 3035 2651
2 1465 3952
2 4187 3841
2 3206 3896
2 1093 3573
2 4478 988
2 1481 361
2 4207 872
2 3325 1939
2 776 3569
2 2060 72
2 4662 1180
2 3419 2479
2 1966 3042
2 4849 3413
2 4046 542
2 3840 4110
2 3096 2656
2 4756 2614
2 1468 4851
2 878 61
2 1508 2187
2 2003 1472
2 1451 4314
2 2308 104
2 1400 1661
2 3056 3264
2 687 1742
2 3871 4900
2 592 4326
2 3533 2119
2 3752 871
2 1651 2576
2 648 3610
2 2205 1504
2 4887 1754
2 3637 3919
2 98 3794
2 727 619
2 1962 966
2 2625 3141
2 2547 852
2 2059 4924
2 4280 4211
2 3358 1187
2 1719 21
2 2897 22
2 951 3372
2 4854 3990
2 35 1327
2 806 1613
2 3904 2193
2 2537 4953
2 4696 3097
2 4014 2461
2 564 3044
2 3828 4634
2 3160 4466
2 3339 746
2 2228 2664
2 999 1650
2 3849 1745
2 1480 3726
2 4262 4637
2 2265 3391
2 1378 1791
2 4137 3103
2 2290 3360
2 3695 137
2 4634 254
2 558 416
2 2915 3946
2 802 3450
2 799 4024
2 2587 144
2 2421 568
2 1580 3593
2 1884 1685
2 3939 400
2 2087 1018
2 3597 1978
2 1755 522
2 4113 3299
2 1123 2244
2 3869 1747
2 3549 498
2 1667 1509
2 4703 2728
2 2105 390
2 4114 4228
2 1249 791
2 2381 3605
2 1419 4004
2 4802 3989
2 1255 4247
2 102 2530
2 963 2037
2 3005 4420
2 3719 3856
2 4226 3230
2 1061 1931
2 3106 3049
2 507 1652
2 733 385
2 6 1047
2 1310 3751
2 2555 4151
2 1656 4534
2 4814 1560
2 700 848
2 4984 2936
2 1863 4429
2 4852 3580
2 3669 2501
2 2805 4963
2 4757 350
2 1999 4786
2 2198 3753
2 763 70
2 3064 1372
2 1099 2318
2 3961 2136
2 3916 1218
2 3409 537
2 26 3674
2 4721 1493
2 1921 4721
2 71 4272
2 2280 3656
2 1542 2532
2 1878 366
2 4445 4329
2 786 1673
2 3414 656
2 665 4564
2 4341 4073
2 3960 3061
2 2920 313
2 380 52
2 512 1
2 2914 3171
2 315 4036
2 4606 3351
2 2340 4132
2 3834 4358
2 3740 1171
2 3132 3922
2 1569 4681
2 4658 1725
2 2100 735
2 3730 1175
2 297 1861
2 4990 2527
2 4109 4137
2 447 2031
2 2014 2346
2 3941 1358
2 3498 2855
2 1433 3210
2 3659 1050
2 3104 1354
2 3038 1886
2 4987 4767
2 3317 4242
2 3796 1746
2 3139 4899
2 735 4104
2 13 3589
2 4009 2156
2 2531 2668
2 2980 31
2 4517 4758
2 617 906
2 2200 681
2 4486 3514
2 2454 1271
2 1630 1037
2 536 2831
2 1954 3883
2 1186 4300
2 3698 1331
2 1258 1350
2 2803 2600
2 3525 834
2 3495 345
2 2163 384
2 3201 1021
2 3593 2297
2 504 2720
2 323 620
2 923 2735
2 1037 1124
2 3003 1286
2 1138 4062
2 4061 4588
2 22 3339
2 2898 4155
2 33 143
2 4619 783
2 4198 1932
2 2101 417
2 142 147
2 3397 1866
2 4328 986
2 3815 98
2 4003 23
2 773 2825
2 1933 1164
2 2844 4372
2 4733 2997
2 3652 4548
2 3833 1779
2 4183 1377
2 178 2879
2 1958 1582
2 2070 3538
2 1652 1300
2 3366 3072
2 432 3199
2 690 2311
2 2617 2065
2 3027 4844
2 514 3568
2 4499 3208
2 830 2442
2 360 3787
2 1811 2521
2 3380 4854
2 2013 1812
2 2298 3388
2 4536 647
2 3655 358
2 2763 3811
2 2546 2270
2 3656 4969
2 4718 2706
2 4034 4698
2 1868 1022
2 2618 249
2 87 3132
2 1473 1840
2 2513 4021
2 3884 1896
2 3551 3521
2 2117 1272
2 3408 3950
2 4177 3957
2 4504 2544
2 4623 2631
2 2961 4797
2 3210 944
2 3839 3039
2 347 42
2 4296 2633
2 2264 3126
2 1968 2182
2 3261 3442
2 2466 4988
2 4678 278
2 1038 917
2 4900 323
2 4256 3281
2 4274 1462
2 4514 1682
2 4011 599
2 2033 3027
2 2588 1408
2 2085 2785
2 4632 1539
2 4021 3934
2 3867 3370
2 199 428
2 4314 4168
2 1325 3554
2 1051 1670
2 1001 2990
2 4863 2380
2 2346 3146
2 3379 3585
2 4223 497
2 1856 1135
2 1230 2519
2 99 4203
2 3974 1012
2 378 1456
2 3112 1425
2 202 724
2 4064 2705
2 1588 576
2 4790 2215
2 2515 4477
2 1506 1319
2 1817 3714
2 2581 1956
2 1098 3023
2 2559 3669
2 268 1369
2 780 3206
2 4763 1944
2 3296 178
2 4140 4976
2 4800 3633
2 3259 565
2 3345 4841
2 1271 1720
2 2894 1277
2 311 1595
2 401 2085
2 3745 672
2 1722 4114
2 1576 2900
2 459 1371
2 543 1054
2 624 1986
2 2275 1941
2 3784 4080
2 2833 1052
2 473 4226
2 446 3124
2 3026 3870
2 383 2472
2 1894 898
2 390 4662
2 1483 654
2 4237 4735
2 1054 2335
2 1026 1367
2 2729 692
2 3067 4566
2 1192 2711
2 1614 4067
2 4604 893
2 2504 3004
2 2521 2203
2 3381 3495
2 4150 4954
2 3690 270
2 451 3472
2 3668 1569
2 228 3875
2 2850 1923
2 260 2641
2 2973 2022
2 3911 2370
2 1896 2310
2 2862 4237
2 4762 386
2 4742 3479
2 3827 4365
2 167 1057
2 65 1616
2 2423 493
2 539 2211
2 2553 3692
2 2558 3461
2 1233 4147
2 2646 1402
2 2299 109
2 4185 3967
2 213 2734
2 3957 1759
2 3739 3838
2 2236 3752
2 2650 556
2 4313 3002
2 1804 2690
2 78 2073
2 2029 4241
2 3543 4282
2 4213 4192
2 1840 2798
2 1161 4384
2 104 2038
2 4235 1479
2 4031 759
2 2825 3062
2 177 406
2 4817 2384
2 430 829
2 3962 3629
2 2005 2982
2 2557 627
2 4402 2876
2 2563 4911
2 1117 710
2 265 502
2 619 388
2 1584 424
2 2917 4129
2 2576 491
2 1490 1927
2 4579 3244
2 1829 4951
2 2460 968
2 1444 3931
2 3716 2714
2 1616 4561
2 3724 891
2 2653 636
2 643 115
2 1955 2885
2 1707 2079
2 3766 2409
2 1649 1487
2 3995 4792
2 4770 362
2 301 4130
2 605 1095
2 2442 2689
2 3396 2320
2 1033 3364
2 1773 1295
2 2387 3911
2 4502 572
2 4236 699
2 1836 3139
2 3513 259
2 144 551
2 2325 3539
2 1853 2905
2 4680 2826
2 239 4884
2 3604 4622
2 2719 4506
2 1737 1097
2 1609 354
2 2987 430
2 1940 90
2 1007 4121
2 2131 1341
2 243 4303
2 3043 2943
2 4047 4940
2 3454 2966
2 402 2396
2 4298 4627
2 227 2228
2 1849 1674
2 2152 1952
2 4628 3402
2 4890 914
2 552 4839
2 1265 4842
2 2252 2361
2 3677 3544
2 723 4232
2 3891 4140
2 925 1473
2 2377 1150
2 2187 3867
2 1314 773
2 1106 194
2 233 1688
2 1130 3357
2 2735 1080
2 529 1831
2 146 1604
2 3865 1830
2 3897 2054
2 993 3715
2 2731 4071
2 3999 1924
2 4376 3267
2 1796 3778
2 4794 3474
2 957 4576
2 1552 319
2 573 82
2 11 4689
2 4417 3082
2 1540 471
2 3548 3555
2 2375 2181
2 2016 4003
2 2028 4723
2 1458 1206
2 445 3747
2 2613 2646
2 4746 3185
2 3734 1169
2 1239 2102
2 4657 3532
2 2438 4990
2 3712 3560
2 4686 767
2 1250 1870
2 3288 1775
2 689 3022
2 754 930
2 3484 4817
2 4012 3631
2 2116 2493
2 3234 2180
2 9 2090
2 4675 2875
2 1776 1553
2 1587 3136
2 4216 2060
2 4980 673
2 1624 1328
2 1573 734
2 3733 1614
2 3460 181
2 1583 1120
2 4076 1122
2 1572 2484
2 3634 512
2 2412 4977
2 4879 4330
2 2821 2581
2 2207 4942
2 4450 3286
2 938 2511
2 280 3067
2 4824 4846
2 2827 3060
2 4239 2994
2 4777 101
2 31 2850
2 798 1663
2 4977 679
2 3650 4511
2 4575 605
2 2380 3179
2 1164 1357
2 4870 4545
2 3579 3441
2 4690 761
2 3260 1168
2 3279 3737
2 411 3433
2 4592 2924
2 1635 4803
2 3149 2026
2 3853 4250
2 1339 3160
2 3625 2670
2 3673 4630
2 193 4443
2 1734 4480
2 2364 4422
2 664 3771
2 3641 981
2 2540 1528
2 2142 2736
2 650 1006
2 1009 1158
2 4435 756
2 1023 2319
2 3464 4337
2 4968 549
2 4722 1002
2 3965 927
2 2630 903
2 4408 3458
2 3560 3029
2 3559 488
2 4596 3188
2 4512 4624
2 1705 296
2 3316 2047
2 3979 3366
2 2754 1730
2 4560 846
2 3263 1234
2 1807 1879
2 2192 1733
2 2172 4415
2 861 591
2 825 2360
2 1160 1962
2 1371 1947
2 267 3288
2 1585 581
2 2606 2874
2 4406 1119
2 4960 1531
2 3305 3999
2 3398 373
2 2261 1486
2 1190 768
2 2343 3460
2 1518 4379
2 1882 3436
2 1076 2793
2 253 2698
2 3689 240
2 4899 2302
2 4725 4719
2 3825 2390
2 541 1068
2 1704 4771
2 4631 3014
2 1589 1564
2 250 289
2 1453 2453
2 3130 1310
2 3509 1890
2 3925 4575
2 8 4521
2 2863 1382
2 3019 1726
2 2052 3098
2 2652 4479
2 1417 2817
2 2624 3083
2 3113 1343
2 1818 873
2 2075 630
2 4158 1752
2 1839 3873
2 4471 3224
2 4407 3722
2 2791 573
2 2245 3137
2 4741 3392
2 2938 4865
2 4674 553
2 4855 4042
2 666 3784
2 1821 3038
2 2856 1723
2 198 281
2 1096 1756
2 2482 2357
2 2543 1207
2 2258 3647
2 788 810
2 1712 1457
2 2320 4655
2 1298 1820
2 3802 4091
2 2311 3785
2 339 1307
2 533 4281
2 2512 3282
2 3431 4115
2 2902 918
2 4291 4791
2 2921 73
2 3590 2030
2 1654 2747
2 2786 4567
2 4389 770
2 1370 4426
2 1604 2607
2 800 4131
2 4975 3807
2 2909 112
2 3224 4039
2 224 1668
2 3004 2837
2 3507 3229
2 4467 4738
2 2876 2865
2 2575 869
2 3441 4999
2 126 1567
2 2681 2778
2 651 4919
2 1567 4615
2 2932 1326
2 352 3110
2 2489 4714
2 1180 528
2 3245 225
2 3975 4805
2 3127 4750
2 2585 4098
2 593 1375
2 3795 1432
2 4828 739
2 4670 1435
2 491 1510
2 1926 1233
2 1855 3340
2 586 2577
2 4393 3829
2 3192 1027
2 2525 4799
2 4078 3186
2 2874 1579
2 1410 963
2 1831 3349
2 3546 2242
2 1448 3422
2 4915 1570
2 3285 2048
2 2924 396
2 2279 30
2 3657 1513
2 476 535
2 1570 4431
2 4264 1417
2 2524 2045
2 4595 3305
2 4002 2363
2 2732 3729
2 4196 1154
2 4510 3367
2 1525 3131
2 839 793
2 3244 3699
2 3147 2044
2 2004 476
2 1932 4849
2 372 3085
2 4466 4390
2 4333 3491
2 2376 271
2 1173 2944
2 1193 4259
2 2799 1289
2 3142 1015
2 804 2587
2 3647 1549
2 1812 3410
2 242 3848
2 2136 1599
2 1935 4864
2 4062 3607
2 741 4628
2 3209 2700
2 3048 1505
2 356 4399
2 1813 753
2 1536 2740
2 879 4563
2 3786 4425
2 1158 2684
2 2199 1152
2 3069 1640
2 2983 1828
2 3291 4972
2 2287 1893
2 2741 1114
2 335 4199
2 2352 2359
2 2154 4010
2 3254 3079
2 734 3421
2 3314 4683
2 2586 1385
2 1716 3201
2 1210 2415
2 1619 633
2 338 284
2 4528 652
2 1674 3766
2 2481 3662
2 1771 2350
2 4860 4066
2 1644 241
2 2326 853
2 4290 624
2 2602 4116
2 4426 3354
2 1075 811
2 4963 4
2 4303 1339
2 4589 4307
2 1299 4926
2 4405 3347
2 307 4460
2 1014 4136
2 4737 3335
2 3924 3937
2 3227 2951
2 407 2949
2 3931 3212
2 3020 483
2 2673 2462
2 53 2695
2 3580 331
2 2548 610
2 629 206
2 283 4894
2 464 905
2 2444 3180
2 2634 269
2 2740 3093
2 1340 3708
2 2900 3275
2 866 969
2 1553 2258
2 3435 526
2 2750 2224
2 4497 4708
2 3603 1293
2 3158 4349
2 2822 4016
2 750 2931
2 3295 2517
2 463 1973
2 4190 3879
2 2882 1997
2 931 2730
2 4734 357
2 4669 2738
2 92 593
2 880 2580
2 2936 4666
2 2231 4540
2 1560 1631
2 711 3221
2 3198 316
2 595 4485
2 2477 4362
2 4971 3618
2 2169 1605
2 877 4126
2 4729 261
2 2758 4288
2 4015 1174
2 1994 1409
2 4609 2708
2 1347 163
2 3378 1140
2 2736 4352
2 1245 675
2 2328 4877
2 4336 2144
2 276 4395
2 3100 3490
2 949 8
2 1387 2682
2 1290 2255
2 1987 1690
2 1069 3921
2 195 2601
2 4104 1609
2 1225 1439
2 889 598
2 1946 1799
2 2712 1311
2 2808 3955
2 3642 2904
2 908 264
2 2518 3791
2 140 3668
2 4655 3549
2 1336 2233
2 2027 3070
2 1809 462
2 3487 3507
2 1059 1558
2 4531 822
2 3124 4779
2 298 1680
2 1181 267
2 331 4103
2 4456 4737
2 2392 3625
2 3994 3993
2 4822 4419
2 4342 3182
2 4972 2512
2 3478 4456
2 291 765
2 2997 2145
2 1677 3485
2 1136 4679
2 3207 3307
2 234 116
2 3844 545
2 1261 4077
2 1279 4665
2 4192 920
2 235 1434
2 4719 4633
2 4521 492
2 1748 2787
2 4924 2863
2 2434 4483
2 1182 4215
2 1022 2157
2 274 423
2 1549 2487
2 1062 4346
2 1786 1222
2 671 2003
2 4752 1131
2 4535 1491
2 2871 510
2 2784 4749
2 2722 628
2 3510 1025
2 660 2681
2 3681 3886
2 461 3983
2 4039 2872
2 4965 1197
2 1938 1182
2 169 4820
2 3359 4214
2 3505 4166
2 269 2035
2 2891 2150
2 2657 3797
2 4030 751
2 3256 3395
2 2946 640
2 2090 4273
2 4459 146
2 18 2552
2 4873 868
2 2359 3012
2 3159 4921
2 3342 2207
2 3443 4385
2 1122 3225
2 4715 1098
2 2316 1525
2 970 2559
2 2323 1352
2 4793 3803
2 1520 3743
2 3701 283
2 3984 2029
2 2305 2649
2 2742 3793
2 3137 1545
2 330 4157
2 4506 3658
2 4272 1921
2 2691 4783
2 1797 4332
2 1354 842
2 366 2704
2 4117 185
2 3610 2604
2 4547 4941
2 275 4169
2 4952 3852
2 1556 3961
2 4400 987
2 1148 1694
2 4534 1598
2 2113 2848
2 2975 958
2 1 4869
2 954 2940
2 1953 2007
2 0 1126
2 2483 3476
2 462 2987
2 1509 3976
2 1778 863
2 292 1809
2 4357 4245
2 1499 4821
2 4885 1125
2 4761 2662
2 4818 4971
2 1826 4722
2 976 306
2 2619 4382
2 1039 560
2 4923 2829
2 2593 3523
2 2841 4539
2 3707 3018
2 3861 1530
2 1732 2658
2 2042 928
2 3558 397
2 893 2105
2 3338 3660
2 3086 3453
2 1640 3578
2 1477 1561
2 4309 2121
2 3595 2240
2 4171 529
2 4310 3849
2 3564 3695
2 4089 1864
2 4862 337
2 4382 3831
2 3583 3768
2 1345 1882
2 4573 3882
2 3835 775
2 3887 720
2 2968 3980
2 56 561
2 4095 3916
2 1101 4486
2 3557 1148
2 3399 3770
2 3068 227
2 2971 2423
2 1296 4619
2 3772 3551
2 3326 4845
2 681 4144
2 4587 1264
2 4484 2210
2 1216 3632
2 2367 722
2 1596 4929
2 4808 641
2 2818 4393
2 1124 2897
2 1767 976
2 4953 4773
2 1866 2498
2 3136 1767
2 4911 2584
2 4688 2139
2 2401 2194
2 2474 4376
2 1341 2256
2 2774 129
2 328 1058
2 39 1178
2 4289 4931
2 3764 4819
2 1727 67
2 1168 3903
2 1252 1822
2 3767 3162
2 3315 4308
2 2901 1630
2 2409 972
2 3330 162
2 4644 213
2 2366 1696
2 3608 2849
2 1074 3798
2 406 3385
2 4033 4455
2 3896 4128
2 1309 2606
2 903 942
2 3711 3750
2 17 948
2 2347 3786
2 3163 1983
2 540 1905
2 64 946
2 1858 3622
2 1046 4985
2 4251 4876
2 2044 473
2 3665 2751
2 95 1841
2 1546 4554
2 1201 2866
2 1187 1444
2 869 3489
2 4527 2198
2 698 1270
2 4775 2702
2 3631 2516
2 1398 4826
2 3910 4740
2 663 1411
2 4629 4979
2 2703 3774
2 278 1471
2 4868 1776
2 2293 301
2 4884 594
2 3466 2628
2 3499 2513
2 3504 957
2 608 2202
2 769 3344
2 2616 1041
2 134 1428
2 3738 217
2 4300 2744
2 4799 274
2 4378 0
2 2661 456
2 3524 2199
2 2948 2450
2 1947 3536
2 3805 1548
2 2285 2551
2 3392 1305
2 2091 925
2 4260 2804
2 3644 4801
2 3920 4873
2 4203 1592
2 2675 584
2 2023 118
2 4974 2770
2 4964 2372
2 2123 3482
2 299 4444
2 1899 2917
2 3119 2351
2 3982 4626
2 3653 4958
2 885 4759
2 3215 121
2 1273 1179
2 621 4418
2 4102 3630
2 1548 2123
2 4821 4676
2 4601 4724
2 3763 2753
2 3553 4957
2 2313 4515
2 4168 89
2 4375 4388
2 2815 3138
2 4926 1869
2 457 4366
2 3722 1064
2 2178 3713
2 2991 3484
2 1049 3978
2 4910 28
2 3780 2965
2 1885 4030
2 4125 2645
2 3336 2441
2 4350 4020
2 119 1138
2 3585 797
2 1368 726
2 1432 2918
2 2676 377
2 1513 760
2 2278 465
2 2648 3289
2 4524 2345
