1242 6
2 1080 748
2 761 687
2 494 189
2 37 454
2 785 828
2 663 437
2 663 1015
2 494 447
2 1077 1015
2 998 748
2 1218 785
2 37 144
2 446 146
2 434 454
2 421 748
2 645 148
2 1011 920
2 545 344
2 477 687
2 665 920
2 220 920
2 761 437
2 475 1218
2 90 148
2 1201 477
2 593 477
2 761 297
2 421 37
2 201 187
2 74 748
2 494 1080
2 1210 190
2 1077 595
2 187 90
2 1077 786
2 1015 220
2 645 477
35 784 691 282 11 939 61 66 205 916 938 460 3 487 666 214 776 286 476 355 866 1073 129 261 1132 69 330 27 226 414 758 236 1187 462 1191 472
2 595 920
2 447 429
2 721 567
2 269 1015
2 146 850
2 447 90
2 421 595
2 188 207
2 742 1106
2 187 1015
2 742 272
2 840 567
2 437 1117
2 840 593
2 697 665
2 148 748
2 663 828
2 494 752
2 90 144
2 786 189
2 187 1080
2 494 90
2 454 1015
2 37 74
2 1201 272
2 1077 275
2 663 144
2 437 920
2 37 687
2 146 207
2 269 187
2 840 37
2 645 1106
2 424 786
2 424 475
2 400 786
33 172 571 526 993 813 722 1184 287 61 1092 1141 749 243 1061 366 363 150 537 512 296 182 515 994 420 913 685 935 1134 122 91 422 29 1148
2 721 189
2 475 982
2 1077 437
2 595 828
2 454 920
2 595 220
2 1201 189
2 682 437
2 663 344
2 834 477
2 446 275
2 494 665
2 201 275
2 188 148
2 429 786
37 1175 59 450 1091 23 1190 278 43 979 110 743 56 1072 101 944 256 251 1168 511 634 157 977 823 1012 273 966 891 912 1221 496 690 271 1232 33 270 1021 338
2 1201 74
2 446 1077
2 424 697
2 201 595
2 828 437
2 344 144
2 1011 447
2 982 207
2 1201 697
2 446 491
2 90 1069
2 491 189
2 1080 545
2 187 748
2 434 748
2 1011 190
2 828 920
2 1218 400
2 187 752
2 424 90
2 850 272
2 446 207
2 381 207
2 421 446
2 447 665
2 593 275
2 381 996
2 697 998
2 663 998
2 475 272
2 840 545
2 1210 74
2 687 748
2 269 1210
2 434 208
2 475 687
2 593 208
2 494 545
2 37 1117
2 454 437
2 475 834
2 1069 1015
2 144 567
2 663 447
2 663 201
2 429 920
2 752 432
2 494 593
2 434 477
2 998 437
2 381 682
2 220 786
2 494 697
34 64 659 895 1027 1120 407 11 653 812 56 1180 924 963 558 204 228 656 686 299 1079 950 705 708 324 440 522 513 957 519 133 96 1209 995 1172
2 1080 297
39 1112 314 713 1200 951 383 678 396 423 361 1127 681 254 1019 654 684 169 1046 199 523 355 309 556 551 594 977 42 710 652 1004 67 1065 307 723 463 12 581 478 260
2 785 190
42 88 23 1103 181 195 183 898 590 264 295 1078 509 1043 972 696 234 762 1126 1129 601 363 390 1005 845 303 311 1003 664 584 15 230 346 969 404 949 265 1153 814 586 1187 53 605
2 1201 208
2 645 74
2 761 446
2 1080 828
2 454 208
2 834 752
2 663 446
2 269 297
2 1218 90
2 429 721
2 593 996
2 454 828
2 1218 645
2 595 721
2 381 475
2 269 665
2 424 400
2 721 344
2 665 272
2 761 269
2 146 1069
2 494 828
2 421 207
2 687 74
2 785 188
2 381 697
2 850 190
2 593 220
2 665 687
2 645 593
2 998 272
2 697 567
2 1080 148
2 429 74
2 687 148
2 761 850
2 429 1069
2 434 828
36 852 282 68 47 771 378 502 952 365 561 871 1102 1044 58 104 1179 915 533 714 1227 483 28 109 221 1233 753 307 680 928 1111 704 33 322 473 611 1159
30 858 892 88 655 1237 490 225 1184 453 45 238 1064 774 963 343 367 459 510 1094 1214 1007 1156 347 173 676 943 894 1232 316 842
37 443 2 284 320 637 818 295 75 774 1102 102 1042 536 1057 974 879 433 1231 1197 706 703 692 596 192 587 81 672 793 1212 712 806 341 846 57 941 552 933
36 415 927 526 106 175 194 853 466 376 1047 1140 1030 629 796 1220 249 1197 1216 456 547 368 556 984 1214 147 759 693 31 753 610 1036 1063 1209 841 651 605
2 1210 1080
2 421 189
2 475 742
2 220 190
2 381 148
2 424 437
2 208 275
2 663 785
2 146 272
2 400 920
28 965 713 135 658 872 87 1085 640 869 942 94 1230 991 425 258 515 961 28 300 588 1130 865 380 890 557 943 851 1066
2 645 850
2 1011 429
2 144 1106
2 1011 37
2 494 785
29 497 451 518 824 618 624 1010 319 45 1119 740 313 98 835 790 1147 449 980 171 763 112 1196 646 587 113 67 923 975 1108
34 388 579 931 799 278 678 125 1078 127 1141 1042 353 1140 445 810 674 153 630 1199 310 149 973 197 868 1176 513 1086 1025 498 342 413 1152 253 1050
2 840 275
2 663 272
2 446 697
2 434 850
2 785 834
2 1077 37
2 447 748
2 424 752
2 682 432
2 996 567
2 381 982
34 442 534 1085 194 540 244 662 431 142 1026 20 336 176 353 600 1040 501 829 967 811 35 934 80 514 492 773 870 1012 808 463 778 602 1144 327
2 187 437
2 421 834
2 269 850
2 1080 850
2 663 188
2 37 665
2 645 834
2 1210 144
2 1210 432
2 1201 148
2 475 446
2 477 1015
2 982 429
2 665 148
2 721 272
2 1080 37
2 785 1077
2 188 998
2 429 344
2 840 477
2 1218 567
2 1218 447
2 421 74
2 220 748
2 682 593
2 850 996
2 1077 742
2 687 786
2 761 190
2 434 1080
2 1210 90
2 381 834
2 595 208
2 475 146
2 1015 996
2 982 90
2 475 920
2 201 998
2 475 752
2 1011 146
2 37 400
2 297 721
2 1011 275
2 834 148
2 148 920
2 687 1106
2 645 272
2 494 663
30 1110 168 887 1193 68 946 940 361 124 944 1178 1195 1053 629 790 41 582 410 324 661 1142 746 223 331 156 277 555 370 925 164
2 381 90
2 90 429
31 408 854 1161 623 812 235 62 1040 167 734 1137 606 776 510 210 493 111 664 630 199 120 179 267 719 331 610 921 349 48 750 1033
2 645 90
2 687 828
33 1054 1104 87 63 1198 1022 1240 585 744 644 376 116 740 263 419 737 209 1225 827 1005 950 535 1093 1081 197 1164 997 541 728 85 1021 327 836
2 1210 786
2 434 269
2 90 208
2 682 429
2 742 1015
2 494 721
2 187 37
2 1218 665
2 429 189
2 1011 665
2 37 752
2 74 786
2 1201 687
2 1077 297
2 645 437
2 1011 432
2 447 432
2 429 400
2 593 828
2 148 189
2 721 74
35 289 861 951 1186 418 864 553 452 559 1143 145 517 529 978 734 991 262 26 736 1165 514 1164 458 604 859 468 156 1185 900 586 764 690 617 1207 401
2 1077 344
2 429 144
2 201 491
2 475 593
2 494 491
2 148 437
2 424 645
2 1218 828
2 761 545
2 187 146
2 682 828
2 595 146
2 432 208
2 148 1106
2 1011 682
2 207 1106
2 146 1106
2 424 1011
2 761 188
2 593 1069
2 663 996
2 998 207
2 189 748
2 665 1069
2 187 432
2 424 828
2 269 144
2 785 1117
2 446 687
2 220 275
2 982 1210
2 682 786
2 429 37
2 269 272
2 1077 1117
2 475 785
2 697 752
2 593 344
2 663 220
2 1077 996
2 90 752
2 545 850
2 424 665
2 982 189
2 645 208
2 188 742
32 579 820 1083 1136 852 1239 1198 1158 298 1211 633 470 893 239 335 735 506 485 866 694 692 166 906 17 427 1228 891 96 347 83 457 1033
2 1218 786
2 785 148
2 188 344
2 475 840
2 454 272
2 982 1106
2 545 748
2 1077 687
2 208 220
2 595 454
2 37 146
2 477 432
2 840 1210
2 1077 828
2 1077 920
2 682 742
2 269 146
2 454 687
2 148 74
2 840 828
2 187 545
2 697 74
2 188 920
2 920 190
2 1201 432
2 269 477
2 424 432
2 850 998
2 721 665
2 475 434
2 381 850
2 275 190
2 645 840
2 446 187
2 454 748
2 201 682
29 516 985 479 1020 641 1022 970 195 853 117 174 536 942 769 394 252 1041 608 113 219 141 897 859 904 163 576 270 375 639
2 663 1069
2 146 748
2 1080 996
2 682 1117
2 834 850
2 475 721
2 208 400
2 761 593
2 595 148
2 663 545
2 421 1201
2 1201 447
2 381 477
2 1011 834
2 761 146
2 1218 1080
2 421 998
2 828 1117
32 388 985 73 999 1155 200 901 1119 620 1056 626 967 165 599 614 802 745 425 293 701 1014 672 261 1233 474 592 1221 730 108 1226 613 603
2 297 742
2 645 545
2 752 1117
2 424 148
2 645 721
2 682 1080
2 1069 144
2 1218 272
2 697 828
2 269 721
2 421 682
2 424 1069
2 208 437
2 475 37
2 494 190
2 840 429
2 1201 982
2 1201 297
2 663 275
2 1218 74
38 1194 789 1054 392 1136 787 862 1039 1101 44 869 572 243 937 411 769 499 398 1208 880 614 905 171 511 192 746 482 679 114 14 480 27 878 602 222 884 1116 1160
2 1015 74
2 982 146
38 1194 565 412 1120 689 216 1017 110 1010 668 1082 1029 1224 1097 340 196 847 304 371 1096 1225 165 72 323 315 1023 404 961 918 719 71 1065 93 1111 568 1152 1163 841
2 201 400
2 663 920
2 344 687
2 834 429
37 1217 821 964 518 284 755 89 948 1074 416 1045 136 428 976 464 699 185 239 299 279 971 233 39 1227 293 182 158 882 1135 330 676 844 203 764 728 271 478
2 663 432
2 682 220
39 598 716 439 755 217 504 635 453 291 559 1049 881 749 783 1235 369 292 371 879 930 1208 1220 137 1003 310 523 229 356 960 1133 430 917 817 444 1174 975 1189 1191 322
2 697 189
26 105 628 892 455 564 765 607 1020 125 250 945 916 959 737 186 880 703 212 139 539 483 657 277 13 374 816
2 645 595
2 494 1015
30 21 965 1099 854 50 1084 464 1213 65 196 863 756 467 715 303 550 95 456 130 903 441 221 77 616 5 290 413 140 82 500
2 494 595
2 475 432
2 595 144
2 1011 437
2 785 220
2 687 189
2 545 432
2 687 208
36 659 1229 889 722 92 1154 378 326 907 959 100 724 1034 1057 1076 211 766 155 465 926 528 1109 231 112 151 468 114 508 919 912 808 12 981 85 688 825
35 115 1104 877 242 641 97 43 898 134 7 871 1047 1018 937 732 484 292 575 726 528 393 599 215 485 39 712 1087 788 560 983 758 589 1095 677 779
2 595 567
2 752 207
2 90 491
2 207 996
2 297 998
2 188 432
31 379 79 1060 60 1100 362 160 3 1113 978 489 1056 1019 521 1035 845 153 911 130 905 566 918 492 997 856 1071 13 1170 349 837 354
2 434 1077
2 437 190
2 344 752
2 297 567
2 188 786
2 1201 37
2 761 477
2 834 37
2 146 220
2 429 437
2 1011 446
2 190 1106
2 1080 437
2 446 297
2 593 920
2 344 665
2 645 1210
2 595 37
2 187 834
2 998 400
34 439 1060 931 22 333 126 768 1234 572 301 797 909 259 131 254 1126 193 72 506 348 231 802 914 120 955 387 163 257 414 76 374 995 651 779
2 37 850
28 461 956 1206 784 240 738 25 232 84 18 863 394 24 1121 632 766 36 1068 356 139 1007 725 723 1075 370 525 1207 775
2 429 146
2 381 1210
2 421 567
2 494 748
2 421 840
2 434 187
2 447 996
2 447 344
2 742 567
2 682 37
2 850 742
2 454 742
2 188 1117
40 450 571 691 819 1161 1090 731 502 909 102 302 100 1235 681 1055 633 1088 1053 1035 1169 1006 811 615 670 910 1089 947 300 580 922 900 650 560 568 747 894 885 794 1172 603
2 454 220
2 761 272
37 415 59 733 2 872 128 1103 1229 623 520 268 939 7 55 302 481 436 1096 170 499 206 281 438 777 138 932 566 718 1196 86 143 30 831 680 1148 546 1009
2 1210 567
2 840 90
2 645 207
2 665 208
2 494 421
2 996 437
2 840 220
2 187 491
2 545 998
2 432 828
2 545 1015
2 475 344
2 761 1201
2 446 748
2 982 148
2 188 272
2 421 90
2 785 74
2 208 144
2 297 220
2 201 74
2 381 920
2 297 1015
2 429 207
2 1015 144
2 494 1077
2 1080 454
2 1011 144
2 146 432
2 1201 996
2 1210 477
2 74 190
2 834 665
2 446 447
2 1218 297
2 645 786
2 996 920
2 682 645
2 187 920
2 850 220
2 742 275
2 381 189
2 1080 74
2 1015 1117
2 434 567
2 834 220
2 545 275
2 1080 1117
2 682 850
2 1218 998
35 861 1098 351 999 339 503 128 896 391 768 306 365 619 1034 756 1113 1055 974 705 848 402 1051 594 969 984 17 541 121 1238 505 444 103 775 816 1160
2 494 840
2 190 748
2 595 1069
2 721 1069
2 437 567
2 785 146
2 1069 189
2 297 748
2 663 645
2 269 752
2 146 190
2 761 201
2 742 144
2 297 432
2 447 491
2 187 850
2 567 748
2 1011 996
2 1201 434
2 424 850
2 494 454
33 241 40 902 795 495 875 180 49 1043 1183 732 1205 1230 1008 915 562 550 706 886 899 694 539 448 458 486 642 218 133 480 1189 581 669 1050
2 424 491
2 682 1069
2 593 850
2 74 491
2 421 475
2 752 742
2 828 1015
2 447 1080
2 761 381
2 761 998
2 834 996
2 344 208
2 593 491
2 146 567
2 269 595
2 761 1015
2 682 148
2 687 275
2 297 148
2 207 189
2 201 645
2 447 786
2 148 1117
2 982 1069
2 834 400
35 716 317 25 469 1031 51 1092 1173 1072 301 976 127 116 176 847 1118 1076 1122 335 159 911 138 736 245 1114 178 1130 962 580 294 846 1162 389 570 660
2 545 146
34 792 1052 435 901 44 1173 1082 548 1157 1061 94 930 390 438 38 1093 32 582 1168 309 903 80 440 448 793 908 162 867 78 253 472 354 627 1202
2 189 1106
2 752 1106
2 982 432
2 447 400
2 1218 220
2 998 148
2 421 220
2 400 491
2 1210 297
2 148 190
2 840 272
2 434 721
2 381 1201
2 697 721
2 272 190
2 982 187
2 645 742
2 721 400
2 421 400
2 840 491
2 982 437
2 697 297
2 1210 207
2 697 545
2 752 400
2 785 996
2 1069 1117
2 494 272
2 1080 207
2 785 687
2 1069 400
2 595 850
2 1218 434
2 269 190
2 208 272
2 1210 748
2 477 920
2 344 491
2 90 748
2 432 996
2 996 1117
2 996 189
2 998 920
2 381 687
2 201 834
2 381 447
2 785 567
2 982 828
2 697 275
41 497 532 70 1013 987 1074 435 377 1183 938 530 1018 304 202 471 150 796 36 161 402 15 857 405 711 917 1014 906 178 267 588 273 342 941 612 290 837 1144 1181 554 794 227
2 721 207
2 742 920
2 786 1106
2 665 1106
2 850 491
2 475 190
2 1077 146
2 998 144
2 663 146
2 188 721
2 828 144
2 682 434
2 201 840
2 446 144
2 834 593
2 269 742
2 761 220
41 927 135 64 993 689 225 391 268 818 743 134 741 318 1222 990 826 336 419 815 1178 654 155 210 198 54 745 910 822 1236 430 119 382 5 923 83 839 704 426 6 554 968
2 148 272
28 671 115 1219 751 52 340 767 1044 234 649 283 470 167 958 934 321 914 874 86 19 498 177 226 1162 164 285 373 527
2 785 37
2 998 1106
2 424 1218
2 1201 567
2 721 491
2 665 1117
2 400 189
2 1011 1210
2 1011 208
2 850 687
2 188 429
2 447 1077
2 146 208
2 421 1077
2 494 187
2 146 491
36 406 532 1215 217 1150 308 1100 1180 431 569 1097 1204 826 807 487 411 329 543 279 727 886 584 718 245 1149 141 312 657 380 360 385 1192 1048 885 82 836
2 1201 748
2 146 828
2 761 74
2 1218 144
39 1203 443 1032 172 1027 288 274 362 183 326 585 126 700 66 1213 18 123 445 848 1001 675 899 980 1123 711 717 352 248 1135 1 266 177 427 986 1063 778 625 1009 639
2 446 834
2 424 663
2 90 297
2 37 491
2 344 189
2 752 190
2 344 567
2 761 982
2 1015 148
30 858 929 52 644 180 409 619 1222 174 1127 366 211 433 99 849 334 1171 882 143 957 1132 93 928 609 1174 118 1028 617 1095 1181
2 1201 834
2 429 1015
2 1069 687
2 400 996
2 920 1117
2 434 189
2 663 187
2 545 144
2 189 567
2 721 748
2 1077 144
2 834 1069
2 146 996
2 645 687
2 447 189
2 201 146
2 187 1069
2 437 1106
2 593 432
2 998 687
2 494 682
2 424 272
2 1201 752
31 707 549 655 40 607 1182 75 741 924 235 1188 281 670 262 798 296 410 646 1138 759 405 158 166 387 992 1071 162 609 1192 373 613
2 446 74
2 146 477
2 785 446
2 477 1117
2 447 998
2 682 1077
2 429 275
2 1080 834
2 1080 400
2 1069 491
2 447 567
2 494 834
2 297 272
2 344 920
2 593 297
2 434 275
2 477 828
2 1077 982
2 207 275
2 663 721
28 1067 573 647 1128 1090 1084 945 558 343 489 193 1030 1121 46 535 661 823 1059 1105 486 360 612 867 280 488 48 401 247
2 663 90
2 998 275
2 663 400
2 421 269
2 998 491
36 379 105 1067 707 351 1115 320 244 383 1017 553 1177 123 481 810 104 770 562 631 215 547 1081 804 843 634 9 508 683 14 832 29 1048 53 0 1066 1108
2 432 74
2 1011 272
2 665 850
35 1217 573 765 1016 830 216 720 1177 55 620 403 259 154 597 801 286 137 1199 1041 449 334 780 693 988 109 992 1153 935 809 555 1170 981 457 338 1202
2 187 190
2 850 920
2 429 432
2 545 437
2 1201 920
2 447 37
2 721 190
2 834 998
34 21 461 168 695 800 819 862 948 1190 396 507 875 306 662 803 577 801 493 249 1147 26 855 1149 685 1 151 184 583 989 557 576 389 316 968
2 1210 148
2 1218 207
2 297 429
2 434 752
2 446 477
2 1077 665
2 475 545
2 421 381
2 1077 748
2 1077 187
2 834 1015
2 220 1117
2 188 189
2 545 477
2 37 272
2 494 998
2 687 220
2 475 447
2 840 752
2 1210 1117
2 1011 998
2 432 920
2 37 477
30 442 333 1013 4 325 724 666 206 198 835 1231 621 888 849 512 10 551 346 147 1023 1086 642 962 966 922 237 173 213 625 1116
26 789 887 820 73 89 287 142 530 329 459 1131 1179 345 1216 973 648 248 876 1004 71 57 814 1075 589 276 34
2 421 1015
2 447 1015
2 421 786
2 269 207
2 840 982
2 982 595
2 595 189
2 645 491
2 850 567
2 645 190
2 475 1201
2 840 721
2 840 208
2 761 1077
2 761 752
2 475 400
2 761 996
2 828 748
2 982 996
2 1210 189
2 682 834
2 446 220
2 982 752
2 208 748
2 220 491
2 144 272
2 850 74
2 148 786
2 663 1080
2 434 545
2 834 432
2 663 189
2 761 491
2 344 786
2 429 850
2 663 1077
2 90 742
2 207 1117
2 446 1080
2 663 682
2 1218 275
35 1175 364 152 738 308 504 107 970 274 4 358 954 399 409 643 160 1124 656 186 1137 170 1205 684 971 95 54 323 804 1142 1089 294 305 574 78 1024
2 998 220
2 752 920
2 494 850
2 920 748
2 1218 1201
36 733 1098 540 772 940 979 640 395 1182 264 428 84 807 131 1211 154 578 252 1223 386 760 698 729 709 1156 817 1037 592 213 688 462 473 222 527 660 227
2 785 207
2 682 275
2 645 454
2 840 1106
2 663 1106
33 364 1052 658 240 799 1150 416 1154 377 51 838 357 49 1029 209 501 1038 606 1000 1223 348 615 798 791 780 1165 482 69 121 496 1028 546 936
2 424 190
2 188 1015
2 1106 748
2 429 998
2 454 148
2 593 189
2 424 593
2 545 687
2 785 697
34 534 565 224 821 372 339 175 877 1239 1115 813 751 795 246 561 202 543 754 111 675 386 476 1241 212 42 223 831 184 1166 650 488 570 375 627
2 201 920
2 187 344
2 381 190
2 437 272
2 761 1011
2 454 1117
2 645 1117
2 697 188
2 381 297
2 1210 998
2 297 545
2 761 421
2 477 437
2 297 1106
2 201 1210
2 344 37
2 595 742
2 208 1117
2 421 201
2 1069 220
2 447 187
2 494 201
2 1077 1069
2 665 1015
2 761 567
2 1069 786
2 447 850
2 421 1011
2 432 189
2 421 434
2 1077 432
2 697 429
2 1201 1077
2 421 1210
2 682 491
2 682 567
2 269 786
2 785 1011
2 446 998
2 201 1015
2 90 344
2 434 188
2 1218 344
2 188 491
2 982 144
2 1011 545
2 381 1106
2 447 148
2 687 567
2 297 491
2 595 400
2 1015 567
2 595 437
2 381 1011
2 421 454
2 645 344
2 446 1201
2 595 996
2 475 491
2 663 491
2 593 454
2 446 90
2 998 74
2 475 665
2 187 567
2 434 37
2 645 432
2 424 454
2 446 1210
37 79 516 647 702 16 469 757 929 107 830 200 359 136 65 1224 20 783 367 632 1008 754 926 735 38 533 1123 1051 368 19 265 638 832 257 531 851 426 936
2 1069 272
2 785 491
2 663 207
2 721 144
2 1077 269
2 446 920
2 663 190
2 697 187
2 697 920
2 595 432
2 475 208
2 494 1011
2 1218 189
2 665 220
2 752 74
2 840 920
2 421 447
2 645 37
2 494 37
2 269 834
2 645 189
2 381 201
2 201 188
2 269 90
2 434 742
2 269 998
2 996 491
2 761 429
2 1011 148
2 144 275
2 297 146
2 187 1106
2 998 1015
2 998 828
2 475 998
2 477 996
2 697 144
2 1080 665
2 446 434
2 1080 432
2 424 201
2 785 593
2 188 144
2 1210 429
2 201 437
2 785 90
2 220 400
2 761 663
2 545 148
2 381 828
2 429 828
2 1077 148
2 208 786
2 545 189
2 432 207
2 593 429
2 90 146
2 297 454
2 834 90
2 687 207
2 446 752
29 598 792 695 895 1193 591 805 423 643 739 509 328 1204 256 98 791 233 219 350 1087 341 809 1167 1037 616 417 1002 76 611
2 447 1106
2 545 190
2 381 400
2 1218 687
2 645 1080
2 1218 752
2 761 1117
2 663 1117
2 201 297
2 721 752
2 663 74
2 1077 74
2 475 144
38 451 956 1237 1186 805 637 635 1240 1045 255 1101 246 117 318 1026 803 484 1188 1070 1062 578 384 159 1001 621 1171 563 337 701 947 710 636 908 218 531 524 1024 500
2 454 275
41 1215 372 503 782 889 954 653 946 319 544 744 238 452 1157 577 1145 667 829 601 398 726 1000 777 760 179 258 955 913 717 1105 9 953 474 119 638 844 747 860 118 140 1159
2 545 400
2 840 998
2 687 996
2 982 1015
2 432 148
2 146 786
2 148 275
2 491 1106
2 188 477
2 920 567
2 494 687
2 424 207
32 1203 106 896 16 782 97 1158 395 205 291 263 674 465 888 315 932 855 563 522 1114 949 441 1212 904 312 1134 673 203 878 285 260 750
2 90 220
2 785 645
2 645 400
39 787 60 1016 47 902 772 8 255 1031 1234 232 1049 517 696 699 436 1107 1169 41 538 35 1058 132 874 1073 1176 953 519 505 1228 583 788 890 574 1002 422 280 6 842
2 752 1015
2 424 748
2 447 645
2 454 146
2 381 434
2 90 275
2 381 275
2 424 785
2 828 996
2 1077 208
2 220 996
2 687 144
2 697 840
2 424 840
2 742 190
2 593 1015
2 1210 687
2 344 272
2 446 545
2 454 491
2 1069 190
2 982 834
2 840 1069
2 421 1069
2 220 272
2 381 752
2 208 189
2 148 567
2 187 665
2 429 996
2 1201 146
2 447 190
2 682 748
2 432 1015
2 208 567
2 545 920
2 840 595
2 269 491
2 421 275
2 545 491
2 454 400
2 446 189
2 1015 1106
2 1218 742
2 475 454
2 595 74
2 1069 996
2 687 190
2 188 1106
2 424 146
2 201 748
2 742 748
2 477 1106
31 1146 412 317 549 591 731 407 1039 700 1143 548 569 101 185 626 1062 1038 169 714 622 132 321 709 876 870 1036 382 1139 921 873 552
2 1218 996
2 721 454
2 90 593
2 37 1015
2 645 429
2 477 786
2 446 593
41 289 1206 455 1091 800 1155 63 771 92 520 8 358 298 739 359 881 972 767 1145 1088 214 770 708 727 32 332 822 337 994 352 652 679 1025 237 77 873 925 883 34 247 677
2 208 148
2 1080 144
31 406 224 542 152 397 1128 987 191 181 624 145 250 815 58 467 575 958 521 1079 384 1094 537 960 729 30 730 103 1163 236 0 825
2 275 748
2 424 595
2 344 1106
2 742 437
2 201 220
2 785 208
2 447 982
2 1077 491
2 828 491
2 742 491
2 1077 90
2 593 74
2 595 275
2 1080 188
2 447 697
2 424 494
2 424 682
2 834 545
2 1218 437
2 682 454
2 421 996
2 187 189
2 494 148
2 447 275
2 742 998
30 1110 314 70 1083 864 466 952 838 1064 649 667 1151 204 597 313 715 46 1006 311 1058 648 1068 596 843 897 350 266 1238 983 839
2 1218 1015
2 207 748
2 1218 446
2 269 1106
2 424 187
2 146 1117
2 545 454
2 1011 593
2 850 748
2 421 785
26 1112 671 542 702 824 490 399 50 590 325 403 990 538 622 332 857 781 868 129 725 636 773 856 1185 989 385
2 1218 593
2 207 400
2 424 144
2 742 477
2 1210 593
2 687 920
2 1201 828
2 1218 1210
2 475 148
2 697 146
2 1080 742
2 1218 148
2 201 593
2 1201 786
2 697 37
2 1218 432
2 1011 74
2 429 687
2 421 344
2 828 272
2 1201 721
2 1210 1069
2 208 190
2 208 74
2 269 828
2 297 1069
2 645 220
2 1077 998
2 1218 1069
2 761 207
2 494 74
2 761 682
2 682 840
2 1201 1106
2 424 208
2 752 148
2 446 840
2 1077 400
2 834 188
2 595 998
2 1011 344
2 187 998
2 421 545
2 272 491
2 593 665
2 424 1080
2 297 275
2 840 297
2 1218 850
2 1218 982
2 595 90
2 1015 491
2 752 454
2 697 996
2 144 491
2 595 593
2 697 432
2 90 828
2 1015 208
2 752 748
2 663 269
2 187 786
2 682 144
2 697 645
2 834 721
2 645 567
2 188 74
2 297 1117
2 297 996
2 37 148
2 721 996
2 432 567
2 761 90
2 37 432
2 682 721
2 269 982
2 424 421
2 1218 269
2 494 207
2 190 189
2 344 275
2 752 208
2 1210 146
34 392 288 564 757 1219 418 507 720 1124 797 907 460 369 62 1151 24 1131 99 393 1046 149 230 1241 608 698 1138 81 683 417 91 883 524 669 833
2 595 752
2 1011 687
2 682 982
2 828 567
2 1077 477
2 297 477
2 421 432
2 144 190
32 1125 1032 1200 964 479 618 191 495 357 124 328 762 1122 228 471 631 251 229 781 31 604 806 919 673 865 1139 122 860 525 276 884 1226
2 834 344
2 1011 189
2 687 437
2 188 190
2 682 998
2 786 190
2 429 752
40 1125 628 1146 1099 408 397 22 241 242 668 544 529 1118 600 283 1070 893 1107 686 1129 1195 827 345 1109 161 10 763 1236 1133 988 157 420 1059 1166 1167 986 305 933 108 833
2 1201 665
2 432 190
2 90 400
2 663 697
2 840 834
2 424 920
2 424 275
2 1210 400
2 187 429
2 344 1015
2 494 446
2 201 567
2 785 189
2 90 188
2 187 400
2 475 1015
2 432 491
2 1218 663
2 188 996
2 545 1106
2 344 850
2 996 275
2 1201 850
