5000 4
5 2901 4565 4670 1865 2976
4 4704 4546 3078 3306
5 101 3723 3328 4640 4562
2 2738 438
5 2084 1397 3468 1414 4201
2 239 761
3 1149 2590 4799
4 1150 703 4632 4968
2 3118 3482
2 4861 4239
5 644 4500 3009 2798 1757
2 1122 1479
4 4520 164 100 1903
4 2297 1881 3919 4156
2 4487 2645
4 1216 2519 1042 2058
5 3654 2261 1764 4304 2783
4 2470 4113 713 4707
4 4958 2913 1250 4071
5 1420 3459 2023 4387 2845
6 387 2688 4726 1687 2984 2784
4 1059 933 777 3601
7 3142 3551 4491 82 165 1454 2653
3 3154 947 3193
3 3799 2915 3739
3 4909 1569 4083
3 2996 4511 3650
2 4524 3221
4 2576 4571 737 50
4 3270 3718 2972 270
1 2404
1 1227
6 1422 1728 2358 3265 1861 3931
3 1854 610 4224
4 1626 3658 370 4459
3 64 4111 2204
2 4490 1858
5 4974 3856 2905 3248 3277
11 2290 4929 4545 4971 136 3531 2364 4013 2526 4007 2087
5 2145 3566 545 4127 4050
1 2625
2 940 1159
3 3480 2824 2013
3 2668 4444 4160
5 507 418 3482 1475 291
3 2843 3451 2535
4 4297 421 4237 1644
2 2918 716
4 894 2814 1936 4972
2 4042 4093
3 3097 28 3816
4 4107 1954 3929 1408
3 4878 2280 475
2 4120 3499
3 3729 1122 1444
2 690 4738
5 3036 1065 1182 3022 3098
5 2799 1779 860 2705 1339
4 689 944 3465 4731
3 4908 3231 1585
6 4165 2633 4987 3634 216 1883
4 2603 1492 1296 1712
1 4142
3 3896 2709 231
6 35 4111 809 1937 2960 106
6 4235 1041 1750 2174 3362 3503
2 3095 3764
1 4365
1 4756
2 4813 3256
6 1509 3484 949 1959 1115 3060
5 235 203 4480 104 1590
3 4124 2246 4110
5 4575 2232 4918 1097 2075
6 576 2157 3355 824 4429 822
4 4756 4076 2813 357
4 4428 321 3316 2073
3 1476 1787 3329
1 1322
2 2662 1460
3 248 4995 4673
3 1685 3294 2110
4 4511 4935 22 843
5 4750 142 1303 4439 4826
4 2242 3414 790 1394
3 3499 920 2837
2 163 2869
4 530 2817 564 3914
5 583 4367 2937 973 2175
2 1748 1325
3 1432 736 3247
2 4207 4705
3 3966 2192 2890
3 1384 2094 4370
6 1040 4905 4329 4868 3120 796
3 1976 2073 4113
3 2345 976 1816
2 1562 4766
3 2681 684 2785
3 725 679 2285
4 3525 4660 12 3357
4 3920 868 2 1762
1 4837
7 4713 1025 2830 4102 104 3541 3427
4 71 4228 103 4203
1 3165
2 64 546
3 4460 4770 4980
4 113 3632 2683 3093
3 2511 1719 943
2 333 3220
1 4518
5 4711 1536 4269 4123 1930
4 3632 108 1810 1953
3 271 216 2912
6 234 163 3157 3167 4869 4694
4 1605 354 2445 4466
3 3943 2705 4134
4 2959 4490 1162 489
3 918 3038 4105
2 1438 2377
6 3538 4610 1267 3892 2236 1834
3 442 445 229
3 253 520 1678
2 4915 2697
2 4827 744
2 1245 3692
4 168 2069 1292 2427
4 3662 2464 2412 3313
2 4864 169
5 1809 947 587 4148 2239
1 1965
2 2556 3119
6 4648 334 2028 4125 272 4701
7 1758 282 2594 3648 3794 4723 344
2 871 4271
6 1082 2203 38 403 518 1162
2 4838 2713
3 3985 1141 1427
1 958
5 4427 3095 1546 711 446
4 2088 4584 283 4016
5 3754 874 4604 83 4613
2 735 1165
3 4214 4304 3010
2 619 4242
10 1984 1749 3805 426 4261 2470 368 2506 3275 1886
4 3990 4017 330 384
4 2245 2429 4068 1978
3 2672 1856 2235
2 393 798
5 1137 1027 2273 4461 4293
1 2302
3 4704 1751 4654
1 311
2 2533 827
5 607 1915 3803 3948 1424
6 2105 2137 239 3539 4542 4212
7 1605 1925 1867 2988 3704 2654 1451
4 2756 3671 3258 4153
3 539 3098 2385
6 3608 3267 4590 4851 817 4869
3 551 250 4467
9 115 234 4522 1047 4708 3953 86 1053 552
1 12
4 22 1857 4593 4471
6 2159 3119 2320 941 1661 2978
2 3875 2490
6 127 2069 4350 2399 3607 289
3 2686 2120 129
5 1225 1521 3300 2551 1555
7 3524 211 555 2067 3496 1942 2112
5 865 690 2535 3933 605
4 4112 588 4515 3530
2 3177 1600
1 3058
3 3724 4417 1619
4 1208 3779 2015 1089
4 2049 3637 3652 3528
2 3613 4791
5 4334 4632 1195 2005 4253
2 1714 3076
2 1798 4039
2 259 4727
3 1604 1039 4933
2 1728 3453
4 3164 628 4521 2730
7 1596 3340 4472 2441 3531 3053 1210
8 2254 2702 673 1234 3504 2846 4707 1280
4 2842 1951 3800 1926
4 3652 2685 1782 246
1 2127
5 2152 903 338 3149 1160
1 2000
5 1430 2442 2215 1792 4955
6 1991 2210 4228 1386 2418 4245
3 4251 1269 2483
2 2210 2382
3 3231 4679 316
2 2619 2191
5 2931 2738 1951 3137 4180
3 292 4230 2266
1 3977
9 71 235 4570 3608 2937 1518 4600 4447 1674
1 2951
1 2836
6 3652 3842 1218 2302 3502 3251
2 4947 2229
2 1069 674
1 1537
5 3037 2878 1852 1195 3123
4 171 3524 4002 4491
5 2932 2395 2180 3293 3110
4 3527 4803 1918 3597
1 3663
2 4428 994
5 60 4632 1178 114 791
3 1444 4990 4621
3 3116 1186 484
3 912 1959 4791
7 4904 4351 365 3745 4263 4972 2902
3 871 3003 679
6 4830 1801 3779 4728 3010 2660
3 3323 1254 2231
2 1560 2297
4 2877 4966 3991 2541
5 1277 3950 1721 374 4867
5 2097 3214 2424 2839 439
7 3613 436 1445 4177 2259 1671 1967
4 4974 1672 122 3064
1 2529
2 4666 63
4 2889 4763 2689 2324
1 1416
6 115 163 1981 2179 427 1006
5 71 203 2900 3500 3168
2 321 3251
4 3657 774 4025 240
7 4354 1722 2790 2412 2870 2651 3695
5 2261 157 4438 5 1845
3 3488 3441 237
3 665 471 3849
3 1126 2811 4945
6 2077 4452 4792 734 823 1918
1 4922
3 3298 2940 1232
3 3737 190 3845
2 1588 3886
4 1873 723 923 80
1 4993
3 367 162 1716
4 778 3232 3912 4355
2 1359 1785
4 1464 2280 1916 123
3 1984 780 416
1 4082
3 3850 1149 2840
3 3016 3989 1587
1 3217
2 4541 183
3 2796 1082 4412
2 1852 3705
1 824
3 4938 3721 2043
1 2106
3 2951 988 2757
2 435 4117
2 4954 446
4 697 3532 502 1050
2 3444 573
2 2220 29
6 3055 813 537 2466 284 114
2 133 4574
2 1769 3110
4 2773 4108 1166 4855
1 297
2 1790 2310
2 1545 2845
4 999 1290 3332 2126
3 368 691 4031
5 1749 3943 1170 2325 2101
3 3079 1447 4973
7 134 1758 2486 524 4728 2019 4601
3 3927 4778 141
3 1850 1202 271
3 2381 2114 2850
6 4990 2751 2162 921 2121 2596
1 1324
2 1565 1233
3 4248 168 2525
3 3623 4832 4781
4 4490 550 44 4389
3 3917 201 1177
3 1024 4869 1752
4 2492 2655 4425 3375
6 3455 2031 4840 4315 4742 3822
4 4082 800 1745 1459
7 4703 387 4679 3917 275 3420 3311
3 2680 452 1778
1 1481
1 4769
1 4927
1 4645
3 542 3665 4470
3 2223 1944 839
5 3485 2094 4979 1628 1894
3 4835 3376 1220
3 3478 1995 4775
2 3605 4563
3 4011 2765 4926
2 4777 1975
3 1063 2505 154
6 864 3108 4032 2262 4913 1341
3 527 2438 4099
5 4337 2749 1853 1938 2398
4 1109 4608 4775 2626
6 1778 1901 3518 3428 198 2772
3 2263 853 3981
4 957 2035 2480 3412
3 4700 910 4656
5 335 3925 3030 3245 1488
6 3187 3832 2289 1951 76 236
5 2109 912 3316 913 4130
1 4980
4 4212 4977 4716 3826
4 4722 3851 2251 671
2 3589 4071
5 3984 1877 2375 871 3098
3 4419 3037 2680
4 4419 3887 2474 996
3 4086 4294 147
2 1277 4795
5 2274 971 1444 2754 4307
5 2486 1772 4131 110 2735
5 4893 2263 2250 133 4124
4 320 3925 1612 341
2 1756 1322
4 3295 3320 4491 4359
5 4578 4505 1723 192 519
2 3204 4885
3 2307 3724 1227
2 2578 335
3 3082 4252 1179
4 3569 1747 2050 1699
3 134 1772 1170
3 3601 3859 3518
3 4528 385 701
4 3865 2963 611 1009
3 1020 1680 4881
5 4637 3175 2705 2164 1823
3 4887 3111 517
2 1207 863
6 685 1996 2945 3039 1245 2570
3 1044 3685 4845
2 116 2478
7 2496 1580 4074 4676 3564 1457 760
1 3935
1 75
2 4242 2276
4 1788 3020 4462 4663
1 1343
3 1243 4510 3511
4 4959 1973 1693 3054
3 2862 3410 707
4 2213 3870 405 3505
4 220 685 3387 4255
4 4644 4437 1024 1042
5 3377 1628 1389 250 2728
5 1243 3226 146 279 974
3 1409 3733 3087
2 34 2804
2 2838 2664
2 3650 2414
1 394
3 226 1630 1926
2 2453 2780
6 3115 4322 4117 2994 835 3204
3 1082 4834 2833
2 1812 744
1 3691
8 3858 870 609 3710 3646 2628 2062 2967
1 1044
1 3466
2 399 3227
5 4340 147 1081 1169 3396
6 1262 4002 2359 346 3505 4063
1 1965
5 297 4703 20 2279 976
1 1462
1 1107
1 2303
6 1455 4170 4176 3357 2427 1320
5 4702 1749 1619 3535 4606
6 4045 4977 4524 1246 4217 150
5 4069 3637 1478 373 3329
4 3232 1543 4166 817
4 1797 3346 1443 3942
4 4871 1893 2818 520
4 548 4579 3922 2076
5 475 2873 383 726 464
4 4147 4352 4322 3945
4 2047 924 1084 4057
3 4227 742 4878
7 486 851 136 3436 4912 4010 763
3 2739 3923 4229
5 364 3662 3121 721 3709
2 3422 1034
4 2030 1559 2630 2302
3 3895 2741 1748
3 1285 3818 2761
3 3873 2355 948
3 1352 4864 4381
5 4207 3617 4975 2514 1102
4 1686 4556 2728 3564
2 4946 2232
3 3648 3854 4895
2 254 3584
1 1893
5 3759 1029 44 4691 4432
1 3101
2 1179 2158
6 4297 46 4544 2114 3918 1738
2 4647 2294
3 4849 3273 3740
6 3150 691 1714 537 4348 3627
4 661 2561 859 3424
3 4735 146 4602
2 234 1902
3 826 1458 1073
2 1748 4789
4 4097 4085 2072 2120
6 4858 1976 4533 2115 1134 3958
6 4954 1443 2707 2017 4440 4643
5 4703 3501 3360 4263 1145
5 1036 3446 3640 550 2709
5 4189 266 3312 2497 2082
7 3392 1543 228 4476 3721 2227 3838
5 3535 2194 2107 4028 4119
3 3 686 2884
3 227 3622 4891
3 1759 3187 4885
3 2951 4132 1199
5 3108 1410 3686 3122 122
4 684 3865 544 3318
4 2510 3238 1839 3994
5 4763 2090 2832 4296 122
3 267 140 4370
1 2477
2 936 3257
4 2657 3966 4533 3932
1 4870
3 4547 4832 1806
4 3151 3668 3141 298
6 1511 2446 1950 2321 1808 2860
4 1919 3958 3493 4209
2 2320 3818
5 3011 4811 3423 686 1661
3 2030 1772 4488
2 3809 2757
1 2473
2 4196 3007
3 3146 3615 1111
3 3578 936 2989
3 1841 561 2936
2 399 4505
4 2057 4516 1058 4898
4 1011 3732 4214 2051
3 3353 3699 1470
2 1133 3207
5 1751 1697 1642 657 1329
1 4526
4 2316 4014 4866 241
4 2910 2224 959 737
8 673 3090 4316 2282 3996 1955 2374 2673
7 2340 1133 2280 4524 1490 3362 2191
7 1551 3210 1915 399 2765 52 3345
2 3367 2932
3 851 1131 764
1 1316
4 4584 4551 553 2566
4 731 3903 2332 2989
4 2438 2375 4214 1226
3 3452 3207 3922
6 3468 2242 511 2991 2035 4018
3 4946 1574 218
3 2707 4431 3913
8 4267 880 3019 2829 403 2641 2667 1433
2 4458 3981
3 2254 1444 1654
1 118
2 1543 4515
6 2611 1479 4716 4842 4615 1116
3 2524 3913 2089
6 846 3920 1735 854 3443 538
3 2458 4974 3703
2 1746 3343
2 790 3390
4 1357 3088 2194 2806
2 4882 3626
4 3867 1557 2775 2101
1 3671
1 4868
4 2843 3285 4938 268
2 4059 2147
2 552 4336
2 1842 1236
3 3479 4502 4228
6 3731 3121 44 2023 4338 4662
2 951 653
4 3652 4450 4221 2860
2 820 2590
4 3633 4893 483 3899
1 4662
2 3227 4224
2 1259 2774
4 4761 528 3477 2683
1 4042
5 2315 4680 4103 3169 350
7 4505 4966 136 4485 4820 2949 3638
2 1169 338
3 397 123 4370
3 1112 4923 1861
2 1289 2527
1 3255
8 282 3631 2937 3947 2671 4640 2299 567
3 3402 2254 4175
3 1335 3900 961
6 4977 3966 2446 3347 313 1819
7 515 4761 2855 3051 2256 739 1875
6 4915 3391 1750 4020 1774 1258
3 2941 87 1489
4 4948 3004 2548 1604
1 1596
4 4902 827 2424 2490
2 3081 3576
3 2074 4920 3288
2 1810 1528
5 424 271 2512 4328 3131
3 3029 493 2572
5 3366 1910 2280 3086 160
3 2681 3384 4834
3 1333 575 4680
5 595 3812 3557 303 2539
2 1795 4995
4 1890 443 3927 1953
3 3693 39 4025
4 731 4624 3882 106
3 1445 4947 2593
5 3072 1028 398 2164 2892
2 2756 881
2 434 291
7 3154 1979 2592 3651 972 162 4794
4 163 3986 3102 504
2 4956 479
6 1729 3965 1576 951 1418 746
6 171 1979 2091 4305 3395 2522
2 3569 2216
3 4589 2052 3994
3 2063 3071 687
5 3323 2586 1919 2107 4291
2 659 4119
3 4854 2782 463
1 2993
3 3183 4525 1614
3 87 2101 3951
2 1556 3382
6 2119 2702 2217 3967 4770 3404
3 4022 524 3497
5 3037 1356 4978 4069 3174
2 1509 4665
6 2387 1343 2646 1712 4882 1990
2 4791 2712
4 792 640 3146 2827
2 3004 269
3 1997 863 1153
3 1333 541 4926
6 74 2157 3535 4534 2608 1489
3 2485 2723 2487
1 1985
6 1188 4755 2727 3820 979 3826
7 2124 1987 1091 3422 1539 2942 649
5 3872 1601 4971 3076 2876
3 1357 4861 4126
4 4265 4879 88 2836
4 2650 3573 4966 4027
2 1530 3499
3 2050 2838 2731
5 4356 130 659 2156 3813
4 740 1372 173 3916
3 1697 4690 4635
3 3584 1108 4064
2 2946 1156
6 2508 733 4302 1608 2374 3714
3 3170 2859 3676
5 3790 1249 1876 4855 4514
4 3693 3298 542 1279
3 2567 1589 4812
4 2726 4142 4108 2500
4 2301 4651 3193 4912
4 3259 1890 4341 3002
5 4410 4120 860 3231 1488
5 1415 4988 909 633 3237
3 3946 1513 607
4 3105 4692 3214 3679
1 4298
4 172 893 1248 1489
6 2965 2773 3499 1184 3855 882
6 1075 3812 156 1186 2310 602
6 1573 4196 2078 3753 2695 1349
5 1565 802 380 2493 1211
5 1854 33 2969 751 1827
3 2764 2696 347
3 3731 2670 4014
4 3870 1314 3054 2763
5 4817 1213 2274 4848 2230
5 1857 3469 4227 4856 1007
2 4721 2374
1 1734
2 1996 2233
4 3228 3636 3181 145
2 3478 2063
3 4780 1796 916
3 2315 903 2287
3 1632 1250 3201
2 1003 879
2 3425 3895
3 3781 3724 4671
7 4956 4510 4947 4520 1307 3053 1145
4 3164 186 2196 2666
1 2079
2 2641 3716
4 2649 4730 3884 2515
3 3665 2647 769
2 601 3962
1 3134
3 4445 2954 4076
3 1415 4740 2572
6 4596 753 3874 1637 1425 1399
3 1619 3598 1125
2 1597 3611
3 1436 572 1954
2 1097 3938
2 950 4745
4 2404 2098 4716 3166
6 4500 10 4746 2591 2577 2894
1 880
5 1706 3109 4065 4660 1015
3 1577 676 1607
3 2897 2687 4077
1 580
4 2077 4211 4857 852
2 1374 3801
4 2877 856 820 1904
5 4314 4891 508 784 1692
8 3671 1665 1645 677 3701 2279 4392 3046
3 2750 4045 682
4 2689 4631 2259 910
3 469 4010 3271
2 691 3513
7 3935 4117 3535 4989 587 560 3444
6 2524 2871 872 1657 4040 2677
2 4877 425
1 1132
2 4410 4873
3 3214 2113 3767
5 1389 967 724 1964 241
2 2924 2136
3 2467 3997 1169
4 3090 2553 2769 2051
4 2267 1840 1040 4542
3 2441 4192 1474
1 325
2 2560 809
6 3455 3894 188 473 2294 1364
5 975 2211 1224 3956 208
2 4972 2575
4 647 1577 2686 1813
4 654 4061 2199 1581
2 2416 4518
5 99 725 221 2884 2916
3 2305 1029 4470
3 4748 3805 4119
2 3782 655
3 708 4617 1927
9 1214 4132 443 3057 98 3282 3219 1332 2249
3 352 1996 365
4 456 854 3463 438
2 4576 558
1 2988
5 3356 1469 3388 58 1999
6 4569 3626 3530 172 55 959
7 3150 424 3983 279 2956 658 3275
5 3446 2842 2751 1849 3748
4 1066 2200 4709 2169
4 3861 2394 1746 842
5 4945 2559 3686 2033 3707
4 4226 3637 1607 2887
4 3796 2685 2450 268
3 4458 3721 3627
3 2760 2732 1887
4 1973 1733 3199 4989
4 1766 2111 971 346
3 3504 1563 2422
6 1842 3840 792 3866 4386 7
5 4257 865 2158 2040 4594
6 1191 3698 3974 2612 2641 1522
5 3071 2788 4112 1304 2745
3 363 1324 3071
4 901 965 1277 683
3 4864 4517 1436
4 3227 1880 2395 2734
5 140 4570 1794 1338 1529
1 1561
3 4878 17 1892
3 4313 3634 3153
4 3659 3452 2605 1776
2 2918 47
2 823 3437
2 4480 1248
3 2390 4342 2381
6 3730 1562 1174 4555 997 4201
4 405 1312 4582 1199
3 4273 4438 2857
3 248 1873 2538
6 860 665 2571 1968 1407 2188
2 99 679
3 2418 3017 399
1 3422
1 2304
3 2478 1431 1944
2 4633 1369
4 2760 4378 480 546
2 2008 4364
5 2508 592 2520 4882 1099
3 243 3212 3446
4 4584 1233 143 4379
4 2708 4595 3650 90
2 28 472
3 4251 3036 1394
5 3265 528 3231 3390 1138
6 588 1372 2026 4613 3624 1094
3 3891 3795 767
3 4862 3284 402
5 2478 4630 3276 4325 1674
5 378 2565 1470 125 2378
2 4354 2250
3 554 3738 2546
4 2460 4472 1360 3751
2 4846 3376
1 1485
3 2790 1190 4099
4 610 2074 2188 838
2 3594 2097
4 4596 637 3145 1613
10 4089 1970 3140 1380 4964 3215 3560 1168 1116 2415
2 3178 4129
2 1759 3601
4 1106 1251 1975 2644
4 3711 1957 2373 4765
4 3240 4683 4927 2856
1 355
4 1985 2957 4475 5
3 4474 3605 1340
4 4405 4516 403 2835
5 1814 477 4756 2239 4160
7 3216 3431 2809 4036 3486 814 3673
3 1857 2322 2601
5 4853 741 3795 4465 4154
6 2397 1465 1233 3041 1265 3726
3 2893 632 4423
2 864 3957
3 2512 2074 1997
4 4357 1933 4123 2147
3 2317 2419 1644
5 4859 2896 2236 237 1878
7 2726 3130 2016 4520 4878 1660 2545
1 2132
4 3731 4043 21 1068
3 1754 1016 251
3 1592 3586 2458
5 4117 254 3214 3250 2608
5 4316 4162 4802 1118 1669
3 3883 1231 1619
2 3613 861
3 653 1806 4410
7 3689 4915 2447 2521 3668 4872 1917
3 1025 1990 3059
2 975 2309
3 2822 1040 3291
1 1569
5 1114 2604 2721 84 496
2 4413 216
7 1207 1553 2829 572 703 941 2063
3 4369 2877 2453
4 2345 3040 3948 2507
5 1929 1829 4230 4153 4179
2 3829 94
3 1186 1707 2737
6 4314 3351 2476 4403 150 2054
4 3540 4098 4994 2613
4 3781 1241 4087 296
6 2103 1001 2821 4304 1342 939
9 2492 2475 609 4247 1927 4887 1715 1653 2378
2 2980 4304
5 4133 4014 1432 4547 3937
1 2057
3 2157 4818 3572
5 2223 4292 1197 2251 3379
5 3011 3644 3037 2334 3639
10 2489 64 1561 3943 4475 3593 672 2382 4007 4451
1 4990
3 941 4385 1328
2 4933 2703
5 1829 3113 2159 271 4466
3 1521 765 4756
3 3944 2520 882
3 2462 1891 1211
3 161 3093 395
2 4538 2055
3 2002 3108 3616
4 1014 652 1363 510
5 897 3323 3160 3007 997
2 3765 74
4 243 1850 4411 717
5 1413 74 4285 1477 262
3 3391 4552 1253
4 428 1458 3569 3511
5 4902 533 955 3959 155
4 1218 3873 4668 3591
2 3752 2139
3 1008 4006 2733
1 859
1 1882
4 1200 3653 3180 4496
5 2694 1352 3608 1793 2565
2 376 2556
3 3663 3305 2319
5 2710 4650 1171 2990 4549
2 751 883
2 304 2252
1 3659
4 2248 1741 4335 1643
3 694 2033 4767
2 3045 82
1 4365
3 3874 3724 1984
3 4045 2489 493
8 3717 3764 2454 4335 1167 940 1826 4951
2 2535 4797
3 2555 4349 4982
4 3111 3688 1867 1030
4 477 1131 403 1669
1 650
3 4776 4896 317
4 2932 2866 493 686
7 3810 1769 2939 4800 4158 3845 4561
5 1400 2499 652 3831 3086
2 4817 1510
2 4109 2267
4 1828 425 4384 831
6 57 600 2442 724 2122 2797
2 783 4383
3 4991 3202 3753
6 1997 574 1783 351 1070 2870
6 3255 3126 312 4361 770 1158
7 4104 1076 2336 2397 3686 172 704
3 3905 3715 2442
5 1458 2245 4865 3755 2377
3 4769 101 4254
1 3443
3 3858 380 909
3 327 221 135
3 4590 3362 660
2 1641 2563
3 3754 142 2397
3 4309 2761 2949
3 3200 4986 1879
2 2661 3017
2 1273 3277
8 1790 1833 2303 1078 2283 1347 3166 624
4 4267 486 4327 645
2 549 2099
3 815 4614 606
6 4086 1337 2433 1417 838 3401
1 2420
4 3047 2883 1941 1403
5 2822 4448 2214 3060 2618
3 1476 2793 2129
4 2338 4993 1907 2371
2 4472 2873
1 1370
2 2084 1913
5 2039 4618 1630 3292 3345
4 3941 1798 605 2693
7 4853 2166 2452 1572 2404 3008 48
2 2569 4677
2 1760 1834
3 2086 821 2196
7 3644 3253 992 2503 1206 2864 3288
3 2717 2457 4988
9 2672 4962 3003 1196 3949 3224 4441 3585 3205
5 2473 2654 708 3657 1117
2 2395 4300
4 4373 622 192 2774
1 939
2 3133 2890
1 3326
7 3189 3049 4537 1691 3068 1598 4507
3 3894 2395 3501
3 601 870 3701
4 656 2276 2742 319
4 2886 4369 4585 1871
5 2732 2592 322 219 1584
2 322 4372
4 2182 1904 4008 3188
2 2059 1107
2 2566 621
2 2858 1855
4 3786 1120 119 4105
3 2219 4913 4823
4 1281 3177 1250 85
3 3680 286 3350
1 3596
3 4709 248 1367
3 401 3373 2435
2 1929 2997
4 1002 4144 3589 4822
2 4872 2556
3 4316 2809 1234
1 3640
3 2403 2315 1206
1 2621
2 1673 2643
7 21 1059 4440 4526 1922 1241 1632
3 4150 3338 3140
2 4032 2031
5 2683 1285 4054 462 448
2 1246 2651
5 1856 4645 1043 2153 2963
3 1471 801 904
5 1257 847 3424 41 4712
4 792 166 4836 811
2 3227 4449
3 2976 109 3330
1 58
1 972
1 2205
4 1809 130 23 4300
3 2335 2626 410
5 1893 3670 70 2766 4161
4 3317 2197 642 1243
4 554 2681 1172 508
3 2091 1045 4007
2 2619 3691
3 966 3914 4361
2 827 3490
3 1849 1561 2780
3 1906 318 2171
2 2192 139
3 472 690 2779
2 2207 4126
3 526 3220 3255
1 2144
2 1824 3679
1 1139
3 708 2400 4267
4 4860 1465 3213 954
4 1389 665 2505 4976
4 2790 2162 1793 2082
3 3202 3951 1969
2 3843 4496
3 701 332 1913
4 551 2384 3835 945
3 88 2695 4825
4 368 4411 4373 3758
5 1397 3011 674 1930 787
3 387 96 3731
3 1423 1261 3003
4 4346 2498 3543 4868
4 1614 579 1291 4121
1 2008
5 4920 2718 1358 1369 3506
3 2045 4763 2216
3 3831 4649 2209
1 4834
3 2260 2303 4591
1 2122
2 4184 2044
2 265 2357
4 3857 2813 1327 4850
3 1004 2829 2339
3 4761 3248 4870
3 898 2340 2717
2 4704 2513
7 4428 215 3440 3160 4652 2954 4349
4 3654 1755 3924 3237
3 3818 4049 329
4 4203 720 821 3099
1 3678
3 1748 278 4968
4 2686 4595 1501 1255
4 801 2103 1767 2481
6 4435 1189 4229 926 3334 2753
4 2939 2409 1554 624
4 4108 1035 990 3307
2 4464 2286
1 234
2 2157 615
4 1593 4634 4566 830
1 347
3 1254 2149 1547
4 466 3732 3407 3398
3 1646 2116 3668
2 3496 4924
7 3889 2140 3974 820 1748 3051 4767
3 2642 646 1620
4 2524 4538 778 2863
4 4518 2090 1043 3586
1 3404
1 3766
4 348 1680 1439 1033
4 3975 2667 3912 1229
4 1041 3859 1445 2104
3 2583 3699 2420
5 366 4962 3799 1883 293
6 4713 103 4901 3701 3248 786
1 4616
4 1137 151 3263 1948
5 548 3072 2217 4146 2687
3 418 3759 680
4 1263 3364 850 3578
2 3038 3821
5 1594 3384 3542 4543 2802
4 1020 2185 4721 2763
6 2535 1392 1248 406 1516 1620
5 4108 1004 3526 3924 3517
5 434 3446 1914 2559 1720
4 1995 1078 2897 1592
3 1646 4658 1603
4 3238 3613 2921 184
5 669 1336 1245 94 788
4 4235 65 1022 2154
3 15 3548 366
3 3798 938 1017
7 4726 4709 2619 4558 381 4538 353
4 2957 4962 1443 952
1 4897
3 163 2940 2908
3 2123 2344 4511
1 3899
3 3641 4866 268
1 2455
1 1307
4 2975 163 4053 1098
2 1396 3342
6 4352 2274 4579 4109 2411 4077
3 3594 4085 1327
2 3818 2210
5 1774 1596 2198 3639 465
5 21 933 1576 3611 1184
4 2662 2345 1063 1507
3 4322 2748 3392
2 3479 3902
5 1405 1600 311 2337 1060
2 4603 3969
4 3835 3622 3649 56
6 1412 4744 693 2260 2003 3197
2 3512 1499
3 3561 777 4762
5 1276 3079 2170 2177 208
2 863 1993
3 4681 3596 1503
3 2414 4958 2118
3 3072 428 1710
1 3112
4 607 3812 4802 1838
3 4104 865 3394
3 4177 4214 2351
5 879 4617 4958 1037 1478
2 1528 2712
3 4824 1678 2961
2 4351 384
7 377 4834 1899 1196 2407 136 260
4 3039 2521 4231 1878
3 1270 401 4350
1 3387
4 3284 2220 4450 2926
2 2300 1775
2 3889 3942
1 177
5 4067 3004 3557 3125 2480
3 580 3925 4236
5 3400 2569 4523 4872 4080
2 2223 3567
2 740 4173
4 2848 2655 2796 2970
2 3634 2616
4 73 1614 2680 641
3 3334 3895 1053
1 733
1 1383
4 4055 2712 4929 4216
1 412
4 1747 4194 2432 2354
2 3903 3472
3 4869 1211 1298
2 3791 757
6 3464 2697 1286 2754 915 389
3 590 1161 3473
4 4962 1187 3628 315
4 4340 1335 1691 2602
7 2658 3532 3786 3101 1419 1644 461
4 2794 1188 521 4698
3 3252 3534 1606
3 1395 790 4414
3 70 2802 1252
2 754 491
2 901 3428
4 781 1893 4384 4963
3 3604 1958 2534
4 3786 918 3290 1775
5 3818 1916 1572 4813 1381
3 54 3729 11
4 1495 1200 3934 4148
1 3624
6 1749 2848 1346 2291 4989 638
4 242 2811 4568 3691
3 4006 3987 2545
3 3668 2837 2426
5 3457 2280 1231 4542 2720
3 1537 4051 3234
4 477 851 3523 4967
3 2027 1574 662
4 2340 474 468 4457
3 1881 431 1832
3 3353 3845 2270
3 3942 3800 2125
4 1027 151 1289 3048
1 739
4 3058 3087 964 4413
3 2736 4687 1690
3 2970 1424 138
3 2721 3375 1272
1 4165
7 4832 2346 3408 4741 3761 1888 3682
2 627 433
2 4604 3643
3 2562 4002 2772
1 4191
4 6 2590 256 4655
4 2858 3936 7 2367
3 2581 1799 1545
2 1599 2752
3 574 1241 1941
3 4238 1459 3052
2 1801 4711
4 3622 3008 3669 591
2 3929 1462
1 864
2 4666 41
1 192
5 1724 2029 1108 1402 2971
3 4980 118 136
5 2569 2084 2370 2035 4276
2 4282 1842
8 3553 4138 143 4928 1682 1657 4758 3203
2 274 2164
3 1914 847 2282
3 4776 754 2036
4 2124 384 667 519
3 280 344 1610
4 3550 837 4624 3750
4 951 2044 3472 4254
6 2467 1976 4427 3497 1817 2819
3 4817 1812 720
4 1509 3353 1359 3185
4 3621 3458 1360 1542
5 3756 292 1640 1516 3677
3 2388 3184 216
4 3963 4216 342 420
1 4902
3 4831 3395 4602
1 56
2 2907 3498
4 1059 606 2503 4216
3 1724 2043 1897
5 607 2442 797 3497 218
4 4299 1821 1109 1308
3 2794 1112 579
5 4435 1002 3003 2240 1993
6 750 2790 4092 3448 1904 3385
5 705 3698 2541 2653 3028
3 1825 4247 1580
1 4593
1 3347
4 180 210 2501 3267
3 900 1082 2871
7 2637 2973 807 2003 4454 4154 3697
3 1853 4155 3836
5 4076 721 3507 2621 441
5 833 3653 2025 1123 4100
5 3128 4445 3033 4517 2178
2 4468 284
2 3825 1684
6 2090 1914 3393 2729 2096 1228
3 4265 3334 4156
2 898 930
7 792 1553 351 4526 3043 4477 2553
7 2095 2369 4056 177 4550 2237 3110
2 2624 3957
1 187
3 816 609 1105
2 4747 1731
6 1435 3736 1447 614 4277 2967
7 684 4132 2194 4656 2260 2595 2920
3 1464 3390 4266
5 1456 4828 1415 15 4782
3 4216 2271 2380
5 1966 206 1836 828 1375
1 4920
4 306 2488 1541 2192
4 4585 3428 3748 4997
7 2049 1966 4821 1889 1771 2729 2719
2 3257 2887
2 674 4023
4 170 1521 1360 1359
3 1395 481 4195
6 2326 2247 3921 340 31 2085
1 1204
2 1021 4343
2 2918 4154
4 3883 782 1129 3001
1 245
6 2769 2555 288 735 3413 768
3 188 928 1954
3 1895 2043 1482
3 505 3526 3572
4 1767 1283 4441 3800
1 4013
2 2482 4966
3 4082 4734 2806
4 2583 933 800 1153
2 2308 2727
5 950 2598 368 3416 361
4 2123 1261 1585 3363
6 3216 352 1040 126 4953 4937
4 393 937 2209 3067
2 2668 1991
5 1034 718 4396 605 4635
4 3790 594 3523 2366
3 920 18 623
3 3658 3018 757
3 1115 2313 1604
4 825 1261 2065 4720
4 223 2089 2325 1010
2 1000 2881
1 2167
4 4994 3722 4526 940
1 529
4 4773 3478 1636 514
3 1907 2045 2333
5 977 1423 1253 2679 1244
5 2643 2951 3946 385 2786
6 2866 4906 1030 4058 2169 4467
7 1596 1353 2121 2083 4689 2597 2898
2 768 4242
5 3065 2684 3415 4259 2912
3 121 2528 2400
1 4780
3 196 4251 2699
6 2771 3550 3189 2972 2874 1084
4 4846 2889 1619 2002
5 2263 2924 1370 1142 4636
3 2518 2587 878
3 4460 1995 1624
3 3211 3755 1869
8 3079 1069 4023 3980 2440 2809 4508 2019
6 708 1695 2973 226 331 3344
3 4038 3950 3375
2 595 2465
3 188 3353 4121
5 920 3177 4536 2952 4141
4 4465 1587 1710 4287
6 1343 4801 3608 2365 1237 3250
1 4163
5 409 3818 4430 936 4762
4 1107 1492 2017 3042
5 1498 1864 3511 2509 4641
3 3986 2956 2640
4 1137 4337 3703 522
4 2485 2900 278 1739
4 2192 2885 1931 979
3 127 3432 3549
3 4982 2574 3887
2 1957 2489
2 3255 4806
5 3183 4226 61 3658 4021
2 3917 2356
2 2933 1105
3 2642 4164 4594
2 3456 2416
2 4631 4772
4 3915 3473 2560 2102
4 2025 3463 83 3112
5 4522 706 4056 2678 3280
4 2381 4426 4522 2727
1 4761
5 4065 627 4228 1052 3182
3 1187 2284 4344
3 2853 2567 1859
3 3989 3437 1563
3 3406 4779 4573
1 721
2 3248 4089
2 1558 613
2 3240 4191
4 3095 4835 3453 478
2 1527 4764
4 4557 3898 2121 1774
4 4721 3384 1351 3522
2 1564 391
2 4073 3266
7 2045 2780 2370 2961 336 1459 78
4 4208 3437 1393 3327
5 2416 3596 707 287 2104
7 2419 2384 3978 4308 2323 89 4588
3 4114 2009 3817
4 1733 989 1556 1056
2 811 3431
4 4680 469 1455 2015
2 4417 2956
1 1905
3 684 1931 3903
4 575 541 3262 3188
4 2241 2909 3078 4159
5 4340 1110 3977 526 3811
3 1742 2748 1040
2 4086 883
3 711 4417 2061
2 57 2372
3 2504 762 3873
3 3498 4650 312
1 801
5 2387 570 2847 1283 360
4 4462 4345 4438 3904
4 3179 2636 4065 3952
2 1125 2240
2 2830 879
1 1384
3 4404 2588 608
2 2086 3904
2 1319 4579
3 834 2694 411
5 1264 1596 3359 3702 3308
1 3619
1 2962
4 4014 568 2818 4913
4 497 3088 4796 582
4 981 2150 3104 3697
4 1225 252 2386 1175
7 1176 1225 747 4177 2531 2562 2923
3 2692 1600 4767
3 3757 2506 1945
5 4752 4818 3722 820 4551
2 673 3508
2 4930 3885
1 3582
2 923 1391
4 1525 4631 3614 2099
3 981 730 4174
4 1272 2535 2902 890
3 3482 4952 2917
3 740 588 2037
3 4770 2685 1789
4 2940 3266 3476 651
2 1218 3297
2 1577 3234
2 3507 2508
4 4457 2263 1445 2423
2 3769 3392
3 754 2046 4950
3 2211 1121 3241
3 2315 4153 4581
4 4526 1518 2880 1100
3 1548 93 1348
4 4030 2678 2467 4181
3 195 3746 2052
3 3559 2254 3196
2 2455 2510
6 665 967 3126 4443 367 4857
2 2679 1885
4 3537 4174 4047 1367
3 1034 2535 2840
4 1855 4416 1323 2434
3 738 84 3304
6 4577 4559 1114 3403 1226 3885
8 3821 4490 4383 1054 4891 3410 2573 1656
6 975 3011 4 3441 2158 2021
5 2459 4791 2432 4128 2012
3 2645 2698 637
3 2499 856 2287
2 3257 3114
3 2955 1161 3279
2 4977 885
2 4800 3024
5 4343 3494 3915 1063 1618
4 3096 3036 4199 1585
2 724 1756
3 3675 4941 51
6 3733 369 4142 3967 2855 4960
6 3108 442 3872 4533 4796 1499
4 4941 3798 4431 3433
2 1066 4744
6 2124 2780 3326 824 3158 4081
2 4 2472
4 1216 3328 601 636
6 2885 2206 1935 3439 3594 233
3 1536 883 2660
5 1617 554 2395 1676 4277
2 1111 4251
4 19 3459 3867 4487
2 4075 3080
2 32 1728
3 977 1261 4329
3 1141 3361 156
4 3780 1985 637 4047
3 2914 1526 3678
5 3091 4838 2944 2525 138
2 2822 2243
2 1933 2125
5 194 2442 4616 3310 4323
4 3770 1525 729 3872
4 804 4297 90 3200
3 486 4903 2056
3 2402 2270 3039
3 3736 1213 4294
5 3290 4605 640 709 4814
4 2751 2829 1950 3201
3 3246 2026 120
3 2384 1020 2331
8 1740 3683 4515 4958 3082 3997 2437 1903
2 2638 1806
1 4436
5 432 4954 396 1045 1526
4 488 54 332 217
7 1022 2425 228 4183 1378 2396 547
1 3019
7 1213 4133 4975 4400 281 3278 4916
1 2461
1 3840
3 1935 3815 4759
2 158 3385
4 1857 3161 4843 2183
1 3284
4 3941 22 2977 1459
5 4170 391 3057 2859 1329
7 2155 2665 4030 1216 4957 4425 4504
2 4158 355
3 826 428 867
4 1322 296 1454 1154
2 2662 79
3 2871 4379 2354
4 4901 2081 1157 388
1 4941
7 4523 4242 3358 253 4960 1215 3581
6 4860 966 3859 4670 768 4365
3 2780 2803 4172
3 1508 3434 3130
5 3399 2987 4285 2291 3085
4 689 3356 1622 3162
3 467 744 3964
5 1869 2484 4283 4918 939
1 3859
2 2903 3249
3 2885 670 3012
4 2119 44 4436 2410
5 3132 3058 3646 887 77
3 824 4903 2617
3 394 1078 4689
5 2611 491 1783 3359 11
1 3749
5 4746 3542 2655 299 2663
6 4436 1956 4476 3608 1235 2125
3 2800 3652 2767
3 2270 2443 3149
4 4647 1925 3990 749
1 2767
2 2243 4678
5 320 600 4830 1800 4863
3 576 530 605
5 2426 474 4680 3777 3570
1 4830
5 2603 61 2646 1286 2393
3 1563 3866 3595
1 2306
2 4320 1123
2 2680 2614
3 3097 2405 3714
4 1287 1864 3463 2953
3 1410 2508 1067
1 3121
5 2203 1615 3874 1000 1659
2 4190 2995
3 1071 1698 4493
7 3259 3340 3873 2855 4795 2838 1926
5 2005 4013 1893 2468 1808
3 3531 2858 2800
3 1060 2405 3819
4 4654 2645 1467 3225
6 70 3484 3578 1175 569 4484
5 4325 4361 3742 1792 857
4 2446 453 3539 1670
2 2625 3152
5 3128 4992 4985 3657 602
4 3250 3231 2308 2993
1 3319
3 1034 1177 4401
1 3122
3 3657 203 1383
5 2485 3853 4705 2519 1727
1 3555
4 1225 170 814 2703
1 705
3 2189 4854 3045
3 4780 1977 4778
6 3770 1431 1368 3721 1817 1868
5 1443 4871 2432 1426 4178
3 4778 1895 1317
6 2712 1079 1745 3607 4640 536
2 711 1716
5 4602 3445 585 2568 3827
3 2127 1740 1534
2 1919 3470
2 2448 4346
1 1531
1 3394
7 2446 2484 112 3586 3160 1417 4422
6 4651 3644 2399 4147 209 1130
3 2785 1747 3648
4 1677 580 2136 4039
2 2459 4742
3 2318 1220 4513
2 1176 4780
5 3392 436 2091 490 395
2 4932 1672
3 1151 3531 277
4 3228 140 4289 4641
1 1010
7 3364 4319 3590 3611 2791 1384 4573
2 2227 3305
3 3711 3548 2606
4 1806 3633 4089 475
3 4994 4189 4367
7 792 1207 2479 2081 3385 4451 3173
3 1908 1003 4576
2 170 1734
6 2180 3588 565 1327 4339 1948
4 2014 4754 499 4725
5 4592 3208 4791 4551 1314
5 1915 3316 407 4993 4955
4 1855 2861 2079 224
6 3680 3138 809 3351 956 712
4 3730 720 97 4212
5 4711 3913 1310 702 1493
2 3112 1320
5 1626 3405 609 288 4678
3 1984 3789 1964
1 3356
2 2506 2324
3 25 4909 789
1 4586
3 2208 4147 4021
3 894 1121 2592
6 608 4196 2862 4976 1900 4883
3 2027 1132 484
3 4615 3114 2538
5 4089 554 1059 2392 3964
6 647 676 2891 1376 2434 4955
1 2937
2 1935 3315
4 2496 355 1757 1192
2 1781 677
3 2027 2364 4409
2 3512 2972
4 912 4383 2872 3528
5 1406 1244 2725 2844 59
1 1770
8 2524 2885 2116 4107 3695 257 1282 2549
5 3876 2688 2340 3056 247
4 4829 4749 596 2396
3 3037 71 2759
5 1713 2386 3860 3016 3152
4 3556 1037 779 2133
5 2361 3555 2007 1008 2791
5 2586 2401 4362 1032 2923
3 2997 2714 1681
8 1264 1353 3355 187 2184 3377 1058 532
4 2856 3537 4504 639
3 4979 907 4565
3 4298 2197 1152
6 3891 3966 1063 1361 3687 174
6 2973 2049 2528 581 4397 2737
5 1747 2257 4764 4930 2961
9 3108 4596 1038 3607 4940 4371 1780 2255 4324
6 2140 531 4958 2553 184 1252
4 158 1925 2213 116
7 1113 3629 2078 3824 2728 2602 2919
3 647 4476 696
3 592 3079 3694
2 3448 1693
2 3472 1170
1 3035
3 3469 2232 335
3 753 4072 1789
6 563 4778 4299 1097 2170 979
4 2203 1501 3799 2591
3 2891 4636 2317
2 4683 1418
2 1405 2255
8 1925 392 782 638 3349 1271 2201 176
3 3598 1015 1034
2 4476 2575
5 1469 2456 4237 4485 4972
4 4310 2989 3330 3159
3 4744 1274 1828
3 2212 3544 3645
6 1565 3405 34 2789 4381 3227
3 3364 4142 2988
4 305 3179 367 2582
2 4328 1986
4 892 2025 4431 374
2 3652 3104
3 1751 933 623
2 2466 4403
2 2095 2513
1 4112
3 4852 3200 1259
4 3832 637 4534 4169
4 3818 2965 3395 2615
4 4974 3563 1904 4188
3 1177 2526 4206
6 4043 2801 2992 4824 873 3845
2 469 4946
2 841 4788
3 46 1111 773
5 654 2106 4625 3398 3769
5 4658 1038 4537 1012 2089
2 4841 2356
3 2226 3995 3156
2 3293 2121
2 3871 4396
3 2891 4421 1698
4 4023 3353 3290 4079
2 802 3693
3 488 4878 4711
2 3675 2898
1 1396
4 1165 660 2858 2967
2 4680 4224
2 1753 1501
3 2047 3532 775
3 2506 456 166
4 4139 2544 4629 3661
3 4590 1798 2442
5 4478 2017 3377 2376 4808
4 3671 654 2303 4444
3 3039 2094 3988
1 2769
4 2127 4192 4874 1732
4 851 4985 781 4581
2 3474 1511
5 4717 2097 228 4973 3397
4 2669 4665 1544 229
3 4798 4642 932
3 4000 743 203
8 4204 1726 4214 2281 2063 3345 2574 3302
3 1901 1418 2601
7 2780 4194 2383 3414 4672 1539 2302
7 1766 4954 2475 123 3412 4486 1080
4 4834 4354 4776 4529
5 1020 348 4526 2271 3282
2 1595 4995
1 1165
4 3129 2600 3379 4804
2 4617 1203
3 4979 81 2534
5 3678 3393 2190 413 4146
5 3649 20 4987 2075 2225
2 3590 4014
2 2106 2050
2 4234 1140
4 907 1110 2901 4914
2 3534 653
3 2419 362 1609
2 2304 4413
4 1810 2721 4117 1277
2 2646 3878
4 1751 469 3030 589
3 3431 1651 1503
2 343 4330
1 4481
5 4233 2351 2619 2399 4946
3 2612 3004 4863
1 3832
2 4097 3850
1 3990
5 2851 4473 4346 4421 646
6 4650 3089 3039 797 2214 2413
1 4879
3 4730 4345 2782
4 1073 3660 1282 2042
5 2252 3405 4922 4503 2028
3 570 61 2844
5 1807 4525 3162 4202 1591
4 424 1825 181 4364
3 802 2995 4285
5 1529 2198 250 4999 2644
1 2147
5 3515 2086 4777 2441 3292
2 2528 109
4 2794 4690 1036 1919
3 226 4465 4079
4 3795 3665 238 3263
3 338 2686 2213
5 1161 2029 1185 3823 2700
2 2943 4155
5 1675 4204 2477 3326 4718
3 4269 4020 1519
3 1422 32 185
3 3965 554 4359
3 1810 4204 2110
4 4722 1798 4774 1212
2 1668 4891
4 3189 700 3253 1327
3 2510 1555 617
1 493
2 3512 3546
2 4452 4626
3 3867 421 3246
2 3531 1290
4 1440 3683 2575 1531
5 2248 841 2217 2501 4988
3 2748 1336 3849
2 4489 2805
1 2886
3 1528 4354 296
4 3213 694 3017 495
5 1602 2257 1103 343 1538
8 4020 3795 1014 1872 999 89 429 408
6 392 4702 2358 146 1125 280
4 529 1869 65 2282
6 469 1697 2958 153 3704 1632
4 3360 2959 2039 293
5 4754 3614 1659 4620 2347
5 2477 778 3378 3062 2682
4 1907 1764 3087 995
5 1407 4162 336 3643 4876
3 1580 10 3287
5 134 282 2072 2115 4138
5 3231 3892 1777 756 440
4 1895 3871 1867 896
1 4518
2 3782 101
2 3269 2471
4 16 4869 4243 1755
2 4735 2804
3 701 2111 1678
6 1001 1956 1237 2255 1777 2149
2 3340 3206
4 855 3810 4821 273
6 4675 4000 4180 3269 1586 4291
2 3716 1222
6 457 2030 2945 3198 333 344
2 3819 4801
5 529 1318 3410 1058 2542
6 4346 1120 1087 3254 2298 2599
1 715
3 1759 4319 1767
4 1901 316 4046 298
4 2799 57 4144 2599
6 2172 1603 1847 4157 3628 3517
4 3072 2311 3634 1581
2 190 2641
4 1479 863 3560 3545
2 4011 1934
2 252 3327
3 4934 3701 3895
3 77 4844 3509
5 3020 359 3959 3787 2634
3 1373 4386 1613
4 879 1833 4022 276
3 4407 3092 4248
5 194 1510 1893 4402 3979
4 3128 834 4556 968
4 2466 2043 2328 711
7 2655 2232 2226 2171 3581 2792 543
2 2438 621
4 4763 2529 396 2511
5 4089 893 1731 182 1663
3 2461 3939 1151
3 4602 4885 1488
4 222 4830 4802 1155
3 4639 3337 3715
2 2421 2352
6 2823 2671 3804 2966 3552 4312
2 2241 4631
9 2714 4497 1551 3454 4918 1441 784 451 4145
3 2057 3018 1713
3 1505 453 3328
3 947 130 3526
8 3698 3340 113 1695 1730 4638 536 4143
2 3455 4069
6 4378 3713 3782 2988 1174 378
4 676 4530 4560 3470
3 3721 764 4583
3 4398 2415 4429
3 4990 3651 96
5 1173 3895 1525 3048 1885
1 1904
6 2046 527 3121 3001 2044 4241
1 2084
3 4454 4476 1187
1 3705
1 349
5 2488 3516 1856 2947 963
5 3163 1714 4434 3192 1192
2 847 3335
1 610
4 3624 2109 859 1624
5 1929 795 813 3859 3289
4 3947 4798 4393 2385
4 4289 4310 2204 3260
2 1134 4350
2 879 1790
3 896 121 2202
1 2227
1 1218
1 4589
3 2867 4830 1075
4 3962 2638 2304 444
3 2267 669 4367
7 3284 1943 4492 4931 463 4275 1905
7 3133 4873 2114 703 4193 505 1164
1 4994
2 2498 2165
3 239 4367 2734
2 3049 2622
4 1780 2530 2895 1947
4 3081 2027 3417 3570
3 692 956 4249
7 3544 4666 3856 3773 2718 823 284
3 4965 2715 3162
3 210 1924 261
4 314 1198 4587 2977
5 33 610 3163 3047 2881
8 2861 1560 3006 4481 917 2228 2281 1393
7 4645 938 1824 4411 2015 2343 149
9 3469 615 4227 766 2190 4653 165 1452 2347
2 36 2372
3 1309 4818 3557
1 4989
3 521 3145 32
4 2886 2260 4824 2469
1 2294
4 1287 1498 2859 4899
5 4104 0 2694 4281 3495
2 4830 3548
3 1760 158 850
3 1525 4752 3988
6 1471 2484 1750 3422 4825 1275
2 2321 4656
3 2860 2781 911
2 1748 2522
3 248 723 2040
4 4262 4059 2050 3351
3 2933 528 2564
2 594 2548
5 4006 3843 4535 327 2428
3 774 4868 1083
3 1933 4780 876
3 4351 2448 710
5 13 2297 2404 4345 1134
4 2404 2762 2517 832
5 60 1024 3216 1958 3837
1 2878
2 1390 1817
2 146 3036
1 699
1 1144
5 1222 3366 2829 3504 4655
5 2486 2224 3036 544 599
2 4824 816
3 2425 2833 713
9 4871 397 949 3143 1118 2648 1505 1792 417
3 2568 4957 305
6 1760 3871 1235 4187 1527 4392
3 3287 3804 3383
3 1185 4930 2161
2 3516 4499
6 4505 1082 4336 3230 2579 4889
2 1573 3528
8 1778 316 2310 4638 1676 4600 3365 2001
4 1932 427 3062 3139
3 1440 3342 12
7 3984 1190 652 1639 4389 914 1818
4 4981 1841 4270 1331
5 3036 3163 957 2251 4121
5 1260 2045 3129 888 1755
4 3520 1554 4395 2201
1 3751
3 4681 539 3763
1 2661
3 3757 2934 3658
3 971 891 3676
5 3711 1036 1167 3101 1204
5 1559 3316 156 2619 475
6 2395 2017 1121 253 2526 3321
2 3718 785
2 243 213
6 1720 2090 559 454 4147 1532
3 3986 2908 3434
2 2612 1981
3 4706 933 4924
3 4042 3263 3797
4 2060 4906 3527 1852
4 1605 158 1619 1485
3 189 374 1504
7 802 4986 3231 4398 3751 3303 683
3 2277 2014 4256
4 1829 795 4699 925
4 975 112 3197 4198
8 2751 4966 4585 4216 1332 4222 1291 3591
4 2209 1902 3061 3188
8 4357 772 4994 4015 4809 1879 2117 1429
1 1784
6 3913 1416 1579 3737 4991 1450
4 2452 3949 2646 48
2 64 3398
2 314 2298
1 3663
3 2458 3308 3791
2 1153 885
1 171
3 3284 1841 4593
2 729 304
2 1362 3069
1 4215
1 1847
3 2597 1556 1027
2 4978 2837
4 453 4753 3449 1437
5 200 321 3531 189 2755
1 4269
3 544 113 4356
4 1234 640 51 3185
2 4985 473
4 1482 4436 1767 4353
4 3711 758 3829 1294
4 1883 1119 3245 2993
3 70 2190 219
1 2375
6 2744 4311 2477 3214 4757 3642
3 3101 4147 2788
3 4102 4634 2751
4 3406 1566 665 4374
4 2109 4734 386 131
6 3238 3625 1222 3554 1218 2677
3 2003 228 4690
4 724 3791 2948 4907
3 969 2826 2402
3 754 4089 4048
3 3252 3367 4063
1 4917
5 2629 2769 700 362 4495
1 3950
3 2113 310 757
5 431 4858 1173 95 3461
3 2640 2753 1524
2 148 2971
4 551 3154 555 4183
2 4852 3675
4 234 4534 4819 1921
1 4666
4 2048 3038 3782 3961
6 1566 3789 146 254 4940 845
5 761 2957 2168 1425 578
3 3513 1629 2578
3 580 2124 4412
2 4836 4078
3 3264 4843 3719
2 570 786
7 195 2210 3977 1247 3797 4901 4485
3 3218 3547 2502
3 1070 4036 1189
3 3524 3996 4232
5 1274 4460 3933 1037 307
4 352 685 618 4284
3 863 574 771
1 3812
1 689
4 2047 4434 2329 193
1 1901
2 1271 819
5 1066 4195 1197 1967 2724
1 4190
4 180 3069 1505 4649
4 2291 4035 2029 2898
5 1593 4893 3049 3374 2343
5 4487 2192 4891 980 732
3 4736 2246 1326
1 3808
6 4936 3891 2207 4885 2826 2457
1 1398
3 42 3207 2603
4 1557 4754 1928 2891
4 1856 177 1329 4344
4 2353 775 3842 4682
8 2841 432 1286 1916 2721 1664 2785 3998
1 3341
3 1276 2639 282
2 2908 4265
1 1397
3 4721 4469 2664
7 19 4017 507 4294 3667 3809 4122
4 3226 4263 4321 2354
4 1200 1630 1303 3824
3 1438 740 4892
5 1132 1574 1848 1582 3844
4 4452 1711 133 4823
4 1161 1724 4313 2006
5 457 1772 407 3604 3074
6 3113 2800 295 2179 3223 935
2 3043 3429
4 695 2098 2738 842
1 2633
3 1163 483 318
2 1168 4022
2 1372 4458
1 4244
5 4618 892 3442 1752 2553
3 4078 704 1873
1 4451
2 2657 1710
8 2768 4622 1185 4800 1794 1235 2284 263
3 987 1172 1819
4 1260 1907 1322 982
2 1380 1819
7 3693 4163 4777 3510 401 1660 2000
2 1983 3038
5 2973 1601 1222 3963 178
6 3526 1874 343 586 3404 1689
2 668 466
4 1386 2485 3000 557
2 2086 3418
3 798 3331 3837
2 2168 818
2 3786 1433
5 3018 1807 3445 805 465
3 3107 2225 15
4 2359 2814 3387 915
5 4772 3936 1924 3583 3784
6 3109 3684 4945 4409 2184 1338
2 380 4582
4 620 1675 792 558
3 2278 2777 4667
3 4528 1253 4222
7 3783 4034 2454 3856 3636 3897 4890
6 4502 171 2185 3210 4385 2739
2 4251 3157
4 127 168 2303 3462
2 2930 2876
3 4978 3987 3378
6 430 1758 2200 4285 2580 4831
3 4238 76 95
6 2658 4215 3019 751 535 771
3 1687 73 3146
3 2828 4539 398
4 243 4452 4074 650
4 608 4137 1606 3084
5 4086 4428 1560 629 4072
1 3109
3 1553 4282 1462
2 435 968
1 1264
7 2569 1163 4 3346 1820 891 2543
2 1227 2129
6 3515 1718 897 2053 1350 4127
3 2559 38 2998
4 4004 2400 141 4429
3 492 1646 1254
9 4763 445 2245 1919 4987 1017 1204 4857 2938
6 2263 1543 4936 555 4303 952
2 4406 3023
2 3156 2501
7 305 3485 2109 1666 3025 4301 93
6 1208 2369 4382 3761 3144 1634
1 1204
6 2732 2905 227 752 1671 2233
6 2181 2955 2650 3631 2033 643
3 1368 881 2501
3 3789 4374 4214
4 4944 280 499 564
4 2761 4052 1302 3056
3 801 1001 2215
3 1022 3004 1324
3 2137 157 3300
6 3043 1645 2406 2628 264 1689
4 4164 437 559 3059
1 2676
5 2094 4501 322 1828 1965
2 81 1730
4 701 1766 3408 2919
1 171
6 2265 4847 664 3629 1975 2362
4 421 1842 3968 285
5 2676 1758 431 4257 3147
5 2664 3232 1587 1012 4831
4 1933 3623 4438 4997
3 3469 3131 1072
5 566 2702 1475 3849 4455
7 430 4621 2799 4590 3450 3169 169
6 1318 286 1264 3728 2345 1649
3 860 2247 986
6 2676 4564 3974 3171 1244 1048
5 580 1987 1413 4023 1169
5 1482 2950 1136 1429 4509
2 3643 278
6 1668 4192 3553 191 1531 2999
2 4063 4719
2 2085 887
2 3000 4865
3 2200 4053 4982
3 2771 2744 776
1 1592
5 4859 3516 2668 3588 3124
3 4909 2276 3803
4 4469 2488 1539 666
3 2105 157 4827
3 4109 4207 3205
4 3551 3840 3205 829
4 1014 3889 4616 1604
3 4578 4802 4614
1 3825
2 2325 3813
3 3870 3138 962
2 39 3566
1 4380
5 4539 2232 772 1717 503
1 4672
2 1010 1767
4 4280 4749 2907 1358
4 3744 2581 2449 4286
5 2440 4690 4088 192 3424
3 3654 938 2380
1 1041
2 1456 2665
4 587 2193 3469 4077
6 74 576 2930 3747 806 1007
5 1397 2514 4104 704 420
4 166 3119 813 3952
4 3195 2885 3044 4323
5 2414 2663 4335 1897 2362
3 286 2344 968
2 4441 4900
3 548 349 1166
2 3122 1844
4 4853 894 3294 3084
3 3795 3059 1256
6 4645 1985 2645 4463 2055 4949
6 693 1263 4499 2758 4331 2568
4 3856 1614 1069 3973
3 1795 957 4813
3 4792 3747 1780
4 4061 3542 2617 2459
4 2643 65 4055 4927
3 88 2867 4477
3 2285 4817 3800
2 1069 4159
1 1201
5 234 2031 4502 3176 4907
5 4433 212 1556 4802 4615
8 2098 2955 3760 2900 2193 3993 3961 3661
2 4589 914
1 1452
5 1596 2061 4090 4182 2953
2 2067 1033
1 2214
1 3980
3 724 751 3031
5 1523 4854 2829 3881 3740
4 1686 2698 1857 1959
3 474 199 4768
6 4456 1220 92 2008 958 1291
4 3262 2181 3290 2156
4 4445 1214 497 437
1 2308
2 628 897
5 3317 950 2679 1599 3907
3 1058 2292 1716
2 3936 677
7 2688 2968 2131 693 2072 3197 4774
3 1619 1908 2613
3 3895 3651 1834
3 1615 1501 136
4 3772 35 1831 4765
3 3449 4589 946
3 2885 1416 3661
3 2011 3563 960
5 4521 4061 2394 1571 4232
7 4228 4196 1246 4073 1932 983 3992
5 195 1991 197 3582 1057
6 4424 3567 674 3803 2521 1381
2 2528 1625
4 1605 364 1723 3881
4 1707 886 3536 2186
3 2103 2731 194
4 2314 556 4700 982
4 566 1741 1028 2868
3 4713 3226 3867
3 4593 3095 919
8 2940 3698 4489 1086 3450 4044 3416 270
2 3262 3844
2 2433 2774
4 807 4292 1093 304
4 2910 472 1890 3575
3 1687 3623 2058
4 1648 3995 1795 4742
4 436 3477 1549 1835
3 3606 1855 3128
1 207
3 4243 3192 614
2 2885 223
7 4575 73 1612 4298 1795 2147 414
2 2097 618
5 4773 3130 4535 3015 3476
3 2994 149 2945
2 121 774
1 1208
3 4748 3308 2997
2 764 130
6 1189 4554 4144 4109 1346 3715
4 3283 3598 1334 1805
6 4785 2674 483 2592 84 4628
4 2822 1428 1487 4475
2 3449 2381
7 3393 2090 148 4052 2764 867 4161
5 4736 2009 3510 72 4141
4 2326 1227 2122 3303
5 1741 841 3417 2406 2577
1 684
5 4354 745 2275 334 3561
4 1906 807 325 4667
7 3741 3670 3830 4905 1711 2502 839
1 4864
7 1387 3559 488 188 3594 2632 525
4 1603 1618 1767 3615
4 528 3193 2766 4660
3 1747 1602 4179
2 3743 4234
3 228 656 3848
6 1066 4445 1214 1862 985 4845
4 16 3654 2520 239
3 312 4356 2335
8 1272 2924 2091 2528 334 1378 317 3380
3 2544 4416 4789
4 3109 4754 2401 2113
2 3499 201
3 669 1840 858
3 2426 4504 2783
2 2868 4588
4 2402 1434 1484 1135
6 2939 1680 2946 3432 1217 4353
2 4989 3395
1 151
7 4352 1055 3228 332 614 4261 4191
4 2250 3063 4683 3258
7 3021 3954 4279 2135 358 3758 910
5 4369 3955 1928 4789 3700
4 3020 2064 3809 4064
5 2311 654 387 4432 2623
7 3718 474 3573 539 1129 253 52
4 1675 2478 1855 3827
5 473 1167 1750 3144 3725
2 879 2639
3 2043 2625 1308
4 4345 3029 99 2176
2 2871 1005
4 4089 1400 2510 622
2 3400 4784
2 321 4456
4 4929 38 2933 4985
5 3284 1468 1125 2006 3022
4 4817 3464 3590 2198
1 2655
5 3560 673 1863 422 4549
2 4992 3062
1 2403
3 13 1881 224
2 1938 1775
2 524 2402
6 4807 2630 2315 3532 2943 1087
3 2425 3712 598
5 206 407 1677 3005 152
5 2069 879 1665 985 390
3 1839 1694 728
3 3544 680 2462
2 4769 1494
4 3968 4041 2753 340
5 3112 2664 2195 1514 1242
3 3075 3398 787
3 607 1901 276
2 1781 2279
4 3693 3252 3875 4259
2 3316 1252
6 4483 2476 4570 3170 2216 3992
6 2300 517 622 930 4496 1382
4 3097 3066 471 4562
7 2419 773 3055 3050 4543 3740 1616
6 2771 3520 3489 1541 3905 4660
1 836
3 166 2764 455
6 4611 453 3105 3160 2561 1870
5 4569 3909 766 2600 3382
2 4691 1325
3 2960 232 1568
3 280 1254 2143
5 2247 1227 3521 4360 4330
3 3683 4244 3808
4 3115 4948 4945 1794
3 3753 4767 2000
1 4964
4 4314 3865 3782 1439
2 480 4548
1 1260
2 808 4854
4 4346 2262 4071 948
2 865 4441
2 1063 4738
3 2705 2407 888
1 990
5 1133 474 4579 1588 992
1 2773
1 4984
2 1856 2007
3 3355 2162 1048
4 2121 794 96 1060
5 4832 1144 3262 3190 4880
3 4135 1753 1857
5 3729 2657 3772 2367 3719
2 3519 3985
3 2669 3176 3313
4 4233 1701 3687 1077
2 1803 4446
3 2749 4273 2016
3 2024 1103 1461
3 2410 3820 410
5 2918 3257 4541 1647 1297
3 4534 988 4075
6 4984 1749 32 4530 2696 3999
3 2814 2059 385
1 2460
3 1593 3555 2392
3 3279 2161 2113
2 2741 2800
2 38 1582
2 1283 3302
3 3146 2535 1249
4 1150 2679 2348 3926
3 3305 2981 4446
5 1208 2095 2896 3970 2591
3 3675 1163 1322
1 888
2 1858 1339
2 758 2456
3 473 592 616
6 481 2438 2559 327 2450 1960
2 3660 1664
3 120 3995 867
3 4679 744 802
1 4100
3 4709 2153 1217
7 1305 4426 4690 2244 4572 285 719
6 809 4465 197 3487 4284 3379
2 4428 1677
3 1325 972 1439
3 1830 160 4495
2 1359 1591
2 1343 570
2 4065 1178
3 3666 4297 3277
5 2698 3609 2432 719 4712
4 4026 4747 2954 4696
3 1576 2361 3217
1 1492
8 3861 694 3563 2208 4895 3321 4921 3987
8 2932 212 4211 1916 1418 908 710 902
4 1445 4491 1589 4222
5 865 4559 874 768 2857
3 3273 4325 314
3 1537 168 1701
6 4004 2088 1267 965 4980 3275
5 2586 1594 2265 4695 3185
4 1434 2270 2299 1969
3 4621 930 2296
6 894 1881 4090 1882 643 30
6 1497 3448 4729 3100 4009 1507
5 3389 2106 2248 3274 3127
2 1082 2338
2 2430 2960
4 2994 3057 1003 2742
5 4829 1475 4132 3919 2355
3 1055 4402 2704
6 128 238 2483 2844 4029 4884
3 3068 1707 4073
6 3247 4448 3451 372 2161 1072
2 754 1815
8 1300 3456 2922 3549 678 3796 1324 2929
3 4490 3824 3222
3 195 726 4727
7 2317 773 4579 1325 3438 1693 4572
3 1023 2675 884
2 3059 1803
4 3729 3780 2562 702
3 1378 4123 3897
3 227 533 2576
5 2301 3712 2612 1445 1892
7 4935 3052 1490 1128 3239 2537 2268
4 391 127 3069 2854
1 1877
2 148 2775
4 2510 3821 2408 3511
2 4256 2958
6 1103 2390 3733 1526 1398 3344
4 883 2222 3272 3618
3 1393 1577 4511
2 3871 924
3 3202 4051 4517
1 1440
5 481 2375 313 4503 1796
1 3466
2 1276 2152
5 187 1718 4768 4011 670
7 194 1430 1186 860 866 3015 1663
1 1484
2 4099 4621
2 3020 116
4 1511 453 1536 527
3 3033 785 3981
2 1880 1533
1 2151
4 2375 4346 4317 697
2 3164 4869
3 894 3641 1936
3 3482 793 375
4 2066 847 2904 3681
3 4220 1388 1051
3 3369 1622 2373
3 2011 3927 899
7 494 4974 4799 3161 4691 1940 779
3 2173 1398 1540
4 747 4472 2518 2360
6 1799 3939 2518 3407 1448 3923
2 2305 816
1 4335
4 3662 128 4399 4876
3 1279 3390 2770
6 3376 271 3573 1794 1633 4264
7 4405 4024 1173 667 3923 1385 3123
2 1505 3506
3 4987 1862 2793
5 146 4046 3078 17 2690
2 1763 2722
3 2984 1414 2742
5 4342 4715 901 2922 459
1 329
4 2492 802 1678 4478
4 2314 4483 798 3166
5 1961 1726 4502 1754 447
8 743 4630 4599 729 4103 354 2281 3454
2 3659 1553
2 318 1090
1 1001
3 2801 4375 1239
4 4811 196 2412 3828
4 1869 1471 1536 4690
6 1519 3853 3055 1290 2052 577
6 282 4788 1890 333 2565 2588
4 3366 577 2780 3397
6 4469 2136 2650 2741 1220 1824
5 846 4045 809 1294 4414
3 533 4383 167
3 3332 3651 3534
3 2475 802 294
3 609 2862 4843
2 3829 3540
1 3360
3 355 1580 2854
1 435
4 978 4346 4329 1844
3 1400 856 4861
3 3882 597 2844
6 1195 1741 3631 4397 2099 2093
4 4887 3839 2252 1992
4 4163 2510 898 1184
4 3849 2674 4365 1340
5 3224 967 3557 311 2540
4 146 1661 1362 1568
1 794
7 733 592 2730 1499 2875 3822 1377
1 1287
10 2430 3821 4302 2287 2937 2503 1388 444 1734 2974
4 3866 1797 3186 109
2 537 771
4 1634 4586 3509 993
5 412 4407 3214 4315 2158
3 2704 3068 631
1 4779
3 3753 1882 2876
8 2461 2670 2460 3017 3255 1273 3646 2614
3 1519 15 4062
5 733 2261 3847 815 4967
4 2211 1083 785 4587
2 1872 555
1 3662
8 492 3913 1587 1016 3421 3209 660 4100
2 1427 289
3 1640 1916 38
4 3939 4052 3208 522
5 2263 1601 1719 1267 2212
4 1797 4207 3308 230
3 2937 1847 4488
1 1360
2 3924 4928
3 2992 4054 155
3 4459 1685 1119
8 1034 1392 172 1370 848 45 2366 4271
3 4852 3935 3102
3 2426 3710 4632
4 2808 723 3234 1575
2 4485 542
2 2505 3731
4 3213 225 1191 4140
1 1774
1 2084
5 2264 4416 1662 4878 2827
2 775 1127
1 746
4 3342 4780 2914 4401
3 4411 1876 531
4 1587 4434 2787 2854
8 4903 4611 3840 4568 4123 4625 4819 2892
4 170 4542 4984 3377
1 3478
5 2039 1604 1207 4888 668
1 4208
3 1233 4571 849
4 3948 835 927 132
5 3830 3400 2771 2647 3181
3 4552 4853 3947
4 1036 2375 695 2087
4 4879 1302 3229 672
3 3009 2321 425
3 1360 2422 1147
1 873
3 4672 2698 1875
3 834 2486 744
3 479 2882 916
4 2853 1309 2731 596
3 2169 1530 1894
4 2084 1163 1092 895
2 352 4424
2 724 2815
2 538 636
3 1396 4945 4747
4 1675 3247 3727 1293
4 4882 1740 1621 675
3 4585 2424 28
2 2248 644
4 3740 2805 1986 341
1 1899
2 2072 3464
8 2858 4005 3601 3829 4574 3273 1151 2151
3 4325 1628 2952
6 2603 3939 4424 3213 1241 1023
1 2813
1 2983
4 2401 1594 559 3669
2 2779 1273
2 2486 1349
1 4934
3 1149 6 510
3 2369 1615 644
4 551 2242 912 1572
1 547
2 2848 134
1 1214
3 286 3008 4985
3 1264 2889 1948
3 1243 4177 3906
3 3539 1775 1779
4 4820 2322 1683 2928
3 1676 766 3932
2 1606 1110
5 61 1492 2583 2013 3694
4 3457 3090 790 3796
2 715 3600
2 1550 4913
2 4708 3572
3 780 4525 576
1 3088
1 3263
4 1479 491 2936 4815
7 4289 705 2425 1702 4680 4506 1921
2 2201 799
3 1496 2518 4520
2 4614 1638
3 3588 1096 3720
2 2173 1477
3 3153 886 4810
7 1915 1044 1701 4168 953 4488 199
2 3448 4679
2 1199 931
2 1846 3384
3 3186 4520 2279
3 4726 3247 1209
7 3842 40 4474 1512 4555 2284 3378
2 948 315
1 3170
2 2106 380
3 1973 2769 4680
4 2300 4807 407 4087
1 3494
4 2254 3831 3741 4477
4 4165 60 4474 2034
1 1788
4 4102 2815 4457 3311
4 1345 3179 4732 4494
6 3850 2661 1197 2640 2695 4152
4 3962 1839 1441 2743
6 4433 2778 3777 3402 2283 2019
4 2637 1977 3217 1288
5 705 486 630 3834 1782
4 2997 4923 1015 1299
4 1262 2951 2174 932
2 757 1716
7 2168 4475 1399 14 1508 3788 4509
8 1492 4761 570 3370 2868 1936 2839 1696
4 632 3727 2557 4889
2 1893 3679
2 4936 631
4 2098 2488 584 4182
3 937 4313 238
1 2847
2 22 1191
3 4058 901 158
9 1095 2848 294 1481 2293 3078 1795 3953 4049
1 4553
5 449 3966 2348 3075 2042
6 4215 2074 4931 1111 4404 2758
6 3371 2904 4142 3417 4820 2810
3 3332 222 1417
5 2637 3850 877 1911 2746
3 1460 79 1060
5 1481 4163 2161 4060 3180
6 3232 2116 2022 4018 2308 371
3 2155 1456 3228
2 628 3633
2 486 1021
6 4445 3534 2134 1247 2758 43
4 1672 4665 2350 2923
5 3984 4282 2518 612 2817
5 2801 524 2879 1804 4064
4 900 4962 2939 149
2 473 3792
4 2242 4785 4309 2504
4 2837 3984 2420 3755
4 2123 4564 2115 2108
3 1966 660 3268
4 1304 4962 3337 1385
4 1261 2197 1390 2367
7 2981 3515 328 4998 1097 1496 298
6 3606 3772 951 98 540 4601
1 1754
5 515 108 3435 936 4186
2 3065 1266
6 4059 1373 697 4674 4290 190
7 4788 676 1000 1723 4998 4113 169
3 3576 1028 648
6 2200 2968 20 1588 2929 3237
3 4631 656 232
2 4462 2470
1 4890
4 2899 4456 4517 1361
2 893 3789
5 834 1352 1865 3838 3005
4 4325 2637 608 973
3 611 2358 3434
4 3281 2903 1107 124
8 3609 2390 2190 4035 4092 4939 2564 1399
2 1269 2997
2 1724 3917
3 4629 4465 3278
4 2119 566 188 4186
2 812 1521
3 3740 2411 2515
4 349 57 2338 117
7 4801 4986 3604 2743 2776 4389 3441
7 3154 432 3967 3411 2872 3493 485
3 736 4595 3722
2 434 63
4 3546 837 2797 4241
1 4630
5 1528 1079 3436 1101 571
2 137 4669
5 4497 1806 3326 1595 2864
2 4965 1851
3 2762 3552 4738
2 992 899
3 1850 981 3107
1 1222
1 1129
5 790 2017 1695 3743 1142
2 4205 2471
3 577 4191 4094
3 2003 4809 4393
1 1585
5 4617 4597 3744 775 597
4 579 1305 4476 1242
4 413 367 1606 4581
3 1204 1222 3196
3 186 2508 4300
5 2567 3523 4106 2215 586
6 2097 2905 912 4942 699 4324
3 830 3589 4293
2 1845 710
2 4640 333
3 1140 4687 3465
2 1601 797
5 200 2931 2033 3 2831
3 2067 4877 404
2 4666 3176
5 2488 3974 3497 2363 408
6 2472 2409 910 4091 3173 2894
3 2638 3963 2706
5 4311 1961 2132 3623 4538
3 2823 4825 706
2 4763 2661
2 3178 4689
4 1742 1336 2909 1061
5 4337 314 2353 3610 4116
2 3742 655
7 286 4990 692 1931 3745 1437 1963
2 3900 1152
3 1977 2307 1002
3 1107 332 4661
3 3717 1951 2991
6 4922 4136 159 4532 549 4926
3 3460 265 458
4 2668 2169 2658 3363
4 3556 2770 4605 1590
5 2934 4799 4750 731 699
5 3439 409 875 2102 4049
8 4917 3655 2847 2716 4602 1882 4413 3495
2 1033 613
4 3723 2245 2320 611
4 3606 3782 475 309
5 949 2256 3146 4318 4135
2 1483 1486
4 4622 2043 3612 4506
5 1973 2629 1233 1667 668
5 2759 3556 3918 4331 2465
8 2318 3520 2132 1270 4411 2557 3493 4628
2 316 1147
5 2965 606 274 4322 2341
5 903 3507 2222 514 3023
4 499 4411 2429 3547
3 2706 3430 4929
2 3049 2064
3 4433 2639 4656
6 4407 2992 2838 2587 959 3483
9 1677 4194 1413 1322 1466 956 4212 375 2487
2 4415 1871
5 4001 3857 561 4769 1709
2 16 2268
4 4147 3171 20 3321
3 2017 98 1538
2 1262 4395
4 3609 4315 2549 3080
4 3071 706 4168 1962
3 1626 4233 4135
4 750 1190 238 968
3 1593 2922 1548
1 1795
3 3386 887 2469
6 1188 1112 4554 4591 1720 3265
2 4540 4586
3 1095 4406 260
2 860 2710
6 10 3861 3753 3802 3005 4326
6 1779 57 2120 3893 3619 3685
5 3113 2031 1483 1506 2363
4 4043 1641 2482 2671
4 1032 4518 1115 2875
4 4163 4755 1466 4306
3 4721 1765 370
3 4363 1743 2578
4 4946 497 1240 4623
1 4225
4 4984 2816 3433 2538
3 1276 765 928
2 2659 3548
2 1126 242
3 4175 4363 3751
4 3829 75 989 2584
4 2359 2059 4237 48
3 4596 2571 2635
5 4984 2808 3612 4439 3124
3 2670 87 4286
3 397 2968 1356
3 1173 4691 3372
1 2888
3 3622 801 4930
6 1428 2243 3982 886 4197 788
3 4280 1804 2745
2 3480 42
2 4428 3302
3 3156 2011 1969
3 572 3284 2544
2 4052 2076
6 2189 486 792 1889 990 1437
4 4453 103 3758 1347
1 2738
4 445 4101 4374 3880
3 377 4197 1892
2 4214 4124
1 763
2 583 205
7 3537 4646 1949 2675 1128 4331 85
7 1504 3790 3293 2779 586 371 3956
2 227 2646
3 1392 256 4484
4 3716 4195 2017 3911
5 4648 4633 4373 692 189
3 3285 502 45
4 2412 1585 1712 2500
3 19 4519 277
1 188
5 1343 2762 3746 2652 2993
4 1095 2655 1125 2594
3 3210 3569 3193
2 285 3032
4 4479 3114 1706 3530
1 4083
3 2567 1309 3300
3 2496 2427 2549
4 528 1409 1504 4379
3 3377 759 1597
3 2397 4148 722
7 4005 2581 1150 917 1506 4451 1657
5 1455 1864 3414 4245 593
4 453 509 1871 4141
2 1855 1560
5 1573 3843 363 3701 2493
2 4082 1016
3 2884 2714 898
1 4041
4 1263 4906 3602 854
3 3882 1838 2175
5 2646 2217 2269 4399 3180
2 3911 86
4 863 4180 238 3960
8 3324 4829 1196 3178 3799 1461 2286 660
5 2707 2934 4229 1584 4442
3 399 4837 889
2 1270 3326
2 2508 2802
3 2070 2517 581
6 4966 225 652 793 3546 4387
4 3037 210 4798 1884
3 4750 3294 2671
2 4053 1383
2 1255 1854
1 2566
3 4676 4685 885
3 679 438 2864
9 1416 2206 1587 4022 4478 1474 2160 2231 1291
6 4030 3782 4410 911 1862 1744
3 1223 696 3452
2 3847 2820
4 4586 232 2597 1271
2 905 92
6 1577 2014 4988 1651 1616 4814
3 548 4918 2550
2 4716 769
2 644 2742
4 4258 3910 3550 1847
3 3211 774 2369
5 3519 3333 4333 1037 648
3 1655 2006 1264
3 2692 4456 3562
5 1290 235 2181 4482 3249
3 0 4565 1691
2 1370 220
5 2697 3281 3258 3728 1473
3 2659 3371 2454
4 2732 2097 37 4083
4 4773 4959 3267 4697
2 2150 1183
6 1920 3986 3722 3752 1047 2020
3 4915 2748 1334
2 472 2224
2 3587 3919
3 1266 114 4773
2 3461 18
3 2547 1426 3630
1 24
2 3931 679
2 3405 1371
5 716 47 2356 2962 1230
3 4752 2111 1606
4 1214 4769 3271 3807
2 1039 3541
5 2473 4785 2416 3032 2791
3 1360 1594 2669
3 2263 1272 666
2 4391 3339
1 1086
3 3030 4747 3147
2 2600 3335
3 2416 3752 2688
4 3137 2157 4138 2070
3 200 2738 4499
4 2395 212 854 476
4 2290 3889 1875 1298
7 3757 1912 2760 4464 4885 2872 3304
3 4322 3316 4377
4 2611 3071 4936 463
6 2510 203 88 524 2530 1578
1 2090
4 2672 855 2271 1003
5 245 3298 1047 2220 1374
6 3870 4983 4343 3116 4385 530
3 3688 580 4341
4 4986 2300 1725 4157
4 3663 1427 4521 4580
4 3128 352 1772 2235
3 2271 591 3869
2 3044 1824
1 1968
4 518 875 4048 3945
2 2125 3400
6 1262 2643 3440 265 204 441
2 1281 2582
2 2184 1498
7 994 3727 2391 4671 635 4027 4420
5 2098 2181 4288 3928 1402
4 4787 1330 691 1288
7 761 1985 4877 4671 1045 3331 3379
3 1751 3036 2431
4 4490 118 4735 1752
4 3650 64 2408 2324
4 3130 1602 1322 1080
3 2918 4132 1355
2 938 347
2 3469 3366
6 2773 606 4329 1638 4162 3144
2 4660 1804
3 1213 1657 380
6 2688 2200 2818 3666 3548 4576
5 3770 4024 610 3428 3651
3 1095 4386 1141
3 1161 1978 3682
3 29 1270 1583
6 1601 2049 1197 3863 1277 2979
3 2510 3463 3760
2 3333 1053
4 3589 0 4979 943
2 1454 1853
1 166
2 4975 2973
4 4110 803 3486 2986
6 4214 3850 2368 2680 3635 3106
1 3563
2 4196 2585
3 4316 20 2472
2 3128 2986
2 2985 2980
4 3399 1468 3016 3234
5 1812 158 2997 1627 688
3 480 1623 462
1 837
4 483 4788 4870 2755
4 1641 3115 2779 2533
4 2847 1514 1958 562
4 376 2409 3820 2235
3 1502 3161 1715
2 4511 26
8 4631 2988 2699 4386 2642 2238 1595 925
2 4717 2087
3 3264 2127 4932
4 3208 4783 2130 2052
3 1231 1819 4583
3 3998 599 4432
7 1189 900 977 4273 3389 221 3382
7 4067 1090 1702 531 573 4230 2104
3 2798 2302 2694
2 1855 3179
3 460 821 4999
4 894 1156 2596 3750
7 10 3228 4651 2561 3735 3700 4996
2 222 144
4 975 1397 808 456
2 4384 1474
2 4357 4020
2 3844 4724
3 2442 2234 4292
4 2987 1591 257 3083
5 2518 877 1746 4270 726
4 2057 1807 3246 1251
5 486 3108 2074 1446 3610
6 1788 359 3773 2445 3953 2278
2 2276 3954
3 56 2291 3782
3 4155 2774 2092
2 4644 1404
2 2094 4438
3 4683 3324 3348
1 3095
1 1191
8 4378 4282 4229 3101 2285 538 3286 3999
5 320 1697 3175 3681 2927
3 3049 4105 2188
5 3210 3154 2922 3041 2850
5 3850 4791 1201 2447 4095
4 3293 4038 3862 4029
4 4609 4632 4503 1611
10 3096 1406 2958 738 1890 3554 1906 56 1886 4898
10 2878 210 808 568 3976 328 4739 1590 4422 4712
6 2048 1983 3482 4343 119 1031
6 1707 352 1434 1666 1083 4841
2 3434 794
3 768 4316 3032
2 1286 4015
4 1207 2106 4018 2032
3 2160 4670 2947
2 1523 843
1 654
4 1854 3730 3650 885
2 1137 1817
8 3189 907 2007 4345 2777 3031 1846 4486
2 3459 2317
3 528 1014 4512
3 2426 4935 1154
2 187 627
3 3284 613 362
6 2485 2317 271 4396 3453 4701
3 3957 1588 2102
4 684 1455 3453 2409
5 1476 3132 3523 1139 175
7 3567 2167 2107 2421 4412 786 3846
3 886 4136 70
3 3857 1932 3352
3 2295 1754 1902
5 4139 4269 3171 2275 4767
3 4200 3890 229
4 2684 1266 4582 3931
2 3097 2316
1 1246
4 3821 907 2413 2515
6 3114 4347 2005 1945 4810 2427
2 3731 3563
7 706 2788 4556 2936 3466 707 558
5 548 1028 3772 1073 1781
2 4644 3429
3 3189 2030 4484
3 3586 2657 2309
3 581 3743 181
1 4335
4 1 2470 2655 1334
5 1276 1069 1608 4844 281
3 2787 3701 1421
8 3975 3337 4690 1848 4901 3409 534 3885
5 3291 4598 1440 4875 342
3 4674 3016 3329
3 3979 2166 2078
3 3375 1468 3574
4 3704 539 856 3174
5 3703 369 1139 1755 4160
3 497 1357 2609
4 1707 4650 4046 4189
5 3457 2604 473 4167 668
3 4838 1427 4364
5 4407 1791 3129 4970 4272
4 108 3892 817 3972
1 3384
6 140 4427 66 2219 3027 1316
2 3036 1406
6 2316 3066 1497 3195 4656 50
3 56 327 160
3 3418 997 3938
1 2405
5 1914 1111 3029 1962 419
2 552 2536
2 3151 3383
3 3303 1358 1631
6 4692 603 2321 4177 3192 4876
2 3924 2981
4 3337 3887 2718 2058
8 442 1410 4142 3019 4780 312 1603 819
6 3684 2061 2265 646 4003 2080
3 212 1208 273
4 3688 850 3901 350
5 1303 4582 2308 1074 1564
3 2031 2800 813
7 4479 2851 3069 4991 1401 4254 1575
6 2328 4948 2992 3526 376 4635
2 2941 218
1 4696
2 4108 8
4 2159 166 4662 132
1 94
6 3731 507 3710 405 1500 1819
3 442 1517 2165
3 2467 4367 210
3 2134 3624 2816
1 1090
3 1389 864 4661
3 4334 3173 2406
7 1201 4445 2945 2985 2228 1513 1793
4 1907 4552 3092 1683
6 4533 4817 775 2234 2961 1467
3 537 2118 3203
2 1476 3058
4 4873 1842 905 3547
3 4419 4931 634
1 3467
3 4709 3789 4362
5 200 4342 2930 4862 4959
4 1561 3680 2144 4775
3 3867 1902 3934
4 4535 934 754 4144
1 452
3 3551 22 3900
2 3154 1893
3 2965 2282 2095
5 753 3566 4329 1861 4167
5 2766 572 461 2366 2075
2 2115 2927
1 4034
2 192 1484
3 691 424 4789
4 4882 3702 452 3103
2 1512 1591
4 3721 3282 714 2618
6 551 1979 2707 3143 23 3032
5 3896 3468 3582 3779 4647
5 4966 1648 3569 2826 2093
4 4795 115 4589 2068
2 1413 4700
2 4821 1623
5 1536 994 2321 821 3236
5 3284 3842 2458 1452 2995
4 1713 1851 1469 4278
5 1854 3889 4034 1906 1825
4 186 628 2451 4751
3 4475 3225 105
3 879 643 2476
1 115
1 235
3 2120 517 3297
6 4078 3790 2314 2627 4664 593
3 2123 3063 2784
1 4093
3 2742 1553 3127
3 568 3458 3086
4 4637 349 3584 3030
4 2179 2350 3242 2740
3 1281 920 174
5 4229 4280 2871 755 2747
4 1345 2636 3006 1628
3 833 2663 2868
2 2557 619
2 1307 3447
4 563 4525 3199 1296
3 3216 1178 3811
3 1175 1954 2401
5 4614 2511 4858 2623 4494
4 3832 321 3882 440
4 1333 914 1932 4143
5 907 3049 1733 1270 3074
2 4248 2346
1 4483
3 3105 1825 2230
5 23 598 2256 3217 2849
4 4378 3525 4632 3381
2 3097 2160
4 3840 1387 2729 3335
5 1066 2200 3433 1930 3343
2 1772 4850
3 3183 700 3495
5 1432 4860 876 1636 3266
2 623 1437
4 2436 4051 969 862
3 4753 3131 1165
2 376 339
4 2139 900 3263 2138
3 4257 1768 4234
3 468 482 2013
6 4783 3000 4118 1558 2527 4187
2 2524 4405
6 2067 4974 3032 475 3263 2849
5 4932 4320 3941 2896 1275
2 4026 734
6 966 4690 2583 2541 1746 3776
6 603 227 1961 664 2514 780
2 754 4256
6 765 3431 1245 4391 3184 1883
6 2640 2392 3193 3423 4688 258
2 3542 1992
1 684
2 110 961
4 4556 27 3843 3833
2 2417 4924
2 3933 2031
3 900 2505 4865
2 3165 1508
4 4802 2024 368 2218
6 383 1626 3632 942 710 513
6 2665 2274 3009 4087 1546 619
3 2560 4836 3356
2 1899 3402
7 739 1927 600 1759 198 1514 59
4 2664 2116 395 251
2 4042 4095
4 2987 2538 1376 1130
1 3370
2 3160 3706
3 2688 601 995
5 3625 1966 1039 4508 444
2 2426 4455
3 4683 759 1315
4 4706 3587 3438 1381
5 4733 4654 3518 3176 4019
1 3395
1 3549
3 3812 320 1958
4 3018 1438 4398 1738
7 4854 4042 4860 2414 90 2624 2574
5 1025 37 4186 1313 991
2 2900 1473
4 1283 780 1514 4100
3 236 206 4267
5 1113 3534 1971 2312 3310
4 898 1733 4609 4850
3 1775 3752 4373
5 2518 864 1295 961 523
1 69
7 2356 4969 3949 3817 1223 448 1401
4 2275 2903 159 4634
5 1504 3340 3745 599 4446
1 1831
1 3431
7 1333 2346 3878 4790 2193 2221 4697
6 3210 1027 1722 3205 2610 1923
3 4229 1989 2999
5 2794 4004 32 739 3628
4 3468 3200 1374 1321
4 161 3795 1195 2906
3 4106 4249 2677
3 4700 1770 1763
2 29 3718
4 3655 2920 657 4135
1 2433
4 2581 3851 2398 423
1 2406
3 2400 691 146
2 743 4944
3 2389 878 37
2 1447 2701
4 4059 4117 1402 2362
2 1304 4055
2 2697 2903
5 1680 684 3391 3153 4519
5 2241 3598 4270 4837 4911
10 1841 1943 3161 4604 1086 2291 742 1453 3054 2827
6 2843 502 4283 4543 4844 4790
2 3855 3029
6 3804 1896 4780 1757 3696 3848
2 898 535
2 1829 4258
4 1120 1652 1436 2193
4 4516 3585 3082 788
3 892 4648 1718
5 212 2838 3034 3854 1649
3 2166 2879 81
3 337 3320 4614
1 3915
2 3169 1375
3 245 2940 595
2 3901 4805
5 2105 170 2853 4164 4301
1 3350
3 1675 2825 2365
5 4144 1927 2247 3104 3592
3 2934 4175 1394
4 3663 836 2368 1549
1 1
3 4584 1004 3864
5 3555 1353 2529 2238 1940
2 3449 4938
5 3252 4124 1430 4174 3775
2 2635 297
3 4074 435 3981
2 128 2350
3 4163 4224 3481
1 1579
6 1559 1915 76 2935 322 2313
3 2197 950 3577
1 443
2 4901 1515
3 337 3295 3603
3 2784 1916 2394
2 3876 4380
5 3606 4415 559 223 821
4 2871 4829 4238 3026
1 4069
5 1726 2714 1413 906 2874
2 1323 1785
3 1415 2 1808
3 394 3083 77
2 1623 943
2 2957 2054
4 4761 278 2660 2491
3 3519 2897 2975
4 1002 3886 1205 1098
4 3196 1826 4487 2928
2 4500 4369
5 3975 3081 2678 3107 1802
4 4150 934 4155 4707
1 2925
5 3259 1504 1810 187 1768
2 3614 2018
5 4415 3430 1054 2547 1903
2 3197 495
2 2432 1277
3 475 1675 892
3 2084 396 3888
5 3435 527 4192 4967 1194
4 3646 4002 4114 3026
2 4074 1619
2 921 3301
4 1561 3980 1874 798
3 3410 4481 3061
7 3699 467 1652 1175 1135 1280 4833
1 4579
5 3939 1596 74 4152 2344
4 689 1469 3229 1567
3 100 3860 391
3 4251 1464 4824
3 1479 1353 4896
4 433 2495 1752 3691
4 4307 3795 4300 1424
4 474 65 3772 872
2 1244 2758
4 1548 4319 1030 1627
1 1901
7 4184 4920 539 1889 3749 2964 2487
5 4242 1971 476 4153 3466
1 4650
3 4295 4977 2456
4 4873 2646 4402 3235
3 2659 2904 3749
1 2819
3 4940 3662 924
3 2007 4847 4867
4 294 1278 1142 3085
4 4846 748 306 2466
5 1664 1596 2551 367 2856
3 2071 2625 1754
4 807 2957 2382 1683
1 2263
1 3194
3 565 2322 3003
4 4828 1896 4221 3103
8 1319 4721 1032 540 2622 3094 3508 3827
3 1190 1553 1451
3 3512 4528 2793
4 365 3850 2059 1085
3 689 4852 4234
2 3003 2406
6 3917 4439 739 1215 2465 496
6 4552 825 529 4046 4103 3282
4 436 1543 1061 1379
6 1686 3678 2245 3417 4566 1204
3 1076 4633 1535
5 1638 555 2272 3243 1181
1 384
3 3876 1671 2487
6 1645 1937 1011 3930 4075 2309
4 2987 1468 4847 4388
6 2288 4784 4621 1092 2557 2950
2 4991 883
6 2639 3230 4533 3768 525 4694
1 1395
5 3663 2050 566 1018 3766
4 1626 1565 2917 1711
3 4779 1311 1964
4 3414 2461 1011 4239
3 1144 2111 3456
1 3081
5 1396 1774 363 3352 4845
5 4754 2707 4835 3902 3706
2 1678 318
5 1233 3603 3770 4719 4414
7 4589 4026 1677 3407 84 2859 3778
1 1266
3 1243 2220 4986
7 3393 2659 2248 1848 4444 3854 4657
3 3621 2053 3099
2 3913 3617
1 297
2 3666 2524
5 4086 1869 580 406 727
2 3217 456
3 425 940 2152
3 625 3895 4243
1 4877
2 103 3946
7 316 3608 2969 3507 4745 1117 1221
2 2032 3073
3 3550 3342 2776
7 765 3216 4454 1698 3261 3890 1328
3 2271 3980 1292
3 2808 3197 1411
5 1920 4204 3040 2696 1467
4 4332 4969 3347 2683
3 4854 403 2712
6 3989 1310 717 1323 4897 4831
3 3241 2419 4642
4 1416 4334 4570 2761
2 994 2951
5 2706 1397 4888 240 4495
1 2039
2 493 869
3 659 4500 269
3 2057 4517 1530
4 434 1036 692 734
1 3182
4 1190 2405 2620 1609
5 4589 2205 1950 2244 3309
4 2120 2220 4554 4642
3 2414 4679 45
7 3659 715 3876 4958 482 3909 2887
5 3057 185 3055 4745 1316
3 1806 3497 2478
4 673 3894 295 1811
3 1300 2416 3408
3 3090 2604 1129
6 1176 3621 4012 3664 3174 4380
4 19 1420 3050 4590
2 4211 2757
2 1976 2913
2 2069 4047
4 1498 1303 686 2974
4 4817 2292 1107 2580
2 58 2736
5 4569 3367 3071 382 2439
2 3716 3135
7 3896 3155 4 483 3763 4593 3266
7 1857 615 4227 1612 2118 2964 2156
3 3881 1532 1813
2 4034 4251
4 1104 1172 3512 1610
3 3915 1302 1108
2 4565 1670
2 4555 4629
2 1374 2234
3 4022 515 2227
5 4773 1259 2552 620 307
3 506 4502 1062
2 2824 42
1 3314
9 3644 3038 3609 44 1371 2453 3983 3875 8
2 3820 2779
2 1509 70
4 305 2094 3553 4963
2 765 2980
2 3786 2382
2 4443 240
4 3653 2318 4796 3623
1 955
1 4180
2 4278 4366
3 2771 454 2707
5 4779 1405 3816 2631 3565
3 2762 3199 1865
3 171 4214 1013
8 1186 1173 3857 4092 3454 2741 3696 567
4 4197 4562 1341 1183
5 606 53 2266 585 85
4 4756 4471 235 3616
4 4149 4347 433 908
3 206 4034 4563
3 4476 3554 65
4 4904 1889 188 702
4 385 364 4817 3513
3 981 2468 4494
6 4072 3428 4861 1199 2774 1377
2 3384 1364
2 2513 1787
2 2047 2246
5 1287 826 2430 3687 361
6 4528 3386 1736 1583 3472 1067
6 3505 4417 4073 658 4762 1986
1 3564
3 2086 1718 2680
5 4859 2134 1898 1824 4719
2 1035 1780
5 3795 3242 316 4299 345
3 2897 3333 2349
4 2318 2771 1908 4449
1 2326
2 1319 4360
4 1131 3058 1249 2731
5 171 211 4313 1994 4720
3 3632 3194 100
6 1809 3115 1035 2050 4397 1236
3 4803 213 1924
3 1900 1584 178
3 3989 4399 4242
3 173 2851 690
7 38 1951 187 3672 1506 1739 1545
5 2300 4382 1111 268 1660
2 3990 4249
7 1113 3252 3872 2668 4653 1692 2491
5 3736 392 576 437 659
3 2214 4042 4763
5 2837 4646 3623 1597 1391
3 4610 121 4200
3 157 1511 2599
3 799 4098 2494
3 3904 103 2921
7 4061 2173 3841 1481 1032 4060 3218
1 978
6 1850 4666 2305 4827 4396 1625
3 1783 3622 4764
5 2877 3859 4891 2710 1736
3 2775 3133 1992
5 2968 1550 1866 2810 1042
3 2416 3244 1292
5 2895 3430 1270 1171 4171
4 3142 22 2139 4225
3 2716 4984 1804
3 3485 2127 1165
4 1966 3036 3710 3503
4 1593 2361 1520 3308
3 2759 2770 1592
5 1090 3569 542 2505 1859
3 4807 4115 4949
2 1387 2254
4 754 1783 2294 4324
2 2250 1068
3 2899 3797 4740
5 2207 2394 2982 1639 3070
3 355 413 3514
1 3494
4 39 2145 3145 4603
5 4424 2211 4002 3059 1093
2 4365 4878
7 826 3557 3156 343 556 2849 3930
3 4056 1848 1490
4 3851 3672 3918 4839
5 4754 4087 806 1236 2607
4 4297 2280 584 2466
1 3085
1 2224
3 534 3873 2687
4 3317 4803 4861 3787
4 1030 4299 1509 462
1 3709
3 4784 4940 4854
2 1795 1464
4 3155 2210 3714 1366
1 2060
3 3175 590 416
2 3291 900
5 1536 1017 4933 779 3075
3 4706 3241 2911
4 1556 4836 2134 2616
5 926 4383 2976 2733 326
4 1548 2292 1688 4813
2 828 1931
3 3303 4197 4936
3 809 4803 3639
5 1416 3989 2254 752 1056
2 4098 1493
5 4681 1071 1324 4429 922
1 213
4 2241 3283 638 1620
1 4879
1 2605
8 21 2581 4522 4166 345 756 4982 4607
3 2866 4067 4143
6 3320 3717 4294 3413 4820 3627
5 4791 2030 2706 4939 1119
4 4098 3903 762 308
6 3323 4415 3772 2681 2228 2765
4 1603 1528 168 4886
6 203 834 1482 161 1283 3428
5 2698 2390 3482 4304 2787
2 3019 2749
3 1548 1059 639
4 2768 2816 4861 3788
5 4791 179 228 1039 783
3 1753 1368 3341
4 4419 2255 461 4867
3 4609 3500 819
5 4207 412 4376 3904 3419
1 2433
3 2799 3787 1354
1 3678
4 1176 3458 4015 3418
7 1065 3835 3752 2821 1156 3545 439
6 3489 2744 3537 2117 290 2225
4 740 1828 3124 1124
2 3238 1966
3 4569 690 498
3 3603 424 698
3 1780 3265 1109
2 2113 1606
1 2914
4 2501 2098 524 4054
6 113 108 3744 3525 3703 3227
4 4893 511 1551 2666
4 60 1781 714 1096
3 4799 2981 4248
2 2066 619
4 4226 696 394 178
1 518
3 1058 3593 808
4 4618 434 4118 929
3 4525 2452 1050
1 1961
3 1756 1146 2126
5 4651 1537 3482 808 898
2 4133 1625
4 1476 380 2518 3348
1 4772
3 134 415 1538
4 4969 4749 1065 1687
5 736 26 3047 372 2960
5 2969 551 2202 1816 2491
7 3842 206 1483 509 178 1631 190
5 1200 833 4373 3489 4387
5 16 2261 4776 2153 995
4 2762 4917 4568 3271
1 4657
4 1513 901 1518 237
4 34 1296 1912 1251
4 715 3452 2479 840
4 3708 4458 1710 2376
3 1662 2181 2206
7 2464 128 405 4454 4775 3373 2523
6 836 3305 2944 214 3404 1939
1 3458
4 3795 1722 632 303
3 2968 3421 2389
1 2023
4 785 1012 1128 452
2 1156 2586
4 3741 2252 949 4750
4 1665 654 159 500
4 4034 3571 3531 3806
1 765
2 3915 4290
7 4852 1980 2370 4614 4988 1655 1408
2 1913 593
2 4779 1177
5 1686 3393 3620 1426 998
4 603 2648 3902 963
4 1561 3138 921 3792
3 3030 4471 2454
2 2971 1144
6 1440 1740 4406 4598 2327 3747
3 3109 2061 4011
3 4063 353 2799
3 442 865 695
3 1600 3511 2351
3 3111 850 2942
2 785 4915
2 4904 3877
4 3360 1126 953 379
1 126
8 4163 2047 545 595 2312 3973 4495 1653
2 1608 2603
3 4586 238 1587
5 3497 4885 3287 4894 3706
2 1358 1197
4 1191 705 1810 2220
4 3353 467 3771 1023
2 2277 3009
6 1025 2862 654 909 1786 3080
3 1353 3151 4213
5 3632 494 4557 3087 1289
4 158 4692 1751 3086
2 261 1822
3 3411 3236 3696
2 695 4209
3 3660 4458 3878
2 405 3579
5 3121 380 3554 4430 2537
4 758 1957 1914 1550
3 2301 2425 4532
2 4378 1812
3 3582 1497 592
6 3883 4754 2240 866 4908 1802
5 4195 2841 1771 3467 630
5 3764 847 4746 3603 2755
7 3270 29 4788 2280 4257 4236 1917
2 1989 2348
3 3947 2616 4949
6 436 1525 1814 3153 698 263
4 2708 1363 2908 1257
3 4023 2764 2
5 3781 626 340 845 176
1 2282
2 768 4546
5 4859 2954 2647 4961 2574
2 2121 2903
7 54 1122 3856 2422 4800 2348 4190
4 1562 720 3047 4678
7 3121 507 777 612 2540 976 3070
2 1011 466
7 1409 369 2432 4474 4659 4625 4765
1 3764
2 4451 3009
3 1435 1213 3535
4 4468 4170 1935 246
2 746 4912
3 24 4246 4438
7 4672 2189 2317 4312 2578 2704 423
5 3670 2252 4124 4926 2632
3 4208 1510 2750
3 3076 2721 2258
4 2726 3632 4855 2151
4 2751 220 3259 4088
3 1386 2847 3964
3 3683 2157 2172
3 4373 692 1221
5 3812 3371 3366 1480 4486
2 3008 1171
4 1927 2812 747 1909
8 2908 3622 4947 3254 3959 829 2929 3833
6 4807 608 2798 2517 2329 862
2 874 142
3 867 2675 1275
3 4211 1177 4943
4 1912 2934 1362 4418
3 974 2276 2830
2 418 1029
7 4357 4749 2181 4764 4609 3765 2974
2 1144 2095
1 3920
2 3468 1910
5 3717 847 66 4797 3734
2 3760 822
2 3404 1019
3 664 3776 4456
1 3402
3 1645 1379 4833
7 1525 1431 2969 4408 3413 4848 4010
4 3699 4035 3899 4588
8 4505 3072 3606 2681 2348 2204 3362 4728
3 1850 4078 3020
2 4580 4480
1 3310
3 3213 4741 3767
2 1490 2639
2 3414 4942
4 3155 222 177 4995
2 2422 1425
3 3724 626 800
8 1812 2331 1983 2886 2765 3022 682 1762
4 2066 4034 4616 4037
1 2060
1 4783
6 1120 918 1111 2056 4587 3487
4 3933 3577 1788 3619
2 2645 3612
5 1566 1984 3136 2100 2693
4 1249 594 3170 2838
3 1968 1940 1106
3 4656 2673 3680
1 4424
2 134 4469
10 1722 3665 741 3518 1748 3267 767 2167 4071 3361
3 2416 2604 697
3 1991 3562 1923
4 4941 1411 1043 4539
5 4059 2871 1615 24 1024
5 4288 189 1237 1136 2176
2 4003 651
2 2798 4937
3 2135 156 2211
3 3287 1896 1804
3 681 4748 146
1 3672
1 2920
2 2327 2010
3 2023 2278 458
2 855 1769
3 1335 3964 3184
6 607 1075 542 3245 3749 1998
2 2143 587
2 4941 4820
3 4273 4754 1450
2 3494 50
2 3257 1326
7 409 1285 1121 1638 455 1057 996
6 4584 4090 4531 4114 1773 1507
6 4798 2994 579 3483 4126 2355
7 2510 2430 4711 4031 1396 3068 1031
2 2508 295
1 1724
4 1606 2025 4313 2417
3 4830 2142 1203
3 4566 324 579
3 2281 3384 1530
2 2483 4157
7 1957 4906 2581 2813 4811 2494 796
3 2252 2557 4823
5 4829 856 4771 2632 983
5 3187 321 4478 1637 1703
3 3221 4239 3752
1 2641
3 1065 3622 972
2 4416 1198
2 1883 2054
2 2694 436
2 4906 2502
6 2550 2139 703 3196 4627 1449
2 3542 4708
6 3652 206 2625 3161 2016 4573
6 1877 4006 2862 4393 970 3221
3 2221 2027 3014
4 855 1641 1135 246
2 3059 4739
2 2520 2888
3 3287 4273 2259
4 2119 1742 2504 241
7 2637 2661 2981 3033 256 1704 3387
6 4722 325 3571 4764 4771 3273
2 4015 4110
2 1519 2485
4 3293 3417 4558 415
4 4099 606 4998 3286
5 1850 3729 2066 37 2170
6 4001 2782 989 3497 4210 3061
2 380 870
7 1022 1465 1829 4168 3546 345 1472
4 4480 4093 1591 3357
4 694 2394 4598 2798
1 3034
2 2973 4946
2 3307 4684
4 4314 2331 443 347
3 703 2511 1493
7 4319 1420 499 4044 2218 1738 3139
2 4052 4139
1 2946
7 2941 4983 2144 364 4066 4874 613
4 1895 1760 1650 2435
6 1410 3534 1431 4273 581 4888
8 4492 1504 4992 4741 828 1340 3576 410
4 1501 4008 637 845
4 3482 2312 167 4355
4 3452 1588 3322 3397
2 3690 4032
4 3708 3262 1696 4412
3 3913 4598 4044
1 2832
3 2213 2189 3470
5 3187 2867 546 4649 2500
3 782 1231 3715
3 4152 4725 631
3 1395 3081 1365
2 3334 247
4 4419 329 3107 1293
1 3346
6 1014 2140 3163 4052 2933 1088
2 3431 3064
4 2011 4936 741 1600
3 3093 1759 121
1 2799
3 673 3455 908
9 625 3425 1817 4190 2202 4093 1786 408 1098
4 3468 3155 4172 63
2 2423 2066
3 4557 1318 3969
3 3771 511 1049
4 3142 526 4305 2752
2 3111 3299
3 3679 3411 1062
4 3605 480 1104 1332
4 3617 1350 1344 3541
4 4346 2318 4732 866
2 2598 4362
1 2197
2 4791 4332
2 3452 2322
2 2895 4258
3 4870 2841 2869
2 1021 251
8 2524 492 1563 1935 3946 3879 485 3419
4 87 4920 4949 954
5 3473 1302 1405 3296 3674
1 588
7 297 4879 292 3390 4734 1297 2700
3 3571 421 2770
4 13 2410 2911 4130
3 493 101 3762
2 1227 4422
2 482 398
4 4541 2467 2461 404
4 1035 3106 995 2532
4 320 335 1091 4365
3 2367 4107 4768
6 283 4778 544 4152 3934 2457
2 3941 2955
4 51 4500 4532 1157
3 3569 3398 3975
4 3065 32 2916 4498
3 2601 449 4728
5 172 1995 4454 3787 3223
4 3927 4930 1123 3139
7 2536 659 4110 4366 4425 4639 356
4 2060 4772 1150 2199
2 804 4458
3 3099 4379 641
7 1799 2461 2583 3355 2527 4081 4172
1 4531
8 4192 4004 3211 4476 1454 893 3928 4674
3 396 1088 1136
4 809 4789 280 117
3 4473 815 4996
3 2949 400 4038
5 4757 3913 1262 602 3427
5 2558 524 4463 3720 1830
5 156 4744 2556 794 4911
4 4777 900 3257 1936
5 4038 1278 4599 226 1974
3 969 4372 564
2 2159 1345
3 2655 3020 163
2 2276 3021
2 4369 2277
2 2838 674
5 4024 770 3056 4804 1209
2 454 431
3 1788 3752 827
2 2870 4363
3 2181 1983 4687
3 1839 2638 633
4 2049 4409 2743 1179
4 3746 1576 1470 3811
2 1729 554
5 449 2657 527 1600 92
4 2707 566 1409 4349
3 4041 2307 2114
2 3898 1064
1 2369
1 4379
1 3093
2 2170 3693
5 1014 705 2123 2741 4298
5 3081 3337 4218 1021 3930
2 3037 4068
4 4490 1991 1335 202
1 1325
2 1792 3084
4 1276 2187 3351 3432
4 2447 317 3312 487
3 4525 2822 4896
3 691 4922 3482
5 2670 4282 327 2675 1904
2 2349 138
4 1920 2908 552 1288
4 2071 2394 4844 1127
2 1666 1868
7 1310 3437 4480 3594 257 4759 3529
5 147 4017 3533 1485 1705
1 225
3 4939 2209 2314
1 2181
3 4108 444 557
3 2226 1648 2377
3 1994 473 4437
3 667 1440 4912
3 4466 2017 3002
3 2358 4701 3029
3 4675 1770 1674
5 3857 2782 4065 4555 4730
8 3567 211 385 4462 3348 1147 4394 4701
3 3109 4353 3801
4 2400 2088 3941 3265
2 2858 2581
6 1877 3843 4322 830 1127 4925
4 38 809 4920 952
5 4753 4250 3874 4825 914
1 2405
3 3770 657 403
4 2441 3684 309 1784
1 3458
3 38 1505 1238
6 804 4133 1356 471 612 1688
6 1933 3621 4051 4489 3852 3042
2 4522 141
3 3990 147 2023
3 2664 3043 483
3 4483 3242 4952
4 529 1748 3013 1727
2 1296 1571
5 1790 2885 3477 567 2036
5 1276 2124 1652 3723 1224
4 2467 4405 2969 3957
2 545 237
4 4747 2391 3414 3212
3 2954 4393 584
3 4558 437 4497
2 3034 2412
3 1456 2886 1385
4 3821 4367 4110 279
3 312 3877 935
1 4148
7 2066 3783 3163 3672 3471 3502 3148
4 2698 3771 2006 4563
2 765 1993
2 3783 4359
5 3950 1278 3034 4246 3945
2 1539 182
1 660
5 3968 2307 2865 4693 4793
8 4227 3247 3233 4582 49 3536 1923 516
4 1641 2801 777 4205
4 4645 3867 2220 3879
4 846 2489 393 655
4 1778 3089 3391 2470
3 3462 1425 1391
2 2949 1970
3 2761 2655 996
1 39
4 2436 3202 4015 1130
8 4226 3889 2245 2828 2527 4731 2102 3868
3 2131 2880 1053
3 2533 936 3631
4 2174 1101 4129 3280
4 4726 1208 1304 3570
2 401 4435
3 1263 4150 2654
6 4262 1874 3799 2685 3279 503
3 3542 2663 4488
4 3542 2173 2208 677
1 2519
4 385 1971 2128 3685
3 590 2671 2278
7 4001 1345 4780 1307 646 2388 4628
2 3870 4959
3 3004 1090 3602
3 148 4904 3976
5 568 3325 394 4734 1811
1 4174
4 3795 18 2335 326
4 4491 2079 1613 3507
4 2209 3513 2413 1321
4 355 2077 3312 3349
3 3398 2357 1421
5 75 4756 4535 1199 635
3 2156 648 1055
6 4836 1988 3170 3773 4421 2040
3 1721 4760 1652
1 1092
2 3939 1413
5 4854 255 296 2863 1240
4 25 4540 2905 2852
1 4679
3 4097 430 1056
6 1337 883 2079 3422 4317 330
5 2630 3228 4860 3572 800
2 3745 2152
8 754 1970 1576 1551 2287 1798 4287 1313
4 4584 3819 2404 2184
1 2742
4 3497 2698 1190 4705
4 3895 3860 49 3172
2 4192 2723
2 3033 3233
1 4830
4 430 4085 1704 4884
4 799 3540 3605 3595
5 313 750 4359 2444 3855
4 1200 3250 2524 2379
2 2832 4103
5 4950 4638 103 2635 1963
4 3391 2478 517 4101
4 1076 865 1865 2158
4 918 4603 119 3031
4 2731 4634 3268 4674
4 1587 4258 51 3926
7 1004 1035 274 597 3118 4740 3994
5 1055 4352 2240 858 2138
5 3935 3852 4031 2980 72
3 64 35 4272
3 706 173 1635
3 17 2686 95
3 3819 3348 1326
1 3558
2 4462 2749
6 1695 659 376 266 3279 780
2 3208 3640
3 681 437 560
3 4410 600 53
4 4930 1906 979 1280
1 2023
5 112 772 2550 2423 4274
6 4680 334 3741 3310 72 2834
3 4297 133 4872
3 582 3820 960
2 2086 39
1 1398
3 4959 755 4055
2 3919 322
2 4591 333
5 1214 684 2962 2410 441
4 804 4014 1447 3645
2 4474 117
4 2789 2766 3271 2347
3 2756 4922 3060
1 2078
3 1758 1165 2930
5 3063 4269 4788 1662 3868
3 2541 4531 4841
3 2246 1281 2860
6 3108 1409 2659 597 1627 62
3 3188 1810 3602
5 2240 3140 1779 926 3303
1 1806
3 1028 1686 4782
6 1537 1571 1919 400 2784 1962
4 1123 2857 130 4033
3 3501 4347 4373
3 934 3338 4058
2 4347 4954
4 3355 3927 2637 3884
4 795 159 3367 1382
3 1197 767 1230
4 3338 1725 1198 3023
3 13 1205 4880
3 1780 2943 3828
2 855 1457
2 1334 2177
4 3087 764 4647 43
2 949 2245
4 2965 4165 781 1756
7 3693 2047 3314 2803 2503 1284 2663
3 3300 2107 1299
6 60 2633 4162 1143 4361 4272
3 395 4929 3601
2 3090 3145
4 2788 2619 3859 4826
2 4283 1637
3 1455 391 3737
2 4282 3550
3 1466 3896 3939
1 1094
4 3310 1369 4070 1391
5 2812 4363 525 4563 3304
1 391
5 3105 228 1360 2598 1077
1 1526
2 795 2257
4 200 1770 2870 3491
1 1385
3 2650 2184 4296
2 1979 1445
3 4920 3366 987
1 4830
3 2683 2702 3248
2 1895 3208
1 1639
4 4692 3089 435 1552
5 3895 4847 3729 1502 2004
6 4681 1315 2274 1148 4716 2723
8 1668 2127 3941 3347 4481 670 4094 4527
1 1842
3 1677 2780 1103
4 3716 2841 2003 1226
5 1573 608 2209 2983 460
4 2833 2822 3498 3592
2 1930 4625
1 1406
2 3538 3064
2 4 720
2 4390 1713
2 104 997
4 1675 1726 1730 3434
4 4748 4043 4283 2722
1 1640
5 3617 412 2529 91 2138
5 4651 4722 3742 1323 2554
3 454 4302 3707
1 3857
4 2395 3756 3460 650
5 1562 157 2780 324 4737
3 4811 3702 4567
9 481 1675 466 2981 144 3496 2834 1077 2100
4 2658 2074 4576 1946
5 1101 1184 1931 1217 1179
3 4711 393 4768
1 3975
1 4441
2 4568 2455
2 509 3383
3 1931 2065 2396
2 4747 4683
4 33 3314 1658 513
2 3551 2807
6 696 3637 1296 4052 4382 4393
5 1857 3469 615 4042 402
7 4610 506 195 1307 2209 104 4688
6 1002 3029 3178 3264 2872 404
3 795 3004 201
1 1083
3 4288 2208 1994
4 1701 2351 4283 2789
4 3206 3388 1690 2258
2 65 1041
3 1091 3718 4860
4 46 1622 2814 4957
4 3324 2073 4880 1154
5 4419 3407 4280 3833 9
4 4777 4993 4580 4447
2 2710 1819
9 1464 4523 4481 3367 4356 358 1265 145 3529
3 3425 1764 2230
2 2327 2038
2 2859 195
2 4038 3739
2 802 1192
4 1791 3635 3190 289
3 3533 1849 3268
3 4753 4008 4689
7 196 1269 3358 738 3471 1419 2068
3 4491 4815 342
2 180 4401
3 3114 1172 868
2 365 4528
4 4870 3215 1928 2431
4 3718 2115 3206 704
4 2895 3910 4107 3289
4 1266 2312 4827 4786
1 4761
3 4292 2274 146
2 4059 1874
4 220 433 2024 4442
1 2466
4 4879 583 1205 2020
1 1215
4 880 486 965 3251
1 4424
7 3063 4139 4544 4285 112 1727 1952
3 3017 1905 3283
3 4457 135 2535
3 3092 4111 4165
7 3003 3872 2353 4647 3815 3848 722
1 4123
2 1841 4680
1 1163
2 1418 1213
3 4329 3162 3492
1 2276
6 2150 4749 4717 3178 4239 2823
2 1865 4589
7 3984 2670 3029 4717 2081 1164 4171
5 1471 3285 4233 4205 4169
2 2382 1996
5 2072 1468 4269 824 1715
2 2817 2151
2 1282 4089
4 2955 4393 3800 4232
4 1831 4310 2612 1546
2 2685 3674
2 559 1770
5 807 2223 4750 4261 3015
2 151 2733
4 2023 3603 1435 330
3 3369 4977 4417
3 445 4182 4424
8 421 46 3573 1432 4537 4811 2389 4125
4 2232 3974 1599 604
4 3518 1614 1187 3578
4 947 2730 902 3361
2 2094 3300
4 2510 592 4612 4209
1 2091
5 3609 801 16 144 803
2 555 3900
1 2803
4 4393 332 3361 4881
1 1325
2 2674 875
3 4289 1831 1623
2 2744 1961
3 3740 1804 4637
5 3524 2029 2651 714 3824
4 2331 3865 653 798
3 2787 2514 295
7 4835 473 781 3041 2984 928 4661
2 4086 2450
1 2766
5 1548 3364 4835 3867 1777
3 3211 4932 1495
1 2024
7 4006 2773 2935 1061 376 4708 400
2 2160 1430
3 1603 3560 2732
7 4569 743 2695 1510 4684 2398 2582
1 2798
1 880
3 537 4350 1629
7 1423 2498 2965 3145 94 4278 4908
3 1699 2326 4954
3 2837 2770 2169
4 3435 4969 4418 3908
1 2897
4 4632 180 3439 3127
5 847 841 2463 2161 3077
2 1899 504
3 2749 314 1289
1 507
1 1556
3 1110 1335 384
2 599 2942
5 2473 4715 4792 3137 719
4 2941 3038 1405 1229
2 2015 1308
5 3049 1881 1344 2285 1709
9 978 2498 1706 2335 2450 1775 3905 1533 4512
4 3501 4149 3069 4151
2 424 4866
4 4675 3967 994 849
4 168 1832 4328 1084
4 4904 220 1081 1880
4 2274 1055 4109 400
3 1956 2271 4003
5 2250 745 238 1679 1745
2 251 3875
5 4838 1953 4242 2262 587
4 772 1933 3760 3013
2 4821 4519
4 1729 337 4037 4099
3 4675 2326 3522
6 4165 864 1510 4685 4995 954
3 1594 3906 3136
5 4175 2812 4470 2805 3960
3 1714 3091 732
6 2504 3925 1465 844 3568 67
3 3935 4693 3492
6 4031 88 1840 3123 1552 1845
1 4791
5 2277 3955 911 793 3336
3 520 446 93
1 1603
3 3951 4748 913
7 3653 2842 4149 903 3254 974 3748
3 2832 1964 2100
1 2482
1 3617
1 2935
5 3713 1812 3029 731 3194
5 1461 2855 735 3971 3938
3 3322 3458 2146
2 411 1626
3 3532 2095 4226
5 1396 2490 3589 1584 861
3 1118 859 3012
3 2067 811 2941
4 703 2997 2970 1789
3 3653 2877 19
1 3399
3 1904 2706 291
2 4497 4202
2 3216 2925
3 1895 654 4964
7 4288 3843 4226 2724 4027 4307 1830
1 4002
2 1908 2786
4 3544 1248 3055 1650
3 2501 1601 3526
4 1927 4770 3246 1815
3 2868 2464 3529
1 1447
3 4253 2547 1516
3 1792 3370 2411
2 798 1633
2 2658 1349
5 2467 4024 3209 763 4724
4 3683 4592 2796 2092
5 3092 1791 2779 2514 4420
1 3770
3 2061 3963 1582
5 4120 600 2886 663 784
6 2771 823 1856 2775 2548 974
4 3878 1987 3059 260
4 1139 1694 2762 791
3 3413 1114 2489
4 3323 3606 3342 2781
4 2544 2264 3836 1393
7 4835 4295 4608 1330 1338 3513 176
2 3757 4332
6 329 3887 3134 4239 328 3615
3 4450 2954 4407
3 4078 1706 1651
3 3037 1536 3921
2 4896 769
7 2211 3567 2583 4268 2570 3793 4296
3 1456 3935 294
2 1305 2381
3 140 3095 1173
6 994 215 2383 2079 76 2825
4 2088 3596 74 1815
4 1285 3710 4784 4714
3 1411 1630 485
3 2279 418 3002
4 2778 2639 2180 4705
5 4977 1825 4546 2549 2000
3 1189 1002 4057
4 1482 1956 1475 1442
3 4644 366 3996
6 3025 1344 239 2117 3739 722
4 83 2816 4932 3390
2 933 432
5 2336 900 4219 1237 2163
2 4263 2872
2 1389 3488
3 1665 3417 43
6 1201 3128 2194 2668 2260 635
3 2368 3259 2352
2 4240 203
2 2414 886
3 3520 942 4881
5 4873 1086 4602 509 4420
5 1553 2858 809 3735 2041
5 243 2077 4981 2028 1737
3 4632 4752 2830
5 3431 1197 3662 1821 3933
2 2119 3239
6 2692 2899 2289 2192 4699 3767
4 1133 1378 2635 4271
7 3660 3708 4592 698 2037 487 3937
3 34 4508 2534
3 1274 1995 107
1 151
5 4002 359 1344 4116 2690
3 2168 3947 4971
2 2934 1005
5 767 1282 1721 2382 2701
4 813 116 4828 3998
2 162 1263
3 4483 1202 3737
4 2136 2488 2022 3794
3 680 303 4363
4 165 4918 3681 3500
4 2460 747 187 889
4 4755 4934 1706 3944
6 2633 2625 3733 762 4626 4134
5 809 2243 761 2645 3165
8 1482 3941 436 1821 1621 1607 2727 3503
3 2632 1207 2175
4 3832 2475 2885 1664
2 3114 2851
5 3989 71 718 3860 3774
5 1855 4242 4192 1700 3352
1 2900
5 2314 2476 4468 3191 4019
3 1509 2840 3074
4 1622 518 1991 2539
3 3049 3749 1678
5 1420 4789 14 2008 3335
4 2530 2619 457 4060
3 2220 4015 1743
7 2959 118 3977 1396 36 291 2417
6 211 22 337 4252 4072 2396
2 1841 3873
1 1503
3 3506 3186 2636
4 3693 1973 3441 2385
3 2315 833 970
4 2714 1806 4390 4028
1 3931
4 1898 2931 2169 4841
5 644 10 3929 3336 3444
1 2109
5 3479 506 2477 2067 2179
3 3035 2438 1711
3 1456 2268 1597
6 4578 338 1899 3772 518 464
3 4585 2768 2612
1 907
3 1276 3238 4459
2 2645 2125
3 4956 627 361
5 2996 26 82 1048 2434
2 4346 3051
1 1541
1 594
3 173 1440 490
4 4595 3291 763 465
5 1201 2436 2692 709 3445
6 4540 678 1017 1761 2802 111
3 3282 4358 2845
5 627 775 12 2623 2614
4 4990 186 2944 2208
5 3601 1305 163 1304 4016
3 1464 4242 1092
3 393 474 27
6 563 3183 3982 3641 1713 2608
6 1680 933 1207 1383 1257 470
1 4192
5 3512 3386 2065 346 4255
1 1679
2 2358 1813
3 3819 4140 3940
3 2756 3712 3929
5 449 431 1410 3130 3402
4 576 1637 1981 2357
4 4076 1877 3140 2234
1 1281
3 4297 1646 907
4 1016 2744 1044 818
4 3798 4770 2147 2076
5 4586 2795 4518 4083 4614
3 2356 3923 259
5 157 669 1129 2551 4912
3 3285 2317 1032
3 4852 421 4269
1 38
4 4704 1 4434 3726
2 804 451
1 2332
2 837 2294
1 1208
3 1558 1363 479
4 3391 825 3129 2558
2 4733 2656
3 2240 2794 3450
4 720 2625 4001 3475
4 3071 413 1793 3221
3 1318 3898 3703
3 1044 3854 4028
3 4577 1395 2397
1 1813
1 855
3 2316 2 3498
4 4035 4175 3502 308
3 2123 2676 4787
4 0 2901 1598 3474
3 3393 1008 3826
1 4213
4 1126 2550 3655 4220
6 3626 690 4679 4325 2322 3466
4 203 2314 3439 711
2 28 2555
2 2419 2381
3 1548 1311 3842
2 2581 272
2 2232 73
4 4215 2968 1554 687
2 1395 4559
3 338 4505 2141
6 1055 2419 2340 398 1351 3354
4 4240 2944 4763 3774
3 1669 2728 1382
5 3065 4042 721 3112 2062
3 3001 1814 4661
7 4090 3819 735 141 4963 479 3307
5 1931 911 2576 4506 1221
6 4540 2795 2889 3695 2513 1570
3 1853 2521 3786
3 3771 2269 1325
8 3449 2205 3414 2182 1837 3157 4281 557
5 2120 3459 161 872 1663
4 2794 4131 985 4786
3 4406 4458 1558
5 1943 165 3468 2219 1193
2 704 1299
4 736 2708 1000 4516
4 753 637 2815 1603
2 4617 2726
4 3861 3683 3879 3082
3 4990 3950 2478
3 1901 4859 203
3 282 2681 4623
6 426 4450 2762 1530 1800 1181
3 3566 1064 4105
4 4986 3284 142 1146
2 2759 1436
1 392
1 3601
3 4417 4722 315
4 3760 3035 3253 3616
4 3538 121 4228 4842
3 4903 2550 2321
1 4302
2 142 740
8 4540 3675 3295 4668 3186 2615 2141 882
3 2180 491 1575
4 3783 2140 1430 1026
5 2726 4597 1078 1684 683
3 2039 892 3640
1 4627
1 1753
5 3400 2120 2403 2444 217
2 2768 2043
2 2806 4601
2 1171 546
4 2550 3733 1645 4198
2 4474 1737
2 3840 4619
3 2771 2242 4065
3 1662 3475 2701
3 743 2478 2711
6 2689 656 1368 2997 1301 1805
8 4334 180 4453 3035 216 3194 7 2537
4 2842 4648 730 3394
4 3258 1008 4106 1963
3 3115 1248 589
2 1272 1616
3 3175 349 4312
3 1901 1810 4102
2 3935 1802
4 524 2 1528 2735
2 1287 1546
3 3450 3438 1673
1 432
4 366 4437 3073 3024
5 1856 938 2168 302 4044
2 3537 2837
5 4273 3155 1485 422 4160
4 2842 4633 3292 133
3 3882 2005 983
5 1707 3089 837 3368 1341
5 1537 3644 598 4208 3009
1 994
2 1857 3534
4 4733 3242 153 1508
2 1149 1889
6 1214 3097 2778 3792 319 1870
2 3417 3656
2 1646 1038
1 3733
5 2318 2256 646 2966 100
4 2754 3126 4316 4583
3 3119 507 512
1 359
1 3170
3 2669 1672 569
7 1850 3544 4938 231 1982 1159 2740
2 2064 2251
2 4614 828
1 2713
3 0 1465 3044
3 626 2954 2957
4 1677 2148 2564 3740
1 80
4 4106 2685 3941 3083
4 4000 1770 4360 4349
2 355 2883
1 895
4 1487 3730 1565 4760
8 297 4569 4755 4084 2620 198 3451 2378
9 541 2612 2629 517 1490 4275 4124 1329 1658
5 3596 1071 1910 4191 4927
2 2016 4941
6 3240 759 2275 1617 4223 3026
2 4325 3864
2 4361 2883
1 4904
4 1140 2736 4813 3961
2 3217 4228
4 1264 4250 2747 1478
8 2381 2484 3081 1720 3213 589 2152 1967
4 418 2458 2819 2323
4 3105 603 3704 4189
2 4366 4041
2 3402 115
1 2401
2 2391 3117
2 2906 3262
1 1112
2 4456 1929
5 3158 3269 2216 4724 319
4 3055 4002 133 3999
2 392 1749
3 297 387 433
4 1 4546 153 993
4 1519 4092 4433 91
3 3241 3587 1922
3 17 188 3338
4 163 3841 4322 2607
6 4726 1044 923 693 2380 3136
1 4713
7 3821 1563 112 1155 4980 4217 1654
3 2390 3037 940
4 103 1025 4710 2218
1 4430
2 4342 2473
6 491 4191 324 2893 643 4910
4 4280 4282 2998 1671
2 1726 4875
3 3516 3413 2128
2 1253 3524
7 1319 3384 4939 2022 2804 1033 616
5 325 3851 4208 4608 1731
1 134
3 4700 4405 3014
2 1557 3884
5 1044 4709 20 4056 2624
2 2418 183
4 282 3772 222 3932
1 2405
4 631 4001 4790 1709
2 4052 58
2 2636 3905
4 4654 3242 4885 4553
5 4069 3917 4963 1965 1240
4 4772 2959 426 1765
2 2246 2009
2 4212 4921
4 2337 2716 55 4925
2 3037 3846
3 636 3562 4108
3 3873 1144 3776
3 295 1540 2226
1 4977
4 1066 1412 3948 1624
3 3453 642 3428
3 3717 644 1481
7 4026 2391 4223 2573 4897 2927 1212
5 681 3805 4205 2238 4372
5 4280 2150 3760 1589 3649
5 4292 2760 3670 2879 83
1 3164
5 1363 4818 4453 1868 2919
4 4008 4250 1950 3203
8 1557 2014 2265 1753 3572 3411 3715 3815
5 4473 4934 4679 579 2803
6 75 4076 764 3500 814 68
2 1961 3946
1 1165
2 3989 1450
2 4678 4079
7 515 528 2646 3332 4260 1306 991
3 1285 3513 1068
8 445 2090 1797 232 982 4580 3536 2746
5 3851 3760 1602 3545 1317
3 3733 2204 758
1 97
5 1014 3063 1361 842 2329
6 4956 4974 2441 4217 2191 3926
5 2782 300 2920 868 2306
5 566 4539 107 4398 1373
2 3831 3851
5 2060 3936 4735 1301 3647
6 3478 1259 4776 2234 2906 2912
2 2200 1731
4 3662 3138 307 315
5 4773 3654 1679 853 1168
5 2047 1718 3949 4240 310
5 283 3927 1614 1524 1527
5 3406 1311 3494 3677 2516
9 3287 4065 3108 1542 1879 2547 1268 1524 621
1 290
2 4146 1216
3 3208 3000 3785
4 3400 2288 4430 3580
5 2242 2674 2922 4837 4911
2 4591 4259
2 4564 2956
7 4139 3718 2486 1643 2686 2991 4905
6 3150 2264 2277 3943 4487 429
3 3262 3285 4730
10 3613 179 3604 1558 3033 4368 219 1398 571 3908
3 4342 243 2172
2 4909 4041
2 551 4817
3 1504 3157 331
3 1410 3489 1357
2 848 3764
5 4827 2878 1673 3820 1830
4 2458 6 2760 3635
4 2043 3729 855 1404
4 2706 4986 1283 1773
6 2180 1075 1801 781 3226 2141
4 3527 213 3593 3577
2 1683 3957
1 3299
1 1295
4 2300 2630 3558 3753
2 1664 4980
2 1933 2724
2 3069 2618
5 456 4297 3829 4213 2483
1 596
5 3590 4687 1121 69 2171
2 1436 2891
2 4252 2611
1 4977
9 2292 3464 3130 614 1174 3505 2176 857 4794
4 1363 4752 806 1859
2 2550 1981
5 2659 3603 518 2600 3814
5 1222 1769 4846 4358 3159
1 926
3 919 2028 3830
5 3358 1641 1862 1891 1080
4 4008 1869 973 2745
2 4168 83
5 3544 2137 4798 4259 125
3 1216 3383 4466
5 3324 2871 1589 2410 3831
9 222 1801 4185 1866 3825 4096 1838 1488 1491
4 2116 2072 3437 1181
4 2346 1144 290 451
2 3353 3769
5 377 1082 984 1679 540
6 4319 306 4417 4316 3411 1316
5 4078 1988 3229 3588 941
4 2873 3283 4785 102
4 3091 1427 4356 137
1 3571
1 295
4 3039 4499 4140 1647
2 491 4610
4 4859 1989 2493 1452
4 3285 3079 1787 3987
3 3410 353 2260
4 3376 748 4821 1271
4 3399 4190 3374 2113
2 3770 614
2 4945 423
3 989 3253 3198
1 161
6 1980 3675 4544 3388 2536 1636
4 2166 894 2558 767
8 1523 2189 561 4082 3247 3436 2334 3580
3 274 594 3744
1 615
3 2090 1389 650
3 431 1976 3186
6 2134 3516 774 4843 3727 4600
6 966 1465 3247 4087 4236 3200
6 3612 2499 3507 3577 582 9
2 3137 742
2 1702 1488
5 411 2253 709 4919 129
3 3224 2130 867
3 4348 471 1050
3 3374 226 3615
4 94 978 501 1878
6 1764 161 115 2451 293 1105
5 2991 4256 3911 450 991
3 397 1893 1526
4 785 1092 4125 927
5 3133 1842 4450 3370 663
2 3870 1668
2 3082 4718
3 3105 1756 2464
4 2957 661 3426 2739
7 402 775 2544 713 52 1654 3568
6 4265 583 2560 3917 3599 1708
3 4238 4156 2346
3 4307 348 4449
5 733 570 3151 2575 498
1 1573
2 4097 2412
7 2011 4733 2934 3696 339 1800 440
1 3607
3 802 2502 350
3 3872 3441 2553
3 2647 4977 1899
2 2066 2691
6 653 1396 3546 2008 439 1732
2 4945 2026
4 3633 511 2007 334
1 3696
2 2394 415
4 853 3982 3359 4423
3 4747 3437 1046
2 3036 465
1 1864
1 2163
5 3081 1025 1991 3319 1462
3 533 827 1180
5 2550 4611 4985 1477 1433
6 220 4351 3504 3690 4068 4686
3 2252 4788 94
5 1263 2866 1924 3829 3839
2 1968 2179
3 3715 4329 59
4 25 1569 2135 4793
1 4716
3 3948 4785 3283
5 403 598 4542 3997 3738
4 1356 312 919 2606
1 1691
5 785 3689 529 2909 124
2 4954 1447
3 2762 3655 1972
5 1471 73 1806 4471 2892
1 4864
7 4184 3366 1219 981 535 4007 3914
2 2394 4737
5 2756 4136 1711 3983 244
4 521 4988 4976 2642
3 1922 3222 1013
2 4738 4006
4 575 2756 3741 309
4 759 2174 4681 301
2 1165 2532
5 2290 38 1101 4166 2776
6 2821 1602 3934 1897 1365 4121
3 3134 1841 2658
5 3211 4320 4439 1544 2999
3 3586 812 184
4 4473 4755 1786 2589
3 2426 3052 82
6 2011 3891 2091 2936 2649 3592
2 1245 3802
4 502 4666 3309 263
4 2698 3604 4721 3992
4 1603 1984 3373 3580
6 3798 1411 1463 3814 1408 4682
2 2732 3778
1 3756
2 3276 2101
7 2328 2061 242 695 4892 2573 4849
6 1701 1642 3863 484 2806 414
4 627 3752 207 547
3 2328 3115 531
4 3720 2168 3558 3914
2 1380 4102
1 847
2 1371 4019
1 1245
7 432 1443 1678 267 4330 4151 4916
3 1559 194 1577
4 627 4510 553 4768
3 4237 1456 1894
6 1440 3452 1078 1604 18 1072
5 3137 4066 2906 362 4129
2 1464 1409
1 3727
6 900 2672 1109 1024 2678 1045
4 1118 4584 3485 4734
3 754 4392 2330
3 1851 2715 4994
7 2877 225 3156 584 1931 518 1239
3 3347 1131 2520
2 999 7
4 4332 3435 3257 3649
1 3092
3 38 581 4463
4 48 1622 220 675
2 281 1671
7 494 2458 37 4768 3210 1639 229
3 1447 412 2979
3 1573 967 4923
10 4295 3369 393 527 4743 4434 324 4816 1403 4889
3 568 1949 2071
4 305 1598 1685 2976
6 2400 4711 107 1162 4808 323
2 4452 1905
4 2131 849 3601 1293
2 3870 2941
6 2808 2816 2358 2551 2342 3552
6 2290 4903 1669 1513 1955 2596
7 2706 4801 4604 2943 1927 3416 876
4 1687 2090 60 2469
6 4923 1741 3675 601 2891 899
5 659 1125 700 2272 1860
7 286 2751 4599 4521 810 217 1816
4 1935 3114 3401 862
3 3873 1513 2295
4 4240 1559 888 249
6 799 4965 1933 1257 1552 1843
5 4361 3779 80 1681 543
2 3944 3009
2 1221 2117
3 2680 2686 3855
2 3007 1716
