5000 10
1 1732
1 2626
1 1401
1 1065
1 4994
1 4761
1 3718
1 4536
1 4761
1 1508
1 539
1 3809
1 606
1 3281
1 4536
1 4194
1 1209
1 3718
1 2235
1 137
1 513
1 3096
1 3096
1 3847
1 1401
1 2468
1 1719
1 3281
1 3096
1 3191
1 1223
1 1732
1 3281
1 2468
1 4921
1 2588
1 2150
1 4917
1 4475
1 4917
1 2150
1 1078
1 4396
1 1732
1 4917
1 1982
1 1732
1 137
1 4994
1 208
1 208
1 3096
1 3560
1 3425
1 1369
1 2150
1 4890
1 2080
1 4569
1 3939
1 208
1 4430
1 2174
1 691
1 2626
1 2626
1 1369
1 4890
1 1078
1 1479
1 3939
1 1732
1 3551
1 4917
1 4142
1 4396
1 191
1 1078
1 760
1 3647
1 973
1 1136
1 137
1 539
1 3718
1 4194
1 4761
1 4890
1 1360
1 760
1 1473
1 3982
1 3847
1 2626
1 1360
1 1508
1 4142
1 3096
1 1982
1 2080
1 3425
1 4194
1 1223
1 539
1 3425
1 616
1 1369
1 3939
1 4831
1 4890
1 1508
1 4831
1 4475
1 3718
1 4502
1 601
1 4502
1 1401
1 3226
1 4917
1 1223
1 4761
1 4921
1 1078
1 3718
1 4890
1 2080
1 4831
1 3226
1 4569
1 2831
1 3982
1 1546
1 2831
1 208
1 3425
1 1719
71 142 2349 2678 3430 47 3853 19 626 2491 2083 2098 1532 3585 2006 2274 3442 4059 586 3922 1932 4545 295 4252 3852 3772 4946 347 2719 3385 1869 2393 1203 871 315 1789 932 1234 1614 3212 4621 1858 1923 4910 1025 3073 2356 4856 1404 3757 1056 717 1690 1353 82 368 3700 3273 3802 1311 412 2907 3474 963 792 1735 324 4553 2003 3655 1898 2772
1 2588
1 616
1 2626
1 3281
70 4142 3560 973 2150 539 2264 1223 2080 3281 191 1982 3019 2235 3939 1479 4475 3096 4435 3286 1209 1546 3425 3191 3847 4921 4536 1401 3718 2831 1360 691 4890 4761 616 3776 513 2588 3982 4791 599 1369 4181 3809 1065 4194 1508 2174 2468 4430 469 208 1473 1732 3647 4396 1719 4917 1136 3551 4569 137 606 1078 4502 601 4994 4831 2626 760 3226
1 191
1 4396
1 4536
1 3096
1 691
1 4791
1 3776
1 599
1 1401
1 513
1 4791
1 973
1 3982
1 973
1 4569
1 3551
1 1732
1 3425
1 4921
1 3982
1 539
1 4921
1 3281
1 1078
1 1401
1 1136
1 191
1 4791
1 4921
1 3191
1 3809
1 4142
1 4430
1 1982
1 3281
1 469
1 1078
1 599
1 3776
1 4917
1 513
1 539
1 1719
1 691
1 4569
1 2468
1 3191
1 4536
72 142 4526 3064 326 1494 4767 949 2018 2663 2735 2954 1828 3845 2889 1612 1687 1131 2561 3462 1840 3459 4329 2822 1771 4205 3394 2252 3382 2275 1961 563 2178 1085 4263 4795 2713 1172 2448 4032 4254 3955 4415 2335 861 4524 1079 4835 1753 4964 3033 76 2611 4765 659 143 1924 4069 1397 4494 2126 4429 169 3633 2823 3326 1664 3228 3559 1604 1265 2087 1574
1 3847
1 760
1 1223
1 1546
1 2831
1 1136
1 1065
1 539
1 3939
1 4921
1 1209
1 4994
1 4194
1 1078
1 2174
1 1982
71 142 1087 1118 4985 2874 3777 828 3350 1394 644 567 2717 3260 1268 2505 1163 3038 1155 1089 50 4665 511 3061 4147 1464 376 60 1231 1179 237 49 3266 4506 4776 2225 1474 1349 134 2016 4291 3843 2797 661 4204 4724 4290 3768 1661 4912 2293 3626 1460 3832 2541 3958 1862 4063 956 2947 3487 3434 1647 1304 1051 362 2991 4610 3014 4117 2365 306
1 3560
1 4890
1 1508
1 4890
1 3847
1 4536
1 4475
1 2264
1 1078
1 1473
1 3096
1 760
1 3647
1 3191
1 3019
1 1473
1 3191
1 3560
1 4921
1 1136
1 2831
1 4569
1 4475
1 1719
1 3019
1 3551
1 2468
1 1223
1 208
1 513
1 2080
1 2174
1 4761
1 1209
1 1065
1 606
1 1369
1 469
1 3019
1 3096
1 3226
1 4761
1 3425
1 1982
1 973
1 1360
1 4430
1 1360
1 3847
1 4536
1 1719
1 4142
1 4194
1 3281
1 4917
1 4791
1 4181
1 3776
1 1078
1 539
1 1719
1 2080
1 3191
1 3286
1 469
1 4761
1 3019
1 1360
1 4181
1 4430
1 3847
1 760
1 2080
1 2150
1 4917
1 1546
1 4142
1 2080
1 1732
1 3286
1 4475
1 1065
1 2468
1 4791
1 691
1 4921
1 137
1 599
1 469
1 3096
1 1078
1 616
1 760
1 2235
1 1209
1 1360
1 3939
1 208
1 4536
1 4831
1 2235
1 2468
1 601
1 599
1 1209
1 469
1 137
1 1508
1 4536
1 2831
1 4181
1 2235
1 3982
1 4396
1 3019
1 137
1 1078
1 191
1 3425
1 4194
1 3551
1 616
1 1719
1 513
1 1078
1 760
1 4181
1 2150
1 4831
1 2080
1 4890
1 3647
1 1508
1 616
1 2150
1 4921
1 3647
1 599
1 137
1 2626
1 1546
1 4435
1 3191
1 2468
1 691
1 1982
1 4142
1 3809
1 2174
1 3847
1 3718
1 1473
1 3019
1 208
1 4475
1 1209
1 2264
1 1479
1 3551
1 137
1 4181
1 1479
1 539
1 2264
1 2831
1 2264
1 606
1 208
1 3551
1 4917
1 1732
1 3809
1 599
1 4181
1 2468
1 691
1 616
1 1369
1 606
1 1508
1 4921
1 3560
1 1065
1 3226
1 2588
1 2468
1 1136
1 1508
1 1223
1 4475
1 1360
1 606
1 3847
1 3281
1 2626
1 760
1 1473
1 3281
1 4890
1 2831
1 2468
1 1719
1 3776
1 137
1 4917
1 606
1 4569
1 1078
1 4502
1 2588
1 3551
1 3096
1 2174
1 2150
1 3939
1 4994
1 1401
1 4396
1 691
1 973
1 3226
1 4831
1 4475
1 3776
1 1401
1 3191
1 606
1 3096
1 601
1 4475
1 4430
1 3939
1 760
1 606
1 469
1 1719
1 1719
1 3286
1 1209
1 2588
1 539
1 4396
1 601
1 4435
1 4396
1 1473
1 4831
1 1982
1 2174
1 3096
1 599
1 4142
1 1360
1 1209
1 3226
1 1078
1 4396
1 3191
1 3281
1 606
71 142 4727 1660 3966 1108 3863 1663 3580 488 1949 3262 3795 4368 4690 748 1080 3261 576 3004 4860 1158 4373 297 4418 3095 608 2857 1354 776 853 3886 3416 3651 3342 749 4320 3110 4416 2670 604 3693 314 273 2877 1386 1015 1359 178 4655 4406 902 3578 1580 1911 4708 443 1830 987 3837 4353 246 2261 4933 2183 1748 2836 679 4068 4661 779 4003
1 4181
1 760
1 4435
1 760
1 599
1 606
1 2080
1 4921
1 691
1 1209
1 4181
1 4502
1 4194
1 1546
1 973
1 1719
1 4396
1 2174
1 469
1 4761
1 3019
1 1546
1 4435
1 1065
1 3847
1 4917
1 3847
1 1479
1 4791
1 3809
1 4890
1 4181
1 1732
1 2468
1 4502
1 4791
1 4890
1 2080
1 3809
1 616
1 3809
1 208
1 1209
71 142 4530 4814 639 3894 2886 1478 2921 1513 1305 1913 1246 2821 2062 1187 2038 3838 3062 1652 809 584 2728 183 2151 4924 1954 1778 950 4299 1206 3836 20 1285 3678 4127 1964 238 2609 2712 3752 1587 1191 1339 1344 3521 2058 2705 2209 152 2934 332 4759 2636 2706 2109 3296 4297 3558 3660 1985 3118 1799 4966 3163 3482 3899 3398 781 3300 1150 799
1 3096
1 4791
1 4994
1 3939
1 3096
1 1369
1 2588
1 1401
1 1546
1 3019
1 3809
1 4475
1 3191
1 1732
1 3191
1 1360
1 4761
1 4475
1 3560
1 973
1 3776
1 2174
1 4194
1 4569
1 2080
72 142 3784 199 2684 3545 3218 3448 1227 769 4476 4886 4790 3136 4764 4877 1878 4843 4151 3307 1602 4370 2337 2383 3494 268 184 637 4420 4376 1989 649 2370 4555 3078 3370 4240 1436 371 4830 3334 1673 103 2894 857 4875 556 1767 1011 83 3222 449 4935 4954 3202 3132 1102 1884 1174 3893 647 10 3032 862 4019 4049 4755 2425 1218 2202 3708 3246 163
1 3718
1 3939
1 1473
1 2264
1 3939
1 4181
1 2626
1 1209
1 1982
1 1223
1 760
1 3939
1 1508
1 1473
1 1508
1 3226
1 539
1 1732
1 2468
1 616
1 2626
1 3809
1 973
1 191
1 1360
1 1479
1 3425
1 208
1 3809
1 3019
1 3286
1 2080
1 2080
1 1473
1 3718
1 3551
1 469
1 1546
1 1065
1 3281
1 3560
1 4569
1 2264
1 616
1 513
1 3191
1 137
1 2080
1 2468
1 1508
1 4430
1 691
1 3939
1 2080
1 601
1 2150
1 4791
1 1732
1 2150
71 142 1540 4926 3621 4301 4208 1975 4753 1336 296 1425 941 3221 2848 3522 381 312 3131 4348 2075 2510 3422 3175 3039 2843 4627 2445 3193 1822 962 1251 4737 701 3959 1969 3564 3960 4513 2835 1531 2989 3244 1515 4815 346 3642 459 1510 4653 2582 3076 3406 4564 4718 1241 150 638 4458 2701 4402 474 2616 2334 2913 1659 4177 3607 180 2372 1216 3490
1 2468
71 142 1151 4851 2720 1907 115 2564 1161 2324 2314 2502 3979 4122 4139 1395 437 2104 3722 2317 2197 2805 1053 2453 4463 2733 594 4884 4377 451 2761 3046 3488 3450 2281 1387 2152 311 3571 4576 2214 2071 4173 4826 1613 2479 4083 2427 976 2916 3605 695 1276 4606 4989 670 1254 2191 1063 2876 4809 4436 3192 3676 2988 947 3485 1629 4130 1847 2800 3165
1 4921
1 1401
1 469
1 3226
71 142 375 2597 3572 3575 414 2181 1385 1581 1331 1487 1505 387 4190 2926 2124 1041 3255 4137 1252 2607 1867 3524 2538 12 2330 3190 1307 4457 2176 3041 442 4174 1787 4955 1765 929 4034 4584 3441 3322 1523 4846 1284 435 244 1070 1888 2753 3799 1430 4234 2015 4928 766 3569 4053 2262 4854 1055 2961 4703 1309 3841 3629 4115 468 3373 400 3568 475
1 4396
1 469
1 3019
1 4761
1 2235
1 1546
1 2588
1 3425
1 4181
71 142 300 1297 3930 4567 2762 2543 3811 4736 1999 2536 2997 905 3466 3756 1498 1573 3091 3862 3742 706 2253 3619 2350 856 3148 385 4195 4393 2159 3315 3921 864 1468 3775 3122 2711 583 2844 342 509 1280 4051 330 1743 139 669 4486 3022 1937 3868 2143 3823 3299 2318 4074 1072 2965 961 4686 4797 105 559 3369 1210 2471 3047 3766 4799 3164 2570
1 1136
1 1546
1 3647
1 1209
1 4435
1 3425
1 3982
1 2626
1 3286
1 137
1 3718
1 4435
1 1719
1 2080
1 973
1 2080
1 691
1 3019
1 1473
1 4569
1 539
1 599
1 513
1 4569
1 4502
1 3551
1 1719
1 208
1 1719
1 1473
1 539
1 1360
1 539
1 4569
1 2080
1 4761
1 3939
1 3982
1 4791
1 3647
1 4994
1 2831
1 191
1 3286
1 208
1 1401
1 1209
1 3718
1 1401
1 3096
1 4194
1 2626
1 616
1 601
1 2264
1 760
1 4917
1 4142
1 1136
1 1473
1 2235
1 3019
1 469
1 1078
1 2080
1 1479
1 4831
1 3647
1 4502
1 2468
1 4921
1 3425
1 1508
1 1508
71 142 4338 715 147 3237 4520 3355 1995 3112 427 1599 3901 838 384 4837 4310 1615 4671 591 2234 3754 1160 1364 478 2667 4359 4428 1945 353 293 1414 63 4041 2308 4667 633 3813 2304 1045 1538 4850 1986 3818 2539 3211 4228 2069 2946 3709 1981 2203 753 3040 3943 1725 3706 744 4682 1325 2451 4280 1811 829 2769 4600 186 3002 759 3436 2452 4125
1 1369
1 3560
1 1401
1 601
1 4142
1 3191
1 2468
1 4761
1 1223
1 599
1 4890
1 2264
1 3551
1 3647
1 616
1 4396
1 3809
1 2150
1 4435
1 1209
1 4917
1 2588
1 4831
1 691
1 4475
1 137
1 4569
1 3551
1 4994
1 3847
1 2080
1 3226
1 973
1 1508
1 2174
1 2264
1 4181
1 1546
1 3647
1 1719
1 4475
1 2080
1 4142
1 3019
1 4921
1 2264
1 3191
1 4181
1 4142
1 1732
1 4890
1 1401
1 691
1 2080
1 3191
1 2264
1 469
1 469
1 2626
1 4430
1 4761
1 691
1 3191
1 1732
1 3982
1 3647
1 2626
1 691
71 142 4651 2036 3980 1829 334 441 4374 1528 1031 2714 1804 193 3593 1128 4896 1987 4804 1738 2411 4090 4729 2687 2485 4107 220 3688 471 1815 89 988 4866 2105 2499 4503 78 1457 4808 280 3707 2065 4132 2213 2099 4993 550 4384 1593 3204 4650 1250 1861 4341 843 1407 2391 301 4951 404 4438 4931 1066 473 2833 1207 4793 672 958 4619 2457 931
1 4475
1 2174
1 3286
1 1473
1 2174
1 606
1 4396
1 3939
1 539
1 4396
1 3019
1 3425
1 1982
1 2468
1 4430
1 469
1 3551
1 3809
1 469
1 1065
1 513
1 1982
1 3551
1 4502
1 3809
1 3286
1 4536
1 3286
1 3019
1 4142
1 3019
1 137
1 1065
1 1065
1 4831
1 1360
1 3425
1 3281
1 513
1 2150
1 1473
1 4994
1 1473
1 1508
1 3425
1 1209
1 1719
1 4536
1 513
1 973
1 3551
1 4475
1 2831
1 2080
1 2468
1 3019
1 3560
1 2264
1 4475
1 3776
1 2174
1 4994
1 3226
1 3982
1 4994
1 3560
1 973
1 208
1 691
1 1065
1 2235
1 1982
1 3191
1 1473
1 4142
1 1719
1 3551
1 691
1 2468
1 2588
1 2468
1 1479
1 760
1 1078
1 1401
1 3191
1 4142
1 3019
1 4791
1 3425
1 3425
1 1732
1 469
1 1360
1 3776
1 616
1 539
1 3019
1 4430
1 4475
1 191
1 539
1 1401
1 616
1 3191
1 4430
1 4435
1 4831
1 1369
1 1136
1 137
1 2174
1 4194
1 3982
1 2588
1 3939
1 4791
1 4761
1 2150
1 2150
1 1136
1 1078
1 1223
1 4475
1 4502
1 3551
1 1732
1 1223
1 1546
1 4396
1 4917
1 4536
1 4502
1 2831
1 3847
1 2150
1 2831
1 4890
1 1209
1 3425
1 2174
1 469
1 4890
1 3718
1 616
1 4569
1 1078
1 1473
1 4536
1 4536
1 4569
1 4569
1 2468
1 2468
1 2264
1 2588
1 4435
1 4142
1 3286
1 4536
1 3847
1 3718
1 2174
1 2264
1 2468
1 1473
1 4475
1 2174
1 606
1 4917
1 760
1 137
1 3019
1 4435
1 3551
1 3776
1 4142
1 2831
1 4430
1 3551
1 599
1 3551
1 1473
1 3847
1 4917
1 4396
1 601
1 4435
1 191
1 513
1 973
1 2150
1 2264
1 2626
1 1136
1 208
1 1982
1 760
1 4142
1 2831
1 616
1 599
1 137
1 1473
1 1065
1 3019
1 2588
1 1546
1 1719
1 3982
1 1223
1 4435
72 142 2380 1379 4211 4953 3989 156 3140 996 631 1855 951 1481 4508 2824 3603 4898 1245 4065 4711 2584 4478 4563 4630 3378 2247 1453 253 1272 2885 3697 4202 1419 3758 428 2810 3630 2552 1036 2868 154 3914 2327 2005 3134 80 1201 2972 2418 827 2828 2493 3247 4652 1413 3379 3613 1837 2022 810 2806 1445 3985 484 2576 724 3072 533 562 3600 1361 4261
1 4142
1 3809
1 601
1 4475
1 3281
1 4831
1 3982
1 1546
1 3809
1 4994
1 1546
1 3776
1 1401
1 469
1 760
1 4890
1 4475
1 4791
1 4502
1 3647
1 1732
1 2264
1 973
1 4831
1 3776
1 2080
1 4430
1 4396
1 1982
1 4194
1 4791
1 4435
1 4536
1 4435
1 4430
1 4536
1 2150
1 539
1 3286
1 3226
1 1360
1 469
1 3647
1 3019
1 2264
1 4536
1 4791
1 4831
1 4502
1 4917
1 3809
1 137
1 4502
1 3560
1 3096
1 1401
1 1982
1 760
1 3425
1 4994
1 4536
1 2150
1 973
1 4761
1 2588
1 3982
1 1136
1 606
1 4890
1 4994
1 4917
1 691
1 1719
1 4921
1 3226
1 4396
1 3226
1 208
1 4831
1 601
1 2174
1 606
1 137
1 2468
1 2264
1 3847
1 3226
1 3226
1 1732
1 601
1 4396
71 142 1621 4423 4323 2390 2473 3705 1736 3806 3166 290 1358 4807 2598 2779 2672 793 4639 1936 3102 3938 2354 1441 4947 4047 4644 3805 794 1874 2861 4340 780 1564 1627 3150 1649 1465 830 2313 4443 3235 2839 965 391 2865 4152 2605 3913 3111 3013 4633 243 1644 4903 2299 493 4510 198 4598 3083 4948 4601 578 3258 3 2565 3340 4642 3146 2950 3646
1 760
1 3226
1 2235
1 4994
1 606
1 4396
1 616
1 1982
1 1719
1 1209
1 2588
1 4761
71 142 4573 2523 680 3546 4628 4146 3232 2692 4607 2097 3253 4625 2184 217 123 1412 907 77 41 4618 1211 3036 4894 4832 3694 464 4398 4386 844 333 166 179 2799 4250 2054 1762 3421 3583 2909 1115 2786 3366 2863 68 3332 1959 1482 325 3356 267 1983 1979 3294 1233 2512 2366 205 1122 4198 2046 2727 3883 1357 299 3053 416 2271 1617 4662 882
1 191
1 469
1 2626
1 1136
1 1136
1 2264
1 191
1 2468
1 208
1 3286
1 208
1 4475
1 2264
1 1508
1 4181
1 1982
1 4475
1 2174
1 3096
1 3281
1 1473
1 4761
1 4791
1 539
1 4502
1 1479
1 4791
1 1369
1 1732
1 469
1 1136
1 2235
1 2831
1 3096
1 2080
1 1479
1 1078
1 1719
1 2588
1 208
1 3809
1 1369
1 3425
1 1078
1 4435
1 3847
1 2264
1 4430
1 4917
1 760
1 4181
1 2831
1 191
1 1223
1 4994
1 4475
1 4890
71 142 3456 3815 3201 4224 2690 4023 1458 1181 4527 1343 4789 4874 3797 881 4485 4379 2319 2790 1180 1773 3563 1319 3363 2640 1345 1318 1827 3855 3085 1902 1082 955 4669 1768 1957 2415 1475 3947 1083 1992 81 3295 1399 1040 4262 2285 3065 4774 617 395 1287 3896 1525 168 2820 4381 1109 197 1806 675 3851 2700 2759 228 870 4583 2031 1730 4620 4076
1 4142
1 4890
1 4569
1 3226
1 1473
1 4761
1 4921
1 3425
1 2588
1 4890
1 2626
1 4890
1 3982
1 513
1 601
1 4194
1 4761
1 1508
1 208
1 4475
1 4194
1 469
1 3718
1 691
1 601
1 1473
1 208
1 3647
1 3286
1 3982
1 4142
1 2264
1 4181
1 3286
1 2626
1 191
1 4142
1 539
1 1401
1 4502
1 3191
1 3551
1 208
1 1136
1 1136
1 1508
1 3718
1 1473
1 3191
1 1508
1 513
1 1209
1 1982
1 3226
1 513
1 2468
1 3809
1 4430
1 4890
1 2264
1 4831
1 4761
1 3281
1 1209
1 973
1 3718
1 137
1 4430
1 4194
1 513
1 760
1 4761
72 142 547 462 2399 313 2694 16 4594 663 4217 2269 2120 4777 4182 4411 4858 3052 2051 4546 202 4968 2766 3715 3840 2586 2506 2932 2364 4559 3615 806 4111 2052 1529 2647 1406 479 3188 2673 2959 2527 3624 2495 512 2606 1367 3903 4535 1200 1188 620 1516 711 4432 364 3622 899 4075 2668 2938 1075 4419 242 447 1321 4089 4193 303 3101 1456 1801 4148
1 616
1 1078
1 3286
1 4194
1 2468
1 1508
1 599
1 3281
1 539
1 3718
1 4569
1 3551
1 3425
72 142 236 1132 1733 2755 1237 194 2603 3411 2025 2442 4394 1274 3696 1885 2936 883 1968 2749 120 2945 3635 3497 2146 971 1298 3365 3586 4722 4008 2223 3909 3690 30 1645 4312 3297 1775 3780 1470 2688 2073 2575 4024 2897 3666 2229 3505 4507 397 1955 4451 2021 2294 4362 3755 3786 1718 549 1239 700 102 2691 3991 1548 1423 3043 2088 4155 888 3415 3973
1 1508
1 4831
1 4430
1 539
1 1473
1 3425
1 3718
1 208
1 1479
1 1078
1 137
1 1360
1 2235
1 1223
1 4142
1 1223
1 1369
1 599
1 1732
1 3809
1 4181
1 973
1 513
1 3096
1 2174
1 4917
1 760
1 599
1 606
1 1508
1 601
1 1719
1 3776
1 4921
1 3809
1 3647
1 2264
1 4890
1 3286
1 4761
1 3847
1 191
1 4569
1 3019
1 208
1 4194
1 2588
1 1982
1 973
1 4569
1 1223
1 3982
1 601
1 2150
1 3281
1 4430
1 616
1 1401
1 1401
1 1401
1 606
1 513
1 2080
1 1136
1 1369
1 4791
1 1508
1 3809
1 2235
1 2174
1 3718
1 4791
1 3982
1 616
1 1223
1 1982
1 3281
1 1508
1 2150
1 4917
1 208
1 513
1 2831
1 606
1 3281
1 606
1 1401
1 137
1 4435
1 2831
1 4181
1 2468
1 3226
1 3982
1 1136
1 1136
1 3096
1 1209
1 4761
1 4194
1 4917
1 691
1 4917
1 4761
1 4994
1 2080
1 2174
1 606
1 4917
1 2080
1 3982
1 2831
1 599
1 3809
1 2150
1 513
1 2626
1 2150
1 3776
1 1136
1 513
1 1136
1 4396
1 2588
1 4791
1 208
1 4181
1 3718
1 4396
1 137
1 469
1 3647
1 4917
1 1078
1 1065
1 469
71 142 4409 3418 4281 3703 4635 2682 4043 1792 1559 4496 3011 304 4057 854 648 4766 4497 399 3403 276 2128 88 4424 4268 1235 4829 94 796 4631 1991 4246 4557 1676 4307 4616 1928 254 2237 461 256 3674 3380 4253 4040 1380 2070 4683 4677 2490 2645 3006 2652 2142 2096 1692 1648 564 3623 1935 2216 529 1014 1641 3573 3611 4325 4996 3024 2879 1619
1 973
1 4921
1 4475
1 691
1 3718
1 4396
1 1209
1 4921
71 142 3338 3865 2333 1469 3070 692 4827 1716 869 2289 1562 1240 66 4364 1798 4082 1480 3154 3856 2935 2556 4656 4157 4304 3408 2484 2943 2405 4027 4715 4440 4649 4548 106 3627 2316 2132 1967 2825 2689 245 3383 4515 3634 4046 2794 2280 4992 1851 3831 4237 2449 519 1288 386 1994 1776 1841 1916 1853 4138 3590 3269 4185 1905 1106 1120 54 3999 2922
1 3286
1 4831
1 4536
1 4921
1 2626
1 4994
1 4831
1 3281
1 2080
1 973
1 1360
1 2588
1 4396
1 3096
1 4181
1 606
1 469
1 601
1 2150
1 3425
1 3647
1 4994
1 4396
1 4502
1 208
1 601
1 4791
1 191
1 4194
1 1136
1 4917
72 142 2077 3839 1282 521 2501 1310 1658 845 3665 2559 1281 3884 3663 4343 167 863 1802 4160 4499 4245 4937 4093 2899 986 665 2 4468 694 4878 1434 3785 2101 1175 3393 151 1029 3889 3778 1760 433 743 2074 1689 3343 1471 3372 2292 4403 3263 4238 603 425 1914 662 4015 117 1283 4360 2140 4676 4050 3976 4674 3357 3721 2179 2620 2475 24 2914 3075
1 3551
1 4831
1 137
1 4194
1 1209
1 760
1 1546
1 4917
1 4536
1 4430
1 1078
1 973
1 691
1 1982
1 4791
1 4194
1 3776
1 973
1 1508
1 4502
1 3809
1 1223
1 3809
1 599
1 4435
1 4831
1 4791
1 1546
1 606
1 3551
1 3551
1 1546
1 1401
1 2264
1 539
1 3939
1 4569
1 1982
1 3847
1 1065
1 4181
1 3551
1 2264
1 973
1 2174
1 4831
1 2235
1 3286
1 4890
1 2626
1 4430
1 973
1 2831
1 4569
1 1209
1 760
1 1136
1 4194
1 208
1 4890
1 1982
1 4917
1 208
1 1065
1 1719
1 4791
1 616
1 1369
1 1223
1 1401
1 4475
71 142 926 3097 553 2492 1162 646 2641 2985 2646 2108 4867 218 1141 4675 2032 2321 834 405 1818 3905 635 1572 4599 4283 360 2494 224 1228 3426 3537 3740 4493 1184 4760 542 803 676 1099 3458 3725 2378 3176 1850 943 3900 2737 2500 964 3987 1691 3788 3160 3875 4533 4215 2148 2196 454 3321 801 3636 2441 2767 90 3906 908 1600 764 573 4421
1 208
1 1136
1 4761
1 4831
1 513
72 142 2472 2320 1750 4512 4577 1232 4399 3808 4504 3213 2601 3057 3997 3214 2602 1114 3316 3120 2078 2189 1524 69 1915 2446 2240 565 2526 2042 3556 842 370 3501 2845 3029 3835 4060 366 3940 3153 4489 3017 4859 3104 4294 3515 4347 4446 4786 4309 1518 2207 4857 2573 2276 2999 2346 4166 3256 497 2837 4434 4317 1624 2155 4750 1104 2677 3141 682 2811 3992
1 1369
1 973
1 1078
1 3939
1 4890
1 3939
1 4761
1 606
1 4994
1 4831
1 2831
1 3982
1 1732
1 4890
1 191
1 4761
1 1732
1 3286
1 616
1 3718
1 4791
1 2174
1 4475
1 3560
1 4917
1 606
1 1508
1 3425
71 142 1253 589 2226 1420 110 1591 3644 3514 554 4902 341 4000 4813 1290 4191 1630 3942 2718 690 4390 2983 2248 4337 3912 3005 1186 388 1224 3161 4213 3242 4756 2798 725 95 1506 3401 3917 4067 2579 211 396 4184 1215 3238 3538 1667 552 1973 3229 4754 2906 1301 804 3069 1182 4914 1092 3483 3341 9 3278 1154 3395 316 4705 689 2655 4267 3737
1 3718
1 599
1 4917
1 2626
1 513
1 4430
1 599
1 1209
1 4791
1 1479
1 4536
1 3560
1 3847
1 4181
1 606
1 1479
1 1136
1 4435
1 2588
1 760
1 1209
1 2235
1 599
1 137
1 3982
1 2831
1 2831
1 2174
1 4194
1 691
1 2588
1 599
1 2174
1 4435
1 3982
1 4502
1 1719
72 142 4282 3957 4162 2463 1433 4298 2432 4870 2739 3695 4408 4571 4550 195 4706 3591 4841 2957 1597 4361 2392 3493 1563 2752 1839 3897 2079 3723 889 4648 3209 4044 3042 3264 981 1996 3822 483 491 2122 3520 2014 984 522 577 618 284 4973 2525 968 2466 1595 4725 3127 4407 3929 1429 132 4585 349 612 3107 4702 2581 729 4371 1890 3030 1408 4464 2027
1 1719
1 1223
1 2468
1 2588
1 3019
1 2831
1 3982
1 2264
1 4791
1 3281
1 4430
1 4475
1 1360
1 4994
1 3809
1 1369
1 1546
1 1065
1 4569
1 4791
1 1732
1 3226
1 4396
1 4761
1 4430
1 1473
1 616
1 191
1 4791
1 4430
1 3551
1 4917
1 2626
1 469
1 606
1 4921
1 2150
1 3809
1 3847
1 2264
1 513
1 4430
1 4396
1 4194
1 1508
1 4921
1 760
1 2080
1 1546
1 1982
1 1546
1 4536
1 691
1 1473
1 2831
1 539
1 3191
1 191
1 4831
1 4396
1 4181
1 3560
1 2235
1 4430
1 2626
1 191
1 601
1 137
1 691
1 4994
1 1078
1 3096
1 1360
1 4435
1 1065
1 2080
1 4142
1 1479
1 4181
1 2588
1 1065
1 4791
1 601
1 1508
1 4536
1 3647
1 4831
1 1982
1 3560
1 1719
1 3776
1 4921
1 2080
1 3982
1 1360
1 3939
1 4430
1 1065
1 1223
1 1732
1 208
1 1360
1 1065
1 3647
1 2264
1 513
1 4142
1 4475
1 4396
1 3809
1 3718
1 1401
1 599
1 469
1 208
1 3809
1 469
1 191
1 4435
1 3226
1 1508
1 3939
1 3776
1 3776
1 4569
1 4435
1 539
1 4502
1 3718
1 1360
1 3939
1 2174
1 2264
1 4194
1 4435
1 3425
1 3551
1 4791
1 3191
1 3226
1 191
1 4181
1 1401
1 137
1 1473
1 1360
1 3560
1 2174
1 1719
1 4142
1 3847
1 4994
1 2626
1 2468
1 2174
1 1982
1 1719
1 3551
1 3191
1 4761
1 3281
1 2235
1 2588
1 1732
1 2080
1 4921
1 4994
1 3939
1 3286
1 1369
1 3281
1 1223
71 142 3407 4758 629 807 3021 232 3409 259 2277 4864 2532 1046 3895 3271 2438 4543 3519 4570 2504 410 26 1695 1868 4422 331 1854 1545 2115 1980 1886 1466 1784 969 445 2951 1723 643 2121 4339 3848 2481 1116 485 731 2254 4901 3584 3561 1255 1636 269 4459 1074 1925 645 444 2067 3834 4778 1547 4720 3268 1965 136 836 2419 3751 185 3335 1703
1 4921
1 3226
1 3939
1 1719
1 4890
1 691
1 4142
1 2264
1 2080
1 3286
1 1136
1 4921
71 142 4769 1107 1759 3675 852 1710 4257 1794 3185 46 379 2172 1875 597 4212 4387 887 159 3444 3412 0 994 1492 4413 741 3554 3767 1242 31 4006 1567 3465 755 2396 4471 4031 1062 1864 71 3280 3499 2847 2198 43 1960 3949 287 2408 3023 4225 1950 2436 502 557 3199 4963 1900 4999 2431 2300 1929 1496 1646 2544 1931 3923 4302 4324 4821 527
1 1223
1 3191
1 137
1 1065
1 2468
1 760
1 3776
1 3281
1 3226
1 2468
1 616
1 4994
1 3847
1 3718
1 4396
1 469
1 4181
1 1479
1 3847
1 3718
1 191
1 3982
1 3776
1 4430
1 3560
1 2626
1 1732
1 1401
1 4761
1 1078
1 3718
1 4435
1 606
1 3939
1 539
1 1136
1 3847
1 3809
1 191
1 4435
1 1136
1 3776
1 1223
1 1369
1 2588
1 513
1 4569
1 3560
1 4435
1 4194
1 3226
1 1719
1 2831
1 4194
1 606
1 3019
1 137
1 3281
1 3560
1 1360
1 4761
1 1732
1 3096
1 4791
1 4435
1 1369
1 513
1 3939
1 1209
1 1401
1 3226
1 760
1 3019
1 1136
1 3647
1 3226
1 4396
1 3281
1 691
1 4569
1 3226
1 2235
1 760
1 3847
1 4142
1 1473
1 3982
1 4761
1 4435
1 599
1 3226
1 4502
1 3718
1 2626
1 1136
1 191
1 760
1 469
1 3647
1 3776
1 2831
1 2235
1 2831
1 3019
1 973
1 3096
1 1546
1 191
1 1369
1 4994
1 2588
1 2235
1 4831
1 2174
1 601
1 4791
1 4194
1 1473
1 1369
1 3551
1 1369
1 1719
1 973
1 4890
1 2831
1 137
1 4761
1 3425
1 760
1 208
1 4831
1 1732
1 4890
1 4181
1 606
1 1719
1 137
1 4536
1 3226
1 2235
1 4142
1 1065
1 1732
1 3281
1 3425
1 539
1 2174
1 3560
1 2588
1 3560
1 4994
1 539
1 1223
1 1719
1 2588
1 606
1 1982
1 1546
1 3551
1 2468
1 3096
1 2174
1 3939
1 4181
1 3281
1 137
1 2150
1 1732
1 3809
1 1136
1 2626
1 4921
1 1369
1 4194
1 601
1 2626
1 3551
1 3718
1 469
1 4435
1 513
1 1401
1 1479
1 1369
1 3939
1 2264
1 3096
1 4569
1 4194
1 3560
1 137
1 191
1 1719
1 3847
1 4761
1 1360
1 1732
1 3982
1 1732
1 137
1 3718
1 4994
1 1360
1 1065
1 616
1 4194
1 3551
1 4536
1 3191
1 3286
1 3226
1 3226
1 691
1 4921
1 1982
1 3425
1 469
1 1732
1 3718
1 4430
1 4921
1 513
1 1223
1 3560
1 1136
1 4475
1 1078
1 1732
1 191
1 3809
1 4831
1 513
1 1719
1 3647
1 1369
1 1223
1 599
1 3425
1 3809
1 4536
1 1508
1 4569
1 599
1 4917
1 4921
1 3425
1 1078
1 1719
1 691
72 142 782 2784 4532 4747 4218 1596 1634 1002 2201 3455 4904 3552 3637 3890 3223 252 2511 354 4849 2217 1702 3734 456 4498 3892 4366 2424 1299 45 4397 1439 957 2414 1415 4574 1462 548 2421 1889 2437 3288 4042 3608 98 3951 3328 4828 1271 1189 1094 207 4251 2585 2702 1073 3574 4802 1947 1030 3745 832 773 2747 176 3142 2385 2851 3502 3876 3468 4695
1 1078
1 4396
1 513
1 691
1 760
1 4430
1 539
1 4430
1 1360
1 1136
1 4890
1 1369
1 691
1 1546
1 4435
1 2264
1 616
1 4475
1 4921
1 3286
1 137
1 4536
1 973
1 137
1 4502
1 4921
1 4921
1 4761
1 4435
1 3647
1 3551
1 1546
1 606
1 208
1 3226
1 191
1 3982
1 3809
1 1223
1 973
1 2150
1 2150
1 1223
1 3718
1 1546
1 4430
1 4921
1 4890
1 1136
1 1473
1 4142
1 3939
1 4917
1 760
1 4142
1 513
1 3718
1 3096
1 4435
1 1479
1 4430
1 4396
1 2831
1 1078
1 4396
1 3847
1 3425
1 4569
1 1209
1 1209
1 2150
1 1078
1 4831
1 4917
1 3982
1 513
1 3809
1 4761
1 3939
1 513
1 4142
1 4791
1 760
1 3096
1 1719
1 4142
1 691
1 1360
1 601
1 3718
1 1223
1 1401
1 599
1 4831
1 1401
1 1479
1 1546
72 142 651 239 99 4575 126 3027 1594 2486 3877 4441 4203 507 2397 3849 2850 338 572 2144 3953 587 745 3691 814 270 2838 4782 1378 57 4118 4332 3596 2540 571 476 1639 2348 3732 4110 538 2864 1113 681 1711 1329 1622 3536 593 630 4275 3994 3173 3259 2925 632 4597 722 1333 2439 281 2618 3484 2086 2563 1728 4286 286 1286 4333 999 2444 733
1 3718
1 4994
1 137
1 4502
1 2626
1 2080
1 191
1 1223
1 4194
1 2831
1 3281
1 3226
1 3809
1 4791
1 3939
1 1360
1 1078
1 137
1 760
1 4142
1 1401
1 4435
1 3776
1 601
1 760
1 4917
1 2626
1 1473
1 513
1 2235
1 4475
1 2264
1 3647
1 2264
1 1719
1 2626
1 2588
1 3281
1 3939
1 1209
1 1719
1 1546
1 3982
1 606
1 4569
1 191
1 4502
1 1360
1 4569
1 3425
1 2235
1 1369
1 4502
1 4475
1 3647
1 3718
1 3718
1 4194
1 2588
1 1401
1 4761
1 1360
1 616
1 2080
1 2235
1 1223
1 3425
1 1473
1 3809
72 142 36 2895 595 3628 709 880 4716 3241 1388 3704 2440 3428 2023 4544 55 2208 1899 2650 3081 4318 879 2171 4221 2522 3477 2549 2205 3388 2164 1010 2344 2515 4977 3274 800 2210 2311 4028 2024 40 1341 4140 4522 343 3077 422 598 2053 2785 2891 896 3935 4869 4909 1302 4442 4603 4465 2990 2355 336 1583 2251 1277 282 2842 3532 1338 1035 952 2185
1 513
1 601
1 3776
1 4569
1 1479
1 3286
1 2831
1 4890
1 616
1 2235
1 4502
1 3191
1 4921
1 2150
1 2468
1 4430
1 3982
1 4536
1 2235
1 4831
1 2150
1 1732
1 4761
71 142 1894 726 535 1694 4987 2531 3003 4514 3880 4537 4922 821 4358 1096 4345 4064 901 1054 2654 1293 2443 4822 4113 2381 421 3830 240 4891 4672 4604 1541 4834 1248 1501 2968 1330 1446 4654 62 1536 206 3250 4558 3227 3347 1701 487 4135 4982 4106 1678 2272 762 2587 4680 357 928 3360 2643 923 4273 457 2648 765 3071 1846 3178 1879 872 4742
1 4396
1 606
1 4536
1 191
1 1401
1 4761
1 606
1 4890
1 469
1 1078
1 2150
1 3560
1 4994
1 3281
1 1479
1 3560
1 601
1 3191
1 4181
1 4569
1 4181
1 1473
1 601
1 1732
1 4831
1 4502
1 1982
1 539
1 691
1 4194
1 2150
1 3096
1 1479
1 2150
1 513
1 2150
1 2235
1 4430
1 760
1 601
1 3939
1 1360
1 1982
1 4569
1 4142
1 4502
1 4791
1 3718
1 1223
1 4791
1 208
1 1508
1 3809
1 4761
1 1223
1 4396
1 4396
1 4831
1 4181
1 691
72 142 2639 2976 2387 2110 2686 4614 3971 309 4889 3714 2450 2740 677 2376 2160 2256 3276 2546 1530 4668 2975 3821 3854 2145 3503 4248 1708 1609 4026 3597 3765 2896 1236 2169 4372 4469 1448 2416 1292 1814 4244 320 2131 4641 1068 2211 3156 4126 4556 18 831 4615 2931 4636 1844 4092 302 3432 1872 1110 2537 4022 611 4278 2963 4646 4260 4927 1834 4974 3198
1 2626
1 1360
1 4435
1 3226
1 1479
1 3551
1 3191
1 4396
1 2626
1 4994
1 4502
1 973
1 1508
1 3286
1 3191
1 2150
1 191
1 616
1 1719
1 4194
1 2235
1 3776
1 3718
1 3809
1 4435
1 469
1 606
1 4791
72 142 372 4936 3846 3336 1084 4455 4657 2726 216 924 995 2830 4232 4915 1125 1168 2551 3648 3320 4658 365 1651 3128 703 2707 4560 1727 3781 4104 3625 727 2996 2458 3887 1998 3044 3440 1091 4554 1679 582 4905 915 818 737 2273 374 3791 953 1554 1018 543 1444 2814 1586 1058 1260 747 3967 2112 2114 4608 4938 4517 1196 4150 3189 671 4757 1435 1918
1 4890
1 3019
1 4994
1 3847
1 1209
1 3560
1 1078
1 2174
1 2264
1 137
1 191
1 1479
1 1719
1 4430
1 4536
1 1369
1 601
1 4921
1 4921
1 4569
1 1136
1 2626
1 4396
1 3776
1 1369
1 3776
1 4536
1 1401
1 208
1 1223
1 3096
1 3982
1 4194
1 4761
1 1065
1 1732
1 4502
1 3847
1 4791
1 691
1 4761
1 4569
1 4194
1 691
1 3776
1 3809
1 2150
1 4761
1 1065
1 601
1 3226
1 1369
1 601
1 616
1 1136
1 1479
1 1473
1 4430
1 2468
1 601
1 3281
1 3019
1 973
1 3560
1 4921
1 606
1 3560
1 3847
1 1369
1 599
1 191
1 4142
1 539
1 4994
1 4994
1 3809
1 3096
1 2588
1 3776
1 2150
1 3226
1 1479
1 4435
1 2080
1 137
1 616
1 3939
1 3096
1 2588
1 1065
1 2150
1 137
1 2831
1 3425
1 4791
1 4194
1 4917
1 4536
1 4831
1 1209
1 208
1 1078
1 3425
1 3286
1 2626
1 539
1 4142
1 599
1 3191
1 4536
1 4181
1 2235
1 4502
1 1473
1 3096
1 973
1 2174
1 3939
1 539
1 4994
1 1982
1 3560
1 2235
1 3019
1 4831
1 1065
1 760
1 1546
1 137
1 3776
1 4396
1 1732
1 2080
1 4396
1 1209
1 3647
1 2626
1 4994
1 4917
1 4502
1 1369
1 4921
1 4791
1 1732
1 3281
1 4536
1 760
1 2626
1 4994
1 1982
1 1136
1 2235
1 3281
1 973
1 1719
1 4502
1 1982
1 4475
1 4921
1 1982
1 539
1 3281
1 601
1 4791
1 3096
1 3776
1 1732
1 1546
1 4181
1 3939
1 3191
1 1732
1 1982
1 1719
1 2080
1 2150
1 1473
1 1223
1 2174
1 2080
1 599
1 1479
1 4536
1 191
1 1369
1 2235
1 691
1 691
1 601
1 3847
1 4569
1 4181
1 760
1 2264
1 3982
1 2831
1 4181
1 2468
1 1546
1 4921
1 4890
1 1546
1 3809
71 142 2674 3910 1737 3614 235 600 3420 1192 394 33 1549 3525 383 503 3661 4899 25 2557 925 4231 4085 815 4562 3963 3375 409 4470 3816 3016 839 686 588 4811 4473 1315 3386 310 774 1057 3908 2323 3983 1892 1742 352 4647 4919 1700 4991 2780 3950 913 2165 4102 558 841 291 2462 3171 188 4541 4768 3641 2594 3518 1086 914 4108 698 1214
1 4181
1 2588
1 616
1 1479
1 1065
1 3718
1 1401
1 4761
1 3647
1 4435
1 601
1 4396
1 1719
1 4994
1 4435
1 1369
1 760
1 2080
1 2626
1 4761
1 3776
1 1360
1 137
1 1473
1 973
1 1473
1 1209
1 3286
1 3096
1 4396
1 760
1 1473
1 1401
1 601
1 3551
1 1719
1 208
1 1209
1 4569
1 3191
1 3226
1 599
1 1982
1 1078
1 3551
1 3809
1 2150
1 3281
1 4181
1 3286
1 4569
1 4569
1 3939
1 2150
1 1078
1 4194
1 1546
1 1479
1 1209
1 3776
1 2831
1 3776
1 2174
1 1719
1 4475
1 3982
1 3982
1 616
1 2235
1 606
1 691
1 2080
1 208
1 4791
1 616
1 1732
1 3551
1 2235
1 4396
1 3191
1 2150
1 4142
1 2264
1 973
1 3718
1 3191
1 3286
1 1369
1 2468
1 3425
1 1401
1 3560
1 191
1 3096
1 2080
1 601
1 1065
1 4921
1 4917
1 3847
1 4831
1 616
1 4502
1 3847
1 1479
1 3551
1 1223
1 973
1 3647
1 3776
1 1508
1 4181
1 1546
1 599
1 4994
1 973
1 1982
1 1209
1 2174
71 142 2683 2117 1881 3249 2139 4284 35 4587 2994 4216 1038 840 1709 1347 2470 4187 418 4300 1527 1887 4796 1626 4170 4326 3381 3293 3060 4820 3093 1381 4171 2342 3220 3933 520 3925 613 3548 1539 1550 393 3526 1270 3620 2661 875 4744 3744 4495 1777 2669 4021 4511 1145 4265 1843 1076 448 2595 4196 1117 4704 967 916 3001 2353 713 2629 138 4925
1 4142
1 4502
1 4194
1 4569
1 3281
1 2468
1 2588
1 4430
1 606
1 1065
1 4791
1 4475
1 1479
1 1479
1 1223
1 4435
1 1065
1 1209
1 606
1 3560
1 513
1 3226
1 191
1 4536
1 4142
1 4435
1 3286
1 599
1 3191
1 2080
1 4917
1 1401
1 4502
1 3776
1 3281
1 3847
1 3718
71 142 3920 758 4591 4967 2787 560 4962 3567 3728 403 4698 1826 65 1758 4296 546 93 1374 348 4038 4192 3384 2107 1903 3275 1579 1611 4670 624 1147 4431 4689 750 3306 1908 2412 1171 3009 3796 2369 3511 2286 1699 1340 2085 3769 668 2236 3972 1451 2487 4124 4897 64 3990 1081 3279 4738 1 140 4505 4210 4145 3283 1512 2401 2244 3225 954 2116
1 3286
1 2831
1 2588
1 2831
1 4890
1 3982
1 4761
1 4475
1 3560
1 513
1 4569
1 2831
1 2235
1 1136
1 1473
1 4536
1 2174
1 2831
1 1360
1 1473
1 1209
1 2174
1 4994
1 2150
1 4890
1 1360
1 3809
1 2174
1 1508
1 3425
1 4142
1 3191
1 3809
1 4142
1 2588
1 4435
1 191
1 3019
1 2831
1 3647
1 691
1 1209
1 2588
1 469
1 3560
1 1065
1 1209
1 2468
1 4430
1 4917
1 1479
1 137
1 3647
1 4831
1 4791
1 1360
1 2588
1 539
1 4791
1 2235
1 760
1 1223
1 1369
1 1136
1 1223
1 1078
1 3809
1 1209
1 4430
1 4791
1 3551
1 3982
1 3560
1 1136
1 599
1 1982
1 4502
1 3096
1 513
1 513
1 2264
1 4791
1 3939
1 3286
1 616
1 513
1 191
1 760
1 2831
1 4194
1 208
1 1508
1 137
1 601
1 3939
1 3551
1 4142
1 3551
1 3982
1 2264
1 1078
1 513
1 4921
1 4761
1 3776
1 4194
1 601
1 3191
1 191
1 4994
1 1473
1 4569
1 1546
1 2235
1 4475
1 3425
1 4396
1 4430
1 4569
1 3019
1 1982
1 4791
1 1223
1 3019
1 4435
1 1546
1 606
1 3191
1 1223
1 3809
1 3718
1 3776
1 1136
1 4994
1 601
1 616
1 3939
1 3286
1 2831
1 1209
1 1473
1 4890
1 691
1 3847
1 3286
1 137
1 4831
1 3718
1 3939
1 4994
1 3226
1 3718
1 1065
1 2468
1 4475
1 4475
1 4475
1 1982
1 2150
1 1078
1 2626
1 3281
1 3847
1 1136
1 3776
1 4475
1 4435
1 1369
1 4831
1 4917
1 208
1 1508
1 1078
1 601
1 3425
1 4791
1 3847
1 3939
1 601
1 973
1 3847
1 4502
1 4396
1 973
1 1479
1 3191
1 4536
1 2264
1 4917
1 4761
1 3226
1 3226
1 3286
1 1136
1 513
1 191
1 191
1 973
1 1369
1 3191
1 4194
1 973
1 3809
1 2264
72 142 4582 1534 3667 960 894 4400 4840 4491 2644 373 2045 3995 3534 2765 4534 1785 2858 658 4247 3668 4017 1454 4293 1835 938 2460 3117 3555 813 229 2157 2630 2638 897 4847 3517 3058 4697 1833 2090 4426 318 4389 1552 4728 4197 4367 1111 2715 1601 196 3829 1313 3123 1335 3197 2871 1130 3429 130 1306 1490 133 408 2357 1535 2929 2628 2665 2529 1857
1 3286
1 760
1 4181
1 599
1 469
1 1479
1 2080
1 1065
1 3019
1 4831
1 2150
1 599
1 616
1 1479
1 3560
1 1732
1 599
1 3982
1 2080
1 1982
1 4921
1 4435
1 4396
1 3560
1 3226
1 469
1 2831
1 3647
1 4569
1 1065
1 3718
1 1078
1 2080
1 1065
1 3776
1 3776
1 973
1 4921
1 4921
1 2831
1 3982
1 3551
1 208
1 4994
1 601
1 469
1 3281
1 1360
1 4430
1 3982
1 4921
1 3718
1 3776
1 973
1 513
1 4831
1 3847
1 191
1 4569
1 2150
1 4430
1 3286
1 539
1 2150
1 2235
1 1223
1 4181
1 1401
1 4435
1 4430
1 3096
1 3718
1 4475
1 3982
1 1508
1 137
1 3718
1 1078
1 4142
1 3019
1 4396
1 599
1 1401
1 3982
1 601
1 4142
1 4831
1 3281
1 3560
1 513
1 1369
1 4536
1 4761
1 2080
1 606
1 4921
1 4475
1 2831
1 3776
1 2235
1 1209
1 3551
1 513
1 1369
1 1223
1 3226
1 1209
1 3551
1 4917
1 3281
1 3560
1 1369
1 4569
1 1223
1 691
1 208
1 4994
1 3191
1 1065
1 1719
1 3191
1 4791
1 191
1 4831
1 4921
1 1546
1 3096
1 1209
1 4569
1 606
1 3425
1 2235
1 3019
1 616
1 3281
1 3019
1 2174
1 4194
1 3982
1 4502
1 973
1 4502
1 3560
1 2235
1 2235
1 4994
1 4536
1 3019
1 3286
1 4396
1 4396
1 1508
1 4475
1 1473
1 3019
1 4994
1 601
1 599
1 2150
1 208
1 4430
1 3286
1 2588
1 4536
1 2264
1 616
1 3718
1 1479
1 3191
1 2588
1 691
1 2174
1 469
1 1508
1 1360
1 4536
1 3551
1 2626
1 4921
1 1360
1 4194
1 1065
1 208
1 3281
1 2468
1 1479
1 3425
72 142 223 2388 233 4980 3873 735 2664 3770 4392 3779 678 4773 1551 791 2986 523 2746 4988 3331 1788 3196 2326 3541 4740 3681 4971 3540 4334 2964 1836 609 789 4175 2911 1805 966 3496 4673 848 771 634 3657 4461 2750 4025 247 3738 2840 3314 1267 3749 4219 3916 858 4272 569 3397 4611 816 2979 361 323 490 2266 3850 1017 933 2967 4073 275 4054
1 4569
1 1719
1 616
1 1732
1 1360
1 4994
1 4194
1 2080
1 4921
1 1479
1 1546
1 4917
1 539
1 191
1 3718
1 3096
1 1078
1 3425
1 208
1 599
1 691
1 606
1 1546
1 1223
1 2264
1 4430
1 601
1 616
1 4569
1 4569
1 3939
1 4921
1 1209
1 1078
1 3776
1 4396
1 3939
1 1479
1 2831
1 3191
1 2588
1 208
1 513
1 4181
1 191
1 1136
1 3286
1 3551
1 4791
1 1508
1 1369
1 2174
1 973
1 137
1 3939
1 1401
1 599
1 2150
1 539
1 4890
1 4831
1 2150
1 4917
1 1065
1 3776
1 1136
1 4475
1 3281
1 3847
1 4994
1 4502
1 616
1 3226
1 2588
1 3551
1 469
72 142 3035 3639 514 2341 4712 4959 420 2206 3764 3157 51 3410 21 1028 4154 28 1097 2562 298 1618 1320 4839 22 4235 2902 4666 2040 219 1383 3158 458 3945 3159 2958 1919 2704 146 4949 1247 1838 3888 2295 436 4623 1795 4596 2066 4887 3566 4342 3392 2352 4410 518 3329 4385 4918 4200 1893 3638 4892 2497 666 3251 1112 4313 2429 2379 3616 97 248
1 1473
1 4181
1 3776
1 3718
1 1209
1 1065
1 4181
1 1479
1 3226
1 4917
1 1546
1 4502
1 3939
1 469
1 1065
1 691
1 3551
1 4994
1 4475
1 4994
1 2831
1 513
1 4831
1 1479
1 3281
1 616
1 2831
1 4994
1 4917
1 4181
1 1546
1 2264
1 4890
1 3982
1 599
1 539
1 4917
1 973
1 4761
1 539
1 4994
1 3226
1 3718
1 973
1 1479
1 1982
1 4921
1 4181
1 3776
1 1065
1 4917
1 616
1 4194
1 1065
1 3281
1 3191
1 1479
1 1369
1 4430
1 2235
1 3096
1 3096
1 3096
1 1473
1 1508
1 3191
1 513
1 616
1 601
1 1065
1 4761
1 3191
1 3425
1 4502
1 2468
1 4921
1 2080
1 3281
1 599
1 1473
1 4181
1 2174
1 3425
1 4181
1 4430
1 4791
1 4142
1 4890
1 1732
1 4994
1 3226
1 1209
1 2264
1 606
72 142 466 1705 3975 1685 3162 1941 2617 4344 3059 2952 2250 2734 225 2242 3530 2754 4404 172 3152 3539 3673 4094 434 2192 1177 4199 2812 2826 4037 2435 2554 3427 746 528 4810 865 4100 189 2373 2658 351 4292 4226 1734 833 2162 754 3452 4997 3292 1185 738 2548 2508 29 4119 2949 3168 3968 222 3606 3588 846 526 4842 4095 3000 1603 271 585 697
1 601
1 599
1 4430
1 3847
1 3019
1 2831
1 2235
1 1732
1 4475
1 1136
1 539
1 3776
1 760
1 4475
1 3560
1 3718
1 4536
1 1546
1 4475
1 691
1 137
1 1479
1 1479
1 4142
1 4536
1 3281
1 539
1 3560
1 2588
1 599
1 539
1 1982
1 4536
1 2626
71 142 2937 2092 128 2856 4940 1944 605 3419 4243 1943 1060 4687 3138 4932 1808 1568 3698 1048 4382 1803 249 1050 1140 3187 4001 1061 2610 3549 2509 555 1686 392 3092 4547 2818 4540 3460 1871 723 3711 1721 2315 4578 4161 1741 2345 2817 4088 1813 3362 463 3367 1666 1190 3774 1013 2777 1067 2239 429 823 2017 3562 1783 118 1823 3438 3860 1316 3105
1 2174
1 191
1 1508
1 3551
1 3286
1 1078
1 4921
1 4890
1 1065
1 4761
1 691
1 1508
1 4917
1 4791
1 2150
1 1508
1 4194
1 599
1 4142
1 539
1 973
1 4502
1 2588
1 2174
1 3096
1 4475
1 1078
1 4791
1 606
1 1479
1 3982
1 1065
1 2080
1 208
1 469
1 469
1 1401
1 1546
1 4475
1 208
1 3286
1 1719
1 1369
1 4921
1 1719
1 3551
1 137
1 2150
1 2626
1 2235
1 4890
1 1508
1 2626
1 1732
72 142 798 4492 4824 3217 1790 3507 1217 165 4561 4447 402 4580 1098 2091 3964 177 2788 1810 141 1377 1300 1278 2623 4433 2593 3174 467 4354 32 4078 4484 3352 2941 978 3874 4589 4723 2426 13 1199 4844 27 2417 1897 579 2919 1740 2878 2188 2325 4460 3762 3318 1717 2118 406 1556 2516 2409 1876 2966 3015 3151 1707 4477 262 1308 4013 3121 3087 3298
1 4435
1 2626
1 4502
1 4994
72 142 3782 2980 4934 3741 2518 3267 4056 1370 1012 446 3304 4153 3066 2496 2627 3231 4818 1088 919 1449 1729 3353 3404 3828 4328 1165 4743 2156 2993 3771 1262 2771 763 1497 288 625 3928 1170 660 570 2710 4868 2249 4732 4141 4425 786 4395 3498 3579 272 1212 4730 4801 1942 2832 2002 788 4893 2893 3618 4803 3643 4825 3594 2368 2615 2555 2764 2819 1715
1 4435
1 1982
1 4430
1 4181
1 4994
1 3191
1 2588
1 1078
1 1136
1 513
1 1223
1 3281
1 616
1 513
1 4761
1 3847
1 4142
1 3286
1 4142
1 2626
1 539
1 4791
1 3647
1 3847
1 4475
1 4569
1 3982
1 3019
1 616
1 1479
1 3847
1 3281
1 4194
1 2264
1 1473
1 606
1 4435
1 3939
1 3425
1 191
1 3718
1 1982
1 3096
1 4831
1 3019
1 1078
1 4502
1 539
1 1719
1 2264
1 4430
1 1369
1 3560
1 1065
1 1508
1 469
1 1401
1 3776
1 4917
1 4536
1 2174
1 4831
1 4831
1 208
1 4831
1 3281
1 3286
1 3776
1 691
1 1078
1 1401
1 3939
1 3551
1 2174
1 4890
1 3226
1 1136
1 4396
1 1223
1 1078
1 3226
1 4994
1 616
1 539
1 3425
1 1401
1 606
1 3425
1 2468
1 4890
1 4569
1 973
1 973
1 1360
1 2588
1 191
1 1369
1 2626
1 137
1 2468
1 4569
1 2150
1 3847
1 4921
1 3560
1 3096
1 1401
1 191
1 1508
1 4791
1 3019
1 513
1 4181
1 3847
1 1508
1 3982
1 1360
1 3286
1 4475
1 599
1 1719
1 1369
1 1719
1 3096
1 1223
1 1732
1 4791
1 4142
1 1223
1 469
1 4831
1 1360
1 3226
1 2468
1 1078
1 599
1 4396
1 3809
72 142 3475 1032 3037 2147 160 251 4549 4264 3969 1507 53 2130 1978 4427 1948 688 2049 100 622 3179 4220 3891 2801 4961 3325 4168 4581 1682 327 1970 3018 4201 2656 900 2742 4305 1860 1229 104 1389 797 850 4588 3374 3371 805 3169 772 1222 2558 135 566 4772 851 2358 2962 3550 3582 1877 1144 2367 4745 4906 4871 3662 4149 614 3974 4751 4156 1121
1 1473
1 3191
1 2150
1 2831
1 137
1 4994
1 2235
1 4569
1 208
1 3718
1 691
1 4430
1 3226
1 4194
1 2264
1 606
1 137
1 3560
1 1732
1 3847
1 4435
1 4831
1 539
1 3776
1 601
1 3809
1 3191
1 3982
1 3647
1 1982
1 1136
1 4430
1 1473
1 191
1 3226
1 4569
1 191
1 3647
1 4831
1 1732
1 616
1 4536
1 1982
1 4181
1 3809
1 3718
1 4396
1 3647
1 137
1 3425
1 3560
1 2150
1 4142
1 4994
1 4569
1 4181
1 513
1 1508
1 2080
1 601
1 3647
1 208
1 601
1 3647
1 599
1 4435
1 3560
1 1546
1 539
1 4536
1 3019
1 1223
1 3286
1 1732
1 4396
1 1479
1 1982
1 2235
1 4536
1 1223
1 4396
1 3281
1 3809
1 4396
1 4435
1 2626
1 3982
1 4396
1 1508
1 1479
1 3647
1 2831
1 2468
1 1719
1 1546
1 513
1 599
1 3939
1 606
1 2468
1 2588
1 4994
1 3718
1 3982
1 3191
1 4435
1 2150
1 3551
1 2831
1 4475
1 2080
1 1473
1 1508
1 3191
1 3019
1 3019
1 3647
1 3560
1 4921
1 539
1 1078
1 4791
1 2588
1 3226
1 3425
71 142 4525 3272 3825 2241 1577 719 2513 837 3067 3230 234 2724 2722 942 4062 4986 4159 419 1683 3679 811 4551 1852 1891 158 377 2697 3533 4579 1431 4816 783 2873 1178 3962 3094 1443 4186 575 4014 2503 777 642 1909 3008 3820 367 1939 935 1432 2545 3720 940 1221 1704 4439 329 72 4315 2939 3113 1402 4249 2574 2933 4735 2013 886 3359 704
1 1982
1 4475
1 1732
1 2831
1 1479
1 3560
1 513
1 191
72 142 2186 2974 3219 1791 2635 2699 2920 2608 4528 1520 580 2270 693 4287 3443 3391 2331 1635 1608 3492 1693 4005 1880 3988 3826 2846 2560 1922 1882 1757 826 4752 3998 2386 4939 3753 1780 2942 4645 4586 3649 3798 2855 3206 390 4222 3557 2671 4721 1027 3632 52 1503 2328 4121 3543 4640 4694 2190 4872 532 3476 3911 1956 4490 226 817 4081 4214 209 3339
1 1719
1 3226
1 1136
1 599
1 4831
1 3096
1 2626
1 606
1 606
1 4831
1 601
1 606
1 1360
1 1982
1 606
1 3776
1 4536
1 469
1 3286
1 469
1 3718
1 3425
1 1078
1 1719
1 137
1 1223
1 4536
1 3191
1 4917
1 1369
1 1546
1 3982
1 760
1 3286
1 4761
1 2080
1 2235
1 3718
1 4142
1 973
1 4502
1 3776
1 973
1 4194
1 601
1 3191
1 599
1 1982
1 3809
1 4142
1 1360
1 4536
1 973
1 2468
1 1209
1 3096
1 3776
1 3286
1 616
1 2588
1 599
1 1209
1 1360
1 1209
1 2264
1 208
1 1369
1 2150
1 606
1 973
1 3939
1 3560
1 191
1 1369
1 1223
1 1473
1 1982
1 3096
1 3096
1 3982
1 2468
1 599
1 3286
1 1508
1 4890
1 1065
71 142 684 993 4775 1650 79 4806 619 3924 2679 3996 3463 3867 3750 3869 3680 3683 3454 2666 4223 2113 4920 3489 1016 2012 3473 4568 730 3918 2400 1632 4781 2135 3516 4632 1355 705 4516 2577 1966 4798 757 1831 345 3934 340 3803 4450 3941 4114 221 4029 2859 1807 4836 4086 3727 1259 3309 4984 4482 4369 4445 3486 2477 1390 4099 4976 3542 656 1164
1 2264
1 3560
1 4921
1 469
1 4890
1 3809
1 4917
1 137
1 3939
1 3019
1 3776
1 4569
1 513
1 2468
1 3425
1 1401
1 4761
1 1401
1 1223
1 2831
1 2831
1 3939
1 4502
1 3847
1 3982
1 3191
1 1360
1 1732
1 601
1 4831
1 513
1 3551
1 3647
1 3019
1 4475
1 3647
1 3809
1 4536
1 4761
1 4142
1 760
1 4502
1 1223
1 2080
1 3982
1 469
1 1078
1 1546
1 1223
1 973
1 3226
1 3939
1 137
1 3776
1 3809
1 1360
1 2150
1 1065
1 691
1 760
1 539
1 691
1 4435
1 3226
1 3939
1 4396
1 2235
1 1209
1 4475
1 3847
72 142 2026 2757 2862 2137 2553 4066 2908 1910 1294 3471 1933 3435 4852 3528 3139 3726 4279 113 2258 3819 1657 3581 1351 1365 627 1763 1951 2222 2903 664 904 2081 1746 2625 2774 1752 1825 4487 2778 1159 3598 1183 2474 6 922 84 3801 1499 17 2039 574 2883 4158 3327 4039 1219 3100 1675 3207 359 1202 1509 124 2072 2136 4929 540 4229 2998 1230 3034
1 4831
1 3551
1 1401
1 601
1 1546
1 4502
1 1473
1 3718
1 3647
1 2626
1 4536
1 4994
1 3776
1 2080
1 3847
1 1982
1 4831
1 4502
1 1508
1 3019
1 3939
1 1473
1 3286
1 616
1 4181
1 2588
1 1982
1 3982
1 4890
1 4194
1 3019
1 3647
1 1719
1 513
1 3560
1 691
1 1223
1 616
1 137
1 973
1 4917
1 4181
1 4475
1 3281
1 4430
1 3096
1 2235
1 616
1 1732
1 208
1 2626
1 3019
1 3286
1 137
1 4435
1 3226
1 616
71 142 3354 3099 3344 4978 2343 534 3145 3617 2290 4383 2578 855 985 2758 998 1755 4488 3203 1739 2884 2257 2430 2288 411 4058 1669 2528 3054 4972 2867 936 1256 2731 2930 4071 149 2530 2489 181 3602 2309 3919 2866 4349 4308 266 2622 3701 1774 432 1637 2103 3731 820 4030 3449 1670 4688 2153 1342 3084 2394 3658 4626 1418 3576 3790 1832 2791 4356
1 208
1 1401
1 3019
1 1223
1 2264
1 3286
1 4791
1 539
1 1401
1 1223
1 3982
1 1473
1 3847
1 3776
1 2264
1 4791
1 4994
1 4435
1 469
1 2626
1 1136
1 3560
1 606
1 4761
1 3718
1 137
1 3647
1 4142
1 1065
1 1065
1 4761
1 1479
71 142 1901 561 1584 4116 2467 3915 3424 2093 510 4749 4352 2227 2756 1656 2259 2659 1962 2514 2693 524 4679 3451 2149 982 4007 1337 4033 3932 778 1024 1193 1662 3702 975 380 4942 3684 1243 4120 2310 1971 3653 2829 2059 356 1119 2653 4295 1561 1422 3609 11 4907 3508 1770 1291 3470 568 508 4096 708 2020 173 785 499 1424 4771 4258 1258 2340
1 3982
1 616
1 4502
1 691
1 4569
1 1136
1 2468
1 4890
1 691
1 3718
1 3551
1 2235
1 1546
1 616
1 4831
1 3551
1 3560
1 4430
1 3286
1 2831
1 2174
1 1369
1 208
1 4142
1 1719
1 1479
1 513
1 469
1 513
1 1401
1 1209
1 606
1 4181
1 208
1 4890
1 191
1 2264
72 142 1440 1745 92 4975 2568 192 3389 4523 3310 2803 3789 2572 1264 1926 401 4002 3733 944 2770 3195 3317 279 3870 1521 921 1585 4529 257 4590 3088 2624 3671 4131 213 2302 23 1769 3954 4684 2454 1816 4472 4969 4314 4713 4862 3445 3717 1059 2888 4509 2789 3400 4072 2048 494 2807 1751 4593 1697 721 4995 3965 2332 3302 2268 1124 895 496 4176 358
1 1719
1 2080
1 3019
1 1136
1 137
1 137
1 2235
1 1136
1 1369
1 4435
1 4569
1 4475
1 3226
1 4475
1 616
1 469
1 4181
1 1369
1 4831
1 3647
1 616
1 3647
1 3847
1 4142
1 3982
1 3019
1 3281
1 1473
1 1982
1 2080
1 4917
1 4194
1 2174
1 4917
1 4430
1 1078
1 1401
1 4142
1 469
1 2264
1 3096
1 1401
1 1982
1 3425
1 1982
1 539
1 513
1 1719
1 1136
1 1546
1 4536
1 513
1 1473
1 691
1 4430
1 1209
1 4396
1 1473
1 1473
1 3982
1 2468
1 1223
1 2468
1 3560
1 1508
1 1065
1 973
1 3809
1 3019
1 1508
1 3647
1 3776
1 2626
1 616
1 137
1 1732
1 3647
1 2588
1 4890
1 3982
1 3286
1 1546
1 616
1 4194
1 3809
1 2588
1 3647
1 2150
1 4430
1 4569
1 1065
72 142 4112 2382 440 3050 4227 3358 200 3324 4692 2763 653 2721 423 3056 2061 4322 551 1714 4183 107 3656 2775 70 4659 1437 2119 3523 3956 768 1485 2434 2351 1677 4908 1766 4018 59 1668 4865 4255 544 1722 2215 3074 305 1483 3669 876 2804 3699 1895 4269 517 4189 2709 592 2095 3631 3109 4945 1917 4230 2034 2521 3739 4950 541 4289 1642 1800 3712
1 1479
1 3647
1 1508
1 691
1 4791
1 3096
1 4536
1 1136
1 4430
1 1732
1 2468
1 1982
1 4890
1 2080
1 3847
1 191
1 3939
1 1546
1 208
1 599
1 599
1 3982
1 3551
1 2468
1 3281
1 3847
1 469
1 2264
1 3191
1 3425
1 4142
1 2235
1 2626
1 1223
1 3425
1 3191
1 1401
1 4194
1 4921
1 601
1 760
1 4142
71 142 4414 4624 4365 4873 3257 2872 4327 824 2057 3810 155 1819 2019 91 1754 2123 2698 1491 4823 2905 3640 3529 3872 4351 2881 1317 2725 1930 3130 756 3746 2632 131 2296 321 980 2849 3512 3787 3927 4143 3592 1334 1533 2535 162 1275 1149 874 1543 1640 623 1039 2970 1166 2534 3692 3313 3402 2915 2459 3907 970 3453 3961 3672 2167 654 1553 1296
1 2468
1 4142
1 973
1 4396
1 1473
1 3560
1 973
1 2626
1 1223
1 1479
1 4890
1 2080
1 2831
1 3647
1 1479
1 3560
1 1369
1 1508
1 3226
1 3847
1 469
1 4917
1 3560
1 1732
1 3809
1 1223
1 4890
1 4396
1 4890
1 4791
1 3281
1 3551
1 1401
1 4831
1 2831
1 3939
1 539
1 4569
1 2588
1 2235
1 1136
1 1223
1 3019
1 2235
1 1369
1 2150
1 3647
1 3776
1 1732
1 191
1 3809
1 606
1 4142
1 4536
1 3191
1 2626
1 3718
1 1360
1 691
1 1982
1 1360
1 1546
1 4396
1 1369
1 1065
1 4181
1 539
1 1401
1 616
1 4890
1 606
1 3019
1 4994
1 3286
1 1360
1 3776
1 137
1 1479
1 4181
1 3551
1 208
1 2174
1 973
1 3718
1 1508
1 469
1 191
1 4435
1 3776
1 3847
1 3019
1 616
1 1209
1 1136
1 4181
1 3281
1 4536
1 4194
1 3560
1 1369
1 601
1 4181
1 2468
1 3647
1 4536
1 3226
1 1209
1 760
1 4142
1 2235
1 1401
1 3191
1 3191
1 3809
1 4502
1 4791
1 3647
1 3191
1 4181
1 2468
1 4761
1 2264
1 4396
1 2174
1 760
1 2468
1 4142
1 2080
1 1209
1 3939
1 2174
1 3647
1 606
1 3809
1 208
1 2080
1 3191
1 3809
1 3560
1 601
1 4569
1 2626
1 691
1 2235
1 513
1 4917
1 4502
1 601
1 3847
1 760
1 4502
1 4917
1 2174
1 4181
1 606
1 1369
1 601
1 2150
1 3286
72 142 4539 2037 74 3599 2657 3303 355 1623 2660 260 918 96 3183 1137 2613 2589 4259 2033 3871 3245 1167 4109 2063 1873 4167 3804 3981 1726 790 696 847 835 3478 4266 460 3610 1696 3305 4091 3970 1817 974 4785 3414 2336 3215 2068 285 4035 2910 2100 2723 174 1238 2371 734 4998 2917 937 959 3984 3687 3833 674 2550 1173 4378 2219 740 1653 3885
1 3982
1 4994
1 2626
1 1078
1 208
1 1209
1 3425
1 2264
1 539
1 1065
1 3286
1 3096
1 1223
1 3425
1 1369
1 3718
1 3551
1 1401
1 3226
1 1546
1 4831
1 4890
1 4502
1 1479
1 4142
1 3425
1 4396
1 2588
1 2588
1 4761
1 601
1 606
1 3019
1 3847
1 599
1 4831
1 4194
1 4569
71 142 2456 4726 1749 2193 1314 4101 1442 382 4941 501 3760 3469 4779 4613 3290 277 4335 2898 4883 545 728 2461 4084 4048 3098 4077 335 739 3399 1169 2469 480 2233 3177 3481 3842 4061 2517 1866 2375 1093 3144 1522 3063 3126 3103 1896 4880 3743 3180 319 2433 2834 1688 1129 1244 470 615 1625 2195 1350 3864 2580 4788 265 1384 369 1607 4136 4565
1 1209
1 3939
1 1508
1 1369
1 3551
1 2588
1 4194
1 3939
1 606
1 1508
1 2626
1 1209
71 142 1590 667 4179 3149 2969 2360 873 3977 1205 4612 482 2716 1680 2138 3243 1417 3748 2524 261 4678 4321 1537 85 204 2827 3931 3439 1906 3879 1459 4979 4518 536 3026 2307 1003 1157 1213 4848 15 1323 3319 328 1782 3012 1405 101 4188 2089 4833 4572 4462 4784 3604 1849 2297 1269 2204 4080 2591 2732 2255 1938 1921 1152 1786 1398 4306 4319 4787
1 616
1 2588
1 2831
1 1078
1 3191
1 3096
1 3425
1 973
1 2080
1 208
1 191
1 4502
1 4761
1 599
1 4917
1 2626
1 973
1 1732
1 1508
1 3560
1 1473
1 2588
1 1209
1 1982
1 3019
1 3425
1 2150
1 3560
1 3647
1 1136
1 1732
1 3191
1 3939
1 691
1 3718
1 3939
1 2468
1 2264
1 4917
1 606
1 3096
1 4890
1 1369
1 1401
1 4536
1 539
1 4569
1 4475
1 3226
1 2235
1 1401
1 1360
1 2831
1 2235
1 3551
1 1078
1 1982
1 137
1 1360
1 191
1 3939
1 4761
1 1732
1 3809
1 4142
1 2235
1 973
1 1136
1 191
1 3425
1 2588
1 4142
1 1508
1 1360
1 3939
1 4917
1 4921
1 3019
1 2174
1 4791
1 2080
1 4502
1 4430
1 2235
1 3718
1 691
1 1360
1 1546
1 1473
1 2588
1 4502
1 2080
1 3560
1 4430
1 3939
1 208
1 208
1 3191
1 2831
1 1479
1 3809
1 2626
1 513
1 1546
1 513
1 2588
1 599
1 1732
1 4536
1 1369
1 3425
1 4194
1 1360
1 3776
1 1479
1 691
1 4502
1 1223
1 3096
1 3847
1 3551
1 4536
1 1479
1 2150
1 4194
1 469
1 4194
1 3939
1 1065
1 1732
1 1360
1 2588
1 3982
1 3286
1 191
1 4917
1 4536
1 2080
1 2080
1 3019
1 4181
1 4890
1 1508
1 691
1 1719
1 1065
1 760
1 3096
1 1401
1 3191
1 2174
1 4921
1 1479
1 599
1 3776
1 4430
1 3982
1 3809
1 469
1 3281
1 4475
1 3776
1 4435
1 2174
1 691
1 1401
1 1546
1 1223
1 4569
1 1369
1 3982
1 1982
1 2831
1 469
1 3647
1 539
1 1546
1 2235
1 469
1 760
1 4831
1 539
1 601
1 4142
1 1136
1 4435
1 1136
1 3226
1 3776
1 760
1 3096
1 1078
1 1732
1 4435
1 2831
1 1508
1 4761
1 3019
1 616
1 1223
1 3286
71 142 2287 144 1655 42 2854 1382 4105 453 3713 426 1747 2398 2809 3500 1569 2743 486 3986 3055 3472 2044 3513 2912 1352 707 770 1392 1064 2981 2547 4958 2243 450 767 2230 4983 1001 465 1346 75 2231 3506 1366 4045 1589 2175 2480 1606 4853 890 3364 2395 322 1071 2498 4957 3509 4741 4010 4169 607 946 1809 1049 3904 1984 2047 2982 3423 4763
1 1982
1 1078
1 1479
1 2831
1 4502
1 599
1 1401
1 3191
1 4435
1 469
1 1546
1 1546
1 1360
1 3096
1 1209
1 4475
1 1732
1 3982
1 191
1 469
1 4536
1 469
1 1209
1 539
1 1473
1 1719
1 1065
1 1360
1 3286
1 2831
1 3425
1 691
1 191
71 142 3827 939 3948 3902 3936 4350 3882 439 3763 1610 2596 3337 3181 4437 1557 859 4609 4466 4480 1279 1452 1576 4943 4617 2278 4956 4944 1008 2322 2901 1514 751 3194 1000 2675 4288 2880 1988 2212 61 175 2043 1952 1411 1990 2992 1194 2166 4277 3289 3457 2028 3155 1756 3437 1204 255 2744 775 1571 1226 2892 590 2695 3045 1126 866 1643 278 1588
1 2626
1 1209
1 3281
1 1479
72 142 4717 917 3857 4357 350 3491 1007 3773 1005 3794 3323 4405 867 2900 1426 1665 710 3446 4709 2478 1912 4861 2614 2751 4691 1123 1797 3710 3287 3510 4693 2662 1526 1772 2011 2347 948 492 1620 4388 1764 4895 972 2041 2483 4930 4660 4467 628 4380 2102 4519 621 472 2604 1672 1542 934 1312 2238 4070 2853 2260 452 2793 1781 1821 1681 3531 1997 3282
1 601
1 4430
1 760
1 3551
1 1369
1 2080
1 2150
1 1065
1 4536
1 3647
1 1479
1 3281
1 4917
1 4502
1 3647
1 1223
1 4890
1 4761
1 4536
1 2264
1 4831
1 606
1 599
1 1719
1 3281
1 3019
1 4194
1 601
1 1546
1 2150
1 4430
1 4435
1 1401
1 2235
1 2468
1 1732
1 3847
1 2468
1 4569
72 142 3682 3115 438 3859 4952 38 1958 2782 398 215 4845 819 112 732 4412 2634 4355 3535 1363 1654 2000 2984 812 3716 4643 525 3205 4242 3861 3086 860 289 2904 1156 1134 927 1472 2792 1090 3311 2600 3210 1502 3265 363 2111 2783 4710 3553 3405 716 4500 761 1095 531 884 2781 431 1558 2134 2741 977 231 2533 4819 3200 2928 3252 990 2422 3761
1 539
1 3281
1 973
1 4761
1 4430
1 4536
1 3647
1 4890
1 3281
1 1136
1 616
1 3718
1 3776
1 1479
1 3560
1 2831
1 3281
1 1473
1 191
1 2588
1 1360
1 1360
1 1982
1 1401
1 4475
1 4917
71 142 2420 784 641 2590 685 3333 3170 4276 4165 2973 1824 4097 4792 3108 992 2161 4882 4401 2571 4855 4129 3689 2084 3248 2808 1026 3736 2127 1022 3601 4592 1421 4449 2703 4913 4311 2007 3284 2377 4206 481 4133 2301 2621 2971 2220 3724 504 3812 1544 1103 2404 2133 4770 1674 4746 1176 2246 116 4714 3670 4285 4731 114 885 893 2200 417 1393 3090
1 760
1 1479
1 2626
1 208
1 1223
1 973
1 3847
1 1065
1 2588
1 1479
1 599
1 2174
1 1369
1 3647
1 2264
1 4194
1 4435
1 691
1 4791
1 2150
1 3847
1 191
1 3551
1 191
1 1136
1 3560
1 3847
1 513
1 4791
1 1982
1 1473
1 2831
1 1209
72 142 3612 1598 3577 1972 4454 1940 4316 214 3007 3208 2447 920 4036 808 1019 1870 2410 3729 892 2279 3467 2813 4444 787 2291 1006 1519 1009 3495 2374 3504 4990 1410 4481 14 2995 2004 258 3587 2177 2168 4079 3216 145 909 4239 910 190 4417 3685 3346 4303 307 3224 1372 2978 4911 7 3946 4595 2362 2642 2612 1631 4794 3898 317 2923 4087 4331 1034
1 2174
1 4994
1 4142
1 3226
1 2468
1 4890
1 1719
1 2150
1 137
1 1209
1 3226
1 1369
1 3425
1 1546
1 3551
1 4761
1 137
1 2264
1 539
1 2235
1 1360
1 2174
1 1209
1 2264
1 3281
1 2468
1 973
1 599
1 4181
1 4917
1 616
1 3647
71 142 718 3377 2129 581 2890 230 4876 2218 4241 2860 187 2519 3048 1974 4474 4733 3480 2306 3433 157 415 3461 1266 2738 2194 537 1565 58 650 129 3814 1779 2944 4719 2520 2284 911 3937 2637 4363 640 2050 1220 3049 3659 2455 3858 2507 636 2154 3387 2125 1671 1273 4602 4020 1438 3312 2745 4123 906 4180 1812 2592 3020 1455 2960 912 1139 1920
1 1719
1 1546
1 4194
1 1078
1 1982
1 2080
1 601
1 1479
1 3226
1 3551
1 3281
1 3425
1 2831
1 1136
1 606
1 1546
1 3560
1 2588
1 3425
1 3281
1 3847
1 2626
1 4502
1 3847
1 1209
1 4536
1 3096
1 2080
1 1065
1 1473
1 691
1 1065
1 4569
1 2150
1 2174
1 4921
1 601
1 1078
1 2264
1 4430
1 208
1 3019
1 4194
1 4181
1 2235
1 2235
1 1360
1 4430
1 1078
1 760
1 1136
1 137
1 4831
1 3096
1 3982
1 1078
1 3776
1 599
1 1078
1 4921
1 973
1 1360
1 3647
1 1065
1 4994
1 1360
1 2235
1 4890
1 4994
1 1065
1 3560
1 2235
1 1065
1 4475
1 1065
1 3560
1 2235
1 2468
1 1546
1 1369
1 760
1 760
1 973
1 599
1 2174
1 469
1 1369
1 2264
1 2264
1 3939
1 4435
1 469
1 1078
1 4917
1 4890
1 208
1 3096
1 691
1 2235
1 1136
1 2626
1 691
1 2174
1 3019
1 1401
1 1473
1 1401
1 1360
1 4194
1 3809
1 2174
1 4831
1 691
1 1360
1 3847
1 4890
1 616
1 3226
1 3776
1 2626
1 469
1 4435
1 3939
1 4435
1 3560
1 1982
1 4994
1 2831
1 2626
1 4761
1 4791
1 4921
1 1546
1 606
1 2588
1 1508
1 1546
1 4921
1 469
1 4435
1 4475
1 973
1 3096
1 3847
1 4502
1 1369
1 2150
1 4435
1 599
1 4569
1 1719
1 3560
1 1223
1 3281
1 208
1 1546
1 4181
1 469
1 2831
1 760
1 3286
1 4502
1 3286
1 4569
1 4917
1 3551
1 616
1 599
1 2626
1 4994
1 3019
1 4396
1 2174
1 3286
1 2588
1 3425
1 4502
1 1982
1 4831
1 3809
1 1479
1 3425
1 3560
1 599
1 1508
1 539
1 1508
1 2264
1 1719
1 513
1 1473
71 142 1859 1153 274 1706 4391 2010 2141 4981 2228 1077 1322 8 4256 1476 3236 241 2060 530 1761 699 5 3301 4916 1208 1037 2180 3135 2476 3595 250 1570 4172 3664 121 4552 1820 1793 2173 489 2305 2633 1100 3686 4453 3167 4207 2816 1927 1495 2730 1327 2298 3807 4479 752 1198 3800 1263 4103 2488 878 1486 86 610 1142 4888 2312 652 4699 2924
1 4831
1 4396
1 539
1 191
1 1360
1 191
1 2468
1 1732
1 4502
1 3809
1 3425
1 3019
1 1136
1 3647
1 208
1 1209
1 1719
1 4181
1 4921
1 3647
1 2080
1 4921
1 4194
1 4142
1 1479
1 4194
1 4181
1 1136
1 539
71 142 991 2094 153 1348 2221 1848 3783 2303 1628 3396 1684 2708 2802 1428 4817 2681 2407 3068 4098 1004 2696 2064 3792 3547 148 596 1020 4521 2599 849 3254 3308 1416 2224 3240 1517 1101 2748 4812 4274 505 4012 1295 4531 877 264 2359 1396 1289 655 1796 1467 1500 170 292 4700 2263 1575 3182 2685 3413 1555 2542 3944 2953 498 1566 2428 515 1105
1 4502
1 760
1 4536
1 191
1 2588
1 616
1 3647
1 616
1 4921
1 3286
1 1982
1 3286
1 760
1 4917
1 3647
1 1065
1 760
1 601
1 3191
1 2468
1 4791
1 1508
1 513
1 599
1 3551
1 4791
1 3286
1 4475
1 2588
1 1732
1 2174
1 3982
1 3281
1 3286
1 601
1 1369
1 1982
1 1360
1 539
71 142 3447 1403 3570 3464 1477 4178 2170 2918 1052 337 2680 2055 1845 3417 3349 3348 4622 979 2773 3719 4881 1371 2363 1197 455 3735 1963 997 1863 1605 3866 3119 1225 2569 3565 4748 1489 3351 2199 3330 4456 2232 683 111 1427 3080 4016 4375 4681 1021 714 1376 1633 868 2795 308 127 2841 3824 430 2887 4163 4762 2076 3677 1447 2389 2955 108 795
1 1078
1 4194
1 2174
1 191
1 3647
1 691
1 4921
1 3096
1 2831
1 1546
1 3191
1 539
1 3281
1 4475
1 606
1 2831
1 4194
1 1982
1 691
1 601
1 3718
1 4396
1 606
1 4502
1 137
1 1479
1 1209
1 1479
1 469
1 4435
1 3847
1 4890
1 1719
1 3939
1 760
1 1473
1 3286
1 2150
1 1546
1 3425
1 3560
1 3982
1 1136
1 539
1 4569
1 539
1 1401
1 4994
1 4181
1 4831
1 4502
1 4181
1 601
1 4917
1 539
1 3096
1 4761
1 2235
71 142 4960 4685 1148 4336 903 4236 3926 3129 506 3277 109 1493 4452 4970 2465 56 3361 2265 210 407 3184 4664 3844 4009 3952 1993 3747 1724 1450 1865 67 212 3645 702 742 1484 1856 3817 1138 3079 2631 2030 2651 1461 898 125 1135 1146 4164 1042 2158 500 339 3652 4965 4542 2768 3376 87 4863 1261 3234 3993 1195 2182 4011 4637 4483 989 4052
1 2174
1 3096
1 3286
1 1078
1 4435
1 760
1 2626
1 973
1 2468
1 4921
1 1719
1 1508
1 1065
1 1982
1 2264
1 3425
1 3809
1 3939
1 2150
1 137
1 4536
1 208
1 4502
1 1508
1 2264
1 4761
71 142 2035 1463 1511 4566 283 4004 3147 1127 2796 3345 182 1303 3759 1023 1326 3881 1356 1400 3106 4270 4501 891 712 4805 495 3133 2106 1249 1578 4663 4734 1332 413 2056 930 2567 378 263 1044 2940 3239 945 4330 3031 4448 4128 73 3878 2361 2815 1409 3125 4209 673 119 39 1504 3589 3082 1976 4885 2403 1324 44 2619 2676 4134 37 3654 4233
1 3096
1 2468
1 3647
72 142 3143 3978 4707 4701 3270 1592 2282 1373 4838 1638 2406 2869 736 1362 2283 477 1731 1977 389 1953 2008 2870 2566 1368 2927 4900 4346 3233 2001 294 3028 344 164 2956 1143 4780 201 3544 2009 4605 3390 4629 2029 4783 3010 4271 1257 122 602 2882 3650 161 2163 1904 171 2852 1712 34 2729 2464 3172 1946 3051 227 4800 1047 687 2423 1720 2329 1582
1 2174
1 4994
1 513
1 2588
1 599
1 2235
1 606
1 3718
1 4435
1 760
1 3226
1 469
1 3286
1 539
1 2264
1 1401
1 2264
1 3560
1 3226
1 4181
1 3809
1 4430
1 4430
1 3939
1 137
1 1065
1 1065
1 3096
1 3939
1 760
1 4475
1 973
1 539
1 606
1 4430
1 4396
1 4396
1 3096
1 4890
1 3425
1 2626
1 1732
1 191
1 4890
1 513
1 2626
1 1209
1 3847
1 4890
1 3019
1 3776
1 1546
1 2235
1 3847
1 3647
1 2150
1 3776
1 4194
1 3019
1 4761
1 2174
1 4396
1 3647
1 208
1 3551
1 2174
1 3019
1 601
1 4536
1 2468
1 1369
1 760
71 142 720 657 4739 424 1713 3186 802 1069 2736 3124 2187 3368 2413 825 4144 1842 1744 4696 203 1391 3114 983 1488 4634 2082 3089 2402 1883 3025 3479 2649 4538 4923 2482 2948 1328 1934 2776 3137 1133 2987 2384 4 1375 3431 48 3527 4055 2338 2875 1698 4879 4638 2977 1560 2583 2267 2339 3291 822 1033 3285 3793 1616 1043 2760 2245 3730 3116 516
1 3847
1 1360
1 3191
1 4142
1 1732
