5000 4
5 2028 4773 1717 1276 3638
5 4654 1426 3496 4083 1870
6 1650 2382 1754 274 527 4924
3 2197 533 657
5 3961 4453 1182 2490 1794
1 360
3 1369 1020 214
1 2494
1 4037
6 2771 4141 4474 2985 363 4304
5 3946 4146 3381 3410 4792
2 324 1421
2 4015 673
4 3666 3094 3727 765
6 173 942 607 1117 634 3103
3 2223 735 293
3 2912 2720 219
3 4739 344 4861
5 2884 856 954 3275 1349
1 3194
3 820 2174 328
2 2552 1824
2 2280 2169
4 2842 3770 4980 2650
5 1843 1091 1625 2457 3701
6 4933 2913 1709 795 3798 4941
3 4745 4601 2706
6 3446 3390 559 586 4669 4513
5 376 1897 1980 1578 3422
4 650 2197 1380 3711
6 4822 3078 4659 4108 2367 3747
2 1180 1751
4 1245 1521 2558 2759
5 2983 1980 2153 4319 2113
1 2856
4 4315 571 1679 2074
3 698 833 4834
2 1331 961
2 4796 2702
8 2504 544 1451 872 1647 1645 4154 3076
3 54 1605 1740
2 2679 2076
3 1602 3145 2971
3 3056 805 2070
2 2328 4626
5 3571 4144 2596 2220 725
3 624 2601 4910
2 4210 1454
2 3866 2547
6 3063 4142 4296 2707 3898 1501
4 3082 4818 2349 1917
3 2219 3082 2731
2 160 4509
4 4521 1620 1193 1078
4 3723 4095 3656 40
5 935 4997 4889 1649 3477
1 1776
6 2334 3935 1653 1352 273 1793
5 3936 3674 3966 4217 1417
2 3130 369
3 4256 3916 3118
5 743 2860 2823 2120 784
2 3579 2656
4 4879 3260 3399 505
4 3541 3358 3789 1598
11 4312 2793 1139 997 4627 1036 3417 2198 2568 3172 1636
1 4865
2 2281 366
4 2935 397 2568 4432
3 724 3368 334
3 2475 3287 3883
2 4115 1997
3 2244 2853 224
5 4443 2266 266 1706 2900
2 319 1024
4 108 391 3564 2974
2 4522 3280
3 1278 1173 3179
8 1060 327 957 3618 806 4811 1092 2693
7 4105 937 3089 264 3328 1785 1889
1 2379
3 1829 1484 3863
8 3814 280 4631 2916 4714 3481 1898 4886
4 2779 512 4404 2579
6 1991 1226 2406 751 1251 2624
4 4829 1027 4364 3900
6 3287 2241 1525 3845 1008 1563
3 2703 406 3310
2 2721 2490
3 960 3374 3144
1 1435
2 496 4549
5 1219 805 4370 4790 2740
3 3385 655 846
3 4834 1894 2986
5 2319 4641 1180 258 1233
1 924
5 2382 1198 923 4431 2935
3 3482 4986 2276
5 4454 4964 4154 2841 2374
4 4261 1340 4812 4536
2 4519 326
3 1553 327 4706
2 1720 1109
5 1316 201 1786 4089 645
4 1224 4221 3238 2818
3 4479 768 4473
2 2672 2382
7 391 75 3824 4955 4284 3959 1047
3 1940 3687 4065
2 2811 4885
2 2551 4709
6 1328 788 2777 1108 3578 1150
7 1213 1859 2520 1435 4733 1814 3523
2 3859 4002
4 3981 2485 1157 2140
5 4717 2934 1253 275 4830
1 4962
3 2005 4552 1455
4 384 2297 2003 3516
2 1182 2737
7 210 3106 4173 3091 1977 720 4109
2 3244 129
3 1220 1884 2325
4 618 1906 550 2943
4 2546 2797 4757 1591
3 327 3169 4189
1 3992
3 2164 1686 3811
6 163 4058 2956 3620 122 316
4 590 3141 3837 2774
6 4836 4085 1011 3856 3968 3690
3 4898 3394 322
2 569 989
2 3812 1226
3 4178 3965 2121
1 3118
2 4328 3116
6 2970 1968 2691 2408 3643 3234
6 706 4898 3729 3189 501 2717
3 3741 2939 4850
3 2204 1577 3510
3 1628 2072 3259
3 4050 2708 3716
2 3493 739
2 4505 3850
4 3442 2423 1999 3833
7 4209 4222 2700 3791 3214 2559 2972
4 798 4164 3466 1934
1 2394
4 915 3918 2205 1058
6 2827 2110 3292 4733 3425 2031
2 1744 2777
2 748 569
1 2400
5 2891 4423 2649 1951 177
2 4374 4082
5 4399 595 2933 1168 897
3 3602 1844 3954
1 1391
9 1825 324 1090 2892 52 1865 2529 3049 2480
7 2949 3277 1735 1689 1745 4136 493
3 2442 1600 4034
7 129 4058 3974 2829 314 4552 4609
3 2748 3582 3236
1 363
3 723 589 4132
1 2177
4 596 2301 4715 3283
4 2221 2036 4505 2246
1 2633
4 653 3085 2146 2951
4 4945 3291 2864 2445
5 14 942 2766 1464 1856
4 4648 400 603 3114
2 3603 2289
4 2017 3573 2124 2387
3 155 657 2087
3 4146 680 2876
1 1354
4 2063 572 4777 4161
4 443 3601 1718 4237
4 741 1846 4134 4027
3 3518 1958 520
3 4937 3310 1273
4 1315 1295 2300 3445
3 4152 1651 2895
6 3841 1172 4945 562 2281 378
3 3120 3350 685
4 2306 4635 1189 1980
2 4555 371
2 3483 1627
4 384 3752 2376 4198
7 3558 2737 2235 1294 541 2188 2303
3 1196 1506 3723
2 3844 3631
4 4300 1987 373 3105
3 1823 3642 899
3 4300 4959 2329
1 3053
7 940 4727 2953 3966 4402 341 3925
6 1323 1829 2513 2065 104 894
3 2322 3267 2295
4 495 4244 3078 4685
3 4779 1084 3067
5 4762 230 2069 825 1830
3 1803 1910 4286
7 3660 1620 4176 1978 841 4482 3378
4 4635 1637 4799 2044
4 1938 4696 4039 903
2 121 3106
2 2364 4705
4 2830 1196 2334 1900
3 4786 4144 1120
3 4362 4505 6
2 3577 4557
2 692 3763
4 4333 4706 3931 621
4 1923 978 4483 2548
3 16 3300 776
2 3024 4301
2 1621 3440
1 4902
4 4378 3779 2011 4153
2 2950 72
4 4612 755 1450 4029
5 4715 3503 3950 1069 1125
7 4819 1201 1956 2183 481 320 4714
5 2111 2528 2587 2005 4622
1 3502
4 2369 2542 205 1001
5 4742 2677 4166 2377 4607
3 3988 3583 3933
2 2906 833
6 4777 2277 1442 1822 3973 1166
1 465
5 400 2110 2033 1883 456
5 1228 1921 4592 2995 2739
1 2008
3 2196 907 1488
1 1434
3 2872 4385 2810
5 4633 1159 2576 3471 1125
2 2512 828
2 2187 839
1 3853
3 1994 3322 3544
3 4359 1738 1400
4 3603 1112 1653 2630
4 1036 2729 4265 1635
4 3983 3051 1700 3832
5 3980 376 3612 3433 3645
3 3117 4597 461
5 1720 4604 3644 2956 3269
3 1338 3557 3393
2 4392 1259
2 2864 754
2 1842 4344
4 3605 409 95 1981
3 853 4051 3008
4 3619 2170 4822 2399
1 854
4 4373 1754 4150 502
1 4144
3 4081 79 1188
3 2632 1651 1325
5 2761 327 3534 1600 73
4 2174 1138 2151 4177
3 2401 716 4465
7 1792 444 2835 3424 3209 1621 2245
4 4962 671 1748 4996
1 2207
3 4610 3830 4219
4 4730 4927 57 2085
3 2904 2190 2
5 116 2439 4023 4006 1847
2 2846 920
2 1428 2607
2 3082 2410
1 3184
6 3814 82 1692 1539 2099 3522
5 1304 4576 1477 2235 4065
3 3625 4724 4286
4 428 2982 4585 2307
7 3449 888 958 1191 2715 3856 3107
1 2820
2 2175 355
2 2911 1259
5 4755 2142 3759 2288 2670
1 2422
1 806
2 4956 3611
4 469 2008 3754 2073
2 2797 15
1 1112
5 3401 2681 4503 4101 2024
3 2429 3766 1148
3 2739 1048 400
2 4138 3985
4 3494 717 1173 532
3 4498 1663 4416
3 1024 2001 4894
3 3742 2978 575
3 3726 2199 2057
3 3899 1161 4407
4 3555 1874 4316 1418
3 4772 1213 764
5 3454 1893 2509 827 3448
3 4254 1094 1647
2 4198 4961
2 3484 771
3 4048 4386 2172
3 4438 2345 823
2 1438 3548
3 163 4148 1333
6 2451 2750 1366 2398 2825 1501
4 129 4413 1882 2574
1 750
8 3886 1943 3420 1347 830 1411 584 2236
5 4641 3460 3644 354 74
5 988 3556 227 4637 1420
3 1012 3971 4107
4 3204 4499 132 3658
2 3423 1121
7 1825 160 4365 3649 4395 1686 11
5 1619 4927 650 1905 3491
2 101 1366
7 1060 78 3246 102 266 126 2936
1 20
2 1545 2915
6 3950 3752 3171 3787 2699 4913
5 2909 4454 4667 2796 3223
2 933 2318
5 4293 2364 1970 1069 3059
4 69 2154 1859 4994
3 1795 636 2175
3 944 2680 4929
5 3016 2766 4710 4021 1666
1 1164
3 1242 3807 4999
5 1860 3210 4443 2300 3100
1 200
2 880 2064
2 4933 1119
7 3286 3025 17 665 3678 1863 4824
1 3280
1 3333
3 1842 4871 4603
2 4473 3137
4 4333 1175 1139 395
7 1239 4551 2038 1722 3569 1688 4020
2 374 3303
2 3514 598
3 2989 2618 4411
3 319 2675 1771
3 1890 286 1187
2 1770 1823
3 4551 2946 1740
3 3771 4458 1495
7 3363 4897 1454 1589 3799 1679 2730
5 2360 2981 5 4349 3543
2 4142 3596
2 2844 1215
4 9 989 1944 165
4 4101 3702 1522 1699
1 4999
2 67 835
2 4324 2987
3 3220 4491 995
2 59 3130
4 4274 4293 4613 4692
3 3645 4811 190
2 1654 3290
2 196 860
6 1520 991 2334 2695 623 351
1 1842
7 1897 28 4695 251 816 3566 2138
4 4851 2425 507 4589
4 1174 3651 187 4684
2 4381 4895
5 1245 2998 891 3490 2724
7 2533 1910 1737 3254 2011 3713 2882
2 4457 4645
4 4268 4487 2390 4783
8 2297 119 573 3183 192 1833 879 4227
4 4503 2912 2028 3000
6 970 3101 4659 908 4884 3590
5 4187 764 3528 2560 4013
2 2170 2442
3 1957 2219 455
3 2376 2348 3563
5 108 75 1234 2808 4213
2 1430 747
3 4173 1299 1776
1 3121
3 1688 676 349
3 1224 1826 1036
5 4026 1419 3060 68 4669
2 4889 3446
5 2634 1756 1429 640 2486
5 174 4648 236 297 2179
2 3462 4670
3 4359 1469 2097
1 4817
3 2098 1106 4411
4 3367 2642 1454 1330
6 2149 4292 780 2685 87 2570
1 2131
5 3341 1076 3909 2426 4666
7 4763 4506 1529 258 891 2968 4961
3 793 4440 941
6 2544 426 4069 2234 3724 2894
7 3245 1332 799 2655 2592 2004 2330
7 856 1272 4873 729 1957 767 463
3 1151 4050 1797
3 4015 2400 4681
4 2934 2026 4639 1423
2 2006 4759
8 3460 2495 4985 2530 1673 4772 1127 1368
1 3926
3 953 2535 4033
5 3839 4880 1151 2263 3655
7 4240 883 3479 3981 1659 1787 1656
2 926 2743
3 4621 1674 1514
4 4134 1976 641 2863
3 2544 411 4384
5 4615 3454 1715 3689 4814
5 4438 2835 3680 283 3414
1 1589
4 4744 4349 1879 1009
5 1619 848 4868 4424 3437
4 1244 4371 3932 4542
4 4429 1076 3580 3523
2 2707 4919
6 3602 1439 3432 3441 2982 4005
3 3643 2567 2300
3 2423 4850 3838
2 977 1685
1 2632
1 2804
3 4155 1353 1999
1 1995
2 1442 181
5 269 1792 3766 3146 2411
5 2158 3039 1189 4185 3357
4 3287 706 3870 4073
2 3081 703
4 4895 3670 3950 1184
2 1929 642
6 2219 3500 3064 4124 1523 2194
1 4552
3 3222 2122 4903
2 2732 746
4 2190 2093 1839 762
4 3451 2279 1913 389
5 3886 2870 236 810 1309
2 1662 3564
2 4030 1730
3 4737 4382 1917
3 3573 4016 2825
2 3434 252
2 4163 3002
1 413
2 3326 1298
3 3890 4746 235
3 2662 665 3011
3 590 3370 2148
2 1513 2833
7 2008 292 1876 4110 865 2670 2545
3 4455 3127 2375
5 4015 3707 3479 2166 772
3 3576 2126 4680
5 4178 748 1226 986 2452
3 516 4132 2707
3 4631 2639 2222
6 3612 2660 3983 4356 984 3315
4 1483 1464 3852 2113
5 1868 1805 3381 1318 3068
2 3058 4151
2 2404 3336
3 2453 227 987
5 952 2996 2842 760 1146
6 3526 4022 4741 4170 2450 4560
4 3360 1372 4088 3021
4 1175 1268 4225 4252
2 2391 1801
1 1186
6 2664 948 671 2467 4341 3391
4 4291 853 3636 4113
2 811 605
5 4512 2898 3972 1576 4942
1 642
3 161 3092 3918
3 1539 4170 3203
5 203 4244 4503 2039 2440
7 4118 2046 3042 4848 91 2381 2430
3 661 4102 3749
4 1513 1219 2380 1744
3 1406 2095 3701
4 3877 3279 1191 2135
3 674 1824 139
1 262
3 1515 3980 2855
1 2265
3 1918 2580 63
5 3743 2264 2835 2331 1913
5 377 4779 3628 2458 4616
2 4036 553
6 3672 997 4397 2808 4205 600
1 4373
2 2016 4995
9 1943 3334 4255 3764 4939 2657 3356 2824 83
2 716 4056
4 2510 3742 4431 2948
2 3403 4426
3 474 4132 3822
3 3619 3886 1722
3 3649 559 1132
5 2583 4171 594 3861 1476
3 3969 2984 183
1 4228
2 1071 2501
5 2509 3556 1710 2654 3012
3 1093 3562 2599
1 1226
5 1242 3970 1555 3799 2043
5 2 877 1906 3459 4301
3 969 588 2577
3 1738 3058 616
3 1751 1862 3686
1 1394
4 299 4006 2853 3143
4 3460 973 752 3
4 774 3708 3174 1448
4 1348 3019 872 1326
5 1341 2981 4418 4525 1292
1 4035
3 1703 2498 2350
4 3588 1427 3743 3104
2 2024 4210
3 2855 193 1877
3 1373 3636 3575
1 1209
4 2504 39 2145 4914
4 2954 2886 4503 1764
2 3905 3900
3 2287 1688 3188
2 1628 771
2 2626 4060
4 4225 124 2366 1232
3 1890 3462 3933
2 3080 3777
5 1155 4822 508 3540 4406
3 2463 2191 4787
1 1378
4 1938 1199 1335 2021
2 2745 3930
6 1698 2191 798 2035 1928 3083
4 829 27 518 2938
2 2428 4838
2 682 1223
6 4263 2212 187 4561 3379 744
3 1263 3194 2372
2 1303 1070
2 1537 2607
4 711 2261 4256 846
3 4274 2439 4068
2 3814 2554
3 133 989 153
2 1923 3065
5 2303 35 4939 1211 4585
4 3238 2985 4883 180
5 1277 384 1510 839 1682
1 3633
7 4517 1803 3133 1185 4394 302 631
3 1653 3843 863
3 3593 4223 2390
3 4359 3422 3746
2 595 3248
4 636 2856 1758 2751
3 4378 4220 2680
3 1258 4632 3550
5 821 779 2928 2814 4929
3 318 4511 2251
1 911
1 27
3 4506 2653 4576
7 859 3598 3209 1624 3639 840 528
5 2159 1115 1375 4116 166
6 130 3141 4803 467 4023 2343
3 3907 1167 4158
2 4481 3565
2 4774 1203
5 1036 519 706 3671 4920
6 2266 2719 2725 4663 157 579
6 4702 3987 168 1637 2088 3956
4 3960 1734 4784 3184
6 4000 2652 3671 2377 352 4277
3 1297 4358 3384
4 3025 4729 509 4711
3 2701 1274 741
3 2911 674 3211
5 174 2876 4670 2613 4626
1 4752
3 490 4856 758
2 3768 3918
3 2015 2046 14
3 4519 3545 3452
3 1149 1530 704
3 2349 4821 745
2 1581 3933
3 3215 3977 4920
3 4653 2304 4085
3 4285 3702 867
3 3733 4472 1656
4 529 2642 1010 2910
3 4231 4043 694
4 124 1906 4561 1690
1 4558
4 1467 4964 4066 1117
3 839 1510 217
2 4487 1808
2 1315 374
4 46 2601 2993 2794
2 4360 2339
3 4480 4417 3529
2 3538 4307
4 2468 4116 2838 3419
1 3317
1 3773
2 3557 575
1 4842
6 1581 2518 1275 766 1193 1206
2 1853 14
3 4247 4034 2991
6 1795 335 3556 580 4147 3572
2 3491 1680
4 3081 4090 3984 1899
7 4397 4820 804 923 1079 3632 1926
3 1553 399 4451
4 1419 425 4916 3369
6 1929 2319 4170 2183 492 449
3 2585 1654 892
3 1934 2780 840
3 104 4727 3738
1 929
2 1018 3337
4 4580 3624 2534 4911
3 1051 2186 4761
3 2197 29 325
3 2963 1453 3489
2 2971 1909
3 171 3085 3284
2 3864 2509
3 4166 2957 93
1 2187
9 925 4199 2889 2374 1351 2749 177 666 3
1 1723
4 2299 2573 4625 1098
1 4623
4 4102 497 4288 3272
4 2244 1029 4531 2732
3 4568 2131 1145
5 4583 962 3541 3676 2794
3 4967 344 466
3 657 2052 4325
4 2353 3995 1575 1933
3 3039 3344 1251
3 3069 2584 2630
6 4017 4363 700 1302 1005 1109
5 2216 488 1512 1504 270
2 2849 1080
4 12 4150 1612 3316
4 602 1469 2307 501
6 4085 1643 4004 4801 1584 2645
3 3342 1213 395
3 4264 3086 3324
3 4893 1901 3587
2 2555 1033
5 3997 1324 178 1240 1445
1 2182
5 2869 1186 4541 1592 561
4 3215 3157 4649 4928
3 2718 1686 4584
3 4785 728 188
2 4770 2335
2 4576 1756
4 966 4105 2242 1365
3 1667 3931 4984
3 2395 2401 3940
1 2860
4 3763 216 3525 1103
3 1817 4715 4832
3 1801 4103 617
4 4683 1061 2103 1925
2 1945 3890
3 3906 1961 4758
3 1949 2356 36
3 2268 1726 976
4 4781 4197 670 1731
1 4873
3 4975 4438 4288
3 3081 447 1182
4 1522 4662 609 2627
2 3401 3614
5 446 3287 139 594 3404
3 838 4947 1255
4 2116 4661 4422 4554
3 2420 3723 3993
6 3044 4293 4511 3079 1043 1759
5 2261 566 3520 2185 2977
2 1392 2587
2 4025 3494
5 2912 3963 1095 4013 3217
1 1682
3 2172 268 513
4 3494 299 1637 1631
6 4318 3627 1612 3776 4203 4384
4 3202 2463 2013 3572
3 121 3745 2132
1 2821
2 2752 3186
2 2432 166
4 69 3368 730 2445
6 45 4055 3888 4234 3224 3712
1 2725
1 766
4 2578 3666 685 2000
1 413
5 1088 3494 724 4371 1384
2 4977 4928
2 2953 1043
3 1983 2615 3757
3 2953 3171 3141
4 2656 2685 15 3710
2 3784 1998
5 4709 3384 1427 2251 2965
2 4053 3711
2 3960 144
5 4479 4553 2646 1384 980
6 4471 4132 3299 182 2623 601
4 1874 4223 1239 4329
5 2860 61 2928 4875 3497
2 562 2841
3 610 4773 3310
4 2046 2162 453 3862
4 392 2581 1945 3889
5 972 2691 473 153 3421
3 3529 4784 3765
4 2616 2831 2077 317
4 4876 84 2810 2358
2 533 2980
3 3899 1323 3776
4 2788 2371 4816 256
5 4612 225 4713 3813 3990
2 3723 1653
3 4215 4026 1207
3 1424 4559 605
4 3652 4347 3014 4327
2 4586 482
1 4279
2 454 3278
3 4333 3553 1000
4 387 3048 306 2648
2 2184 13
6 2793 1003 633 4989 727 3878
4 413 1192 805 2207
2 106 4152
2 1253 3633
3 1353 3952 3659
5 2876 3893 548 310 4513
3 471 1145 3699
2 4059 2364
5 4437 2639 534 3469 826
3 3106 877 919
4 4108 2707 1580 219
3 1467 4372 1404
3 1654 1435 1653
4 821 583 4682 3402
3 406 1128 3674
1 1200
4 4644 1887 2003 3835
5 1345 2549 892 2745 903
4 61 2258 4995 1158
4 2005 4548 2765 4960
1 827
1 3575
6 112 1328 2476 3487 4703 4923
4 4041 2572 2114 4491
1 3693
1 1331
5 4716 4017 2117 2816 3218
5 1657 3048 4939 410 2972
3 1336 1927 3517
2 25 1647
3 2891 1295 2599
1 1539
6 4164 148 558 2890 4326 1979
4 1428 412 2178 4272
2 4522 2707
3 1280 2649 4696
5 3762 4628 1206 2073 1385
6 1371 4168 2001 2359 1935 1718
4 639 3541 2215 2352
9 92 1219 4998 43 2663 767 2077 3270 2344
7 4199 3602 78 2310 290 2742 1400
4 1128 3605 1819 4342
1 3777
4 1198 1263 1171 1285
3 456 3271 2831
4 1299 3953 490 1002
4 1943 4000 1228 4040
2 1952 820
4 2975 968 3440 1671
4 3899 2722 1531 1349
4 4754 376 1250 2844
1 1550
8 3498 4721 1476 3807 894 2966 2469 3398
6 1321 4522 2181 1912 4562 3715
5 2174 20 1682 3811 813
2 779 583
7 3197 2455 1513 2567 4096 2465 3975
4 1175 977 312 2877
3 4700 3631 2508
3 4608 4720 205
3 3233 774 1241
4 1432 307 4837 786
5 1244 2711 1679 3896 243
7 2128 2302 559 2176 2132 1861 3318
7 3600 318 2523 2010 3722 4278 1668
3 2453 1021 4526
2 1943 1862
6 1502 4656 3422 4828 36 233
2 4704 4213
3 881 3691 366
3 2727 1827 3227
2 3188 2244
3 4504 2389 707
5 4157 573 3886 621 244
3 1227 644 588
4 207 3906 2814 2362
4 2248 4266 3914 4656
2 3181 2157
4 4344 2226 3926 2548
3 4917 2728 4265
4 566 3277 3175 93
4 3178 2905 2843 4408
3 431 1619 3258
2 1220 1384
2 3137 4419
2 4070 2961
3 1358 2572 2725
8 3450 1060 4363 259 489 992 3034 3203
3 940 261 4552
1 2598
5 2884 18 413 1536 4107
4 4374 3370 4681 1431
5 1057 3101 3215 1769 1648
4 588 3598 4944 2034
3 1287 2818 373
5 4796 3266 1439 2646 3327
3 1538 1778 1170
3 4826 576 2998
3 1472 4633 1213
4 469 2160 3174 1869
1 2414
3 2598 614 1902
2 4129 4510
3 2829 4698 4804
2 4382 1985
5 2801 3273 2835 2243 4623
7 39 4302 535 2633 4212 2715 2452
5 4746 1638 2373 1056 2492
2 3915 3609
1 3695
4 1479 3871 4548 3512
8 3851 2221 3872 4280 527 1560 775 3505
1 4777
3 2919 384 3229
5 1574 1032 342 1363 4109
5 3361 4575 4019 2825 835
3 4041 3374 1443
4 422 4240 1191 3364
3 4586 4241 2527
3 2188 3891 4881
4 4081 2583 1000 2433
3 1119 2100 4200
4 1709 284 2493 3957
1 2713
4 2776 3996 2511 1580
4 409 380 3773 2733
5 1332 783 643 3607 3885
3 2786 3999 1482
4 3570 818 201 2577
3 4902 3466 3682
1 1307
2 3222 157
1 2604
4 2581 4660 4545 197
5 2905 3949 4110 3069 2352
3 3535 2503 3610
4 1860 1748 1638 2732
7 1473 783 209 926 1302 4207 1832
4 2932 1493 2866 4732
4 4581 1991 4521 3292
4 4429 2797 2149 2661
1 239
3 386 1700 3419
2 2829 2360
5 1353 2604 2898 4541 3876
4 1370 3503 3649 585
5 1165 3449 4364 1748 1505
2 4378 1835
3 4559 4632 2567
4 150 3918 1818 2953
3 3430 2447 4102
1 3793
3 1345 3215 1254
4 1962 2314 775 4705
4 4387 2039 276 3150
1 1302
1 3432
5 639 1245 97 4189 4277
4 3935 4110 96 2554
6 657 4199 1615 2874 3231 3461
3 3233 903 423
2 4519 3530
8 2317 4221 1094 2680 3375 2813 3003 3170
3 1021 646 4588
3 1651 4089 4273
5 3695 4744 2407 3067 4159
1 1653
4 2397 3850 1240 332
5 1112 4998 4047 1326 1391
4 4168 4470 55 4045
4 4179 4746 4787 4869
2 4105 79
1 993
1 1874
4 200 4727 4208 854
3 410 1641 3572
4 173 14 1314 2748
3 3039 4148 2854
2 4627 336
2 4152 2257
2 1569 3815
3 2213 2584 2684
4 2664 488 2960 3339
3 4640 3625 3263
3 3388 2503 1838
3 1125 1339 1159
4 2996 482 3313 1975
3 3423 4855 420
1 18
4 2195 4906 2631 2482
2 4581 1735
7 78 1831 1471 2101 4068 4570 1386
6 4842 4505 2609 284 3303 3505
1 1543
3 3374 89 2503
4 37 3735 1344 4794
5 3907 3238 4537 664 2803
3 3009 3304 4403
2 3873 3869
3 4024 3907 3726
4 4559 4749 688 3751
4 1344 4171 3277 3549
7 2975 814 2524 3482 3444 2551 2774
4 2468 1094 1494 528
3 386 3101 4242
3 4781 2288 4026
4 1067 4182 748 4801
2 533 1005
2 4898 4278
3 4239 2808 3157
9 4239 2561 1416 1258 2216 2084 2312 1209 699
5 1685 438 3791 4001 823
4 1923 218 2748 4308
1 3668
2 740 3863
4 2454 4258 3037 3380
3 1382 3737 3500
3 3798 4642 4289
4 2130 3757 476 2836
3 1928 3575 1897
4 3153 1537 473 2502
3 1395 1543 481
4 2731 2265 320 3955
7 569 133 4360 363 4798 4355 1873
5 2323 2660 2170 3654 3159
4 1520 374 4315 1900
5 1298 853 3534 2525 3280
4 2517 1950 938 2980
5 1956 3093 3965 4518 2871
2 368 3806
3 3709 4194 4353
4 1332 65 509 4833
2 2300 2515
2 3493 1114
2 763 886
1 230
5 811 1165 3420 1217 4530
7 4901 2694 3617 766 3981 4917 2649
6 4186 4706 3991 2765 3554 2247
2 973 670
2 4778 2989
4 1392 1490 3160 1232
3 4162 1604 86
3 430 3331 4271
2 2279 616
1 131
6 2898 2680 4696 321 1852 1516
5 4770 2575 4898 1821 3110
1 2690
1 3513
2 4373 3950
3 3301 3742 1569
5 1176 1373 647 4246 4800
3 2527 1617 1353
3 1801 2481 6
9 3385 3257 4069 831 3278 929 4680 3678 1320
2 4795 1169
4 4101 3793 3131 1028
7 3352 2478 4969 301 4283 3897 74
3 1960 1995 2400
4 4671 1982 3434 1171
7 4829 85 4443 1754 1483 3901 2496
3 3289 1023 4672
4 2244 662 1555 4881
5 1995 1493 4375 2564 2177
4 2930 2667 3021 3478
3 1574 880 3042
5 3125 1304 2150 1199 679
6 4899 3932 3947 3263 4163 1552
9 1358 3770 2188 4918 1725 4203 3528 2640 2784
5 65 396 1650 594 249
3 3892 2759 1129
2 4053 1939
2 2866 4871
4 1481 3279 3340 2361
1 1723
6 2676 1836 4991 2185 1279 2273
3 710 4806 732
1 4969
4 1884 4030 2438 2085
3 4072 3055 1255
2 1455 108
2 4075 297
4 3762 3965 1884 3249
1 2149
4 4077 3277 1919 649
1 2135
4 2583 2939 1665 4808
3 1750 2295 2591
5 4425 1362 3159 3230 2648
2 873 4558
4 1842 4214 1990 858
2 1897 150
2 2042 1137
7 78 327 3602 853 4810 2948 2052
7 4232 3666 1512 695 4392 3284 2806
4 3013 1122 1141 1238
1 2774
3 3591 4038 3116
1 1968
2 2584 1865
5 4182 972 4802 1396 4941
3 1991 4540 4679
3 2198 333 226
4 3451 564 1341 1445
5 3695 4326 1281 2683 522
3 2211 4718 3250
2 1624 3217
2 4977 3875
3 2779 1868 2172
6 3888 4268 2954 1973 408 433
1 4736
1 53
3 639 3905 3711
3 672 1508 4222
1 2811
3 2569 2670 4486
4 4975 2226 3063 4203
5 4155 1775 204 2462 2054
6 4936 4826 4965 2803 1712 3891
2 3680 4857
3 3330 2190 3808
5 3140 730 1556 3121 4172
5 4455 3197 3997 4345 1463
4 160 3163 1952 2047
5 1843 24 2565 2205 1161
3 3439 4570 78
2 1539 524
6 1986 3611 928 308 3735 969
4 1324 4822 714 1532
2 2339 4574
1 2567
2 659 3962
2 2509 2272
3 4602 2930 4834
3 3709 4338 3746
4 1958 3029 2989 2707
2 692 2893
1 3634
2 1264 3090
3 3077 4293 404
5 1711 4055 2306 2339 3530
3 3685 3234 112
3 670 103 3093
3 4373 3014 1549
3 3000 2046 3831
10 1360 4743 248 934 294 1168 2591 1617 1791 3715
1 2213
5 2860 3709 999 3652 2043
2 2159 589
3 3449 2914 2735
4 3279 620 14 2080
5 4591 4440 1655 4499 1305
5 1175 4768 343 887 4772
1 213
7 4469 1204 3661 1404 3652 2296 323
4 4620 3848 1062 3914
3 3841 2161 2071
3 1372 4819 4681
4 226 2827 242 951
4 4413 2364 2727 4668
3 1171 1823 418
7 4891 1362 780 3190 4377 807 4180
3 1037 3739 4523
2 2687 2911
4 2164 3312 4250 2003
3 518 2653 3231
6 4515 3733 3146 4047 4212 4665
2 1984 4041
2 2552 2257
3 2234 1765 2142
2 2315 1059
3 2542 267 1704
7 65 1767 1297 3920 2759 349 2236
2 2864 4503
5 2260 1652 3815 1062 2940
2 4632 4368
2 3018 1523
3 3278 2993 1701
4 4454 663 3460 772
1 482
2 4306 3725
2 296 3538
4 1266 1966 1715 609
1 112
4 421 3317 3522 414
3 3881 2478 1180
4 4595 4843 4917 4794
5 4486 3892 2619 3542 2880
6 4822 553 2317 2945 4339 1639
2 3370 2587
2 4716 115
3 784 3778 2109
3 4633 242 951
3 1936 2639 4904
5 2226 304 1091 2078 3878
4 3312 3660 4587 1412
2 1811 1560
3 2495 1893 338
7 3449 912 3013 1176 1002 2473 1285
1 234
4 3088 1233 591 1359
2 1112 157
5 3736 2755 4297 4618 1022
5 1508 862 3465 1947 4542
4 4570 1026 809 1127
5 187 3841 4262 3393 2228
3 299 1905 77
3 4178 4584 378
5 4768 1119 485 349 823
3 1165 1018 4723
3 2562 4268 1632
8 4090 2050 4053 1200 2776 1745 3802 2742
3 3848 4090 3518
5 1152 2660 1776 95 31
5 1692 3266 2089 3314 3859
6 703 4 3140 4018 3575 120
4 4537 1653 4555 3592
3 448 3756 1388
5 575 1952 3125 3847 1445
6 2869 682 2999 3949 487 4594
3 355 2939 4084
3 1401 264 2580
4 445 189 1806 1875
1 3260
4 883 284 500 2776
7 1311 2785 3153 2284 1518 3760 767
3 1658 53 633
4 2414 4524 4410 2537
2 4116 2114
5 2830 212 4529 4602 194
3 4990 3761 3520
5 4441 3538 2185 809 97
4 3662 1033 556 3621
3 1178 2015 781
9 4226 1616 227 3986 1681 3998 2355 3576 2245
3 2530 3248 3946
6 4978 3994 1615 3341 593 1888
3 4469 1121 3285
3 4961 4579 3960
4 633 1778 802 3012
2 3140 757
5 2756 3342 4902 4409 3377
3 3485 976 543
2 4714 2961
2 571 3126
3 1812 2402 1299
7 113 1859 2955 676 306 864 1413
3 2229 3214 3771
1 362
3 4672 4404 4303
3 4606 1002 4815
2 3896 2382
6 92 805 2782 498 4269 3020
4 2916 3341 123 849
6 4303 2757 3645 3544 1766 2730
3 1378 4710 2130
4 3780 2827 2403 561
5 396 1826 3600 4241 105
3 4583 2315 2444
7 3812 134 1871 84 473 525 4029
3 4400 3120 840
6 1921 237 812 2542 4007 4550
2 1298 3048
5 2763 4344 2284 1547 4238
2 1890 1403
3 1007 550 3119
3 1167 2172 95
4 1568 4470 391 3971
4 4228 1879 1469 4894
1 2719
4 1424 3430 3617 1464
2 2904 1062
4 350 4551 742 3453
7 933 3250 680 1903 2805 1670 4593
3 2820 1993 826
7 526 3970 1247 4805 2430 339 2049
2 4820 3247
5 828 2711 2810 432 4852
4 1521 32 380 923
3 2798 4102 4781
3 1242 3205 1374
2 3932 3730
3 3240 2712 3925
7 3854 816 1775 2964 3491 4267 3922
4 668 1475 84 3822
1 1792
7 1533 116 2315 2562 2188 769 3359
2 918 3823
3 4160 1046 707
3 3582 3305 1939
4 1466 1575 2483 2034
5 3612 976 3920 3298 582
3 1496 287 255
4 1843 1652 2360 4322
1 3272
6 1332 4116 2417 3331 3452 1519
3 563 3194 809
5 1948 2763 1105 3921 1821
3 4610 2154 4683
4 1149 1966 2394 2741
7 4195 3752 4964 3473 4156 4106 1690
5 2606 4055 2491 485 3047
3 3009 2094 4445
3 4721 3518 4649
3 3573 4649 1944
6 2858 2118 3148 2779 413 2855
3 3185 184 3994
6 1960 3531 4756 601 1845 4849
4 1510 4051 633 2819
5 2032 0 3831 1830 1618
6 3222 2686 573 4867 3720 2206
2 1300 77
4 1042 4039 1613 3152
5 2498 1429 1703 2045 801
6 4220 1924 3233 3388 1071 4771
2 2164 3794
5 3025 4796 4902 2700 2704
3 1896 3535 2178
3 4927 1165 809
4 4621 3066 1483 4691
3 1368 2123 860
6 3983 1428 3924 2662 1812 3214
3 1482 4269 2938
1 4622
2 2315 1572
1 536
3 4287 4321 4485
3 193 4660 4534
4 2891 796 2728 185
6 1680 3588 2850 4867 3868 2925
3 1139 1537 599
8 1369 4672 1229 3952 3795 4654 992 464
7 811 3953 2556 3977 1212 393 2991
5 4193 4086 1576 3827 1278
5 3934 4479 1897 3776 3817
3 670 903 921
7 3162 2376 4837 1914 2590 4158 564
5 281 4576 1033 2732 4289
2 4654 1118
5 1454 2268 2491 2713 3618
3 4634 896 2807
4 2876 1897 4886 3415
3 1682 456 4840
5 3562 4785 2761 3574 2186
5 1192 2785 2993 1498 2286
1 2195
5 2124 1373 3392 3320 3006
4 1955 942 4123 4002
5 3687 185 623 1782 1748
5 1344 1986 4632 104 3150
2 3837 2545
5 478 3872 2823 2055 2798
4 3603 4953 3317 2636
2 2599 1021
3 4522 819 3803
4 3435 4983 2955 2258
4 201 1829 753 4542
4 3997 680 1095 3198
5 3974 265 3331 4236 3677
3 535 934 2256
2 3525 1491
4 112 788 2927 4670
2 2926 2185
4 1775 2737 405 4778
4 3169 4415 37 791
6 412 3245 997 892 1262 3798
3 4978 314 1933
2 3187 1609
4 556 3118 2643 3832
5 4061 2292 4451 2931 794
3 2223 2615 2775
6 4750 1826 3014 3214 3402 254
2 4998 951
3 4261 100 4006
6 536 2981 2518 4678 4082 1070
3 3900 2200 1370
1 4846
8 4642 3307 1316 2385 967 4654 4161 961
7 2549 783 918 1782 2412 3464 4238
2 4601 4645
7 318 4404 4184 4976 2417 3717 4322
6 535 3019 3529 2492 2746 1967
3 815 18 2362
1 4950
2 2494 657
2 57 3990
8 441 4155 770 3060 2060 910 3065 1019
2 1492 179
6 2063 2729 3306 2775 3168 1548
1 3727
2 2707 4184
3 1035 3770 852
3 3765 3927 1167
4 4743 1112 4306 3616
6 4561 2942 4520 2137 4021 3132
5 4891 1128 1055 3805 2076
2 3998 880
4 2680 2829 4579 3975
3 4212 688 2764
4 4695 315 326 3783
2 2304 3078
3 2606 418 1287
4 1298 4672 2517 6
5 911 3503 1464 2023 1342
3 803 4168 1512
5 4819 1124 484 3984 4817
4 2124 1313 542 1018
1 1247
4 589 3629 3600 2799
1 3966
3 4843 3981 3742
5 3855 2369 1222 555 4598
1 3253
4 2801 29 3861 2471
2 2202 2169
5 1651 1525 3457 1468 982
2 3584 4391
5 730 849 740 3532 3311
2 4170 802
6 957 3827 3724 3294 4021 1598
1 2844
2 1184 4679
1 2166
2 3964 1924
4 2304 1936 934 159
5 3845 2899 3349 1007 712
4 2793 3899 2299 3609
4 4144 4498 531 2220
4 987 1543 2767 2727
4 2046 1067 4212 3685
2 4590 4742
4 2150 1705 1977 4840
3 3266 4324 3339
3 3991 247 806
4 2585 1188 2251 4863
2 2538 4892
4 1897 1231 3841 4439
4 3562 777 1121 2459
2 3462 3911
2 3086 499
1 3284
5 4720 4100 4617 3202 4388
5 4247 3344 4640 4298 1642
2 1935 3271
4 318 1693 2395 4638
2 4453 1162
3 3546 3889 1213
1 1671
2 2872 3277
4 976 2505 2214 2180
3 4661 3975 58
3 305 4913 4773
6 4026 397 641 4636 2720 4544
2 3979 320
4 11 4280 3358 2798
6 4091 3586 4191 3745 1607 2433
3 4342 416 3722
4 1237 3430 758 2908
3 2194 3738 3671
2 1 4043
3 737 3018 539
7 3983 1288 799 3183 2089 2644 277
3 399 1280 2426
5 4707 1796 1573 3436 392
3 857 3251 1881
5 3771 4532 3115 827 3846
2 3507 4324
6 3259 3200 2304 2447 4846 240
5 4503 113 3951 778 90
5 4291 3420 4358 2715 2225
1 2506
5 2355 4673 2313 313 3867
7 2068 2494 2811 4962 435 1646 861
2 3793 1680
2 3345 1726
6 2708 234 3728 443 2294 4117
6 882 2673 3024 4801 1591 2206
3 4457 2015 4166
3 680 1185 1070
6 2921 4777 2664 3799 4872 3844
2 2274 3813
2 534 3922
1 2043
3 225 3388 4189
7 1921 3551 39 2788 1750 1783 2290
1 4684
7 3171 1567 651 3517 2088 1773 2553
7 2268 1306 359 47 3773 405 4984
6 3451 2575 2199 118 1047 2336
4 3561 3529 3622 4861
1 2687
3 3913 2286 4690
4 3013 3947 3821 2832
3 4038 3230 2773
1 2255
3 4950 3734 4790
4 3864 1814 1089 2987
5 173 1370 1237 477 2976
1 2285
3 3641 3674 1257
4 777 4372 620 4338
2 4244 1382
6 674 3451 1235 4908 402 2730
4 2876 3905 4991 3793
3 957 4345 2058
4 2872 4663 864 4175
3 4003 4641 903
1 3476
6 4312 1667 1251 3278 4246 4748
5 2915 519 818 2946 4861
4 1663 281 1703 4460
2 3432 3053
3 4706 3969 876
1 3003
5 4754 1955 1040 3963 4658
4 893 3913 1918 1289
6 1286 1027 1646 1802 477 3389
2 81 2417
1 4395
4 4633 2217 2238 4810
3 2616 4097 4677
3 4445 239 2959
3 4279 4153 3339
4 3432 4965 4390 1007
3 3045 1327 3554
6 3094 3731 4568 2679 1354 4494
5 4506 1030 4533 904 4342
3 2304 1592 969
2 2874 358
3 3521 1652 1259
3 3577 2966 2351
7 4720 1311 1623 1504 1904 2129 4578
2 1998 4706
4 3108 3442 4222 1896
2 315 49
4 2685 2431 4564 833
2 2861 2923
4 1498 3031 671 2484
2 4912 912
3 1816 3991 194
1 4347
6 4361 1986 2928 2459 1170 1080
1 1658
5 4051 1275 573 3447 621
4 3682 3978 4713 3773
7 4433 1371 1061 1801 671 4828 1838
7 4727 822 4599 2609 498 2189 468
2 1564 424
5 3980 503 3100 3640 2052
1 1012
3 2066 1585 4704
4 1192 3321 3199 3391
3 1716 1262 3265
4 374 991 2769 3097
5 1245 32 3070 4678 4231
6 4700 1627 3292 3872 704 364
3 3448 450 1143
3 3604 1660 2853
7 1767 1664 86 2346 1570 1382 2617
3 3457 1537 2297
4 4375 4085 2942 3413
3 3561 2019 2625
4 409 3854 4623 2157
4 3603 2660 3135 609
3 815 4901 4215
3 1095 2032 4359
5 3887 2152 1253 2961 3840
3 1587 1602 2102
1 3414
2 856 2381
5 1297 3775 1526 986 565
3 1554 3084 862
5 280 1093 494 797 4928
2 4901 3867
3 2829 3260 3401
2 4499 2891
7 987 1395 4438 4101 2416 1669 959
3 1801 2558 2283
3 3558 329 3461
2 4155 3841
2 4614 1230
1 1355
2 1110 2929
6 1901 2655 2405 817 4562 2709
2 4965 1674
4 1034 2114 3789 1736
8 2647 3672 102 4032 4952 2774 2936 640
3 1538 3084 1780
6 526 4671 1029 3993 4233 4608
1 1088
1 2120
1 4744
1 3784
4 877 2801 4773 1163
4 3322 3670 4350 4138
2 2012 2897
2 86 1679
5 3247 3842 4613 3686 1514
2 3988 2211
1 3322
3 3171 1453 1698
5 3601 3630 4682 1234 2790
3 2116 946 1017
4 4210 3233 1525 1606
3 2405 2566 3102
4 3739 3222 1704 1291
4 1430 4387 3427 4527
6 880 1032 4909 3356 4955 3712
7 3022 667 3956 4548 1257 3265 2671
7 491 1300 2145 4306 1804 4986 2187
4 141 2204 4370 3394
5 28 3024 4175 2347 2415
3 2259 2405 4952
2 890 776
9 2033 4232 4334 633 1702 4490 611 2098 3166
4 4779 3373 1600 4001
3 2540 3286 3608
3 2393 675 2669
6 1517 2066 4418 3795 3104 4063
1 2561
2 1534 1602
3 3140 3594 4420
5 359 3766 2277 3499 429
2 1960 4446
2 1443 125
3 4709 682 1494
4 2520 3960 3342 3942
2 1621 1967
4 2032 4375 3634 3007
1 2989
2 3885 2364
3 1386 64 3227
3 4462 3834 4616
6 266 1582 4927 2873 2472 162
2 2362 1734
3 1587 1534 42
4 3670 2912 3839 4081
6 3082 4397 4522 1945 1008 2358
2 4386 40
2 1664 1570
2 4226 1422
2 4361 4246
3 1334 2836 3500
3 4255 4972 4865
3 2392 3292 1772
3 718 673 2002
7 4528 1901 4059 4925 2490 1927 1279
5 1644 4433 2088 3394 2058
5 925 2154 1203 3189 2324
3 4226 1201 4081
5 1112 4919 2791 3638 1019
2 1276 2738
3 431 848 325
5 4521 53 207 3819 2300
6 269 3283 4914 4352 1594 221
2 4118 3010
6 4611 3256 4526 3038 4976 1498
5 4214 588 3353 4833 1073
4 4784 3002 24 2220
4 3816 4867 2114 4190
5 4700 1522 2819 4228 191
8 4470 3036 2555 142 548 2894 4348 3908
6 4581 2933 4370 2988 1649 4040
1 3588
3 4323 3704 717
3 1177 2402 3425
3 2410 2779 3154
3 4763 4639 1774
3 249 4444 1722
1 65
4 208 596 717 3524
3 4746 873 902
4 2518 3227 1155 2156
3 4958 2403 2792
3 4722 2240 941
3 2471 4868 1409
3 675 2475 3788
2 1614 4433
6 39 1970 4338 3927 2305 4406
5 2870 1439 1923 1483 2822
5 3601 39 308 1741 795
1 858
5 1629 55 2394 2106 4579
5 2382 2 4627 1036 3208
7 2632 265 186 3873 2768 1382 930
5 1141 2260 1260 3957 1496
12 576 3843 248 3644 4537 778 3754 57 3755 932 1183 756
5 2585 643 778 372 3976
5 1118 1880 4754 4566 3807
2 615 422
2 1853 793
5 4317 3171 1193 2645 1509
2 422 2422
2 4661 1524
1 2715
2 1868 457
5 300 4498 1477 4005 3105
4 1525 1767 1606 4301
4 3759 3022 1053 4283
3 337 4826 2962
7 4517 3854 3127 1475 2859 3335 689
1 830
4 3885 1543 2401 2974
3 3460 1685 1240
5 814 2190 3864 2134 1414
1 3893
4 2380 3786 418 2688
6 1551 4965 2986 2162 424 3139
3 2256 3561 2476
6 3888 3439 2278 2805 3028 4573
2 3593 2579
1 2575
5 35 828 359 2293 1563
5 3588 1296 637 4624 1440
6 2309 2536 1201 4699 2333 2283
5 820 3286 573 715 1309
1 2652
1 3591
5 977 438 1961 1670 3452
5 2647 324 128 684 3496
2 1901 2656
4 3781 350 395 547
2 161 2706
5 1267 618 3022 2628 4605
3 2376 4176 2494
7 4214 280 1181 4156 4543 2010 4678
2 3899 1411
1 2741
1 2057
3 4226 2425 2429
1 4017
3 1949 1567 558
1 364
2 908 250
4 1841 3195 3096 1144
2 1581 2724
7 2498 538 1477 1280 4401 4656 4556
8 4905 4433 4315 3600 4270 1138 1572 2370
4 2909 2805 1398 3719
5 73 3900 4901 2218 3712
2 4462 3220
1 2745
7 25 2142 3987 888 1970 1710 2506
2 1709 523
2 4499 1107
1 1085
1 1722
1 4779
3 1149 427 2683
2 3335 1519
2 0 3731
5 803 181 4811 1881 2067
1 2505
6 253 4604 4564 4937 2096 103
3 2865 3657 3548
6 350 3920 517 4658 1713 1635
6 2174 1041 1922 4981 658 3110
1 4247
4 4850 1994 1035 1753
5 4374 4714 3851 1441 699
3 2238 4479 2566
1 4976
2 1895 4574
2 2994 458
3 4169 3931 700
2 4479 3880
1 3246
4 597 3960 4734 1601
5 956 2117 161 4093 3753
3 2247 3645 1552
5 381 3866 2170 1996 2971
6 529 3058 247 4954 2773 1981
2 4191 4346
3 40 357 4048
3 2183 1647 1762
3 3664 3330 4558
1 3839
3 2790 498 152
3 1178 3292 161
1 2364
2 2731 2952
5 912 1315 902 3100 270
2 2681 3054
3 1451 1054 2990
7 3129 2651 4480 2106 31 530 2184
3 4318 2354 4747
1 1725
4 2 1027 2193 262
3 4752 4140 2183
4 2634 399 687 2745
1 3300
2 580 2750
3 2828 2843 710
4 2212 3199 2476 1782
3 2533 3216 4230
3 1741 3281 4622
2 4781 2225
3 3537 2302 545
3 2238 2869 1136
3 1221 3103 3878
6 1525 1664 1139 3018 3174 4725
1 2494
3 858 1865 4578
4 4583 4269 356 2337
1 354
1 1611
1 1453
5 3229 3595 3447 1634 4234
6 1250 1883 1084 1330 3445 3329
4 2081 1180 393 56
1 4614
4 862 3781 1206 3302
5 4219 3736 3182 4750 1912
3 2149 2199 1554
3 3577 3450 3566
3 1760 1345 1315
4 1451 4300 3505 2736
2 3787 4383
3 2237 79 1826
5 104 2406 2859 3852 3115
3 4912 422 3631
1 2479
1 3654
3 1973 3956 4139
2 3375 1112
7 269 444 3628 1252 3397 2166 2654
1 57
1 4
5 636 335 2814 4638 2048
5 1430 4707 2150 2710 2712
3 3078 4262 414
2 2872 1895
3 3909 3790 3405
5 1935 1991 1803 1861 2569
9 1834 4041 1512 694 3185 486 1544 2783 1020
7 3961 1483 2523 2699 4922 2740 1813
5 4517 575 206 3428 1800
5 2494 1576 2701 3656 4493
5 1868 478 3014 4162 1946
1 1189
8 2364 4059 3651 2269 4111 3251 2726 4740
1 622
3 2501 4519 2450
6 2095 2025 2731 2022 4211 4767
2 2646 1163
4 1288 1212 2368 2682
3 1802 4813 3338
6 4599 113 3900 1463 4956 4949
1 1855
8 1506 3991 4466 2153 3233 4903 1916 4588
5 693 4715 4765 4790 4080
4 4743 915 3321 3122
3 3291 3834 807
1 3489
2 1013 1264
5 234 2491 4486 3072 3858
6 4743 2142 1913 1127 356 197
4 4099 2892 21 501
5 160 324 2767 2555 4273
6 1224 396 4480 1785 1969 1338
3 4072 4918 836
3 4363 2750 3766
4 201 1323 81 1869
2 1276 205
2 957 3009
1 903
3 2697 4060 384
4 3301 2406 2172 1801
8 4221 4866 4288 4449 4643 913 4275 4012
4 1042 2676 2850 4942
3 3181 4076 3190
2 1512 950
3 454 3965 2485
3 4466 4081 3596
7 4076 2275 1701 2893 4543 4056 3090
7 4214 1057 2102 4191 347 375 257
3 1091 24 1260
2 158 2494
1 1274
2 2353 182
1 275
1 2579
1 4470
1 3896
2 2533 2083
1 1012
4 2200 4683 1657 634
4 2891 4214 2268 4080
2 2376 1815
4 173 3277 3087 2541
2 4865 4578
2 2359 4148
5 113 1213 4803 2938 334
4 3210 340 902 4412
4 829 3004 1800 3828
2 832 530
3 344 2810 4240
3 3154 4900 2373
3 160 1769 1066
1 4381
6 4710 3031 2761 2892 2521 4008
4 1805 478 1075 1662
2 1829 865
3 4934 2109 1
5 1226 2176 2985 3859 4887
1 4665
3 989 3496 1874
8 305 3555 3457 742 2460 4368 1873 939
6 1890 4222 1189 4564 3281 4689
5 469 2621 4551 3310 4807
3 541 1905 4824
5 3660 4363 3473 4504 4951
4 3420 4448 430 1235
3 2392 3935 1655
2 1718 1431
3 316 3917 3133
5 2518 236 4816 2119 1775
5 2520 2418 1045 123 1049
1 3651
2 2871 4955
4 3025 782 2022 1954
2 1203 2815
2 4212 79
7 551 3462 4848 1875 3080 1231 355
1 3994
4 2114 3031 2059 3057
4 4826 3367 307 1164
3 4834 4697 94
3 4911 1798 1729
4 1500 3034 1284 4120
7 376 28 1301 1058 1308 1403 985
2 82 2466
1 638
4 991 212 2255 2469
7 4893 678 1550 3744 1613 1687 2452
2 2620 867
3 1240 4164 4365
1 1498
4 325 1173 3412 1877
4 124 618 527 4276
2 3216 2533
3 3451 4671 3529
3 3035 2904 652
4 381 2533 206 4989
6 2921 4375 4593 2112 4938 3614
2 1779 819
5 1823 506 3131 455 4143
3 1303 2775 2355
2 2503 4045
2 1816 4882
2 459 50
3 1482 3428 505
3 4391 1051 4209
2 3254 3694
4 1228 237 1451 4030
3 1723 2451 4468
7 218 978 4452 1646 4150 570 4514
4 1390 3964 1281 2916
4 3920 1992 695 4894
2 639 4611
3 1613 4179 794
4 4957 558 4559 985
3 642 2319 449
2 2120 4457
4 4108 3951 2821 4175
1 4652
2 667 1333
5 148 4781 2999 4649 644
4 803 1800 1410 2659
4 3205 3966 1391 1160
2 2777 4343
5 2315 2949 3097 209 556
2 1256 1038
5 3687 109 3022 2831 3939
3 4880 4311 2541
5 2866 2589 3951 4039 4211
5 512 3334 318 812 832
5 3769 4661 363 4714 1271
3 1604 747 696
4 1805 4062 3109 1985
3 4855 1170 3444
4 1264 2763 2470 2847
3 698 2356 1698
5 3164 993 2966 4878 4705
4 3979 2582 155 4120
4 1090 3042 1185 813
3 3498 4036 2398
1 1887
4 4754 1481 1314 4088
3 994 3093 227
3 413 4693 389
4 1102 3029 2539 183
3 3279 3761 3465
6 1025 1995 1274 1590 3041 4362
6 1685 3460 4140 4962 2442 697
3 919 2314 2752
7 2589 2499 2576 4106 2253 4703 3694
1 2124
2 4818 4367
4 1149 1266 2380 4685
3 4898 1348 1594
8 2970 138 4417 4950 2638 4738 4252 1065
2 3254 1826
3 333 1709 1645
2 3164 3142
4 3570 3022 3008 4477
5 4899 4648 1076 4986 1790
2 4188 2901
2 952 3051
5 4134 425 3289 4338 4808
3 121 1398 4706
2 207 2414
1 798
5 3350 28 189 3717 33
2 258 1738
4 1026 2852 2633 2341
4 2615 733 3507 2021
2 3793 1134
4 1946 870 2071 2370
7 1094 3611 1316 1508 2678 2995 4538
4 4300 196 4987 2553
3 4221 3440 4716
4 2847 4834 4572 2107
1 1057
8 4540 1068 84 905 3484 3410 1800 2399
3 2394 4321 1925
2 2353 1241
3 2520 1725 246
10 1960 1025 1030 2685 3087 2201 3136 3198 442 2965
3 2860 1737 2502
1 71
6 4706 1499 4692 2899 736 2871
3 146 2046 441
4 728 2315 4655 4567
4 803 2999 2006 301
1 1612
4 1131 119 4376 782
3 412 4962 2065
4 228 3636 785 118
3 2001 3919 417
2 2457 3579
4 469 292 2674 238
2 4221 4167
4 1692 830 3093 4126
2 381 223
2 3004 1562
1 719
3 4549 4814 2285
5 1200 607 3546 1444 4588
4 2193 4644 3267 511
4 3941 2598 176 2435
4 3949 4415 3615 2597
3 3936 1528 3635
2 4161 3787
5 556 4312 1983 2293 3027
4 4912 1810 1887 2897
4 4132 4288 1370 2316
4 3005 2314 295 540
4 2095 1810 3704 4380
4 4405 3326 416 3068
4 4244 4055 2637 4075
3 0 4773 385
4 4039 3053 2237 4885
2 3334 4223
2 151 3143
7 3950 2241 3771 1595 1276 1532 2641
4 1581 4232 3815 236
3 3563 1257 859
3 558 2099 4850
8 2896 2673 2593 2170 4788 169 3343 2668
1 3818
3 4381 350 3418
6 2154 4746 495 2045 920 4456
1 3719
2 4402 4231
7 3288 4404 3113 2048 1059 4031 4327
4 526 3332 1114 1449
2 2566 208
3 2039 1280 3259
9 2255 3138 2428 1999 496 1396 607 746 1111
1 1090
4 2042 2403 1795 2254
2 1242 3213
6 1178 4090 3810 4048 4148 2846
4 3498 4954 3455 2941
4 1515 1060 3645 666
3 3055 3561 4953
2 2556 1084
2 1318 3481
3 4090 2555 4990
5 4640 2886 303 2983 1695
3 4547 1471 1614
3 4695 1892 2902
3 1353 2767 2089
2 3030 2165
2 2830 3176
4 1355 2729 180 4984
2 4646 342
3 201 4266 2004
3 1517 1585 2348
3 1718 2421 2303
2 2494 1439
6 4988 4610 205 2115 4362 2127
3 4661 4919 43
3 4321 1123 1985
4 2715 2387 142 3303
3 3396 292 802
2 3890 35
2 2229 4691
4 41 1362 2381 2937
3 750 4606 805
1 1161
1 4108
3 1117 3071 2302
4 4248 2195 1776 3255
1 4018
2 2120 1851
2 976 3608
2 273 1045
3 3777 2180 2898
1 177
4 1614 1453 596 2328
7 1181 1428 3558 2060 3165 4008 3653
4 4066 3429 4166 2171
1 3881
1 2701
3 2190 454 4585
3 3009 1269 4314
5 2025 1810 2461 2800 499
3 3291 2681 1720
3 402 3124 2529
3 1581 4500 404
3 4085 280 2035
4 3950 887 4915 2384
4 2915 957 2889 4736
3 4978 1842 1534
2 2185 695
2 4092 3565
3 2278 2674 2452
5 4209 1649 1751 2500 4804
2 1989 4179
3 4664 2525 4208
4 4716 4661 1158 1870
4 2827 151 4101 236
4 228 2528 4129 2456
3 4536 4365 1911
3 2889 33 477
6 1626 789 1195 1552 1892 2936
2 2069 4693
5 3489 4085 2672 1569 708
4 792 1735 2849 2287
5 2858 1272 3910 4442 2231
2 1883 2832
7 61 3385 3176 2083 1930 1557 3560
4 135 4360 2291 2477
4 3629 3693 4525 452
3 2306 3681 1287
5 1313 1373 176 3402 1964
2 4990 3640
2 472 4932
3 3965 2069 3670
5 2302 829 3525 4010 3016
2 1498 4211
4 1222 3425 2565 984
8 663 4568 3719 3656 2638 407 2472 4863
5 4895 3931 829 4541 720
3 4584 3774 3835
3 1671 2808 4038
3 4067 500 1052
4 4765 3075 3238 4874
2 1361 4269
1 376
2 2651 4110
1 115
3 4935 2870 3628
6 4755 288 1709 4936 1823 1136
1 4092
1 4566
4 544 1576 4984 4740
2 171 3111
1 4866
4 467 2616 3409 3351
7 406 4292 4476 1780 906 1050 3265
6 1796 1033 2191 1398 4859 3836
3 4754 3724 267
4 3887 1533 4235 3884
6 1816 3370 3888 33 3062 3567
10 2501 2558 2675 1615 4613 2039 3830 1265 3136 334
2 2744 2762
1 1639
2 1529 843
4 3039 445 4435 3940
3 1115 589 3873
7 4857 3890 4398 865 2326 3774 4080
3 3769 4718 1123
4 2213 3045 1674 746
2 4858 4338
7 3312 1131 128 1282 2908 2768 4257
6 4254 2061 4317 2605 3982 3626
4 1792 471 4611 1389
1 2712
3 3708 3333 4843
4 2956 4623 22 1381
7 3390 1737 2036 260 990 3798 388
2 2090 3080
9 1834 3094 4324 2371 1075 716 2758 1233 311
2 3690 4254
7 820 20 267 1723 3803 4909 2178
3 335 3043 286
5 1871 829 3420 4629 2614
2 1030 167
6 4016 2174 799 4619 1284 3706
2 400 4514
4 2423 2233 1416 2086
4 819 4437 3287 3253
3 2377 3137 681
5 3370 227 642 1741 1755
4 3060 3134 1751 765
9 711 1198 1042 2103 2679 4108 2597 1329 3419
3 3620 1310 649
5 2566 1576 2332 656 244
6 193 1253 1035 3634 885 4630
3 2434 1513 4334
7 454 2093 1671 274 3956 4942 1087
6 2463 554 2150 558 3873 2993
3 4695 3002 2601
5 4644 2016 1754 3822 4311
3 450 3514 1425
5 4248 2081 3163 1312 955
5 2323 2266 3744 239 3272
6 650 29 2821 4337 3808 3
2 65 1069
5 303 3726 1780 1455 2862
5 4683 1853 1342 2998 4145
3 3154 4970 1995
3 4030 3050 1381
1 4019
3 141 1577 3121
2 1091 150
2 1443 1277
4 4639 2898 767 271
2 2706 2668
1 4810
1 4378
5 3988 1565 3042 2787 1072
4 1760 3199 562 4075
4 947 2584 2162 1113
3 1416 4178 2543
2 4495 804
4 976 3263 671 4415
3 2634 1486 4377
2 1706 4522
6 4754 4062 450 3216 51 389
3 45 1625 1394
3 3851 877 169
7 2892 3424 475 3623 3192 2783 2372
5 4067 4980 1337 15 2521
1 3086
3 4775 1436 1763
4 4344 844 1083 1161
2 3330 4731
1 1172
7 3173 4115 2075 1214 4668 4701 2526
1 4946
3 4883 4627 2118
2 4610 4785
4 4281 4414 4798 2180
5 411 3418 2948 3898 1136
3 281 193 4868
3 318 4470 1139
3 3480 2029 1785
5 2858 1486 4271 1727 1765
1 2783
4 4722 1641 3742 4360
6 3950 2032 3771 86 2592 2937
3 3112 3229 688
3 871 2716 3904
4 662 1029 72 837
2 1201 269
2 169 2818
3 1004 3497 1736
5 4266 842 4103 4531 3461
2 3023 3494
3 2501 3295 4898
3 584 1401 737
3 2718 4519 3352
3 4498 1963 2562
2 4315 2048
5 2046 3138 1900 1461 4459
4 1675 3561 1326 4563
3 945 4168 1135
4 2525 1322 784 3398
3 1579 2405 2931
2 1141 1652
3 711 566 3756
1 4917
5 421 2332 4398 4113 3249
3 3743 506 4306
4 3163 988 4412 504
7 2323 2196 3810 595 2829 73 3613
3 3951 3963 4265
5 1454 1306 1854 3139 699
5 2677 1807 2502 3061 4201
2 3204 2441
2 4424 4059
1 1099
3 4590 1042 4348
5 4061 2934 4604 2468 1447
2 1841 4076
2 98 3328
3 4777 234 1589
3 4957 1676 2105
6 3756 4651 1010 4490 2519 455
4 3002 3961 4087 22
3 187 4751 67
2 2304 4279
2 1681 1544
3 2509 1192 1230
3 2014 3479 1465
2 1311 1458
2 2117 547
3 288 2978 971
1 175
2 1451 4902
3 3859 2121 3953
6 4061 1336 3042 3556 2513 4679
4 2021 3583 1679 4149
3 3453 1442 3386
2 1054 202
3 3766 1121 3868
6 384 119 3388 1526 4925 2997
2 4706 4393
6 3204 4423 2821 1393 4577 659
7 1620 340 185 998 2481 436 2305
6 2550 4481 168 2558 4122 4943
5 2128 829 1764 3480 2080
5 2934 193 571 2635 2067
7 1434 4595 613 2282 1494 1367 1391
4 4522 2300 1645 3236
4 4635 189 1107 2123
3 2381 283 674
2 4004 2400
9 4313 2510 3453 2633 1681 2951 3152 2321 2781
3 806 3079 2479
2 3131 3964
3 4723 976 3883
3 4967 3360 1438
4 1962 919 2024 4167
9 4583 1225 1938 1253 3728 4414 1291 1137 2000
2 3936 2023
2 1155 928
3 3837 332 4126
5 1929 642 2609 2960 95
1 2604
2 3394 2309
2 3449 202
4 2196 2266 990 4253
1 1615
1 123
2 2160 4917
1 3595
5 4554 2865 2088 3047 44
2 3898 198
3 412 2917 3881
1 506
4 4583 4648 2263 2187
3 4190 3814 1681
5 212 374 4263 57 2628
5 3732 4224 3479 686 4371
1 1455
2 1770 3732
2 4148 4762
5 1107 625 1096 2631 2738
1 4156
1 1982
1 2819
1 590
2 805 4685
1 312
3 1525 4045 4896
2 2518 1578
3 2066 390 3266
6 50 2734 4097 610 3863 3408
3 2789 538 4512
1 1497
2 900 804
6 3995 667 3116 1993 1846 2519
3 4894 3169 1752
5 3910 1201 1438 2969 1914
4 1949 698 2655 4789
3 3188 3163 2851
3 1604 751 2588
5 3304 2886 803 1858 3927
6 4761 3030 1260 360 909 4013
2 2379 1040
5 3444 841 2810 1349 1601
3 4702 4012 3132
10 1807 4059 3972 1126 333 1746 773 1597 211 4701
1 4507
5 3707 4773 550 2752 3377
1 30
1 1812
6 3855 1378 4953 230 4185 3492
2 1985 1704
5 754 2172 3289 4079 4143
3 2222 2566 563
3 1864 2529 873
3 99 2425 657
2 470 3228
7 3703 1303 192 1855 390 3580 1691
5 3997 231 598 2182 3048
3 2751 3182 3934
5 3950 4244 4017 80 2361
5 1966 3601 4081 498 1673
5 496 1536 3946 2307 2076
8 1650 2 2542 97 3606 1218 107 3560
3 4418 3470 3888
2 4023 2100
4 4086 1344 3314 4216
1 4102
4 176 3455 3928 2072
2 4718 3004
2 838 2599
2 577 383
2 4501 486
5 1880 3935 4029 4064 1611
2 4543 1584
4 1266 1649 1992 149
3 3834 1411 690
1 2995
5 3850 933 2665 4847 3392
3 2729 315 1953
2 1991 260
6 2609 4141 1025 415 154 2308
5 3869 3755 268 1669 690
4 4779 1212 4326 1632
6 4958 1640 3128 2407 1223 2048
3 4842 480 3347
4 1579 2259 1571 1550
4 3301 1834 84 1786
4 2403 4936 931 3426
4 138 3986 4385 4068
1 3220
3 2700 278 1633
1 444
2 1345 3259
4 2458 3538 4532 3904
7 2967 4897 1194 4977 1978 3756 866
3 1578 4158 4800
1 1543
6 4757 2706 1347 1484 1262 4084
1 1884
3 4764 3353 3713
4 3917 3018 4124 709
6 4968 4673 4196 3909 3758 2067
5 4486 1659 2972 4890 289
8 3442 146 4543 437 2180 4028 3809 2812
2 3221 3216
6 4851 377 3244 2374 1696 3316
3 1429 408 3255
1 2975
3 4281 2046 560
3 2601 296 1696
3 1242 2500 496
4 2576 3675 1502 3456
5 3643 3784 723 3532 2600
2 886 1422
4 2550 3679 2189 2538
1 2017
3 4280 4331 4257
1 2844
2 1045 4561
5 4274 567 2903 275 4759
4 3607 495 2705 3696
5 4826 2593 4519 2270 3700
4 4086 1961 388 162
3 3648 4614 2465
1 1225
3 724 172 3404
2 2888 3317
3 4324 1434 916
4 2755 2621 2470 3718
2 3664 2652
2 483 1809
4 315 2750 1922 4393
5 473 1901 872 2105 4396
6 4879 4990 4141 3917 831 481
3 3907 981 4531
4 3197 822 2888 3041
3 2111 4945 3650
2 24 2007
2 507 2413
3 1404 1508 4557
3 1874 3593 4443
4 3556 2095 3496 2733
2 4264 1084
4 554 2191 719 3295
3 3570 3691 4701
4 822 4194 3931 2443
2 2735 1898
2 488 4071
5 4633 2274 628 2844 969
3 4255 1900 818
5 2448 1948 4441 4976 2867
3 1380 4972 1642
3 2131 1600 3200
4 2912 1165 3333 3294
1 4835
3 2757 1643 70
5 1760 788 1675 4357 4245
3 2121 3038 3171
6 1152 3881 4973 2747 1024 3714
4 3361 4919 2310 1788
3 3640 160 4087
4 2969 2300 3615 1020
1 955
4 3423 4137 3955 1257
1 1504
4 2508 4263 1839 115
4 399 4434 4565 4201
1 3498
2 4122 4728
1 2956
5 1613 4 3582 4545 88
5 4036 1268 1306 4493 1822
3 4727 1348 873
6 4973 888 4035 3235 2525 3415
12 2068 1439 1804 4431 2735 4273 1691 1351 1768 1844 7 3208
4 3460 418 2883 1164
1 1027
1 4215
4 1703 538 1280 3596
3 2589 1963 3642
4 2106 4921 2989 2430
9 3699 4770 2949 2154 3149 2250 1809 2987 522
4 1996 2269 986 4539
6 4990 3004 960 1915 901 950
3 39 544 3302
4 1416 2870 1719 2608
2 1709 1437
3 3956 3540 3981
3 4263 2485 824
8 2767 307 1099 3383 2284 4699 654 523
4 4313 2309 514 4428
3 2570 890 4222
2 2913 243
3 201 2292 3535
2 3370 3380
3 4281 4641 998
2 3153 3052
4 1369 4980 2563 993
7 3451 1341 3307 633 1883 1639 2347
3 2353 2279 4948
6 113 1884 1994 1593 2611 4131
3 2223 1867 3665
1 3726
5 2907 3045 4918 1802 830
3 4061 968 3160
5 3670 992 2493 2258 2108
2 2229 2696
3 4790 884 1019
3 228 2111 3168
3 160 2373 2097
2 418 1202
1 2978
2 3097 3496
9 381 1910 1851 3963 4113 2638 1907 4336 1761
1 648
3 4150 2735 420
4 4318 3363 1681 3862
3 4804 1194 3416
3 3727 2434 1402
2 1958 3770
7 1583 3286 2811 2778 3727 4007 3167
4 4491 1856 1941 4769
5 1228 230 2382 2734 1138
3 3328 2214 4448
3 411 426 4467
2 1317 469
2 125 2797
2 3866 48
3 4093 844 218
4 1345 783 4696 2605
6 4481 2301 2434 3122 4877 3280
2 968 111
4 3160 3554 1135 21
2 1453 1987
3 568 3447 924
8 3246 1825 1628 3607 3971 2056 679 3377
4 3517 1299 3057 2054
2 3450 3829
4 2301 32 2154 1544
3 3886 147 3764
2 387 4986
5 4239 976 2962 4838 1586
6 4210 3019 1253 3123 2253 1177
5 3117 3962 2517 3160 4131
2 1030 4938
4 1091 2956 2130 3782
9 1571 3537 4435 2187 1727 4853 2895 2044 2372
5 822 3149 914 1097 436
3 65 68 3296
3 1800 4443 1082
3 3246 406 2511
3 4957 3739 2575
3 789 4041 852
1 659
2 4468 316
4 2571 1455 1013 1678
5 242 3055 1963 4835 2431
5 4505 2762 894 3488 528
5 3702 3881 4592 728 3207
4 83 2691 1677 1848
3 1188 4145 505
7 899 4660 3610 3250 4905 747 3530
2 3365 1951
5 519 4171 886 3742 1053
7 2213 947 3180 4906 4643 1066 669
3 643 1654 1401
2 2836 3781
4 228 2653 1156 712
3 4170 3396 2358
5 1963 2499 1942 3952 4579
2 3113 1303
2 1112 1054
3 412 2241 3183
4 4000 2036 2441 3894
4 3906 4210 2603 3883
2 2989 4010
3 45 2904 2779
2 2018 2185
4 2017 3941 855 867
4 796 524 2389 1320
3 4175 3330 2432
7 46 624 4572 4646 2429 2192 3365
2 4709 3350
3 2594 2611 4123
6 3194 4634 3981 910 898 2320
2 2549 2165
6 1268 4055 4258 2845 4981 1368
2 565 277
2 2505 3938
4 2319 958 1513 2400
1 3710
3 2520 4168 2603
2 4093 3458
4 2614 2763 603 4094
2 2176 2613
5 1983 733 4464 1337 4112
6 1487 4097 750 2148 4806 3206
2 1525 4427
4 3967 3205 353 3772
3 1154 3271 3255
3 3307 3370 1902
7 2755 2448 1876 3244 4453 3299 3680
1 3261
1 741
2 4141 84
1 1528
3 549 4060 3651
2 704 3431
3 1690 4977 2334
1 4154
2 248 669
2 955 2339
4 1651 265 4414 439
5 872 2309 1982 4162 170
4 1756 399 2217 2689
4 2821 2303 3127 3579
4 3485 1319 3461 4493
2 2027 4764
3 2533 2131 1968
6 774 4437 4555 475 3753 1160
2 1035 3904
2 2032 3181
4 3259 405 616 3915
3 4035 3854 1335
3 4856 1428 3543
3 1658 675 3065
4 861 4897 740 1811
3 1553 3672 1686
3 764 3785 1055
5 1003 155 3267 3506 801
4 23 4707 4250 2654
4 3129 1751 3123 2139
5 598 4000 4014 2449 1683
3 2587 587 1132
3 2650 523 1792
5 412 2356 4015 1550 3237
5 4303 3941 1687 735 62
2 512 4639
3 3806 4804 3732
2 3046 1935
5 3603 1530 1180 476 990
2 906 2847
3 1288 4105 466
1 805
4 488 948 1446 2716
3 3463 3964 2397
3 2858 2957 3346
2 2930 1031
2 2208 2036
1 1584
3 288 469 1082
3 1575 4339 4444
4 2116 3845 3343 107
4 2896 2036 2856 1443
6 2008 4858 3642 4597 2105 3338
5 3570 3792 2154 354 4468
3 1042 1836 3790
3 231 4742 2269
3 1986 3279 4279
5 1492 2185 2847 41 4165
6 928 4170 581 1012 1364 336
5 3401 295 3861 1749 2096
1 1812
2 1715 1071
1 947
4 406 1995 735 1502
4 3222 1277 2775 3929
3 1130 2911 1457
2 1673 4277
3 3442 4024 2634
3 4983 2783 1014
5 138 3970 3204 748 2579
1 4153
2 78 4707
5 4901 1003 4639 4474 3919
4 374 4975 3737 3533
3 2985 4838 2526
6 3245 4822 3991 1833 4608 4666
1 4660
3 330 1802 3089
6 3344 147 1283 2410 3218 3198
6 4664 1804 4590 4154 601 2092
1 38
5 3775 3612 3784 87 4430
1 1283
1 2440
6 3887 26 4334 2417 1689 2208
9 474 49 1102 1357 776 434 4354 2946 800
4 143 4050 3944 1442
1 1550
3 4097 4839 1796
4 828 1244 4859 4598
4 1796 1249 2167 3040
6 3991 1306 3700 3714 3065 889
2 4199 4934
5 872 284 1436 2072 1661
3 4976 2664 2243
2 139 3642
3 2252 4519 684
4 595 4144 2912 1236
3 1419 4354 16
4 4060 3314 4032 88
4 3899 815 3703 3736
1 4356
2 380 1702
4 595 852 3403 726
1 1807
4 1395 1126 836 3168
3 1295 4773 845
4 1355 2063 249 2398
3 1221 1469 359
4 1810 988 51 1747
5 662 1304 902 453 3597
3 2461 4093 891
2 2542 2349
6 2494 4970 1116 2535 4074 2466
2 1783 2880
6 3558 193 2903 1330 120 3262
2 2339 1618
3 237 3549 297
3 1802 92 3906
4 4583 3855 1266 1694
3 1178 806 4545
1 423
2 3604 2155
5 783 3480 1756 557 1708
3 4606 1348 4868
3 2478 3479 3945
5 978 942 4768 164 2783
3 4104 657 4411
7 315 2451 2857 1758 3282 4769 1828
2 580 2378
4 2366 1962 722 3296
2 4086 3490
2 2886 3890
3 2621 2448 1169
4 3342 1208 2917 3800
5 1221 4303 4353 2475 4373
4 2172 3519 4494 3688
4 3022 1139 32 1037
3 3551 4501 3784
5 4306 1867 1310 266 4735
4 2858 4858 2577 2155
5 1264 1948 1230 4192 2613
1 1365
2 1004 785
3 173 4286 337
4 1825 1395 2509 2060
3 2164 1651 3824
2 2934 1520
1 3319
3 9 4141 3239
1 4469
3 1460 2776 1738
5 968 130 1553 3400 1063
8 4016 1355 2686 2841 1337 1914 3779 3813
5 4532 1191 1178 890 2773
5 112 3595 1937 152 3930
3 3301 2540 4559
8 1272 3147 1075 2596 3033 83 4354 1633
2 3795 644
1 2309
3 4281 1219 4535
5 2222 1801 2748 2239 2690
1 1035
3 1311 1192 3508
3 893 3999 4997
3 3258 2211 3372
6 3964 3561 1451 754 4139 2914
3 2889 2350 3781
4 3748 1568 1744 4458
2 3436 1617
2 1640 3894
5 4312 65 4461 1393 766
2 624 664
1 3608
4 331 4118 4531 4355
4 125 2546 906 293
4 1421 4385 1318 1246
3 1375 3880 2902
3 2095 4716 3963
5 3273 871 4323 1380 1560
1 3494
4 1085 962 4221 2923
2 4909 440
5 1240 4297 1676 1705 3126
3 1061 4681 4516
2 1307 4121
6 391 509 975 4846 2134 4077
3 3588 3050 4827
6 1244 4312 751 2362 241 1863
5 4067 1439 2540 110 1081
1 2423
2 928 4798
4 583 1795 841 3678
4 4575 4347 4497 1888
2 792 3746
1 4871
3 105 860 2246
3 1275 1627 2342
3 4532 285 1241
6 4826 2299 2197 2635 721 1931
3 4508 4096 1646
3 61 1318 3645
2 4898 512
3 315 881 460
3 3695 4332 3360
4 2110 151 1125 1223
3 3210 3890 1759
6 1364 2266 163 1541 869 909
4 212 1196 2062 3422
4 1940 3432 750 810
5 1459 2119 2854 3488 4077
2 4250 468
2 3525 4919
6 871 506 269 3289 428 3808
6 4148 4815 984 2586 4459 1609
2 4157 2994
2 4624 628
2 3202 4074
2 4317 4915
4 2775 99 4787 744
3 4857 482 23
2 847 1759
6 2468 2866 816 2437 362 1387
2 2606 4767
5 2050 4044 4721 4929 276
5 1948 2875 2679 1989 2661
1 4932
2 2117 672
3 1836 1296 4334
2 4328 2357
4 4333 3034 1982 4606
4 72 532 4970 1524
3 943 2832 3860
4 503 1272 541 3692
5 2673 580 2911 34 3653
3 3839 2750 3489
5 1272 2118 2762 2238 2666
2 1786 1667
5 743 61 1114 1996 691
2 4101 1503
2 4037 2199
2 425 3570
6 172 3519 256 4771 1140 2926
4 3060 3869 2328 1721
6 1039 4871 1942 904 4345 2844
1 2470
1 4483
4 682 1186 3438 1765
6 2141 4935 1646 2505 3956 456
4 994 1998 4300 1886
7 3277 1415 4751 241 3500 1798 1472
2 1600 4373
3 925 4428 1495
3 4429 2847 3185
8 1470 3905 178 771 603 3026 1308 4484
2 4346 823
1 3764
1 3358
3 4695 1154 2736
3 2930 3346 3095
3 381 3602 4886
1 2495
3 856 18 3119
1 4437
6 2954 545 2359 2057 2947 2754
1 4524
3 2455 3159 2446
6 657 2789 2101 3955 2113 3572
3 4838 798 4819
9 1295 796 1854 155 3928 3157 1542 4150 3142
6 160 1867 3591 4856 2222 1824
3 1841 3075 1103
3 411 3141 1628
3 186 2566 3802
4 2673 2036 2992 4387
3 2022 3577 1562
6 491 4512 1012 910 2207 2086
3 1998 4281 1392
2 73 3023
1 1974
3 3557 2799 2059
4 2439 2737 3637 3365
7 3035 1909 274 1238 4320 2596 3772
3 847 3178 900
5 4576 4164 4645 3329 233
2 2523 3045
6 3941 1424 2164 4564 4114 4949
4 331 4454 1705 4049
3 616 4523 3096
6 2687 1130 4447 2856 602 287
8 4904 4489 1603 385 2719 714 2473 16
3 25 4933 2512
2 2788 1116
4 4660 1476 2101 329
4 1924 3960 82 1220
3 2756 2330 3584
4 3788 4679 3252 4600
3 4575 3890 879
1 3246
3 4375 1911 1446
1 3781
3 2803 3480 1503
3 3138 4788 4565
1 1296
2 2864 1329
2 4568 1328
4 3890 583 743 1508
1 1549
6 1031 2667 4139 2881 4500 1100
3 1336 2259 4754
5 4707 904 3425 4524 3170
3 4581 1629 157
7 4717 116 2769 416 2274 2303 4230
2 97 68
4 327 1553 2114 4828
2 2076 2241
3 1859 559 1289
5 3741 140 3610 1053 1187
4 2988 1141 3525 3408
2 2051 3191
4 4504 1527 3481 1361
2 3131 124
1 3561
4 1155 4721 3071 3874
3 1476 357 2707
1 2886
4 514 2234 1060 3187
3 2501 1938 161
4 3193 3056 224 3061
3 2309 171 4891
4 4805 4681 4489 1747
5 915 3850 200 734 732
4 545 2886 1076 3325
2 1322 1213
5 253 2565 129 2489 2169
4 3997 4392 655 2666
2 4496 3139
2 3639 1488
3 948 3981 2319
4 1533 4016 851 1210
4 2561 4897 4639 1666
3 3493 2978 651
2 3084 1250
3 1995 3493 737
4 4559 818 1950 1497
4 2414 4897 3634 4394
3 3657 409 3289
4 4717 2355 4133 2481
3 138 1968 4499
3 1737 42 652
3 147 2422 793
1 3981
2 1669 75
5 968 814 2427 4197 3826
2 1464 3149
1 711
6 2963 3493 2531 3821 2288 302
3 4295 3271 4975
2 993 752
6 536 1341 4864 4865 360 4647
2 435 283
5 2057 4260 3094 4389 33
3 520 4922 4844
6 1871 9 3342 4979 572 2696
5 4575 4632 1674 94 3371
4 3517 2501 1463 367
3 1629 3902 2940
7 1102 353 2500 2595 1006 3563 1596
2 3881 1750
2 635 1299
2 2896 4682
4 624 2191 1311 1144
3 2837 1730 3512
4 3221 237 1986 2396
5 952 482 3440 4526 4974
1 2297
5 4321 380 2200 863 3364
3 2001 1186 1934
2 385 1111
1 3941
5 2280 3961 1625 2192 462
2 928 1480
7 4118 3304 2503 2388 1861 4161 2012
4 3683 4426 2024 3954
2 3155 1313
1 1595
4 259 1972 3658 3061
4 2094 1269 1831 963
2 4922 1622
1 466
3 523 1206 4501
4 1165 1062 1459 4207
7 1805 3381 1110 1338 759 4073 4694
1 4332
3 2128 4782 337
1 3534
6 4620 4097 1767 1427 2420 1143
3 1348 535 2562
2 1219 4521
4 484 4113 1031 3856
7 1940 1972 2759 1690 4127 1575 1665
3 2900 4713 2249
4 4709 1578 1443 220
6 4796 1283 1887 344 3184 600
3 2876 4369 4366
2 2021 3319
3 1676 3727 3542
2 1958 1102
3 4761 2360 2061
5 4710 1867 3974 1504 1892
3 4907 4009 4024
2 2779 3387
4 4414 853 2852 1896
4 2904 1909 4328 4316
4 4470 1628 4847 3858
2 981 3338
4 4132 1623 4702 2477
5 2158 445 668 943 3443
1 2712
3 1960 3511 2455
8 2292 2211 1032 496 3382 1952 3080 4954
6 4935 3924 3909 3413 3186 2175
2 4293 710
4 2907 2523 2162 1491
6 3366 4152 4940 2659 3445 3298
2 1268 2328
4 764 2377 1229 793
1 160
5 3333 3675 2809 2202 4764
2 250 1975
1 2516
5 1478 3432 4713 199 2029
2 4762 1749
8 4072 1046 2576 4271 2053 3318 4124 4104
4 3193 2950 4945 43
2 2556 1892
3 529 1738 479
2 4587 333
6 4091 1353 397 4271 2865 2184
3 2950 2269 3008
3 2153 3404 4717
4 49 4142 1083 3697
1 450
4 2713 1353 2645 570
5 4621 1286 3089 4676 4408
2 931 204
4 478 3709 2026 4186
2 900 669
3 1521 4060 4615
3 3181 2945 2080
2 1822 4914
1 3388
2 3721 3540
4 3101 2893 2136 4162
2 39 4542
5 4839 4546 4173 1106 3973
6 4438 203 1797 3700 30 1367
5 4306 4572 710 3090 2310
5 3042 1890 3564 2171 552
4 703 447 4346 638
5 4818 50 1604 51 278
2 558 4333
3 1538 1554 2964
5 653 171 4346 3984 3684
4 4264 677 1406 2224
3 3154 1995 1856
4 3821 3661 1167 4556
4 3989 3066 79 2699
3 3079 1841 1105
4 121 3171 4155 3658
2 3404 493
4 994 1956 2010 1109
5 3666 13 2172 1492 2983
1 2881
4 3248 1701 4561 2910
4 1938 1520 4054 2532
2 3312 3220
2 4706 3362
6 1748 1515 340 4937 4688 4350
8 386 970 4169 4733 3075 4889 858 4650
2 4593 1571
4 14 1766 4880 4421
3 1585 539 4306
3 196 1663 4280
4 121 210 4276 775
1 284
2 4292 1500
3 3797 1946 4136
3 1723 1013 3812
3 3939 2146 4368
2 3799 2242
2 2042 2590
1 174
3 1786 1432 3787
4 2353 137 1064 3891
5 2563 3962 4784 252 3371
3 60 1335 136
4 2884 3536 1232 3261
3 4339 188 1227
3 1088 2204 394
3 2550 1818 3209
3 2562 4288 2651
2 4816 2097
6 3829 4297 1033 1185 4497 4130
3 2805 3899 1211
6 4455 470 1667 2635 4914 3912
1 2403
3 2651 1751 4422
2 59 369
4 1023 1913 2311 2943
2 2363 1361
4 575 3344 1882 3464
2 4600 2184
3 3267 1530 4457
2 1995 2154
6 3934 3748 3146 2182 348 850
5 2255 2046 4749 4786 2924
4 3361 2268 1674 2958
6 1588 3594 1088 3816 1182 1207
4 130 590 734 2894
3 3963 2891 1971
2 2031 532
4 89 3641 4693 4282
4 4713 3943 42 4877
4 3137 1133 444 4946
4 2779 4643 4104 4513
4 1272 4820 4323 4351
5 4426 4333 2501 2567 2976
2 1316 920
3 4744 4099 4545
3 1279 2309 3282
4 1192 3834 2516 986
5 1864 4900 3087 2201 1633
2 4309 3006
1 4451
3 2891 975 683
3 4788 4691 4651
3 2888 1055 990
4 1007 2563 2524 2552
4 3381 3177 4760 4177
6 3705 3936 1303 4373 3403 3337
6 2195 2357 1090 2265 4491 3552
3 4462 1950 1971
1 2089
1 1581
3 3743 2540 4946
3 2528 1355 2727
5 126 4480 1331 4996 2354
2 2932 928
9 1567 1453 330 4373 3473 3091 734 1658 2477
2 3661 65
3 2229 4115 4364
3 865 1767 534
2 846 3698
2 2062 2120
3 4026 3161 3778
3 847 2905 3998
3 4291 77 3937
1 2584
5 4382 1837 3071 843 2641
2 1779 2378
3 1428 2592 384
4 597 3025 4535 279
4 1801 2875 3234 1273
3 4330 3043 722
3 2948 4132 1334
6 3252 3591 2357 837 3823 547
3 1615 139 4712
3 1128 1837 3542
2 4692 2941
1 2222
3 2950 3056 4813
7 563 1263 2604 3703 3654 3395 19
1 1701
1 3752
6 822 2455 4235 1089 3885 3985
3 1995 1324 2700
3 1760 2212 1518
3 3259 1434 2472
2 3352 4862
6 3839 3850 1408 719 4340 2839
2 853 494
6 2299 4423 2691 2270 322 3587
4 3967 2618 1247 1936
1 2616
1 2578
3 1650 2494 3212
4 269 588 4835 3122
3 1860 340 2828
2 602 4697
1 3208
3 3540 2049 4517
4 1288 1338 147 1214
5 918 683 858 4046 612
6 2424 2219 3879 1907 3552 1761
3 1073 3832 714
2 2700 792
3 4895 4096 3500
5 4191 3098 1707 368 2409
3 3462 2424 2995
5 2686 1277 1572 452 897
1 331
2 725 3418
2 4365 4823
1 4707
5 4893 4378 1639 836 1598
4 4842 4140 4256 2375
5 1774 3595 4480 879 2242
2 1460 1055
5 4461 4717 925 1132 3274
2 4702 3424
6 1281 1816 3326 1570 926 826
3 3185 138 1108
3 3326 2493 4576
3 3258 164 2305
3 2655 4517 4977
5 3907 962 572 2136 105
1 2771
3 4347 4158 1249
2 4891 3373
2 3536 3767
1 4662
4 2621 3970 2425 122
4 412 1332 2697 3517
6 327 2555 3861 2920 2570 1733
3 1564 3842 1243
4 4641 3096 1202 579
4 3927 1049 2263 3613
4 2581 1240 3681 1072
4 1431 3570 1807 3774
5 3188 3591 4288 3328 2918
3 2181 3595 1379
5 381 3726 3549 1920 1969
3 2081 2426 2619
4 4611 1623 3965 3608
5 3385 1021 4848 4476 3548
5 3734 848 2787 3998 3236
8 1434 3200 2642 142 2412 4738 3298 2045
4 4879 63 1541 1190
2 3119 2622
3 4989 2737 4212
3 2216 1034 949
1 3673
4 1575 2149 4530 1519
6 4324 1399 1181 861 2348 4174
5 4426 2016 2649 3135 202
2 4710 4446
2 253 3591
3 3989 4374 805
6 4295 2979 2619 1410 4135 810
4 2196 661 4911 1261
2 2801 871
1 3231
2 4225 18
1 3418
8 2872 1415 967 161 1856 846 1051 4025
5 1021 762 1475 4815 1144
7 3877 500 1040 1117 2678 1959 4331
4 2550 992 76 345
5 4711 1875 3985 1762 4735
2 2750 3152
3 168 1621 4766
3 653 1061 1407
1 1204
9 1583 2540 344 3723 4631 1682 4668 3753 4084
5 446 706 86 2181 70
3 2042 4404 3406
5 1976 2835 2371 2968 1028
2 4105 372
5 4727 4146 172 1819 2096
5 905 151 1522 1745 1611
1 3687
3 2473 1386 3774
2 2463 2250
2 2568 2752
1 4681
3 3259 3046 1258
4 2621 4837 4708 741
3 4734 1757 219
6 2406 1834 4659 2778 3541 1017
3 1778 4104 2504
3 958 2072 351
4 4118 3004 2359 963
2 1256 3582
2 1355 4170
5 4642 1344 2518 2620 3948
3 4746 4315 3765
2 3885 3637
6 1876 3668 87 3831 745 184
2 1384 3384
6 2164 1131 4903 1162 3098 3655
2 952 4559
4 1181 2385 2721 4999
1 476
2 2425 673
5 3607 1151 1319 629 2446
3 4088 829 3055
3 4822 3027 2770
1 1313
3 4041 1818 1518
6 1561 3670 3719 4057 1566 246
1 4718
1 677
1 2954
5 4405 2026 3233 3235 464
1 861
4 3252 79 2276 2543
3 2906 1775 4072
6 4417 1742 4126 1087 2227 2600
3 1262 1325 1009
3 3986 4232 2043
7 3050 3675 4953 2168 4429 2473 346
4 512 1943 2030 4406
2 1667 1716
1 480
2 647 3162
3 2674 1813 3037
4 948 1399 3514 1489
3 4099 4038 1040
4 1203 1220 408 3895
6 2756 1208 3410 2985 1593 676
2 2036 2672
5 1409 4247 668 2700 3133
4 3629 4224 4466 1441
5 3989 4821 2881 4840 2666
2 2404 4265
1 3412
2 1392 4491
5 4716 1980 2602 4883 188
2 2148 4447
4 2252 4515 3201 1024
4 1624 4375 4052 2419
1 4041
2 4652 3605
3 512 3651 1574
1 445
4 4946 64 1421 2879
1 1253
5 2313 4967 484 4912 2826
4 881 4575 2479 3139
2 3099 3767
4 4318 2536 359 4586
2 883 2998
3 2601 2903 2582
4 3046 4152 4153 3693
4 1893 4826 4651 405
2 724 69
1 641
8 4374 857 2153 467 2183 2620 1156 2514
2 2986 3117
1 2787
4 4779 1582 4253 3241
3 960 89 882
3 928 4954 1791
1 4318
3 2555 2366 1208
3 3430 3605 207
2 4521 562
2 981 2514
4 478 10 3014 3161
2 3042 4442
3 4779 2509 3831
6 737 4709 4537 599 3609 3311
6 1021 3257 3793 4187 2120 93
3 4686 2294 4942
1 3033
5 1450 1281 2297 950 3073
1 1483
5 27 3446 2170 4044 3958
2 1518 488
2 2397 1313
3 3967 254 1172
4 1577 1614 132 2321
1 3194
4 4099 3888 2073 2588
2 1792 4459
2 818 2258
2 3634 63
1 2774
4 2681 295 1541 705
3 779 1338 2124
3 2725 3162 515
6 706 3062 3922 2445 3092 3758
1 1799
1 3288
1 3438
2 2940 2349
2 4611 2148
4 3342 10 1991 4596
3 4428 4718 4929
3 1905 3817 3348
2 1527 3043
3 428 1535 4887
3 2493 3662 1308
2 4903 2537
3 4292 65 4330
5 4972 2038 2234 3276 3224
3 628 908 2185
6 1436 4291 318 2176 1002 1879
1 748
5 578 2830 28 4525 833
4 953 4855 2483 323
4 4106 269 3232 2222
4 2932 151 2130 1632
3 3808 2407 3797
2 1573 3581
3 1803 1918 3785
3 4066 2090 4258
4 1237 1424 3378 916
2 4095 2627
6 1478 3053 1490 435 2831 922
3 251 4519 3459
4 1026 4429 4509 461
3 4983 1322 3604
3 1430 4405 2791
1 431
3 2869 3920 3407
4 3888 1676 4385 1092
4 814 2996 1988 221
1 435
5 146 2423 1500 3879 2689
2 3618 3039
4 4196 968 2362 1947
4 1775 3046 185 4434
3 27 3390 398
5 1510 1774 2554 4434 4926
2 307 1523
6 1165 912 284 2322 4070 1116
6 3577 1781 853 4235 2557 4852
9 1908 4671 4256 3568 2518 1455 1469 1070 455
3 1685 608 1262
3 1239 2309 2294
3 427 4615 307
5 4934 4972 2387 4024 2051
1 2431
3 1874 1526 1382
1 2612
2 3433 527
10 418 2495 1961 319 1145 4554 4507 1670 533 4174
4 925 2248 1545 2636
6 551 1890 3221 4940 1405 401
3 3485 3780 2665
3 4798 3133 1345
5 3582 4645 1170 1959 4216
5 148 3936 4328 4323 895
1 3802
3 4162 3618 3979
2 4612 774
3 4461 3780 2383
2 3941 242
1 4237
3 1267 3171 1878
1 4586
2 3893 4358
5 3679 3864 4985 3789 1474
2 55 3589
1 1031
6 422 471 2335 2747 4371 2285
8 4816 4061 2302 3631 2237 2745 4684 2923
3 82 2942 2055
6 968 4715 4777 4664 4465 98
3 4014 4932 191
3 4796 1991 310
6 3463 3780 4461 4070 2636 1209
1 3996
3 4576 4215 788
3 4676 2577 2832
7 4085 2116 651 3604 4962 2857 1820
3 2753 3832 380
3 1250 325 637
2 2369 4246
5 2963 2978 999 144 2965
6 717 299 730 2802 2249 713
1 4551
6 1686 1 2461 4025 2532 1873
2 743 2247
5 1953 4036 818 2051 2487
3 4781 1589 4434
5 2872 450 3219 982 1609
1 4072
3 4293 229 3968
3 911 1370 226
1 4223
3 877 1783 958
1 2649
3 1983 1433 3648
1 2785
1 4531
1 141
3 3709 3953 3041
3 2994 876 3887
2 3557 1015
6 4653 4843 3339 352 4791 2194
1 3764
2 119 4342
6 3245 1453 2556 2987 4350 794
3 1270 1179 183
2 2758 2864
4 3598 711 1197 4756
2 4700 1496
2 1151 280
3 433 113 4187
3 4594 1637 4790
5 692 2128 1327 2834 2940
2 4022 483
3 4848 3943 3794
3 3620 1035 387
6 1908 1348 1456 3852 626 749
3 2581 1107 927
2 1274 4692
2 1384 2432
1 2695
3 266 992 3017
5 2513 901 1284 4665 4808
3 4072 3119 3242
2 2566 1764
5 1198 4441 1148 627 2413
2 4210 4569
4 3074 553 3213 2507
6 664 804 3301 3724 64 4804
4 3190 1154 3028 3639
2 360 2644
3 1221 4692 246
1 608
2 2015 1413
1 3763
4 4997 313 3257 1721
4 967 3254 3720 2739
1 582
3 2760 4501 1451
2 3163 3216
2 4333 763
3 2552 1491 1004
2 305 1874
7 636 2292 3917 2461 320 523 4594
5 254 3882 631 3513 2902
5 2737 193 1545 2089 4219
1 4275
2 2120 2382
8 1675 2256 2788 1456 1528 2053 2944 4704
4 1310 4785 1404 524
4 390 4668 2989 2034
3 75 3080 457
2 592 2104
2 1781 376
1 2153
3 4851 3451 4810
1 350
7 3792 2675 1972 2464 894 3251 2863
3 4144 45 4495
4 2889 719 636 941
4 4016 460 176 1271
2 4499 1310
5 1182 542 985 4477 787
4 1201 472 3652 3862
7 1781 3450 215 4243 1497 2897 4078
2 4592 112
3 2635 2007 62
3 4581 2376 433
1 3427
6 1256 3305 3465 4346 164 2490
4 232 4155 4686 2293
2 2917 1383
1 4987
6 4091 1422 4936 3685 4121 4305
3 4590 3204 678
5 1680 1296 1630 2809 539
2 3477 4834
1 386
6 3252 3188 2892 1064 1684 3269
1 1183
6 577 4223 4757 3807 1677 2460
4 3140 1588 4749 4379
8 3229 1774 4122 3869 4653 2777 2327 3253
3 361 1840 2498
2 2732 4326
3 588 859 3520
4 3848 4528 3923 3897
4 1375 1224 1704 830
6 1568 3630 2380 1647 181 4117
7 1060 4744 435 4449 158 806 2882
7 2660 1530 248 4566 1319 4478 175
6 3489 3435 4587 3845 2744 1524
5 4652 3355 258 807 3378
2 2382 4288
4 2555 892 3317 2440
5 1583 3256 2084 2795 4844
5 3384 4939 1393 4444 874
4 4461 2939 2581 901
6 1094 1986 3815 3801 4289 291
6 3775 2703 251 4679 476 1258
2 2266 3249
2 1911 705
4 3872 2481 2018 4011
3 1360 4722 3928
3 1003 3999 1237
5 78 3775 1306 3443 3468
6 3886 517 3816 260 3694 4626
3 129 3528 2186
2 4332 1199
2 1456 3857
1 2222
4 4580 648 4145 4096
3 282 4724 949
1 2165
2 718 4334
5 2141 1792 4762 4504 507
5 4224 3345 1375 4069 2122
2 3601 1568
5 4820 3480 1787 824 195
2 3814 639
4 4779 769 574 4556
5 1595 2967 2188 3399 1104
3 2019 4213 4348
3 542 489 2005
2 2903 3309
3 1617 4136 0
6 4047 3542 588 2959 4236 3677
3 1515 2125 2480
3 1466 3674 3144
5 2499 4461 2674 197 2717
4 138 2432 4096 436
3 1653 253 319
7 1221 4053 251 2823 371 1736 2052
1 4580
1 4683
3 3507 4259 2443
3 911 324 518
3 2456 3682 4635
6 2626 1807 378 3356 4012 1885
4 3576 1121 1114 759
2 2089 2856
3 990 3194 1789
2 3312 421
3 54 2131 1804
4 4402 3950 2968 1721
3 322 3008 3091
2 4268 770
6 4363 1878 207 4647 1162 4955
4 1121 3088 4299 3172
3 4839 1199 3415
1 4632
3 3909 1742 2449
1 2521
5 3094 13 1061 728 4234
1 3780
4 4481 3310 4053 979
2 4342 4657
6 1561 3322 1603 448 2525 2127
4 598 594 3989 1425
5 1553 2647 509 4180 4662
3 4620 4355 3264
5 3641 1466 58 780 4339
3 3333 3050 2431
1 664
2 3639 1325
3 2814 344 1021
3 3864 3476 2434
3 428 2621 1086
2 3250 2123
5 4683 4358 1511 895 3650
2 4426 3005
2 3085 3860
5 3586 1396 1108 4343 4594
3 4209 1564 530
6 1940 109 1315 3819 4920 3293
1 2758
2 4871 427
2 131 2173
3 4493 2464 835
1 2855
3 2122 3366 790
3 1920 1963 3619
5 4744 931 1071 875 2826
1 2440
1 3063
2 3175 4324
5 4770 2501 3824 4596 772
3 3078 2441 2713
3 24 4003 499
4 4285 614 2578 364
4 2722 3194 4066 2376
2 2025 1631
3 3162 3936 4172
1 2178
4 4015 471 2366 4677
4 4457 4930 2168 534
7 996 4194 4629 1114 3511 1101 3068
2 735 2610
4 3726 29 1079 738
3 1706 725 1574
4 381 3965 4973 2419
2 2713 2478
2 819 1112
2 143 4766
4 1980 1347 4569 4042
2 3906 2448
4 2131 3322 1705 2040
3 4268 3549 1277
3 3769 4092 3074
3 830 4245 1423
5 3286 54 709 194 756
5 411 3541 1386 4704 2151
5 4359 4836 4970 1147 4098
7 303 2199 3254 965 3711 2522 4049
6 13 2540 4472 3028 2538 1356
4 2315 1442 4730 4813
1 139
4 4235 4746 4554 1248
4 4816 4777 1492 1717
6 4729 4472 2335 3938 2658 2337
4 4515 1133 4959 615
5 3913 4386 3258 4187 1462
2 1094 961
4 2722 1779 4589 1169
3 2695 4629 982
5 4204 4302 4037 645 1425
6 2571 4957 3791 1572 4432 1129
1 4425
2 140 2939
6 2583 514 2240 302 1017 1377
4 2264 506 539 3167
3 2196 1901 4888
2 1422 720
3 578 1101 2816
2 4709 30
5 3934 3137 4328 2790 4582
2 497 4625
2 4362 4509
1 966
5 1267 4195 330 192 3196
3 2639 3286 1735
3 292 1653 4256
3 4587 2401 1653
7 2261 4745 2414 4533 4411 2279 1184
4 4754 4103 733 984
2 2421 3404
4 4128 288 1665 3992
1 1192
3 4990 1197 1959
3 802 4628 1049
4 692 216 3547 4485
5 3792 512 3515 2559 2878
4 3308 749 4831 1359
6 444 1589 296 4996 2296 1828
3 3362 4014 3242
3 4470 4581 606
5 2161 4718 3869 3721 1944
4 1358 1035 2539 23
6 3950 2032 2241 1432 358 1214
2 2618 2904
5 4169 1454 1511 630 891
4 2160 3251 3294 2133
4 3612 2703 1537 3618
4 718 1301 4442 753
4 4155 808 552 2086
5 3877 4275 3177 1158 3870
2 2775 223
5 3485 3463 3470 3667 1223
5 2789 2922 1778 1688 2586
1 2565
1 1366
7 2760 4739 2703 2432 1559 4793 736
4 3428 4955 3796 2648
3 4226 4909 1673
4 330 3115 2020 1784
4 4268 3814 1643 2918
5 4935 3476 64 1552 4064
2 2676 1799
3 147 3739 977
3 3570 2675 3764
6 3385 1470 1984 1023 917 1440
2 3527 1282
3 1298 1585 2780
2 4754 3785
4 4601 4696 3109 3426
4 25 1332 2170 983
4 1446 359 526 3112
1 2756
2 3611 4128
4 4818 2895 1178 3467
3 2174 1321 4251
1 4975
1 1362
4 4405 4253 995 2658
5 1655 818 3593 4547 339
4 2835 2197 1087 3426
1 2423
3 4702 2266 2050
2 128 820
4 134 1226 4752 3110
3 755 2775 1447
6 280 82 3788 3632 568 2333
5 1141 2033 3611 4183 946
5 4170 3619 3140 1626 4366
3 4745 3412 1301
2 4103 2037
3 1620 4927 3687
2 4519 4087
3 2978 3088 1459
3 516 2193 1251
2 3188 1254
3 108 3699 2768
1 4083
1 2975
3 1300 1386 4216
2 1861 4880
4 4297 3125 2557 4005
4 4543 3892 2154 272
4 3310 1276 3383 1111
4 250 1335 3217 3490
1 146
5 1599 4462 3153 1819 2395
2 2133 782
3 2150 4279 3888
3 130 1317 2318
3 437 4655 4907
7 421 4880 1603 2857 3202 3910 1743
1 1533
6 187 1172 3920 1123 1403 1546
2 3247 1564
2 1653 576
4 4472 1446 4767 195
4 2672 86 3604 1392
2 4554 1432
2 4351 1185
4 1122 4620 3599 1179
1 4381
5 2397 933 3202 145 2953
3 2221 877 1726
4 1786 3529 477 4011
2 4247 245
6 4035 2643 1667 1250 1529 4428
3 2369 1378 2741
3 284 131 3021
1 3622
3 4368 3036 1822
5 4481 1181 1871 2291 114
4 4146 2854 4807 3684
4 519 2681 3246 1380
3 3576 746 2536
3 81 2349 980
6 3679 3476 1671 4255 654 1463
4 4870 4281 4872 4883
3 48 2547 1737
3 3941 1438 1540
2 1296 2296
9 3769 3595 4785 2865 4889 2401 4165 4011 964
2 446 3778
1 876
5 1522 877 1318 3615 4083
4 2191 2159 1651 964
4 2945 4888 4391 4560
2 4079 1074
2 910 4107
3 500 3279 3778
3 1766 766 1161
2 3442 3216
3 4479 1732 2799
6 1152 2478 2578 2091 2330 2990
1 3557
3 2594 70 2312
4 4608 4395 2152 4042
6 4244 892 3197 1669 1597 3309
6 3619 517 318 839 456 2559
5 1533 2152 2706 4599 3512
8 3439 1676 1076 2153 3396 725 3836 2383
2 747 1413
9 4857 2160 2928 2919 2828 465 2754 2074 696
3 3116 885 1085
4 1154 4486 3830 1037
3 771 1672 3475
2 2792 2593
2 3341 4464
4 828 1218 4892 1850
2 1024 3599
4 49 4642 2234 2329
8 815 2722 1693 1393 3126 304 753 4687
5 85 1342 1814 1706 546
1 1027
1 2988
1 4823
4 2243 2413 2640 4797
5 2876 1470 4617 1079 546
7 4843 4876 841 2594 697 2740 3718
5 3238 962 2454 965 591
3 1628 4901 4345
6 2421 408 1799 3664 3043 4508
4 3839 2118 4141 2355
1 1405
1 3127
4 3734 4386 1482 1458
4 842 1122 3965 4218
4 2642 4723 4243 874
1 60
4 2453 3556 2420 1882
5 915 150 4399 606 493
3 3951 2694 2006
8 1139 3841 1258 3438 4989 1925 4723 1722
4 4722 4717 1264 4463
3 3404 1448 1250
2 3599 4793
2 1288 3043
2 1249 200
3 844 4395 419
5 2359 1645 4087 3249 1359
4 4973 2387 2891 3616
2 2686 4702
3 2777 3989 557
6 4067 2132 217 2465 689 1731
4 4899 1034 432 1248
3 232 611 551
4 3137 3748 1301 2378
5 2392 1880 57 924 4202
8 3162 3705 3466 58 2019 3949 2316 4951
2 4104 3179
3 4060 3732 2608
4 3988 1940 4888 3111
3 4577 2158 690
8 2017 2598 2656 2908 4088 3471 3867 3001
1 1593
3 4219 3527 3145
2 2708 4647
1 2747
5 10 4146 4945 2381 1202
3 4610 1034 1459
3 3307 4594 4439
6 4580 1186 3936 2018 900 4974
11 2032 2241 3771 330 2100 226 448 2379 4606 3657 1016
5 1942 1435 3919 2267 1931
3 1298 770 2589
5 811 1299 4258 3511 2291
2 158 3005
3 2483 2889 988
6 2870 596 2190 1575 1790 2507
5 4965 1652 888 4981 4666
2 3390 3980
1 108
6 597 1734 2916 1593 739 1205
4 3002 2280 4 1802
4 3117 2563 1098 4028
6 1481 2533 714 3142 2267 2800
6 1390 1924 2788 4030 2665 2311
10 3256 994 4729 1839 135 4676 3914 1049 2127 3713
4 58 200 1936 1376
3 2618 3205 3393
3 4266 3502 131
5 4210 4157 1479 4273 520
4 526 1242 2691 3244
5 2555 1234 4901 321 4119
2 491 2364
2 234 3077
7 3031 163 4932 4805 1325 4845 4290
3 822 1364 1417
1 1654
4 1299 4661 4384 612
5 4254 4225 1511 4587 4726
4 4204 1951 3468 1420
5 1515 503 251 4675 3958
8 1003 422 2604 115 2960 2973 1377 2507
2 4453 2165
5 1288 1428 250 476 4335
3 3085 1372 638
4 3197 4652 3281 298
3 1201 2408 3332
5 4702 596 1709 4160 4995
4 2211 1565 232 3939
6 3346 4821 3671 3089 3270 3930
2 755 1352
9 1816 1506 2713 2697 4057 4319 1004 4780 1400
3 3759 4923 127
2 1555 709
4 4978 1203 1891 1273
2 2353 667
2 890 3486
5 680 1324 1089 2377 2957
6 3258 3178 1201 1363 4464 4496
6 893 2786 3617 4340 4331 4206
4 598 2652 2593 812
4 977 1582 4471 4923
2 114 1314
3 1473 4641 3701
2 675 2308
4 1663 3829 435 4229
4 4058 1340 275 532
3 4501 1228 2540
3 4802 1867 2089
4 3032 4907 4858 4563
2 2128 2595
3 3615 3869 3852
3 3651 1835 2363
3 714 387 2360
5 4287 2652 4039 3767 3483
5 471 3707 2655 12 415
7 3573 460 4950 2775 2961 2178 4625
5 4716 792 2379 670 1697
2 1182 2082
2 881 2203
2 350 4272
3 1361 337 1386
2 3526 483
5 590 4156 4039 275 2384
6 3455 3032 4110 965 4760 2689
3 3496 3277 713
5 397 1419 3177 971 757
1 182
2 2423 3962
3 225 1226 2392
6 1921 3964 4128 2202 1045 458
1 2042
3 1553 4919 2721
2 4742 420
2 635 162
5 2643 3854 4553 2493 537
5 1953 3498 2491 4208 508
5 4644 3738 8 2862 4719
6 4099 3340 2134 1064 1460 4530
7 4328 1942 4014 209 4023 2029 1279
2 812 1629
9 789 2572 4385 4528 3321 882 1801 1134 3354
3 3884 4637 3717
2 1426 617
2 3390 2846
3 2346 935 1915
1 3215
3 1133 934 3639
4 2050 4772 1740 311
3 3726 2909 4856
3 143 2708 414
3 1510 1275 259
1 3353
6 1178 4140 3645 3668 1038 738
2 3097 4885
7 2606 1268 2027 1107 4111 4937 725
3 4415 1841 513
3 3991 3322 4951
4 129 163 4413 4006
6 1807 2364 1613 773 4571 2271
6 2626 549 2721 3070 1833 3938
5 1336 2292 2524 2274 3480
2 2219 1946
3 4197 1585 4830
2 3789 2392
2 109 281
5 2090 3429 4590 3703 620
5 2223 4980 2811 3931 2135
3 567 957 2408
4 1021 411 3629 4651
3 3449 3485 851
1 2467
6 1046 3055 3536 1827 3329 3501
2 446 3014
3 2839 2735 4980
3 2027 2212 1048
3 1841 2275 1837
3 2808 2832 1051
1 3577
3 2371 4521 3875
3 2160 1854 1817
7 1603 1616 2380 886 264 4753 1840
2 1341 156
3 3872 1 3825
3 3286 2417 1187
8 3489 2116 675 4460 1527 2099 613 131
5 1300 4193 2385 2442 2753
6 2280 4648 3820 3927 4430 2480
4 484 1955 3941 3318
3 4803 104 930
5 1178 2050 2056 638 1179
3 3586 1422 3060
6 4133 4425 3721 2104 2143 4657
5 1735 4446 2612 2548 2733
1 2613
2 54 3431
5 3624 822 3643 2822 3219
5 2616 1487 3018 2710 2349
2 3725 4760
5 3340 4038 3151 3396 1824
3 4720 1408 4705
6 2110 1543 295 1023 2861 364
6 661 497 4927 2386 1246 916
4 2248 694 3757 3818
5 3055 3147 2749 3302 3937
5 937 79 688 3290 2662
3 1963 1267 3424
3 3876 856 321
6 2185 4842 30 776 1931 2079
3 880 4347 121
5 469 4024 2139 900 924
2 4055 1807
1 2615
4 2263 2533 489 3021
1 2908
3 2229 3173 71
5 589 1195 628 1262 4947
2 3601 1442
5 3304 3004 496 1622 2796
2 3971 4298
3 4870 1896 1951
2 3586 2807
4 3595 2301 4604 2488
3 2603 4988 1314
3 2420 450 3055
1 4330
3 2318 2010 3330
2 3022 4740
3 4030 3759 3801
2 2111 868
2 4570 3125
3 2563 2520 4641
7 474 516 3038 2023 166 741 3187
4 4092 4425 2969 4966
3 1976 425 182
1 3271
5 161 4904 3109 4495 3638
1 2483
3 1561 4682 298
4 2930 2788 4494 1790
6 4980 4053 1961 3228 4184 1755
6 9 2771 2453 3910 2624 2400
3 3063 49 361
2 1913 2371
9 3571 45 4590 1394 4781 2719 4655 213 263
4 2200 3624 4356 2580
5 10 3946 178 3291 3860
1 636
6 2050 943 314 2338 1858 2836
1 2293
5 2891 1923 262 2535 673
2 479 4370
7 3366 3046 186 4449 768 945 4776
4 223 3366 1489 2692
4 2701 99 39 2629
8 441 1353 1084 3091 3583 4738 3777 1546
4 1692 1267 4023 2340
5 3969 4210 839 2837 4931
5 1303 4846 3240 2415 591
2 4382 931
2 3987 1255
4 3004 180 1344 2020
5 3075 2633 1805 3468 1008
2 1034 462
6 798 148 2906 1903 4622 4527
2 3869 2679
5 231 2090 4699 655 1444
2 2314 2009
6 1371 803 935 4992 2611 2257
3 3101 3773 1731
8 642 483 3816 2680 3306 494 1385 2588
6 2583 519 967 4888 4391 4514
2 1088 3705
3 3077 121 393
2 3460 3266
4 1578 1472 1931 2600
4 4634 4317 207 1691
2 3161 267
5 1174 4584 135 473 2214
3 1927 936 2107
4 3672 4876 1128 4508
3 4864 4977 4488
2 1067 972
1 3815
4 4140 1347 4860 1357
2 2369 445
2 3068 1004
6 3385 4970 3734 387 4357 3523
3 4506 1974 4421
3 923 126 1450
2 1626 2333
5 1842 1422 4992 3220 1739
2 2763 4723
2 1300 4086
3 3709 996 2465
3 1267 3752 4309
2 2421 3444
5 4968 2975 4332 700 4063
2 192 309
6 925 657 806 2714 4811 4809
1 887
3 4534 2269 2486
1 3935
3 1083 1035 718
3 3738 4302 3979
2 509 4686
1 3999
2 3013 903
3 940 4036 2108
6 147 4222 4390 2106 3686 1919
9 3969 4157 2562 47 1570 2594 3539 540 4267
4 4506 1810 1942 2129
9 872 1133 4930 4586 1396 4845 3262 1365 1889
3 391 3635 834
5 1842 1057 1692 1854 1624
4 1531 2497 3487 757
3 3465 3827 2385
1 58
1 3914
7 4685 3558 3943 1779 4242 4305 272
3 4378 581 1281
7 4866 1835 928 2803 1988 105 2009
7 147 4209 1500 4963 1875 1080 2511
5 577 3593 742 2030 3504
3 3629 3345 2335
7 3978 4254 485 4413 4549 550 3275
5 1616 1201 3786 1696 1607
1 384
3 1627 1235 521
1 4005
2 2934 1761
5 1521 4932 617 4492 2041
4 2033 1581 1061 3332
2 4779 1555
3 3666 725 1774
4 3197 2152 3450 3730
2 1325 3639
2 181 3472
2 1345 1230
4 2561 976 975 4523
3 422 883 1863
2 1224 884
2 4219 970
5 4729 4889 3577 4332 3915
6 203 495 2027 2379 3885 1468
3 3722 2476 4842
4 1018 1475 1608 3492
5 1409 3344 635 3853 1724
2 2081 2195
2 4932 4473
5 1131 4422 2650 4674 2833
2 4295 3803
2 485 1968
4 3806 2323 3373 4650
5 3978 4225 2165 308 2173
4 512 3864 1610 2469
5 566 3451 3228 60 3754
2 2436 2164
4 3429 3953 2606 981
2 4417 3648
2 4584 2983
2 1340 100
3 1797 1172 4314
4 2508 2485 562 2334
4 677 3086 4741 2462
4 249 845 2267 3347
5 2248 842 2065 4949 3968
3 4341 1250 4210
8 383 4487 1076 3659 3788 3720 1177 4458
4 1770 1219 2137 1289
1 1704
4 3055 3060 2238 1009
2 799 4020
4 2494 1825 3969 930
3 567 2439 370
3 1835 3778 3559
2 3106 1906
3 2688 923 598
2 830 974
6 4334 2282 2678 1489 3836 761
4 877 2436 1421 3105
7 4870 3865 2428 2782 2233 2899 2515
1 3144
2 1665 1024
1 108
3 3702 614 4973
4 282 206 2766 4994
3 1293 4321 4014
8 1835 3252 661 3123 3606 2023 702 4412
3 3611 983 1304
1 3974
4 1436 3420 489 3179
4 2149 406 3108 3417
8 3044 710 3502 333 4473 370 4841 1106
3 4615 4818 4488
5 3271 2979 4450 4982 4251
3 4870 49 4448
5 3829 3125 2805 1169 4393
2 1409 4119
1 3661
6 196 1987 1783 2871 4719 198
4 527 1664 4753 220
4 3738 4204 872 4629
5 1221 2757 4774 2656 1216
1 9
3 4464 4219 3586
8 1576 1360 2264 2761 1147 3079 4873 3104
1 627
1 978
4 4764 4816 4195 3155
1 4566
2 2193 1941
5 2793 65 1475 2810 2021
2 2309 2510
3 4262 2094 4752
5 991 35 1704 3308 2254
2 3035 305
5 4634 4176 2165 2840 1658
5 2536 3363 718 1752 3376
3 33 3991 4656
1 2904
5 1293 4287 2071 1992 2998
3 1260 4727 1347
4 3466 2801 3148 1631
8 3266 1399 2172 1433 4838 2447 3698 367
2 4579 666
5 798 4832 2402 1071 3597
2 2042 759
6 3748 3035 3466 4039 137 2851
1 742
3 3417 3186 4125
3 3279 2436 3999
5 4243 4197 3621 3015 2826
7 763 3553 3149 349 2852 217 3083
6 1581 2706 2850 3627 2189 4279
1 3983
2 2533 4892
2 4452 2197
5 1645 1976 1467 1101 2163
5 3674 4443 1155 3120 2671
3 3202 3999 4553
2 488 4267
5 807 1493 3516 1423 3669
2 3685 1937
4 844 2226 1230 257
4 2866 1471 1089 3908
5 3582 3081 3085 1739 2877
6 2815 4480 3240 759 1507 4109
3 1628 3635 2273
3 430 360 4508
3 3100 1561 3517
3 3148 4691 3847
1 1621
3 2757 996 4551
3 2779 2707 2720
3 2796 3673 989
5 476 4962 4145 4436 2723
3 4187 4823 2476
4 3682 1436 599 3475
6 4836 3725 247 578 1532 402
4 989 2121 2240 625
3 4724 1508 1608
4 1960 2069 3750 214
5 3660 1878 853 670 1828
3 912 85 3173
4 324 1903 3225 2112
3 4469 3026 3816
2 1965 4832
4 3111 1142 1874 3858
1 3026
4 92 1577 1629 4151
4 3479 2335 730 432
2 1467 777
9 2757 3162 3171 1110 262 2873 4782 1016 510
5 857 3370 156 3270 1726
7 2921 1911 1030 1595 4803 1527 3353
1 2003
2 1128 2217
6 581 4220 3227 2210 223 913
1 3594
2 2025 4661
5 379 4895 2038 1866 3849
5 4737 459 3181 870 4159
2 4440 1784
3 3977 718 426
5 4041 3439 2408 241 2798
4 3734 3913 1605 311
4 1573 2896 4636 920
1 1408
4 4627 2983 4472 4582
3 4209 1490 4753
4 4171 3874 1383 1919
4 1061 4641 2957 255
3 2451 4297 2298
3 575 2967 4684
6 324 4906 4860 3926 1485 3884
1 2452
4 639 4820 509 1604
2 2160 2263
2 3918 157
3 4785 4895 1227
1 1703
3 200 3657 2041
1 963
5 3288 2042 1347 1216 83
4 2026 3326 3436 3806
3 553 3334 1645
1 304
3 3066 847 4613
1 1208
1 1194
5 4480 353 3756 2749 404
3 1860 2265 4288
4 4058 4225 1126 316
4 2233 2315 2632 3034
4 2018 2216 4056 1331
1 300
5 1968 4751 3330 4259 626
5 536 4604 1585 4535 2383
1 850
1 1588
2 4188 3103
3 708 3129 4250
4 3204 2299 155 4775
2 431 2271
4 4092 4133 1055 3740
5 3683 3005 3149 3267 515
2 4772 2617
4 3854 2510 2874 3411
5 3333 2875 906 3434 433
2 4087 2703
3 514 2494 97
2 3739 68
5 1644 1614 1512 1704 4527
4 3445 3499 3447 2486
4 2566 4671 2158 4960
1 4356
4 774 2639 2181 2885
5 1543 3078 428 702 312
2 3948 1403
4 1118 4591 410 4383
3 1198 3538 2470
4 2118 4866 3382 3776
8 4445 1027 340 4339 4873 73 2569 2460
3 3609 2671 1635
3 1269 4443 1488
3 3268 1590 4093
2 2911 3351
3 4296 1879 2543
4 3602 4152 1835 4536
2 4295 4481
3 1336 3156 640
2 1923 4337
4 4 2621 3982 1412
4 2909 331 99 1145
3 470 3127 1089
2 4503 2039
6 3708 4930 382 1930 1444 3135
3 358 4268 2790
3 3397 2836 2255
2 1477 4085
8 3485 2793 3610 3470 3642 4614 3231 4502
4 1599 3834 3164 1707
2 3921 4582
4 3998 2615 3895 4305
2 3482 268
3 1816 3345 1840
1 2544
4 4654 1922 2675 2574
4 1121 1204 2772 4366
7 1628 3036 1234 935 3768 1849 2236
4 4564 4001 741 4825
6 4729 3732 3727 3844 4389 615
4 4293 106 348 4249
2 2694 9
1 4480
2 3257 2149
2 1972 3575
1 3603
6 3880 1732 1301 106 740 1727
8 1751 3229 1826 4411 4347 3169 626 4475
6 2550 2301 592 4450 3668 3859
1 207
3 218 2868 4609
1 2876
2 3763 1293
6 1154 3892 2422 1822 4947 1082
3 383 4268 622
2 4181 4294
3 4904 2912 2952
3 1581 2279 4713
5 3163 3349 789 2541 368
1 4231
4 2636 2491 1804 3691
3 4139 2758 1492
3 3571 4136 2215
3 3998 4671 2958
2 3125 2815
4 300 1663 1394 2253
6 1118 2970 1542 1711 3574 322
2 2930 2098
6 3551 2760 4850 2391 4007 3012
3 4510 4805 4461
7 545 495 295 385 1435 1140 4456
5 3628 4581 1878 2942 838
7 4842 958 145 4872 169 2577 214
6 409 4763 1493 4188 4211 587
2 3460 2365
4 4349 4180 3909 2822
4 4745 52 3434 3750
2 868 4502
2 710 584
4 491 2898 4856 2350
3 771 3147 27
3 4171 2179 1923
3 3733 1133 3352
1 2806
5 1803 575 1667 3237 3213
1 994
9 2252 2718 3433 2441 927 3820 608 101 1809
1 1361
6 53 1620 905 4079 3020 3379
7 1321 819 76 1604 2218 2305 800
3 4239 1129 2910
3 1194 2932 2887
3 2122 536 3422
3 2996 1623 831
3 1573 4433 4164
3 4041 3599 1613
1 1196
4 1002 4876 4038 3265
5 2248 662 2454 2796 3509
4 1432 2820 2776 2413
2 3756 1493
2 1294 4201
3 2782 3184 4418
3 100 4449 2112
4 1653 962 3384 1183
1 1986
1 2502
3 1991 1068 4782
3 910 2132 682
4 1170 432 1323 3076
5 2423 1841 1692 3830 2393
1 1419
4 2490 899 3151 2742
2 4839 3077
2 3807 2058
3 876 1575 785
3 4225 91 2014
1 1228
6 1239 350 4353 1876 3495 357
4 163 854 118 451
3 4035 740 4340
5 3460 3730 708 2328 3846
3 2639 190 1183
3 3088 1703 3633
2 2459 215
4 1056 4954 1742 619
8 914 4632 966 758 2778 2966 1928 3313
2 3874 483
5 562 618 2438 3096 1361
3 4703 1550 819
2 4009 2256
5 2908 1720 1875 4471 1502
3 2924 2486 4747
4 1655 3603 4310 2144
2 4634 2000
5 663 2131 2927 1492 4944
2 3717 3539
4 957 1171 4130 1092
1 4059
3 2601 3079 1989
1 1676
2 1096 1729
6 881 3361 4781 2815 2986 2919
7 281 1304 687 2906 3235 3487 587
3 2299 4742 3940
3 1769 1857 1498
5 2589 1364 1649 4325 1205
4 3624 648 3949 3646
8 1629 2933 905 956 4932 4504 3768 3580
3 4389 3748 4463
6 2315 1225 2332 1770 664 2741
5 4178 1174 4260 684 2133
5 4918 2093 571 283 4813
6 3363 4212 760 884 3474 4974
5 3604 3978 1162 3755 3059
3 2015 1816 929
3 377 4870 3736
7 4144 4066 4964 1397 2701 3587 2273
3 1118 4440 4950
3 2578 237 3578
3 1240 1911 3102
5 1186 3556 3685 3948 3524
2 2304 1153
3 3699 4820 3410
2 2674 252
3 2711 1378 4901
3 3887 1513 1814
2 2918 3134
4 4745 26 1346 3797
2 1196 1100
1 347
5 1720 253 4418 4122 2274
2 1690 4780
5 3950 2852 2077 1217 2746
1 231
4 1555 2697 825 3884
2 163 4483
6 2069 4988 3947 1265 2232 272
5 3256 1623 3409 2166 1926
3 755 225 3469
4 2154 1564 370 4408
4 4461 2443 1547 1777
5 427 3454 4721 4294 3070
2 507 1599
2 1408 3905
1 1169
1 2178
4 1122 3848 3018 3673
5 1286 3066 4757 424 4892
4 4164 228 1290 1762
4 2169 1529 871 660
3 1680 4932 2838
3 3749 659 4016
3 603 44 3619
7 1650 65 944 4846 4389 2231 4853
2 3762 802
4 3709 4302 2176 3737
2 2188 4854
4 82 3286 475 4712
7 4559 914 1142 1316 2986 582 3663
5 242 1159 1486 2468 864
5 4176 4317 2604 1307 4567
4 2306 189 208 3650
4 4387 1419 4871 4680
2 320 4042
2 1411 1795
7 2694 4930 416 2962 2657 1634 2207
3 1409 949 2057
9 4003 1473 319 95 4392 2515 3248 4131 4928
5 1344 3307 3898 983 4766
4 2584 1835 3147 4658
4 2193 2016 4037 782
4 3465 2906 1346 382
2 2601 2064
3 3944 3660 2981
5 174 400 2332 1973 4087
4 1934 683 1270 1271
2 4253 3101
4 4069 3367 2279 3158
4 3355 3605 1932 3985
4 3595 613 3514 4993
5 1344 1298 1 1305 4468
3 4144 3838 2000
4 1703 842 4319 833
2 3669 4092
3 1481 4643 1722
3 3301 386 30
5 2581 899 2915 1294 2698
9 4919 2070 2109 708 1944 3977 1660 4380 1417
3 704 3672 3243
3 1472 4917 595
5 3482 4945 2701 2108 4994
3 1133 3535 1872
3 2697 408 3957
1 331
4 3286 2229 1126 3563
2 27 397
3 603 1328 401
6 3451 1908 1026 1555 4435 4496
4 1298 1369 1216 1028
3 4968 2421 1438
1 4250
1 3980
3 3965 3066 3488
2 1487 3707
3 1521 1692 1341
5 3612 1068 2292 2918 1388
3 472 1021 4636
6 1124 857 2952 2806 415 3297
5 779 1568 2992 4138 4690
8 2200 1853 3682 4795 695 4726 1265 3647
4 3480 378 4394 1452
4 1966 203 4219 2344
4 4708 3583 4205 3386
1 3899
1 3100
1 1875
3 4682 4793 1458
4 1286 2075 4351 3158
6 370 1998 3191 3531 4792 3544
3 3144 1957 2115
1 3014
6 376 4843 2059 1366 2192 2880
5 1012 2549 3797 209 801
3 4834 1894 3211
1 869
3 2509 4166 1681
4 1627 1522 3521 824
3 2229 2364 2464
7 3987 596 3810 3038 3232 3929 2363
3 788 1963 4562
4 1517 3561 3724 834
4 4100 919 1950 211
9 1998 1499 102 1479 3099 217 1004 1977 2298
6 1430 1796 3226 2932 2650 2693
2 3299 4686
7 737 3384 2602 1592 3024 3747 111
5 1867 3031 1222 3268 337
2 600 3281
2 3189 4631
6 755 1511 3053 3145 4490 3023
5 82 1944 227 1726 1210
5 693 1817 168 226 3482
7 4017 792 3350 2109 1157 1988 2800
6 116 2934 3921 2969 3231 3062
6 2161 3769 2388 1072 3323 3411
2 4300 4037
4 4100 1408 1498 825
5 2945 4615 818 1270 2846
5 2240 1641 3921 3616 4844
5 3920 4192 1176 3915 2312
3 3625 282 4361
1 1767
2 3978 4683
7 200 940 1513 3291 4322 645 2492
1 2488
5 3732 4472 3965 4243 600
2 3728 273
1 2227
3 904 4740 4869
3 151 3101 113
2 1734 3300
2 3281 2761
2 2101 1077
2 459 4382
3 4155 1968 3259
3 4837 3784 17
4 1807 4127 2145 4732
2 4264 483
5 231 2677 1397 4577 4033
4 1360 1112 1818 1823
6 3695 931 3602 3151 430 1558
5 26 4601 3756 4509 3817
7 1638 873 3730 2039 465 3308 936
2 1752 4565
1 1475
3 966 3594 3138
2 1779 1338
3 2281 2872 4417
4 3812 4314 1755 604
5 4390 4081 4777 4301 4947
9 1481 1955 1655 2931 2219 816 3796 2151 3757
2 288 2142
2 1274 3520
5 4621 3593 125 2417 4868
1 697
2 417 2439
3 4024 3161 4098
4 3030 2360 4781 649
4 3628 205 2338 3054
3 409 4506 1634
4 2637 3050 4309 2419
2 1817 2136
3 4642 3283 3716
3 2845 3844 1810
3 1175 1119 2748
2 2541 2750
4 3699 2501 686 1013
2 2864 1281
5 1119 418 4048 306 4427
7 0 2028 2728 2366 1560 1418 745
2 4303 593
2 4423 2225
1 4152
9 234 2277 4850 1446 878 3482 3731 4753 180
2 1330 1006
9 3373 1582 3383 3633 2402 4233 507 204 1714
2 3991 4605
9 4575 4761 4144 1934 3499 1763 971 700 1246
3 4540 4373 3016
1 383
4 3117 597 1625 749
6 1310 3562 3869 685 2232 4400
3 3138 4968 213
3 554 2841 936
3 2036 2924 3158
2 2356 4836
5 92 1462 1817 2527 3524
1 3514
2 4692 10
3 3923 4690 3784
2 961 1153
2 4683 1022
6 3025 1283 3484 4816 38 861
1 3904
4 989 2233 2813 3464
1 208
2 1018 2415
3 1443 675 972
2 1067 4008
4 4375 590 1859 4089
5 2106 869 3541 2537 2658
4 1242 3974 2952 4502
2 2616 1043
2 1876 3860
3 3535 1976 1053
1 4199
4 1060 1486 3568 2209
5 4969 78 4199 371 1718
1 100
4 3193 3728 4585 1813
2 427 2014
4 4879 3278 1217 2836
7 4796 754 3731 1883 3480 3124 4309
3 4888 1372 403
5 3082 50 1965 4294 3802
4 1372 1124 227 2890
6 639 4397 3148 4596 3631 1243
3 3989 3346 610
8 1155 553 1095 4985 2697 3319 260 30
3 3225 4357 3903
2 1877 344
1 4471
7 1893 3367 2821 2441 1085 863 1666
1 2809
3 833 1512 2936
2 1027 85
2 4063 116
1 3765
3 693 4367 4326
2 1624 997
7 1894 4697 1989 1100 94 36 3589
3 2576 3209 2474
5 4359 3725 4789 131 4914
5 1303 4957 4739 3299 827
5 560 2561 4324 2890 2696
4 3077 4546 3662 2710
3 3346 1309 1398
2 4293 4983
7 958 4505 2404 3228 4108 4245 632
7 3906 4876 4695 2168 1153 3514 1377
3 3608 4722 2984
2 4212 3974
5 4627 1434 2808 4158 1343
2 3036 2397
4 1890 496 3257 3527
1 1274
6 4777 4501 140 1725 437 2035
3 377 2425 3568
2 1244 3450
3 4627 4856 2566
1 4630
3 953 3423 1947
6 2892 4512 2644 4853 4049 605
4 2160 3890 2842 1086
4 2762 2674 4009 2163
2 2150 2711
2 4395 4184
3 1476 1456 17
1 3201
2 2131 1401
2 2981 4181
4 2981 1610 1857 66
4 4221 1835 4442 2147
3 1277 1296 1626
5 431 4757 2235 2746 1642
2 4732 936
5 3865 4281 4296 4589 4120
6 2866 1039 347 2817 4636 3689
3 3865 4505 1446
4 413 4306 4443 701
1 2136
1 743
5 4843 3906 751 4180 4530
2 3145 2550
1 1950
4 63 3260 2453 4815
6 421 3839 4898 3828 1941 3103
2 885 1029
1 1916
4 3865 3350 572 2231
1 386
3 2029 4054 110
3 82 1308 2882
2 3414 1871
5 4171 3744 3874 3939 4817
5 55 3869 3101 4243 398
1 2422
4 1128 1362 2951 3241
4 4621 3896 4336 1402
3 678 1901 3227
4 1925 301 1235 2354
7 4381 379 448 2132 4921 4400 3219
1 2346
5 2414 2967 359 2962 2646
8 4880 139 132 2250 1013 2824 1967 974
3 3932 1034 1973
2 3154 1864
8 1003 2694 1531 3971 1706 1540 4598 3908
5 1208 1283 222 895 2290
4 3312 1816 452 3416
4 4489 2912 4136 1160
2 2581 1704
3 4395 2584 955
3 3032 4009 3838
1 1469
4 3786 2174 1574 2804
1 46
3 648 3272 1895
6 3360 4998 1787 4992 2022 1505
2 330 1418
5 544 4836 3127 1621 3072
2 2100 2840
1 641
6 1003 1153 845 2326 4663 2262
4 1035 2523 1827 4585
7 4661 2070 2479 4032 434 2834 1617
3 3687 594 612
2 4895 2500
3 1802 3010 2984
3 788 4001 3992
1 2
2 1613 2297
1 3447
6 4102 3819 1600 325 1285 273
4 4641 683 1539 731
4 2846 583 336 3411
4 4457 3708 4639 4212
1 4157
8 3974 4581 2126 2848 4231 3483 4624 4249
3 25 2913 343
4 3455 4972 2714 1870
4 2141 2870 3789 3043
4 3586 2142 1085 2407
4 4055 3100 1720 184
2 1911 2564
4 571 512 793 3609
2 3462 3046
2 25 1067
4 1836 2190 491 3386
1 2301
2 4568 859
6 187 3056 3946 172 2456 4664
4 3146 3358 2230 3167
4 4486 4753 4116 707
1 2519
3 2908 4266 1814
5 4016 1968 4591 1462 1350
3 3936 4057 1878
2 1553 1579
4 3333 1319 2369 2053
5 3042 1738 3375 2051 4558
5 3660 1574 108 3785 1886
2 1814 291
5 2571 3739 4837 2278 1928
2 1640 2403
2 3733 198
2 785 4435
3 409 309 1205
7 1961 3489 1439 2004 4356 270 117
1 4222
5 99 4590 1267 620 4971
5 1551 1674 1490 1085 3957
1 4133
3 2313 3360 665
4 2421 4673 4786 4197
3 1024 4811 1044
5 3725 4187 2735 2201 2853
1 4964
5 4934 3455 3418 2471 1610
5 4285 2478 3928 2493 3713
3 3949 2996 4586
5 2695 2979 702 1083 3804
5 1623 2470 1347 2716 1728
6 2414 3237 4181 2628 1074 731
4 1203 3994 2102 1333
1 2985
6 2223 4067 4140 23 2517 4074
3 3957 1723 2606
1 4295
4 3435 1322 4841 2690
4 1454 2145 2063 689
3 4822 3476 418
4 1973 98 1576 2560
2 1987 3585
3 2069 4610 4123
4 766 3920 1910 3262
6 1197 3761 2453 2503 2056 2125
2 1042 1470
3 4168 4191 4912
1 4653
3 334 4664 4286
3 3987 784 511
3 270 3766 3169
3 2786 55 3548
4 805 4912 934 1339
3 339 3314 365
