100 8
0 1 0 1 1 1 0 1 1 0 0 1 1 0 0 0 0 0 1 0 1 0 0 1 1 1 0 0 0 1 1 1 0 0 0 0 0 0 1 0 1 1 0 0 0 0 0 0 0 0 1 0 0 0 0 0 1 1 0 1 1 0 0 0 0 1 0 1 1 0 0 1 0 0 0 1 1 0 1 0 1 0 0 1 0 1 0 0 0 0 0 0 1 1 0 1 1 1 0 1
0 0 0 0 0 1 0 0 0 0 0 1 1 0 0 0 0 0 1 0 1 0 0 1 1 0 0 0 1 0 0 0 0 0 0 0 0 0 1 0 0 0 0 0 0 0 0 0 0 0 1 0 0 0 0 0 0 1 0 1 1 0 0 0 0 1 0 0 1 0 0 0 0 0 0 1 1 0 1 0 1 0 0 0 0 1 0 0 0 0 0 0 1 0 0 1 1 0 0 1
1 1 0 1 1 1 1 1 1 0 0 1 1 1 1 1 1 1 1 0 1 0 1 1 1 1 1 0 0 1 1 1 1 1 0 1 1 0 1 0 1 1 1 1 1 1 1 0 0 0 1 0 0 0 0 1 1 1 0 1 1 1 0 1 1 1 1 1 1 0 1 1 0 0 1 1 1 1 1 1 1 1 0 1 0 1 1 0 1 1 0 1 1 1 1 1 1 1 1 1
0 1 0 0 1 1 0 1 1 0 0 1 1 0 0 0 0 0 1 0 1 0 0 1 1 0 0 0 0 0 1 0 0 0 0 0 0 0 1 0 0 0 0 0 0 0 0 0 0 0 1 0 0 0 0 0 0 1 0 1 1 0 0 0 0 1 0 1 1 0 0 1 0 0 0 1 1 0 1 0 1 0 0 0 0 1 0 0 0 0 0 0 1 1 0 1 1 0 0 1
0 1 0 0 0 1 0 1 1 0 0 1 1 0 0 0 0 0 1 0 1 0 0 1 1 0 0 0 0 0 0 0 0 0 0 0 0 0 1 0 0 0 0 0 0 0 0 0 0 0 1 0 0 0 0 0 0 1 0 1 1 0 0 0 0 1 0 1 1 0 0 1 0 0 0 1 1 0 1 0 1 0 0 0 0 1 0 0 0 0 0 0 1 0 0 1 1 0 0 1
0 0 0 0 0 0 0 0 0 0 0 1 1 0 0 0 0 0 1 0 0 0 0 1 1 0 0 0 0 0 0 0 0 0 0 0 0 0 1 0 0 0 0 0 0 0 0 0 0 0 0 0 0 0 0 0 0 1 0 1 1 0 0 0 0 1 0 0 1 0 0 1 0 0 0 1 0 0 1 0 1 0 0 0 0 0 0 0 0 0 0 0 1 0 0 1 1 0 0 1
1 1 0 1 1 1 0 1 1 0 0 1 1 0 1 0 1 1 1 0 1 0 0 1 1 1 1 0 0 1 1 1 1 0 0 1 1 0 1 0 1 1 1 0 0 1 0 0 0 0 1 0 0 0 0 0 1 1 0 1 1 1 0 1 0 1 1 1 1 0 0 1 0 0 0 1 1 1 1 1 1 0 0 1 0 1 0 0 0 1 0 0 1 1 1 1 1 1 1 1
0 1 0 0 0 1 0 0 1 0 0 1 1 0 0 0 0 0 1 0 1 0 0 1 1 0 0 0 0 0 0 0 0 0 0 0 0 0 1 0 0 0 0 0 0 0 0 0 0 0 1 0 0 0 0 0 0 1 0 1 1 0 0 0 0 1 0 1 1 0 0 1 0 0 0 1 1 0 1 0 1 0 0 0 0 1 0 0 0 0 0 0 1 0 0 1 1 0 0 1
0 1 0 0 0 1 0 0 0 0 0 1 1 0 0 0 0 0 1 0 1 0 0 1 1 0 0 0 0 0 0 0 0 0 0 0 0 0 1 0 0 0 0 0 0 0 0 0 0 0 1 0 0 0 0 0 0 1 0 1 1 0 0 0 0 1 0 1 1 0 0 1 0 0 0 1 1 0 1 0 1 0 0 0 0 1 0 0 0 0 0 0 1 0 0 1 1 0 0 1
1 1 1 1 1 1 1 1 1 0 1 1 1 1 1 1 1 1 1 0 1 1 1 1 1 1 1 0 0 1 1 1 1 1 0 1 1 0 1 1 1 1 1 1 1 1 1 0 1 0 1 0 0 0 0 1 1 1 0 1 1 1 1 1 1 1 1 1 1 0 1 1 0 1 1 1 1 1 1 1 1 1 0 1 1 1 1 0 1 1 0 1 1 1 1 1 1 1 1 1
1 1 1 1 1 1 1 1 1 0 0 1 1 1 1 1 1 1 1 0 1 1 1 1 1 1 1 0 0 1 1 1 1 1 0 1 1 0 1 1 1 1 1 1 1 1 1 0 1 0 1 0 0 0 0 1 1 1 0 1 1 1 0 1 1 1 1 1 1 0 1 1 0 1 1 1 1 1 1 1 1 1 0 1 1 1 1 0 1 1 0 1 1 1 1 1 1 1 1 1
0 0 0 0 0 0 0 0 0 0 0 0 1 0 0 0 0 0 1 0 0 0 0 1 1 0 0 0 0 0 0 0 0 0 0 0 0 0 1 0 0 0 0 0 0 0 0 0 0 0 0 0 0 0 0 0 0 1 0 1 1 0 0 0 0 1 0 0 0 0 0 0 0 0 0 1 0 0 1 0 1 0 0 0 0 0 0 0 0 0 0 0 1 0 0 1 1 0 0 1
0 0 0 0 0 0 0 0 0 0 0 0 0 0 0 0 0 0 0 0 0 0 0 1 1 0 0 0 0 0 0 0 0 0 0 0 0 0 0 0 0 0 0 0 0 0 0 0 0 0 0 0 0 0 0 0 0 1 0 1 1 0 0 0 0 1 0 0 0 0 0 1 0 0 0 1 0 0 1 0 1 0 0 0 0 0 0 0 0 0 0 0 1 0 0 1 0 0 0 1
1 1 0 1 1 1 1 1 1 0 0 1 1 0 1 0 1 1 1 0 1 0 0 1 1 1 1 0 0 1 1 1 1 0 0 1 1 0 1 0 1 1 1 1 1 1 0 0 0 0 1 0 0 0 0 1 1 1 0 1 1 1 0 1 1 1 1 1 1 0 1 1 0 0 1 1 1 1 1 1 1 0 0 1 0 1 0 0 1 1 0 0 1 1 1 1 1 1 1 1
1 1 0 1 1 1 0 1 1 0 0 1 1 0 0 0 1 1 1 0 1 0 0 1 1 1 1 0 0 1 1 1 0 0 0 1 0 0 1 0 1 1 1 0 0 1 0 0 0 0 1 0 0 0 0 0 1 1 0 1 1 0 0 1 0 1 1 1 1 0 0 1 0 0 0 1 1 1 1 1 1 0 0 1 0 1 0 0 0 1 0 0 1 1 0 1 1 1 0 1
1 1 0 1 1 1 1 1 1 0 0 1 1 1 1 0 1 1 1 0 1 0 0 1 1 1 1 0 0 1 1 1 1 1 0 1 1 0 1 0 1 1 1 1 1 1 0 0 0 0 1 0 0 0 0 1 1 1 0 1 1 1 0 1 1 1 1 1 1 0 1 1 0 0 1 1 1 1 1 1 1 1 0 1 0 1 0 0 1 1 0 0 1 1 1 1 1 1 1 1
1 1 0 1 1 1 0 1 1 0 0 1 1 0 0 0 0 1 1 0 1 0 0 1 1 1 0 0 1 1 1 1 0 0 0 1 0 0 1 0 1 1 1 0 0 1 0 0 0 0 1 0 0 0 0 0 1 1 0 1 1 0 0 1 0 1 1 1 1 0 0 0 0 0 0 1 1 1 1 0 1 0 1 1 0 1 0 0 0 1 0 0 1 1 0 1 1 1 0 1
1 1 0 1 1 1 0 1 1 0 0 1 1 0 0 0 0 0 1 0 1 0 0 1 1 1 0 0 0 1 1 1 0 0 0 0 0 0 1 0 1 1 1 0 0 0 0 0 0 0 1 0 0 0 0 0 1 1 0 1 1 0 0 1 0 1 1 1 1 0 0 1 0 0 0 1 1 0 1 0 1 0 0 1 0 1 0 0 0 1 0 0 1 1 0 1 1 1 0 1
0 0 0 0 0 0 0 0 0 0 0 0 1 0 0 0 0 0 0 0 0 0 0 1 1 0 0 0 0 0 0 0 0 0 0 0 0 0 1 0 0 0 0 0 0 0 0 0 0 0 0 0 0 0 0 0 0 1 0 1 1 0 0 0 0 1 0 0 0 0 0 1 0 0 0 1 0 0 1 0 1 0 0 0 0 0 0 0 0 0 0 0 1 0 0 1 1 0 0 1
1 1 1 1 1 1 1 1 1 1 1 1 1 1 1 1 1 1 1 0 1 1 1 1 1 1 1 0 0 1 1 1 1 1 0 1 1 0 1 1 1 1 1 1 1 1 1 0 1 0 1 0 0 0 0 1 1 1 0 1 1 1 1 1 1 1 1 1 1 0 1 1 0 1 1 1 1 1 1 1 1 1 0 1 1 1 1 0 1 1 0 1 1 1 1 1 1 1 1 1
0 0 0 0 0 1 0 0 0 0 0 1 1 0 0 0 0 0 1 0 0 0 0 1 1 0 0 0 0 0 0 0 0 0 0 0 0 0 1 0 0 0 0 0 0 0 0 0 0 0 1 0 0 0 0 0 0 1 0 1 1 0 0 0 0 1 0 0 1 0 0 1 0 0 0 1 1 0 1 0 1 0 0 0 0 1 0 0 0 0 0 0 1 0 0 1 1 0 0 1
1 1 1 1 1 1 1 1 1 0 0 1 1 1 1 1 1 1 1 0 1 0 1 1 1 1 1 0 0 1 1 1 1 1 0 1 1 0 1 1 1 1 1 1 1 1 1 0 1 0 1 0 0 0 0 1 1 1 0 1 1 1 0 1 1 1 1 1 1 0 1 1 0 0 1 1 1 1 1 1 1 1 0 1 1 1 1 0 1 1 0 1 1 1 1 1 1 1 1 1
1 1 0 1 1 1 1 1 1 0 0 1 1 1 1 1 1 1 1 0 1 0 0 1 1 1 1 0 0 1 1 1 1 1 0 1 1 0 1 0 1 1 1 1 1 1 0 0 0 0 1 0 0 0 0 1 1 1 0 1 1 1 0 1 1 1 1 1 1 0 1 1 0 0 1 1 1 1 1 1 1 1 0 1 0 1 1 0 1 1 0 0 1 1 1 1 1 1 1 1
0 0 0 0 0 0 0 0 0 0 0 0 0 0 0 0 0 0 0 0 0 0 0 0 1 0 0 0 0 0 0 0 0 0 0 0 0 0 0 0 0 0 0 0 0 0 0 0 0 0 0 0 0 0 0 0 0 1 0 1 0 0 0 0 0 1 0 0 0 0 0 1 0 0 0 1 0 0 0 0 0 0 0 0 0 0 0 0 0 0 0 0 0 0 0 0 0 0 0 1
0 0 0 0 0 0 0 0 0 0 0 0 0 0 0 0 0 0 0 0 0 0 0 0 0 0 0 0 0 0 0 0 0 0 0 0 0 0 0 0 0 0 0 0 0 0 0 0 0 0 0 0 0 0 0 0 0 1 0 1 0 0 0 0 0 1 0 0 0 0 0 0 0 0 0 1 0 0 0 0 0 0 0 0 0 0 0 0 0 0 0 0 0 0 0 0 0 0 0 1
0 1 0 1 1 1 0 1 1 0 0 1 1 0 0 0 0 0 1 0 1 0 0 1 1 0 0 0 0 0 1 0 0 0 0 0 0 0 1 0 0 1 0 0 0 0 0 0 0 0 1 0 0 0 0 0 1 1 0 1 1 0 0 0 0 1 0 1 1 0 0 1 0 0 0 1 1 0 1 0 1 0 0 0 0 1 0 0 0 0 0 0 1 1 0 1 1 1 0 1
1 1 0 1 1 1 0 1 1 0 0 1 1 0 0 0 1 1 1 0 1 0 0 1 1 1 0 0 0 1 1 1 0 0 0 0 0 0 1 0 1 1 1 0 0 1 0 0 0 0 1 0 0 0 0 0 1 1 0 1 1 0 0 1 0 1 1 1 1 0 0 1 0 0 0 1 1 0 1 0 1 0 0 1 0 1 0 0 1 1 0 1 1 1 0 1 1 1 0 1
1 1 1 1 1 1 1 1 1 1 1 1 1 1 1 1 1 1 1 1 1 1 1 1 1 1 1 0 1 1 1 1 1 1 1 1 1 0 1 1 1 1 1 1 1 1 1 0 1 0 1 0 0 0 0 1 1 1 0 1 1 1 1 1 1 1 1 1 1 0 1 1 0 1 1 1 1 1 1 1 1 1 0 1 1 1 1 0 1 1 0 1 1 1 1 1 1 1 1 1
1 0 1 1 1 1 1 1 1 1 1 1 1 1 1 1 0 1 1 1 1 1 1 1 1 1 1 0 0 1 1 1 1 1 1 1 1 0 1 1 1 1 1 1 1 0 1 0 1 0 1 0 0 0 0 1 1 1 0 1 1 1 1 1 1 1 1 1 1 0 1 1 0 1 1 1 1 1 1 1 1 1 0 1 1 1 1 0 0 1 0 0 1 1 1 1 1 1 1 1
0 1 0 1 1 1 0 1 1 0 0 1 1 0 0 0 0 0 1 0 1 0 0 1 1 1 0 0 0 0 1 0 0 0 0 0 0 0 1 0 0 1 0 0 0 0 0 0 0 0 1 0 0 0 0 0 1 1 0 1 1 0 0 0 0 1 0 1 1 0 0 1 0 0 0 1 1 0 1 0 1 0 0 0 0 1 0 0 0 0 0 0 1 1 0 1 1 1 0 1
0 1 0 0 1 1 0 1 1 0 0 1 1 0 0 0 0 0 1 0 1 0 0 1 1 0 0 0 0 0 0 0 0 0 0 0 0 0 1 0 0 0 0 0 0 0 0 0 0 0 1 0 0 0 0 0 0 1 0 1 1 0 0 0 0 1 0 1 1 0 0 1 0 0 0 1 1 0 1 0 1 0 0 0 0 1 0 0 0 0 0 0 1 1 0 1 1 0 0 1
0 1 0 1 1 1 0 1 1 0 0 1 1 0 0 0 0 0 1 0 1 0 0 1 1 1 0 0 0 1 1 0 0 0 0 0 0 0 1 0 1 1 0 0 0 0 0 0 0 0 1 0 0 0 0 0 1 1 0 1 1 0 0 0 0 1 0 1 1 0 0 1 0 0 0 1 1 0 1 0 1 0 0 1 0 1 0 0 0 0 0 0 1 1 0 1 1 1 0 1
1 1 0 1 1 1 0 1 1 0 0 1 1 0 1 0 1 1 1 0 1 0 0 1 1 1 1 0 0 1 1 1 0 0 0 1 0 0 1 0 1 1 1 0 0 1 0 0 0 0 1 0 0 0 0 0 1 1 0 1 1 0 0 1 0 1 1 1 1 0 0 1 0 0 0 1 1 1 1 1 1 0 0 1 0 1 0 0 0 1 0 0 1 1 0 1 1 1 0 1
1 1 0 1 1 1 1 1 1 0 0 1 1 1 1 0 1 1 1 0 1 0 0 1 1 1 1 0 0 1 1 1 1 0 0 1 1 0 1 0 1 1 1 1 1 1 0 0 0 0 1 0 0 0 0 1 1 1 0 1 1 1 0 1 1 1 1 1 1 0 1 1 0 0 1 1 1 1 1 1 1 0 0 1 0 1 0 0 1 1 0 0 1 1 1 1 1 1 1 1
1 1 1 1 1 1 1 1 1 1 1 1 1 1 1 1 1 1 1 1 1 1 1 1 1 1 1 0 0 1 1 1 1 1 0 1 1 0 1 1 1 1 1 1 1 1 1 0 1 0 1 0 0 0 0 1 1 1 0 1 1 1 1 1 1 1 1 1 1 0 1 1 0 1 1 1 1 1 1 1 1 1 0 1 1 1 1 0 1 1 0 1 1 1 1 1 1 1 1 1
1 1 0 1 1 1 0 1 1 0 0 1 1 0 0 0 0 1 1 0 1 0 0 1 1 1 1 0 0 1 1 1 0 0 0 0 0 0 1 0 1 1 1 0 0 0 0 0 0 0 1 0 0 0 0 0 1 1 0 1 1 0 0 1 0 1 1 1 1 0 0 1 0 0 0 1 1 0 1 0 1 0 0 1 0 1 0 0 0 1 0 0 1 1 0 1 1 1 0 1
1 1 0 1 1 1 0 1 1 0 0 1 1 0 1 0 1 1 1 0 1 0 0 1 1 1 1 0 0 1 1 1 1 0 0 1 0 0 1 0 1 1 1 0 0 1 0 0 0 0 1 0 0 0 0 0 1 1 0 1 1 1 0 1 0 1 1 1 1 0 0 1 0 0 0 1 1 1 1 1 1 0 0 1 0 1 0 0 0 1 0 0 1 1 1 1 1 1 1 1
1 1 1 1 1 1 1 1 1 1 1 1 1 1 1 1 1 1 1 1 1 1 1 1 1 1 1 1 1 1 1 1 1 1 1 1 1 0 1 1 1 1 1 1 1 1 1 0 1 0 1 0 1 0 0 1 1 1 0 1 1 1 1 1 1 1 1 1 1 0 1 1 0 1 1 1 1 1 1 1 1 1 0 1 1 1 1 0 1 1 0 1 1 1 1 1 1 1 1 1
0 0 0 0 0 0 0 0 0 0 0 0 1 0 0 0 0 0 0 0 0 0 0 1 1 0 0 0 0 0 0 0 0 0 0 0 0 0 0 0 0 0 0 0 0 0 0 0 0 0 0 0 0 0 0 0 0 1 0 1 1 0 0 0 0 1 0 0 0 0 0 1 0 0 0 1 0 0 1 0 1 0 0 0 0 0 0 0 0 0 0 0 1 0 0 1 1 0 0 1
1 1 1 1 1 1 1 1 1 0 0 1 1 1 1 1 1 1 1 0 1 0 1 1 1 1 1 0 0 1 1 1 1 1 0 1 1 0 1 0 1 1 1 1 1 1 1 0 1 0 1 0 0 0 0 1 1 1 0 1 1 1 0 1 1 1 1 1 1 0 1 1 0 0 1 1 1 1 1 1 1 1 0 1 1 1 1 0 1 1 0 1 1 1 1 1 1 1 1 1
0 1 0 1 1 1 0 1 1 0 0 1 1 0 0 0 0 0 1 0 1 0 0 1 1 1 0 0 0 1 1 0 0 0 0 0 0 0 1 0 0 1 0 0 0 0 0 0 0 0 1 0 0 0 0 0 1 1 0 1 1 0 0 0 0 1 0 1 1 0 0 1 0 0 0 1 1 0 1 0 1 0 0 0 0 1 0 0 0 0 0 0 1 1 0 1 1 1 0 1
0 1 0 1 1 1 0 1 1 0 0 1 1 0 0 0 0 0 1 0 1 0 0 1 1 0 0 0 0 0 1 0 0 0 0 0 0 0 1 0 0 0 0 0 0 0 0 0 0 0 1 0 0 0 0 0 0 1 0 1 1 0 0 0 0 1 0 1 1 0 0 1 0 0 0 1 1 0 1 0 1 0 0 0 0 1 0 0 0 0 0 0 1 1 0 1 1 1 0 1
1 1 0 1 1 1 0 1 1 0 0 1 1 0 0 0 0 0 1 0 1 0 0 1 1 1 0 0 0 1 1 1 0 0 0 0 0 0 1 0 1 1 0 0 0 0 0 0 0 0 1 0 0 0 0 0 1 1 0 1 1 0 0 0 0 1 0 1 1 0 0 1 0 0 0 1 1 0 1 0 1 0 0 1 0 1 0 0 0 0 0 0 1 1 0 1 1 1 0 1
1 1 0 1 1 1 1 1 1 0 0 1 1 0 1 0 1 1 1 0 1 0 0 1 1 1 1 0 0 1 1 1 1 0 0 1 1 0 1 0 1 1 1 0 0 1 0 0 0 0 1 0 0 0 0 1 1 1 0 1 1 1 0 1 1 1 1 1 1 0 1 1 0 0 0 1 1 1 1 1 1 0 0 1 0 1 0 0 1 1 0 0 1 1 1 1 1 1 1 1
1 1 0 1 1 1 1 1 1 0 0 1 1 0 1 0 1 1 1 0 1 0 0 1 1 1 1 0 0 1 1 1 1 0 0 1 1 0 1 0 1 1 1 1 0 1 0 0 0 0 1 0 0 0 0 1 1 1 0 1 1 1 0 1 1 1 1 1 1 0 1 1 0 0 0 1 1 1 1 1 1 0 0 1 0 1 0 0 1 1 0 0 1 1 1 1 1 1 1 1
1 1 0 1 1 1 0 1 1 0 0 1 1 0 0 0 0 1 1 0 1 0 0 1 1 1 0 0 1 1 1 1 0 0 0 1 0 0 1 0 1 1 1 0 0 0 0 0 0 0 1 1 0 0 0 0 1 1 0 1 1 0 0 1 0 1 1 1 1 0 0 0 0 0 0 1 1 1 1 0 1 0 0 1 0 1 0 0 0 1 0 0 1 1 0 1 1 1 0 1
1 1 0 1 1 1 1 1 1 0 0 1 1 1 1 1 1 1 1 0 1 0 1 1 1 1 1 0 0 1 1 1 1 1 0 1 1 0 1 0 1 1 1 1 1 1 0 0 0 0 1 0 0 0 0 1 1 1 0 1 1 1 0 1 1 1 1 1 1 0 1 1 0 0 1 1 1 1 1 1 1 1 0 1 0 1 1 0 1 1 0 1 1 1 1 1 1 1 1 1
1 1 1 1 1 1 1 1 1 1 1 1 1 1 1 1 1 1 1 1 1 1 1 1 1 1 1 1 1 1 1 1 1 1 1 1 1 1 1 1 1 1 1 1 1 1 1 0 1 1 1 0 1 1 0 1 1 1 0 1 1 1 1 1 1 1 1 1 1 1 1 1 0 1 1 1 1 1 1 1 1 1 0 1 1 1 1 1 1 1 1 1 1 1 1 1 1 1 1 1
1 1 1 1 1 1 1 1 1 0 0 1 1 1 1 1 1 1 1 0 1 0 1 1 1 1 1 0 0 1 1 1 1 1 0 1 1 0 1 0 1 1 1 1 1 1 1 0 0 0 1 0 0 0 0 1 1 1 0 1 1 1 0 1 1 1 1 1 1 0 1 1 0 0 1 1 1 1 1 1 1 1 0 1 1 1 1 0 1 1 0 1 1 1 1 1 1 1 1 1
1 1 1 1 1 1 1 1 1 1 1 1 1 1 1 1 1 1 1 1 1 1 1 1 1 1 1 1 1 1 1 1 1 1 1 1 1 1 1 1 1 1 1 1 1 1 1 0 1 0 1 0 1 1 0 1 1 1 0 1 1 1 1 1 1 1 1 1 1 1 1 1 0 1 1 1 1 1 1 1 1 1 0 1 1 1 1 1 1 1 1 1 1 1 1 1 1 1 1 1
0 0 0 0 0 1 0 0 0 0 0 1 1 0 0 0 0 0 1 0 0 0 0 1 1 0 0 0 0 0 0 0 0 0 0 0 0 0 1 0 0 0 0 0 0 0 0 0 0 0 0 0 0 0 0 0 0 1 0 1 1 0 0 0 0 1 0 0 1 0 0 1 0 0 0 1 1 0 1 0 1 0 0 0 0 0 0 0 0 0 0 0 1 0 0 1 1 0 0 1
1 1 1 1 1 1 1 1 1 1 1 1 1 1 1 1 1 1 1 1 1 1 1 1 1 1 1 1 1 1 1 1 1 1 1 1 1 1 1 1 1 1 1 1 1 0 1 1 1 1 1 0 1 1 1 1 1 1 1 1 1 1 1 1 1 1 1 1 1 1 1 1 0 1 1 1 1 1 1 1 1 1 1 1 1 1 1 1 1 1 1 1 1 1 1 1 1 1 1 1
1 1 1 1 1 1 1 1 1 1 1 1 1 1 1 1 1 1 1 1 1 1 1 1 1 1 1 1 1 1 1 1 1 1 1 1 1 0 1 1 1 1 1 1 1 1 1 0 1 0 1 0 0 0 0 1 1 1 0 1 1 1 1 1 1 1 1 1 1 0 1 1 0 1 1 1 1 1 1 1 1 1 0 1 1 1 1 0 1 1 0 1 1 1 1 1 1 1 1 1
1 1 1 1 1 1 1 1 1 1 1 1 1 1 1 1 1 1 1 1 1 1 1 1 1 1 1 1 1 1 1 1 1 1 1 1 1 1 1 1 1 1 1 1 1 1 1 0 1 0 1 0 1 0 0 1 1 1 0 1 1 1 1 1 1 1 1 1 1 0 1 1 0 1 1 1 1 1 1 1 1 1 0 1 1 1 1 0 1 1 1 1 1 1 1 1 1 1 1 1
1 1 1 1 1 1 1 1 1 1 1 1 1 1 1 1 1 1 1 1 1 1 1 1 1 1 1 1 1 1 1 1 1 1 1 1 1 1 1 1 1 1 1 1 1 1 1 1 1 1 1 0 1 1 0 1 1 1 0 1 1 1 1 1 1 1 1 1 1 1 1 1 0 1 1 1 1 1 1 1 1 1 0 1 1 1 1 1 1 1 1 1 1 1 1 1 1 1 1 1
1 1 0 1 1 1 1 1 1 0 0 1 1 0 1 0 1 1 1 0 1 0 0 1 1 1 1 0 0 1 1 1 1 0 0 1 1 0 1 0 1 1 1 0 0 1 0 0 0 0 1 0 0 0 0 0 1 1 0 1 1 1 0 1 1 1 1 1 1 0 0 1 0 0 0 1 1 1 1 1 1 0 0 1 0 1 0 0 0 1 0 0 1 1 1 1 1 1 1 1
0 1 0 1 1 1 0 1 1 0 0 1 1 0 0 0 0 0 1 0 1 0 0 1 1 0 0 0 0 0 1 0 0 0 0 0 0 0 1 0 0 1 0 0 0 0 0 0 0 0 1 0 0 0 0 0 0 1 0 1 1 0 0 0 0 1 0 1 1 0 0 1 0 0 0 1 1 0 1 0 1 0 0 0 0 1 0 0 0 0 0 0 1 1 0 1 1 1 0 1
0 0 0 0 0 0 0 0 0 0 0 0 0 0 0 0 0 0 0 0 0 0 0 0 0 0 0 0 0 0 0 0 0 0 0 0 0 0 0 0 0 0 0 0 0 0 0 0 0 0 0 0 0 0 0 0 0 0 0 0 0 0 0 0 0 0 0 0 0 0 0 0 0 0 0 0 0 0 0 0 0 0 0 0 0 0 0 0 0 0 0 0 0 0 0 0 0 0 0 0
1 1 1 1 1 1 1 1 1 1 1 1 1 1 1 1 1 1 1 1 1 1 1 1 1 1 1 1 1 1 1 1 1 1 1 1 1 1 1 1 1 1 1 1 1 1 1 1 1 1 1 0 1 1 1 1 1 1 0 1 1 1 1 1 1 1 1 1 1 1 1 1 0 1 1 1 1 1 1 1 1 1 0 1 1 1 1 1 1 1 1 1 1 1 1 1 1 1 1 1
0 0 0 0 0 0 0 0 0 0 0 0 0 0 0 0 0 0 0 0 0 0 0 0 0 0 0 0 0 0 0 0 0 0 0 0 0 0 0 0 0 0 0 0 0 0 0 0 0 0 0 0 0 0 0 0 0 1 0 0 0 0 0 0 0 0 0 0 0 0 0 1 0 0 0 0 0 0 0 0 0 0 0 0 0 0 0 0 0 0 0 0 0 0 0 0 0 0 0 0
0 0 0 0 0 0 0 0 0 0 0 0 0 0 0 0 0 0 0 0 0 0 0 1 1 0 0 0 0 0 0 0 0 0 0 0 0 0 0 0 0 0 0 0 0 0 0 0 0 0 0 0 0 0 0 0 0 1 0 1 0 0 0 0 0 1 0 0 0 0 0 1 0 0 0 1 0 0 0 0 0 0 0 0 0 0 0 0 0 0 0 0 0 0 0 1 0 0 0 1
1 1 0 1 1 1 0 1 1 0 0 1 1 0 1 0 1 1 1 0 1 0 0 1 1 1 1 0 0 1 1 1 1 0 0 1 0 0 1 0 1 1 1 0 0 1 0 0 0 0 1 0 0 0 0 0 1 1 0 1 1 0 0 1 0 1 1 1 1 0 0 1 0 0 0 1 1 1 1 1 1 0 0 1 0 1 0 0 0 1 0 0 1 1 0 1 1 1 0 1
1 1 1 1 1 1 1 1 1 0 1 1 1 1 1 1 1 1 1 0 1 1 1 1 1 1 1 0 0 1 1 1 1 1 0 1 1 0 1 1 1 1 1 1 1 1 1 0 1 0 1 0 0 0 0 1 1 1 0 1 1 1 0 1 1 1 1 1 1 0 1 1 0 1 1 1 1 1 1 1 1 1 0 1 1 1 1 0 1 1 0 1 1 1 1 1 1 1 1 1
1 1 0 1 1 1 0 1 1 0 0 1 1 0 0 0 0 0 1 0 1 0 0 1 1 1 0 0 0 1 1 1 0 0 0 0 0 0 1 0 1 1 1 0 0 0 0 0 0 0 1 0 0 0 0 0 1 1 0 1 1 0 0 0 0 1 0 1 1 0 0 1 0 0 0 1 1 0 1 0 1 0 0 1 0 1 0 0 0 1 0 0 1 1 0 1 1 1 0 1
1 1 0 1 1 1 1 1 1 0 0 1 1 0 1 0 1 1 1 0 1 0 0 1 1 1 1 0 0 1 1 1 1 0 0 1 1 0 1 0 1 1 1 0 0 1 0 0 0 0 1 0 0 0 0 0 1 1 0 1 1 1 0 1 0 1 1 1 1 0 0 1 0 0 0 1 1 1 1 1 1 0 0 1 0 1 0 0 0 1 0 0 1 1 1 1 1 1 1 1
0 0 0 0 0 0 0 0 0 0 0 0 0 0 0 0 0 0 0 0 0 0 0 0 0 0 0 0 0 0 0 0 0 0 0 0 0 0 0 0 0 0 0 0 0 0 0 0 0 0 0 0 0 0 0 0 0 1 0 1 0 0 0 0 0 0 0 0 0 0 0 1 0 0 0 0 0 0 0 0 0 0 0 0 0 0 0 0 0 0 0 0 0 0 0 0 0 0 0 1
1 1 0 1 1 1 0 1 1 0 0 1 1 0 0 0 0 0 1 0 1 0 0 1 1 1 0 0 0 1 1 1 0 0 0 0 0 0 1 0 1 1 1 0 0 0 0 0 0 0 1 0 0 0 0 0 1 1 0 1 1 0 0 1 0 1 0 1 1 0 0 1 0 0 0 1 1 0 1 0 1 0 0 1 0 1 0 0 0 1 0 0 1 1 0 1 1 1 0 1
0 1 0 0 0 1 0 0 0 0 0 1 1 0 0 0 0 0 1 0 1 0 0 1 1 0 0 0 0 0 0 0 0 0 0 0 0 0 1 0 0 0 0 0 0 0 0 0 0 0 1 0 0 0 0 0 0 1 0 1 1 0 0 0 0 1 0 0 1 0 0 1 0 0 0 1 1 0 1 0 1 0 0 0 0 1 0 0 0 0 0 0 1 0 0 1 1 0 0 1
0 0 0 0 0 0 0 0 0 0 0 1 1 0 0 0 0 0 1 0 0 0 0 1 1 0 0 0 0 0 0 0 0 0 0 0 0 0 1 0 0 0 0 0 0 0 0 0 0 0 0 0 0 0 0 0 0 1 0 1 1 0 0 0 0 1 0 0 0 0 0 1 0 0 0 1 0 0 1 0 1 0 0 0 0 0 0 0 0 0 0 0 1 0 0 1 1 0 0 1
1 1 1 1 1 1 1 1 1 1 1 1 1 1 1 1 1 1 1 1 1 1 1 1 1 1 1 1 1 1 1 1 1 1 1 1 1 1 1 1 1 1 1 1 1 1 1 0 1 0 1 0 1 1 0 1 1 1 0 1 1 1 1 1 1 1 1 1 1 0 1 1 0 1 1 1 1 1 1 1 1 1 0 1 1 1 1 0 1 1 1 1 1 1 1 1 1 1 1 1
1 1 0 1 1 1 1 1 1 0 0 1 1 0 1 0 1 1 1 0 1 0 0 1 1 1 1 0 0 1 1 1 1 0 0 1 1 0 1 0 1 1 1 0 0 1 0 0 0 0 1 0 0 0 0 1 1 1 0 1 1 1 0 1 1 1 1 1 1 0 0 1 0 0 0 1 1 1 1 1 1 0 0 1 0 1 0 0 1 1 0 0 1 1 1 1 1 1 1 1
0 1 0 0 0 0 0 0 0 0 0 1 0 0 0 0 1 0 0 0 0 0 0 0 1 0 0 0 0 0 0 0 0 0 0 0 0 0 0 0 0 0 0 0 0 1 0 0 0 0 0 0 0 0 0 0 0 1 0 0 0 0 0 0 0 0 0 0 0 0 0 0 0 0 0 0 0 0 0 0 0 0 0 0 0 0 0 0 0 0 0 0 0 0 0 0 0 0 0 0
1 1 1 1 1 1 1 1 1 1 1 1 1 1 1 1 1 1 1 1 1 1 1 1 1 1 1 1 1 1 1 1 1 1 1 1 1 1 1 1 1 1 1 1 1 1 1 1 1 1 1 1 1 1 1 1 1 1 1 1 1 1 1 1 1 1 1 1 1 1 1 1 0 1 1 1 1 1 1 1 1 1 0 1 1 1 1 1 1 1 1 1 1 1 1 1 1 1 1 1
1 1 1 1 1 1 1 1 1 0 0 1 1 1 1 1 1 1 1 0 1 1 1 1 1 1 1 0 0 1 1 1 1 1 0 1 1 0 1 1 1 1 1 1 1 1 1 0 1 0 1 0 0 0 0 1 1 1 0 1 1 1 0 1 1 1 1 1 1 0 1 1 0 0 1 1 1 1 1 1 1 1 0 1 1 1 1 0 1 1 0 1 1 1 1 1 1 1 1 1
1 1 0 1 1 1 1 1 1 0 0 1 1 0 1 0 1 1 1 0 1 0 0 1 1 1 1 0 0 1 1 1 1 0 0 1 1 0 1 0 1 1 1 1 1 1 0 0 0 0 1 0 0 0 0 1 1 1 0 1 1 1 0 1 1 1 1 1 1 0 1 1 0 0 0 1 1 1 1 1 1 0 0 1 0 1 0 0 1 1 0 1 1 1 1 1 1 1 1 1
0 0 0 0 0 0 0 0 0 0 0 0 0 0 0 0 0 0 0 0 0 0 0 0 0 0 0 0 0 0 0 0 0 0 0 0 0 0 0 0 0 0 0 0 0 0 0 0 0 0 0 0 0 0 0 0 0 1 0 1 0 0 0 0 0 1 0 0 0 0 0 1 0 0 0 0 0 0 0 0 0 0 0 0 0 0 0 0 0 0 0 0 0 0 0 0 0 0 0 1
0 0 0 0 0 1 0 0 0 0 0 1 1 0 0 0 0 0 1 0 0 0 0 1 1 0 0 0 0 0 0 0 0 0 0 0 0 0 1 0 0 0 0 0 0 0 0 0 0 0 0 0 0 0 0 0 0 1 0 1 1 0 0 0 0 1 0 0 1 0 0 1 0 0 0 1 0 0 1 0 1 0 0 0 0 0 0 0 0 0 0 0 1 0 0 1 1 0 0 1
1 1 0 1 1 1 0 1 1 0 0 1 1 0 0 0 0 1 1 0 1 0 0 1 1 1 1 0 0 1 1 1 0 0 0 1 0 0 1 0 1 1 1 0 0 0 0 0 0 0 1 0 0 0 0 0 1 1 0 1 1 0 0 1 0 1 1 1 1 0 0 1 0 0 0 1 1 0 1 0 1 0 0 1 0 1 0 0 0 1 0 0 1 1 0 1 1 1 0 1
0 0 0 0 0 0 0 0 0 0 0 0 0 0 0 0 0 0 0 0 0 0 0 1 1 0 0 0 0 0 0 0 0 0 0 0 0 0 0 0 0 0 0 0 0 0 0 0 0 0 0 0 0 0 0 0 0 1 0 1 1 0 0 0 0 1 0 0 0 0 0 1 0 0 0 1 0 0 0 0 1 0 0 0 0 0 0 0 0 0 0 0 0 0 0 1 0 0 0 1
1 1 0 1 1 1 0 1 1 0 0 1 1 0 0 0 1 1 1 0 1 0 0 1 1 1 1 0 0 1 1 1 0 0 0 1 0 0 1 0 1 1 1 0 0 1 0 0 0 0 1 0 0 0 0 0 1 1 0 1 1 0 0 1 0 1 1 1 1 0 0 1 0 0 0 1 1 1 1 0 1 0 0 1 0 1 0 0 0 1 0 0 1 1 0 1 1 1 0 1
0 0 0 0 0 0 0 0 0 0 0 0 0 0 0 0 0 0 0 0 0 0 0 1 1 0 0 0 0 0 0 0 0 0 0 0 0 0 0 0 0 0 0 0 0 0 0 0 0 0 0 0 0 0 0 0 0 1 0 1 1 0 0 0 0 1 0 0 0 0 0 1 0 0 0 1 0 0 0 0 0 0 0 0 0 0 0 0 0 0 0 0 0 0 0 1 0 0 0 1
1 1 0 1 1 1 1 1 1 0 0 1 1 1 1 0 1 1 1 0 1 0 0 1 1 1 1 0 0 1 1 1 1 1 0 1 1 0 1 0 1 1 1 1 1 1 0 0 0 0 1 0 0 0 0 1 1 1 0 1 1 1 0 1 1 1 1 1 1 0 1 1 0 0 1 1 1 1 1 1 1 0 0 1 0 1 0 0 1 1 0 0 1 1 1 1 1 1 1 1
1 1 1 1 1 1 1 1 1 1 1 1 1 1 1 1 0 1 1 1 1 1 1 1 1 1 1 1 1 1 1 1 1 1 1 1 1 1 1 1 1 1 1 1 1 1 1 1 1 1 1 0 1 1 1 1 1 1 1 1 1 1 1 1 1 1 1 1 1 1 1 1 1 1 1 1 1 1 1 1 1 1 0 1 1 1 1 1 0 1 1 0 1 1 1 1 1 1 1 1
0 1 0 1 1 1 0 1 1 0 0 1 1 0 0 0 0 0 1 0 1 0 0 1 1 1 0 0 0 1 1 0 0 0 0 0 0 0 1 0 1 1 0 0 0 0 0 0 0 0 1 0 0 0 0 0 1 1 0 1 1 0 0 0 0 1 0 1 1 0 0 1 0 0 0 1 1 0 1 0 1 0 0 0 0 1 0 0 0 0 0 0 1 1 0 1 1 1 0 1
1 1 1 1 1 1 1 1 1 0 0 1 1 1 1 1 1 1 1 0 1 0 1 1 1 1 1 0 0 1 1 1 1 1 0 1 1 0 1 0 1 1 1 1 1 1 1 0 0 0 1 0 0 0 0 1 1 1 0 1 1 1 0 1 1 1 1 1 1 0 1 1 0 0 1 1 1 1 1 1 1 1 0 1 0 1 1 0 1 1 0 1 1 1 1 1 1 1 1 1
0 0 0 0 0 1 0 0 0 0 0 1 1 0 0 0 0 0 1 0 0 0 0 1 1 0 0 0 0 0 0 0 0 0 0 0 0 0 1 0 0 0 0 0 0 0 0 0 0 0 1 0 0 0 0 0 0 1 0 1 1 0 0 0 0 1 0 0 1 0 0 1 0 0 0 1 1 0 1 0 1 0 0 0 0 0 0 0 0 0 0 0 1 0 0 1 1 0 0 1
1 1 0 1 1 1 1 1 1 0 0 1 1 1 1 1 1 1 1 0 1 0 0 1 1 1 1 0 0 1 1 1 1 1 0 1 1 0 1 0 1 1 1 1 1 1 0 0 0 0 1 0 0 0 0 1 1 1 0 1 1 1 0 1 1 1 1 1 1 0 1 1 0 0 1 1 1 1 1 1 1 1 0 1 0 1 0 0 1 1 0 0 1 1 1 1 1 1 1 1
1 1 1 1 1 1 1 1 1 1 1 1 1 1 1 1 1 1 1 1 1 1 1 1 1 1 1 1 1 1 1 1 1 1 1 1 1 1 1 1 1 1 1 1 1 1 1 0 1 0 1 0 1 1 0 1 1 1 0 1 1 1 1 1 1 1 1 1 1 1 1 1 0 1 1 1 1 1 1 1 1 1 0 1 1 1 1 0 1 1 1 1 1 1 1 1 1 1 1 1
1 1 0 1 1 1 1 1 1 0 0 1 1 0 1 0 1 1 1 0 1 0 0 1 1 1 0 0 1 1 1 1 1 0 0 1 1 0 1 0 1 1 1 0 0 1 0 0 0 0 1 0 0 0 0 1 1 1 0 1 1 1 0 1 1 1 1 1 1 0 0 1 0 0 0 1 1 1 1 1 1 0 1 1 0 1 0 0 0 1 0 0 1 1 1 1 1 1 1 1
1 1 0 1 1 1 0 1 1 0 0 1 1 0 0 0 0 0 1 0 1 0 0 1 1 1 0 0 0 1 1 1 0 0 0 0 0 0 1 0 1 1 1 0 0 0 0 0 0 0 1 0 0 0 0 0 1 1 0 1 1 0 0 0 0 1 0 1 1 0 0 1 0 0 0 1 1 0 1 0 1 0 0 1 0 1 0 0 0 0 0 0 1 1 0 1 1 1 0 1
1 1 1 1 1 1 1 1 1 1 1 1 1 1 1 1 1 1 1 1 1 1 1 1 1 1 1 1 1 1 1 1 1 1 1 1 1 1 1 1 1 1 1 1 1 1 1 0 1 0 1 0 1 0 0 1 1 1 0 1 1 1 1 1 1 1 1 1 1 0 1 1 0 1 1 1 1 1 1 1 1 1 0 1 1 1 1 0 1 1 0 1 1 1 1 1 1 1 1 1
1 1 0 1 1 1 1 1 1 0 0 1 1 1 1 1 1 1 1 0 1 0 1 1 1 1 0 0 1 1 1 1 1 1 0 1 1 0 1 0 1 1 1 1 1 1 0 0 0 0 1 0 0 0 0 1 1 1 0 1 1 1 0 1 1 1 1 1 1 0 1 1 0 0 0 1 1 1 1 1 1 1 1 1 0 1 1 0 1 1 0 0 1 1 1 1 1 1 1 1
0 0 0 0 0 0 0 0 0 0 0 0 0 0 0 0 0 0 0 0 0 0 0 1 1 0 0 0 0 0 0 0 0 0 0 0 0 0 0 0 0 0 0 0 0 0 0 0 0 0 0 0 0 0 0 0 0 1 0 1 1 0 0 0 0 1 0 0 0 0 0 1 0 0 0 1 0 0 1 0 1 0 0 0 0 0 0 0 0 0 0 0 0 0 0 1 0 0 0 1
0 1 0 0 1 1 0 1 1 0 0 1 1 0 0 0 0 0 1 0 1 0 0 1 1 0 0 0 0 0 0 0 0 0 0 0 0 0 1 0 0 0 0 0 0 0 0 0 0 0 1 0 0 0 0 0 0 1 0 1 1 0 0 0 0 1 0 1 1 0 0 1 0 0 0 1 1 0 1 0 1 0 0 0 0 1 0 0 0 0 0 0 1 0 0 1 1 0 0 1
1 1 0 1 1 1 0 1 1 0 0 1 1 0 1 0 1 1 1 0 1 0 0 1 1 1 1 0 0 1 1 1 1 0 0 1 0 0 1 0 1 1 1 0 0 1 0 0 0 0 1 0 0 0 0 0 1 1 0 1 1 1 0 1 0 1 1 1 1 0 0 1 0 0 0 1 1 1 1 1 1 0 0 1 0 1 0 0 0 1 0 0 1 1 0 1 1 1 0 1
0 0 0 0 0 0 0 0 0 0 0 0 0 0 0 0 0 0 0 0 0 0 0 1 1 0 0 0 0 0 0 0 0 0 0 0 0 0 0 0 0 0 0 0 0 0 0 0 0 0 0 0 0 0 0 0 0 1 0 1 0 0 0 0 0 1 0 0 0 0 0 1 0 0 0 1 0 0 0 0 0 0 0 0 0 0 0 0 0 0 0 0 0 0 0 0 0 0 0 1
0 0 0 0 0 0 0 0 0 0 0 0 1 0 0 0 0 0 0 0 0 0 0 1 1 0 0 0 0 0 0 0 0 0 0 0 0 0 0 0 0 0 0 0 0 0 0 0 0 0 0 0 0 0 0 0 0 1 0 1 1 0 0 0 0 1 0 0 0 0 0 1 0 0 0 1 0 0 1 0 1 0 0 0 0 0 0 0 0 0 0 0 1 0 0 1 0 0 0 1
0 1 0 1 1 1 0 1 1 0 0 1 1 0 0 0 0 0 1 0 1 0 0 1 1 0 0 0 0 0 1 0 0 0 0 0 0 0 1 0 0 0 0 0 0 0 0 0 0 0 1 0 0 0 0 0 0 1 0 1 1 0 0 0 0 1 0 1 1 0 0 1 0 0 0 1 1 0 1 0 1 0 0 0 0 1 0 0 0 0 0 0 1 1 0 1 1 0 0 1
1 1 0 1 1 1 0 1 1 0 0 1 1 0 1 0 1 1 1 0 1 0 0 1 1 1 1 0 0 1 1 1 1 0 0 1 0 0 1 0 1 1 1 0 0 1 0 0 0 0 1 0 0 0 0 0 1 1 0 1 1 1 0 1 0 1 1 1 1 0 0 1 0 0 0 1 1 1 1 1 1 0 0 1 0 1 0 0 0 1 0 0 1 1 1 1 1 1 0 1
0 0 0 0 0 0 0 0 0 0 0 0 0 0 0 0 0 0 0 0 0 0 0 0 0 0 0 0 0 0 0 0 0 0 0 0 0 0 0 0 0 0 0 0 0 0 0 0 0 0 0 0 0 0 0 0 0 1 0 1 0 0 0 0 0 0 0 0 0 0 0 1 0 0 0 0 0 0 0 0 0 0 0 0 0 0 0 0 0 0 0 0 0 0 0 0 0 0 0 0
51 91 88 16 45 1 11 24
