100 8
0 1 1 1 1 0 1 1 1 1 1 1 1 1 1 1 1 1 1 0 0 0 1 1 0 1 0 1 1 1 1 0 1 1 1 1 0 1 1 1 1 1 1 1 1 1 1 1 1 1 1 1 1 1 1 1 1 1 1 0 1 1 1 1 1 1 0 1 1 0 0 1 1 1 1 0 1 1 0 1 1 1 1 1 1 1 0 1 1 0 1 1 1 1 1 1 1 1 1 1
0 0 0 1 0 0 0 0 0 1 0 0 0 0 0 0 1 0 1 0 0 0 0 1 0 0 0 1 1 1 0 0 0 1 0 0 0 1 0 0 0 0 0 0 0 0 0 0 0 0 0 0 0 0 0 1 0 0 0 0 0 0 0 0 0 0 0 0 1 0 0 0 0 0 0 0 0 1 0 0 0 0 1 1 0 1 0 1 0 0 0 0 0 0 0 1 1 1 1 0
0 1 0 1 1 0 1 1 1 1 1 1 1 0 0 1 1 1 1 0 0 0 1 1 0 1 0 1 1 1 1 0 1 1 1 1 0 1 1 1 1 1 1 1 1 1 1 1 1 1 1 1 1 1 1 1 1 1 1 0 1 1 1 1 1 1 0 0 1 0 0 1 1 1 1 0 1 1 0 1 1 1 1 1 1 1 0 1 1 0 1 1 1 1 1 1 1 1 1 1
0 0 0 0 0 0 0 0 0 1 0 0 0 0 0 0 1 0 1 0 0 0 0 1 0 0 0 1 1 1 0 0 0 1 0 0 0 1 0 0 0 0 0 0 0 0 0 0 0 0 0 0 0 0 0 0 0 0 0 0 0 0 0 0 0 0 0 0 1 0 0 0 0 0 0 0 0 0 0 0 0 0 1 1 0 1 0 1 0 0 0 0 0 0 0 1 0 1 1 0
0 1 0 1 0 0 1 1 1 1 1 1 1 0 0 1 1 1 1 0 0 0 1 1 0 1 0 1 1 1 1 0 1 1 1 1 0 1 1 1 1 1 1 1 1 1 1 1 1 1 1 1 1 1 1 1 1 1 1 0 1 1 1 1 1 1 0 0 1 0 0 1 1 1 1 0 1 1 0 1 1 1 1 1 1 1 0 1 1 0 1 1 1 1 1 1 1 1 1 1
1 1 1 1 1 0 1 1 1 1 1 1 1 1 1 1 1 1 1 1 1 1 1 1 0 1 1 1 1 1 1 0 1 1 1 1 0 1 1 1 1 1 1 1 1 1 1 1 1 1 1 1 1 1 1 1 1 1 1 1 1 1 1 1 1 1 1 1 1 0 1 1 1 1 1 0 1 1 1 1 1 1 1 1 1 1 1 1 1 1 1 1 1 1 1 1 1 1 1 1
0 1 0 1 0 0 0 1 1 1 1 1 1 0 0 1 1 1 1 0 0 0 1 1 0 1 0 1 1 1 1 0 1 1 1 1 0 1 1 1 1 1 1 1 1 1 1 1 1 1 1 1 1 1 1 1 0 1 0 0 1 1 1 1 1 1 0 0 1 0 0 1 1 1 1 0 1 1 0 1 1 1 1 1 1 1 0 1 1 0 1 1 1 1 1 1 1 1 1 1
0 1 0 1 0 0 0 0 0 1 1 0 0 0 0 0 1 1 1 0 0 0 0 1 0 0 0 1 1 1 0 0 1 1 0 1 0 1 0 0 1 1 0 0 0 1 1 0 0 0 0 0 0 0 1 1 0 1 0 0 0 0 1 0 0 0 0 0 1 0 0 0 1 0 0 0 0 1 0 0 0 1 1 1 0 1 0 1 0 0 0 1 0 1 0 1 1 1 1 1
0 1 0 1 0 0 0 1 0 1 1 0 0 0 0 0 1 1 1 0 0 0 1 1 0 0 0 1 1 1 0 0 1 1 0 1 0 1 1 1 1 1 0 0 1 1 1 1 0 0 0 1 1 0 1 1 0 1 0 0 0 0 1 1 0 0 0 0 1 0 0 0 1 0 0 0 0 1 0 1 1 1 1 1 0 1 0 1 0 0 1 1 0 1 0 1 1 1 1 1
0 0 0 0 0 0 0 0 0 0 0 0 0 0 0 0 1 0 1 0 0 0 0 1 0 0 0 0 1 1 0 0 0 1 0 0 0 1 0 0 0 0 0 0 0 0 0 0 0 0 0 0 0 0 0 0 0 0 0 0 0 0 0 0 0 0 0 0 0 0 0 0 0 0 0 0 0 0 0 0 0 0 1 1 0 1 0 1 0 0 0 0 0 0 0 1 0 1 0 0
0 1 0 1 0 0 0 0 0 1 0 0 0 0 0 0 1 0 1 0 0 0 0 1 0 0 0 1 1 1 0 0 0 1 0 1 0 1 0 0 0 0 0 0 0 0 0 0 0 0 0 0 0 0 0 1 0 0 0 0 0 0 0 0 0 0 0 0 1 0 0 0 0 0 0 0 0 1 0 0 0 0 1 1 0 1 0 1 0 0 0 1 0 0 0 1 1 1 1 0
0 1 0 1 0 0 0 1 1 1 1 0 0 0 0 0 1 1 1 0 0 0 1 1 0 0 0 1 1 1 0 0 1 1 1 1 0 1 1 1 1 1 0 1 1 1 1 1 1 0 0 1 1 1 1 1 0 1 0 0 0 0 1 1 0 1 0 0 1 0 0 0 1 0 0 0 0 1 0 1 1 1 1 1 0 1 0 1 0 0 1 1 0 1 0 1 1 1 1 1
0 1 0 1 0 0 0 1 1 1 1 1 0 0 0 0 1 1 1 0 0 0 1 1 0 0 0 1 1 1 0 0 1 1 1 1 0 1 1 1 1 1 0 1 1 1 1 1 1 0 0 1 1 1 1 1 0 1 0 0 0 0 1 1 0 1 0 0 1 0 0 0 1 0 0 0 1 1 0 1 1 1 1 1 0 1 0 1 0 0 1 1 0 1 0 1 1 1 1 1
0 1 1 1 1 0 1 1 1 1 1 1 1 0 0 1 1 1 1 0 0 0 1 1 0 1 0 1 1 1 1 0 1 1 1 1 0 1 1 1 1 1 1 1 1 1 1 1 1 1 1 1 1 1 1 1 1 1 1 0 1 1 1 1 1 1 0 0 1 0 0 1 1 1 1 0 1 1 0 1 1 1 1 1 1 1 0 1 1 0 1 1 1 1 1 1 1 1 1 1
0 1 1 1 1 0 1 1 1 1 1 1 1 1 0 1 1 1 1 0 0 0 1 1 0 1 0 1 1 1 1 0 1 1 1 1 0 1 1 1 1 1 1 1 1 1 1 1 1 1 1 1 1 1 1 1 1 1 1 0 1 1 1 1 1 1 0 0 1 0 0 1 1 1 1 0 1 1 0 1 1 1 1 1 1 1 0 1 1 0 1 1 1 1 1 1 1 1 1 1
0 1 0 1 0 0 0 1 1 1 1 1 1 0 0 0 1 1 1 0 0 0 1 1 0 1 0 1 1 1 0 0 1 1 1 1 0 1 1 1 1 1 1 1 1 1 1 1 1 1 1 1 1 1 1 1 0 1 0 0 1 0 1 1 1 1 0 0 1 0 0 1 1 0 1 0 1 1 0 1 1 1 1 1 0 1 0 1 1 0 1 1 1 1 1 1 1 1 1 1
0 0 0 0 0 0 0 0 0 0 0 0 0 0 0 0 0 0 1 0 0 0 0 1 0 0 0 0 1 1 0 0 0 1 0 0 0 1 0 0 0 0 0 0 0 0 0 0 0 0 0 0 0 0 0 0 0 0 0 0 0 0 0 0 0 0 0 0 0 0 0 0 0 0 0 0 0 0 0 0 0 0 1 1 0 1 0 1 0 0 0 0 0 0 0 1 0 1 0 0
0 1 0 1 0 0 0 0 0 1 1 0 0 0 0 0 1 0 1 0 0 0 0 1 0 0 0 1 1 1 0 0 0 1 0 1 0 1 0 0 0 0 0 0 0 0 0 0 0 0 0 0 0 0 0 1 0 1 0 0 0 0 0 0 0 0 0 0 1 0 0 0 0 0 0 0 0 1 0 0 0 1 1 1 0 1 0 1 0 0 0 1 0 0 0 1 1 1 1 1
0 0 0 0 0 0 0 0 0 0 0 0 0 0 0 0 0 0 0 0 0 0 0 1 0 0 0 0 0 1 0 0 0 1 0 0 0 1 0 0 0 0 0 0 0 0 0 0 0 0 0 0 0 0 0 0 0 0 0 0 0 0 0 0 0 0 0 0 0 0 0 0 0 0 0 0 0 0 0 0 0 0 0 1 0 1 0 1 0 0 0 0 0 0 0 0 0 1 0 0
1 1 1 1 1 0 1 1 1 1 1 1 1 1 1 1 1 1 1 0 0 0 1 1 0 1 0 1 1 1 1 0 1 1 1 1 0 1 1 1 1 1 1 1 1 1 1 1 1 1 1 1 1 1 1 1 1 1 1 0 1 1 1 1 1 1 0 1 1 0 0 1 1 1 1 0 1 1 0 1 1 1 1 1 1 1 0 1 1 0 1 1 1 1 1 1 1 1 1 1
1 1 1 1 1 0 1 1 1 1 1 1 1 1 1 1 1 1 1 1 0 0 1 1 0 1 1 1 1 1 1 0 1 1 1 1 0 1 1 1 1 1 1 1 1 1 1 1 1 1 1 1 1 1 1 1 1 1 1 1 1 1 1 1 1 1 1 1 1 0 0 1 1 1 1 0 1 1 0 1 1 1 1 1 1 1 0 1 1 1 1 1 1 1 1 1 1 1 1 1
1 1 1 1 1 0 1 1 1 1 1 1 1 1 1 1 1 1 1 1 1 0 1 1 0 1 1 1 1 1 1 0 1 1 1 1 0 1 1 1 1 1 1 1 1 1 1 1 1 1 1 1 1 1 1 1 1 1 1 1 1 1 1 1 1 1 1 1 1 0 1 1 1 1 1 0 1 1 0 1 1 1 1 1 1 1 1 1 1 1 1 1 1 1 1 1 1 1 1 1
0 1 0 1 0 0 0 1 0 1 1 0 0 0 0 0 1 1 1 0 0 0 0 1 0 0 0 1 1 1 0 0 1 1 0 1 0 1 0 0 1 1 0 0 0 1 1 0 0 0 0 0 0 0 1 1 0 1 0 0 0 0 1 0 0 0 0 0 1 0 0 0 1 0 0 0 0 1 0 0 0 1 1 1 0 1 0 1 0 0 0 1 0 1 0 1 1 1 1 1
0 0 0 0 0 0 0 0 0 0 0 0 0 0 0 0 0 0 0 0 0 0 0 0 0 0 0 0 0 0 0 0 0 1 0 0 0 1 0 0 0 0 0 0 0 0 0 0 0 0 0 0 0 0 0 0 0 0 0 0 0 0 0 0 0 0 0 0 0 0 0 0 0 0 0 0 0 0 0 0 0 0 0 0 0 0 0 1 0 0 0 0 0 0 0 0 0 1 0 0
1 1 1 1 1 1 1 1 1 1 1 1 1 1 1 1 1 1 1 1 1 1 1 1 0 1 1 1 1 1 1 0 1 1 1 1 1 1 1 1 1 1 1 1 1 1 1 1 1 1 1 1 1 1 1 1 1 1 1 1 1 1 1 1 1 1 1 1 1 0 1 1 1 1 1 1 1 1 1 1 1 1 1 1 1 1 1 1 1 1 1 1 1 1 1 1 1 1 1 1
0 1 0 1 0 0 0 1 1 1 1 1 1 0 0 0 1 1 1 0 0 0 1 1 0 0 0 1 1 1 0 0 1 1 1 1 0 1 1 1 1 1 0 1 1 1 1 1 1 0 1 1 1 1 1 1 0 1 0 0 1 0 1 1 1 1 0 0 1 0 0 1 1 0 1 0 1 1 0 1 1 1 1 1 0 1 0 1 1 0 1 1 1 1 1 1 1 1 1 1
1 1 1 1 1 0 1 1 1 1 1 1 1 1 1 1 1 1 1 1 0 0 1 1 0 1 0 1 1 1 1 0 1 1 1 1 0 1 1 1 1 1 1 1 1 1 1 1 1 1 1 1 1 1 1 1 1 1 1 0 1 1 1 1 1 1 0 1 1 0 0 1 1 1 1 0 1 1 0 1 1 1 1 1 1 1 0 1 1 0 1 1 1 1 1 1 1 1 1 1
0 0 0 0 0 0 0 0 0 1 0 0 0 0 0 0 1 0 1 0 0 0 0 1 0 0 0 0 1 1 0 0 0 1 0 0 0 1 0 0 0 0 0 0 0 0 0 0 0 0 0 0 0 0 0 0 0 0 0 0 0 0 0 0 0 0 0 0 1 0 0 0 0 0 0 0 0 0 0 0 0 0 1 1 0 1 0 1 0 0 0 0 0 0 0 1 0 1 0 0
0 0 0 0 0 0 0 0 0 0 0 0 0 0 0 0 0 0 1 0 0 0 0 1 0 0 0 0 0 1 0 0 0 1 0 0 0 1 0 0 0 0 0 0 0 0 0 0 0 0 0 0 0 0 0 0 0 0 0 0 0 0 0 0 0 0 0 0 0 0 0 0 0 0 0 0 0 0 0 0 0 0 0 1 0 1 0 1 0 0 0 0 0 0 0 0 0 1 0 0
0 0 0 0 0 0 0 0 0 0 0 0 0 0 0 0 0 0 0 0 0 0 0 1 0 0 0 0 0 0 0 0 0 1 0 0 0 1 0 0 0 0 0 0 0 0 0 0 0 0 0 0 0 0 0 0 0 0 0 0 0 0 0 0 0 0 0 0 0 0 0 0 0 0 0 0 0 0 0 0 0 0 0 1 0 0 0 1 0 0 0 0 0 0 0 0 0 1 0 0
0 1 0 1 0 0 0 1 1 1 1 1 1 0 0 1 1 1 1 0 0 0 1 1 0 1 0 1 1 1 0 0 1 1 1 1 0 1 1 1 1 1 1 1 1 1 1 1 1 1 1 1 1 1 1 1 0 1 0 0 1 1 1 1 1 1 0 0 1 0 0 1 1 1 1 0 1 1 0 1 1 1 1 1 0 1 0 1 1 0 1 1 1 1 1 1 1 1 1 1
1 1 1 1 1 1 1 1 1 1 1 1 1 1 1 1 1 1 1 1 1 1 1 1 1 1 1 1 1 1 1 0 1 1 1 1 1 1 1 1 1 1 1 1 1 1 1 1 1 1 1 1 1 1 1 1 1 1 1 1 1 1 1 1 1 1 1 1 1 1 1 1 1 1 1 1 1 1 1 1 1 1 1 1 1 1 1 1 1 1 1 1 1 1 1 1 1 1 1 1
0 1 0 1 0 0 0 0 0 1 1 0 0 0 0 0 1 1 1 0 0 0 0 1 0 0 0 1 1 1 0 0 0 1 0 1 0 1 0 0 0 0 0 0 0 0 0 0 0 0 0 0 0 0 0 1 0 1 0 0 0 0 0 0 0 0 0 0 1 0 0 0 0 0 0 0 0 1 0 0 0 1 1 1 0 1 0 1 0 0 0 1 0 0 0 1 1 1 1 1
0 0 0 0 0 0 0 0 0 0 0 0 0 0 0 0 0 0 0 0 0 0 0 0 0 0 0 0 0 0 0 0 0 0 0 0 0 0 0 0 0 0 0 0 0 0 0 0 0 0 0 0 0 0 0 0 0 0 0 0 0 0 0 0 0 0 0 0 0 0 0 0 0 0 0 0 0 0 0 0 0 0 0 0 0 0 0 0 0 0 0 0 0 0 0 0 0 0 0 0
0 1 0 1 0 0 0 1 1 1 1 0 0 0 0 0 1 1 1 0 0 0 1 1 0 0 0 1 1 1 0 0 1 1 0 1 0 1 1 1 1 1 0 1 1 1 1 1 1 0 0 1 1 1 1 1 0 1 0 0 0 0 1 1 0 1 0 0 1 0 0 0 1 0 0 0 0 1 0 1 1 1 1 1 0 1 0 1 0 0 1 1 0 1 0 1 1 1 1 1
0 1 0 1 0 0 0 0 0 1 0 0 0 0 0 0 1 0 1 0 0 0 0 1 0 0 0 1 1 1 0 0 0 1 0 0 0 1 0 0 0 0 0 0 0 0 0 0 0 0 0 0 0 0 0 1 0 0 0 0 0 0 0 0 0 0 0 0 1 0 0 0 0 0 0 0 0 1 0 0 0 0 1 1 0 1 0 1 0 0 0 0 0 0 0 1 1 1 1 0
1 1 1 1 1 1 1 1 1 1 1 1 1 1 1 1 1 1 1 1 1 1 1 1 0 1 1 1 1 1 1 0 1 1 1 1 0 1 1 1 1 1 1 1 1 1 1 1 1 1 1 1 1 1 1 1 1 1 1 1 1 1 1 1 1 1 1 1 1 0 1 1 1 1 1 0 1 1 1 1 1 1 1 1 1 1 1 1 1 1 1 1 1 1 1 1 1 1 1 1
0 0 0 0 0 0 0 0 0 0 0 0 0 0 0 0 0 0 0 0 0 0 0 0 0 0 0 0 0 0 0 0 0 1 0 0 0 0 0 0 0 0 0 0 0 0 0 0 0 0 0 0 0 0 0 0 0 0 0 0 0 0 0 0 0 0 0 0 0 0 0 0 0 0 0 0 0 0 0 0 0 0 0 0 0 0 0 0 0 0 0 0 0 0 0 0 0 0 0 0
0 1 0 1 0 0 0 1 0 1 1 0 0 0 0 0 1 1 1 0 0 0 1 1 0 0 0 1 1 1 0 0 1 1 0 1 0 1 0 0 1 1 0 0 0 1 1 0 0 0 0 0 1 0 1 1 0 1 0 0 0 0 1 0 0 0 0 0 1 0 0 0 1 0 0 0 0 1 0 0 0 1 1 1 0 1 0 1 0 0 0 1 0 1 0 1 1 1 1 1
0 1 0 1 0 0 0 1 0 1 1 0 0 0 0 0 1 1 1 0 0 0 1 1 0 0 0 1 1 1 0 0 1 1 0 1 0 1 1 0 1 1 0 0 1 1 1 0 0 0 0 1 1 0 1 1 0 1 0 0 0 0 1 1 0 0 0 0 1 0 0 0 1 0 0 0 0 1 0 1 1 1 1 1 0 1 0 1 0 0 1 1 0 1 0 1 1 1 1 1
0 1 0 1 0 0 0 0 0 1 1 0 0 0 0 0 1 1 1 0 0 0 0 1 0 0 0 1 1 1 0 0 1 1 0 1 0 1 0 0 0 0 0 0 0 1 1 0 0 0 0 0 0 0 1 1 0 1 0 0 0 0 1 0 0 0 0 0 1 0 0 0 1 0 0 0 0 1 0 0 0 1 1 1 0 1 0 1 0 0 0 1 0 1 0 1 1 1 1 1
0 1 0 1 0 0 0 0 0 1 1 0 0 0 0 0 1 1 1 0 0 0 0 1 0 0 0 1 1 1 0 0 1 1 0 1 0 1 0 0 1 0 0 0 0 1 1 0 0 0 0 0 0 0 1 1 0 1 0 0 0 0 1 0 0 0 0 0 1 0 0 0 1 0 0 0 0 1 0 0 0 1 1 1 0 1 0 1 0 0 0 1 0 1 0 1 1 1 1 1
0 1 0 1 0 0 0 1 1 1 1 1 1 0 0 0 1 1 1 0 0 0 1 1 0 1 0 1 1 1 0 0 1 1 1 1 0 1 1 1 1 1 0 1 1 1 1 1 1 1 1 1 1 1 1 1 0 1 0 0 1 0 1 1 1 1 0 0 1 0 0 1 1 0 1 0 1 1 0 1 1 1 1 1 0 1 0 1 1 0 1 1 1 1 1 1 1 1 1 1
0 1 0 1 0 0 0 1 1 1 1 0 0 0 0 0 1 1 1 0 0 0 1 1 0 0 0 1 1 1 0 0 1 1 0 1 0 1 1 1 1 1 0 0 1 1 1 1 0 0 0 1 1 1 1 1 0 1 0 0 0 0 1 1 0 0 0 0 1 0 0 0 1 0 0 0 0 1 0 1 1 1 1 1 0 1 0 1 0 0 1 1 0 1 0 1 1 1 1 1
0 1 0 1 0 0 0 1 0 1 1 0 0 0 0 0 1 1 1 0 0 0 1 1 0 0 0 1 1 1 0 0 1 1 0 1 0 1 1 0 1 1 0 0 0 1 1 0 0 0 0 1 1 0 1 1 0 1 0 0 0 0 1 1 0 0 0 0 1 0 0 0 1 0 0 0 0 1 0 0 1 1 1 1 0 1 0 1 0 0 0 1 0 1 0 1 1 1 1 1
0 1 0 1 0 0 0 0 0 1 1 0 0 0 0 0 1 1 1 0 0 0 0 1 0 0 0 1 1 1 0 0 1 1 0 1 0 1 0 0 0 0 0 0 0 0 0 0 0 0 0 0 0 0 0 1 0 1 0 0 0 0 0 0 0 0 0 0 1 0 0 0 0 0 0 0 0 1 0 0 0 1 1 1 0 1 0 1 0 0 0 1 0 0 0 1 1 1 1 1
0 1 0 1 0 0 0 0 0 1 1 0 0 0 0 0 1 1 1 0 0 0 0 1 0 0 0 1 1 1 0 0 1 1 0 1 0 1 0 0 0 0 0 0 0 1 0 0 0 0 0 0 0 0 1 1 0 1 0 0 0 0 1 0 0 0 0 0 1 0 0 0 0 0 0 0 0 1 0 0 0 1 1 1 0 1 0 1 0 0 0 1 0 1 0 1 1 1 1 1
0 1 0 1 0 0 0 1 0 1 1 0 0 0 0 0 1 1 1 0 0 0 1 1 0 0 0 1 1 1 0 0 1 1 0 1 0 1 1 1 1 1 0 0 1 1 1 0 0 0 0 1 1 0 1 1 0 1 0 0 0 0 1 1 0 0 0 0 1 0 0 0 1 0 0 0 0 1 0 1 1 1 1 1 0 1 0 1 0 0 1 1 0 1 0 1 1 1 1 1
0 1 0 1 0 0 0 1 1 1 1 0 0 0 0 0 1 1 1 0 0 0 1 1 0 0 0 1 1 1 0 0 1 1 0 1 0 1 1 1 1 1 0 1 1 1 1 1 0 0 0 1 1 1 1 1 0 1 0 0 0 0 1 1 0 1 0 0 1 0 0 0 1 0 0 0 0 1 0 1 1 1 1 1 0 1 0 1 0 0 1 1 0 1 0 1 1 1 1 1
0 1 0 1 0 0 0 1 1 1 1 1 1 0 0 0 1 1 1 0 0 0 1 1 0 1 0 1 1 1 0 0 1 1 1 1 0 1 1 1 1 1 0 1 1 1 1 1 1 0 1 1 1 1 1 1 0 1 0 0 1 0 1 1 1 1 0 0 1 0 0 1 1 0 1 0 1 1 0 1 1 1 1 1 0 1 0 1 1 0 1 1 1 1 1 1 1 1 1 1
0 1 0 1 0 0 0 1 1 1 1 1 1 0 0 0 1 1 1 0 0 0 1 1 0 0 0 1 1 1 0 0 1 1 1 1 0 1 1 1 1 1 0 1 1 1 1 1 1 0 0 1 1 1 1 1 0 1 0 0 0 0 1 1 0 1 0 0 1 0 0 0 1 0 0 0 1 1 0 1 1 1 1 1 0 1 0 1 0 0 1 1 0 1 0 1 1 1 1 1
0 1 0 1 0 0 0 1 0 1 1 0 0 0 0 0 1 1 1 0 0 0 1 1 0 0 0 1 1 1 0 0 1 1 0 1 0 1 1 0 1 1 0 0 0 1 1 0 0 0 0 0 1 0 1 1 0 1 0 0 0 0 1 0 0 0 0 0 1 0 0 0 1 0 0 0 0 1 0 0 0 1 1 1 0 1 0 1 0 0 0 1 0 1 0 1 1 1 1 1
0 1 0 1 0 0 0 1 0 1 1 0 0 0 0 0 1 1 1 0 0 0 1 1 0 0 0 1 1 1 0 0 1 1 0 1 0 1 0 0 1 1 0 0 0 1 1 0 0 0 0 0 0 0 1 1 0 1 0 0 0 0 1 0 0 0 0 0 1 0 0 0 1 0 0 0 0 1 0 0 0 1 1 1 0 1 0 1 0 0 0 1 0 1 0 1 1 1 1 1
0 1 0 1 0 0 0 1 1 1 1 0 0 0 0 0 1 1 1 0 0 0 1 1 0 0 0 1 1 1 0 0 1 1 0 1 0 1 1 1 1 1 0 0 1 1 1 1 0 0 0 1 1 0 1 1 0 1 0 0 0 0 1 1 0 0 0 0 1 0 0 0 1 0 0 0 0 1 0 1 1 1 1 1 0 1 0 1 0 0 1 1 0 1 0 1 1 1 1 1
0 1 0 1 0 0 0 0 0 1 1 0 0 0 0 0 1 1 1 0 0 0 0 1 0 0 0 1 1 1 0 0 1 1 0 1 0 1 0 0 0 0 0 0 0 1 0 0 0 0 0 0 0 0 0 1 0 1 0 0 0 0 1 0 0 0 0 0 1 0 0 0 0 0 0 0 0 1 0 0 0 1 1 1 0 1 0 1 0 0 0 1 0 1 0 1 1 1 1 1
0 0 0 1 0 0 0 0 0 1 0 0 0 0 0 0 1 0 1 0 0 0 0 1 0 0 0 1 1 1 0 0 0 1 0 0 0 1 0 0 0 0 0 0 0 0 0 0 0 0 0 0 0 0 0 0 0 0 0 0 0 0 0 0 0 0 0 0 1 0 0 0 0 0 0 0 0 0 0 0 0 0 1 1 0 1 0 1 0 0 0 0 0 0 0 1 0 1 1 0
0 1 0 1 0 0 1 1 1 1 1 1 1 0 0 1 1 1 1 0 0 0 1 1 0 1 0 1 1 1 1 0 1 1 1 1 0 1 1 1 1 1 1 1 1 1 1 1 1 1 1 1 1 1 1 1 0 1 1 0 1 1 1 1 1 1 0 0 1 0 0 1 1 1 1 0 1 1 0 1 1 1 1 1 1 1 0 1 1 0 1 1 1 1 1 1 1 1 1 1
0 1 0 1 0 0 0 0 0 1 1 0 0 0 0 0 1 0 1 0 0 0 0 1 0 0 0 1 1 1 0 0 0 1 0 1 0 1 0 0 0 0 0 0 0 0 0 0 0 0 0 0 0 0 0 1 0 0 0 0 0 0 0 0 0 0 0 0 1 0 0 0 0 0 0 0 0 1 0 0 0 0 1 1 0 1 0 1 0 0 0 1 0 0 0 1 1 1 1 1
0 1 0 1 0 0 1 1 1 1 1 1 1 0 0 1 1 1 1 0 0 0 1 1 0 1 0 1 1 1 1 0 1 1 1 1 0 1 1 1 1 1 1 1 1 1 1 1 1 1 1 1 1 1 1 1 0 1 0 0 1 1 1 1 1 1 0 0 1 0 0 1 1 1 1 0 1 1 0 1 1 1 1 1 1 1 0 1 1 0 1 1 1 1 1 1 1 1 1 1
1 1 1 1 1 0 1 1 1 1 1 1 1 1 1 1 1 1 1 1 0 0 1 1 0 1 1 1 1 1 1 0 1 1 1 1 0 1 1 1 1 1 1 1 1 1 1 1 1 1 1 1 1 1 1 1 1 1 1 0 1 1 1 1 1 1 0 1 1 0 0 1 1 1 1 0 1 1 0 1 1 1 1 1 1 1 0 1 1 0 1 1 1 1 1 1 1 1 1 1
0 1 0 1 0 0 0 1 1 1 1 1 1 0 0 0 1 1 1 0 0 0 1 1 0 0 0 1 1 1 0 0 1 1 1 1 0 1 1 1 1 1 0 1 1 1 1 1 1 0 1 1 1 1 1 1 0 1 0 0 0 0 1 1 0 1 0 0 1 0 0 0 1 0 1 0 1 1 0 1 1 1 1 1 0 1 0 1 0 0 1 1 0 1 0 1 1 1 1 1
0 1 0 1 0 0 0 1 1 1 1 1 1 0 0 1 1 1 1 0 0 0 1 1 0 1 0 1 1 1 0 0 1 1 1 1 0 1 1 1 1 1 1 1 1 1 1 1 1 1 1 1 1 1 1 1 0 1 0 0 1 0 1 1 1 1 0 0 1 0 0 1 1 1 1 0 1 1 0 1 1 1 1 1 0 1 0 1 1 0 1 1 1 1 1 1 1 1 1 1
0 1 0 1 0 0 0 0 0 1 1 0 0 0 0 0 1 1 1 0 0 0 0 1 0 0 0 1 1 1 0 0 1 1 0 1 0 1 0 0 0 0 0 0 0 1 0 0 0 0 0 0 0 0 0 1 0 1 0 0 0 0 0 0 0 0 0 0 1 0 0 0 0 0 0 0 0 1 0 0 0 1 1 1 0 1 0 1 0 0 0 1 0 1 0 1 1 1 1 1
0 1 0 1 0 0 0 1 0 1 1 0 0 0 0 0 1 1 1 0 0 0 1 1 0 0 0 1 1 1 0 0 1 1 0 1 0 1 1 0 1 1 0 0 0 1 1 0 0 0 0 1 1 0 1 1 0 1 0 0 0 0 1 0 0 0 0 0 1 0 0 0 1 0 0 0 0 1 0 0 0 1 1 1 0 1 0 1 0 0 0 1 0 1 0 1 1 1 1 1
0 1 0 1 0 0 0 1 1 1 1 1 1 0 0 0 1 1 1 0 0 0 1 1 0 0 0 1 1 1 0 0 1 1 1 1 0 1 1 1 1 1 0 1 1 1 1 1 1 0 1 1 1 1 1 1 0 1 0 0 1 0 1 1 0 1 0 0 1 0 0 0 1 0 1 0 1 1 0 1 1 1 1 1 0 1 0 1 0 0 1 1 0 1 0 1 1 1 1 1
0 1 0 1 0 0 0 1 1 1 1 0 0 0 0 0 1 1 1 0 0 0 1 1 0 0 0 1 1 1 0 0 1 1 0 1 0 1 1 1 1 1 0 1 1 1 1 1 0 0 0 1 1 1 1 1 0 1 0 0 0 0 1 1 0 0 0 0 1 0 0 0 1 0 0 0 0 1 0 1 1 1 1 1 0 1 0 1 0 0 1 1 0 1 0 1 1 1 1 1
1 1 1 1 1 0 1 1 1 1 1 1 1 1 1 1 1 1 1 1 0 0 1 1 0 1 1 1 1 1 1 0 1 1 1 1 0 1 1 1 1 1 1 1 1 1 1 1 1 1 1 1 1 1 1 1 1 1 1 1 1 1 1 1 1 1 0 1 1 0 0 1 1 1 1 0 1 1 0 1 1 1 1 1 1 1 0 1 1 0 1 1 1 1 1 1 1 1 1 1
0 1 1 1 1 0 1 1 1 1 1 1 1 1 1 1 1 1 1 0 0 0 1 1 0 1 0 1 1 1 1 0 1 1 1 1 0 1 1 1 1 1 1 1 1 1 1 1 1 1 1 1 1 1 1 1 1 1 1 0 1 1 1 1 1 1 0 0 1 0 0 1 1 1 1 0 1 1 0 1 1 1 1 1 1 1 0 1 1 0 1 1 1 1 1 1 1 1 1 1
0 0 0 0 0 0 0 0 0 1 0 0 0 0 0 0 1 0 1 0 0 0 0 1 0 0 0 0 1 1 0 0 0 1 0 0 0 1 0 0 0 0 0 0 0 0 0 0 0 0 0 0 0 0 0 0 0 0 0 0 0 0 0 0 0 0 0 0 0 0 0 0 0 0 0 0 0 0 0 0 0 0 1 1 0 1 0 1 0 0 0 0 0 0 0 1 0 1 0 0
1 1 1 1 1 1 1 1 1 1 1 1 1 1 1 1 1 1 1 1 1 1 1 1 1 1 1 1 1 1 1 0 1 1 1 1 1 1 1 1 1 1 1 1 1 1 1 1 1 1 1 1 1 1 1 1 1 1 1 1 1 1 1 1 1 1 1 1 1 0 1 1 1 1 1 1 1 1 1 1 1 1 1 1 1 1 1 1 1 1 1 1 1 1 1 1 1 1 1 1
1 1 1 1 1 0 1 1 1 1 1 1 1 1 1 1 1 1 1 1 1 0 1 1 0 1 1 1 1 1 1 0 1 1 1 1 0 1 1 1 1 1 1 1 1 1 1 1 1 1 1 1 1 1 1 1 1 1 1 1 1 1 1 1 1 1 1 1 1 0 0 1 1 1 1 0 1 1 0 1 1 1 1 1 1 1 0 1 1 1 1 1 1 1 1 1 1 1 1 1
0 1 0 1 0 0 0 1 1 1 1 1 1 0 0 0 1 1 1 0 0 0 1 1 0 0 0 1 1 1 0 0 1 1 1 1 0 1 1 1 1 1 0 1 1 1 1 1 1 0 1 1 1 1 1 1 0 1 0 0 1 0 1 1 1 1 0 0 1 0 0 0 1 0 1 0 1 1 0 1 1 1 1 1 0 1 0 1 1 0 1 1 1 1 1 1 1 1 1 1
0 1 0 1 0 0 0 0 0 1 1 0 0 0 0 0 1 1 1 0 0 0 0 1 0 0 0 1 1 1 0 0 1 1 0 1 0 1 0 0 0 0 0 0 0 1 1 0 0 0 0 0 0 0 1 1 0 1 0 0 0 0 1 0 0 0 0 0 1 0 0 0 0 0 0 0 0 1 0 0 0 1 1 1 0 1 0 1 0 0 0 1 0 1 0 1 1 1 1 1
0 1 0 1 0 0 0 1 1 1 1 1 1 0 0 1 1 1 1 0 0 0 1 1 0 1 0 1 1 1 0 0 1 1 1 1 0 1 1 1 1 1 1 1 1 1 1 1 1 1 1 1 1 1 1 1 0 1 0 0 1 0 1 1 1 1 0 0 1 0 0 1 1 0 1 0 1 1 0 1 1 1 1 1 0 1 0 1 1 0 1 1 1 1 1 1 1 1 1 1
0 1 0 1 0 0 0 1 1 1 1 1 1 0 0 0 1 1 1 0 0 0 1 1 0 0 0 1 1 1 0 0 1 1 1 1 0 1 1 1 1 1 0 1 1 1 1 1 1 0 1 1 1 1 1 1 0 1 0 0 0 0 1 1 0 1 0 0 1 0 0 0 1 0 0 0 1 1 0 1 1 1 1 1 0 1 0 1 0 0 1 1 0 1 0 1 1 1 1 1
1 1 1 1 1 1 1 1 1 1 1 1 1 1 1 1 1 1 1 1 1 1 1 1 0 1 1 1 1 1 1 0 1 1 1 1 1 1 1 1 1 1 1 1 1 1 1 1 1 1 1 1 1 1 1 1 1 1 1 1 1 1 1 1 1 1 1 1 1 0 1 1 1 1 1 0 1 1 1 1 1 1 1 1 1 1 1 1 1 1 1 1 1 1 1 1 1 1 1 1
0 1 0 1 0 0 0 1 1 1 1 1 0 0 0 0 1 1 1 0 0 0 1 1 0 0 0 1 1 1 0 0 1 1 1 1 0 1 1 1 1 1 0 1 1 1 1 1 1 0 0 1 1 1 1 1 0 1 0 0 0 0 1 1 0 1 0 0 1 0 0 0 1 0 0 0 0 1 0 1 1 1 1 1 0 1 0 1 0 0 1 1 0 1 0 1 1 1 1 1
0 0 0 1 0 0 0 0 0 1 0 0 0 0 0 0 1 0 1 0 0 0 0 1 0 0 0 1 1 1 0 0 0 1 0 0 0 1 0 0 0 0 0 0 0 0 0 0 0 0 0 0 0 0 0 1 0 0 0 0 0 0 0 0 0 0 0 0 1 0 0 0 0 0 0 0 0 0 0 0 0 0 1 1 0 1 0 1 0 0 0 0 0 0 0 1 1 1 1 0
1 1 1 1 1 0 1 1 1 1 1 1 1 1 1 1 1 1 1 1 1 1 1 1 0 1 1 1 1 1 1 0 1 1 1 1 0 1 1 1 1 1 1 1 1 1 1 1 1 1 1 1 1 1 1 1 1 1 1 1 1 1 1 1 1 1 1 1 1 0 1 1 1 1 1 0 1 1 0 1 1 1 1 1 1 1 1 1 1 1 1 1 1 1 1 1 1 1 1 1
0 1 0 1 0 0 0 1 0 1 1 0 0 0 0 0 1 1 1 0 0 0 1 1 0 0 0 1 1 1 0 0 1 1 0 1 0 1 1 0 1 1 0 0 1 1 1 0 0 0 0 1 1 0 1 1 0 1 0 0 0 0 1 1 0 0 0 0 1 0 0 0 1 0 0 0 0 1 0 0 1 1 1 1 0 1 0 1 0 0 1 1 0 1 0 1 1 1 1 1
0 1 0 1 0 0 0 1 0 1 1 0 0 0 0 0 1 1 1 0 0 0 1 1 0 0 0 1 1 1 0 0 1 1 0 1 0 1 1 0 1 1 0 0 0 1 1 0 0 0 0 1 1 0 1 1 0 1 0 0 0 0 1 1 0 0 0 0 1 0 0 0 1 0 0 0 0 1 0 0 0 1 1 1 0 1 0 1 0 0 0 1 0 1 0 1 1 1 1 1
0 1 0 1 0 0 0 0 0 1 1 0 0 0 0 0 1 0 1 0 0 0 0 1 0 0 0 1 1 1 0 0 0 1 0 1 0 1 0 0 0 0 0 0 0 0 0 0 0 0 0 0 0 0 0 1 0 1 0 0 0 0 0 0 0 0 0 0 1 0 0 0 0 0 0 0 0 1 0 0 0 0 1 1 0 1 0 1 0 0 0 1 0 0 0 1 1 1 1 1
0 0 0 0 0 0 0 0 0 0 0 0 0 0 0 0 0 0 1 0 0 0 0 1 0 0 0 0 1 1 0 0 0 1 0 0 0 1 0 0 0 0 0 0 0 0 0 0 0 0 0 0 0 0 0 0 0 0 0 0 0 0 0 0 0 0 0 0 0 0 0 0 0 0 0 0 0 0 0 0 0 0 0 1 0 1 0 1 0 0 0 0 0 0 0 0 0 1 0 0
0 0 0 0 0 0 0 0 0 0 0 0 0 0 0 0 0 0 0 0 0 0 0 1 0 0 0 0 0 0 0 0 0 1 0 0 0 1 0 0 0 0 0 0 0 0 0 0 0 0 0 0 0 0 0 0 0 0 0 0 0 0 0 0 0 0 0 0 0 0 0 0 0 0 0 0 0 0 0 0 0 0 0 0 0 0 0 1 0 0 0 0 0 0 0 0 0 1 0 0
0 1 0 1 0 0 0 1 1 1 1 1 1 0 0 1 1 1 1 0 0 0 1 1 0 1 0 1 1 1 1 0 1 1 1 1 0 1 1 1 1 1 1 1 1 1 1 1 1 1 1 1 1 1 1 1 0 1 0 0 1 1 1 1 1 1 0 0 1 0 0 1 1 1 1 0 1 1 0 1 1 1 1 1 0 1 0 1 1 0 1 1 1 1 1 1 1 1 1 1
0 0 0 0 0 0 0 0 0 0 0 0 0 0 0 0 0 0 0 0 0 0 0 1 0 0 0 0 0 1 0 0 0 1 0 0 0 1 0 0 0 0 0 0 0 0 0 0 0 0 0 0 0 0 0 0 0 0 0 0 0 0 0 0 0 0 0 0 0 0 0 0 0 0 0 0 0 0 0 0 0 0 0 1 0 0 0 1 0 0 0 0 0 0 0 0 0 1 0 0
1 1 1 1 1 0 1 1 1 1 1 1 1 1 1 1 1 1 1 1 1 0 1 1 0 1 1 1 1 1 1 0 1 1 1 1 0 1 1 1 1 1 1 1 1 1 1 1 1 1 1 1 1 1 1 1 1 1 1 1 1 1 1 1 1 1 1 1 1 0 1 1 1 1 1 0 1 1 0 1 1 1 1 1 1 1 0 1 1 1 1 1 1 1 1 1 1 1 1 1
0 0 0 0 0 0 0 0 0 0 0 0 0 0 0 0 0 0 0 0 0 0 0 0 0 0 0 0 0 0 0 0 0 1 0 0 0 1 0 0 0 0 0 0 0 0 0 0 0 0 0 0 0 0 0 0 0 0 0 0 0 0 0 0 0 0 0 0 0 0 0 0 0 0 0 0 0 0 0 0 0 0 0 0 0 0 0 0 0 0 0 0 0 0 0 0 0 0 0 0
0 1 0 1 0 0 0 1 1 1 1 1 1 0 0 0 1 1 1 0 0 0 1 1 0 0 0 1 1 1 0 0 1 1 1 1 0 1 1 1 1 1 0 1 1 1 1 1 1 0 1 1 1 1 1 1 0 1 0 0 1 0 1 1 1 1 0 0 1 0 0 0 1 0 1 0 1 1 0 1 1 1 1 1 0 1 0 1 0 0 1 1 0 1 0 1 1 1 1 1
1 1 1 1 1 0 1 1 1 1 1 1 1 1 1 1 1 1 1 1 0 0 1 1 0 1 1 1 1 1 1 0 1 1 1 1 0 1 1 1 1 1 1 1 1 1 1 1 1 1 1 1 1 1 1 1 1 1 1 1 1 1 1 1 1 1 1 1 1 0 0 1 1 1 1 0 1 1 0 1 1 1 1 1 1 1 0 1 1 0 1 1 1 1 1 1 1 1 1 1
0 1 0 1 0 0 0 1 0 1 1 0 0 0 0 0 1 1 1 0 0 0 1 1 0 0 0 1 1 1 0 0 1 1 0 1 0 1 1 0 1 1 0 0 1 1 1 0 0 0 0 1 1 0 1 1 0 1 0 0 0 0 1 1 0 0 0 0 1 0 0 0 1 0 0 0 0 1 0 0 1 1 1 1 0 1 0 1 0 0 0 1 0 1 0 1 1 1 1 1
0 1 0 1 0 0 0 0 0 1 0 0 0 0 0 0 1 0 1 0 0 0 0 1 0 0 0 1 1 1 0 0 0 1 0 1 0 1 0 0 0 0 0 0 0 0 0 0 0 0 0 0 0 0 0 1 0 0 0 0 0 0 0 0 0 0 0 0 1 0 0 0 0 0 0 0 0 1 0 0 0 0 1 1 0 1 0 1 0 0 0 0 0 0 0 1 1 1 1 0
0 1 0 1 0 0 0 1 1 1 1 1 1 0 0 0 1 1 1 0 0 0 1 1 0 0 0 1 1 1 0 0 1 1 1 1 0 1 1 1 1 1 0 1 1 1 1 1 1 0 1 1 1 1 1 1 0 1 0 0 1 0 1 1 1 1 0 0 1 0 0 0 1 0 1 0 1 1 0 1 1 1 1 1 0 1 0 1 1 0 1 1 0 1 0 1 1 1 1 1
0 1 0 1 0 0 0 0 0 1 1 0 0 0 0 0 1 1 1 0 0 0 0 1 0 0 0 1 1 1 0 0 1 1 0 1 0 1 0 0 0 0 0 0 0 1 0 0 0 0 0 0 0 0 0 1 0 1 0 0 0 0 0 0 0 0 0 0 1 0 0 0 0 0 0 0 0 1 0 0 0 1 1 1 0 1 0 1 0 0 0 1 0 0 0 1 1 1 1 1
0 1 0 1 0 0 0 1 1 1 1 1 1 0 0 0 1 1 1 0 0 0 1 1 0 0 0 1 1 1 0 0 1 1 1 1 0 1 1 1 1 1 0 1 1 1 1 1 1 0 1 1 1 1 1 1 0 1 0 0 1 0 1 1 1 1 0 0 1 0 0 0 1 0 1 0 1 1 0 1 1 1 1 1 0 1 0 1 1 0 1 1 1 1 0 1 1 1 1 1
0 0 0 0 0 0 0 0 0 0 0 0 0 0 0 0 0 0 1 0 0 0 0 1 0 0 0 0 1 1 0 0 0 1 0 0 0 1 0 0 0 0 0 0 0 0 0 0 0 0 0 0 0 0 0 0 0 0 0 0 0 0 0 0 0 0 0 0 0 0 0 0 0 0 0 0 0 0 0 0 0 0 1 1 0 1 0 1 0 0 0 0 0 0 0 0 0 1 0 0
0 0 0 1 0 0 0 0 0 1 0 0 0 0 0 0 1 0 1 0 0 0 0 1 0 0 0 1 1 1 0 0 0 1 0 0 0 1 0 0 0 0 0 0 0 0 0 0 0 0 0 0 0 0 0 1 0 0 0 0 0 0 0 0 0 0 0 0 1 0 0 0 0 0 0 0 0 0 0 0 0 0 1 1 0 1 0 1 0 0 0 0 0 0 0 1 0 1 1 0
0 0 0 0 0 0 0 0 0 0 0 0 0 0 0 0 0 0 0 0 0 0 0 0 0 0 0 0 0 0 0 0 0 1 0 0 0 1 0 0 0 0 0 0 0 0 0 0 0 0 0 0 0 0 0 0 0 0 0 0 0 0 0 0 0 0 0 0 0 0 0 0 0 0 0 0 0 0 0 0 0 0 0 0 0 0 0 1 0 0 0 0 0 0 0 0 0 0 0 0
0 0 0 0 0 0 0 0 0 1 0 0 0 0 0 0 1 0 1 0 0 0 0 1 0 0 0 1 1 1 0 0 0 1 0 0 0 1 0 0 0 0 0 0 0 0 0 0 0 0 0 0 0 0 0 0 0 0 0 0 0 0 0 0 0 0 0 0 1 0 0 0 0 0 0 0 0 0 0 0 0 0 1 1 0 1 0 1 0 0 0 0 0 0 0 1 0 1 0 0
0 1 0 1 0 0 0 0 0 1 1 0 0 0 0 0 1 0 1 0 0 0 0 1 0 0 0 1 1 1 0 0 0 1 0 1 0 1 0 0 0 0 0 0 0 0 0 0 0 0 0 0 0 0 0 1 0 0 0 0 0 0 0 0 0 0 0 0 1 0 0 0 0 0 0 0 0 1 0 0 0 0 1 1 0 1 0 1 0 0 0 1 0 0 0 1 1 1 1 0
67 43 54 35 96 27 28 18
