100 6
0 0 1 1 0 1 0 1 1 0 0 1 0 1 0 1 0 1 0 1 0 1 1 0 1 0 0 1 1 0 1 1 0 1 1 1 0 1 1 1 0 0 0 1 0 0 1 1 0 1 1 1 1 1 0 1 0 0 0 0 0 1 0 0 1 0 1 0 1 0 1 0 0 0 0 0 0 0 1 0 1 1 0 0 0 0 0 1 0 0 0 0 1 1 0 0 1 1 0 1
1 0 1 1 1 1 1 1 1 1 1 1 1 1 1 1 1 1 1 1 1 1 1 0 1 1 1 1 1 1 1 1 1 1 1 1 1 1 1 1 1 1 1 1 1 1 1 1 1 1 1 1 1 1 1 1 1 1 1 1 1 1 1 1 1 1 1 1 1 1 1 1 1 0 1 1 1 1 1 1 1 1 0 1 1 1 0 1 1 1 1 1 1 1 1 1 1 1 1 1
0 0 0 0 0 0 0 0 1 0 0 1 0 1 0 0 0 0 0 1 0 0 0 0 0 0 0 0 0 0 1 0 0 0 0 0 0 0 1 0 0 0 0 0 0 0 0 0 0 0 1 0 0 0 0 0 0 0 0 0 0 1 0 0 0 0 0 0 0 0 0 0 0 0 0 0 0 0 0 0 0 0 0 0 0 0 0 0 0 0 0 0 1 0 0 0 0 0 0 0
0 0 1 0 0 0 0 1 1 0 0 1 0 1 0 0 0 0 0 1 0 0 1 0 0 0 0 1 1 0 1 0 0 1 0 1 0 1 1 0 0 0 0 0 0 0 1 0 0 0 1 1 0 0 0 0 0 0 0 0 0 1 0 0 0 0 1 0 1 0 1 0 0 0 0 0 0 0 0 0 0 0 0 0 0 0 0 0 0 0 0 0 1 0 0 0 0 1 0 0
1 0 1 1 0 1 0 1 1 0 1 1 1 1 1 1 1 1 1 1 1 1 1 0 1 0 1 1 1 1 1 1 1 1 1 1 1 1 1 1 0 0 0 1 1 1 1 1 1 1 1 1 1 1 1 1 1 0 1 1 1 1 1 1 1 1 1 0 1 0 1 1 0 0 0 0 0 1 1 0 1 1 0 0 1 1 0 1 0 1 1 0 1 1 0 0 1 1 1 1
0 0 1 1 0 0 0 1 1 0 0 1 0 1 0 1 0 1 0 1 0 1 1 0 1 0 0 1 1 0 1 1 0 1 1 1 0 1 1 1 0 0 0 1 0 0 1 1 0 1 1 1 0 0 0 0 0 0 0 0 0 1 0 0 1 0 1 0 1 0 1 0 0 0 0 0 0 0 1 0 1 0 0 0 0 0 0 1 0 0 0 0 1 0 0 0 1 1 0 1
1 0 1 1 1 1 0 1 1 0 1 1 1 1 1 1 1 1 1 1 1 1 1 0 1 0 1 1 1 1 1 1 1 1 1 1 1 1 1 1 0 0 0 1 1 1 1 1 1 1 1 1 1 1 1 1 1 0 1 1 1 1 1 1 1 1 1 0 1 0 1 1 1 0 0 0 0 1 1 0 1 1 0 0 1 1 0 1 0 1 1 0 1 1 0 0 1 1 1 1
0 0 1 0 0 0 0 0 1 0 0 1 0 1 0 0 0 0 0 1 0 0 0 0 0 0 0 0 0 0 1 0 0 0 0 0 0 1 1 0 0 0 0 0 0 0 0 0 0 0 1 1 0 0 0 0 0 0 0 0 0 1 0 0 0 0 0 0 0 0 1 0 0 0 0 0 0 0 0 0 0 0 0 0 0 0 0 0 0 0 0 0 1 0 0 0 0 0 0 0
0 0 0 0 0 0 0 0 0 0 0 1 0 1 0 0 0 0 0 1 0 0 0 0 0 0 0 0 0 0 1 0 0 0 0 0 0 0 1 0 0 0 0 0 0 0 0 0 0 0 1 0 0 0 0 0 0 0 0 0 0 1 0 0 0 0 0 0 0 0 0 0 0 0 0 0 0 0 0 0 0 0 0 0 0 0 0 0 0 0 0 0 1 0 0 0 0 0 0 0
1 0 1 1 1 1 1 1 1 0 1 1 1 1 1 1 1 1 1 1 1 1 1 0 1 0 1 1 1 1 1 1 1 1 1 1 1 1 1 1 0 1 0 1 1 1 1 1 1 1 1 1 1 1 1 1 1 0 1 1 1 1 1 1 1 1 1 1 1 0 1 1 1 0 1 1 0 1 1 1 1 1 0 1 1 1 0 1 1 1 1 1 1 1 0 1 1 1 1 1
1 0 1 1 0 1 0 1 1 0 0 1 1 1 0 1 0 1 1 1 0 1 1 0 1 0 1 1 1 0 1 1 1 1 1 1 1 1 1 1 0 0 0 1 1 1 1 1 1 1 1 1 1 1 1 1 0 0 1 0 0 1 0 0 1 0 1 0 1 0 1 0 0 0 0 0 0 1 1 0 1 1 0 0 0 1 0 1 0 0 0 0 1 1 0 0 1 1 1 1
0 0 0 0 0 0 0 0 0 0 0 0 0 1 0 0 0 0 0 1 0 0 0 0 0 0 0 0 0 0 1 0 0 0 0 0 0 0 1 0 0 0 0 0 0 0 0 0 0 0 1 0 0 0 0 0 0 0 0 0 0 1 0 0 0 0 0 0 0 0 0 0 0 0 0 0 0 0 0 0 0 0 0 0 0 0 0 0 0 0 0 0 1 0 0 0 0 0 0 0
1 0 1 1 0 1 0 1 1 0 0 1 0 1 0 1 0 1 1 1 0 1 1 0 1 0 0 1 1 0 1 1 1 1 1 1 1 1 1 1 0 0 0 1 0 1 1 1 1 1 1 1 1 1 1 1 0 0 0 0 0 1 0 0 1 0 1 0 1 0 1 0 0 0 0 0 0 0 1 0 1 1 0 0 0 0 0 1 0 0 0 0 1 1 0 0 1 1 0 1
0 0 0 0 0 0 0 0 0 0 0 0 0 0 0 0 0 0 0 0 0 0 0 0 0 0 0 0 0 0 1 0 0 0 0 0 0 0 1 0 0 0 0 0 0 0 0 0 0 0 0 0 0 0 0 0 0 0 0 0 0 0 0 0 0 0 0 0 0 0 0 0 0 0 0 0 0 0 0 0 0 0 0 0 0 0 0 0 0 0 0 0 0 0 0 0 0 0 0 0
1 0 1 1 0 1 0 1 1 0 1 1 1 1 0 1 0 1 1 1 0 1 1 0 1 0 1 1 1 0 1 1 1 1 1 1 1 1 1 1 0 0 0 1 1 1 1 1 1 1 1 1 1 1 1 1 0 0 1 0 0 1 0 0 1 0 1 0 1 0 1 0 0 0 0 0 0 1 1 0 1 1 0 0 0 1 0 1 0 0 0 0 1 1 0 0 1 1 1 1
0 0 1 1 0 0 0 1 1 0 0 1 0 1 0 0 0 0 0 1 0 1 1 0 1 0 0 1 1 0 1 1 0 1 1 1 0 1 1 1 0 0 0 1 0 0 1 1 0 1 1 1 0 0 0 0 0 0 0 0 0 1 0 0 1 0 1 0 1 0 1 0 0 0 0 0 0 0 1 0 1 0 0 0 0 0 0 1 0 0 0 0 1 0 0 0 1 1 0 0
1 0 1 1 0 1 0 1 1 0 1 1 1 1 1 1 0 1 1 1 0 1 1 0 1 0 1 1 1 0 1 1 1 1 1 1 1 1 1 1 0 0 0 1 1 1 1 1 1 1 1 1 1 1 1 1 0 0 1 0 0 1 0 0 1 0 1 0 1 0 1 0 0 0 0 0 0 1 1 0 1 1 0 0 1 1 0 1 0 0 0 0 1 1 0 0 1 1 1 1
0 0 1 1 0 0 0 1 1 0 0 1 0 1 0 1 0 0 0 1 0 1 1 0 1 0 0 1 1 0 1 1 0 1 1 1 0 1 1 1 0 0 0 1 0 0 1 1 0 1 1 1 0 0 0 0 0 0 0 0 0 1 0 0 1 0 1 0 1 0 1 0 0 0 0 0 0 0 1 0 1 0 0 0 0 0 0 1 0 0 0 0 1 0 0 0 1 1 0 1
1 0 1 1 0 1 0 1 1 0 0 1 0 1 0 1 0 1 0 1 0 1 1 0 1 0 0 1 1 0 1 1 0 1 1 1 0 1 1 1 0 0 0 1 0 0 1 1 0 1 1 1 1 1 0 1 0 0 0 0 0 1 0 0 1 0 1 0 1 0 1 0 0 0 0 0 0 0 1 0 1 1 0 0 0 0 0 1 0 0 0 0 1 1 0 0 1 1 0 1
0 0 0 0 0 0 0 0 0 0 0 0 0 1 0 0 0 0 0 0 0 0 0 0 0 0 0 0 0 0 1 0 0 0 0 0 0 0 1 0 0 0 0 0 0 0 0 0 0 0 1 0 0 0 0 0 0 0 0 0 0 1 0 0 0 0 0 0 0 0 0 0 0 0 0 0 0 0 0 0 0 0 0 0 0 0 0 0 0 0 0 0 1 0 0 0 0 0 0 0
1 0 1 1 0 1 0 1 1 0 1 1 1 1 1 1 1 1 1 1 0 1 1 0 1 0 1 1 1 1 1 1 1 1 1 1 1 1 1 1 0 0 0 1 1 1 1 1 1 1 1 1 1 1 1 1 1 0 1 1 1 1 0 0 1 1 1 0 1 0 1 0 0 0 0 0 0 1 1 0 1 1 0 0 1 1 0 1 0 1 1 0 1 1 0 0 1 1 1 1
0 0 1 1 0 0 0 1 1 0 0 1 0 1 0 0 0 0 0 1 0 0 1 0 1 0 0 1 1 0 1 0 0 1 1 1 0 1 1 0 0 0 0 0 0 0 1 0 0 0 1 1 0 0 0 0 0 0 0 0 0 1 0 0 0 0 1 0 1 0 1 0 0 0 0 0 0 0 1 0 0 0 0 0 0 0 0 0 0 0 0 0 1 0 0 0 0 1 0 0
0 0 1 0 0 0 0 1 1 0 0 1 0 1 0 0 0 0 0 1 0 0 0 0 0 0 0 0 1 0 1 0 0 0 0 1 0 1 1 0 0 0 0 0 0 0 1 0 0 0 1 1 0 0 0 0 0 0 0 0 0 1 0 0 0 0 1 0 1 0 1 0 0 0 0 0 0 0 0 0 0 0 0 0 0 0 0 0 0 0 0 0 1 0 0 0 0 0 0 0
1 1 1 1 1 1 1 1 1 1 1 1 1 1 1 1 1 1 1 1 1 1 1 0 1 1 1 1 1 1 1 1 1 1 1 1 1 1 1 1 1 1 1 1 1 1 1 1 1 1 1 1 1 1 1 1 1 1 1 1 1 1 1 1 1 1 1 1 1 1 1 1 1 0 1 1 1 1 1 1 1 1 0 1 1 1 0 1 1 1 1 1 1 1 1 1 1 1 1 1
0 0 1 1 0 0 0 1 1 0 0 1 0 1 0 0 0 0 0 1 0 0 1 0 0 0 0 1 1 0 1 0 0 1 1 1 0 1 1 0 0 0 0 0 0 0 1 0 0 0 1 1 0 0 0 0 0 0 0 0 0 1 0 0 0 0 1 0 1 0 1 0 0 0 0 0 0 0 1 0 0 0 0 0 0 0 0 0 0 0 0 0 1 0 0 0 0 1 0 0
1 0 1 1 1 1 1 1 1 1 1 1 1 1 1 1 1 1 1 1 1 1 1 0 1 0 1 1 1 1 1 1 1 1 1 1 1 1 1 1 0 1 0 1 1 1 1 1 1 1 1 1 1 1 1 1 1 0 1 1 1 1 1 1 1 1 1 1 1 0 1 1 1 0 1 1 0 1 1 1 1 1 0 1 1 1 0 1 1 1 1 1 1 1 1 1 1 1 1 1
1 0 1 1 0 1 0 1 1 0 0 1 1 1 0 1 0 1 1 1 0 1 1 0 1 0 0 1 1 0 1 1 1 1 1 1 1 1 1 1 0 0 0 1 0 1 1 1 1 1 1 1 1 1 1 1 0 0 0 0 0 1 0 0 1 0 1 0 1 0 1 0 0 0 0 0 0 0 1 0 1 1 0 0 0 0 0 1 0 0 0 0 1 1 0 0 1 1 0 1
0 0 1 0 0 0 0 1 1 0 0 1 0 1 0 0 0 0 0 1 0 0 1 0 0 0 0 0 1 0 1 0 0 1 0 1 0 1 1 0 0 0 0 0 0 0 1 0 0 0 1 1 0 0 0 0 0 0 0 0 0 1 0 0 0 0 1 0 1 0 1 0 0 0 0 0 0 0 0 0 0 0 0 0 0 0 0 0 0 0 0 0 1 0 0 0 0 1 0 0
0 0 1 0 0 0 0 1 1 0 0 1 0 1 0 0 0 0 0 1 0 0 0 0 0 0 0 0 0 0 1 0 0 0 0 0 0 1 1 0 0 0 0 0 0 0 0 0 0 0 1 1 0 0 0 0 0 0 0 0 0 1 0 0 0 0 0 0 0 0 1 0 0 0 0 0 0 0 0 0 0 0 0 0 0 0 0 0 0 0 0 0 1 0 0 0 0 0 0 0
1 0 1 1 0 1 0 1 1 0 1 1 1 1 1 1 1 1 1 1 0 1 1 0 1 0 1 1 1 0 1 1 1 1 1 1 1 1 1 1 0 0 0 1 1 1 1 1 1 1 1 1 1 1 1 1 1 0 1 1 0 1 0 0 1 0 1 0 1 0 1 0 0 0 0 0 0 1 1 0 1 1 0 0 1 1 0 1 0 0 1 0 1 1 0 0 1 1 1 1
0 0 0 0 0 0 0 0 0 0 0 0 0 0 0 0 0 0 0 0 0 0 0 0 0 0 0 0 0 0 0 0 0 0 0 0 0 0 0 0 0 0 0 0 0 0 0 0 0 0 0 0 0 0 0 0 0 0 0 0 0 0 0 0 0 0 0 0 0 0 0 0 0 0 0 0 0 0 0 0 0 0 0 0 0 0 0 0 0 0 0 0 0 0 0 0 0 0 0 0
0 0 1 1 0 0 0 1 1 0 0 1 0 1 0 0 0 0 0 1 0 1 1 0 1 0 0 1 1 0 1 0 0 1 1 1 0 1 1 1 0 0 0 1 0 0 1 1 0 1 1 1 0 0 0 0 0 0 0 0 0 1 0 0 1 0 1 0 1 0 1 0 0 0 0 0 0 0 1 0 0 0 0 0 0 0 0 1 0 0 0 0 1 0 0 0 1 1 0 0
1 0 1 1 0 1 0 1 1 0 0 1 0 1 0 1 0 1 1 1 0 1 1 0 1 0 0 1 1 0 1 1 0 1 1 1 1 1 1 1 0 0 0 1 0 1 1 1 1 1 1 1 1 1 1 1 0 0 0 0 0 1 0 0 1 0 1 0 1 0 1 0 0 0 0 0 0 0 1 0 1 1 0 0 0 0 0 1 0 0 0 0 1 1 0 0 1 1 0 1
0 0 1 0 0 0 0 1 1 0 0 1 0 1 0 0 0 0 0 1 0 0 1 0 0 0 0 0 1 0 1 0 0 0 0 1 0 1 1 0 0 0 0 0 0 0 1 0 0 0 1 1 0 0 0 0 0 0 0 0 0 1 0 0 0 0 1 0 1 0 1 0 0 0 0 0 0 0 0 0 0 0 0 0 0 0 0 0 0 0 0 0 1 0 0 0 0 1 0 0
0 0 1 1 0 0 0 1 1 0 0 1 0 1 0 0 0 0 0 1 0 0 1 0 0 0 0 1 1 0 1 0 0 1 0 1 0 1 1 0 0 0 0 0 0 0 1 0 0 0 1 1 0 0 0 0 0 0 0 0 0 1 0 0 0 0 1 0 1 0 1 0 0 0 0 0 0 0 1 0 0 0 0 0 0 0 0 0 0 0 0 0 1 0 0 0 0 1 0 0
0 0 1 0 0 0 0 1 1 0 0 1 0 1 0 0 0 0 0 1 0 0 0 0 0 0 0 0 1 0 1 0 0 0 0 0 0 1 1 0 0 0 0 0 0 0 1 0 0 0 1 1 0 0 0 0 0 0 0 0 0 1 0 0 0 0 1 0 1 0 1 0 0 0 0 0 0 0 0 0 0 0 0 0 0 0 0 0 0 0 0 0 1 0 0 0 0 0 0 0
1 0 1 1 0 1 0 1 1 0 0 1 0 1 0 1 0 1 1 1 0 1 1 0 1 0 0 1 1 0 1 1 0 1 1 1 0 1 1 1 0 0 0 1 0 0 1 1 0 1 1 1 1 1 0 1 0 0 0 0 0 1 0 0 1 0 1 0 1 0 1 0 0 0 0 0 0 0 1 0 1 1 0 0 0 0 0 1 0 0 0 0 1 1 0 0 1 1 0 1
0 0 1 0 0 0 0 0 1 0 0 1 0 1 0 0 0 0 0 1 0 0 0 0 0 0 0 0 0 0 1 0 0 0 0 0 0 0 1 0 0 0 0 0 0 0 0 0 0 0 1 1 0 0 0 0 0 0 0 0 0 1 0 0 0 0 0 0 0 0 1 0 0 0 0 0 0 0 0 0 0 0 0 0 0 0 0 0 0 0 0 0 1 0 0 0 0 0 0 0
0 0 0 0 0 0 0 0 0 0 0 0 0 0 0 0 0 0 0 0 0 0 0 0 0 0 0 0 0 0 1 0 0 0 0 0 0 0 0 0 0 0 0 0 0 0 0 0 0 0 0 0 0 0 0 0 0 0 0 0 0 0 0 0 0 0 0 0 0 0 0 0 0 0 0 0 0 0 0 0 0 0 0 0 0 0 0 0 0 0 0 0 0 0 0 0 0 0 0 0
0 0 1 1 0 0 0 1 1 0 0 1 0 1 0 0 0 0 0 1 0 1 1 0 1 0 0 1 1 0 1 0 0 1 1 1 0 1 1 0 0 0 0 0 0 0 1 0 0 0 1 1 0 0 0 0 0 0 0 0 0 1 0 0 0 0 1 0 1 0 1 0 0 0 0 0 0 0 1 0 0 0 0 0 0 0 0 0 0 0 0 0 1 0 0 0 0 1 0 0
1 0 1 1 1 1 1 1 1 1 1 1 1 1 1 1 1 1 1 1 1 1 1 0 1 1 1 1 1 1 1 1 1 1 1 1 1 1 1 1 0 1 0 1 1 1 1 1 1 1 1 1 1 1 1 1 1 0 1 1 1 1 1 1 1 1 1 1 1 1 1 1 1 0 1 1 1 1 1 1 1 1 0 1 1 1 0 1 1 1 1 1 1 1 1 1 1 1 1 1
1 0 1 1 1 1 1 1 1 0 1 1 1 1 1 1 1 1 1 1 1 1 1 0 1 0 1 1 1 1 1 1 1 1 1 1 1 1 1 1 0 0 0 1 1 1 1 1 1 1 1 1 1 1 1 1 1 0 1 1 1 1 1 1 1 1 1 1 1 0 1 1 1 0 1 1 0 1 1 1 1 1 0 1 1 1 0 1 1 1 1 1 1 1 0 1 1 1 1 1
1 0 1 1 1 1 1 1 1 1 1 1 1 1 1 1 1 1 1 1 1 1 1 0 1 1 1 1 1 1 1 1 1 1 1 1 1 1 1 1 1 1 0 1 1 1 1 1 1 1 1 1 1 1 1 1 1 1 1 1 1 1 1 1 1 1 1 1 1 1 1 1 1 0 1 1 1 1 1 1 1 1 0 1 1 1 0 1 1 1 1 1 1 1 1 1 1 1 1 1
0 0 1 1 0 0 0 1 1 0 0 1 0 1 0 0 0 0 0 1 0 1 1 0 1 0 0 1 1 0 1 0 0 1 1 1 0 1 1 1 0 0 0 0 0 0 1 1 0 0 1 1 0 0 0 0 0 0 0 0 0 1 0 0 0 0 1 0 1 0 1 0 0 0 0 0 0 0 1 0 0 0 0 0 0 0 0 1 0 0 0 0 1 0 0 0 1 1 0 0
1 0 1 1 0 1 0 1 1 0 0 1 1 1 0 1 0 1 1 1 0 1 1 0 1 0 1 1 1 0 1 1 1 1 1 1 1 1 1 1 0 0 0 1 0 1 1 1 1 1 1 1 1 1 1 1 0 0 1 0 0 1 0 0 1 0 1 0 1 0 1 0 0 0 0 0 0 1 1 0 1 1 0 0 0 0 0 1 0 0 0 0 1 1 0 0 1 1 1 1
1 0 1 1 0 1 0 1 1 0 0 1 0 1 0 1 0 1 1 1 0 1 1 0 1 0 0 1 1 0 1 1 0 1 1 1 1 1 1 1 0 0 0 1 0 0 1 1 0 1 1 1 1 1 0 1 0 0 0 0 0 1 0 0 1 0 1 0 1 0 1 0 0 0 0 0 0 0 1 0 1 1 0 0 0 0 0 1 0 0 0 0 1 1 0 0 1 1 0 1
0 0 1 0 0 0 0 1 1 0 0 1 0 1 0 0 0 0 0 1 0 0 0 0 0 0 0 0 1 0 1 0 0 0 0 0 0 1 1 0 0 0 0 0 0 0 0 0 0 0 1 1 0 0 0 0 0 0 0 0 0 1 0 0 0 0 1 0 1 0 1 0 0 0 0 0 0 0 0 0 0 0 0 0 0 0 0 0 0 0 0 0 1 0 0 0 0 0 0 0
0 0 1 1 0 0 0 1 1 0 0 1 0 1 0 0 0 0 0 1 0 1 1 0 1 0 0 1 1 0 1 0 0 1 1 1 0 1 1 1 0 0 0 0 0 0 1 0 0 0 1 1 0 0 0 0 0 0 0 0 0 1 0 0 0 0 1 0 1 0 1 0 0 0 0 0 0 0 1 0 0 0 0 0 0 0 0 1 0 0 0 0 1 0 0 0 0 1 0 0
1 0 1 1 0 1 0 1 1 0 0 1 0 1 0 1 0 1 1 1 0 1 1 0 1 0 0 1 1 0 1 1 0 1 1 1 1 1 1 1 0 0 0 1 0 1 1 1 0 1 1 1 1 1 1 1 0 0 0 0 0 1 0 0 1 0 1 0 1 0 1 0 0 0 0 0 0 0 1 0 1 1 0 0 0 0 0 1 0 0 0 0 1 1 0 0 1 1 0 1
0 0 1 1 0 0 0 1 1 0 0 1 0 1 0 0 0 0 0 1 0 1 1 0 1 0 0 1 1 0 1 0 0 1 1 1 0 1 1 1 0 0 0 1 0 0 1 1 0 0 1 1 0 0 0 0 0 0 0 0 0 1 0 0 0 0 1 0 1 0 1 0 0 0 0 0 0 0 1 0 0 0 0 0 0 0 0 1 0 0 0 0 1 0 0 0 1 1 0 0
0 0 0 0 0 0 0 0 0 0 0 0 0 1 0 0 0 0 0 0 0 0 0 0 0 0 0 0 0 0 1 0 0 0 0 0 0 0 1 0 0 0 0 0 0 0 0 0 0 0 0 0 0 0 0 0 0 0 0 0 0 0 0 0 0 0 0 0 0 0 0 0 0 0 0 0 0 0 0 0 0 0 0 0 0 0 0 0 0 0 0 0 1 0 0 0 0 0 0 0
0 0 1 0 0 0 0 0 1 0 0 1 0 1 0 0 0 0 0 1 0 0 0 0 0 0 0 0 0 0 1 0 0 0 0 0 0 0 1 0 0 0 0 0 0 0 0 0 0 0 1 0 0 0 0 0 0 0 0 0 0 1 0 0 0 0 0 0 0 0 0 0 0 0 0 0 0 0 0 0 0 0 0 0 0 0 0 0 0 0 0 0 1 0 0 0 0 0 0 0
0 0 1 1 0 1 0 1 1 0 0 1 0 1 0 1 0 1 0 1 0 1 1 0 1 0 0 1 1 0 1 1 0 1 1 1 0 1 1 1 0 0 0 1 0 0 1 1 0 1 1 1 0 0 0 0 0 0 0 0 0 1 0 0 1 0 1 0 1 0 1 0 0 0 0 0 0 0 1 0 1 0 0 0 0 0 0 1 0 0 0 0 1 0 0 0 1 1 0 1
0 0 1 1 0 1 0 1 1 0 0 1 0 1 0 1 0 1 0 1 0 1 1 0 1 0 0 1 1 0 1 1 0 1 1 1 0 1 1 1 0 0 0 1 0 0 1 1 0 1 1 1 1 0 0 1 0 0 0 0 0 1 0 0 1 0 1 0 1 0 1 0 0 0 0 0 0 0 1 0 1 1 0 0 0 0 0 1 0 0 0 0 1 0 0 0 1 1 0 1
1 0 1 1 0 1 0 1 1 0 0 1 0 1 0 1 0 1 1 1 0 1 1 0 1 0 0 1 1 0 1 1 0 1 1 1 1 1 1 1 0 0 0 1 0 1 1 1 0 1 1 1 1 1 0 1 0 0 0 0 0 1 0 0 1 0 1 0 1 0 1 0 0 0 0 0 0 0 1 0 1 1 0 0 0 0 0 1 0 0 0 0 1 1 0 0 1 1 0 1
0 0 1 1 0 1 0 1 1 0 0 1 0 1 0 1 0 1 0 1 0 1 1 0 1 0 0 1 1 0 1 1 0 1 1 1 0 1 1 1 0 0 0 1 0 0 1 1 0 1 1 1 1 0 0 0 0 0 0 0 0 1 0 0 1 0 1 0 1 0 1 0 0 0 0 0 0 0 1 0 1 0 0 0 0 0 0 1 0 0 0 0 1 0 0 0 1 1 0 1
1 0 1 1 0 1 0 1 1 0 1 1 1 1 1 1 1 1 1 1 0 1 1 0 1 0 1 1 1 0 1 1 1 1 1 1 1 1 1 1 0 0 0 1 1 1 1 1 1 1 1 1 1 1 1 1 0 0 1 1 0 1 0 0 1 0 1 0 1 0 1 0 0 0 0 0 0 1 1 0 1 1 0 0 1 1 0 1 0 0 1 0 1 1 0 0 1 1 1 1
1 0 1 1 1 1 1 1 1 1 1 1 1 1 1 1 1 1 1 1 1 1 1 0 1 1 1 1 1 1 1 1 1 1 1 1 1 1 1 1 1 1 0 1 1 1 1 1 1 1 1 1 1 1 1 1 1 0 1 1 1 1 1 1 1 1 1 1 1 1 1 1 1 0 1 1 1 1 1 1 1 1 0 1 1 1 0 1 1 1 1 1 1 1 1 1 1 1 1 1
1 0 1 1 0 1 0 1 1 0 0 1 1 1 0 1 0 1 1 1 0 1 1 0 1 0 1 1 1 0 1 1 1 1 1 1 1 1 1 1 0 0 0 1 0 1 1 1 1 1 1 1 1 1 1 1 0 0 0 0 0 1 0 0 1 0 1 0 1 0 1 0 0 0 0 0 0 1 1 0 1 1 0 0 0 0 0 1 0 0 0 0 1 1 0 0 1 1 1 1
1 0 1 1 0 1 0 1 1 0 1 1 1 1 1 1 1 1 1 1 0 1 1 0 1 0 1 1 1 0 1 1 1 1 1 1 1 1 1 1 0 0 0 1 1 1 1 1 1 1 1 1 1 1 1 1 0 0 1 0 0 1 0 0 1 0 1 0 1 0 1 0 0 0 0 0 0 1 1 0 1 1 0 0 1 1 0 1 0 0 1 0 1 1 0 0 1 1 1 1
1 0 1 1 0 1 0 1 1 0 1 1 1 1 1 1 1 1 1 1 0 1 1 0 1 0 1 1 1 1 1 1 1 1 1 1 1 1 1 1 0 0 0 1 1 1 1 1 1 1 1 1 1 1 1 1 1 0 1 1 0 1 0 0 1 0 1 0 1 0 1 0 0 0 0 0 0 1 1 0 1 1 0 0 1 1 0 1 0 0 1 0 1 1 0 0 1 1 1 1
0 0 0 0 0 0 0 0 0 0 0 0 0 1 0 0 0 0 0 0 0 0 0 0 0 0 0 0 0 0 1 0 0 0 0 0 0 0 1 0 0 0 0 0 0 0 0 0 0 0 1 0 0 0 0 0 0 0 0 0 0 0 0 0 0 0 0 0 0 0 0 0 0 0 0 0 0 0 0 0 0 0 0 0 0 0 0 0 0 0 0 0 1 0 0 0 0 0 0 0
1 0 1 1 0 1 0 1 1 0 1 1 1 1 1 1 1 1 1 1 1 1 1 0 1 0 1 1 1 1 1 1 1 1 1 1 1 1 1 1 0 0 0 1 1 1 1 1 1 1 1 1 1 1 1 1 1 0 1 1 1 1 0 0 1 1 1 0 1 0 1 0 0 0 0 0 0 1 1 0 1 1 0 0 1 1 0 1 0 1 1 0 1 1 0 0 1 1 1 1
1 0 1 1 0 1 0 1 1 0 1 1 1 1 1 1 1 1 1 1 1 1 1 0 1 0 1 1 1 1 1 1 1 1 1 1 1 1 1 1 0 0 0 1 1 1 1 1 1 1 1 1 1 1 1 1 1 0 1 1 1 1 1 0 1 1 1 0 1 0 1 0 0 0 0 0 0 1 1 0 1 1 0 0 1 1 0 1 0 1 1 0 1 1 0 0 1 1 1 1
0 0 1 1 0 0 0 1 1 0 0 1 0 1 0 0 0 0 0 1 0 1 1 0 1 0 0 1 1 0 1 0 0 1 1 1 0 1 1 1 0 0 0 1 0 0 1 1 0 1 1 1 0 0 0 0 0 0 0 0 0 1 0 0 0 0 1 0 1 0 1 0 0 0 0 0 0 0 1 0 0 0 0 0 0 0 0 1 0 0 0 0 1 0 0 0 1 1 0 0
1 0 1 1 0 1 0 1 1 0 1 1 1 1 1 1 1 1 1 1 0 1 1 0 1 0 1 1 1 1 1 1 1 1 1 1 1 1 1 1 0 0 0 1 1 1 1 1 1 1 1 1 1 1 1 1 1 0 1 1 1 1 0 0 1 0 1 0 1 0 1 0 0 0 0 0 0 1 1 0 1 1 0 0 1 1 0 1 0 1 1 0 1 1 0 0 1 1 1 1
0 0 1 0 0 0 0 1 1 0 0 1 0 1 0 0 0 0 0 1 0 0 0 0 0 0 0 0 1 0 1 0 0 0 0 0 0 1 1 0 0 0 0 0 0 0 0 0 0 0 1 1 0 0 0 0 0 0 0 0 0 1 0 0 0 0 0 0 0 0 1 0 0 0 0 0 0 0 0 0 0 0 0 0 0 0 0 0 0 0 0 0 1 0 0 0 0 0 0 0
1 0 1 1 1 1 1 1 1 0 1 1 1 1 1 1 1 1 1 1 1 1 1 0 1 0 1 1 1 1 1 1 1 1 1 1 1 1 1 1 0 0 0 1 1 1 1 1 1 1 1 1 1 1 1 1 1 0 1 1 1 1 1 1 1 1 1 0 1 0 1 1 1 0 0 1 0 1 1 1 1 1 0 0 1 1 0 1 0 1 1 0 1 1 0 1 1 1 1 1
0 0 1 0 0 0 0 1 1 0 0 1 0 1 0 0 0 0 0 1 0 0 0 0 0 0 0 0 1 0 1 0 0 0 0 0 0 1 1 0 0 0 0 0 0 0 0 0 0 0 1 1 0 0 0 0 0 0 0 0 0 1 0 0 0 0 1 0 0 0 1 0 0 0 0 0 0 0 0 0 0 0 0 0 0 0 0 0 0 0 0 0 1 0 0 0 0 0 0 0
1 0 1 1 1 1 1 1 1 1 1 1 1 1 1 1 1 1 1 1 1 1 1 0 1 1 1 1 1 1 1 1 1 1 1 1 1 1 1 1 0 1 0 1 1 1 1 1 1 1 1 1 1 1 1 1 1 0 1 1 1 1 1 1 1 1 1 1 1 0 1 1 1 0 1 1 0 1 1 1 1 1 0 1 1 1 0 1 1 1 1 1 1 1 1 1 1 1 1 1
0 0 1 0 0 0 0 0 1 0 0 1 0 1 0 0 0 0 0 1 0 0 0 0 0 0 0 0 0 0 1 0 0 0 0 0 0 0 1 0 0 0 0 0 0 0 0 0 0 0 1 1 0 0 0 0 0 0 0 0 0 1 0 0 0 0 0 0 0 0 0 0 0 0 0 0 0 0 0 0 0 0 0 0 0 0 0 0 0 0 0 0 1 0 0 0 0 0 0 0
1 0 1 1 0 1 0 1 1 0 1 1 1 1 1 1 1 1 1 1 1 1 1 0 1 0 1 1 1 1 1 1 1 1 1 1 1 1 1 1 0 0 0 1 1 1 1 1 1 1 1 1 1 1 1 1 1 0 1 1 1 1 1 1 1 1 1 0 1 0 1 0 0 0 0 0 0 1 1 0 1 1 0 0 1 1 0 1 0 1 1 0 1 1 0 0 1 1 1 1
1 0 1 1 1 1 0 1 1 0 1 1 1 1 1 1 1 1 1 1 1 1 1 0 1 0 1 1 1 1 1 1 1 1 1 1 1 1 1 1 0 0 0 1 1 1 1 1 1 1 1 1 1 1 1 1 1 0 1 1 1 1 1 1 1 1 1 0 1 0 1 1 0 0 0 0 0 1 1 0 1 1 0 0 1 1 0 1 0 1 1 0 1 1 0 0 1 1 1 1
1 1 1 1 1 1 1 1 1 1 1 1 1 1 1 1 1 1 1 1 1 1 1 1 1 1 1 1 1 1 1 1 1 1 1 1 1 1 1 1 1 1 1 1 1 1 1 1 1 1 1 1 1 1 1 1 1 1 1 1 1 1 1 1 1 1 1 1 1 1 1 1 1 0 1 1 1 1 1 1 1 1 1 1 1 1 1 1 1 1 1 1 1 1 1 1 1 1 1 1
1 0 1 1 1 1 1 1 1 0 1 1 1 1 1 1 1 1 1 1 1 1 1 0 1 0 1 1 1 1 1 1 1 1 1 1 1 1 1 1 0 0 0 1 1 1 1 1 1 1 1 1 1 1 1 1 1 0 1 1 1 1 1 1 1 1 1 1 1 0 1 1 1 0 0 1 0 1 1 1 1 1 0 0 1 1 0 1 0 1 1 1 1 1 0 1 1 1 1 1
1 0 1 1 1 1 1 1 1 0 1 1 1 1 1 1 1 1 1 1 1 1 1 0 1 0 1 1 1 1 1 1 1 1 1 1 1 1 1 1 0 0 0 1 1 1 1 1 1 1 1 1 1 1 1 1 1 0 1 1 1 1 1 1 1 1 1 0 1 0 1 1 1 0 0 0 0 1 1 0 1 1 0 0 1 1 0 1 0 1 1 0 1 1 0 0 1 1 1 1
1 0 1 1 1 1 1 1 1 1 1 1 1 1 1 1 1 1 1 1 1 1 1 0 1 1 1 1 1 1 1 1 1 1 1 1 1 1 1 1 0 1 0 1 1 1 1 1 1 1 1 1 1 1 1 1 1 0 1 1 1 1 1 1 1 1 1 1 1 1 1 1 1 0 1 1 0 1 1 1 1 1 0 1 1 1 0 1 1 1 1 1 1 1 1 1 1 1 1 1
1 0 1 1 0 1 0 1 1 0 0 1 1 1 0 1 0 1 1 1 0 1 1 0 1 0 1 1 1 0 1 1 1 1 1 1 1 1 1 1 0 0 0 1 0 1 1 1 1 1 1 1 1 1 1 1 0 0 0 0 0 1 0 0 1 0 1 0 1 0 1 0 0 0 0 0 0 0 1 0 1 1 0 0 0 0 0 1 0 0 0 0 1 1 0 0 1 1 0 1
0 0 1 1 0 0 0 1 1 0 0 1 0 1 0 0 0 0 0 1 0 0 1 0 0 0 0 1 1 0 1 0 0 1 0 1 0 1 1 0 0 0 0 0 0 0 1 0 0 0 1 1 0 0 0 0 0 0 0 0 0 1 0 0 0 0 1 0 1 0 1 0 0 0 0 0 0 0 0 0 0 0 0 0 0 0 0 0 0 0 0 0 1 0 0 0 0 1 0 0
1 0 1 1 1 1 1 1 1 0 1 1 1 1 1 1 1 1 1 1 1 1 1 0 1 0 1 1 1 1 1 1 1 1 1 1 1 1 1 1 0 0 0 1 1 1 1 1 1 1 1 1 1 1 1 1 1 0 1 1 1 1 1 1 1 1 1 0 1 0 1 1 1 0 0 1 0 1 1 0 1 1 0 0 1 1 0 1 0 1 1 0 1 1 0 0 1 1 1 1
0 0 1 1 0 0 0 1 1 0 0 1 0 1 0 0 0 0 0 1 0 1 1 0 1 0 0 1 1 0 1 1 0 1 1 1 0 1 1 1 0 0 0 1 0 0 1 1 0 1 1 1 0 0 0 0 0 0 0 0 0 1 0 0 1 0 1 0 1 0 1 0 0 0 0 0 0 0 1 0 0 0 0 0 0 0 0 1 0 0 0 0 1 0 0 0 1 1 0 0
0 0 1 1 0 1 0 1 1 0 0 1 0 1 0 1 0 1 0 1 0 1 1 0 1 0 0 1 1 0 1 1 0 1 1 1 0 1 1 1 0 0 0 1 0 0 1 1 0 1 1 1 1 0 0 1 0 0 0 0 0 1 0 0 1 0 1 0 1 0 1 0 0 0 0 0 0 0 1 0 1 0 0 0 0 0 0 1 0 0 0 0 1 0 0 0 1 1 0 1
1 1 1 1 1 1 1 1 1 1 1 1 1 1 1 1 1 1 1 1 1 1 1 1 1 1 1 1 1 1 1 1 1 1 1 1 1 1 1 1 1 1 1 1 1 1 1 1 1 1 1 1 1 1 1 1 1 1 1 1 1 1 1 1 1 1 1 1 1 1 1 1 1 0 1 1 1 1 1 1 1 1 0 1 1 1 0 1 1 1 1 1 1 1 1 1 1 1 1 1
1 0 1 1 1 1 1 1 1 0 1 1 1 1 1 1 1 1 1 1 1 1 1 0 1 0 1 1 1 1 1 1 1 1 1 1 1 1 1 1 0 0 0 1 1 1 1 1 1 1 1 1 1 1 1 1 1 0 1 1 1 1 1 1 1 1 1 1 1 0 1 1 1 0 1 1 0 1 1 1 1 1 0 0 1 1 0 1 0 1 1 1 1 1 0 1 1 1 1 1
1 0 1 1 0 1 0 1 1 0 1 1 1 1 1 1 0 1 1 1 0 1 1 0 1 0 1 1 1 0 1 1 1 1 1 1 1 1 1 1 0 0 0 1 1 1 1 1 1 1 1 1 1 1 1 1 0 0 1 0 0 1 0 0 1 0 1 0 1 0 1 0 0 0 0 0 0 1 1 0 1 1 0 0 0 1 0 1 0 0 0 0 1 1 0 0 1 1 1 1
1 0 1 1 0 1 0 1 1 0 0 1 1 1 0 1 0 1 1 1 0 1 1 0 1 0 1 1 1 0 1 1 1 1 1 1 1 1 1 1 0 0 0 1 1 1 1 1 1 1 1 1 1 1 1 1 0 0 1 0 0 1 0 0 1 0 1 0 1 0 1 0 0 0 0 0 0 1 1 0 1 1 0 0 0 0 0 1 0 0 0 0 1 1 0 0 1 1 1 1
1 1 1 1 1 1 1 1 1 1 1 1 1 1 1 1 1 1 1 1 1 1 1 1 1 1 1 1 1 1 1 1 1 1 1 1 1 1 1 1 1 1 1 1 1 1 1 1 1 1 1 1 1 1 1 1 1 1 1 1 1 1 1 1 1 1 1 1 1 1 1 1 1 0 1 1 1 1 1 1 1 1 1 1 1 1 0 1 1 1 1 1 1 1 1 1 1 1 1 1
0 0 1 1 0 0 0 1 1 0 0 1 0 1 0 0 0 0 0 1 0 1 1 0 1 0 0 1 1 0 1 0 0 1 1 1 0 1 1 1 0 0 0 0 0 0 1 0 0 0 1 1 0 0 0 0 0 0 0 0 0 1 0 0 0 0 1 0 1 0 1 0 0 0 0 0 0 0 1 0 0 0 0 0 0 0 0 0 0 0 0 0 1 0 0 0 0 1 0 0
1 0 1 1 1 1 1 1 1 0 1 1 1 1 1 1 1 1 1 1 1 1 1 0 1 0 1 1 1 1 1 1 1 1 1 1 1 1 1 1 0 0 0 1 1 1 1 1 1 1 1 1 1 1 1 1 1 0 1 1 1 1 1 1 1 1 1 1 1 0 1 1 1 0 1 1 0 1 1 1 1 1 0 1 1 1 0 1 0 1 1 1 1 1 0 1 1 1 1 1
1 0 1 1 0 1 0 1 1 0 1 1 1 1 1 1 1 1 1 1 0 1 1 0 1 0 1 1 1 1 1 1 1 1 1 1 1 1 1 1 0 0 0 1 1 1 1 1 1 1 1 1 1 1 1 1 1 0 1 1 1 1 0 0 1 0 1 0 1 0 1 0 0 0 0 0 0 1 1 0 1 1 0 0 1 1 0 1 0 0 1 0 1 1 0 0 1 1 1 1
1 0 1 1 0 1 0 1 1 0 1 1 1 1 1 1 1 1 1 1 0 1 1 0 1 0 1 1 1 0 1 1 1 1 1 1 1 1 1 1 0 0 0 1 1 1 1 1 1 1 1 1 1 1 1 1 0 0 1 0 0 1 0 0 1 0 1 0 1 0 1 0 0 0 0 0 0 1 1 0 1 1 0 0 1 1 0 1 0 0 0 0 1 1 0 0 1 1 1 1
1 0 1 1 1 1 1 1 1 0 1 1 1 1 1 1 1 1 1 1 1 1 1 0 1 0 1 1 1 1 1 1 1 1 1 1 1 1 1 1 0 0 0 1 1 1 1 1 1 1 1 1 1 1 1 1 1 0 1 1 1 1 1 1 1 1 1 1 1 0 1 1 1 0 0 1 0 1 1 1 1 1 0 0 1 1 0 1 0 1 1 0 1 1 0 1 1 1 1 1
0 0 0 0 0 0 0 0 0 0 0 0 0 1 0 0 0 0 0 0 0 0 0 0 0 0 0 0 0 0 1 0 0 0 0 0 0 0 1 0 0 0 0 0 0 0 0 0 0 0 0 0 0 0 0 0 0 0 0 0 0 0 0 0 0 0 0 0 0 0 0 0 0 0 0 0 0 0 0 0 0 0 0 0 0 0 0 0 0 0 0 0 0 0 0 0 0 0 0 0
0 0 1 1 0 1 0 1 1 0 0 1 0 1 0 1 0 1 0 1 0 1 1 0 1 0 0 1 1 0 1 1 0 1 1 1 0 1 1 1 0 0 0 1 0 0 1 1 0 1 1 1 1 1 0 1 0 0 0 0 0 1 0 0 1 0 1 0 1 0 1 0 0 0 0 0 0 0 1 0 1 1 0 0 0 0 0 1 0 0 0 0 1 0 0 0 1 1 0 1
1 0 1 1 1 1 1 1 1 1 1 1 1 1 1 1 1 1 1 1 1 1 1 0 1 0 1 1 1 1 1 1 1 1 1 1 1 1 1 1 0 1 0 1 1 1 1 1 1 1 1 1 1 1 1 1 1 0 1 1 1 1 1 1 1 1 1 1 1 0 1 1 1 0 1 1 0 1 1 1 1 1 0 1 1 1 0 1 1 1 1 1 1 1 0 1 1 1 1 1
1 0 1 1 1 1 1 1 1 0 1 1 1 1 1 1 1 1 1 1 1 1 1 0 1 0 1 1 1 1 1 1 1 1 1 1 1 1 1 1 0 0 0 1 1 1 1 1 1 1 1 1 1 1 1 1 1 0 1 1 1 1 1 1 1 1 1 0 1 0 1 1 1 0 0 1 0 1 1 1 1 1 0 0 1 1 0 1 0 1 1 0 1 1 0 0 1 1 1 1
0 0 1 1 0 0 0 1 1 0 0 1 0 1 0 0 0 0 0 1 0 1 1 0 1 0 0 1 1 0 1 0 0 1 1 1 0 1 1 1 0 0 0 0 0 0 1 1 0 0 1 1 0 0 0 0 0 0 0 0 0 1 0 0 0 0 1 0 1 0 1 0 0 0 0 0 0 0 1 0 0 0 0 0 0 0 0 1 0 0 0 0 1 0 0 0 0 1 0 0
0 0 1 0 0 0 0 1 1 0 0 1 0 1 0 0 0 0 0 1 0 0 1 0 0 0 0 0 1 0 1 0 0 0 0 1 0 1 1 0 0 0 0 0 0 0 1 0 0 0 1 1 0 0 0 0 0 0 0 0 0 1 0 0 0 0 1 0 1 0 1 0 0 0 0 0 0 0 0 0 0 0 0 0 0 0 0 0 0 0 0 0 1 0 0 0 0 0 0 0
1 0 1 1 0 1 0 1 1 0 0 1 1 1 0 1 0 1 1 1 0 1 1 0 1 0 1 1 1 0 1 1 1 1 1 1 1 1 1 1 0 0 0 1 0 1 1 1 1 1 1 1 1 1 1 1 0 0 0 0 0 1 0 0 1 0 1 0 1 0 1 0 0 0 0 0 0 1 1 0 1 1 0 0 0 0 0 1 0 0 0 0 1 1 0 0 1 1 0 1
0 0 1 1 0 0 0 1 1 0 0 1 0 1 0 1 0 0 0 1 0 1 1 0 1 0 0 1 1 0 1 1 0 1 1 1 0 1 1 1 0 0 0 1 0 0 1 1 0 1 1 1 0 0 0 0 0 0 0 0 0 1 0 0 1 0 1 0 1 0 1 0 0 0 0 0 0 0 1 0 1 0 0 0 0 0 0 1 0 0 0 0 1 0 0 0 1 1 0 0
23 83 6 84 58 52
