100 8
0 0 0 0 1 0 0 0 0 0 1 0 0 0 0 0 0 0 0 0 0 0 0 0 0 0 0 0 0 0 0 0 0 1 0 0 0 0 1 0 0 0 0 0 0 0 0 0 0 0 0 0 0 0 0 0 0 0 0 0 0 0 1 0 1 0 0 0 0 1 0 0 0 1 0 0 0 1 0 0 0 0 0 0 0 0 0 0 0 0 0 0 0 0 0 0 0 0 0 0
1 0 1 0 1 1 0 0 0 0 1 1 1 0 0 0 0 0 1 0 0 1 0 1 1 1 0 0 1 0 0 1 1 1 1 0 1 1 0 0 1 1 1 0 1 0 1 1 0 0 0 0 1 1 1 1 1 1 1 0 1 0 1 0 1 1 0 1 1 0 0 0 1 1 0 1 0 1 0 0 1 1 0 1 1 0 0 0 0 0 1 1 1 0 0 0 1 1 0 0
1 0 0 0 1 0 0 0 0 0 1 0 0 0 0 0 0 0 1 0 0 1 0 0 0 0 0 0 1 0 0 0 0 1 0 0 0 0 1 0 1 0 0 0 0 0 0 1 0 0 0 0 0 0 0 0 0 0 0 0 1 0 1 0 0 0 0 0 0 0 1 0 0 1 0 1 0 0 0 0 0 0 0 0 1 0 0 0 0 0 0 0 1 0 0 0 0 0 0 0
1 1 1 0 1 1 1 1 1 1 1 1 1 0 1 1 1 1 1 1 0 1 1 1 1 1 1 1 1 0 0 1 1 1 1 1 1 1 1 1 1 1 1 1 1 1 1 1 0 1 1 1 1 1 1 1 1 1 1 1 1 1 1 1 0 1 1 1 1 0 1 0 1 1 1 1 1 0 1 1 1 1 1 1 1 1 1 1 1 1 1 1 0 1 1 1 1 1 1 1
0 0 0 0 0 0 0 0 0 0 1 0 0 0 0 0 0 0 0 0 0 1 0 0 0 0 0 0 0 0 0 0 0 1 0 0 0 0 1 0 0 0 0 0 0 0 0 0 0 0 0 0 0 0 0 0 0 0 0 0 0 0 1 0 1 0 0 0 0 0 0 0 0 1 0 0 0 0 0 0 0 0 0 0 0 0 0 0 0 0 0 0 1 0 0 0 0 0 0 0
1 0 1 0 1 0 0 0 0 0 1 1 1 0 0 0 0 0 1 0 0 0 0 0 1 1 0 0 0 0 0 0 1 1 1 0 0 1 1 0 1 0 1 0 0 0 1 1 0 0 0 0 1 0 1 0 1 0 0 0 1 0 1 0 1 0 0 1 1 1 0 0 1 1 0 1 0 0 0 0 1 0 0 1 1 0 0 0 0 0 0 1 0 0 0 0 1 1 0 0
1 1 1 0 1 1 0 1 0 0 1 1 1 0 0 1 0 1 1 1 0 0 1 1 1 1 0 1 1 0 0 1 1 1 1 1 1 1 0 1 1 1 1 0 1 1 1 1 0 1 0 0 1 1 1 1 1 1 1 0 1 1 1 1 1 1 0 1 1 0 0 0 1 1 1 1 1 1 0 0 1 1 1 1 1 1 1 0 1 1 1 1 1 0 0 1 1 1 0 1
1 1 1 0 1 1 0 0 0 0 1 1 1 0 0 1 0 0 1 1 0 0 1 1 1 1 0 1 0 0 0 1 1 1 1 0 1 1 1 0 1 1 1 0 1 0 1 1 0 0 0 0 1 1 1 1 1 1 1 0 1 1 1 0 0 1 0 1 1 1 1 0 1 1 0 1 0 0 0 0 1 1 0 1 1 1 0 0 1 0 1 1 0 0 0 0 1 1 0 0
1 1 1 0 1 1 1 1 0 1 1 1 1 0 0 1 1 1 1 1 0 0 1 1 1 1 0 1 1 0 0 1 1 1 1 1 1 1 0 1 1 1 1 0 1 1 1 1 0 1 1 1 1 1 1 1 1 1 1 1 1 1 1 1 0 1 1 1 1 0 0 0 1 1 1 1 1 0 1 1 1 1 1 1 1 1 1 0 1 1 1 1 0 0 1 1 1 1 1 1
1 1 1 0 1 1 1 1 0 0 1 1 1 0 0 1 1 1 1 1 0 1 1 1 1 1 0 1 0 0 0 1 1 1 1 1 1 1 1 1 1 1 1 0 1 1 1 1 0 1 1 1 1 1 1 1 1 1 1 1 1 1 1 1 1 1 1 1 1 1 1 0 1 1 1 1 1 1 0 1 1 1 1 1 1 1 1 0 1 1 1 1 0 0 1 1 1 1 1 1
0 0 0 0 0 0 0 0 0 0 0 0 0 0 0 0 0 0 0 0 0 0 0 0 0 0 0 0 0 0 0 0 0 0 0 0 0 0 0 0 0 0 0 0 0 0 0 0 0 0 0 0 0 0 0 0 0 0 0 0 0 0 0 0 1 0 0 0 0 0 0 0 0 1 0 0 0 1 0 0 0 0 0 0 0 0 0 0 0 0 0 0 0 0 0 0 0 0 0 0
1 0 1 0 1 0 0 0 0 0 1 0 1 0 0 0 0 0 1 0 0 1 0 0 1 1 0 0 1 0 0 0 0 1 1 0 0 0 1 0 1 0 0 0 0 0 0 1 0 0 0 0 1 0 0 0 0 0 0 0 1 0 1 0 0 0 0 0 1 1 0 0 1 1 0 1 0 0 0 0 0 0 0 0 1 0 0 0 0 0 0 0 0 0 0 0 1 1 0 0
1 0 1 0 1 0 0 0 0 0 1 0 0 0 0 0 0 0 1 0 0 0 0 0 0 1 0 0 0 0 0 0 0 1 1 0 0 0 0 0 1 0 0 0 0 0 0 1 0 0 0 0 1 0 0 0 0 0 0 0 1 0 1 0 0 0 0 0 1 0 0 0 0 1 0 1 0 0 0 0 0 0 0 0 1 0 0 0 0 0 0 0 1 0 0 0 0 1 0 0
1 1 1 1 1 1 1 1 1 1 1 1 1 0 1 1 1 1 1 1 0 1 1 1 1 1 1 1 0 1 1 1 1 1 1 1 1 1 0 1 1 1 1 1 1 1 1 1 0 1 1 1 1 1 1 1 1 1 1 1 1 1 1 1 0 1 1 1 1 0 0 0 1 1 1 1 1 0 1 1 1 1 1 1 1 1 1 1 1 1 1 1 1 1 1 1 1 1 1 1
1 1 1 0 1 1 1 1 1 1 1 1 1 0 0 1 1 1 1 1 0 1 1 1 1 1 0 1 1 0 0 1 1 1 1 1 1 1 1 1 1 1 1 0 1 1 1 1 0 1 1 1 1 1 1 1 1 1 1 1 1 1 1 1 0 1 1 1 1 0 0 0 1 1 1 1 1 1 1 1 1 1 1 1 1 1 1 0 1 1 1 1 1 0 1 1 1 1 1 1
1 1 1 0 1 1 0 0 0 0 1 1 1 0 0 0 0 0 1 0 0 0 0 1 1 1 0 0 1 0 0 1 1 1 1 0 1 1 0 0 1 1 1 0 1 0 1 1 0 0 0 0 1 1 1 1 1 1 1 0 1 1 1 0 1 1 0 1 1 1 1 0 1 1 0 1 0 1 0 0 1 1 0 1 1 0 0 0 1 0 1 1 1 0 0 0 1 1 0 0
1 1 1 0 1 1 1 1 0 0 1 1 1 0 0 1 0 1 1 1 0 0 1 1 1 1 0 1 1 0 0 1 1 1 1 1 1 1 1 1 1 1 1 0 1 1 1 1 0 1 0 1 1 1 1 1 1 1 1 0 1 1 1 1 0 1 0 1 1 1 1 0 1 1 1 1 1 0 0 0 1 1 1 1 1 1 1 0 1 1 1 1 0 0 0 1 1 1 0 1
1 1 1 0 1 1 0 1 0 0 1 1 1 0 0 1 0 0 1 1 0 1 1 1 1 1 0 1 1 0 0 1 1 1 1 0 1 1 0 1 1 1 1 0 1 0 1 1 0 1 0 0 1 1 1 1 1 1 1 0 1 1 1 1 1 1 0 1 1 1 1 0 1 1 1 1 1 0 0 0 1 1 0 1 1 1 0 0 1 0 1 1 1 0 0 0 1 1 0 0
1 0 0 0 1 0 0 0 0 0 1 0 0 0 0 0 0 0 0 0 0 0 0 0 0 0 0 0 0 0 0 0 0 1 0 0 0 0 1 0 0 0 0 0 0 0 0 0 0 0 0 0 0 0 0 0 0 0 0 0 0 0 1 0 0 0 0 0 0 1 1 0 0 1 0 0 0 0 0 0 0 0 0 0 0 0 0 0 0 0 0 0 0 0 0 0 0 0 0 0
1 1 1 0 1 1 0 0 0 0 1 1 1 0 0 1 0 0 1 0 0 0 0 1 1 1 0 1 1 0 0 1 1 1 1 0 1 1 0 0 1 1 1 0 1 0 1 1 0 0 0 0 1 1 1 1 1 1 1 0 1 1 1 0 0 1 0 1 1 0 1 0 1 1 0 1 0 0 0 0 1 1 0 1 1 0 0 0 1 0 1 1 0 0 0 0 1 1 0 0
1 1 1 1 1 1 1 1 1 1 1 1 1 1 1 1 1 1 1 1 0 1 1 1 1 1 1 1 1 1 1 1 1 1 1 1 1 1 0 1 1 1 1 1 1 1 1 1 1 1 1 1 1 1 1 1 1 1 1 1 1 1 1 1 0 1 1 1 1 1 1 0 1 1 1 1 1 1 1 1 1 1 1 1 1 1 1 1 1 1 1 1 0 1 1 1 1 1 1 1
1 0 0 0 0 1 1 1 1 0 1 0 1 0 0 1 1 0 1 1 0 0 1 1 1 1 0 0 0 0 0 1 1 0 1 1 0 0 1 0 0 1 1 1 1 1 0 0 1 0 1 1 1 0 1 0 0 1 0 1 1 0 1 1 1 1 1 1 1 1 1 1 1 0 1 1 0 1 0 0 0 0 0 1 0 1 0 0 0 0 0 1 1 0 1 1 1 0 1 0
1 1 1 0 1 1 0 0 0 0 1 1 1 0 0 1 0 0 1 1 0 0 0 1 1 1 0 1 0 0 0 1 1 1 1 0 1 1 1 0 1 1 1 0 1 0 1 1 0 0 0 0 1 1 1 1 1 1 1 0 1 1 1 0 1 1 0 1 1 1 1 0 1 1 0 1 0 1 0 0 1 1 0 1 1 0 0 0 1 0 1 1 1 0 0 0 1 1 0 0
1 0 1 0 1 1 0 0 0 0 1 1 1 0 0 0 0 0 1 0 0 0 0 0 1 1 0 0 0 0 0 0 1 1 1 0 0 1 0 0 1 1 1 0 0 0 1 1 0 0 0 0 1 0 1 0 1 1 0 0 1 0 1 0 1 1 0 1 1 0 1 0 1 1 0 1 0 0 0 0 1 0 0 1 1 0 0 0 0 0 0 1 0 0 0 0 1 1 0 0
1 0 1 0 1 0 0 0 0 0 1 0 1 0 0 0 0 0 1 0 0 0 0 0 0 1 0 0 0 0 0 0 0 1 1 0 0 0 1 0 1 0 0 0 0 0 0 1 0 0 0 0 1 0 0 0 0 0 0 0 1 0 1 0 0 0 0 0 1 0 1 0 0 1 0 1 0 1 0 0 0 0 0 0 1 0 0 0 0 0 0 0 1 0 0 0 0 1 0 0
1 0 1 0 1 0 0 0 0 0 1 0 0 0 0 0 0 0 1 0 0 0 0 0 0 0 0 0 0 0 0 0 0 1 1 0 0 0 1 0 1 0 0 0 0 0 0 1 0 0 0 0 0 0 0 0 0 0 0 0 1 0 1 0 1 0 0 0 0 0 1 0 0 1 0 1 0 1 0 0 0 0 0 0 1 0 0 0 0 0 0 0 0 0 0 0 0 1 0 0
1 1 1 0 1 1 1 1 1 1 1 1 1 0 1 1 1 1 1 1 0 1 1 1 1 1 0 1 0 0 0 1 1 1 1 1 1 1 1 1 1 1 1 1 1 1 1 1 0 1 1 1 1 1 1 1 1 1 1 1 1 1 1 1 0 1 1 1 1 0 0 0 1 1 1 1 1 1 1 1 1 1 1 1 1 1 1 1 1 1 1 1 1 0 1 1 1 1 1 1
1 1 1 0 1 1 0 0 0 0 1 1 1 0 0 1 0 0 1 0 0 1 0 1 1 1 0 0 1 0 0 1 1 1 1 0 1 1 1 0 1 1 1 0 1 0 1 1 0 0 0 0 1 1 1 1 1 1 1 0 1 1 1 0 0 1 0 1 1 0 1 0 1 1 0 1 0 0 0 0 1 1 0 1 1 0 0 0 1 0 1 1 0 0 0 0 1 1 0 0
1 0 0 0 1 1 0 1 0 1 1 0 1 1 0 0 0 0 1 0 0 1 1 1 1 1 1 0 0 1 1 0 1 0 0 1 0 0 1 0 1 1 0 0 1 0 1 1 1 0 1 0 1 1 1 1 0 1 1 0 1 0 0 0 1 0 0 0 0 1 1 0 0 1 0 1 1 1 0 0 0 1 1 0 1 0 0 1 0 1 1 0 1 0 0 0 1 1 1 0
1 1 1 1 1 1 1 1 1 1 1 1 1 0 1 1 1 1 1 1 0 1 1 1 1 1 1 1 0 0 0 1 1 1 1 1 1 1 0 1 1 1 1 1 1 1 1 1 0 1 1 1 1 1 1 1 1 1 1 1 1 1 1 1 0 1 1 1 1 1 0 0 1 1 1 1 1 0 1 1 1 1 1 1 1 1 1 1 1 1 1 1 0 1 1 1 1 1 1 1
1 1 1 1 1 1 1 1 1 1 1 1 1 0 1 1 1 1 1 1 0 1 1 1 1 1 1 1 0 1 0 1 1 1 1 1 1 1 0 1 1 1 1 1 1 1 1 1 0 1 1 1 1 1 1 1 1 1 1 1 1 1 1 1 0 1 1 1 1 0 0 0 1 1 1 1 1 1 1 1 1 1 1 1 1 1 1 1 1 1 1 1 1 1 1 1 1 1 1 1
1 0 1 0 1 1 0 0 0 0 1 1 1 0 0 0 0 0 1 0 0 0 0 1 1 1 0 0 1 0 0 0 1 1 1 0 0 1 1 0 1 1 1 0 0 0 1 1 0 0 0 0 1 0 1 0 1 1 0 0 1 0 1 0 1 1 0 1 1 1 1 0 1 1 0 1 0 1 0 0 1 0 0 1 1 0 0 0 0 0 0 1 0 0 0 0 1 1 0 0
1 0 1 0 1 0 0 0 0 0 1 1 1 0 0 0 0 0 1 0 0 0 0 0 1 1 0 0 0 0 0 0 0 1 1 0 0 0 0 0 1 0 1 0 0 0 1 1 0 0 0 0 1 0 1 0 0 0 0 0 1 0 1 0 1 0 0 0 1 0 0 0 1 1 0 1 0 0 0 0 0 0 0 1 1 0 0 0 0 0 0 1 1 0 0 0 1 1 0 0
0 0 0 0 0 0 0 0 0 0 1 0 0 0 0 0 0 0 0 0 0 1 0 0 0 0 0 0 1 0 0 0 0 0 0 0 0 0 0 0 0 0 0 0 0 0 0 0 0 0 0 0 0 0 0 0 0 0 0 0 0 0 1 0 0 0 0 0 0 0 0 0 0 1 0 0 0 0 0 0 0 0 0 0 0 0 0 0 0 0 0 0 0 0 0 0 0 0 0 0
1 0 1 0 1 0 0 0 0 0 1 0 0 0 0 0 0 0 1 0 0 0 0 0 0 0 0 0 1 0 0 0 0 1 0 0 0 0 1 0 1 0 0 0 0 0 0 1 0 0 0 0 0 0 0 0 0 0 0 0 1 0 1 0 1 0 0 0 0 1 1 0 0 1 0 1 0 1 0 0 0 0 0 0 1 0 0 0 0 0 0 0 1 0 0 0 0 0 0 0
1 1 1 0 1 1 0 1 0 0 1 1 1 0 0 1 0 1 1 1 0 0 1 1 1 1 0 1 0 0 0 1 1 1 1 0 1 1 1 1 1 1 1 0 1 0 1 1 0 1 0 0 1 1 1 1 1 1 1 0 1 1 1 1 1 1 0 1 1 0 1 0 1 1 1 1 1 0 0 0 1 1 0 1 1 1 0 0 1 0 1 1 0 0 0 0 1 1 0 1
1 0 1 0 1 1 0 0 0 0 1 1 1 0 0 0 0 0 1 0 0 1 0 1 1 1 0 0 1 0 0 1 1 1 1 0 0 1 1 0 1 1 1 0 0 0 1 1 0 0 0 0 1 1 1 0 1 1 0 0 1 0 1 0 0 1 0 1 1 1 1 0 1 1 0 1 0 1 0 0 1 1 0 1 1 0 0 0 0 0 1 1 1 0 0 0 1 1 0 0
1 0 1 0 1 0 0 0 0 0 1 1 1 0 0 0 0 0 1 0 0 1 0 0 1 1 0 0 1 0 0 0 1 1 1 0 0 0 0 0 1 0 1 0 0 0 1 1 0 0 0 0 1 0 1 0 1 0 0 0 1 0 1 0 0 0 0 0 1 0 1 0 1 1 0 1 0 1 0 0 1 0 0 1 1 0 0 0 0 0 0 1 0 0 0 0 1 1 0 0
0 1 0 0 0 0 1 0 1 0 1 0 1 1 0 1 0 1 0 1 1 0 0 1 0 0 0 0 0 1 1 0 1 1 0 0 0 1 0 0 1 1 0 1 1 1 1 1 1 1 1 1 0 1 1 0 0 1 1 1 1 0 0 1 1 1 1 0 1 1 1 0 0 1 1 0 0 1 0 0 1 0 1 1 0 1 0 1 1 0 1 1 1 1 1 0 1 0 0 0
1 1 1 0 1 1 0 1 0 0 1 1 1 0 0 1 0 0 1 1 0 1 1 1 1 1 0 1 1 0 0 1 1 1 1 0 1 1 1 0 1 1 1 0 1 0 1 1 0 1 0 0 1 1 1 1 1 1 1 0 1 1 1 1 1 1 0 1 1 0 1 0 1 1 1 1 1 0 0 0 1 1 0 1 1 1 0 0 1 0 1 1 0 0 0 0 1 1 0 0
1 0 0 0 1 0 0 0 0 0 1 0 0 0 0 0 0 0 1 0 0 1 0 0 0 0 0 0 0 0 0 0 0 1 0 0 0 0 0 0 0 0 0 0 0 0 0 1 0 0 0 0 0 0 0 0 0 0 0 0 1 0 1 0 0 0 0 0 0 1 0 0 0 1 0 1 0 0 0 0 0 0 0 0 1 0 0 0 0 0 0 0 0 0 0 0 0 0 0 0
1 0 1 0 1 1 0 0 0 0 1 1 1 0 0 0 0 0 1 0 0 0 0 0 1 1 0 0 0 0 0 0 1 1 1 0 0 1 0 0 1 0 1 0 0 0 1 1 0 0 0 0 1 0 1 0 1 1 0 0 1 0 1 0 0 1 0 1 1 0 1 0 1 1 0 1 0 0 0 0 1 0 0 1 1 0 0 0 0 0 0 1 1 0 0 0 1 1 0 0
1 0 1 0 1 0 0 0 0 0 1 1 1 0 0 0 0 0 1 0 0 0 0 0 1 1 0 0 1 0 0 0 0 1 1 0 0 0 1 0 1 0 0 0 0 0 0 1 0 0 0 0 1 0 1 0 0 0 0 0 1 0 1 0 0 0 0 0 1 0 1 0 1 1 0 1 0 1 0 0 0 0 0 0 1 0 0 0 0 0 0 0 1 0 0 0 1 1 0 0
1 1 1 0 1 1 1 1 1 1 1 1 1 0 1 1 1 1 1 1 0 0 1 1 1 1 0 1 1 0 0 1 1 1 1 1 1 1 0 1 1 1 1 0 1 1 1 1 0 1 1 1 1 1 1 1 1 1 1 1 1 1 1 1 1 1 1 1 1 1 0 0 1 1 1 1 1 0 1 1 1 1 1 1 1 1 1 0 1 1 1 1 0 0 1 1 1 1 1 1
1 0 1 0 1 1 0 0 0 0 1 1 1 0 0 0 0 0 1 0 0 0 0 1 1 1 0 0 0 0 0 1 1 1 1 0 1 1 0 0 1 1 1 0 0 0 1 1 0 0 0 0 1 1 1 0 1 1 1 0 1 0 1 0 1 1 0 1 1 1 1 0 1 1 0 1 0 1 0 0 1 1 0 1 1 0 0 0 0 0 1 1 1 0 0 0 1 1 0 0
1 1 1 0 1 1 0 1 0 0 1 1 1 0 0 1 0 1 1 1 0 0 1 1 1 1 0 1 1 0 0 1 1 1 1 1 1 1 0 1 1 1 1 0 1 0 1 1 0 1 0 0 1 1 1 1 1 1 1 0 1 1 1 1 0 1 0 1 1 0 1 0 1 1 1 1 1 1 0 0 1 1 1 1 1 1 0 0 1 0 1 1 0 0 0 0 1 1 0 1
1 0 1 0 1 0 0 0 0 0 1 1 1 0 0 0 0 0 1 0 0 1 0 0 1 1 0 0 0 0 0 0 0 1 1 0 0 0 0 0 1 0 1 0 0 0 0 1 0 0 0 0 1 0 1 0 0 0 0 0 1 0 1 0 0 0 0 0 1 0 1 0 1 1 0 1 0 1 0 0 0 0 0 0 1 0 0 0 0 0 0 1 1 0 0 0 1 1 0 0
1 0 0 0 1 0 0 0 0 0 1 0 0 0 0 0 0 0 1 0 0 1 0 0 0 0 0 0 0 0 0 0 0 1 0 0 0 0 0 0 0 0 0 0 0 0 0 0 0 0 0 0 0 0 0 0 0 0 0 0 1 0 1 0 0 0 0 0 0 1 0 0 0 1 0 1 0 0 0 0 0 0 0 0 1 0 0 0 0 0 0 0 0 0 0 0 0 0 0 0
1 1 1 1 1 1 1 1 1 1 1 1 1 1 1 1 1 1 1 1 0 0 1 1 1 1 1 1 0 1 1 1 1 1 1 1 1 1 0 1 1 1 1 1 1 1 1 1 0 1 1 1 1 1 1 1 1 1 1 1 1 1 1 1 1 1 1 1 1 0 0 0 1 1 1 1 1 0 1 1 1 1 1 1 1 1 1 1 1 1 1 1 0 1 1 1 1 1 1 1
1 1 1 0 1 1 0 1 0 0 1 1 1 0 0 1 0 0 1 1 0 1 1 1 1 1 0 1 1 0 0 1 1 1 1 0 1 1 0 0 1 1 1 0 1 0 1 1 0 0 0 0 1 1 1 1 1 1 1 0 1 1 1 1 1 1 0 1 1 1 1 0 1 1 0 1 0 0 0 0 1 1 0 1 1 1 0 0 1 0 1 1 1 0 0 0 1 1 0 0
1 1 1 0 1 1 1 1 0 0 1 1 1 0 0 1 1 1 1 1 0 0 1 1 1 1 0 1 0 0 0 1 1 1 1 1 1 1 0 1 1 1 1 0 1 1 1 1 0 1 0 1 1 1 1 1 1 1 1 0 1 1 1 1 0 1 1 1 1 1 0 0 1 1 1 1 1 0 0 0 1 1 1 1 1 1 1 0 1 1 1 1 0 0 1 1 1 1 0 1
1 1 1 0 1 1 1 1 0 0 1 1 1 0 0 1 0 1 1 1 0 0 1 1 1 1 0 1 1 0 0 1 1 1 1 1 1 1 0 1 1 1 1 0 1 1 1 1 0 1 0 0 1 1 1 1 1 1 1 0 1 1 1 1 0 1 0 1 1 0 1 0 1 1 1 1 1 1 0 0 1 1 1 1 1 1 1 0 1 1 1 1 1 0 0 1 1 1 0 1
1 0 1 0 1 0 0 0 0 0 1 0 0 0 0 0 0 0 1 0 0 0 0 0 0 1 0 0 0 0 0 0 0 1 1 0 0 0 1 0 1 0 0 0 0 0 0 1 0 0 0 0 0 0 0 0 0 0 0 0 1 0 1 0 0 0 0 0 0 1 1 0 0 1 0 1 0 0 0 0 0 0 0 0 1 0 0 0 0 0 0 0 0 0 0 0 0 1 0 0
1 0 1 0 1 1 0 0 0 0 1 1 1 0 0 0 0 0 1 0 0 1 0 1 1 1 0 0 0 0 0 1 1 1 1 0 0 1 0 0 1 1 1 0 0 0 1 1 0 0 0 0 1 0 1 0 1 1 0 0 1 0 1 0 0 1 0 1 1 1 0 0 1 1 0 1 0 0 0 0 1 0 0 1 1 0 0 0 0 0 0 1 0 0 0 0 1 1 0 0
1 0 1 0 1 0 0 0 0 0 1 1 1 0 0 0 0 0 1 0 0 0 0 0 1 1 0 0 0 0 0 0 0 1 1 0 0 0 0 0 1 0 0 0 0 0 0 1 0 0 0 0 1 0 0 0 0 0 0 0 1 0 1 0 1 0 0 0 1 0 1 0 1 1 0 1 0 0 0 0 0 0 0 0 1 0 0 0 0 0 0 0 0 0 0 0 1 1 0 0
1 0 1 0 1 1 0 0 0 0 1 1 1 0 0 0 0 0 1 0 0 1 0 1 1 1 0 0 0 0 0 1 1 1 1 0 1 1 1 0 1 1 1 0 1 0 1 1 0 0 0 0 1 1 1 0 1 1 1 0 1 0 1 0 0 1 0 1 1 0 1 0 1 1 0 1 0 0 0 0 1 1 0 1 1 0 0 0 0 0 1 1 1 0 0 0 1 1 0 0
1 0 1 0 1 0 0 0 0 0 1 1 1 0 0 0 0 0 1 0 0 1 0 0 1 1 0 0 1 0 0 0 1 1 1 0 0 0 1 0 1 0 1 0 0 0 1 1 0 0 0 0 1 0 1 0 0 0 0 0 1 0 1 0 1 0 0 0 1 0 1 0 1 1 0 1 0 0 0 0 0 0 0 1 1 0 0 0 0 0 0 1 0 0 0 0 1 1 0 0
1 0 1 0 1 1 0 0 0 0 1 1 1 0 0 0 0 0 1 0 0 0 0 0 1 1 0 0 0 0 0 0 1 1 1 0 0 1 0 0 1 0 1 0 0 0 1 1 0 0 0 0 1 0 1 0 1 0 0 0 1 0 1 0 0 1 0 1 1 1 1 0 1 1 0 1 0 0 0 0 1 0 0 1 1 0 0 0 0 0 0 1 1 0 0 0 1 1 0 0
1 0 1 0 1 1 0 0 0 0 1 1 1 0 0 0 0 0 1 0 0 1 0 1 1 1 0 0 0 0 0 1 1 1 1 0 1 1 0 0 1 1 1 0 0 0 1 1 0 0 0 0 1 1 1 0 1 1 0 0 1 0 1 0 0 1 0 1 1 0 1 0 1 1 0 1 0 1 0 0 1 1 0 1 1 0 0 0 0 0 1 1 0 0 0 0 1 1 0 0
1 1 1 0 1 1 1 1 0 0 1 1 1 0 0 1 1 1 1 1 0 0 1 1 1 1 0 1 1 0 0 1 1 1 1 1 1 1 0 1 1 1 1 0 1 1 1 1 0 1 1 1 1 1 1 1 1 1 1 0 1 1 1 1 0 1 1 1 1 0 1 0 1 1 1 1 1 1 0 1 1 1 1 1 1 1 1 0 1 1 1 1 0 0 1 1 1 1 1 1
1 0 0 0 1 0 0 0 0 0 1 0 0 0 0 0 0 0 1 0 0 0 0 0 0 0 0 0 0 0 0 0 0 1 0 0 0 0 0 0 0 0 0 0 0 0 0 0 0 0 0 0 0 0 0 0 0 0 0 0 0 0 1 0 0 0 0 0 0 1 1 0 0 1 0 1 0 0 0 0 0 0 0 0 1 0 0 0 0 0 0 0 0 0 0 0 0 0 0 0
1 1 1 0 1 1 0 0 0 0 1 1 1 0 0 0 0 0 1 0 0 1 0 1 1 1 0 0 1 0 0 1 1 1 1 0 1 1 1 0 1 1 1 0 1 0 1 1 0 0 0 0 1 1 1 1 1 1 1 0 1 0 1 0 0 1 0 1 1 1 0 0 1 1 0 1 0 1 0 0 1 1 0 1 1 0 0 0 1 0 1 1 1 0 0 0 1 1 0 0
0 0 0 0 0 0 0 0 0 0 1 0 0 0 0 0 0 0 0 0 0 0 0 0 0 0 0 0 1 0 0 0 0 0 0 0 0 0 1 0 0 0 0 0 0 0 0 0 0 0 0 0 0 0 0 0 0 0 0 0 0 0 0 0 0 0 0 0 0 1 1 0 0 1 0 0 0 0 0 0 0 0 0 0 0 0 0 0 0 0 0 0 1 0 0 0 0 0 0 0
1 1 1 0 1 1 0 1 0 0 1 1 1 0 0 1 0 0 1 1 0 0 1 1 1 1 0 1 1 0 0 1 1 1 1 0 1 1 0 0 1 1 1 0 1 0 1 1 0 0 0 0 1 1 1 1 1 1 1 0 1 1 1 0 1 1 0 1 1 1 0 0 1 1 0 1 0 0 0 0 1 1 0 1 1 1 0 0 1 0 1 1 0 0 0 0 1 1 0 0
0 0 1 1 0 0 0 1 1 0 0 1 1 1 1 0 1 0 1 1 1 0 0 0 1 0 1 1 0 1 1 0 0 1 0 0 1 1 0 0 1 1 1 0 0 1 1 1 0 0 1 1 1 1 0 1 0 1 1 1 1 1 1 0 0 0 1 1 0 1 1 1 0 0 1 0 1 0 1 1 0 1 0 0 1 1 1 1 0 1 0 0 1 0 1 1 0 1 1 1
1 0 1 0 1 1 0 0 0 0 1 1 1 0 0 0 0 0 1 0 0 0 0 0 1 1 0 0 1 0 0 0 1 1 1 0 0 1 0 0 1 0 1 0 0 0 1 1 0 0 0 0 1 0 1 0 1 0 0 0 1 0 1 0 1 0 0 1 1 0 1 0 1 1 0 1 0 0 0 0 1 0 0 1 1 0 0 0 0 0 0 1 0 0 0 0 1 1 0 0
1 1 1 0 1 1 1 1 0 0 1 1 1 0 0 1 1 1 1 1 0 0 1 1 1 1 0 1 1 0 0 1 1 1 1 1 1 1 0 1 1 1 1 0 1 1 1 1 0 1 0 1 1 1 1 1 1 1 1 0 1 1 1 1 0 1 0 1 1 1 0 0 1 1 1 1 1 0 0 0 1 1 1 1 1 1 1 0 1 1 1 1 0 0 1 1 1 1 0 1
1 0 1 0 1 0 0 0 0 0 1 1 1 0 0 0 0 0 1 0 0 0 0 0 1 1 0 0 1 0 0 0 1 1 1 0 0 1 1 0 1 0 1 0 0 0 1 1 0 0 0 0 1 0 1 0 1 0 0 0 1 0 1 0 0 0 0 0 1 1 1 0 1 1 0 1 0 0 0 0 1 0 0 1 1 0 0 0 0 0 0 1 0 0 0 0 1 1 0 0
1 0 1 0 1 0 0 0 0 0 1 0 0 0 0 0 0 0 1 0 0 0 0 0 0 1 0 0 1 0 0 0 0 1 1 0 0 0 0 0 1 0 0 0 0 0 0 1 0 0 0 0 1 0 0 0 0 0 0 0 1 0 1 0 1 0 0 0 0 1 1 0 0 1 0 1 0 0 0 0 0 0 0 0 1 0 0 0 0 0 0 0 0 0 0 0 0 1 0 0
0 1 1 1 1 0 1 0 1 0 1 0 1 1 1 0 0 0 0 1 0 0 0 1 1 1 1 1 0 0 1 0 1 1 0 1 0 1 0 1 0 1 1 0 0 1 1 0 1 0 0 1 0 0 1 1 1 0 1 1 0 0 0 0 0 1 0 0 0 0 0 0 1 1 1 0 0 0 0 1 0 1 1 0 1 1 0 1 0 1 1 1 0 1 0 0 0 1 0 1
1 1 0 0 1 1 1 0 1 0 1 1 1 1 1 0 0 0 0 0 0 0 0 0 0 0 1 0 0 1 1 0 1 1 0 0 0 0 0 0 1 0 0 1 0 0 0 1 1 0 1 0 0 1 0 0 0 0 0 0 0 1 0 1 0 0 1 0 0 1 0 1 0 0 0 0 0 0 1 1 0 1 1 0 0 1 1 0 0 0 0 1 0 1 1 0 0 0 1 1
1 1 1 1 1 1 1 1 1 1 1 1 1 1 1 1 1 1 1 1 1 0 1 1 1 1 1 1 1 1 1 1 1 1 1 1 1 1 1 1 1 1 1 1 1 1 1 1 1 1 1 1 1 1 1 1 1 1 1 1 1 1 1 1 0 1 1 1 1 1 0 0 1 1 1 1 1 0 1 1 1 1 1 1 1 1 1 1 1 1 1 1 1 1 1 1 1 1 1 1
1 0 1 0 1 0 0 0 0 0 1 0 1 0 0 0 0 0 1 0 0 0 0 0 1 1 0 0 1 0 0 0 0 1 1 0 0 0 1 0 1 0 0 0 0 0 0 1 0 0 0 0 1 0 0 0 0 0 0 0 1 0 1 0 1 0 0 0 1 0 1 0 0 1 0 1 0 1 0 0 0 0 0 0 1 0 0 0 0 0 0 0 1 0 0 0 0 1 0 0
0 0 0 0 0 0 0 0 0 0 0 0 0 0 0 0 0 0 0 0 0 1 0 0 0 0 0 0 0 0 0 0 0 0 0 0 0 0 0 0 0 0 0 0 0 0 0 0 0 0 0 0 0 0 0 0 0 0 0 0 0 0 0 0 1 0 0 0 0 0 1 0 0 0 0 0 0 1 0 0 0 0 0 0 0 0 0 0 0 0 0 0 1 0 0 0 0 0 0 0
1 1 1 0 1 1 0 1 0 0 1 1 1 0 0 1 0 0 1 1 0 0 1 1 1 1 0 1 1 0 0 1 1 1 1 0 1 1 0 0 1 1 1 0 1 0 1 1 0 1 0 0 1 1 1 1 1 1 1 0 1 1 1 1 0 1 0 1 1 0 1 0 1 1 0 1 1 0 0 0 1 1 0 1 1 1 0 0 1 0 1 1 1 0 0 0 1 1 0 0
1 0 0 0 1 0 0 0 0 0 1 0 0 0 0 0 0 0 1 0 0 0 0 0 0 0 0 0 0 0 0 0 0 1 0 0 0 0 1 0 0 0 0 0 0 0 0 0 0 0 0 0 0 0 0 0 0 0 0 0 0 0 1 0 1 0 0 0 0 1 1 0 0 1 0 0 0 0 0 0 0 0 0 0 1 0 0 0 0 0 0 0 0 0 0 0 0 0 0 0
1 1 1 0 1 1 0 1 0 0 1 1 1 0 0 1 0 0 1 1 0 1 1 1 1 1 0 1 0 0 0 1 1 1 1 0 1 1 1 0 1 1 1 0 1 0 1 1 0 1 0 0 1 1 1 1 1 1 1 0 1 1 1 1 0 1 0 1 1 1 1 0 1 1 0 1 0 0 0 0 1 1 0 1 1 1 0 0 1 0 1 1 1 0 0 0 1 1 0 0
0 0 1 1 1 1 0 1 1 0 0 1 1 1 0 0 1 1 1 1 0 0 0 1 0 0 0 1 0 1 0 0 1 1 0 1 0 0 0 1 1 1 0 1 0 0 0 1 1 1 1 0 1 1 1 1 1 1 0 0 1 0 1 1 1 1 1 1 1 1 1 1 0 0 1 1 1 0 0 0 0 1 0 0 0 0 0 0 1 1 0 1 1 1 0 1 1 1 0 1
1 1 1 0 1 1 1 1 0 1 1 1 1 0 0 1 1 1 1 1 0 1 1 1 1 1 0 1 1 0 0 1 1 1 1 1 1 1 1 1 1 1 1 0 1 1 1 1 0 1 1 1 1 1 1 1 1 1 1 1 1 1 1 1 0 1 1 1 1 1 0 0 1 1 1 1 1 1 0 1 1 1 1 1 1 1 1 0 1 1 1 1 1 0 1 1 1 1 1 1
1 1 1 0 1 1 1 1 0 0 1 1 1 0 0 1 1 1 1 1 0 1 1 1 1 1 0 1 1 0 0 1 1 1 1 1 1 1 1 1 1 1 1 0 1 1 1 1 0 1 1 1 1 1 1 1 1 1 1 0 1 1 1 1 0 1 1 1 1 0 0 0 1 1 1 1 1 1 0 0 1 1 1 1 1 1 1 0 1 1 1 1 1 0 1 1 1 1 0 1
1 0 1 0 1 0 0 0 0 0 1 1 1 0 0 0 0 0 1 0 0 1 0 0 1 1 0 0 1 0 0 0 1 1 1 0 0 0 0 0 1 0 1 0 0 0 1 1 0 0 0 0 1 0 1 0 1 0 0 0 1 0 1 0 1 0 0 0 1 1 1 0 1 1 0 1 0 1 0 0 0 0 0 1 1 0 0 0 0 0 0 1 1 0 0 0 1 1 0 0
1 0 1 0 1 1 0 0 0 0 1 1 1 0 0 0 0 0 1 0 0 1 0 1 1 1 0 0 0 0 0 1 1 1 1 0 0 1 1 0 1 1 1 0 0 0 1 1 0 0 0 0 1 1 1 0 1 1 0 0 1 0 1 0 0 1 0 1 1 0 0 0 1 1 0 1 0 0 0 0 1 0 0 1 1 0 0 0 0 0 1 1 0 0 0 0 1 1 0 0
1 1 1 0 1 1 0 1 0 0 1 1 1 0 0 1 0 1 1 1 0 1 1 1 1 1 0 1 0 0 0 1 1 1 1 1 1 1 0 1 1 1 1 0 1 0 1 1 0 1 0 0 1 1 1 1 1 1 1 0 1 1 1 1 1 1 0 1 1 0 0 0 1 1 1 1 1 1 0 0 1 1 0 1 1 1 0 0 1 0 1 1 1 0 0 0 1 1 0 1
1 0 1 0 1 0 0 0 0 0 1 1 1 0 0 0 0 0 1 0 0 0 0 0 1 1 0 0 1 0 0 0 0 1 1 0 0 0 0 0 1 0 1 0 0 0 1 1 0 0 0 0 1 0 1 0 0 0 0 0 1 0 1 0 1 0 0 0 1 1 1 0 1 1 0 1 0 1 0 0 0 0 0 0 1 0 0 0 0 0 0 1 0 0 0 0 1 1 0 0
1 0 0 0 1 0 0 0 0 0 1 0 0 0 0 0 0 0 1 0 0 1 0 0 0 0 0 0 0 0 0 0 0 1 0 0 0 0 1 0 0 0 0 0 0 0 0 0 0 0 0 0 0 0 0 0 0 0 0 0 0 0 1 0 0 0 0 0 0 0 1 0 0 1 0 0 0 1 0 0 0 0 0 0 0 0 0 0 0 0 0 0 1 0 0 0 0 0 0 0
1 1 1 0 1 1 0 0 0 0 1 1 1 0 0 1 0 0 1 1 0 0 1 1 1 1 0 1 1 0 0 1 1 1 1 0 1 1 0 0 1 1 1 0 1 0 1 1 0 0 0 0 1 1 1 1 1 1 1 0 1 1 1 0 0 1 0 1 1 0 0 0 1 1 0 1 0 1 0 0 1 1 0 1 1 0 0 0 1 0 1 1 0 0 0 0 1 1 0 0
1 1 1 0 1 1 0 1 0 0 1 1 1 0 0 1 0 1 1 1 0 1 1 1 1 1 0 1 1 0 0 1 1 1 1 1 1 1 1 1 1 1 1 0 1 1 1 1 0 1 0 0 1 1 1 1 1 1 1 0 1 1 1 1 0 1 0 1 1 1 0 0 1 1 1 1 1 1 0 0 1 1 1 1 1 1 0 0 1 0 1 1 0 0 0 0 1 1 0 1
1 1 1 0 1 1 1 1 1 1 1 1 1 0 1 1 1 1 1 1 0 1 1 1 1 1 0 1 0 0 0 1 1 1 1 1 1 1 0 1 1 1 1 1 1 1 1 1 0 1 1 1 1 1 1 1 1 1 1 1 1 1 1 1 0 1 1 1 1 0 1 0 1 1 1 1 1 1 1 1 1 1 1 1 1 1 1 0 1 1 1 1 1 0 1 1 1 1 1 1
1 1 1 0 1 1 0 0 0 0 1 1 1 0 0 0 0 0 1 0 0 1 0 1 1 1 0 0 1 0 0 1 1 1 1 0 1 1 0 0 1 1 1 0 1 0 1 1 0 0 0 0 1 1 1 1 1 1 1 0 1 0 1 0 1 1 0 1 1 1 1 0 1 1 0 1 0 0 0 0 1 1 0 1 1 0 0 0 0 0 1 1 0 0 0 0 1 1 0 0
1 1 1 0 1 1 0 1 0 0 1 1 1 0 0 1 0 1 1 1 0 1 1 1 1 1 0 1 0 0 0 1 1 1 1 1 1 1 1 1 1 1 1 0 1 1 1 1 0 1 0 0 1 1 1 1 1 1 1 0 1 1 1 1 0 1 0 1 1 0 1 0 1 1 1 1 1 0 0 0 1 1 1 1 1 1 1 0 1 0 1 1 1 0 0 1 1 1 0 1
1 0 1 0 1 1 0 0 0 0 1 1 1 0 0 0 0 0 1 0 0 1 0 1 1 1 0 0 0 0 0 1 1 1 1 0 0 1 0 0 1 1 1 0 0 0 1 1 0 0 0 0 1 1 1 0 1 1 0 0 1 0 1 0 1 1 0 1 1 0 1 0 1 1 0 1 0 1 0 0 1 0 0 1 1 0 0 0 0 0 0 1 1 0 0 0 1 1 0 0
1 0 1 0 1 0 0 0 0 0 1 1 1 0 0 0 0 0 1 0 0 0 0 0 1 1 0 0 1 0 0 0 0 1 1 0 0 0 0 0 1 0 1 0 0 0 0 1 0 0 0 0 1 0 1 0 0 0 0 0 1 0 1 0 1 0 0 0 1 0 0 0 1 1 0 1 0 0 0 0 0 0 0 0 1 0 0 0 0 0 0 0 0 0 0 0 1 1 0 0
1 0 0 1 0 1 0 1 1 1 1 1 0 0 0 0 1 0 1 1 1 0 0 1 0 1 0 1 0 1 0 1 0 1 0 1 0 1 0 1 1 0 0 1 0 1 0 1 1 0 1 0 1 1 1 0 1 0 1 1 1 0 0 1 0 1 1 1 1 1 1 0 0 0 0 1 0 0 0 0 0 1 0 1 0 1 1 0 1 0 0 1 0 0 0 0 0 0 1 0
1 1 1 0 1 1 1 1 1 1 1 1 1 0 1 1 1 1 1 1 0 1 1 1 1 1 1 1 1 0 0 1 1 1 1 1 1 1 0 1 1 1 1 1 1 1 1 1 0 1 1 1 1 1 1 1 1 1 1 1 1 1 1 1 1 1 1 1 1 0 0 0 1 1 1 1 1 0 1 1 1 1 1 1 1 1 1 1 1 1 1 1 1 0 1 1 1 1 1 1
1 1 1 0 1 1 1 1 0 0 1 1 1 0 0 1 1 1 1 1 0 0 1 1 1 1 0 1 1 0 0 1 1 1 1 1 1 1 0 1 1 1 1 0 1 1 1 1 0 1 0 1 1 1 1 1 1 1 1 0 1 1 1 1 0 1 0 1 1 1 0 0 1 1 1 1 1 1 0 0 1 1 1 1 1 1 1 0 1 1 1 1 1 0 0 1 1 1 0 1
1 1 1 0 1 1 0 1 0 0 1 1 1 0 0 1 0 1 1 1 0 0 1 1 1 1 0 1 1 0 0 1 1 1 1 1 1 1 1 1 1 1 1 0 1 1 1 1 0 1 0 0 1 1 1 1 1 1 1 0 1 1 1 1 0 1 0 1 1 1 1 0 1 1 1 1 1 0 0 0 1 1 1 1 1 1 1 0 1 0 1 1 1 0 0 0 1 1 0 1
1 0 1 0 1 0 0 0 0 0 1 0 1 0 0 0 0 0 1 0 0 0 0 0 1 1 0 0 0 0 0 0 0 1 1 0 0 0 0 0 1 0 0 0 0 0 0 1 0 0 0 0 1 0 0 0 0 0 0 0 1 0 1 0 1 0 0 0 1 1 1 0 1 1 0 1 0 0 0 0 0 0 0 0 1 0 0 0 0 0 0 0 1 0 0 0 0 1 0 0
1 0 1 0 1 0 0 0 0 0 1 0 0 0 0 0 0 0 1 0 0 1 0 0 0 0 0 0 0 0 0 0 0 1 1 0 0 0 1 0 1 0 0 0 0 0 0 1 0 0 0 0 0 0 0 0 0 0 0 0 1 0 1 0 0 0 0 0 0 0 1 0 0 1 0 1 0 0 0 0 0 0 0 0 1 0 0 0 0 0 0 0 1 0 0 0 0 0 0 0
1 1 1 0 1 1 1 1 0 0 1 1 1 0 0 1 1 1 1 1 0 0 1 1 1 1 0 1 0 0 0 1 1 1 1 1 1 1 1 1 1 1 1 0 1 1 1 1 0 1 1 1 1 1 1 1 1 1 1 0 1 1 1 1 0 1 1 1 1 1 0 0 1 1 1 1 1 1 0 1 1 1 1 1 1 1 1 0 1 1 1 1 0 0 1 1 1 1 0 1
1 1 1 0 1 1 0 1 0 0 1 1 1 0 0 1 0 1 1 1 0 1 1 1 1 1 0 1 1 0 0 1 1 1 1 0 1 1 1 1 1 1 1 0 1 0 1 1 0 1 0 0 1 1 1 1 1 1 1 0 1 1 1 1 0 1 0 1 1 0 0 0 1 1 1 1 1 0 0 0 1 1 0 1 1 1 0 0 1 0 1 1 1 0 0 0 1 1 0 0
28 21 38 77 64 92 70 69
