2400 4
0
1
2
3
4
5
6
7
8
9
10
11
12
13
14
15
16
17
18
19
20
21
22
23
24
25
26
27
28
29
30
31
32
33
34
35
36
37
38
39
40
41
42
43
44
45
46
47
48
49
50
51
52
53
54
55
56
57
58
59
60
61
62
63
64
65
66
67
68
69
70
71
72
73
74
75
76
77
78
79
80
81
82
83
84
85
86
87
88
89
90
91
92
93
94
95
96
97
98
99
100
101
102
103
104
105
106
107
108
109
110
111
112
113
114
115
116
117
118
119
120
121
122
123
124
125
126
127
128
129
130
131
132
133
134
135
136
137
138
139
140
141
142
143
144
145
146
147
148
149
150
151
152
153
154
155
156
157
158
159
160
161
162
163
164
165
166
167
168
169
170
171
172
173
174
175
176
177
178
179
180
181
182
183
184
185
186
187
188
189
190
191
192
193
194
195
196
197
198
199
200
201
202
203
204
205
206
207
208
209
210
211
212
213
214
215
216
217
218
219
220
221
222
223
224
225
226
227
228
229
230
231
232
233
234
235
236
237
238
239
240
241
242
243
244
245
246
247
248
249
250
251
252
253
254
255
256
257
258
259
260
261
262
263
264
265
266
267
268
269
270
271
272
273
274
275
276
277
278
279
280
281
282
283
284
285
286
287
288
289
290
291
292
293
294
295
296
297
298
299
300
301
302
303
304
305
306
307
308
309
310
311
312
313
314
315
316
317
318
319
320
321
322
323
324
325
326
327
328
329
330
331
332
333
334
335
336
337
338
339
340
341
342
343
344
345
346
347
348
349
350
351
352
353
354
355
356
357
358
359
360
361
362
363
364
365
366
367
368
369
370
371
372
373
374
375
376
377
378
379
380
381
382
383
384
385
386
387
388
389
390
391
392
393
394
395
396
397
398
399
400
401
402
403
404
405
406
407
408
409
410
411
412
413
414
415
416
417
418
419
420
421
422
423
424
425
426
427
428
429
430
431
432
433
434
435
436
437
438
439
440
441
442
443
444
445
446
447
448
449
450
451
452
453
454
455
456
457
458
459
460
461
462
463
464
465
466
467
468
469
470
471
472
473
474
475
476
477
478
479
480
481
482
483
484
485
486
487
488
489
490
491
492
493
494
495
496
497
498
499
500
501
502
503
504
505
506
507
508
509
510
511
512
513
514
515
516
517
518
519
520
521
522
523
524
525
526
527
528
529
530
531
532
533
534
535
536
537
538
539
540
541
542
543
544
545
546
547
548
549
550
551
552
553
554
555
556
557
558
559
560
561
562
563
564
565
566
567
568
569
570
571
572
573
574
575
576
577
578
579
580
581
582
583
584
585
586
587
588
589
590
591
592
593
594
595
596
597
598
599
600
601
602
603
604
605
606
607
608
609
610
611
612
613
614
615
616
617
618
619
620
621
622
623
624
625
626
627
628
629
630
631
632
633
634
635
636
637
638
639
640
641
642
643
644
645
646
647
648
649
650
651
652
653
654
655
656
657
658
659
660
661
662
663
664
665
666
667
668
669
670
671
672
673
674
675
676
677
678
679
680
681
682
683
684
685
686
687
688
689
690
691
692
693
694
695
696
697
698
699
700
701
702
703
704
705
706
707
708
709
710
711
712
713
714
715
716
717
718
719
720
721
722
723
724
725
726
727
728
729
730
731
732
733
734
735
736
737
738
739
740
741
742
743
744
745
746
747
748
749
750
751
752
753
754
755
756
757
758
759
760
761
762
763
764
765
766
767
768
769
770
771
772
773
774
775
776
777
778
779
780
781
782
783
784
785
786
787
788
789
790
791
792
793
794
795
796
797
798
799
800
801
802
803
804
805
806
807
808
809
810
811
812
813
814
815
816
817
818
819
820
821
822
823
824
825
826
827
828
829
830
831
832
833
834
835
836
837
838
839
840
841
842
843
844
845
846
847
848
849
850
851
852
853
854
855
856
857
858
859
860
861
862
863
864
865
866
867
868
869
870
871
872
873
874
875
876
877
878
879
880
881
882
883
884
885
886
887
888
889
890
891
892
893
894
895
896
897
898
899
900
901
902
903
904
905
906
907
908
909
910
911
912
913
914
915
916
917
918
919
920
921
922
923
924
925
926
927
928
929
930
931
932
933
934
935
936
937
938
939
940
941
942
943
944
945
946
947
948
949
950
951
952
953
954
955
956
957
958
959
960
961
962
963
964
965
966
967
968
969
970
971
972
973
974
975
976
977
978
979
980
981
982
983
984
985
986
987
988
989
990
991
992
993
994
995
996
997
998
696
567
452
772
202
781
66
404
353
589
153
171
831
972
278
660
805
834
222
817
399
168
385
826
22
348
754
330
553
324
251
247
182
37
165
340
673
846
244
780
199
22
905
325
709
463
610
783
49
37
380
144
210
607
0
725
972
393
668
982
155
363
920
535
609
178
920
311
482
433
242
463
516
844
21
49
213
624
946
753
252
674
854
828
642
195
629
196
97
948
243
462
666
532
379
97
789
291
51
938
377
698
774
768
492
554
897
993
196
933
538
775
427
172
721
907
225
470
707
844
75
146
483
724
10
434
817
736
455
268
967
337
505
973
574
956
897
940
544
626
261
809
6
628
225
240
481
184
756
686
621
808
853
791
914
341
798
889
68
776
225
648
67
832
296
159
197
789
337
760
446
328
533
296
81
325
634
930
649
342
446
414
889
309
428
214
433
525
915
757
818
358
194
156
336
987
984
347
670
362
287
288
928
511
865
366
721
549
498
93
541
178
693
410
81
30
123
452
247
272
693
651
301
189
427
820
141
742
430
148
751
244
847
513
746
715
562
264
450
592
629
982
275
977
155
207
515
447
158
900
742
690
168
893
171
114
442
923
819
181
509
368
554
626
454
958
655
24
503
713
366
19
448
241
604
245
749
327
338
277
905
884
794
135
392
145
86
800
818
78
465
51
627
322
205
421
967
612
259
274
339
108
554
642
158
689
446
763
895
400
81
236
488
758
560
67
640
906
412
579
503
241
937
438
450
855
507
299
998
967
316
708
809
631
690
519
508
203
365
287
548
949
782
382
424
38
803
953
749
572
472
592
725
903
983
312
583
593
392
103
967
570
723
948
318
101
50
864
844
35
908
101
618
618
636
185
604
193
768
415
163
907
485
730
945
5
304
239
350
14
224
246
415
42
847
52
558
643
830
25
828
636
856
41
867
131
279
353
505
571
179
543
166
235
361
646
302
951
384
773
810
40
638
259
81
843
889
322
44
91
346
373
72
699
612
718
612
628
475
145
17
48
375
278
65
401
887
151
921
528
250
311
352
693
592
203
722
728
360
528
462
915
67
272
562
628
269
50
849
554
852
749
986
699
336
961
802
631
115
682
596
933
242
465
109
144
889
641
932
30
997
123
454
525
115
599
720
762
54
392
173
455
101
249
312
192
547
770
83
171
440
506
749
106
5
407
538
598
677
713
341
33
143
951
281
159
199
397
349
738
452
91
541
985
396
787
981
317
988
918
425
392
948
403
55
58
895
445
358
689
552
888
528
636
752
920
683
740
476
622
405
896
466
888
653
923
44
68
743
172
726
561
423
98
26
570
583
386
91
935
412
62
558
457
18
4
612
122
143
664
780
135
125
471
445
972
697
345
417
834
873
738
470
463
43
309
542
162
480
789
758
761
815
762
387
953
517
148
264
153
10
568
388
836
800
4
865
457
957
56
935
264
287
626
943
547
207
758
236
767
702
57
387
38
764
96
603
715
415
498
303
177
481
422
313
175
786
250
153
244
780
34
803
635
582
337
406
571
688
47
24
590
941
351
79
924
431
428
642
27
468
216
206
949
381
152
957
390
696
183
233
465
467
981
207
214
881
515
702
370
242
878
814
138
2
94
637
165
987
682
428
166
910
690
129
347
469
633
718
589
468
548
462
12
646
579
624
982
852
707
804
947
520
990
50
976
968
720
26
999
29
718
414
847
595
13
931
333
171
621
294
911
740
944
636
840
313
562
642
309
996
310
827
195
47
411
600
755
227
922
105
380
466
589
586
587
366
909
361
137
549
656
947
8
332
853
982
523
320
85
313
170
987
536
304
383
732
537
668
480
231
712
615
137
692
609
549
741
404
486
742
569
349
838
56
189
86
832
873
704
878
776
305
879
943
397
814
473
216
108
34
50
169
133
847
586
415
552
867
473
695
731
950
962
983
339
328
177
776
268
40
618
144
408
823
440
908
584
338
550
234
369
222
333
964
981
974
659
753
653
240
812
701
889
543
136
249
844
777
185
5
990
584
223
186
519
213
185
36
437
856
426
444
419
332
462
188
878
544
128
340
260
649
449
274
579
690
39
557
852
414
64
346
490
300
625
847
371
216
959
469
34
19
129
980
565
633
120
766
346
96
413
477
129
752
813
824
910
342
659
672
431
234
306
954
604
857
69
533
567
381
414
954
953
423
391
772
645
167
944
477
6
946
541
104
9
482
235
861
702
116
720
958
129
331
180
769
159
178
687
758
527
526
736
344
702
657
16
824
455
883
969
549
661
683
510
528
38
188
96
308
335
963
353
427
870
12
713
307
768
324
507
159
391
80
140
546
455
301
543
142
261
313
135
459
388
887
218
915
214
912
766
545
596
436
388
946
530
569
814
332
194
338
653
452
547
56
131
812
157
182
90
784
204
830
247
169
559
265
31
355
540
284
68
289
746
374
723
953
146
869
238
713
330
241
321
888
55
8
251
962
311
809
595
875
945
804
636
877
529
550
743
165
836
482
339
543
748
907
972
322
872
206
285
157
916
932
355
33
696
766
295
113
47
945
487
259
439
401
579
843
264
273
231
949
122
816
618
871
903
335
593
393
266
951
808
597
531
648
726
441
209
364
836
875
298
363
107
292
722
103
711
725
605
951
323
294
474
840
666
966
999
991
775
860
499
412
594
44
20
921
728
661
862
48
397
119
212
146
545
226
710
339
364
713
95
35
719
349
457
216
41
831
327
903
274
341
79
681
896
686
259
442
771
192
99
253
927
254
936
59
654
952
119
786
735
802
712
738
7
806
266
867
730
94
404
562
54
753
787
906
205
215
467
191
733
64
740
638
405
566
427
873
302
875
641
230
675
924
52
623
783
581
448
340
642
511
554
732
775
436
593
331
765
43
921
949
128
959
741
529
620
994
625
113
965
327
241
541
725
764
729
551
995
902
449
249
20
671
69
122
729
482
503
280
925
399
633
944
425
778
803
569
22
438
229
54
863
39
874
362
656
829
961
669
150
684
968
373
245
817
896
576
88
935
728
501
688
14
174
123
668
285
761
25
994
871
452
381
967
753
695
616
313
971
336
886
862
373
146
139
320
1
887
1
487
22
79
47
403
989
373
451
165
596
306
255
297
79
353
969
131
711
326
277
722
587
820
446
437
418
265
769
153
115
760
762
276
780
459
568
833
190
26
347
728
698
140
630
945
