2400 4
0
1
2
3
4
5
6
7
8
9
10
11
12
13
14
15
16
17
18
19
20
21
22
23
24
25
26
27
28
29
30
31
32
33
34
35
36
37
38
39
40
41
42
43
44
45
46
47
48
49
50
51
52
53
54
55
56
57
58
59
60
61
62
63
64
65
66
67
68
69
70
71
72
73
74
75
76
77
78
79
80
81
82
83
84
85
86
87
88
89
90
91
92
93
94
95
96
97
98
99
100
101
102
103
104
105
106
107
108
109
110
111
112
113
114
115
116
117
118
119
120
121
122
123
124
125
126
127
128
129
130
131
132
133
134
135
136
137
138
139
140
141
142
143
144
145
146
147
148
149
150
151
152
153
154
155
156
157
158
159
160
161
162
163
164
165
166
167
168
169
170
171
172
173
174
175
176
177
178
179
180
181
182
183
184
185
186
187
188
189
190
191
192
193
194
195
196
197
198
199
200
201
202
203
204
205
206
207
208
209
210
211
212
213
214
215
216
217
218
219
220
221
222
223
224
225
226
227
228
229
230
231
232
233
234
235
236
237
238
239
240
241
242
243
244
245
246
247
248
249
250
251
252
253
254
255
256
257
258
259
260
261
262
263
264
265
266
267
268
269
270
271
272
273
274
275
276
277
278
279
280
281
282
283
284
285
286
287
288
289
290
291
292
293
294
295
296
297
298
299
300
301
302
303
304
305
306
307
308
309
310
311
312
313
314
315
316
317
318
319
320
321
322
323
324
325
326
327
328
329
330
331
332
333
334
335
336
337
338
339
340
341
342
343
344
345
346
347
348
349
350
351
352
353
354
355
356
357
358
359
360
361
362
363
364
365
366
367
368
369
370
371
372
373
374
375
376
377
378
379
380
381
382
383
384
385
386
387
388
389
390
391
392
393
394
395
396
397
398
399
400
401
402
403
404
405
406
407
408
409
410
411
412
413
414
415
416
417
418
419
420
421
422
423
424
425
426
427
428
429
430
431
432
433
434
435
436
437
438
439
440
441
442
443
444
445
446
447
448
449
450
451
452
453
454
455
456
457
458
459
460
461
462
463
464
465
466
467
468
469
470
471
472
473
474
475
476
477
478
479
480
481
482
483
484
485
486
487
488
489
490
491
492
493
494
495
496
497
498
499
500
501
502
503
504
505
506
507
508
509
510
511
512
513
514
515
516
517
518
519
520
521
522
523
524
525
526
527
528
529
530
531
532
533
534
535
536
537
538
539
540
541
542
543
544
545
546
547
548
549
550
551
552
553
554
555
556
557
558
559
560
561
562
563
564
565
566
567
568
569
570
571
572
573
574
575
576
577
578
579
580
581
582
583
584
585
586
587
588
589
590
591
592
593
594
595
596
597
598
599
600
601
602
603
604
605
606
607
608
609
610
611
612
613
614
615
616
617
618
619
620
621
622
623
624
625
626
627
628
629
630
631
632
633
634
635
636
637
638
639
640
641
642
643
644
645
646
647
648
649
650
651
652
653
654
655
656
657
658
659
660
661
662
663
664
665
666
667
668
669
670
671
672
673
674
675
676
677
678
679
680
681
682
683
684
685
686
687
688
689
690
691
692
693
694
695
696
697
698
699
700
701
702
703
704
705
706
707
708
709
710
711
712
713
714
715
716
717
718
719
720
721
722
723
724
725
726
727
728
729
730
731
732
733
734
735
736
737
738
739
740
741
742
743
744
745
746
747
748
749
750
751
752
753
754
755
756
757
758
759
760
761
762
763
764
765
766
767
768
769
770
771
772
773
774
775
776
777
778
779
780
781
782
783
784
785
786
787
788
789
790
791
792
793
794
795
796
797
798
799
800
801
802
803
804
805
806
807
808
809
810
811
812
813
814
815
816
817
818
819
820
821
822
823
824
825
826
827
828
829
830
831
832
833
834
835
836
837
838
839
840
841
842
843
844
845
846
847
848
849
850
851
852
853
854
855
856
857
858
859
860
861
862
863
864
865
866
867
868
869
870
871
872
873
874
875
876
877
878
879
880
881
882
883
884
885
886
887
888
889
890
891
892
893
894
895
896
897
898
899
900
901
902
903
904
905
906
907
908
909
910
911
912
913
914
915
916
917
918
919
920
921
922
923
924
925
926
927
928
929
930
931
932
933
934
935
936
937
938
939
940
941
942
943
944
945
946
947
948
949
950
951
952
953
954
955
956
957
958
959
960
961
962
963
964
965
966
967
968
969
970
971
972
973
974
975
976
977
978
979
980
981
982
983
984
985
986
987
988
989
990
991
992
993
994
995
996
997
998
365
714
59
923
652
5
407
862
814
861
511
748
927
472
333
669
291
533
393
46
870
221
479
401
381
156
315
394
689
530
49
246
948
523
169
554
28
711
647
645
996
918
529
523
354
932
121
832
75
661
658
613
426
549
784
385
432
534
888
663
374
407
158
712
910
118
358
701
119
522
346
660
22
63
946
684
377
158
625
870
56
456
996
66
917
872
478
235
634
90
694
704
777
180
250
960
158
271
669
137
585
418
939
806
104
755
462
506
458
402
9
373
541
117
777
762
809
170
140
714
622
36
889
249
887
340
263
482
218
27
154
258
703
698
528
494
750
143
169
946
822
148
861
352
888
301
95
121
954
310
447
810
767
487
718
509
363
293
794
275
117
974
129
668
389
760
75
539
101
518
344
528
539
680
624
739
524
582
537
562
197
450
67
127
91
735
16
697
986
977
319
877
835
962
223
282
550
118
232
254
95
924
654
959
445
970
367
954
93
716
540
522
109
328
812
685
789
753
987
961
336
525
297
582
119
453
783
184
607
946
205
308
1
894
719
20
87
102
382
513
639
42
842
780
272
493
669
393
624
216
707
208
232
622
502
593
735
11
541
115
635
278
884
26
591
744
200
955
710
479
993
709
430
652
577
981
31
182
851
869
994
576
437
755
647
542
520
42
670
663
526
599
903
15
379
842
677
940
307
655
902
811
915
848
598
927
700
1
48
901
907
111
38
486
364
158
320
66
76
789
16
117
581
0
638
129
108
162
184
384
126
533
97
988
49
992
530
358
408
675
487
7
662
226
832
733
676
924
719
902
749
23
977
842
726
625
877
664
699
421
394
704
597
537
230
280
712
360
80
333
712
617
527
56
771
994
36
770
433
706
537
981
937
218
85
57
350
55
80
296
398
848
217
927
434
670
399
769
705
292
467
393
480
684
581
852
788
980
158
400
696
779
530
733
266
212
600
887
367
630
658
37
567
77
143
649
403
785
280
276
75
472
760
317
692
603
772
86
911
762
681
284
932
541
357
409
69
968
470
959
567
993
311
498
763
929
521
803
4
341
742
301
48
945
641
630
513
584
177
860
246
242
811
673
90
993
599
500
142
234
419
389
34
797
644
837
254
817
356
48
399
144
533
560
830
321
755
583
282
40
383
793
629
246
431
315
412
70
883
508
968
358
299
102
938
982
941
537
756
128
642
525
338
819
952
249
6
614
986
501
619
358
939
128
386
508
865
759
936
718
190
739
529
936
515
829
933
751
685
593
616
946
417
284
792
557
131
84
567
147
426
307
745
7
696
22
391
111
77
120
361
638
155
926
923
861
525
503
390
477
536
946
751
283
99
916
349
768
987
292
588
612
575
525
262
167
579
472
505
547
912
83
140
81
71
705
635
127
902
679
298
891
700
185
605
407
790
423
326
601
908
455
472
557
709
648
864
281
191
776
884
837
12
475
644
245
70
80
204
820
578
297
171
318
282
808
102
683
325
665
166
955
353
520
568
202
57
679
499
82
369
699
308
719
542
188
493
187
651
639
540
151
293
530
343
898
272
396
102
393
467
630
785
771
359
610
984
392
733
46
49
702
757
109
460
855
938
155
315
234
266
50
285
548
828
558
730
683
154
521
832
895
270
619
387
285
601
842
20
690
78
450
296
736
326
258
857
96
756
723
834
492
616
181
292
39
953
431
734
484
859
915
897
400
921
980
873
149
900
156
615
683
513
967
515
805
976
358
967
766
256
200
703
134
225
276
93
573
298
35
521
2
48
141
77
920
56
331
478
278
451
453
414
657
792
31
823
825
136
332
570
661
323
927
646
867
728
514
956
504
633
318
422
184
500
357
0
715
966
991
598
509
795
927
29
119
321
609
863
607
274
922
366
353
471
684
937
576
921
333
164
854
299
859
65
91
244
38
549
493
105
825
198
277
991
471
976
826
326
902
831
932
521
963
526
791
9
978
734
209
393
15
178
434
365
286
991
471
500
91
905
355
652
903
161
867
460
384
275
940
740
532
787
356
265
962
439
865
174
93
904
369
100
157
666
856
441
860
339
600
543
290
856
360
323
797
59
867
566
928
313
467
592
791
416
618
688
668
749
37
712
1
595
30
989
51
656
948
53
608
265
833
313
733
966
967
890
806
624
712
512
58
207
634
453
601
424
603
783
710
532
502
93
867
12
73
457
238
671
346
27
334
190
310
15
929
735
510
645
486
989
735
742
833
945
436
990
137
282
954
165
394
935
136
975
359
629
777
555
920
341
367
905
67
124
301
164
258
486
297
168
321
981
724
485
827
435
543
985
968
295
77
107
285
435
39
899
720
212
360
736
70
172
885
130
898
18
360
558
164
544
930
151
180
20
322
81
738
464
711
448
876
29
197
80
363
260
560
182
778
973
770
291
875
968
498
145
448
345
708
998
563
25
318
118
619
591
182
117
771
917
798
857
897
471
873
757
888
598
677
27
290
587
61
737
229
7
153
276
72
663
716
170
387
85
954
793
969
665
324
925
219
422
2
135
81
833
795
873
383
341
52
605
699
594
531
429
727
851
486
566
103
294
149
214
48
263
121
236
626
478
103
534
340
791
741
157
35
288
504
606
734
244
488
354
585
654
56
588
540
522
613
346
72
205
979
389
333
156
487
867
475
130
996
756
675
836
765
193
920
910
884
400
640
104
357
772
345
947
298
554
154
822
755
174
319
485
601
908
816
73
864
738
807
834
343
66
724
736
37
326
246
449
674
436
832
53
199
849
630
726
795
282
379
555
314
381
697
732
276
38
507
255
0
325
26
929
835
693
634
488
233
816
769
837
823
414
820
279
578
692
949
250
183
944
476
551
496
811
249
149
616
432
324
965
947
105
553
251
37
256
795
440
278
739
116
453
742
641
982
754
707
137
209
988
651
361
18
628
432
356
820
668
592
429
573
661
462
184
567
213
465
672
730
260
710
859
643
317
460
897
379
497
380
395
183
902
811
481
743
23
142
380
212
318
761
346
995
693
980
351
841
697
938
496
10
567
503
75
955
329
677
899
79
33
739
848
97
134
331
43
752
164
894
759
984
902
191
50
194
550
513
843
58
557
197
237
417
959
75
385
895
141
309
723
198
198
931
931
614
991
406
404
320
679
565
585
154
872
197
562
918
463
233
806
743
573
438
219
169
566
392
80
75
486
751
348
52
843
896
