12199673
26345083
33808221
30758154
6548065
25588031
4152927
13344133
9497081
6624030
374784
21599379
6313910
24847760
10359504
8862893
21242807
10757176
10719816
11286180
28873827
11195285
32992697
15473819
543938
36514929
28218926
7256442
28336239
11995765
3120528
10674415
12708930
18557648
5160754
13598154
30308713
3388367
17849122
16269104
8973485
7545594
4990376
14346784
27660445
11672998
1685883
11028547
10928716
5226079
13488038
31446661
22024815
27303778
10449914
24653345
485949
22132459
31301681
13022048
14108791
5268641
8339091
18578337
18670467
17224035
27891911
7565408
36303131
11520306
32187039
13542574
26173469
4445841
17642875
16012825
20726746
13920721
21471874
5459430
9102377
35234904
680989
13882199
24385713
899973
4468560
15523791
9986782
15639797
4904607
2453527
7594882
2543476
25427040
16692022
16425132
13997528
8450655
25458651
11114939
20615411
18301559
19660179
32859597
1470200
6352882
8254754
18164159
11429364
246785
22070812
8306084
16403511
32076234
3877403
1029964
11035570
27483042
9923235
-1
38064158
10735459
27126514
8765441
25482848
14824728
23979359
6163313
10925544
6917173
11827755
19267650
23110401
38964522
16865860
2099882
4681030
7250606
35452129
11349828
19248965
28683353
22943200
7893143
8077626
29163515
23869358
30948856
18164569
12615926
23415539
6338519
40840762
18495229
22842713
31860588
3538060
12205729
14934635
20267298
2188674
5793246
22783264
2395263
18645708
8440206
20855363
25203486
5547969
9918142
16306320
38874174
24440866
35453479
736038
4442438
22261061
5749130
23113375
19116105
10264543
2987647
35148669
2164254
4840817
8970365
5663242
5209956
10353968
12379071
30788485
33459889
20046987
6093023
664923
11856234
27165588
16226046
1025463
10004244
39812
19432453
8716569
5239082
10560242
29945361
17887702
8389864
34675461
22061769
-1
32156285
18098424
4338302
2696820
2753210
20765194
20453298
14985358
224052
12472701
32670990
4326455
5742886
10998809
23952342
21404566
6187231
18889717
23698435
4371417
15962100
21364786
12897226
20049830
8847222
1098894
15532692
4554969
1486322
19157806
13057818
6351717
39622875
20375164
4625461
19349350
72696
17945331
14259803
5144431
25180861
1588069
20709338
22966774
37679816
15272108
2732758
3279703
14539600
18247862
21422152
17498245
5282754
8755482
17420923
16157633
43166263
20853030
27831423
16362256
8018211
10335974
3953837
6083072
18248491
9604471
746996
13576414
8107721
6003312
16583945
18843634
38247005
22187903
4363578
4651530
8364118
12416391
1991552
13511769
-1
6850720
31812437
18242707
4175994
5110036
32657898
33574487
10458582
8681715
11370602
11396487
13474216
23672152
4345054
22126903
9161216
136910
6619211
18046593
29819381
11263731
1984446
18402795
38211863
3245225
6917743
23652524
7791884
14128800
6466317
10318444
34981808
-1
28803805
21668644
23059917
38246578
2820069
39666990
41586791
8928979
29248836
16172757
380353
27633718
3523793
31819820
-1
33139300
3275700
2854676
21474134
2854958
3965580
4373924
14375313
35687737
8872085
26739972
27041577
15298437
38066073
11298684
19366352
7447293
115099
8137812
17367642
22102759
601768
4494858
15003120
29035353
19553081
1002887
20141145
40760859
15750274
14853566
16368558
35538552
32740417
12563535
24902190
14485744
3731698
2307715
10794619
9826384
1139067
3221090
2747128
27770916
23958117
25237757
27425667
31904327
1958549
8297223
5712001
20357625
14019730
4979123
11679657
23652546
10396898
30783682
34622911
1540643
24035788
12865525
3702479
25888480
15381922
656909
19877819
37219954
14938249
3956100
18250051
18077828
3650914
16727186
13342627
31632920
8763188
30857698
5340421
2628595
7726647
30243097
6951515
21603598
23314258
7478524
31722322
15464556
13820523
5522294
33997309
10666721
2294287
39380491
18596226
42013176
10250851
11552686
40432457
23740851
21405509
2233766
4951138
26455842
737158
1291063
24280151
16660268
13389160
20633116
6356493
14539535
11705111
11321400
2947123
34228827
9021300
22429958
7102990
12019628
10738169
13878907
32535024
9637190
419389
12367043
25083684
5856459
11540906
5871529
20079380
34294472
6267054
19539101
20891345
25987740
5974120
4647905
9616288
33851308
202614
19990217
37004066
2612468
10256563
35993641
1066753
32886848
2298186
530582
22272628
19238542
18420145
12160836
3909114
28760237
24777369
14534079
30620832
7814842
16084160
17832925
12020282
5299461
6111836
7427493
6931396
7553203
10060271
16323335
17832610
8874997
14552967
12189166
16022838
1889287
31040740
29287728
30796006
2435983
10144885
3269480
17561978
18841526
21333133
12997398
10306477
17131261
36419418
6573692
23910092
2929369
21655934
3369621
17918310
22170574
7701180
14348719
1293509
21979792
16410234
17045423
2077211
24205978
7442564
6303665
25488548
31386731
17025785
7934658
1184728
35328165
12468743
11639283
22757881
12745253
39274614
27812048
8330989
9710136
18589140
15076344
20777914
4413280
22196278
8873864
2156866
32310148
2231159
7426765
1302111
13317903
11996442
22305469
25804318
21813959
36777339
12851342
16574499
21676067
21804754
11885597
20265678
902961
11500664
36164891
11030936
13606650
32978023
1422674
5766049
8213142
27904971
3278284
14218712
11320462
-1
14894126
31731530
29077284
1192151
36960023
17188978
20134885
13054552
20497803
3292786
21584396
33759355
33931176
3695687
1392614
770817
16922593
21435005
21218869
9506403
26249868
18528309
16461209
14979297
29976092
1028338
6686473
28841658
27071634
21097561
17260574
1550624
1628273
4115429
29835593
13659452
30239275
6006658
33853276
9570402
31747905
6842761
17191571
7296891
25087620
34485362
24552227
18659370
8401948
4119714
19282342
13015286
15418953
4791519
15776034
9302267
32663171
8418484
26422023
37065502
23017060
10772027
15103443
2164795
6777807
30187459
9718124
18981649
18919849
18582747
26803176
16604880
13828504
17305373
314809
1763110
16091495
23616446
830947
9654901
2626989
9226491
4293916
3688684
24675059
21422548
3902885
15631424
5194831
33048770
3284093
8374937
32962952
77447
3169748
6948991
776589
29695490
14168064
16334970
17446423
11735978
25083335
7089545
27257488
1438734
15295169
9878565
3524304
4881582
24301479
19575602
42100024
17157651
2565566
17884479
11588295
635768
2985986
16573591
19714079
8230262
9166932
144759
35419685
31792583
10081364
1250298
16433679
5536995
1841927
17591446
3630274
10427500
7030396
10793081
5678761
4129599
4953404
15743893
13664688
23414711
10268341
1034109
12549200
10652027
4009698
14218265
10587264
8341522
26808176
2192705
3394414
6965524
29562214
18980500
3382299
6113653
4466296
26753321
3637426
32384575
18947138
14759433
21274870
25374213
2634303
12785292
17781579
8474017
6797406
23503909
18281777
9484708
4509105
4591990
7816685
9707823
36882507
21847166
20172883
7889397
1246124
11025305
26989224
27468498
14535543
122937
25807242
22928344
16634819
16484797
2419561
19342705
13454597
9201376
29440924
15081384
8913796
35848515
20193533
26625473
3103383
12712553
572832
28326037
4574371
26997401
5702072
20113956
4508487
12819780
13630640
18698767
33712754
9454730
20719045
5232100
2383094
7010692
4322226
8421200
7466616
16669079
3934206
18706196
21811547
16857819
6476409
13600856
20795177
28079948
2265150
16163025
5949660
2104980
5656715
5369631
10679697
1886293
8395374
457037
18985322
5449728
34307652
9965394
23052467
20640852
3742738
29784450
7359353
15275401
14293377
9674692
16488440
6069889
993051
11175514
24272065
12208050
20136771
41067018
23499864
18143462
17959953
21485262
2306173
16444552
584805
-1
14143687
22394538
2559946
95210
3714363
6515300
15275031
21643852
13700219
3396604
17489550
2193541
158890
29374115
5026198
1862382
8326246
23776107
22652310
9796632
26809257
33668771
42743334
16717986
2377869
10802386
31691499
32265014
98472
33651939
14387910
9539705
5452419
20575129
17293774
7443509
23468471
12459600
8076739
8488660
23009676
16127688
21450266
13924101
14206477
1813489
34295189
6387305
30449881
1177375
25789601
19988049
2416004
10875153
13628884
10103705
3477669
18091582
28888865
34881570
33030230
4521779
17740343
3999962
5326234
7247339
226852
-1
1572350
12209326
29685940
25743008
10160151
29590584
12966267
20826269
8672700
-1
3146593
32249435
22947888
37926308
16475171
33994538
3625295
13655267
7600962
7819358
11561117
4696911
2866960
36778442
9315283
31420244
8245643
5554579
19453817
13491950
12809035
15898644
10056008
2669106
12338211
9913230
19231586
1416626
1034548
27036475
12108733
12664522
13877043
1028605
36481965
28362452
38120693
6067650
4966766
1357491
8560496
32267783
368595
16501551
915907
10428659
26670608
12564581
14116048
12690827
20918147
29344667
31495895
17594649
1712349
11813059
28700596
20908468
9625011
1295946
38378504
21203195
21764780
5701088
7155458
36998803
1055072
19484315
30366808
16027121
7889143
6314127
5619525
26508337
16937565
1019487
12984073
53195
30489682
25308621
17726474
35438352
23878971
38723531
4120726
1094998
9469327
23286298
34886584
13417973
24934636
15947021
5209056
24756534
4045556
23085425
18923160
20088769
12909497
6670499
710017
26844610
12174046
7194799
6872225
916746
7908894
14541878
6396440
25051389
487776
34404729
16442186
5867403
7608624
23307972
10540659
18668528
8589550
17383184
17102301
20148945
17356560
19583368
4126782
25211377
25334777
40117221
15675477
12731297
12052881
5342057
8842550
18448458
15287349
23310124
3701257
3641361
5540474
15126014
10598391
3738291
13344335
12061225
1447629
39700171
21886313
19455362
6050178
25568730
6941418
8933125
8066220
25164243
7939821
9630488
1472895
11830888
14768384
13190162
10769888
36957378
13920165
22404075
5637333
15501957
12722601
20679050
7070531
2045533
2072952
2770166
10838792
5644436
8253531
636692
4280452
925051
21793818
22808623
11599623
29417332
9622624
16441507
3898260
23355031
8546120
42588168
3009569
27086281
8065705
1482145
4574298
23133831
35726977
8254154
10445788
10279249
1128283
31700631
36203639
9360230
9309346
22459984
24643977
13235761
-1
790453
23293709
3698058
1284133
14308795
33663702
9261713
13026803
1825634
35145896
36539847
4214263
5413693
37454482
27874260
15598062
9145736
13960157
26129795
11400192
7383263
27340509
9969606
19125698
1629205
3930303
11884920
1924965
292053
9949754
2168094
26688175
12680927
19607818
21752164
5970235
33323859
831802
2245378
3713178
2221036
3112237
16873144
3323497
4574993
7737430
3870981
22051458
13672232
9473239
7536008
9061512
19687331
22690550
6405732
29114517
1527634
26899930
4108606
26828552
18009601
2735516
5628494
19894889
4427156
2212540
33606963
10842784
16039634
25173012
13008067
11891841
4485619
17005182
22521567
25804884
33419977
39628360
17498359
9613800
17235360
15599731
9433128
4647569
12946779
36244528
1186365
8341924
24626956
23227858
32255274
14268773
3154201
2395806
3586316
8295628
40023024
21944514
32880262
5501352
26903406
4985803
4642718
74536
3739166
38921
27008054
17449433
25496442
202759
3871266
5535026
18578312
12156136
30322553
1033319
19053757
25733423
17579909
2635125
25534028
13804089
18214564
27091441
20492332
13226383
9924366
10580294
5673492
15640326
41431624
19469963
5298051
20238538
9494215
5393570
11008851
7731806
5571803
-1
22339053
19078684
19156652
7228299
31162188
4295568
1651705
9064270
3294236
42042840
5027389
20420651
16665662
22101819
1644599
10885944
32758409
24895035
26477723
18066105
36214340
11705535
22562748
5026939
59557
40847382
19429267
3551825
29584989
21395756
1227217
3762386
5401691
14344623
14196283
24207680
27276842
15051947
58683
22651324
19504566
5658643
25730516
493061
1791722
8529960
553758
21933898
4868600
29926430
769770
18062516
33056578
32089832
667129
8862801
7835302
32295674
11678154
30564724
3728101
-1
18723901
22202539
10134636
430510
9757241
4767277
19740999
25335770
3287295
31841879
11268231
6832919
19566319
5863844
35202334
10228590
1621939
19159223
21732274
28962264
12784416
5533969
1163076
1910157
13859717
645095
30072668
26102433
19888860
208509
25107393
39041383
7645658
4734291
32693863
26140670
3852083
29024859
19079259
13747296
15776758
4775958
189243
3861593
5951532
14647299
9376933
13244339
116460
22381666
14050654
33053838
23681222
7633014
35879080
10808139
24683256
14283571
27774035
17051418
17506544
6045679
5667639
3187301
19284564
18434236
17093613
14971895
1080840
724420
23692583
9659792
1116278
28497298
-1
7324492
4011989
35535
40223289
26655442
1655851
27788499
4827631
28346259
25594309
15908759
27012819
7799900
17499793
1198815
38679
15124790
2989459
17234761
1966880
1059109
-1
12589173
24439305
2519056
38028927
27369612
12900168
8124698
24958888
19264314
13847496
1230271
13918375
19074408
31340390
14616739
6040696
13954293
40211574
23320419
19594191
2419988
18309655
14186466
2538829
24857393
6137749
26333432
2307504
39444106
3384428
25222325
14269586
3449502
11489511
28559888
3729361
28162430
14820197
1906153
14768203
4992541
2698443
4889912
12049666
7147445
6716745
31143741
31842710
29751256
680368
33865406
3421265
1742796
11392698
35664749
22717509
2486935
28386728
12560244
23185586
17868934
-1
1880382
20777115
704013
20975794
13088191
15527852
10519317
18300254
8404203
18766430
32634148
5174820
6939249
3217009
16515158
26649941
15781970
17719056
15961544
13426365
12393981
4351597
20407081
1208082
35377333
116723
4858806
32185244
7345939
14564087
8661801
24705259
6235402
5350374
5907736
15073125
40487962
15604133
5659530
24825164
14886785
31289209
4547114
1699788
19793608
8740105
15325442
11686636
31165174
35122045
16593827
20021657
6994224
26348327
9721695
21555459
3795492
14222378
9840934
701431
300728
10029445
23553327
5059383
14861833
12553007
5215261
6076980
22172969
11152515
25638863
32317071
11250367
3362378
22624155
8012642
6748639
15013617
21573518
729841
29536683
18178359
21629487
8220464
18618483
12320288
24692196
38559843
19561018
1158724
3601632
1801007
24772818
11934229
10857890
7827255
3510761
2366023
19186076
33928089
33786361
8352573
23144456
18068321
4970642
14397274
29364975
4391247
6794
6303696
13062354
6155496
7565031
2178563
638374
6354483
5821009
37279700
6423494
27643646
656237
29503970
13916652
19009919
18482098
20792201
1458944
4407218
41127149
27409478
16468573
8907719
18219087
29569100
19169605
17781309
25233971
-1
15572642
982052
20989704
26621907
23732446
27346199
11824830
27930228
12324713
24374794
2968568
21160418
16077023
10222674
11452732
25182996
24921713
38646418
-1
7597252
1354268
13495827
16192426
10232680
11531284
23563259
18968499
6530764
16384753
630277
29487100
12047585
41423741
985269
6530546
14653315
27159536
35368700
27270318
37917652
80910
21614581
10121633
8158840
22436628
8791126
31765256
19410390
16342197
29900451
13581251
37601037
6933519
22495427
22642875
21611938
24631280
27005684
7154357
737290
3803399
20607592
29365252
16019115
10422336
4415262
11490583
38040431
25350766
7799594
10286572
5967380
9352002
18480203
8970052
9395533
20524557
19490490
7749137
23166957
18364567
17740233
26780838
952354
27739335
11847676
18868648
19273246
10927793
14046098
13344574
455907
3845431
29703389
4123122
26883271
3076927
5033347
17591041
31062937
7537972
16123311
28258604
635839
26085178
32287620
26228588
16835706
27450275
7630802
2317513
4195315
448702
11018179
25387260
11747014
24561521
32081155
29636018
17447351
23239522
35752615
3434604
13633433
3118556
13887992
18622349
10776378
28547359
22825546
24944255
3281404
13160773
33817222
1898418
15979999
7739044
16092354
10114635
7037867
27388387
25317982
1000392
20013127
9732404
5085361
21740328
3166324
20863585
14277994
19559359
2384429
3536713
13388772
24510053
21755447
4592149
1981093
3402916
22021849
6195378
-1
2024600
1550322
19277235
19834994
3081180
16670222
30650956
1674333
8352440
13863120
2333632
24244543
980064
22362253
1260173
6467420
2860142
9639421
7894301
32210338
30895129
28316639
2970779
15657579
24058238
16681932
22181970
7101405
21156578
23999879
8145876
41090018
29124312
36405179
15070219
8890199
4607286
7665611
189780
32516100
6853176
11870987
290463
24487140
2206220
27276088
10530726
17716964
4423839
2283494
9424
1229459
33587610
11928172
42478663
10781257
25143363
13558676
8814141
33597666
20764038
11581205
23766211
16705700
4161326
19276893
24942894
18473100
18403695
11430903
25606089
26850423
43929418
19598267
6308182
22463082
11221740
16074076
7871826
488916
17730531
18129490
16712402
3052679
8731318
811124
9199496
7456006
5654512
33497513
6568274
10110918
14463553
33749667
9725062
25473194
12821119
13262813
12015805
39411742
28149139
32457118
695573
10547191
-1
31080564
25745949
14458542
3457893
9319232
15745110
33602176
20187433
3270502
11030810
3013740
37684115
1529951
31306350
31137439
21701567
36949949
24326050
19035846
26816161
26414633
454440
1240625
12314218
18644737
25475716
31011515
4376874
23003596
19472442
31652401
4006389
19670042
14796984
25039259
26020417
304463
3921449
20525194
2085718
4785502
461335
12599196
22323493
18912342
31491999
12293251
11994940
10212500
34655772
14634734
3104116
4085412
5380143
28921448
16664045
4704220
15381858
19118779
3376965
7233945
33966347
29269249
-1
8929776
21088558
366420
31938063
30339020
3284795
-1
21057603
618569
14833393
9255455
1815512
13789095
29080758
2441820
602881
14690101
13055244
23313223
17624174
24271945
15863136
21984995
10289762
8157427
27798423
1167774
19635593
12361030
2265969
5149343
3957442
3630690
11436236
36151831
5181325
27441983
4466370
15754741
37806719
1142186
25790087
30780434
20343066
3375021
8905367
23545691
15201612
4513748
27936783
38058249
9334212
2389883
3571057
5931594
16286272
11820509
1377310
3759775
27119720
16195658
30572098
3703342
28128107
3567810
24114525
5330207
8746129
2764277
22138728
8505661
4064422
21030074
29641118
13371975
12500322
14985658
17335824
11704031
19223242
9810249
43459894
12216328
11861701
26462650
12636618
10536607
4894293
16305918
10053914
689890
2484025
10051919
32226364
9316255
29923219
3781918
24680780
26259176
18677444
6214787
2888552
35223355
10402901
21081896
11237299
6461654
12805139
37389832
20052112
19666896
26865336
27449682
11347967
14971937
21230103
82522
28447358
20781341
10830293
24325780
2751486
4387563
18197394
15977252
10289441
13565589
25772451
3375886
4155963
5449845
23974184
3613383
544492
22729162
34365811
11148033
21574332
11377276
8798849
16161872
13273213
7095321
30200764
2283799
17715868
17032012
235261
2716601
4695247
32293727
16638923
12448874
39841463
2892243
103568
342536
17793169
28017450
3578104
2359199
7859145
18492664
17463944
19805903
31027947
31035825
1650710
26168362
22047706
972675
15908342
903832
14932457
26585852
20274538
42118277
19674203
17375324
13253115
6966216
14099064
5519407
4552317
36758324
27301866
14219367
5110272
684187
25110515
20419353
2357900
36687525
13333498
17569808
28981027
31242111
23534042
4831595
633236
14743368
22590432
2231616
39694504
16461149
3386741
18748757
350195
11742092
28545558
12198394
1455690
12001784
1456734
493882
21593522
23446759
17670312
11763492
22743008
23364664
25113781
34310566
185004
726162
8865624
17957661
1479481
1330653
33535819
16242206
2703884
15454607
6246015
37802864
3483838
2058480
11219864
9317530
192686
36745954
41844617
24950188
21932164
14806585
16214325
4776555
5107988
1682256
27555343
2069006
2475380
10723613
20575071
2072629
18619408
2063448
34358894
21233356
18306694
10959610
11174545
42940448
18821000
3176066
720523
35204935
4145442
3516154
1872497
19029038
14015767
24947810
6266124
4839571
13743454
24039647
7672677
26232588
3281658
10375410
20421074
26947361
8138294
38540868
17435004
3656069
7973762
19338246
8134907
413687
10038582
34679488
14743309
14187766
2164856
8761231
4298220
8187894
19589916
10304593
13529170
1914888
28773224
3582473
21576837
818342
11190663
8656187
26131113
20725788
14680491
22049895
20868361
6870119
8384026
34094617
9745027
33978773
9678695
10699686
23644131
3307488
12959024
16221145
1118276
11694819
28431077
33701947
5653755
19494223
19251093
23800605
6957975
15961562
26747528
5755244
7358942
12610261
6197941
11264124
16656775
8749973
282322
29287824
31462497
36724427
3670149
1332866
7222898
4115236
26639681
35075823
1858797
14777181
22858008
1750362
25680135
20566494
13057633
31321034
4095894
314451
2426732
1920659
35531263
1661502
15115502
1333549
15534661
9692062
12686779
1185418
9036745
20464018
2533066
13518899
21468643
4668884
1920583
12802547
14448296
1450257
8873750
3405170
6877548
10567212
5918736
6842445
19946123
21076813
9660669
3154096
17877279
17293302
27842250
33104138
11102001
13848909
3537531
31881958
32605413
25588358
19904742
7024729
15214876
17401840
11077430
750271
42758476
11846177
34191132
6401276
4073237
34841295
27181389
5285843
13127085
10699695
18354985
11741600
1214146
10667310
13800973
21360116
10277697
1105640
26494685
5534080
6249380
29987281
9701597
16896366
10247245
9448476
25516139
5649664
6871813
18947046
15042888
11046940
6596933
18839675
35775968
4010141
3718542
25062922
7189155
12773358
31585627
14406814
4965982
5086291
-1
22721324
23393290
17519555
23235023
11894434
6950721
6075502
17126942
7991307
23124922
10845853
2627858
3541490
5822598
3821883
19783434
31680396
22903085
12565102
12796213
4953997
25497742
25032569
17066527
13061267
40228035
23418214
836276
14867544
15267721
2586211
13740718
26616500
38519943
14442241
29666314
27681314
21404936
34895414
20432640
1822838
7906274
22366202
2795314
18833526
5725644
353146
1681970
31858695
33836456
40391649
14192970
459
13699508
12050113
13540885
7330318
28611298
21953871
31245998
2291946
13725685
1799667
9451552
15913618
7580237
1783904
10340113
16954984
10226955
31523403
4178621
9243850
17283954
12921402
9853491
9034878
18994605
16261045
34470805
37600204
2736853
14402376
25717725
22679631
28541465
1898093
9023401
9097841
6323560
13238140
4738299
8313864
10869273
1745191
32046850
1776340
17180862
6497596
13997521
11368564
2648386
4874491
24177579
32210600
20539673
14312714
15682011
11294550
31071762
4669217
25099152
22986243
13744679
20580682
18833715
36599192
5213520
10083014
37258829
22749892
17632307
33718692
2261889
11254040
15621536
30727725
26967499
10651923
27639388
4403650
4952655
17550077
28202364
17696473
25813212
5209409
7823109
4479483
9190539
12697005
22063507
12804985
29517400
12704281
27452710
14162422
27726333
20112797
18300044
5081935
8219061
32224137
21139987
9844375
9093974
13234003
7462634
23235820
15727902
34583402
34122237
942380
16010951
15485914
1144383
1918632
-1
34375618
5701874
18138902
15303685
8216666
19562289
900070
19315744
2597776
25470616
30715032
15416454
2213038
21687377
11358402
4142800
16859925
30805560
25654565
26714032
10800115
2656730
6567598
28802292
31071476
18302234
10090754
7975532
30608549
28256644
17159021
33707984
24687198
24078107
242590
5595224
25346620
14038540
12631911
12978776
39443151
1595134
3618210
204397
2760661
12470142
12047787
520783
24200468
22760586
905243
22131976
6153984
20820850
30195735
8068065
22546771
6033352
11654785
28255253
817098
24139700
21698587
14076427
23880788
610376
1332990
16549012
8007212
25737324
3389766
19812119
14048735
29143344
12195461
12537219
463137
1902248
5650283
20151328
1099666
20990409
25413319
11050033
12676940
4797917
17015531
1858008
20935086
7935846
32474215
30959726
3538570
6806455
31284909
26079800
25220410
3345279
1157434
12071597
25602639
23954797
6712713
13374338
11958353
21281678
10856027
10377624
1692610
1245121
16003748
9485560
26372511
8578644
24811076
27089105
31303860
19069963
6582416
26491934
17179940
36027950
7679474
5742436
2910742
5012815
28800718
15269816
25196877
24218293
30813257
7051777
6156366
10944347
3341815
1379063
18806515
18319548
7270483
12099886
26171985
2999141
28508927
2632119
13089693
25686936
4080868
3197069
11595036
18567210
4135487
14052262
17036964
17226505
31863626
32367118
9615133
31176142
19370017
18464318
10667851
776751
4984860
19221486
17306862
2650152
2655740
2771380
11894500
24229694
25441817
21473085
24714909
10025099
5484974
36839727
6688456
3330154
5571069
22565612
44303234
2734441
28642031
10449116
30620789
12110489
3936551
14987529
21013230
5271509
11856952
23532809
5412645
19249511
20323645
15973191
3789658
16310320
12968613
23793314
3371832
3470088
4195943
30924591
8930977
30104948
16938562
6531564
211689
32206563
263366
9803084
32460710
7680813
19046938
19421976
23129920
14443660
33674796
1626841
38139366
18610278
11340172
5904766
5972526
1590563
15314860
133450
16996738
16466060
3122511
34628991
9442849
17277372
2101707
3895632
26580155
24382905
8250689
478799
32868873
8400764
1239218
4967348
1620470
24357350
1715977
15645105
2963040
38417372
29839124
27790487
19832931
22435924
32996710
1012908
31815404
1768727
2689100
9716995
3607683
20159220
13605335
5237599
13455844
2667606
24825973
27267886
14566632
12597649
8068555
5337404
25187846
11983255
8827149
23220088
7639560
10906022
21930712
17911200
17466909
10927805
13855210
25753422
12710940
13921637
20557458
16282521
15095517
3067080
12870133
10782300
4943451
27840274
9010748
20535482
7557570
30918697
42846908
36709272
30535499
648243
10867051
8371517
31224497
17559317
14336205
497842
15018161
4759672
4175194
17963466
24360657
12184444
16005749
23319961
19151063
24097570
18918503
23986634
9810399
9037021
21330753
27304000
437676
5969279
38472987
3861855
25904940
15899449
6222606
8037930
7916611
5951227
3763989
29430845
11922324
5997774
21323914
2291924
3425995
25609824
20007801
21188076
3008016
10110052
34953725
16553490
3910260
24120237
19794417
4591030
9469591
16412403
21736850
22075348
6597264
27942195
23013710
9283834
13753246
15943182
765742
16024653
6170151
3641856
21413234
2414904
3433070
11944328
25827896
21270702
32068831
2836147
21385756
22966562
23774866
12810648
924519
13669723
14946563
4440881
11116740
3494449
6620350
7058504
17367151
12018481
12120045
4899185
2666706
18710520
4746817
37008006
