96629
157062
64990
6495
6957
32970
196965
191372
124067
74610
244667
188313
16225
23976
59277
16395
57483
58075
21382
8346
218251
13573
132492
124231
23018
157993
225249
126246
90599
51966
113005
62799
127871
140538
17139
38580
47213
43143
82378
20997
45105
34873
191193
83779
158799
63877
192492
22766
156447
125095
48257
61589
113460
102654
100358
75846
245157
13982
3091
11445
174307
90066
188741
144854
87912
25453
30411
60076
71174
24577
19203
122763
60084
56268
206118
137389
187025
68337
77613
76988
99324
158174
129635
15065
59919
188586
27325
243665
186801
29114
141839
106235
86075
18165
85290
102839
190571
75137
7907
9554
61363
114155
194871
36355
100763
148122
216275
62160
70536
123795
10386
259336
11142
27997
9550
53968
100590
19329
9393
134329
53085
11732
46335
48574
6412
81721
45276
185185
190997
8937
100917
147692
26016
44450
12151
161152
66371
148525
188669
107814
20468
37593
71740
39691
38831
92489
68178
43450
197233
75631
51074
147149
107230
333
56609
42012
129136
72222
159687
89323
24781
103497
85104
203269
146603
24037
75457
43239
115660
169252
144743
45199
108480
110993
115055
186754
104844
17767
16439
90458
131947
109487
186091
95593
236563
47243
96824
207991
144374
100613
15251
38323
49157
31823
97907
44717
198140
26739
75967
148515
46173
34074
14242
239533
169550
199911
32652
38675
167580
66400
176509
95896
111101
55079
24687
87991
154684
186933
34548
168815
76998
28728
107814
220896
53785
152583
52536
57791
75846
191913
62668
135756
153993
60539
218420
78702
35067
62349
159834
96766
69025
14086
133269
49047
19756
104678
97516
77357
94874
111407
9533
104847
36359
94007
121730
69522
202490
222843
73865
12242
52574
40563
62979
148731
185462
12787
28980
66317
119899
115780
72602
95639
157659
34990
151357
215252
171461
31787
203342
142692
20658
24183
81279
33579
39961
39898
164719
123651
166813
128989
70320
103515
134731
26457
43345
180643
22257
102584
126695
38142
89700
10453
190154
104680
47772
96292
85029
13677
117073
36709
45610
183485
16509
95353
113979
179864
253337
84051
150938
71478
168420
27241
66190
7344
174839
101294
98332
102897
35582
48385
195243
113930
18049
9863
203288
18848
66619
82213
46541
148634
119767
25526
88749
15266
43477
179081
18832
45375
105701
46076
25947
77002
57963
131867
137752
162591
9326
164950
28721
153646
30794
42685
5941
143863
44341
6815
91322
122803
110448
15776
45426
32401
44680
228454
135520
138009
75047
122773
33356
126968
19827
87548
44252
127495
104307
140235
227333
147862
84295
183421
177483
119471
106092
15830
83929
65034
66151
75960
154539
159316
29628
7283
210293
142451
148684
115991
103296
149666
5145
132641
22974
115872
22075
63320
49473
40876
43978
145443
76783
30540
85633
108373
96317
25960
95974
34779
37812
148503
49454
87369
46253
128862
56350
61771
31758
115513
85013
189610
27067
112309
79796
125141
11887
126344
183062
8819
56180
53891
184432
60795
-1
16298
97180
7667
30918
23426
108214
123551
11675
35001
138185
29569
152746
56112
63224
146840
13228
84092
28979
19506
50361
2160
35655
118609
41352
85566
17604
80956
87929
53072
213461
68460
35281
53552
164751
170899
94292
133333
35027
85747
28960
133935
73982
91488
151117
206745
68184
33922
207016
83062
124775
167358
149214
13035
83698
55186
53406
75848
51315
53559
76544
29315
107059
47171
43436
91014
73541
156449
93401
234645
235622
93785
48865
16132
102167
158451
61985
143602
135969
76631
18306
96025
121426
181141
14077
56855
28566
176396
154445
61038
78353
158350
25769
32197
62947
219932
133696
20508
6186
113694
189350
71253
57530
143810
206329
200066
172847
46198
20869
140926
110830
58306
203352
214567
125548
214174
220464
128512
72392
174855
2397
182942
23592
65015
42931
47300
135070
71497
69459
14122
142821
98731
130033
191515
40656
73812
162974
76946
128304
258278
83921
9714
16840
124737
178297
106657
56751
113108
46000
184572
23952
44488
106434
249368
64163
79706
55378
13720
187302
17996
26826
27974
43008
137158
19644
20143
147429
59165
-1
68151
90603
96637
231930
227519
166518
89535
145135
204627
97697
76259
161797
75245
72014
61952
132093
62567
27745
154661
267418
129515
36970
175328
80863
95030
44879
39134
30748
134719
102426
72371
49917
29520
131189
36425
159149
133083
108443
204545
144707
77483
125753
130944
172502
68695
192941
44337
44513
165757
39653
109424
92710
13734
119132
24727
63919
154293
220387
188523
72869
99161
131570
8904
6442
48579
144451
184176
15503
132453
78448
196841
58323
222400
160504
70822
80562
120145
10202
79940
87438
9501
132571
14180
37943
21362
103322
61735
209815
166369
25311
156951
96461
41364
142722
53140
70515
-1
16590
19781
124475
72675
218633
72404
57429
218791
18279
101246
99201
170189
167646
62811
33460
51084
160547
226944
105045
42907
242154
182431
25320
191543
126925
85012
141372
235976
74799
8913
95531
145175
195587
18318
-1
96031
120196
142897
61779
161884
228909
107482
125120
221307
101641
53534
179430
62456
21184
166156
181909
106826
89433
24979
90918
36280
140912
69481
154261
26234
52566
35018
149070
187297
105814
8119
37014
131021
28123
79271
34232
198271
34493
37065
102329
20407
143430
207600
88643
34707
231956
28109
49799
2837
138305
13586
45290
10882
58477
45296
42615
103633
32500
186479
122409
75707
29364
19950
149186
9348
104141
7998
221953
25879
157619
14714
46139
259697
49547
141705
165563
17157
119565
221840
105055
144780
74239
111296
-1
219660
192543
81311
30252
118389
136906
14268
34917
136060
84473
169684
90224
108099
28636
37777
162135
91910
111118
23854
136741
210120
25197
111907
140831
66188
172995
240940
161707
141001
121706
139863
5952
84005
146569
30526
137286
13287
65568
60384
189238
81549
234486
98735
8303
21933
81261
51068
168695
35681
43721
210334
193678
79747
136175
86731
128443
101252
168362
210647
162869
168672
262054
98008
84122
208531
40740
27518
71777
145439
53820
15742
130904
240655
102593
174008
123241
196058
171532
87254
60520
186850
160915
66905
147822
62624
135787
9075
141579
40215
26248
35159
137436
14825
186021
182932
25094
96259
16890
113922
52787
35940
61206
84183
72898
27617
211456
3727
112280
77495
151086
111821
117265
119884
84408
44364
140506
112012
110510
12034
164004
68298
46767
66322
48708
115216
57861
82473
30390
31982
58505
79445
145173
99691
35832
171332
235033
17873
187094
79814
74332
74166
240907
132206
34259
143493
9963
29074
264013
88926
10330
80153
158729
186455
147214
212804
21135
180390
65839
166888
100016
29788
76527
136558
18314
11141
204332
219043
24512
24926
124112
56895
125800
194081
8914
126132
116597
125027
159758
124310
186854
89888
3240
75074
64370
7251
45682
92638
230936
30392
55485
12218
165984
93257
86045
7463
162574
12412
76228
19500
12591
89758
256095
67158
233573
184482
26112
69208
30072
45008
79527
48025
16049
171718
41769
38203
44139
129638
44083
64322
215302
162230
29388
59785
41680
94022
64176
9507
28096
94384
89901
73111
189033
28953
31677
32135
21338
34963
186985
123992
145147
17224
121744
10920
32218
67314
232757
105915
87130
34829
16901
220075
80553
111049
17318
121902
105926
130755
171869
55290
18816
69545
250735
206315
62476
40492
98158
8071
180990
146522
117750
59443
41975
10059
29188
31219
66687
140467
72771
58517
270948
88085
247411
159192
1793
15721
141837
76930
14033
23045
81896
53062
154503
243543
47631
66561
115321
27291
32949
26119
199005
175019
14282
65397
54463
3281
15057
114424
204640
74028
93164
34056
5057
58170
88234
78992
98136
168360
34201
150162
24471
43472
37011
254566
66167
34524
71341
134655
132670
198086
16933
126381
142051
39446
10754
146922
69945
134598
112747
138269
11977
112419
5025
38730
183905
131004
137087
175422
121538
136851
181425
44680
78315
114493
64769
19508
110081
151984
197579
214172
205909
57577
18492
44491
50592
62842
33770
84033
68161
60459
37401
154064
80739
42446
129307
12126
88749
40408
188136
67590
63777
228371
76389
43728
67302
85183
31886
44090
10988
70253
109249
53528
17600
80300
82511
77791
163063
82392
233838
69725
113160
18905
68478
33436
103728
69203
148539
145083
50900
8124
119152
46375
81764
157159
128878
118985
106313
158562
68592
169524
30836
131159
197114
77662
217511
104003
62364
184524
133342
140987
168861
53006
58749
249739
196433
51939
67813
84208
30272
128782
120078
86134
195990
143615
44485
13920
59685
104562
103633
131375
41979
143648
61970
3753
99467
36214
227237
211567
93322
110874
230436
47479
181367
97021
150144
68819
90330
65465
185280
100551
63258
8580
150432
71373
49249
60325
44074
63535
96867
46905
11253
101810
21289
26371
43511
35103
-1
62080
96039
103312
146365
193952
81882
20333
175280
4451
90637
69965
39385
134536
14319
170020
111392
168012
129430
70137
30510
96792
34689
42766
139494
10377
106919
100737
58397
21523
45485
91870
103726
170627
67476
24377
69834
34338
190915
99319
156959
88306
55914
109201
82211
4864
179802
11293
179474
9756
8064
37788
19700
143018
202293
131995
81005
64429
21201
58632
68624
24617
243683
170962
66040
46527
24632
17397
53268
60013
45360
42739
88183
80763
66226
78452
256904
28747
152243
13051
33725
21990
28720
10510
63445
49870
31731
40783
132818
83064
137134
158037
212296
112332
52948
19719
60351
109202
124396
183850
195817
122276
186666
106515
55281
53453
23085
208656
127034
144160
194716
230235
75138
35596
108274
55448
47589
9922
108937
23595
64522
198141
84188
16298
47642
92870
145744
208036
50775
24919
6061
139400
15485
95682
76273
262710
8948
141768
70711
60491
101291
34179
70878
12258
43818
78828
75599
47206
114882
96442
103287
119953
189492
127862
86634
171894
182619
37988
197316
29946
76810
45802
67950
28119
48049
180765
156410
51491
222975
38024
37888
23625
23971
137476
148717
174871
33187
28614
21969
43309
128464
121328
164764
23799
33086
102778
116317
25597
110852
134788
121929
44088
227110
135973
80288
24311
17732
86081
153112
23961
204484
158236
115078
70022
105943
15177
53190
89561
65201
21577
108462
129488
87682
245646
95207
196107
152819
97571
219715
81830
116102
105499
83471
182524
53337
35460
30286
185705
176974
64688
6024
83238
50821
125684
118693
17947
140480
50943
230652
94552
89555
234697
225434
124443
166486
23059
12813
63875
33425
187809
4805
144780
183561
76235
5517
84666
71920
181877
7713
89970
224285
74462
47748
142911
57659
115450
109865
23102
125429
33040
117134
149579
207335
120440
159175
189394
19396
253055
74069
181860
46039
16843
207057
37839
92713
188097
198417
94419
234237
106673
72021
121179
45240
70572
73487
158338
8788
222400
36312
232846
86917
134387
30261
7512
51036
146551
25892
37749
121248
55962
93869
83315
86770
53210
155264
62130
215146
116461
84357
25068
122529
102596
229676
72575
184811
15690
19871
17144
201194
141056
28820
69908
163252
80174
94797
84969
12577
1072
220027
98686
154955
19834
92229
156229
118783
74583
225638
82766
6208
174122
11636
206412
43510
168872
8002
37322
44412
82640
157544
27365
28733
121870
228611
87133
33104
113353
146550
235130
184325
70971
250228
40093
48267
55708
88604
128583
37007
203378
2698
17864
48149
82230
80119
158818
46012
73361
186186
87756
16900
48803
50058
46506
178197
104681
13021
84561
98544
122807
225710
167937
29882
206947
108985
14739
83662
75756
44569
2827
16819
10167
126304
129280
58785
20327
65218
32554
-1
72306
129887
29680
30527
80733
57633
141812
93810
12404
85042
261239
163470
195818
27701
82281
107185
145398
109272
96575
36472
58180
55838
182139
87592
14403
134241
152575
129941
157503
25551
80872
23351
76840
32854
10648
243479
194851
37120
-1
-1
149860
111666
115947
140765
13674
65158
21916
52762
215898
175019
227413
19344
228024
51575
197031
116111
57842
144815
163274
102205
98060
16402
122923
98171
110071
24932
176979
83979
119435
89310
9176
39455
74829
209511
5713
260172
189280
72137
67376
88861
14008
52455
145468
55395
35063
100741
154077
223880
149287
22725
57478
225615
179573
83973
150098
79121
163218
162009
39877
226570
56686
122429
4373
10809
103359
200980
23218
70707
114360
161989
9693
138429
173228
27483
247372
125940
23252
169483
47301
63918
78008
122782
42747
108597
49022
94384
220625
23304
2179
52431
27190
100463
138061
47385
67134
147661
65405
144894
32921
76606
156666
98557
113827
125578
6814
23907
38404
59097
151085
81388
133794
183998
47767
55167
161090
85950
34046
128111
150028
13320
78938
9797
81571
133817
26519
15391
130159
44128
42275
20867
105557
74560
26072
95279
102254
84963
41761
127258
240897
56929
228640
48326
31709
112306
33129
48374
167055
177271
134133
63357
171433
34159
7447
244200
36259
154185
91723
153891
4318
26864
126663
52688
202611
-1
62383
130726
48534
150538
55974
70685
80305
28200
251907
70428
145772
106395
34511
78563
61522
68293
243805
31778
168710
159401
30772
23953
62962
35576
172794
217201
92220
136353
43391
26998
189659
81257
39557
79315
157827
21413
121768
30680
86878
134539
167299
100579
174571
29054
143054
19930
235952
34251
20599
235210
243623
150355
31167
82661
46132
79240
159073
43918
41569
144513
15976
91253
141435
88368
89198
58023
67806
71327
16861
145842
95668
207209
182372
19799
10977
167909
153382
18077
220654
62619
100127
37964
146058
9068
92656
15508
170168
188307
18280
2263
9738
194941
196655
94905
63319
94110
69048
28025
101602
127189
200709
247953
10389
160666
76839
17664
14864
133232
73415
43977
137318
233652
149826
35270
215399
20958
95298
165901
39569
46574
73772
153010
35558
107696
85919
160422
12443
28185
191279
139082
6522
81529
9403
164136
16219
179558
152157
35630
16047
30394
58092
128280
32636
207793
120695
147646
236215
7360
138264
2532
81921
200460
175432
2078
101961
65040
175416
49810
83690
14409
39475
85293
7195
96923
93103
34264
18655
22484
97013
2367
123597
184196
62171
88603
156177
14806
248894
11331
55094
50613
71724
85953
-1
10906
107398
47394
188135
90992
46423
140155
114280
26068
44756
19678
45301
193542
169117
114490
72998
26446
107440
221852
86919
225400
165294
221508
187137
23338
116406
32000
54418
58837
92878
57379
42715
57853
18879
145992
79730
81432
134562
155784
105401
37565
9446
83079
45847
119794
71121
102421
45779
113814
182555
46304
202103
184326
22082
177987
13560
43776
62988
1592
5169
182212
73159
100833
119295
32366
212761
28121
11818
120844
54765
50915
176488
110729
10667
50800
21155
66527
19567
188240
2495
182202
220250
100542
134466
21235
22128
180019
153015
172238
64756
117716
214541
3341
65508
180712
39238
68981
112451
197197
16063
90547
145645
176977
105649
131539
235093
15760
41457
83093
-1
66406
47802
57095
36553
24611
33744
70826
68140
42551
127091
76723
163091
65612
10169
110724
128264
36011
54546
47045
166881
67904
51324
215834
5629
157812
48227
179341
108467
83244
50620
112707
59790
25495
202451
7646
111166
66284
64769
85285
84354
30132
39381
36592
-1
182554
241913
23633
218655
211026
34279
68815
63404
62958
158945
196879
219054
19397
52932
79408
174478
153857
8386
129745
148224
158695
16825
93522
15844
70890
62907
95840
30344
15021
167219
73675
13284
152606
51201
32136
123101
59149
126086
78558
216136
63775
99728
151179
50685
19877
84690
50578
76374
42250
183679
160088
113018
101538
44635
135096
69016
21539
19498
153005
19566
147111
81473
176599
137216
66898
69441
160779
34069
89832
37441
195479
53235
77607
75920
11902
114073
69065
30847
37861
44809
195889
73655
17154
53415
134508
45989
114124
68547
213868
126773
22646
248104
79104
42834
127108
13924
52393
135773
110268
29613
86567
65722
141073
103264
149189
23577
12657
119790
95566
45858
110838
250976
41798
25697
171885
50071
25427
43659
12164
176117
49878
216092
136767
226683
228273
114986
58091
-1
25517
62830
57400
114998
20122
264278
42189
137043
202045
22293
106025
87746
194305
47940
16049
15197
183944
229380
232012
89935
85398
9315
4115
175052
124053
169736
16636
6466
46958
22446
60792
41686
45550
149803
50537
21388
42755
3398
111805
25360
59921
192399
225709
163230
16254
142771
63033
96078
100770
19553
135190
136286
67641
39276
138315
8903
9389
135396
9518
39617
56510
168216
6341
172417
47201
229357
14795
72207
115555
152526
194758
42616
151255
17884
22911
118795
135832
98297
-1
25819
15362
61697
116953
37479
74514
165693
95653
6834
66890
191749
123229
164194
60288
38
29826
123143
62424
32856
210914
2714
72380
6632
34097
13139
66668
161135
4484
56707
99681
60256
24863
101019
88039
15837
27595
18402
63592
53210
198169
196586
65126
14306
66366
97824
6014
184139
5179
211900
239416
29722
40702
39664
3273
165841
163436
46399
12249
107054
263243
94334
89702
190970
99777
26837
91710
240079
70501
15665
121614
34518
85821
22331
87632
45711
167241
90467
173685
122594
228631
91558
133796
44698
229792
31086
145809
212130
218816
57983
42680
50540
160564
18184
25845
107470
195829
137763
211404
63828
79010
134673
24262
39131
28749
49860
15964
50084
67884
66867
13539
19540
53905
14787
164711
11199
187613
98227
233945
121919
91323
67552
128605
58106
112483
79740
95500
132843
62345
206611
6323
78245
126973
83331
51333
164595
18773
117964
71017
214615
23982
173758
224629
69476
97051
29852
135739
200282
99014
111255
120412
91659
15771
80134
9625
55102
71229
14768
50306
143939
62643
44652
147686
30835
142463
2457
142113
46528
39491
141404
156784
131814
77005
21213
110033
118642
83714
100875
22093
93889
79215
57689
55275
127188
78579
53611
74787
58022
89485
24318
96963
64646
39597
96342
10751
22138
107721
89788
259074
30743
44521
81160
53561
149863
51772
82431
6629
213494
13115
121130
236987
60659
122709
21385
20042
75091
63286
43471
6263
85832
48488
34341
119514
110168
57956
3467
33492
52002
64772
55718
42322
92943
120051
217114
116321
159372
24694
61477
28235
17230
13187
35986
140839
107706
42409
139609
62016
249082
132860
90472
32890
65937
201397
77346
20023
90090
195072
71041
153352
20291
77017
24582
22168
106010
176436
256149
151622
111043
98830
139532
33408
100824
35843
52932
109053
24968
30053
41569
171935
127886
29261
26755
179251
86935
42915
47794
55976
7271
145736
124617
16164
93919
16304
142776
23614
168822
210971
266522
38860
22096
36775
161560
49664
57539
99925
34147
19235
121033
11806
176314
64731
75794
114048
87241
8105
51510
62615
211893
117592
74267
100411
68739
41456
16668
14030
41196
121737
109611
209810
107315
175573
202640
7169
61544
23406
12552
150176
146148
174643
91152
33948
130575
51719
195480
18274
226368
31582
241971
134691
67851
113506
37437
36249
137142
112421
26054
95903
14622
46418
34985
89666
70343
241535
18789
78139
27135
47229
12763
82242
141119
184165
218726
6999
174508
179148
156456
38023
39630
112174
143694
193893
175072
108761
175337
187305
159960
82002
21415
68846
118161
87468
190514
82494
70343
160152
47992
17900
61152
141731
85145
67039
161862
34779
53421
99327
68269
4634
47550
47130
182777
103203
242159
80338
102027
71948
25846
20272
108182
86202
138574
32489
63293
117631
15609
43061
128585
194813
5132
53582
14212
95944
46873
149601
229522
116975
143115
221273
95053
107417
28794
8372
75106
37704
59046
187995
244084
164319
186525
72252
88783
251051
101331
54333
230648
40374
214107
108135
176930
8002
75817
127195
101914
64935
-1
250835
124167
215451
106864
49621
-1
241293
18100
35038
95974
50173
123330
133816
155535
31322
69333
80059
68318
108062
183890
22608
27722
110719
82863
27959
84373
52117
188646
231655
42108
119448
58477
76007
69907
117415
71022
220567
16876
203140
83022
27271
42280
154107
149188
62980
172649
5780
98847
96174
223442
73841
141630
