2 1000 1896 3000
621 622 3199
860 862 5494
169 171 452
416 419 6177
504 506 7288
309 310 8848
849 851 8062
486 489 668
166 169 388
141 143 7541
228 230 1377
569 571 7119
265 266 5770
271 273 7951
846 849 4407
75 77 7226
332 335 5957
856 859 7466
524 526 1463
651 652 3327
157 159 3829
471 473 7228
327 328 640
73 75 6377
645 647 6004
560 563 5271
186 188 8052
261 263 9670
171 173 3336
580 583 129
269 270 7612
852 854 8773
534 537 1235
729 730 841
472 474 2687
440 442 7540
368 370 1506
941 943 3898
736 739 9957
120 123 9922
768 771 444
913 915 8254
230 232 6190
385 387 411
446 448 8946
658 660 5263
320 323 5406
431 433 138
31 33 426
450 452 5870
559 561 5242
67 68 3056
828 831 1950
714 716 148
222 225 6758
808 810 9671
229 231 8092
692 695 5069
135 136 8853
280 283 911
798 801 7808
809 811 3839
418 420 8426
456 459 3237
855 857 180
83 85 8582
731 733 9160
858 861 204
214 217 4749
757 759 4633
533 534 1161
914 917 51
475 477 4123
200 202 997
872 874 5865
934 936 8228
900 902 4985
692 694 8816
435 436 7378
4 6 6414
584 586 3352
353 355 5391
351 353 4871
32 35 8242
748 751 7464
895 897 6568
174 177 8375
807 808 8179
294 296 7689
943 944 5850
113 115 4761
888 890 8489
218 220 2919
46 48 4425
912 914 1788
180 182 7555
127 128 2538
646 648 4191
903 904 5430
361 363 9038
755 756 3393
604 606 3805
404 407 7566
6 8 541
195 196 7279
470 472 6346
126 129 7488
455 457 6735
84 86 5340
296 299 2025
41 43 2640
243 244 3165
595 597 2901
725 726 6848
235 236 495
493 494 5638
680 682 9921
360 362 5661
869 871 8008
108 111 3052
656 659 8748
885 886 9676
986 988 6731
430 433 670
39 41 3683
602 604 6145
777 778 8977
951 952 3564
829 831 4527
657 658 6139
709 711 2341
982 984 5449
244 246 1732
722 724 6896
131 133 2058
188 191 8469
726 729 5871
590 593 6263
566 569 4857
117 119 1041
606 609 3828
156 158 1204
177 179 3520
468 470 6000
471 472 6042
447 448 6396
752 754 9003
406 409 9593
909 910 7655
579 581 5748
226 228 5514
786 788 437
883 884 1850
541 542 2242
836 839 3990
416 418 2400
532 535 6610
690 692 8873
211 212 5534
924 926 6462
105 107 5774
838 840 8214
216 219 1542
805 806 9641
633 634 6638
939 940 1816
997 998 1829
995 996 9713
518 520 6744
252 254 1163
11 13 9699
543 544 8269
145 147 5832
64 67 8834
817 818 8345
749 751 5400
455 456 7676
535 537 813
92 95 2979
153 155 8116
428 431 515
798 800 3781
977 979 771
207 209 2778
355 357 2357
852 855 2042
38 40 8843
199 200 1786
430 432 6727
346 348 4051
845 846 9638
99 101 4268
448 450 1956
182 184 9764
772 774 9474
427 429 1360
921 923 8428
630 632 6551
324 327 2118
155 156 1863
842 845 4135
799 800 2511
473 474 6121
666 669 2237
830 833 8228
156 159 7790
109 110 4086
805 807 2774
974 977 3938
969 971 256
657 659 5140
659 661 7489
127 129 3680
683 685 8523
634 637 737
940 943 2363
113 114 9681
519 521 1451
920 923 4740
194 197 2526
940 942 8941
683 684 8700
50 53 241
735 736 434
524 527 96
375 376 1577
337 338 8974
11 12 2655
369 370 6293
71 73 7940
324 326 5492
21 22 3095
623 625 6794
618 620 6290
877 878 2031
403 405 3817
390 393 818
51 53 619
544 546 1404
7 9 6028
803 804 698
866 868 8023
322 324 2273
881 882 8457
756 759 8171
436 439 2305
386 388 6423
331 332 6569
104 106 2106
528 530 9197
442 445 2520
237 238 4546
897 898 6184
770 772 1451
630 633 9881
460 463 6793
521 522 3257
948 950 257
489 490 6196
233 235 4023
100 102 5161
708 711 8796
678 680 7514
705 707 5273
56 59 8307
151 152 8829
306 308 4679
763 765 183
359 360 6159
858 860 3003
822 825 7500
522 525 5126
67 69 3281
704 707 2343
827 829 1533
593 594 6031
886 888 2748
649 651 8073
335 336 4668
378 381 2833
108 110 2197
142 145 9761
232 235 7633
944 947 6329
221 223 6145
752 755 2915
885 887 2731
717 718 3475
328 330 2923
95 96 3929
736 738 9223
445 447 7099
548 550 8082
598 600 624
949 950 1598
283 285 2217
42 44 1269
150 152 6166
101 102 7371
592 594 3879
555 557 8225
458 461 1956
730 732 6513
757 758 4948
339 341 411
236 239 5106
103 105 8635
327 329 3434
869 870 3985
896 899 9324
985 987 1147
63 65 2457
724 726 1454
511 512 9970
775 776 9658
373 375 2371
993 994 7357
699 700 8606
13 14 4798
790 792 9611
520 522 3219
428 430 7171
88 90 5088
181 183 3588
662 664 6139
304 307 2536
697 699 8682
464 467 4161
291 293 8843
825 826 9580
680 683 8870
700 703 2772
906 909 8583
561 562 830
316 318 3149
611 612 852
868 870 197
731 732 8594
862 864 7409
445 446 5366
313 314 9861
91 92 1273
531 532 7366
215 216 1956
842 844 8599
66 69 7029
18 21 1336
478 480 7104
115 116 1453
220 222 9552
429 430 8362
848 850 7176
788 791 7024
388 390 1103
230 233 5123
332 334 7745
29 30 1373
974 976 101
607 609 4681
663 664 2371
45 46 5745
643 644 160
781 783 1091
573 575 9236
330 333 9791
971 972 5095
351 352 2025
929 931 2954
537 539 3319
983 984 2498
671 673 5660
251 253 6620
344 346 6251
773 775 3159
16 18 908
821 822 3705
452 455 389
857 859 5722
21 23 9227
193 194 9782
777 779 3032
12 14 4849
28 30 4167
833 835 8392
983 985 5446
283 284 7786
357 358 2566
438 440 2518
811 812 2503
302 305 9690
922 924 7334
515 516 7768
898 900 1910
833 834 1694
877 879 7456
565 567 6030
681 682 9731
140 142 4915
816 819 4779
219 221 1712
97 99 4580
367 369 7650
762 764 8157
4 7 1998
292 295 6151
733 734 8452
792 794 9665
714 717 5040
897 899 266
394 396 7417
625 627 3770
24 27 8134
496 499 3926
990 993 7601
925 927 5910
334 337 742
967 968 8012
278 281 6733
426 428 388
229 230 7276
257 258 4385
765 766 5067
204 206 4622
567 569 1600
715 716 3294
96 99 6244
151 153 8174
823 825 1443
497 498 1952
840 842 120
138 141 8500
65 67 7943
90 93 2977
152 154 2244
233 234 4170
208 210 3730
647 649 3166
696 698 1799
542 544 7493
899 901 729
531 533 8518
110 113 2172
52 54 6160
359 361 4605
783 784 7844
397 398 4631
492 494 871
686 689 573
629 630 704
139 141 4141
978 981 2868
684 686 4275
969 970 8811
8 11 2035
475 476 719
849 850 8899
928 931 3088
668 670 6938
679 681 8237
567 568 796
249 250 1801
14 16 3487
173 174 3434
278 280 1243
794 796 6898
554 557 3782
759 760 1256
546 549 2736
34 36 7341
851 853 931
295 297 5462
494 497 146
88 91 8495
242 245 5791
205 206 8287
719 720 4500
267 269 461
834 837 5748
220 223 4637
747 748 6666
889 891 600
741 742 2423
992 995 2252
670 673 6637
557 559 3091
620 623 6673
319 321 7132
601 602 7461
768 770 9389
498 500 900
534 536 9270
300 303 9463
742 744 6578
331 333 7797
162 165 4503
295 296 2998
231 232 8436
361 362 2968
804 807 3042
783 785 7832
603 604 4358
763 764 1382
635 636 2575
146 148 2242
206 209 438
122 124 773
400 403 6423
61 63 8809
609 611 5083
588 591 1739
417 419 2690
915 916 5433
563 565 68
810 812 8013
907 908 4690
716 719 7327
599 601 6686
439 441 5895
836 838 6625
298 301 8439
58 60 614
568 571 6051
739 740 5208
311 313 8738
934 937 5222
85 86 9272
705 706 2555
739 741 311
652 655 8356
954 957 2730
614 617 423
8 10 6529
315 316 9077
677 678 4095
393 395 5277
517 519 4158
138 140 7343
405 407 1497
793 794 6168
302 304 4998
661 663 7704
123 125 391
689 691 9098
141 142 6951
650 652 9821
286 289 4438
918 921 958
560 562 7564
710 713 423
285 287 5805
347 349 891
962 965 7337
837 839 9241
945 946 4440
371 372 813
602 605 6447
745 746 5350
480 482 6504
77 78 7879
698 700 5522
760 763 4062
381 382 46
685 686 2454
287 289 8897
991 993 2296
861 863 2728
427 428 89
0 2 8100
120 122 4559
970 972 4350
952 955 4823
291 292 7391
32 34 6891
664 666 8518
494 496 1183
78 81 7046
751 752 6762
878 880 9472
406 408 6284
159 160 8024
134 137 3399
565 566 7280
33 34 1005
530 532 1508
835 836 8953
719 721 7698
966 969 80
40 43 5754
812 814 2398
862 865 521
701 702 5825
949 951 6022
579 580 2997
480 483 3555
447 449 2565
424 427 9723
80 82 5607
663 665 1635
929 930 5690
330 332 721
468 471 1759
551 553 637
128 131 2423
608 610 7276
787 789 9257
784 786 5115
342 344 4236
454 456 6443
133 134 3575
616 619 3464
340 343 1188
793 795 162
986 989 8005
615 616 7887
662 665 261
76 79 1137
346 349 3763
19 20 4616
514 516 9295
727 729 1851
310 313 3730
775 777 5243
356 358 7728
336 338 9151
204 207 5394
995 997 6350
270 273 8914
689 690 1146
505 506 8005
17 19 1722
212 214 6956
771 772 2459
65 66 1277
176 179 3432
886 889 1004
244 247 3593
492 495 9976
780 783 5000
507 508 5523
973 975 750
372 375 4065
238 240 7234
307 309 9305
910 913 648
996 998 4456
137 139 5954
643 645 2271
27 28 8811
688 691 6028
758 760 7701
592 595 170
512 515 1576
161 163 6996
843 844 539
255 257 6641
474 476 2345
613 614 7839
239 240 6806
182 185 1754
212 215 8366
392 395 577
610 613 8377
734 736 7551
345 346 8712
303 305 9055
709 710 2367
203 204 838
217 218 7523
34 37 184
465 467 6207
24 26 1428
786 789 3323
754 756 5651
186 189 4445
973 974 2954
366 369 1069
326 328 1829
147 149 4706
209 210 7431
815 816 7444
299 301 5917
339 340 313
503 505 5644
891 893 2695
187 189 7810
257 259 3643
880 883 4543
800 802 9353
778 780 465
557 558 9205
694 697 3717
114 117 9346
370 373 6833
423 425 762
20 23 9324
572 574 6215
183 185 8720
527 529 3836
853 855 5597
871 872 7110
801 803 2572
264 267 1679
119 120 9858
574 577 1459
686 688 3390
377 379 1957
213 215 8670
94 96 1421
38 41 2219
500 502 4372
443 444 7901
521 523 6749
697 698 9205
827 828 8448
333 334 6147
712 715 4907
466 469 4221
797 799 12
762 765 9011
84 87 3355
399 400 9111
820 823 4443
384 386 4180
352 354 505
432 435 4368
861 862 7413
740 743 7008
310 312 7855
179 180 6027
488 491 4280
168 170 2725
797 798 8535
40 42 660
159 161 5686
432 434 5834
585 587 1535
387 389 6794
199 201 472
850 853 7271
851 852 114
847 849 2155
787 788 1011
553 554 3965
732 735 4772
175 176 1441
446 449 4929
909 911 5071
767 768 5755
268 271 9395
364 366 3605
693 695 6152
977 978 8820
358 360 1546
206 208 6987
268 270 3396
734 737 4590
985 986 6358
968 970 3568
290 292 307
863 865 9313
260 263 4468
612 614 1891
275 276 6986
222 224 8838
382 385 3358
753 754 2066
43 44 3544
292 294 101
174 176 5123
418 421 2646
377 378 6910
477 479 2224
665 667 7512
479 480 9574
386 389 2511
946 949 7704
991 992 6647
551 552 321
847 848 22
473 475 496
626 629 1880
14 17 7769
698 701 6920
383 384 5701
144 147 43
529 531 6760
905 907 6030
369 371 6710
819 821 7590
183 184 7364
513 514 4719
137 138 4389
438 441 5363
584 587 437
342 345 8889
650 653 6568
541 543 9678
669 670 1311
932 934 1409
538 541 5308
469 470 3847
764 767 5624
466 468 7627
631 632 8916
228 231 2188
769 771 5428
201 203 2439
577 578 5986
908 911 6218
82 85 9778
619 621 279
927 929 1283
916 919 4002
286 288 3876
106 109 3884
743 744 1150
321 323 3564
363 365 8044
401 402 7467
30 33 5009
125 127 230
281 282 8289
50 52 2277
448 451 4423
404 406 8464
395 397 1056
440 443 8661
495 497 1737
69 70 8649
545 547 1169
761 762 6439
888 891 6886
535 536 4546
415 417 8198
835 837 1200
343 345 8832
93 95 3466
917 918 5401
925 926 2557
356 359 8536
393 394 2853
164 167 6071
103 104 5685
822 824 6613
636 639 8781
143 145 558
867 869 7475
282 284 9885
372 374 1902
10 13 7901
47 48 6961
802 805 4992
733 735 512
323 325 2872
130 133 1026
718 721 3635
906 908 3197
227 229 1432
41 42 628
687 689 1531
403 404 455
49 51 4639
744 746 8356
562 565 6873
169 170 4896
954 956 6079
449 450 4047
248 250 769
488 490 420
966 968 6489
71 72 799
129 130 1266
485 487 4153
411 413 1871
729 731 6030
578 580 5570
463 464 2581
844 847 745
15 17 1049
49 50 6594
501 502 4865
118 121 6197
115 117 2155
575 577 3756
580 582 6371
205 207 9132
74 77 3077
451 452 576
431 432 2121
367 368 220
960 962 5039
941 942 6510
121 123 2146
760 762 6669
850 852 7893
903 905 1415
343 344 9465
523 524 5438
746 749 516
172 175 150
495 496 7443
170 172 1612
266 268 4031
965 967 6099
219 220 4681
175 177 3277
552 555 9261
277 278 2103
605 606 3567
371 373 9299
62 65 4643
444 446 4179
89 90 4020
996 999 4741
201 202 1168
391 393 5388
70 72 3693
62 64 633
550 553 4022
645 646 3684
9 10 1157
102 105 6117
170 173 2053
26 28 9003
362 364 8765
387 388 3781
978 980 5107
828 830 4542
789 791 811
962 964 5251
87 89 3644
854 857 1995
321 322 1847
811 813 55
959 960 9274
350 352 2561
484 487 7589
624 627 9369
419 420 7652
870 873 7981
815 817 1856
189 190 3206
165 167 4461
893 894 6369
15 16 1045
779 781 2015
632 635 5716
116 118 9807
144 146 6037
487 489 1305
556 559 8626
922 925 7687
417 418 2984
603 605 6767
766 769 3250
824 827 3449
325 327 1072
398 400 6613
109 111 1121
671 672 131
75 76 6499
865 867 6114
185 187 2918
589 591 785
143 144 6239
591 592 8597
961 963 7881
542 545 3788
747 749 1965
648 651 1519
238 241 1265
408 410 4364
830 832 7384
649 650 1402
532 534 9344
788 790 1878
874 877 5936
5 7 9530
704 706 4530
420 422 2162
764 766 5471
583 584 1677
901 902 4288
558 561 8793
930 932 7341
73 74 4981
927 928 5004
617 619 8457
316 319 9955
396 398 2247
270 272 2455
955 956 4213
491 492 8735
402 404 6992
485 486 3875
679 680 646
605 607 6996
239 241 7285
738 740 7077
660 663 3619
487 488 4888
536 539 1866
796 799 3691
318 320 2281
571 573 4645
483 484 6063
354 357 6434
221 222 5899
593 595 2525
197 198 943
826 828 4227
284 286 4374
970 973 9257
655 656 4417
6 9 9068
713 714 3591
464 466 4971
785 787 4688
573 574 8045
526 528 914
756 758 7008
3 4 2422
595 596 5039
915 917 2599
980 983 7223
640 643 7445
874 876 5315
613 615 2175
422 425 3024
459 460 6540
277 279 9366
338 341 1634
196 198 418
820 822 8691
589 590 9060
240 242 2447
130 132 3482
712 714 6217
423 424 7291
467 469 7344
392 394 8159
370 372 1953
899 900 2791
194 196 4478
285 286 856
500 503 5967
955 957 4605
845 847 8166
931 933 1741
597 598 3224
107 109 2354
319 320 3839
106 108 8412
289 290 2018
163 164 4446
574 576 1555
841 843 9935
288 290 7933
2 5 5823
502 505 7714
502 504 8818
746 748 544
506 509 1159
895 896 5214
311 312 7884
569 570 2782
910 912 1216
819 820 464
577 579 6140
726 728 9569
262 264 6459
901 903 2381
682 685 8203
720 723 2312
105 106 1720
325 326 62
806 808 1920
722 725 946
215 217 3557
865 866 6673
724 727 7781
265 267 1913
282 285 6239
297 299 8284
608 611 6601
750 752 1443
855 856 7167
785 786 3830
210 213 9208
365 366 8123
614 616 5002
10 12 3648
766 768 3194
98 101 3503
913 914 5327
791 792 5665
854 856 7527
44 46 878
133 135 5598
710 712 782
611 613 5990
908 910 1815
571 572 2892
990 992 8930
563 564 7861
437 438 797
167 169 5963
66 68 7998
725 727 8910
68 71 7097
255 256 7216
587 588 1036
511 513 4117
192 194 1752
946 948 9999
419 421 944
223 224 9522
303 304 6388
586 589 7685
711 713 370
364 367 6763
938 940 7472
576 579 5248
591 593 1330
296 298 5555
561 563 1785
501 503 6008
389 391 6754
740 742 7958
318 321 7187
301 303 8422
701 703 1645
721 723 6604
932 935 7359
225 227 22
919 921 4806
236 238 7360
984 986 8570
506 508 7202
5 6 2640
263 264 7231
433 435 3209
540 543 5890
508 511 8105
467 468 7513
7 8 1952
981 982 6117
253 254 7707
410 412 5116
426 429 6590
984 987 5702
381 383 3944
759 761 9632
879 881 1021
596 598 9905
202 205 3468
91 93 5714
69 71 2340
53 54 87
674 676 8987
340 342 1689
179 181 3533
953 954 3242
979 981 2308
51 52 4455
224 226 5842
606 608 1984
89 91 8629
289 291 8803
92 94 2462
866 869 2044
349 350 6648
13 15 5554
750 753 3307
582 584 5296
54 57 6034
460 462 2035
434 437 8531
936 939 6632
515 517 6624
180 183 1544
305 306 242
252 255 5888
916 918 9294
818 820 2825
211 213 1773
730 733 5020
246 248 6434
958 961 4690
958 960 3819
920 922 185
638 640 9670
831 833 2082
348 351 6253
3 5 2832
987 989 4996
237 239 1217
160 162 6897
23 24 5355
213 214 8577
624 626 6095
413 414 2558
670 672 5708
555 556 2424
988 991 8092
825 827 7181
305 307 7748
503 504 2841
668 671 116
993 995 8247
926 929 1740
634 636 4376
619 620 7779
667 669 349
308 310 7528
293 295 5230
20 22 3345
251 252 7943
982 985 827
708 710 7159
622 624 2087
956 959 7051
437 439 4767
100 103 4617
678 681 370
297 298 1699
749 750 7976
685 687 1953
975 976 9815
23 25 7232
956 958 4893
150 153 9601
545 546 2238
458 460 4421
618 621 8110
994 997 2592
677 679 7713
863 864 4080
273 275 9107
493 495 6480
529 530 9922
834 836 357
391 392 2091
132 135 138
247 249 2394
601 603 8428
357 359 8820
149 151 9664
214 216 3229
594 597 3999
452 454 4894
796 798 1439
703 704 2429
997 999 769
889 890 2679
191 192 8838
543 545 3018
938 941 7414
738 741 3403
599 600 7314
136 138 8005
610 612 4211
871 873 1825
395 396 4223
881 883 4192
259 260 7202
307 308 5530
140 143 6380
647 648 9147
131 132 8251
225 226 4493
241 242 8847
933 934 9231
301 302 1533
706 709 1355
2 4 1505
513 515 3286
63 64 2019
173 175 4289
627 628 6358
476 478 283
198 201 7287
451 453 6476
276 279 1764
279 280 2152
337 339 637
136 139 5848
527 528 5117
414 417 8279
809 810 4423
320 322 581
878 881 6985
435 437 3036
72 74 6884
963 965 6941
817 819 8580
294 297 3534
79 80 3935
22 24 6326
628 630 6017
60 63 4925
107 108 8915
548 551 8649
398 401 9186
450 453 4325
517 518 9008
149 150 6115
526 529 1839
972 974 6220
583 585 1579
539 541 7820
883 885 5140
22 25 2522
188 190 2597
207 208 8056
123 124 8559
200 203 964
61 62 1649
690 693 6609
530 533 2445
275 277 9199
655 657 9736
77 79 6677
243 245 3796
813 814 162
575 576 6343
742 745 6031
516 519 6787
272 274 8320
484 486 2907
626 628 5427
707 708 2300
795 797 6209
801 802 2911
55 57 462
790 793 9835
894 896 5610
609 610 7391
119 121 5652
648 650 6812
770 773 6581
380 383 3976
52 55 8625
519 520 8210
821 823 3331
178 180 4908
622 625 3729
568 570 5531
350 353 7460
537 538 8261
963 964 3057
751 753 3353
905 906 8669
80 83 5696
390 392 4333
147 148 3503
882 885 5071
509 510 135
976 978 6763
957 959 5491
111 112 1653
28 31 5714
585 586 2216
556 558 3524
523 525 465
407 409 3913
554 556 7179
481 482 5996
674 677 9777
478 481 5247
860 863 2258
552 554 139
379 381 7640
481 483 159
208 211 7837
81 82 1958
181 182 6016
329 331 2051
930 933 8143
258 261 8833
512 514 1302
873 875 3312
461 462 3087
27 29 1343
928 930 4084
989 991 3963
477 478 8492
36 39 2221
380 382 1238
598 601 908
192 195 3032
178 181 3322
18 20 1334
795 796 7352
723 725 8648
341 343 7167
407 408 3601
355 356 2757
166 168 593
457 458 7174
576 578 9528
338 340 2575
968 971 8777
482 485 5623
490 492 8373
314 316 5489
892 894 2618
716 718 4357
281 283 9959
37 39 4985
223 225 7014
162 164 4421
706 708 7934
94 97 2460
274 276 9410
298 300 6912
190 193 318
306 309 3121
218 221 7630
950 953 1807
840 843 9284
68 70 2351
911 913 5542
245 246 3452
533 535 5730
653 655 8654
667 668 3578
385 386 8260
721 722 9004
666 668 5578
187 188 4812
394 397 9677
216 218 2417
153 154 3200
315 317 2252
388 391 9798
60 62 1307
831 832 5061
288 291 8738
553 555 7185
549 551 7987
904 906 9682
937 938 3682
911 912 401
336 339 137
122 125 9719
196 199 1768
581 583 3470
397 399 110
389 390 8952
486 488 4862
661 662 8481
965 966 1255
408 411 5787
476 479 3479
528 531 8584
641 642 8059
99 100 9359
499 500 1650
148 151 513
870 872 7081
951 953 1793
81 83 598
504 507 1574
640 642 9360
789 790 9678
672 675 5900
412 415 5164
964 966 8407
345 347 5809
898 901 1389
769 770 886
594 596 1146
767 769 2276
942 945 4907
461 463 9620
931 932 2650
744 747 3533
274 277 4685
848 851 134
76 78 7072
439 440 6625
245 247 8996
64 66 7192
718 720 1132
621 623 7426
490 493 6374
642 644 8563
93 94 853
256 259 8737
540 542 4012
463 465 9337
368 371 737
474 477 2036
152 155 538
505 507 6393
240 243 2412
547 548 9906
279 281 6938
676 679 5274
707 709 1914
402 405 158
434 436 7928
813 815 1970
379 380 2271
964 967 2524
945 947 1308
758 761 8845
396 399 5806
773 774 7790
308 311 323
33 35 323
124 127 6097
25 26 6445
652 654 4111
876 878 1182
936 938 6020
656 658 156
546 548 9141
9 11 3384
853 854 5779
926 928 9887
967 969 8589
333 335 2085
566 568 5729
778 781 1175
933 935 9075
799 801 2278
570 573 2384
273 274 113
114 116 2863
696 699 2710
250 252 4890
947 949 6614
374 377 3789
682 684 9035
907 909 2975
36 38 6782
816 818 9956
112 114 7757
462 465 4260
743 745 2378
425 426 4152
808 811 8625
145 146 73
776 779 7154
774 777 6017
158 160 1891
665 666 9861
247 248 2016
154 157 7437
673 674 6074
839 840 7888
456 458 4918
587 589 4547
947 948 1371
347 348 1919
664 667 4486
373 374 5980
267 268 9752
737 738 4777
780 782 6721
748 750 8371
262 265 6831
491 493 970
992 994 8226
600 603 5066
57 58 9396
882 884 2202
78 80 977
975 977 1740
939 941 4864
314 317 4519
17 18 9819
470 473 2135
29 31 8351
482 484 2996
654 656 4868
97 98 3961
651 653 2733
935 936 138
16 19 2754
864 866 1672
639 640 1578
943 945 9337
312 315 2409
335 337 72
363 364 7412
776 778 7116
755 757 7586
715 717 328
323 324 7236
400 402 1972
412 414 4259
952 954 7663
25 27 2696
44 47 8800
586 588 7352
856 858 9060
959 961 6175
376 378 5345
184 187 8801
411 412 8765
48 50 9497
841 842 8917
313 315 9747
329 330 3277
635 637 2189
366 368 8282
261 262 3438
617 618 818
727 728 446
902 904 8513
74 76 7807
59 60 9637
539 540 3947
161 162 9456
58 61 76
309 311 5107
875 876 1476
702 705 7534
844 846 6316
158 161 908
694 696 6330
637 638 7378
765 767 7640
753 755 2855
807 809 1436
636 638 5874
507 509 2983
498 501 373
632 634 7882
559 560 4099
55 56 7826
771 773 487
312 314 3325
720 722 8442
779 780 9193
362 365 1874
241 243 2981
953 955 9734
728 730 8887
112 115 372
761 763 1229
465 466 886
442 444 6649
604 607 8794
304 306 5374
875 877 4113
675 676 6601
79 81 6
804 806 2744
890 892 3838
86 88 2928
525 527 7248
691 692 1444
195 197 1957
509 511 4664
226 229 4278
344 347 3936
258 260 6101
658 661 5883
358 361 4536
818 821 1916
148 150 5619
31 32 9014
894 897 3637
891 892 3539
864 867 3261
803 805 6375
699 701 1916
234 237 198
549 550 9204
510 512 5351
375 377 9736
924 927 3203
642 645 5060
253 255 3902
453 455 2273
717 719 5462
469 471 8827
732 734 5476
711 712 6107
859 860 4363
462 464 5720
459 461 8259
867 868 5927
814 817 889
988 990 1379
672 674 8888
217 219 4880
917 919 7601
202 204 3612
96 98 9968
82 84 1709
782 785 6054
409 410 1680
39 40 4380
735 737 7662
299 300 5159
638 641 9289
300 302 5831
628 631 1478
550 552 5728
472 475 5483
791 793 16
184 186 190
976 979 6623
684 687 4300
260 262 5117
193 195 2867
994 996 4670
401 403 5489
890 893 8088
117 118 7067
923 925 6509
90 92 7130
654 657 5143
45 47 9581
198 200 1139
880 882 9118
86 89 5191
382 384 5416
597 599 9086
919 920 7812
209 211 4786
322 325 2395
405 406 2831
142 144 1951
317 318 7507
483 485 1015
421 423 2224
264 266 2388
57 59 5882
280 282 7215
126 128 3039
378 380 568
570 572 2012
1 3 1862
980 982 7630
454 457 3622
745 747 4209
352 355 5471
246 249 8054
681 683 8521
673 675 2009
723 724 1276
271 272 9273
691 693 3174
328 331 2096
163 165 6047
893 895 4
37 38 8397
873 874 9135
582 585 5681
794 797 6084
538 540 6652
185 186 1155
728 731 8
923 924 8969
83 84 3213
510 513 6639
413 415 3602
703 705 8559
572 575 8932
197 199 8420
912 915 9946
160 163 8127
43 45 7917
972 975 8162
921 922 21
165 166 5744
102 104 257
334 336 5757
479 481 7859
489 491 7378
56 58 5407
164 166 9935
979 980 8542
203 205 664
676 678 7312
46 49 2856
846 848 808
85 87 3261
135 137 7657
900 903 7322
644 647 6495
600 602 7455
792 795 9787
784 787 2530
971 973 3176
272 275 370
124 126 9693
146 149 8200
72 75 3002
564 566 6175
139 140 647
254 257 9592
293 294 9261
449 451 9851
111 113 9349
625 626 8341
981 983 118
774 776 3378
0 3 9271
35 37 8270
588 590 8937
104 107 5995
415 416 2913
536 538 4940
581 582 9156
167 168 940
637 639 3399
59 61 9737
516 518 875
772 775 1268
590 592 4670
26 29 2328
453 454 7808
887 888 8013
496 498 5627
47 49 5510
190 192 9045
168 171 7511
802 804 6221
615 617 5998
892 895 5718
116 119 3665
810 813 6252
631 633 6710
872 875 226
154 156 5512
904 907 7810
520 523 3346
989 990 8286
660 662 7177
254 256 3190
700 702 1375
87 88 4262
564 567 1024
210 212 2878
42 45 5185
961 962 9668
812 815 8605
823 824 3861
224 227 6423
518 521 2212
950 952 601
832 835 6745
384 387 9738
659 660 2835
499 501 3417
284 287 8168
30 32 42
824 826 8702
101 103 4845
70 73 7664
918 920 7836
887 889 5717
806 809 5816
942 944 165
374 376 4366
859 861 4188
365 367 3259
629 631 6716
317 319 5757
376 379 3765
948 951 9639
290 293 1932
623 624 9311
944 946 5716
444 447 9949
383 385 5758
987 988 1231
838 841 8047
189 191 5590
424 426 5918
354 356 5376
235 237 3061
248 251 7847
227 228 3444
421 422 7844
644 646 1439
54 56 8957
837 838 6956
675 677 1834
441 443 9697
422 424 473
525 526 4859
578 581 1519
326 329 7699
562 564 2509
35 36 255
95 97 4516
12 15 9744
607 608 2884
90 224
55 552
175 442
738 802
143 334
8 731
351 802
162 483
12 466
789 916
306 640
733 751
131 627
387 684
466 733
184 848
217 948
133 622
105 413
122 372
62 504
334 845
150 719
344 843
837 880
142 438
76 548
412 712
268 379
181 652
245 308
95 641
33 247
280 779
217 385
203 531
90 304
172 253
428 627
560 822
866 901
144 665
188 626
71 743
191 454
220 723
702 990
76 924
231 470
348 517
195 211
164 201
217 683
602 623
211 278
240 500
385 854
12 175
752 831
572 980
364 831
131 270
611 719
82 186
310 716
473 481
342 694
129 159
205 522
70 542
164 176
293 629
299 893
36 241
104 474
317 680
135 716
243 382
254 484
277 715
11 847
248 689
164 672
122 203
348 651
144 647
76 996
477 892
65 843
441 646
229 406
442 605
708 937
386 758
232 989
105 465
25 989
360 523
350 813
295 929
27 959
375 739
264 608
232 639
313 641
280 590
51 572
366 642
417 875
395 963
118 551
528 830
109 760
10 482
78 440
462 756
111 746
242 944
183 717
244 442
670 866
742 983
827 965
132 367
187 661
90 665
471 946
61 123
119 760
407 912
471 730
580 827
66 81
540 553
72 124
305 872
127 631
14 181
282 369
24 561
497 970
414 945
931 971
534 767
368 536
335 848
144 318
15 652
491 855
259 431
687 971
343 802
308 539
406 837
373 784
895 896
279 405
341 636
83 192
629 702
771 924
253 403
95 646
188 323
345 674
204 370
329 718
549 553
4 891
453 706
61 305
396 623
243 367
702 837
730 829
487 650
379 862
395 441
153 270
143 333
511 521
636 722
715 986
497 590
396 691
232 656
344 579
528 725
355 702
280 720
583 833
251 752
158 918
466 563
86 554
64 969
679 934
175 606
380 407
187 720
52 795
150 743
258 909
104 322
285 641
378 875
529 858
446 950
398 407
216 910
212 652
158 266
249 606
710 935
105 581
588 753
61 801
22 870
715 745
124 382
478 880
84 732
435 664
163 677
315 624
274 296
3 347
134 544
388 911
53 789
140 417
725 990
184 238
539 568
370 401
19 283
98 266
0 20
339 999
124 592
507 684
150 288
766 802
389 696
7 17
81 867
105 939
569 969
79 923
91 985
668 726
444 897
710 844
23 289
603 898
349 893
187 849
571 803
69 736
65 473
317 967
579 723
426 461
839 879
871 973
151 972
506 655
55 897
66 466
68 396
244 618
98 135
591 759
217 407
353 417
406 919
405 972
555 601
26 717
202 565
207 894
24 462
202 318
540 826
242 546
120 663
70 244
282 612
334 451
289 437
380 617
192 614
235 818
608 933
1 116
117 584
505 721
472 800
379 877
573 793
266 603
62 432
274 284
459 542
84 609
10 558
457 941
860 988
327 585
585 874
425 428
105 345
600 910
373 536
518 745
35 514
81 672
3 906
360 409
31 245
661 717
320 813
309 830
218 441
132 357
542 933
495 781
703 936
533 882
492 926
115 209
829 932
396 818
876 919
2 645
308 398
456 506
186 643
435 749
356 563
139 819
361 395
471 938
298 400
448 901
69 919
15 441
9 540
656 716
51 91
52 233
117 626
129 737
130 771
525 792
19 624
108 569
99 729
599 762
703 990
233 950
199 808
101 676
75 674
910 968
415 849
20 70
73 230
582 897
326 740
48 829
82 148
188 852
164 555
68 476
390 751
431 695
194 229
72 675
859 964
87 700
342 459
252 702
290 907
180 405
162 417
278 300
371 788
331 351
491 522
648 887
53 947
19 515
524 883
211 476
621 672
609 837
23 691
529 613
548 599
47 613
128 760
505 847
519 631
203 578
454 728
620 816
196 773
298 398
314 963
116 700
284 312
59 780
152 789
37 659
595 943
345 455
562 957
338 627
267 318
38 252
297 387
254 841
7 429
529 976
933 973
82 831
32 369
371 418
206 598
276 824
198 679
128 961
121 179
507 857
80 260
55 716
930 957
200 330
352 587
258 842
8 147
87 604
174 638
31 323
401 918
323 395
16 512
51 960
521 994
117 488
278 576
828 888
731 960
507 971
594 675
318 836
46 121
183 336
42 512
646 851
144 301
42 531
18 984
189 285
208 393
741 906
179 180
300 373
384 457
16 444
630 764
626 984
155 727
34 595
70 987
324 844
193 374
413 704
224 550
44 565
271 866
90 173
147 351
187 545
223 878
718 752
106 264
41 435
43 151
25 870
445 881
597 809
269 699
257 655
367 916
40 45
463 838
509 893
888 937
183 617
475 639
667 966
267 942
190 363
77 685
650 924
429 855
301 654
630 683
444 584
621 707
21 758
41 448
88 111
599 737
287 440
584 726
376 914
665 869
126 228
82 405
390 895
600 965
674 992
219 496
506 557
202 919
273 713
239 956
88 548
420 950
180 546
599 809
697 869
49 509
328 569
199 854
359 976
533 537
466 751
929 966
186 377
322 829
343 759
8 14
360 694
174 737
29 405
123 146
25 81
298 790
409 976
179 951
307 440
618 871
506 635
162 982
229 336
464 648
482 901
468 512
364 701
70 143
713 955
31 993
302 642
535 788
354 863
830 910
474 544
154 402
103 764
64 671
303 385
22 604
456 739
533 692
578 654
52 404
329 493
299 784
132 975
549 988
128 910
111 178
517 973
115 222
649 925
104 930
267 908
345 822
507 608
267 961
619 766
615 977
230 244
52 852
64 68
218 875
873 919
29 811
12 479
115 734
242 813
397 605
277 960
458 527
321 916
62 100
411 696
117 659
639 979
582 859
405 946
704 897
576 740
210 280
716 946
270 301
97 581
127 636
102 962
409 558
670 729
400 586
156 691
132 977
240 816
289 878
292 859
489 987
467 992
399 852
428 823
181 679
413 683
430 650
218 559
348 498
580 586
7 885
195 543
472 934
479 607
277 716
172 256
91 488
889 981
94 375
119 755
721 960
162 448
111 597
711 861
626 683
529 618
87 654
14 696
168 435
234 882
97 759
558 762
19 604
302 517
107 318
104 810
614 706
499 842
570 902
394 562
79 741
417 492
229 987
864 926
274 776
279 935
235 301
741 964
115 494
692 913
263 772
2 147
140 635
46 629
9 980
103 523
511 694
172 646
378 631
100 304
107 461
77 205
142 724
22 951
85 856
179 777
7 296
586 708
280 707
62 649
79 678
290 885
271 573
683 708
773 827
49 628
374 461
454 749
451 848
150 733
44 129
276 325
144 693
824 857
143 674
88 376
173 379
331 537
87 287
178 679
234 895
69 273
61 426
144 248
390 859
136 347
197 350
162 967
406 552
68 746
793 892
296 801
179 253
89 299
216 373
384 551
579 696
433 940
107 887
358 687
20 367
453 771
688 698
204 233
387 613
208 435
272 977
802 818
273 370
136 845
101 188
193 465
307 451
320 802
4 638
24 812
317 650
216 478
445 981
285 854
84 789
552 787
392 845
513 750
12 573
170 176
540 646
710 962
72 688
162 718
436 744
340 405
596 808
554 861
291 970
222 880
363 780
18 726
194 384
440 586
689 864
287 939
361 660
436 664
300 738
419 990
647 725
403 858
97 736
571 835
74 335
211 216
267 634
82 277
431 476
848 962
769 781
99 837
70 529
421 497
755 999
629 972
456 502
671 834
438 687
109 794
43 602
4 66
907 911
128 235
685 774
623 725
248 675
603 627
573 877
191 449
498 788
519 653
339 621
154 523
547 718
78 221
162 251
94 698
164 591
214 233
41 616
56 405
36 108
714 957
269 880
532 691
265 514
98 452
475 523
161 205
147 840
763 861
622 943
71 682
196 461
86 128
427 762
30 968
399 847
5 972
373 906
214 788
393 917
128 847
578 960
59 907
564 781
203 899
617 657
300 819
377 832
691 822
322 587
177 517
123 956
490 540
450 803
438 526
156 674
16 355
59 664
213 869
108 156
171 398
658 834
509 708
100 164
70 913
444 714
423 767
178 260
154 329
335 535
531 589
68 903
424 943
233 440
292 923
320 979
587 872
8 419
44 561
29 251
33 846
129 469
582 719
29 444
98 662
352 760
348 430
606 981
22 223
477 495
405 811
145 762
45 218
514 924
445 979
506 630
53 442
115 195
420 951
235 650
596 876
245 542
201 920
134 893
73 534
55 469
81 874
57 760
505 833
2 141
92 539
121 487
258 528
51 550
431 704
19 872
247 858
582 642
710 785
157 403
837 920
241 590
15 422
299 426
269 477
239 966
757 989
957 975
149 660
102 283
598 815
633 822
910 997
181 948
106 176
229 252
236 644
26 251
186 746
91 823
431 572
841 880
100 817
225 407
667 884
528 575
54 490
403 529
168 509
656 957
182 191
4 24
173 450
712 795
249 314
364 833
93 385
74 350
714 947
22 743
23 945
115 843
54 795
163 659
231 308
141 950
683 978
542 578
350 464
286 960
352 397
185 674
520 603
116 918
679 696
124 604
629 735
179 434
688 993
16 981
606 731
154 391
152 916
578 914
88 376
366 991
125 334
248 704
3 843
46 760
791 915
114 848
399 611
613 996
128 512
746 995
599 681
196 967
480 741
67 622
430 765
260 991
127 873
282 988
328 573
848 862
171 265
423 825
98 915
335 692
127 739
921 943
392 859
261 453
213 893
591 886
771 941
432 467
270 453
226 238
514 529
148 786
222 329
13 865
91 705
243 420
72 818
429 465
69 76
736 907
704 761
167 862
132 715
532 608
336 811
349 658
359 964
59 148
503 784
681 810
87 141
146 463
566 833
194 647
96 836
190 496
701 781
356 825
354 797
744 848
866 916
857 869
179 343
2 336
500 542
309 364
193 662
567 927
516 747
526 986
819 935
598 897
123 846
394 747
435 978
648 720
181 358
81 313
142 486
163 662
774 795
13 369
167 410
105 389
884 920
373 986
396 786
543 724
495 898
589 838
277 476
462 763
402 547
368 495
131 846
768 802
142 401
950 969
202 441
898 998
372 417
31 927
150 863
113 774
23 758
100 206
618 888
355 365
399 707
141 543
196 914
592 612
439 976
368 766
176 476
91 882
722 728
544 963
234 399
187 897
3 816
312 376
20 871
100 906
744 964
142 401
311 454
10 561
50 168
572 787
915 923
131 215
142 942
346 971
197 765
5 555
388 703
57 175
16 574
4 697
95 154
660 844
409 933
67 603
701 726
5 350
442 841
401 408
125 235
347 840
435 444
232 519
141 857
307 426
291 995
304 387
332 808
895 988
366 828
87 789
58 223
192 649
219 477
50 887
3 889
847 920
231 692
74 402
78 776
383 487
444 504
525 637
39 383
601 623
3 532
75 135
374 575
517 662
504 531
217 269
86 670
116 786
172 626
155 517
283 753
51 241
159 625
551 852
550 915
3 518
19 750
64 488
58 199
184 800
327 679
155 350
926 982
166 819
256 625
246 910
344 777
553 574
240 353
430 557
111 821
350 366
749 825
574 867
349 876
515 798
858 974
275 876
11 480
486 775
549 727
6 606
827 830
60 309
658 890
146 577
373 798
175 749
188 904
258 589
196 816
86 391
80 637
200 504
281 372
904 941
14 100
235 756
369 397
275 314
212 839
629 987
62 512
238 655
60 612
574 981
241 622
266 636
420 833
314 535
331 968
409 668
233 314
469 909
397 406
568 719
280 338
179 994
154 980
225 674
271 972
152 565
55 640
541 649
287 454
117 248
177 473
142 589
255 391
261 401
834 982
100 109
298 823
246 356
330 955
293 500
287 425
284 896
338 801
114 578
406 826
402 610
592 607
86 540
558 638
424 863
769 853
634 829
414 581
579 807
931 932
454 785
195 685
90 842
13 27
189 706
450 537
4 297
9 172
700 931
78 353
590 816
182 624
554 907
139 947
143 413
668 699
274 423
611 662
53 835
150 669
128 809
384 824
224 534
150 594
255 312
12 141
443 614
550 831
403 763
88 816
360 889
150 854
310 465
376 519
207 558
344 463
504 513
287 722
39 623
510 570
268 989
857 924
302 481
642 933
751 899
172 173
196 573
241 836
332 456
179 411
245 316
941 943
33 330
25 386
777 851
461 631
451 693
368 779
728 948
565 820
517 526
408 537
532 674
226 496
219 396
47 148
543 846
550 973
3 945
574 906
436 865
162 899
109 193
402 979
331 469
163 352
73 730
32 102
403 986
285 762
6 677
35 200
330 981
854 907
112 940
409 676
195 230
297 538
194 287
368 953
164 759
137 629
150 412
321 534
96 667
682 934
516 574
138 981
692 710
441 854
106 318
490 582
264 967
570 869
792 983
384 724
113 558
509 593
380 944
484 519
417 824
253 559
2 515
25 715
143 720
111 917
92 835
454 895
39 716
83 206
371 544
219 900
242 875
595 908
225 483
502 674
128 192
311 677
698 872
350 857
445 931
100 581
242 468
286 882
238 989
32 182
239 721
311 384
56 937
167 278
74 326
1 556
376 769
253 439
206 550
163 210
139 359
200 922
143 429
168 813
326 502
18 599
675 760
113 723
342 926
79 271
526 852
78 550
504 931
594 697
663 920
119 442
806 912
82 778
485 554
520 733
705 858
149 718
62 304
234 532
25 78
85 305
466 524
325 449
302 435
974 992
295 456
55 804
681 978
150 845
504 747
202 435
420 437
424 701
345 437
658 931
365 541
565 705
191 223
409 527
113 845
333 386
143 446
342 713
873 970
60 516
210 811
272 284
181 317
221 839
288 453
96 479
230 639
424 910
374 690
770 826
737 784
117 411
442 622
815 963
434 915
334 584
550 572
524 894
60 755
236 257
33 213
173 496
442 926
301 746
67 757
211 880
316 368
269 521
522 693
431 759
253 410
613 659
476 784
540 794
713 729
938 955
550 770
667 857
729 742
375 763
585 589
422 737
79 766
586 949
164 694
558 586
730 761
180 386
364 858
233 641
526 682
237 669
673 996
846 871
523 685
633 864
688 872
458 591
576 597
326 804
312 531
334 665
301 744
567 811
255 752
396 614
180 679
145 802
373 516
171 225
339 590
750 905
160 490
9 444
761 954
86 244
231 895
120 973
362 368
531 915
250 374
509 915
28 69
256 496
377 979
153 371
887 958
512 697
170 635
174 246
475 526
331 502
214 565
544 812
456 908
287 990
528 530
125 436
338 778
429 808
33 171
122 953
488 666
369 503
91 713
141 548
285 363
358 774
333 868
502 808
631 754
4 116
163 260
174 503
118 855
488 602
510 526
290 713
233 439
635 763
144 491
336 637
656 735
551 905
928 966
238 513
639 879
530 721
60 180
55 455
715 792
508 895
488 859
541 586
37 887
775 915
20 847
312 962
312 382
501 822
116 246
439 721
565 998
60 283
837 925
705 762
786 949
770 970
271 456
145 399
414 538
404 456
359 876
0 893
87 137
382 793
298 763
63 537
13 24
154 841
167 862
511 529
101 244
427 641
641 798
178 483
63 132
698 867
39 368
322 495
187 322
255 613
214 709
104 649
295 843
295 465
383 843
496 798
783 891
417 460
137 472
89 137
126 396
784 800
113 667
281 310
183 669
261 942
16 243
43 704
131 699
261 987
361 723
43 318
208 829
96 479
386 478
296 583
129 484
452 597
458 925
136 670
126 323
5 532
393 475
361 547
374 933
844 899
349 926
562 668
68 696
18 102
195 239
387 701
69 880
848 852
703 964
125 987
223 637
43 691
538 811
340 449
215 942
241 971
5 235
448 481
119 645
460 974
693 908
5 452
409 468
51 655
267 809
348 720
44 381
44 751
252 961
227 543
364 444
286 323
49 433
284 764
296 502
568 874
568 743
555 586
322 810
369 607
543 676
84 937
237 383
359 905
75 312
314 413
207 697
115 327
200 568
278 647
345 941
309 952
69 335
355 820
377 864
581 635
420 999
201 408
112 659
119 678
31 638
738 840
50 86
127 549
411 420
671 739
112 916
27 216
786 921
493 710
660 881
540 583
625 928
159 439
141 282
525 792
420 954
30 386
185 989
537 959
1 755
2 896
329 594
433 592
132 639
239 469
237 752
795 810
325 960
52 915
498 539
453 946
386 841
407 801
619 868
430 741
60 116
59 664
457 459
464 570
161 430
486 997
263 908
305 471
157 530
551 891
347 749
319 557
249 431
331 905
162 567
779 822
708 823
829 857
41 641
104 936
567 986
176 661
99 956
429 902
352 747
357 811
52 966
228 862
588 750
614 822
273 289
70 869
18 408
481 566
295 980
136 738
420 685
635 880
30 195
76 430
425 506
60 838
695 809
625 926
433 610
523 988
42 331
635 953
225 348
257 573
503 819
56 203
390 915
375 764
442 919
144 700
986 992
203 883
229 864
343 737
58 247
227 873
57 637
123 485
216 311
210 233
749 850
230 868
43 303
49 455
57 491
524 881
521 882
282 655
55 434
162 281
898 961
565 800
267 476
587 757
118 448
664 897
29 371
608 639
480 908
702 915
355 490
545 744
269 379
289 420
418 533
14 879
181 634
661 925
354 833
223 509
56 324
895 989
105 613
332 546
72 969
126 229
641 867
424 453
19 323
454 987
6 254
816 952
292 596
152 192
392 640
59 309
83 558
118 461
101 222
377 609
458 625
731 732
53 158
192 234
391 462
509 741
392 500
106 487
395 825
32 521
505 559
25 706
198 317
578 701
677 761
449 611
69 724
18 426
774 923
409 879
148 257
48 274
301 752
54 315
177 525
455 459
29 704
981 998
542 663
271 425
2 781
352 438
918 987
214 339
440 676
80 967
24 996
44 968
433 764
92 788
776 886
140 268
574 820
277 925
863 908
431 498
515 602
633 888
273 435
26 603
188 248
165 548
394 504
472 473
143 185
442 791
129 217
440 741
497 941
377 886
939 980
414 517
184 752
75 222
396 983
625 659
194 242
455 640
29 92
398 677
398 845
686 847
527 720
579 954
341 472
248 877
22 791
303 787
45 144
117 320
33 750
226 564
541 979
608 880
402 713
584 751
166 630
418 603
347 702
149 740
13 723
73 997
427 985
860 868
517 875
330 572
441 965
243 624
709 738
551 839
628 930
56 451
306 446
626 821
478 711
446 827
175 519
59 853
378 951
20 53
431 723
272 975
136 141
35 536
453 499
330 427
565 660
507 628
389 583
455 639
697 798
130 200
476 922
877 901
168 721
135 827
484 657
220 408
164 870
332 470
10 771
246 914
697 992
380 410
125 886
61 424
467 566
128 350
364 365
356 589
116 184
434 485
753 767
387 659
18 682
39 653
85 339
244 939
165 478
533 982
152 350
531 609
601 865
152 587
698 712
424 483
187 892
474 566
243 678
473 768
175 432
39 809
71 340
130 603
295 408
244 563
540 963
684 967
647 788
369 653
209 310
120 187
21 157
200 243
311 735
421 817
538 673
715 845
494 878
356 648
568 777
745 968
24 519
87 662
606 722
494 697
215 834
559 595
222 549
0 944
418 648
32 688
212 533
469 572
331 880
141 234
605 719
284 576
474 608
760 822
102 133
788 919
437 677
504 785
597 612
140 927
475 612
52 969
51 391
518 932
59 906
41 374
331 635
216 923
146 875
32 427
677 734
353 542
382 775
180 963
286 973
437 536
129 578
187 778
629 701
88 889
764 862
224 971
145 800
445 970
643 695
173 456
215 798
264 626
414 699
3 783
108 645
508 985
257 532
462 880
368 868
374 638
254 681
198 213
81 215
21 165
180 483
484 785
576 852
546 788
247 859
136 259
236 637
239 416
172 351
251 752
113 612
426 579
185 825
428 970
156 607
503 510
496 985
563 881
202 800
153 835
167 911
127 763
175 547
354 791
176 968
363 784
890 993
291 332
375 575
54 63
199 659
562 792
281 946
150 687
503 527
132 652
410 420
35 743
298 309
625 855
76 951
531 741
330 757
136 203
459 889
127 835
283 296
791 974
123 957
37 488
518 586
782 967
646 710
296 858
221 625
410 681
2 461
417 751
118 796
109 417
581 957
198 631
142 369
31 125
267 412
61 820
457 518
383 835
342 818
698 710
432 870
328 654
470 791
194 864
669 691
351 859
618 769
211 667
540 637
406 912
149 725
201 408
264 935
58 504
222 855
179 470
431 769
294 994
519 548
501 727
490 902
145 418
179 944
442 708
466 913
536 770
443 504
560 755
143 789
388 755
520 792
340 918
201 655
93 723
38 737
298 974
51 633
66 136
666 895
270 276
388 463
605 754
270 699
618 796
0 351
298 388
327 871
355 616
105 285
19 292
782 919
256 911
430 694
196 559
726 731
651 944
270 863
370 513
220 280
291 928
384 680
823 830
440 626
105 552
618 748
294 991
493 697
34 550
751 755
711 896
232 613
352 881
359 825
67 736
167 913
552 874
168 969
188 266
842 875
27 35
411 848
494 621
138 440
441 583
15 199
453 679
832 981
390 904
201 582
70 788
137 286
474 920
580 673
136 703
425 566
722 826
262 659
308 568
285 826
408 456
40 211
8 211
362 415
164 760
260 893
450 786
477 592
471 566
11 85
561 934
293 806
180 542
94 223
225 918
688 844
354 860
287 961
198 299
682 810
130 210
326 493
294 621
710 738
682 959
6 159
75 897
307 356
314 511
706 791
575 812
25 344
142 335
320 555
140 971
44 940
355 764
381 827
49 934
652 732
253 568
668 712
340 998
89 380
4 520
157 605
510 971
46 163
274 670
181 261
607 711
534 859
323 359
310 968
171 465
356 583
171 646
353 658
705 904
621 687
931 999
55 262
818 948
253 641
748 818
323 464
116 956
164 203
287 622
163 794
506 719
836 944
707 823
213 692
502 802
487 896
241 711
153 448
87 299
485 622
37 357
289 543
706 728
186 862
564 791
142 885
551 770
982 987
225 371
497 567
895 962
295 796
129 545
13 533
480 789
139 484
460 972
434 803
565 864
241 267
14 385
552 996
200 725
546 953
184 282
284 647
98 904
350 666
682 973
67 927
251 938
212 536
107 837
363 985
724 827
120 568
89 455
353 526
419 988
221 808
215 332
83 553
531 670
101 234
108 595
537 883
171 520
44 143
771 819
225 658
632 821
589 949
332 476
92 817
466 974
28 993
513 852
301 755
452 679
216 940
101 808
402 622
249 904
426 665
403 554
191 730
116 350
381 473
212 478
502 759
11 286
244 601
150 360
506 978
283 798
122 137
155 335
151 922
260 870
96 811
77 708
296 844
801 932
793 846
761 851
90 392
248 687
578 873
564 625
822 983
959 978
22 119
331 462
289 336
536 826
210 508
725 779
117 577
735 843
484 666
85 426
334 546
118 443
195 267
281 750
195 621
125 663
123 561
218 868
407 932
297 841
228 360
175 872
67 237
433 575
176 429
486 989
588 886
462 621
578 848
690 873
19 193
637 773
695 783
797 929
189 232
104 971
214 344
320 864
81 428
752 825
718 729
214 383
665 749
386 760
6 571
810 978
299 785
53 124
597 967
316 716
329 344
520 823
121 598
134 793
561 618
743 794
46 960
724 766
440 552
43 420
279 712
417 447
137 413
461 801
547 618
108 146
452 488
58 577
397 834
383 946
807 940
315 756
171 235
229 367
375 654
573 829
6 650
51 963
343 828
8 355
177 343
309 338
546 972
309 757
312 514
38 546
550 801
570 785
18 762
411 917
629 919
332 348
30 870
311 656
201 511
372 837
184 578
310 760
327 554
826 997
29 568
622 776
206 612
165 249
283 422
700 719
72 645
364 420
875 948
666 833
490 640
67 503
187 557
630 769
482 863
55 179
438 657
117 854
217 962
274 340
517 839
193 390
49 933
220 410
429 641
206 416
293 625
727 835
226 419
405 865
311 960
348 682
456 475
216 437
3 80
252 566
916 986
58 994
131 339
40 555
332 746
15 545
223 951
153 608
99 164
701 864
814 974
145 919
289 747
291 406
72 594
440 441
428 829
443 884
654 929
170 556
404 644
42 326
577 953
340 993
340 730
613 674
508 746
242 392
124 925
51 282
97 379
93 815
341 771
215 276
74 204
374 776
160 239
760 911
110 393
405 707
581 588
160 511
677 977
260 650
557 662
474 741
16 581
804 940
450 859
792 994
365 523
264 550
323 405
286 650
159 251
477 857
557 839
153 510
513 963
138 527
96 183
238 905
28 750
762 897
129 593
439 572
199 547
622 801
147 535
547 725
627 999
116 489
128 381
627 985
516 599
58 528
220 996
230 330
195 944
308 736
884 892
299 543
171 531
8 783
446 814
447 928
255 898
18 970
244 950
388 800
750 999
60 633
781 906
234 263
83 292
180 522
150 543
287 793
320 569
135 917
304 818
487 755
362 669
373 723
181 272
573 676
802 849
350 660
341 971
813 899
561 914
686 729
141 679
445 978
523 743
502 589
201 829
141 792
16 133
168 607
65 764
122 932
26 491
442 882
375 568
29 434
756 999
11 95
561 838
518 940
353 457
437 510
303 904
177 618
332 530
147 352
418 622
798 889
232 828
316 968
115 820
143 924
564 699
386 479
106 491
543 550
32 824
799 943
114 607
19 121
47 719
445 619
76 828
30 582
264 829
339 918
88 117
60 213
74 418
501 635
336 693
524 652
842 880
106 163
106 859
666 845
870 918
279 966
702 904
446 687
66 924
20 830
511 717
28 243
337 727
118 965
6 374
269 650
4 85
349 575
375 646
119 609
161 592
506 935
490 701
52 571
197 977
278 336
603 929
110 401
746 977
97 953
102 967
161 352
684 898
584 683
591 768
74 270
89 809
616 785
246 777
231 719
377 798
175 657
144 600
202 741
271 546
210 321
309 616
34 821
619 882
173 477
642 787
827 968
712 774
19 876
247 926
85 755
805 945
524 810
24 832
350 480
405 580
582 960
16 732
580 810
355 360
235 533
236 971
103 278
59 203
801 936
680 840
227 230
552 579
417 721
180 480
23 526
132 559
228 664
903 962
708 747
185 353
289 799
820 893
90 732
125 934
204 513
261 643
524 548
507 992
190 631
195 623
166 466
105 826
119 397
197 585
140 194
198 670
440 898
129 829
294 824
23 852
249 291
43 918
175 381
348 859
845 900
62 259
333 775
33 629
363 469
470 771
157 979
133 222
403 752
604 896
70 374
571 661
206 897
297 896
678 771
345 934
160 954
33 517
146 209
128 163
80 314
278 711
43 390
786 921
332 804
487 744
700 902
212 350
627 764
335 675
440 511
166 505
169 557
312 381
130 542
162 652
121 894
523 658
227 951
355 521
635 912
173 735
668 802
108 409
749 768
513 991
35 914
299 749
391 416
233 931
104 377
305 920
542 575
91 790
433 969
117 627
617 785
166 773
407 516
603 777
102 417
16 79
680 820
352 646
64 127
714 732
250 476
215 624
92 473
201 655
682 857
384 594
160 856
549 975
146 425
202 692
286 518
773 923
66 972
44 369
59 181
644 726
383 630
103 281
129 421
49 473
181 805
9 129
604 624
170 596
79 708
411 700
391 911
561 725
221 238
154 747
250 355
170 941
103 634
197 375
5 171
265 491
97 948
569 706
797 844
533 751
76 720
439 973
84 202
188 449
