38955483
60252467
38360188
21925640
53349520
14298570
29977497
45689506
51519879
20090562
40245833
15461252
43240068
27085091
21603040
4608117
19565342
-1
7426290
5139167
18264256
10358378
46865859
11027377
25813701
28204975
2838030
2414118
7269464
13999368
46481678
41922933
25455904
42426814
52157308
12284085
32888321
16941685
20220357
67646035
8559436
17763191
22026151
880590
6026343
31819876
19512063
3090454
9122670
41343385
64093884
23991011
6344364
25672047
21350139
41788133
15078754
4886007
69264986
40440354
58712566
19850228
5873160
14176698
28970368
3204213
28509112
55266177
13438103
49712949
11475770
30521510
-1
56565912
7278253
23910458
7439219
41594469
19579867
22086730
6067799
2263329
48223048
15163223
22099021
3059848
61672718
56818108
63036096
14986971
13525760
30203620
58580201
45364811
8173109
26811852
9110735
9030873
12747314
28930316
33047758
10971180
34284316
28320001
33321268
2821124
55336127
2956140
12216167
12849976
20298675
50298996
18103207
13351731
36763147
4454632
13038103
13033968
19533713
41079534
23056883
7291204
43417988
8797870
12289769
24541388
12422166
22344010
36431980
23922538
261732
52287286
26604031
18409237
37106135
8726929
25370793
22542813
28726086
16515483
30122089
40890476
9930633
13810250
19112303
492690
10461821
3260424
6476342
7281097
19242385
2237683
48870178
4323779
4152183
7067319
51426116
2922312
25407056
36461957
4017609
39815767
23654115
8933615
1330348
8150
17002612
2810679
13425875
13919130
38624882
19417421
5436765
18683688
12471382
28126864
63295467
4571430
50290849
37157750
42086597
25040498
60467985
20380636
64410964
57221910
17331075
24463194
36088146
46913806
3089569
64634862
11562381
35329359
10534075
61594534
20696790
46249850
25098237
3840938
65309407
14784402
54444924
11670563
58847110
15581599
7997807
24990103
9240839
20851644
9785395
24540846
18957021
23084644
29315390
56462486
16522553
16777251
16007238
31735028
8540700
54385036
4932156
61253741
24488796
10471187
34868358
40590093
25366581
27235133
47640769
14373270
11720871
36830278
14531945
29615080
44604891
33050882
1333098
42681519
37934108
3119621
27771248
25756521
62420354
15501536
55313484
1315439
55536472
15537650
19942691
1919457
15028756
12148443
38853869
15242953
895678
22559514
31387233
1412327
12527500
12203268
27661650
44925059
40794253
21111427
42392265
17588462
16722812
15914859
29446283
11600844
17254867
19408799
5960976
11239705
15678389
22609431
33355525
13524822
4268162
32881834
25487507
43317748
53658151
23241459
12831897
22805456
40677085
40016426
26454090
16699103
17594977
26740502
30996757
13109165
51392126
12116736
27565479
31318496
8379242
28271261
38761443
8666793
33898968
6522677
18759375
35622844
22404254
8953113
5704443
6090293
8379717
16316816
28365328
16196467
32813612
47562577
61538868
48380258
8281769
45402352
38597948
50102850
65491165
1495153
11918815
-1
2315697
35227018
5761295
53941949
4093147
9187001
19937019
29259759
14176908
20534166
4131883
39486921
676288
2834862
21857295
30219276
17206403
28247369
42653200
9352613
66810492
26145490
35588151
8577626
19694220
37567293
62496736
6900427
7350318
3558076
1061081
25864296
1535053
9086990
27849170
49743568
31023754
55867106
6542232
27101959
18219605
35682246
33788404
20561730
17604043
32963163
4383498
11174696
12822590
54470009
1595925
14768034
1604932
4826685
51028566
64678500
5276233
10599581
27437633
13961656
26323327
10625004
3005176
12694543
5950154
3583337
27262849
27713092
15225274
3349345
49773666
22083790
63555389
29217012
20800324
35388549
12139456
21778367
16788867
6904038
20742404
7160219
56093414
7225106
26332137
40182543
4589603
309573
13193387
18911846
51408835
7713627
66175307
3867361
14926360
3975645
53272632
23248705
17059569
61854034
1612519
46230433
8238039
32612982
6966437
38266011
10192877
9338769
20408542
20835909
25303964
36602019
28860398
11197051
49314205
17497821
37761990
12606636
18454897
20898275
32139996
48033617
4395694
1237898
56760424
14620525
12170913
8644674
24460397
20015416
10731985
31430933
10755550
45832098
2778724
12956872
24406239
34146334
68081220
63169
12947481
46926211
2480636
26091911
24787056
8179339
20522226
15504613
16692779
5929689
18029587
26874787
38307441
4612681
61609232
4064594
32061918
17494782
37615671
32087554
8518001
59089995
18202108
33609770
8717731
24283435
39902195
43110782
16992186
17754379
20723197
20166678
50236082
1321703
35439993
51455999
4604912
10997304
18392489
29078913
15862607
34365614
41686714
16687285
48509000
13089873
11433711
10547995
40319932
24228522
1922037
61707847
3715779
2700567
13744052
6169855
40458572
55643654
38152675
28614287
30245565
12117172
18018199
7382374
1756464
3351247
1648482
30471544
18163359
51670820
26508040
16165632
528939
35725617
1493726
65017424
54463463
9769919
3856649
21467608
55079618
17969937
55651106
15608542
38182228
19528515
52842773
43416319
4009756
19158780
1244154
17713220
16408335
35681348
30258160
26711052
4242650
8287525
581693
66053252
51759585
19104530
5501436
42110957
33516852
41742594
3427249
51705190
23907437
14331921
19787848
20870940
44179816
5083488
1117329
17514004
28512706
39804025
811602
44678860
5189812
2591442
29126836
25368555
15886664
39767664
43563262
6653896
43034229
24456682
52804987
24963278
6201482
44967949
52856240
57518685
34254076
2184329
14483952
21561500
47557788
5597106
17869239
11578742
213875
17522293
6092531
4030518
15971432
45510505
7729639
32967462
38781831
7576646
26437110
21288384
34698642
49937666
6645450
1230234
15314312
3028257
14382431
9730642
7557563
15739057
7003058
5037903
4627248
3809822
21097593
2883143
3272956
56385128
2751039
63833443
23207803
46396402
8587967
5968052
66531442
64671367
14033742
15035113
2789169
31194055
26025820
27058512
3061213
36224290
23272435
17425919
42382530
40338106
6167886
66135308
48618888
36172126
16862275
28609108
38349174
8382381
18375260
63631427
26172588
54230471
44279805
8860043
5150262
37773813
367774
5773099
37335594
20310194
30608319
3881188
11375330
51613478
37675216
50633018
5193469
39510822
703733
21048754
7358876
21564973
5876351
10105318
213607
11463265
988303
40788997
20328456
60324075
37017061
20838742
11421373
44239082
3959907
7236468
14141951
56706643
44420772
18822619
873648
12309333
32237427
52710802
19848000
8952478
11994780
28220493
42944133
41932945
37689105
28207423
33230359
6930631
66969745
27734286
27475923
7141056
30510876
30796639
337435
5959206
21000692
9584964
24676415
24656364
17839862
13648318
36677903
525936
53009934
15930797
17632812
24592568
6266733
12683183
3106343
104316
18421487
9228986
5589419
50371430
19363251
28251083
28018878
27248522
8252758
611296
2977027
53112124
14853732
22765879
36422993
18158759
35796536
3560463
13979861
8340110
47430530
30510626
8583239
6514687
5910105
31707940
15179149
68155594
54964683
7266664
16581621
16116788
21887066
40414487
11004404
-1
23980059
30991179
4093427
22827613
10900159
56637348
20111227
5939822
32494804
33080571
10339980
21369130
19306971
47040221
24604229
24763206
13259909
17247421
16208104
34963560
6776381
4407604
8698479
48049383
36858767
6557134
1975208
35461571
30502536
26980591
5372751
55758721
1569674
8303247
48357525
29724330
46624121
25881222
18429983
1272807
16340575
24876831
9481564
7533390
28288921
24064149
5610280
40262182
34010695
19864538
68009850
4731764
1080343
5626476
14459926
47181579
16736376
1526082
4476977
3646367
28731029
19086584
38724495
18299755
31132551
27822711
36976925
12437330
1935325
33744355
36511939
33990355
47257645
5050042
7582086
1489174
41920739
50609166
24376250
33516248
9110334
6204171
14772132
23847656
10962132
20390694
22597666
3035082
15484520
4473907
16065056
4398743
3688246
38843907
30581354
23858016
27111344
13617353
37207365
2819356
30220682
15460688
40761051
237878
21474105
7475310
6465426
19251416
32613261
127727
56974150
66460406
12898936
22110249
10657166
8034291
22407687
63606326
38367854
55780260
37054457
31475913
1509657
21380946
2926662
11969859
3626379
4328013
11110213
18663445
7024305
23075226
24514186
12597516
12087877
34055590
29921875
43187491
43856056
67300260
4119044
9039511
44117173
45029969
43606660
21483887
30320141
38886840
12871925
11784926
57881078
15356461
14924148
-1
42080146
11282991
18886052
6679738
48458243
2002500
5073880
28812186
1919770
29492451
17125676
10555196
30955799
15717445
45237463
59651616
11297014
54183187
9389116
14177109
32883849
30964976
8696507
58342367
61769076
44687025
12293850
24907515
8511971
18253028
1404731
21185632
23493435
27186341
10067665
55045966
32014328
-1
12562149
26598995
20215381
3075610
2506938
43391589
6318677
21335456
12965395
26916472
10603696
16000143
12749641
30477046
9349059
10982138
26103384
40077057
51859230
436349
18504870
31031682
4261187
6768495
11468757
910911
49839930
44448888
1664734
21874005
3703285
40613476
50702054
1548800
10153533
30033635
4470228
22122836
22275694
3931467
14381084
13480913
20402615
27602433
1171594
35125881
3976648
12687453
21930539
8939241
1911741
-1
20505009
8680828
60947396
2734925
-1
22492697
30403979
2968101
64544460
17086234
5498013
62741783
29567261
448388
27723549
11685835
48491060
9071379
63274883
19680724
8156939
13459103
47554453
27328600
5960954
41349507
23971912
45809329
7519431
299178
12879333
14665699
15629810
41791847
52408876
36550333
35574290
149335
3923120
33924190
30730733
17548748
10534636
9101133
61899964
17643045
19102622
3116364
17243818
54093640
15200195
13052951
34396794
36948291
39702673
9746667
13380621
12951497
31543370
15539750
41462791
8600505
14718474
42595796
60210526
2799177
22715596
4082600
48886871
11952896
27470570
11718956
26391969
1889969
52272208
3533237
8176018
40119688
37356781
38467756
29417590
33290005
33321887
1273688
30017219
12236871
6237108
15932374
12037393
13097868
6293420
26280442
4519150
55023154
37294877
13269776
53979875
24357249
41939543
3484667
1451013
7835447
29037419
23674558
21098219
24462777
11352881
31633981
18519191
37410645
16702338
5459894
51118808
5390395
32275417
52949400
28002960
36078905
10407287
21223633
3333034
1370391
5206966
874642
6297916
25099695
49888199
26312336
55079219
22413484
15383114
54106382
54272717
36476065
50673547
41628156
17300612
15921821
48349685
32517816
58881193
8033771
9150754
45575114
36333409
20131741
22894200
31640844
40500
27905471
37536685
65130125
28581304
30920930
8066978
30109266
41258862
45705689
17786231
28698209
5002518
2787589
51804107
9731898
32334025
60262107
19726242
8531661
34996140
7641853
58141876
44429981
43365307
-1
37247474
18384857
43927882
17774599
27435813
28643979
12236294
21346449
27819136
35474412
24068754
24204074
7504012
10320802
4536148
60673981
414133
33891027
16405876
31552590
53036608
16667090
57895447
47385840
13648989
47837154
21258421
42506736
34634354
31623331
7663833
5704725
29474942
24314212
7638113
5965356
15067416
18682161
60344144
23206993
43170602
48606974
24754710
4700084
14430296
32403218
3543846
15962434
13428650
60630108
21461850
15809384
16235217
25867137
27282057
4557834
7582462
6083125
5186014
3598071
12889348
49608953
44363021
26312279
49154466
43097365
5159224
2727530
55274515
4802964
3630635
18081155
12950254
12753791
34715693
48894395
50687790
36571825
39680969
27643866
6586755
6499615
7567877
3512708
2379435
7487705
36976126
3401728
15999601
22669143
1250781
9374981
45278783
53050794
977244
39780025
26428810
22387371
50018948
22824984
29994511
56021827
23778196
14467060
24231255
15792171
26924862
12957371
16126138
5682578
27010223
1928084
11283746
35209618
14415805
16412657
6986079
51499718
30793696
8736820
45010606
2988671
4054389
33178001
40888894
61474093
71579247
8197637
23969096
1992278
47687694
9288949
18169748
4143475
8513514
11404553
5137455
41996691
21264994
44607518
21319439
31487908
20012871
59909978
6683025
12321828
35696178
53602465
48597324
56707847
44957183
812165
13667495
17362596
40404972
10001800
45634777
23465147
29815393
35417575
38458074
43595233
20036575
9614452
23962220
3183809
40454072
64231139
742095
16355970
20781675
31478197
25731725
2482450
-1
14695144
18141169
4155155
26082319
25342303
3314955
34493206
18200073
25396286
57532872
31773290
35873772
23545049
2366652
7483248
19261242
42362988
44172865
-1
8574677
48114396
52492425
21562220
27340660
30018504
45910860
12679602
8122354
54754697
20184298
29862886
71242403
50599016
22945254
48417189
24031515
14560429
11415008
18115843
45746010
10710073
34427163
7737956
14107924
72546574
56560196
36308503
32929041
24647599
11801024
18599142
26176997
20478077
11137753
15066153
28239986
37782679
5741092
22243655
30626111
17619459
6068674
14599369
51427933
58868969
23722661
6316172
24569516
5997357
29587165
5970708
1399018
16688252
30125280
3159578
40832158
44971372
3815809
30855822
5911090
21930389
62943344
8469945
26290640
51808549
6505647
23672371
4832351
9469827
7168321
36283647
18456647
326163
35475697
7655439
21417297
8621483
40468789
63545768
37031628
26790158
2405204
31167977
50970824
5248994
12097806
33079506
25406817
50082498
4631131
24928454
23997572
41553925
1550048
4407665
15482257
29139229
65561110
47129491
8510530
33430103
32510409
41697253
18768479
39974604
26134818
7774693
40393002
32974744
9760486
65213578
17902571
7140532
325786
59263646
26659549
32293384
21780487
457406
7495196
10160443
21426457
42888841
60422222
216111
13995815
20706588
8769260
654570
4881881
40547788
38940879
21777547
58119397
42916452
46209034
16930004
24370351
11542064
43406701
35530076
58517834
23896898
28414756
21043766
28998582
21581403
4535208
4832943
25634442
33871571
56602658
35871313
42419806
65356677
31427887
13042488
33931483
12038815
31411972
16977224
25876508
51567961
42831491
39431103
44873038
31365489
23281093
20204486
43518393
3910364
41662493
67893957
35570103
9294739
3654334
9511601
18168908
23420060
3198174
23460130
43584233
32211358
40620422
25033600
29032551
4182472
20860594
12184027
2704857
3270551
34549285
1968574
10385721
13986181
34566210
42622091
61567388
2191105
16483027
56289240
9455250
41026107
11727138
42961989
17002275
29006855
18729762
3048469
4926956
11052607
19339870
3780957
9618365
1126143
19981959
16128320
29367690
14222549
19265473
17474811
17238049
11356251
4081087
39736432
43414750
35240263
17453845
60801944
25872490
36192044
14358440
27942953
9967218
51345946
30058093
70533061
65511460
35821129
11258028
66154603
723306
34932960
59706204
6776706
45265220
19706519
21395286
7511860
2293917
17561994
36612610
40489896
29254794
42107935
49844433
20623801
573668
8884660
9698820
21791439
17153060
2570833
7229886
14160781
1950978
26401166
10931397
18622586
12080647
57977219
56316887
47086231
37513411
10141568
40008372
13514661
6417144
49826899
23953047
19751335
29140778
9778356
20983903
25765234
15838229
26670635
17811919
3051512
30555951
13351189
16377746
740562
8163353
4649551
13414210
13419436
32782998
43270010
21160413
2720353
30998589
7527084
21619393
23326532
41684773
34253440
32022781
21093256
41783867
1985177
1951038
44185622
38896886
44525767
9210629
2018389
3700108
20547764
53648332
44504650
9713807
32624771
36372433
30774268
29274410
32695088
44119806
15673625
60497677
14078920
51051763
6859949
56149739
32705145
31963101
32086083
-1
25023155
35518503
466816
2449887
9238627
8336958
69158459
35514384
10793577
6290202
22190818
983632
3876684
38386597
12398649
33058497
7678409
25761458
341914
8253489
2908132
2193968
8936762
21873125
12709061
8868987
8803765
835744
49364501
47340672
16258155
24049705
32311928
26660553
21476859
10733207
24970473
41633497
2667735
44183992
2225424
33196013
25641614
24372831
46297941
42621281
32776392
48761460
50641110
36820676
48407032
2424812
41439977
9117032
51375965
7904206
29560746
82327
28726844
61263648
43455973
9412324
39149737
27203211
954452
28045884
10071099
18127389
36399806
35062164
1179369
28789936
19640355
896996
66805182
47374131
10304922
29550749
31659396
30678846
10256295
2953510
39402638
5997095
50557432
21037219
54142777
5100537
57347903
743295
36901600
56210818
17051273
-1
25426876
14643968
36659476
12116954
45403156
17557592
15928742
46236073
43963114
1971398
38042764
9154475
1226857
56902532
19799164
35712260
27937298
24113183
10400154
16247355
5716035
60012721
25398602
11916770
18871099
25249752
4953610
21826507
38527819
2675262
45274678
36484478
15037801
41086450
35110518
5810443
25547539
4792578
5579756
626680
39420345
2090538
19098285
37975402
8104566
14727837
41248196
23527715
16853232
22251332
66890129
20216719
11597225
29662500
18963621
13540875
671866
22672238
42215650
20913358
12451530
29905592
6382041
56307396
8428226
41756858
12723748
11754491
39716938
753943
11697398
63578798
798787
7129727
30447831
4802981
14304805
10771332
28724252
9090456
9753897
12347317
31129109
20697460
40382898
11038621
1580341
25979242
11766993
51238393
50150162
66129795
30824724
16336179
40403531
19173046
24089740
7203007
33290501
9797953
9648214
15466220
5154280
19025962
37793309
2222988
29901564
12402887
617532
55049928
36571484
5019199
11025061
6321265
4774617
24052935
8184606
62039366
29827428
24828698
54663231
48757698
45036683
13286613
44239647
64436413
38648594
2660676
34878823
8642137
47047081
56946152
32525021
7212264
7167737
15191101
2555391
48382152
7074207
21263161
20542278
30663535
2653084
13616667
-1
26384897
51039912
51770648
1185771
18116998
5628589
11246221
44752996
10477842
4612929
29565842
14860277
15506401
3072116
36705479
4243991
7632290
13236117
-1
24922722
22633459
4784575
40307054
27072990
13847408
30141996
68155205
31137439
12996626
4813749
38313640
12753953
5762334
30423303
11407673
7799241
30548464
51218425
59793482
47755133
6045905
610315
42740516
6933428
7775758
20831869
17958517
22885633
18750426
7304982
26378949
35396377
10760404
4145232
7181224
24902603
1276239
8014635
25225859
45746865
57588294
2905551
60388688
15408810
45094102
24518454
36602307
9352540
4164131
6252935
23362600
25090423
5376346
431449
48330705
161637
58374534
48782517
9521384
11892476
13664901
63365119
22026683
6684839
33531332
28644053
12142518
50552655
46689600
11697709
15972163
38532982
14127923
37266389
36885990
30558737
517289
27604367
37237258
10760098
14545820
3697105
5286751
16982114
28704149
30703753
18505911
26777264
31105516
35634348
36371041
20269967
11814102
34591438
19018747
22011616
5039835
14392461
25721852
13320191
49585230
2145872
6525986
36267271
35717147
27316671
49627241
19996752
26613974
2349046
5311248
32931423
28807185
14560045
13947807
14036251
33109036
7125274
30754755
10647254
25260316
12023859
22328907
14387948
42226871
53182359
29527589
8677511
15414736
43434486
42265889
3155343
45958261
22576861
19967154
55723712
9600949
25046126
41393750
-1
18941414
18629194
2108942
5571972
23042901
37959391
40012059
19500361
9944639
16844290
55297928
5348283
3715618
19973394
12906618
11533311
4468426
44908841
36905371
8508455
43431645
14361376
60706872
52080401
15292960
40074886
41582713
7005073
69582038
5586196
5821704
7293831
18897547
12794582
24076298
48588882
37089998
43486174
46566305
18790938
2240715
10508958
21672864
22092675
4566601
13626136
5965302
37801691
46045617
41252906
13756587
7984741
42200894
53294909
513324
42360336
55535998
28969564
1201536
11809352
47577579
10591531
51890316
44014423
22391371
35259376
17799125
48124122
51441352
25286714
8101248
20336046
48307718
31747231
28946417
18764681
24108550
19623837
6010371
22096126
13327450
16961239
1833823
35460342
38668768
23895860
1272967
4696854
33328080
7985343
4138669
42252567
1280288
40773702
3907580
38692457
34416037
3960429
37485682
24031592
39211890
7403134
39280446
30295693
29033253
16746926
66793370
49993029
54206994
61999305
2149635
49516402
17102980
39586541
30547125
516781
40354528
57001502
20035096
26032570
36167264
5875461
31397666
42089474
61678697
61127050
11584600
30076203
52529223
46737183
59651502
53240147
7127128
15121921
21368901
30742309
10702928
31271419
13502513
8056761
62639799
-1
11373731
679987
10140257
12943445
9756134
12004408
15126789
46858420
29894462
41458644
30993286
24669591
26640086
7969285
49765546
61938395
29817199
49104238
14901871
9438922
11078032
9224639
17921302
9972171
8425244
18839245
9857512
32276107
27737983
36490356
51265731
35866652
38010300
623053
54276229
18775727
39523124
927882
43868042
7593010
6552533
1708720
17712105
13151967
26745842
35122424
15744320
5343077
7838889
23594247
31444942
41394050
5464385
27674591
45811557
10443669
12234938
26994881
1520802
61047306
26976680
45720792
1377144
1131771
5693270
44706808
4841289
26416792
6685893
1036969
13239601
27433373
48226968
7246836
25736076
7537195
12597471
30037086
60273191
35518025
131803
25067244
22063349
29463151
2610702
29826027
50807549
5115189
17516410
2083242
17162778
1686601
58759674
11080542
19081978
6512375
9545860
36680278
8452339
43218471
28935002
48145548
42995349
11753060
63471316
913642
53401081
44034655
42504695
20072013
46943318
13681814
8093867
37934372
54997923
43551583
17097406
15851228
30007722
29182512
60008463
3404399
16363189
5832264
9490776
14547418
26209659
20782680
17836619
32644103
25409541
21119944
26668714
4853257
31619672
36600833
18514154
9767649
4283019
24161974
10110244
22314218
35243897
14054481
39687329
57467636
5662064
7843064
27058532
13311763
20237403
11994967
20908377
42803367
55693666
12879230
585782
31257017
31481087
16680146
12733718
5902737
60516682
27208591
32419078
49594382
12442831
14878590
20829454
64065013
6987574
4727729
32263473
13748092
22607840
5948598
9746687
37802926
27441982
14765105
23297380
6909886
48616217
19413930
30850869
1147819
28694842
44873689
3730704
4270565
31664323
58293315
30520746
13969394
63141796
22477719
26446633
4716342
39710145
17949809
560149
21081748
8948491
62842548
46509681
26576282
2438683
12366385
22144491
1075017
30529830
25981810
38797969
32875471
5033231
23546194
11355769
-1
14913220
5460697
10113854
11368853
10351733
33786403
859600
5196472
10339043
5729987
57498234
22867280
39900090
5525869
34016394
18763602
6613812
22670285
14059694
18186791
22271548
60653594
39894010
8289677
23943542
49698343
25719768
27698325
24703966
34785355
42342818
3790151
3823864
57633002
31443285
10626261
28022330
61844306
3210225
8718375
18631695
3270186
35510134
9476445
31127657
45353047
58139259
6474546
41011506
23186701
46866099
37221325
32549859
24396747
60437495
13681893
41528230
3729923
57173194
5639350
25916886
24813723
35413459
49707144
39037805
39403560
18382938
17373925
20781192
16944796
16894073
18592958
35291405
28887001
46408965
27993398
12681080
14944633
35660614
18563323
17082759
20659446
57407712
5785071
412831
47165298
21999131
49333087
35150730
15688628
42500328
21447208
60357000
21726560
23699304
53160349
25106575
8855201
15690932
18100769
1472786
20895704
40982250
17191756
6825964
12877901
58965844
34167950
7602446
37761290
7968151
29525379
49979907
787070
22873685
11027752
39934239
6038541
14004043
8443065
13234986
28256552
4279000
68940909
31231187
12527762
9593914
14430087
27167484
25379656
53755482
1475644
40569966
19365312
13145407
45778891
-1
17994332
11731446
7930192
20046330
29274800
13360440
17136998
1207048
45750472
15288276
8084915
2310139
45422965
55229344
40348563
16089541
20551
40810183
39644194
18295575
3623574
40962398
26944063
2096581
15667621
24114229
19535788
20099135
19572807
11577836
19129188
30865429
25126601
35329074
57556262
20111911
-1
38714889
64260110
1594661
27516341
10605090
19796409
47196953
20727814
35855378
4858046
32931104
15486482
12749397
30252723
31165380
15203790
9244713
-1
51927972
5383555
15824653
20180331
20882452
32202174
46940145
19519809
25978263
9183645
48400314
37025294
36976042
742097
25075533
20179125
13958171
17632880
47830292
26794693
35115981
99870
24944681
2047591
12681164
35910121
11370384
48326277
21218576
1506542
4052855
8719689
19111039
44392434
31451836
14561532
4372184
3060100
27166473
34553109
2623117
321388
63576363
6138449
13250816
22065469
35088049
59620006
19134149
51071270
12375936
24397337
18405040
48032957
51549267
33272753
15742050
34767363
16009756
15800647
7971530
968806
29321199
25312346
61588524
25031917
60437394
1193895
29167771
29886919
26588621
36225030
22414154
14889009
30583559
25734494
17802743
3762031
39689697
26005303
8590075
19779465
49103952
656001
13838448
13887962
62227150
32648395
40221168
33994914
7483838
32403232
39860223
1682462
7353770
40747648
27550336
41598784
31582004
1455773
5867064
27864164
29189870
27371170
37160821
34271011
22145954
37318167
27271802
20258170
52957722
70551135
50444687
14124143
14079583
4227788
11853843
30338306
39449025
9018146
48616097
626733
24323333
49032942
13128937
57224545
9597136
51763800
7111361
29159189
6538521
5732585
15816868
52022839
2743510
23714323
361926
14020868
11834159
39627278
24452908
24379439
32487071
7902634
43869893
483101
20519375
9368452
27748694
19658178
3827921
8687975
2689321
23783708
28082792
1592785
57945016
21993521
3954400
22395900
32120770
49436364
37075054
50997089
56694543
16349995
15422889
850058
23964442
43702838
28170694
9940261
3243104
33429917
33518378
29706601
30915805
31700288
23528776
27180304
49300251
60297947
26417817
5059438
51738292
10529996
9065000
1546755
12646747
32507676
4133581
27626664
13716373
44451421
2683476
52523133
44961030
24854763
15731534
19339424
11160303
17320504
17068890
6805070
42012170
24953380
4122626
15264992
2530689
23514852
7340654
34020585
825205
6135554
58346110
2300807
24917021
51360428
61256717
18517956
32513904
8904125
44784914
20845763
38030796
13074595
63102706
22621150
981440
48032942
11406459
27583570
407375
18718363
9943947
37638209
31795439
626988
7442470
3679742
10160587
3419996
2129805
19056680
16547985
3304795
30243071
59414098
8796718
48185168
19343830
23260407
12543556
25231130
10165674
13442180
17301095
28183415
21477335
14136573
9477199
2356573
4527612
33992055
17893204
36315962
30400627
29791325
8372373
54190068
27765318
15076418
37168972
20474692
10538642
19299805
21812019
35365436
3532023
6639575
11159165
36471955
40904261
6600177
24419599
9026781
22195762
12433628
7803753
4149092
23441560
25081607
17285355
22920242
11324699
3996747
38540885
45837836
50124312
5197955
14342406
23775219
46548725
687937
40816862
29586770
1831513
56524220
25185042
25315842
21731690
10760855
