14222960
7545690
10880867
18029190
17285795
6065038
2412666
18244764
2271968
12488014
9850802
826597
19329200
10226098
4985339
4173769
16858038
9846782
2610896
4331116
1663339
14657551
4187956
3682612
377125
2686940
14000683
4433261
2430877
2446797
3561559
3340816
15893166
20938219
15521511
13734046
6782637
7345866
27289146
3226209
3872126
9146838
27705527
7793025
13212234
11033734
6629377
11142993
14825248
23794295
5045069
5860071
1127929
6027496
28101511
14098496
20031162
7021855
489353
3074505
21557590
3574731
23369927
16131719
2226408
29870365
11625041
8377968
1286969
9995421
23039273
10862033
2178311
9568313
13272482
9142319
31335941
6245286
2491733
23259688
5730573
11386703
30044957
7725281
27762290
5408321
1668798
14196618
21352153
18505050
14368534
3775778
16226528
31611949
3665438
5041007
9746953
3348505
27103353
1234328
7656072
2628305
18497107
5579341
18712138
7252373
9694036
9012568
1655609
14049526
3374984
2197865
7931069
1601445
5842622
2729458
8535650
3327321
12736828
28724
4277433
154331
5878556
379868
2618427
13377652
11385623
3265535
21385375
8200207
19961108
1303579
10845088
29482733
18060719
17753214
30884261
23430230
3657567
15612720
13324602
14215035
10292291
8671623
20981732
13425772
3491090
6988971
1151715
1058734
309509
4537202
25209695
9191181
18112985
27904345
266476
14547726
2177651
2316587
17633381
10704520
2110692
9465663
24777918
13569573
17613498
20099001
14265361
1429017
15523978
241617
8851042
9196165
3030515
12919216
7821404
16312858
6949723
1257381
367891
21175854
1881347
23171807
12880515
10064871
6236179
18339783
4846186
7183171
12058527
1229348
5394004
8834099
6014684
6205610
8066407
31064997
3671242
3025725
17758098
13199699
1110673
20004554
23924033
18704672
8644559
11104493
8897297
6473179
2933253
10003160
18602017
15191851
10755425
18712304
25181668
10057718
28115521
19896870
18845090
6767849
18497714
17837350
3447458
4409183
29562309
7424600
4294203
12124078
2705283
15002858
4378967
13781088
21306908
13948805
24280234
11366242
10182439
2772333
1076008
23193186
15155200
1763036
10172507
678065
18942781
5229422
1788964
3765628
18047819
10416293
3910120
28381725
20208488
16391628
6825495
6624127
10458577
15705436
1475478
12436198
12084211
7668104
19841337
27700206
13406
19961622
286434
13766146
29229441
7966245
7213981
8494216
5458337
12964931
827601
22713984
7942730
9555033
3792125
11834199
22694964
12821459
11234576
12297232
8969818
7413900
11907876
2967759
16079079
5481534
14915793
16148455
8638811
13998675
23725329
1034312
923379
10582033
21592577
22745085
5157759
11005156
1371515
8581669
2432785
7802994
2170592
22599325
31293406
1835070
11234407
24607962
14637405
28045929
24510834
20061738
23391465
2595085
19621808
13824142
4190212
14031769
18886527
9703494
12659869
26434322
16891625
20302178
4244743
25455133
1259761
11347584
2616890
10930449
21296393
12982233
3898281
19364220
16024008
16524985
17270529
20911401
4999067
21360891
4876433
8319656
31901379
21162243
7118253
981591
14301440
17278382
20723459
4870278
3648608
30353842
3159109
12378680
1704585
13343013
11849587
18834176
13544009
21002070
6869698
22402315
18407207
18929301
4791518
6885247
4019248
21746302
18173341
918561
1852733
8801138
26294496
12959210
11563769
2169592
13232175
19157524
12617665
2136062
9844567
10445119
14540110
1481918
13326576
12869587
1968323
14297996
7418897
441473
1339209
5023751
3018459
18754034
24563503
967979
20583170
11256110
1266624
16043972
5294128
697849
15982640
10605893
15282583
4380503
20545984
18219555
14729160
1026210
1851939
2702132
20968744
7751850
6076251
12552747
7932381
26598340
17487990
7059040
14094124
91658
3626554
11584724
22278641
12852217
3491487
7627585
11677741
14483771
8262111
17495415
35058570
13239838
14003542
5451900
5424942
11204370
31812627
1317740
8331927
21663652
9215832
8097001
1214805
27652641
30708816
18984858
4735982
3956778
3078162
6585902
20596567
19098930
7509737
4008840
12872385
4627984
12274272
6029094
17549565
7168619
10888760
1714683
14955497
8781297
6351697
5932530
11998817
12177230
6653984
4184573
-1
14573929
11829335
4484756
17113722
29324216
9404648
14135663
5002108
7604050
968534
861081
3260739
7435515
6834534
13624273
31359806
24242394
32055000
1628525
4697334
24812700
10621846
5417086
3340388
1773225
4186879
5963991
27186933
7558874
23579180
10528389
2376227
18782833
25636043
17109540
3424815
26330980
5133959
1268052
3353315
10419794
430390
9261662
24066478
13059252
11938163
10339496
9997031
12524528
20456275
11164520
7364894
21368079
16665486
20480549
28396071
24119366
10985507
10019721
8779513
25680965
2908951
740594
2602637
33295
1794448
10013326
8104601
13661446
5588187
10282802
31738285
7504225
3541658
11124943
11042377
26738039
1689316
17335211
21924049
4211428
9826651
6647020
433394
21715382
3574906
21331583
25800094
17028180
5823189
3191500
7365633
8872970
20191840
17434905
4712610
1244460
15114270
26117183
7460201
27050905
10335497
13638201
2994486
18604916
864903
10444449
2010438
6180390
20702584
3656856
26382360
7116023
10324717
5806627
2394980
8497406
10880371
10406267
5486896
13934067
2109340
24261422
1410731
27826137
21515416
11353826
10520681
2103988
17913077
13785324
11355926
18022427
4357013
9439542
5334276
2847201
25707905
15050613
30065798
6100750
9800845
8191458
7259006
18304509
8142224
27788089
18621721
2531598
4055406
7469959
23757935
9077228
11023535
20707821
1743696
1983892
21129382
4223311
5373772
3364234
3273413
9584467
19443574
3288680
2030888
4475478
12321410
4693819
18568119
12227814
6905077
23849148
7861108
364900
12980279
5696176
11732534
2414459
18665744
5790982
21933610
10609233
5524706
8930455
22316284
21121001
8740990
16983688
6737851
6452133
19896101
14897663
16118117
31516307
27254027
7070518
17138383
11304762
11356766
4190922
14748112
10611543
6250477
12984058
23182349
6825069
2202930
3678986
10022771
16982540
20516775
30133342
17907601
6981459
21053102
28033051
4897692
7812244
3087647
28145366
6914154
28634116
17159681
27840204
24312854
4332076
17315727
17088121
24774195
1611518
8971422
9069249
18756648
6345779
10120133
1683588
381892
5294810
4829195
20895308
15086161
8645863
13800500
21190530
7552622
2304146
6675024
30499052
9212865
18376696
23987423
9459547
22948196
20028944
12621652
11903052
15089933
933196
5456822
2427088
4030690
15730165
14021309
6100320
3854890
2402966
3052815
33326690
11127328
28118487
18416764
12855169
13778505
550778
17476610
4193154
9900594
601316
16553624
2783998
25499974
22189561
217188
22908531
7948398
2628929
6336476
27728613
3365373
15418407
17950067
32214751
2795633
18052585
16215092
1154238
5676111
14595556
56358
6609797
6335707
10694329
6026497
53588
6012621
13501991
11857565
2703498
28522884
4786100
9405548
17574723
16169947
5615783
476111
24223860
10257892
6297898
24750888
901870
9430114
15932747
2152077
24562769
17625642
4782697
3011811
12151350
24023839
15114227
11630842
10796406
7346590
13830731
7506577
1820639
11615726
12907842
6984348
1197673
16784882
497968
3227704
11727992
9795575
1183021
3205910
3424366
6046491
2343986
2634413
11775818
25788244
24042680
32159272
4688612
20059945
6078456
2248957
2539577
14895695
9850789
9300772
843531
19793861
12029658
6618589
21781096
17311411
1101670
360777
3321610
12790390
14011626
31120690
11871096
22634513
844719
20157420
4550046
20943408
12770445
590539
7517424
32383064
2463194
12665058
4595802
29531875
18268287
2001056
11174972
5894994
19407310
9487904
17992573
17987268
14783163
11310550
4570993
13638517
17340554
5272446
4322970
29774165
19360655
6364196
17059433
659831
3987942
20901980
33369110
24352122
8301967
14657776
768173
14425781
707742
9462734
4169097
2605017
2505600
14690926
30329469
7598017
5069132
4766703
25666885
948542
41214
13165792
22454492
32908466
8742887
18841528
27911246
3570815
4101269
9406360
22008849
15218022
10568133
31752653
16277480
5017943
27847563
30836337
16278963
464854
10927131
20945156
14969354
10300880
12053526
26918500
21210438
16342110
1805337
4826875
11700238
4931572
12044943
11643237
6000143
13773476
19316912
6496056
1096380
23835228
7855057
33402581
998928
14316700
818583
2245243
667646
9306540
22032065
13746950
8543859
3099107
11063412
4229358
10803581
31183018
7903013
951555
737108
741535
249419
21893675
21812835
32543149
19702201
16545105
3407980
11608950
6023608
11346660
6156270
13451790
14843158
10266302
31204473
12629192
7331700
27684259
985436
11500951
14187984
19384596
24567489
11615358
22426309
20934553
560351
30580553
5028458
24445142
31059381
1763748
6215187
17944219
14084158
6710806
16499496
24494556
32630045
21376734
15312745
8358770
16165135
23046790
13849683
27076690
16475213
672560
16209072
7880423
16627692
1448204
10405682
2948488
20580720
13547724
15871947
16252325
24656385
6302929
251480
1001103
13385857
11038592
5707190
21338077
8488426
17879256
6932257
22326069
8419803
978550
9416024
8957578
334787
13676775
5324347
7070391
4187809
2303988
5152223
3554217
24348541
20438948
10525198
6014593
28151441
12922325
11198901
8568992
3007603
13594608
-1
18732912
14231119
11419904
8698693
8731858
10813359
21147590
15264984
11053330
10772131
125517
14290159
12952203
21545920
6259385
862536
1825465
1069778
24862725
25148284
4771429
7744065
1140045
8190343
21556912
8124596
25583105
4813440
7780290
5419193
11304561
15449387
12228270
25682853
2352916
8896012
21008826
5391630
29573997
4669883
4241652
9510941
6475779
10045500
20222872
2741400
13696017
2119094
16424167
15644731
6934879
25299588
11909089
14401154
18296367
8712256
10075184
32846162
10066996
18822523
25087312
7197359
4652664
6397227
15542572
1239927
5427656
2909018
1754946
10026502
25210375
16797940
17561685
17918714
5390123
16121781
111357
19724592
4511362
14549480
5961183
9522448
3737304
6115507
14374753
14123642
24363100
10294022
8594731
671793
27772652
3252283
4546522
2330118
6880493
8894458
877473
11435675
19978944
12407670
6877263
18675468
7384102
2822187
16784266
10907163
502268
16015839
15516594
23827121
3244235
3004281
2265689
22812581
14854739
15582604
17489402
6670944
8862750
6051037
918617
27316657
22431071
11990317
6141863
5578387
9157649
12652189
8539568
24251284
3161853
7461062
17284425
6097528
19728034
28001545
6990678
20210227
22600985
15763958
18413261
5795061
8411129
8417465
3608989
21437202
9036560
7027928
18047795
20415274
31959804
11132806
3787363
11629387
13301505
27308929
9532929
4741490
2123531
15864466
26823280
7316181
19891329
5682011
16585892
16690761
938652
9409504
14774805
15399024
26389669
8852466
1012237
291155
3744066
16552776
1611663
24118761
9599069
1265984
21008129
18426675
6681964
9758208
11574382
29663695
9567638
2203776
24421645
18385848
2767742
6374448
12857019
8998331
3283980
3115365
20289679
5319320
31617022
14778373
28663749
20894849
2974274
9179366
2178678
6423385
7771233
4347473
13460633
11785636
12671938
14714156
13520344
17214881
16389429
10688119
5570181
13523979
8467612
17501088
3385811
13488822
11014369
1101305
7013869
22321235
13682606
8548805
19528765
25091169
2135233
739647
2291916
16364253
16844961
19333035
177271
9196089
603464
1738157
20396254
9866175
26310849
25834245
21845256
9273138
10513429
2943764
4706333
21808569
11488457
12003703
5057198
19327877
12851187
600795
499102
11914599
15802263
20326488
12047010
21313858
3766526
6049518
21466181
8785660
13886070
3981979
11806857
13433774
19475003
16661100
8808964
2832022
9256896
3632702
16740508
17144065
16391459
23513837
8811798
2206549
4946794
25713974
22253663
11681384
34445932
12282720
3783368
539648
11478557
21716908
25558623
9905131
27489757
25277661
1445406
8547194
396888
1645951
19464586
6324314
13255561
7032116
11468535
11086446
32700354
5990561
3315729
9177341
16291638
4123399
11289125
10913621
13482030
17286578
9141702
26622709
11339492
20558197
18705327
992535
-1
15228986
3240195
713618
12883966
13950770
17900798
13568629
6579943
2954395
19843489
5803673
12494869
28972146
1266727
20274641
9569117
26752172
32243073
8610857
6219244
4304303
18350061
17439017
1555401
6389113
7237675
28777449
4640316
24863821
8277790
12894131
2729172
3860374
1323528
2794356
13148477
15570315
10755359
32525283
8268479
4372987
11049367
14371964
8773661
7217186
123280
20924145
4587327
421977
14635082
28069326
4437881
23779611
4542574
3946489
7486876
5577502
12851666
1159421
23143279
1341096
16789211
4176240
18463738
153149
18807768
7644540
9449851
5703224
25694482
9687254
4895853
24197908
10264675
4337255
20590836
10748289
113844
26277748
18922097
28888954
12111809
11707638
4337372
15037853
14921710
10668434
25636792
2902323
263061
5117361
8088558
-1
6254268
17993296
6716321
15059106
6643287
4068913
1889543
8835103
15618928
5721976
9314456
9621805
21078075
18615906
3003862
11924847
16801086
13323095
10004076
9595551
19035175
3718217
4338479
6115447
7172124
4249146
18340675
-1
2719625
7593703
9101564
26554393
1358867
194130
14007979
12470517
6383039
24323328
7533911
20506097
15085626
2072414
26950144
14742632
24875158
2291490
4034648
6646239
14635794
32086179
12320414
15744627
16588315
12247816
16296114
2101846
8592794
10952753
8032496
16495793
26823966
3476174
2978075
14032103
1404763
14168669
9458630
2747255
6876057
21456428
14229904
9065833
208444
10813822
11064293
14372203
8832506
16441770
6026968
10160617
2119243
3887596
22211001
24508492
2466558
18237581
1169984
11098057
5125936
27912595
8239350
8683814
4302249
29142697
23265924
5176499
9746345
15222124
5535955
19710014
14410439
26923781
2171557
2553808
181809
10699331
7868756
21575081
18766850
21448777
8059437
18204214
15969896
22991576
1734868
31710063
7695355
4476874
1881967
6103828
596343
7673979
8286451
8915150
5698549
23445535
28924284
5933293
1345973
29671437
18567648
6648946
9130259
2308761
5975752
8658864
12575909
1692478
13518317
8075967
18773568
11352591
32604166
20617112
5848319
11916697
5437834
11068133
21999927
5762758
16206228
8410248
2571493
32996896
5161073
24748364
5496666
2074012
4543424
7002947
11844784
105350
22878284
7601969
19148473
3649260
9837882
13903478
7628605
969003
18951347
11134378
21504197
8731770
4445209
3244191
20373320
4938739
8744276
9236233
20168967
8792722
1869733
31203546
10095075
662127
20326887
20589961
29221238
2744699
8655519
4831456
15328822
29143794
8037194
9647847
1900067
4326318
10052436
4705770
18073968
7239680
23751223
19007754
21496270
1149616
16170619
392910
2098336
12721479
30996950
6264303
7159784
7587064
26065454
2929144
1637114
13763047
7194702
12786814
1091243
21465026
10645547
2704131
8173043
4400667
13243985
1588473
13138353
7917097
12639239
149131
6734412
27410194
22954617
14392778
9648720
14242811
3752959
1843153
21102620
16542048
28568301
29374457
25908681
16541567
9136890
14351696
20504724
13821648
9733615
12824501
16808485
24130276
24498691
11212518
21523555
24079384
19871577
9101978
20541993
8308118
12228977
20524185
7140430
19020783
15554150
2517210
5835180
18556090
275544
29215843
417363
13737192
14674916
23963485
7206404
14540047
20054148
10271304
3275639
12371677
786315
13302724
32560408
20326284
6328365
3078095
18706294
5637548
2963477
14800044
3620260
2563890
5952833
5478170
553468
2644247
5264624
2624702
6325959
4845206
8121974
3189743
13380179
15203739
9116628
27538438
12727600
27457886
14018983
20035470
16537198
10279573
2223797
14634321
13751839
7830959
8515196
6622234
3796419
1966975
15577834
4816717
13527805
18358953
29472309
10729194
15158662
21157392
6802072
1635405
24993111
1776330
4858184
11456022
7040106
14007257
3465631
8331502
8571169
3133902
3492470
2214499
2103680
21854993
4478516
2132107
11995158
14387326
26169765
13056785
19162370
12415162
33026566
30654701
6048084
1502989
30126301
16459555
10128061
21877975
23663931
8678854
2799531
18208910
4949477
7599093
18188430
2751976
17871433
17274738
5967800
22442483
19824053
8474516
14003413
882429
14261617
8454415
4564715
2096986
9792716
14155691
7218080
3038443
18989039
5168214
12862141
15188138
23356883
1725240
55800
14055713
603504
17662512
20876781
22303834
988235
16019021
4127841
275805
11695164
15787431
435978
19218786
20969896
13836393
12602742
3189131
21690135
13365333
16521268
22167044
3132155
9903399
3172081
96911
19138062
25426938
17430648
28730476
13032675
5531652
20292037
21884453
7184549
12996002
1221544
13200496
17006722
1711233
3278123
18929710
10256399
26505380
1639374
4272281
24359416
7386393
3108754
14636690
1349779
8952425
21963237
19810756
8066521
17841273
5626958
4850115
11598461
5869498
22717558
4987054
5556360
3783009
15320192
36719
34159570
3311476
4853071
10120732
9232664
16499476
10923287
2755349
19569924
9007712
5192988
33293739
16089642
11302762
11993213
6590051
23566790
643730
23057946
5504192
11716694
3280466
4716746
23151014
12610067
31018243
6611783
11612
18556404
19022829
1325080
4774806
18552927
14789030
8270344
1544952
23024195
3618329
22974428
2291232
2148856
8953126
23607640
10052486
10241335
5701876
17169033
10690400
1217350
6416132
957118
9797603
1146691
7465184
13189386
5345413
25210673
13227541
11066292
13826985
14906196
4138145
29694507
3124859
3588138
6796194
3482952
13727912
4776186
22526640
11207277
13582471
2741984
22858239
10877442
451453
1902492
10428954
14488932
16881623
3741375
8567860
10445310
439803
16180122
24944963
11196598
24683352
7758660
11833315
3320800
3147613
16911006
32715472
22825960
12702832
4581231
2117281
1813342
2513146
5599387
4029949
9588515
23714632
4597045
11906970
4261839
2116803
10218324
16799572
16707022
17690464
12937744
5793935
20852797
16162906
23012396
25273497
7303384
9600277
6909501
5912696
9380853
14147341
4043938
11052796
6129113
14260010
5682246
10032395
5713359
2434336
7363841
16369435
8910127
10027048
16585852
1525614
6572528
13686948
7648234
7680214
22990974
7102539
17850894
5130955
11247259
18676888
891206
11776467
4375343
5668421
5518304
19164524
10751111
379746
8951771
188931
15172434
25812976
14860080
9531069
24420211
14450770
15093037
3488828
5416611
3915904
961540
1737378
16524628
1891786
1482290
456417
2774332
22292710
33902400
10390494
9013728
12167167
15610914
12464696
28072857
21082929
18493382
25285484
9480076
5589291
29441515
30663863
2123097
14280848
16074724
6572496
30512948
6366175
-1
24672627
1106475
22617292
4448296
2095672
30027741
24624289
10181246
3084082
31353344
7717620
26307633
12745322
22972405
12788054
638737
5958798
1121299
14090036
8687961
4738959
1038375
5666953
24591657
25457681
19718652
6944851
10127022
3701862
5747065
10889173
15253354
30550500
17459188
704225
13693850
28421286
21567798
5690015
6686077
2686334
4738292
5511587
18017414
1738927
3723411
20569191
22105013
-1
1635000
6205831
7832925
5589132
3811766
26387400
5910315
10501935
6908448
3761358
7069015
15414
20917728
6382988
7718844
274274
7994773
11399672
15330513
27098539
3179341
8747636
16868833
5942616
27415733
2355541
5209832
17359126
12844565
3330117
4289694
14575455
1523573
3436045
4965786
188223
10162454
2168836
22488902
3965442
744799
20900446
5536413
17402043
6682564
10330237
24087197
3076234
3077498
4928853
11847313
1729240
13654598
10101055
3789361
16618421
11594605
28147522
19061654
5762221
10590348
2147349
28201057
9070996
16073663
15407081
3402686
10259317
9418236
18627159
9228762
15235689
27596635
9244622
7540739
8955377
3473085
4629929
6285451
20599822
23452473
12292986
10149956
3414909
2025545
16095394
12886214
10137177
20754602
6658303
6136926
3838759
17424498
21246596
11127563
6027055
11886333
31811491
4889573
11698486
2597259
14326821
17416977
6659552
5422554
5690419
4357384
17530203
142393
14275116
8084624
1716292
2644519
32006103
23147056
22330776
14947816
1932109
9183762
6327638
16431540
26673884
7775565
11303958
22332717
23178994
638256
2228604
22128046
29231331
59007
647806
15216694
15727272
4078645
4714259
1961899
27474807
5442426
13852019
26785807
12485639
9257373
7347414
11896759
14494505
6594646
1541919
19214613
312604
3993344
7606215
13835225
16732087
11182870
14004979
32053973
8519631
11317404
3051736
9189140
5539433
11789419
9077192
10419788
3786343
8507887
32388869
18942879
17534873
3397474
9386443
23102909
34461034
22617529
1757354
5908739
10320137
1711477
24044384
7414578
11738187
5778156
21151515
8630104
3022055
19933168
2024241
1407617
901729
8637511
8393083
6896903
17649915
16967520
3196861
16118504
34218690
15960650
9529384
52802
28069761
5051677
10316729
2719416
13284327
7235843
11096775
3703553
15489223
28394806
15267039
7012016
30404102
8433353
1414963
19435400
500791
666913
4819870
3120090
2179748
14981836
39741
19183975
11649015
7130733
15832122
5385203
13962955
22886766
22197431
11871490
1255003
5681890
918490
7685049
7568322
25374461
1625810
25952861
23900479
17074185
14079632
16696772
2832685
19126348
142693
3535604
8113531
2412057
7490108
10986652
1515091
11072023
23267983
22227910
20790295
15616456
2926257
7023617
13527494
25839991
4460598
9562823
1564583
32959044
6042238
13443591
6336082
1511181
9058827
26008929
14752457
12024593
3613696
1596446
5488155
2540072
27307918
9255389
2673586
1162136
3946202
9163549
427397
9150744
3210771
10461141
11625846
7242203
6596096
26907284
8607834
15756277
5101988
16686112
9383549
2956115
17123493
4587912
208361
9469653
23204913
4529093
29364191
1850760
21814692
4179427
1194545
18320833
16654935
4459601
6122134
14526239
19919759
3599412
30753502
19217669
6480787
18739447
8589575
27901865
17033620
12049590
6972732
18474349
22658834
10856262
22964127
8142794
2889323
5884393
4313896
22268223
14010685
4237553
11864038
9001900
17263994
10702068
17527065
9897719
22215358
7615057
3487651
14876446
10044574
24883293
32197505
3187916
12975815
3465645
6236109
25342850
11407481
3856076
24187451
5612818
12259164
6866707
12160952
1138042
1157145
13651607
7363034
11474988
1374938
6815510
7584973
7775142
6727466
14425409
20016283
7679946
25421577
1332011
722098
8418200
25876077
22828565
8974707
10949900
14857814
20933014
5719353
23661702
25543913
9907016
24434870
14904468
10988310
2378364
11961860
3491411
5013374
26114471
16941798
3662150
24452504
14956300
20165281
11763743
15925808
135537
7065717
15130209
5114450
14877830
7795691
2696717
15394175
15703151
10498767
14645850
4445533
397127
22315360
4583246
2673006
25683495
11823163
21087909
13933685
56186
2787377
23553641
9267182
6118983
19049670
737041
11810122
3805605
20916204
5887676
10312593
255424
15544578
1624466
27327822
6561104
8996777
17393982
1920610
4947012
18746216
781837
13943292
1661052
309183
5179510
1742316
16099415
22681466
15819155
19805801
4998979
15357576
2390238
1276117
19972886
9972799
616258
20551258
17471415
2406031
26522283
11914220
8890669
8665798
1956717
23374288
4443120
18114906
21444081
17559488
1818029
10483663
26138862
4826275
12606436
17692356
25732963
12820328
2109308
7814926
11180366
11704089
10686436
1124035
10224858
8704128
16177103
4388456
14283194
3256399
14533731
19097199
6226560
1815541
14380226
4410870
14197914
21268612
21606861
10425836
3893419
13495944
23958351
941326
7025835
11432308
8343709
10686772
13819274
3503086
33163244
4808466
11028184
556318
7674157
11226500
4488543
6697413
6211170
18867462
8585933
4551882
10780807
925162
7257343
27925040
9931695
5572687
1129943
32047064
15549139
6924820
2686994
15454792
17725938
11071936
28798346
3971738
86909
5877622
6497725
19835411
2837426
24218036
12116570
26867992
26895917
3031149
11645215
25031849
17462916
25090635
10395775
20349901
1838085
18326851
29350129
25016967
2611923
12169174
15482033
4095057
17143984
18597446
189037
14146968
8284477
467259
13826134
8411570
14095467
7617846
3537254
1343607
2126164
8402904
4262560
28192217
13354848
8662522
28784315
1430054
3808305
9576953
2988754
24112592
4111416
9077551
18598061
17162800
5238017
16804258
11492908
28625980
164108
10758986
1211143
18481124
1707851
2673642
12041305
23327571
10507130
580725
11064453
16767845
21539283
14766966
9439683
13870076
14536143
28063374
15455034
7526393
17972997
6164906
7631115
29788050
8115886
21048844
8180649
22940230
3550874
13398828
6452239
6400674
10451830
7896803
13412832
26066075
24286200
15436802
14165488
471680
4011814
6491731
10440501
13758299
13188129
28223377
23520662
4246955
1639748
9933820
22613050
12663075
16208509
11264273
19538893
1420028
7863899
4201907
5223547
1905144
23581614
9932455
22635724
3697555
5720093
12358089
5340072
15202823
15505008
8149350
9591431
4581137
2504620
5777228
816885
12131166
18853176
5334975
10951628
3905279
12950629
27152589
888368
1778358
8944065
973918
9219580
10714579
16405257
16031218
28625338
9512969
27596316
13379118
6055074
7123390
19238003
4713126
12827055
607456
2058219
5679668
7218
29992886
1816163
27877670
9993962
12359162
2146052
10594508
3503556
14295774
4628674
8486293
2207106
8106825
15654800
18618352
3141329
593026
798707
1066866
20564034
864635
9780387
7305945
14162595
4787976
15050053
24828629
10077458
7724333
22836524
9730212
10433927
16757697
7354383
21412460
9056864
7934948
7389667
3044461
25127595
15349830
656394
15860499
28590499
12062797
17873458
26869243
1134247
3284567
3919581
1906589
12806023
14642499
3117067
1271520
9428056
7941642
9225233
3504351
13781789
3157481
28827910
16894533
2894771
8861091
17706669
87992
10610731
18190303
22722116
13368906
30644454
3946125
2217401
4349494
22679115
6481036
11113943
15249566
19161740
6564183
1045560
9721271
14245736
14419845
21238138
6994301
22025012
6880269
19626538
19366385
2755166
18123147
17011408
2984588
2738556
23608363
15401936
2607352
1360617
30117705
19491401
19401775
17561483
6610341
4940867
22629338
8531113
1643904
1175608
7923610
17189731
61516
1609534
24507727
