1229169
1987883
3076330
2355578
4189803
1574036
1527628
2005820
761164
2835858
161610
1273122
1724478
1357242
1100243
1856149
3176088
2419352
4543965
5034662
3414629
4484230
1912899
31008
3915460
4137953
352051
4290966
1923177
3914264
1254954
1282893
501929
2610215
558163
1808078
1821313
1491483
1324394
428819
61356
4321498
1192866
2686986
5710972
3001413
1792020
981957
426163
28135
3053346
1128011
3778401
2523027
3240448
2945130
417461
4119112
1790570
2616986
1363880
3303910
2381369
2755012
948176
3457716
3399245
874916
3532200
2807091
1467066
2587927
2173
4812016
1250360
5736396
2862482
3952026
4476914
862230
2998269
1987570
1936198
1459203
867295
4330456
526614
331285
2584840
3370504
409540
2285816
4249507
50483
4492554
2667799
5466661
1685758
3247128
1335759
117912
4928747
1403116
6426544
4959310
421419
5879533
4555470
2889348
1237066
555449
927114
2119774
4641319
374543
140633
717735
883774
937877
2978537
1594950
5248227
4416137
2453364
2260280
659243
5742403
2127955
505294
490796
4043784
3572841
1053251
1327843
1974243
727997
1674562
3139130
2034980
4031276
4413104
232211
6102949
1970720
6203222
4370711
539035
5876549
2813758
3312409
12078
2110398
2122439
821697
1266152
1781469
323029
1249384
1495313
2182754
1180398
4161730
256532
411047
1843601
2094255
2818251
477548
1131060
3242070
5159284
3632595
3275338
2644247
335155
1952825
3093406
4283820
5105117
4013733
3762705
3753118
181504
109941
573368
2313938
2783090
5221390
1032726
4151642
5566877
4286189
3263852
657589
1320279
5460916
3953972
1274923
23317
4878893
1627803
1045254
2164607
2280029
2573360
1189959
131363
88512
2530757
2436601
981926
604952
3642601
2058954
99646
624213
904092
4946297
773038
328197
1819363
1978578
1834368
3507699
3109250
1936902
4286596
158244
12628
3278828
608957
1139414
527231
179355
2438240
3496898
1321746
161155
4106092
1079044
1637640
1066089
1747668
4964368
5254233
3260888
2976462
1314619
1963636
3911390
3832457
5173771
2983654
1095758
5647923
3788616
351548
5609528
8850
292346
4077064
3798852
204311
470352
257481
1622018
3474465
4473150
1053462
844465
739842
333606
6557577
4740655
128729
198432
5301577
1575492
5763041
4239597
1486585
2989890
4036413
2133857
1104198
4300232
552039
1165833
3177342
913808
1122747
2354995
3984691
4456609
101086
2465247
1108727
2532087
596996
658711
3353585
847126
3802241
881757
2236909
628871
313077
4840745
2150542
432485
1480327
1226276
2702509
703766
1614305
3115897
4578441
1889343
93508
425711
2646960
5380590
1460912
868313
1724962
3541681
2843310
1183537
451634
1313629
2688921
1921545
316477
2801830
4129121
3351728
1813343
1088012
970667
4554180
5837898
280816
2477627
5371499
4858097
3494654
1584371
1936307
2500048
2606587
4022329
2110136
4217374
4595398
92582
4005983
409381
4486275
1037576
457508
621514
1736462
1736236
650187
657671
2135317
719656
2043284
716139
2591584
4163087
225328
124680
2237549
1650315
2247234
188224
2819970
969314
1622979
1566834
290244
1981439
1799548
2521914
1732346
4603716
1201499
1474395
1159235
2367787
2697606
208954
3864305
2853866
937363
2721450
5218098
5696748
6029880
338264
1298357
1132078
1096083
1308339
1353769
399852
2836618
348203
2283955
2179112
2837451
3828774
1460415
1531007
201346
241058
2836242
4908700
2554972
282278
2763781
2439620
3950609
792216
2264056
1329620
888094
664745
2385331
360182
1647836
479475
447885
799733
5973337
1665291
2643761
6302271
85943
56018
4880694
569502
4448560
4387538
403882
974595
5517169
2493556
2746434
3768333
2501462
4465713
894231
1541486
1200462
917084
1729444
191866
6161731
1360494
1717107
658195
291748
1741194
4028278
1239660
2698908
1541436
1717467
918060
555045
3877884
4451255
2735720
2098890
4386369
2472577
529411
523529
1050459
140275
3484579
2855269
135541
532719
591824
1979663
3344514
3077302
2530962
2161704
1599477
1942366
887239
1112043
2132380
17213
4385087
3188078
5138814
1197309
1812181
4394106
3851582
815987
2986275
804252
5099198
789675
2330367
1839093
2473799
2227483
2989482
1539355
4882249
742685
4727654
1708855
1427846
3901745
4159256
1294317
2028604
2867213
4012470
4234912
3994615
2939212
4218085
3579984
714417
113998
2651556
2168467
928749
495408
3994845
3988356
427864
4789896
68146
2491890
1382509
1853817
2824922
4809228
1247459
324484
638054
1422476
1592675
502302
5345663
2371557
1737721
2089911
661423
902175
2619209
4241217
2886711
447788
723522
2993411
1097319
2106152
1401399
185677
556120
242714
1731137
1510027
4243490
557758
957214
140858
1593391
1229030
30201
366441
3567422
566348
2202239
853880
747160
3332645
3240715
3522183
2337329
3657894
2613421
5556058
1871095
4753581
4648054
138988
2785079
1234055
1273783
3369553
1090166
5220811
307206
3919126
2754019
114238
1672733
3257354
5118209
458803
2453303
1483901
1997407
1430065
3436366
1504457
2041164
290172
237616
3796116
2173092
2740550
1768189
533419
673133
1186657
1528460
1101320
3685349
1690737
2725601
1273329
3106904
2677805
2731496
374945
4325414
976458
375862
1690717
236300
711046
5046886
1851368
728766
3405003
1987815
2618705
202675
3121521
4743669
1794271
6439490
4492182
115891
4122411
2801195
4588254
6114096
4242177
2683980
2611452
2310229
5261327
1836138
1968141
5994553
2375999
561284
1207520
5076910
405363
3861105
5249073
3759547
2327817
94520
871692
161357
3499783
93213
2750514
2156624
5406490
4399863
1280204
774973
1511304
4047365
3493467
2489722
4551162
2159587
387817
1905097
3046993
2846720
1030720
868420
1588770
1608478
5408116
1667415
592775
4043848
2695070
862198
354109
360136
1872483
1547378
3507620
2524903
4474345
417618
1992339
926985
476277
1238473
397847
1631869
3832027
1204873
34183
78559
3622986
537308
250743
1558905
285293
4347346
1620625
3744053
1028547
2063101
5061219
321700
1288509
494074
2223343
2634103
1257915
222045
4556831
5036916
5852929
3581118
1574834
3649938
484430
1271732
730217
5163383
2806608
1470507
1436611
936108
1473683
1248072
2256438
4798992
2757289
3483000
597219
3399083
179412
2944951
4087759
2752612
2134773
913625
3942463
223450
3286870
2803571
2675074
4149803
2681019
3400635
1096465
513275
3164808
2041450
2800158
3238873
2378636
3596873
2003196
5247204
1511051
742264
2524304
3597236
4307278
630832
4096390
2979332
3190646
2436741
4558700
5940699
1995858
587038
3563133
2327757
2849813
2002088
420666
2323934
213333
1073201
3186100
1364668
6165628
594431
3129081
2360259
2617073
552927
5549424
1021738
6244328
1251161
101839
2768730
3764970
1491243
4201210
5534581
2208664
1180747
353717
1360456
979591
397204
728820
3101160
2515535
4417550
1846229
94352
2449321
1502509
544461
3916036
3804585
2576774
1177445
3476894
94350
2302915
4175533
5287676
742718
1506523
946094
4784899
453195
4640340
3256106
5721992
3310249
3796516
1970986
4828125
1281981
4186650
2565017
3438225
724648
2610726
1091342
4085270
1170771
334305
93476
2312827
3624645
584465
4735651
1273581
412686
648585
1462624
4886404
986207
2624630
844416
1868244
561569
3644008
3541684
1055825
3003167
297800
1047574
1460428
5104108
1004734
2925325
4037647
3401279
4849081
172981
3057651
3199224
544570
5103247
910622
2578339
2276111
1506369
1518672
1360506
2992990
609667
1944021
671353
2976798
2424825
817567
450043
24036
2725918
499557
2870649
3683750
4426183
4771270
4549537
2777285
5523525
536880
2496627
6113
690364
5797765
3029923
602639
4671553
1770822
3150097
5787670
1360034
986711
4530175
700680
4377743
1592930
1459248
1790049
5911905
878524
3953267
139742
553518
6579860
3321520
883396
562128
2767868
143541
1076592
3522213
449973
947399
490776
110400
211421
1404066
2587340
281579
874712
4818659
434975
487583
418895
1428597
873672
753664
4921238
2616956
531298
169722
5759289
1894692
1930920
2161863
521778
114590
2707495
2278424
1134293
1599297
1952213
4311803
916766
1907555
2029618
1059012
452282
1124531
1650634
2824294
1170432
3151272
5302594
4399299
269112
2818871
483211
6058012
724649
3387804
2495959
2001730
280301
3461034
2391720
1628004
5804705
6480757
4093631
2192578
2391959
3630335
9942
1483010
3069939
1117289
200911
346583
3066347
622396
674208
529875
934204
462330
96746
4051382
1999876
433776
4168286
3272732
420840
1649880
1012659
2105377
2179276
2878092
4677885
5447990
226528
5719380
2686881
4224788
56027
587537
717825
3437246
2671896
4265066
2835426
960401
2029642
3351758
695738
844042
1864741
990579
1461606
342463
168873
256577
3202614
3163553
3107575
955761
2426836
3734595
2717229
2521218
4359005
400932
1347194
3296563
315095
3929553
1681936
305487
2771386
4638154
4204947
867019
2383770
2672747
3372508
3425880
5545152
4765735
3019533
572112
463378
2597826
958745
1996248
2250254
224419
3137060
1226571
1024367
3958643
47773
5760884
3005678
3172735
4431763
3801420
12999
115013
2348801
127614
318960
364175
970774
1725785
1385635
451097
44870
1396852
4230687
107628
2558704
1550616
1920192
312468
4978262
1241194
1852834
1944107
644046
4158513
3197618
4440
2449039
653854
2032578
1968274
2276507
2672257
2517061
1199572
4329569
3130882
4306059
1720645
3243778
3406342
5934162
5413275
398288
2328454
1257085
1878499
1081311
3426436
1444149
747143
448088
822035
1760716
1287867
2773850
3202433
2737878
630167
1650513
2659279
1875638
5055597
3607560
1228180
2364640
1065984
1735069
5536826
1373658
1389274
2004975
93382
1356585
1217475
2266172
507410
2888778
641064
3775187
1225795
2673888
400274
1057135
1182928
1003923
977077
882372
815514
776340
2710914
292412
1980136
2973613
3734361
4930589
1089930
4501899
4168646
4541140
2049653
2100519
2487323
5780304
1668329
543271
3978673
346970
1471600
3402672
5292985
1029985
4320652
5043412
2634282
4526825
869591
1048771
3416963
1889158
157481
1996259
2153612
3634886
824381
605978
2630890
1715430
1604022
244383
5533371
1394468
1165763
547148
1242682
2918908
2390410
348401
3667608
1436928
2306543
5892366
38434
3869138
2223672
6278
4242604
4451752
1679161
2836349
3328455
1695134
1651165
1623360
1856718
5318530
3254992
3452240
1928097
2190765
2247168
281525
1696212
832579
3341149
1608852
3326564
3809675
1119920
1774973
1489324
5637700
2654762
393304
4307037
3252922
919937
3019615
4422961
729215
173890
2017953
46969
2656448
2681500
123776
1940913
1486779
2594883
477022
2294888
5212069
503540
5272757
3136392
1951070
3344490
3457735
101447
1223077
1162079
2005035
1422608
775450
788987
1365659
1329428
1980018
922474
2836579
620757
995261
632863
2136380
2857538
2944042
431616
316231
3514113
5046771
1213457
3506646
2531260
1681793
1338532
4023577
2754453
332791
3051157
1758896
2964767
189333
1152461
1091164
2687279
1143092
3359079
3633076
2782377
818005
1131885
1754401
3401027
3328599
2732165
420951
3680854
1904896
1568948
629950
1871458
2359541
2201728
211176
692230
990227
3172592
1269936
4187957
4819730
304948
3552191
1901786
2627564
431617
2250300
87062
3623321
1986147
4729616
4184800
1121890
950436
3239223
3921007
927139
2268284
1102109
3819910
21067
236741
3691860
1609693
702073
2030141
3077472
2223885
5046420
4559990
5828914
4092116
3593663
4080519
66226
3509752
4036689
3747010
1422444
294315
6067604
1277828
4230219
214134
2395514
1136903
5019172
2826969
2059235
3410350
834449
255951
1177400
6670
2081284
567396
3161327
248354
1343187
1472263
2674502
5420880
188603
1869695
1234983
2543037
5694278
350708
3085417
1733785
3943965
1931616
2753508
1664032
3656667
940050
3269405
5070936
4093625
177693
2518701
2629826
921848
2082487
1933239
2738454
1817797
3865412
2695585
1738210
3690989
1394613
2781562
4480708
438136
785818
2093015
2202888
2291719
476270
374891
2467044
2130296
2331216
2705932
1490797
5303761
1026140
1104327
298464
1227953
2213467
171166
4954138
3720164
806310
953327
2764195
3644212
2459360
2398665
804630
1590057
2457586
5422166
1998900
2396121
534971
4775170
5001664
2900670
4221290
2142855
888750
5093285
2183502
1816719
815837
2954184
5679368
1139884
2653282
4801049
3525886
2617533
1106214
5749849
5244338
525025
2673217
989647
385001
14212
2613204
3686154
2068389
1081129
4243490
70724
4090380
1696052
4518036
1697776
1909815
3854764
5563674
330262
3004974
1905739
3395601
1140365
2450115
161320
3609642
2894643
1860113
1078883
1083245
1454485
2358853
968843
6238290
6312459
2651818
2619556
2795287
1907683
2174639
633294
910232
3618682
992623
743641
1147976
3288794
3468013
2040624
229279
1212293
808747
5993985
780461
3702311
4608341
4372338
3371013
2576981
3012675
1519334
825545
3771576
667325
4970016
1576731
2523675
2903176
2341317
4497864
113352
488256
4108122
2160715
3656193
5811216
925907
1585456
2013030
2662412
617477
4292610
4196249
1980268
213115
3341723
4692663
1009429
1082587
1283385
1808616
1037124
997620
620060
137751
842430
6272892
2383913
2153554
70033
5892134
2585916
1271719
294504
3092375
842611
2836152
1081647
6059462
933555
2567508
1332789
287050
429142
3913515
1447584
3751609
4505386
3253873
499427
1954078
1302814
5642468
2324922
1461519
269693
2494030
281812
478027
17022
933505
1868747
2572300
1033795
1481816
4648627
1802891
104165
1766106
4354127
643219
860972
3315449
5261743
3339310
3235666
1484678
504447
1668745
6317879
154797
2672233
982087
2501718
4716101
76664
6063125
2366980
931355
2905290
750025
4325047
2393436
2810067
683270
3485280
1121463
4238066
4626195
827238
1078687
2476406
4988674
758289
2465
2642268
431530
694739
2070645
2609395
4332939
229823
2164565
1015728
335111
5450802
3554415
4273350
3648002
1041973
5107616
1039369
2009300
1969187
88928
696245
2367151
1761695
294159
1276257
3119240
139523
1725365
65805
1449065
364337
2292293
2549089
923683
1144431
1054872
3358220
2825714
1754515
5492156
3062918
2889491
947656
2253624
5053987
4749692
2489852
4642374
2705822
375638
141957
3875372
4257355
2402101
5014912
5315576
767749
302260
3464473
1549742
210360
1925672
3308660
1685117
733327
898077
854169
884151
2856488
4450909
5629744
5266605
1847544
1033702
1600580
1190657
3223520
2729461
978162
1055482
888949
937174
3769335
69199
3642979
446100
1266000
2039410
3644754
3190549
780492
616477
5840882
2755376
725841
784762
868951
2378371
358642
584454
5865199
192982
1644542
4370723
1092712
567203
933477
2579262
2215839
1271123
3456699
1019377
4795334
3676815
719303
4699034
2863494
1478462
587678
286626
2517399
1140394
5042044
3188098
4644691
852659
695782
2487501
1671463
4341788
4407664
3106041
2098240
1400763
777687
1515275
704704
584250
4100214
1867871
816780
1504991
3539143
4866241
1913059
445894
2786338
1262804
1859092
1703577
4590189
4763566
1144452
2754641
3923386
5500192
3937603
3894384
938074
2098650
324034
193052
2971708
3206064
2522463
760732
2397823
1236994
495521
115130
3977006
1796836
677224
2944853
2588692
1266379
1164177
5449350
1625369
3753201
4051071
1932804
3258309
83633
6141446
345645
65800
4462752
1522849
595130
1790411
1931380
1101004
255826
1158575
1047249
4363804
2285880
175969
2004905
600354
3965463
5062866
728889
971969
2740125
520028
4385506
2929412
3401853
364767
217861
228051
292167
126077
2115612
2290980
899140
3439740
874817
2484118
115529
1980880
4884293
2375629
4377607
2095295
1633169
638506
341124
4505582
363343
2669676
5497473
4852199
5657713
1646811
99695
386039
6419369
465877
220750
1238393
3980266
265945
2511109
2405418
1068235
3182529
2376176
2822195
3268730
3334652
1236895
1021816
3677048
1300862
202136
749963
2511840
776059
3683545
4639626
3614840
4681294
1001306
410515
5360300
4398516
2454796
942089
4626529
196028
1651662
1760110
702865
1246375
2229862
2064318
2144850
4701957
1909974
120737
3006863
2880861
1594074
5055078
1146144
3593013
2242424
1354875
241014
2564639
703165
1348043
2960697
1125591
2041271
1737227
2748545
1915744
1891332
4781476
1163550
926400
3320352
3200666
1092188
2682740
1818541
170957
2745077
2225288
2971621
2135667
3470646
3007879
1926889
55807
2575801
2459677
1018463
2973675
3784039
958723
1701410
3081964
3943268
1855092
2081579
40440
1262733
4260538
2125606
5595552
159252
586714
5004672
2053748
350105
1446096
637472
387643
1933437
4236050
1626531
648612
1469717
1764467
915027
2265917
386528
3580866
942424
2548529
2707859
971498
313103
4855280
3936777
912248
4239418
3336108
3843569
789132
408278
2233872
124454
2373601
989557
2359135
5853650
6023709
3803444
958687
95653
2658623
3230547
900632
1850998
951758
2436744
2831337
148537
827956
1141654
2812418
180914
1424741
1417093
1186786
1975785
3821825
4091311
1555980
1444314
1947705
1425908
3625922
286095
1998854
338946
1059799
530378
4743501
4015679
4238287
1800888
3241542
3693626
1586589
292225
1949674
2454304
94576
796453
3168511
203503
4548021
2298345
5267472
713620
1245043
1917844
127321
1927881
4885152
426618
3676389
571175
1858008
448819
2057798
1456590
102635
156659
1680268
1048111
1504128
1584007
916899
1406344
517639
1214922
883503
2169356
2289203
664183
401697
877414
3191424
436018
868549
1346050
22028
1444598
613561
322096
1923916
2681962
4970051
5827852
2231260
1322514
1855317
2876147
2648595
1337439
5064028
268976
2966738
2319831
1246874
3339666
1926446
5441152
73647
41109
764645
1045170
1696773
5519070
2488974
321082
1488474
2156135
1753280
4214027
647374
2084310
3332238
1835875
4252567
3655939
490274
2500101
4296300
3817425
3942856
2796873
241064
299196
2451550
6546650
3475744
1534443
999989
4137439
942553
1339675
1220416
4574395
3261433
968444
535377
1740438
548927
5298344
691621
4645808
1191205
4608294
2715955
2587250
1830682
673065
1762152
4693451
3400032
1929149
3745639
1405555
1216774
2265755
2762552
621534
1399338
1472345
709202
2086238
5359866
1370458
111342
2123291
2776759
871968
1304087
1892613
722630
3498305
824944
3414044
4716443
2449096
641457
5002423
3065967
3193686
5399231
1547669
3296360
347617
407571
1687410
245774
881619
198356
2828493
1544947
272059
1553248
3018822
6191000
894047
3785343
454159
883739
2354031
3741414
1042477
891378
788863
2992552
1046516
2303543
3047767
5257212
395956
1462342
5617640
4493522
484720
3738009
2644703
2509870
1257473
2187410
2697833
248403
1494064
3271002
1259899
2255155
1957850
2803872
856046
938814
154830
538028
795841
138764
1878237
951598
346071
4757900
905216
1687492
12429
2353978
2617705
5303272
1095018
3266586
2165622
5038419
2114890
154143
1221056
2501519
5229651
250970
2365836
1108605
4546263
723975
2560617
38141
5909770
709764
26115
3411340
4461217
3684968
5672036
196951
1764250
3315958
106312
604236
763203
5354934
5968303
1709475
1486910
1777301
6114978
2508367
342904
3169992
3901290
1639728
3303921
3941920
6000835
3361785
253981
1633214
830051
2775316
4275733
4939546
146995
1286710
2671604
1613824
2086844
4864619
4083833
108929
1503848
1549018
1856005
3350811
349726
2669903
3283627
1127907
1313472
1875430
2319538
2784445
5476214
3262447
919288
2967188
3950204
2285621
963874
2144926
4436123
1166548
223194
972454
3653878
1958132
1337521
298140
1847645
5383370
4491113
761766
3428982
5968020
1507486
4817264
650166
2828359
945253
767051
816581
1139769
2271645
1012400
401684
1927186
652438
2001061
4319255
1971123
1890944
1505406
567927
98612
112297
3057302
1807525
3693728
1470453
5661173
182279
3132264
2697440
1021478
3862225
2605508
209303
1632314
267217
1180647
1202265
1672801
1056632
735406
4949155
1124365
3381185
5178311
1418589
638163
4042384
3418197
339873
199068
709963
1754183
4536370
267796
1799163
427628
2096016
65675
6036624
535313
3805541
472584
370799
2905852
943614
2037118
331479
1039041
4195886
2475398
1903760
799059
3586273
4766529
386602
4188270
30529
4543232
137181
5247427
3305185
3007457
1268717
481124
4971946
4231608
778951
1049650
1150730
3713546
2698158
3479438
739284
1439308
1809688
1072518
3155372
2304083
2347855
273607
312153
401701
1974216
1410807
1780637
4657740
4303040
2663117
1178503
1781302
3407821
487454
4695964
967018
1570243
871509
2217903
2300556
26834
1459856
379510
2826996
1839099
1641995
3855660
5428233
91207
4021443
2546828
2734403
1546701
4039251
1447222
3771610
3871689
3841809
951501
251599
3753222
35826
4353630
384544
333498
353750
188240
4306442
2592547
3948356
993642
5065901
178545
194846
1944992
3240366
1823006
4182409
5121316
14594
1968906
6183513
4698831
1759406
10534
5522371
1563587
2929727
520381
5010912
3776254
2103961
3090007
1492410
385168
1206629
5425016
5494
2336811
3073761
2620538
4481447
1198071
1819820
2962651
218060
1531991
4716589
2767466
1072570
78174
1693892
871407
2518744
2308016
944390
5861139
1290372
2900021
2081738
2298715
876493
3788626
5973012
3353222
4463409
1167149
3249207
4479690
5868918
1465203
2759843
3854760
3741848
4516495
1833307
2177954
699501
2082277
50536
42129
471534
1613627
2288530
1916629
1980624
118348
1737039
1699846
1591696
735637
3115570
1324453
5754484
1843204
1178488
3072437
1264666
3776963
1679393
630544
3662336
3520913
442969
4573136
783001
1812768
1668621
2160338
6371595
2610953
596281
4474283
816709
2928656
2291850
1834804
4697796
460879
1198723
5233448
569661
4733080
1629914
5573146
2242602
537719
2904204
3230923
2595585
4812249
4731541
1177388
2856423
3985544
2965703
1435369
2456064
5760428
4031836
2606707
2283102
1081930
1768594
580022
539955
3037613
434689
86022
2666958
117354
2667414
1052442
3738416
2534399
454826
558977
358859
2191424
2670712
4541546
3336347
3120015
3339781
5413415
166686
1335675
1615754
3228719
3870128
2015004
875736
3607967
954043
1617675
1085309
2916829
1206475
944584
4474912
4719921
138997
3728236
3997864
1399070
1589717
4820153
284610
2552163
1338206
1918130
2313005
914457
3261447
289725
2121208
1540449
949229
136072
3814779
847569
338267
5558360
1829209
1579769
6095668
5418049
649316
1010333
775078
3178145
1115686
2109749
2242524
2723669
3180960
4082029
4309210
5265272
1599577
1860118
4371425
3358743
1974493
1220317
227285
2124215
1021831
1762084
2657332
165925
1933008
3710771
3286980
3236202
2511746
2692562
415608
3162145
491040
1714086
2713394
1715812
5685789
2443099
1138392
2143957
280038
398355
4151466
368476
4804680
4397119
224833
1621576
25183
1229915
2526882
771019
1072455
6381586
4807161
834378
4751090
1986082
2337143
873772
6031897
3141391
451295
3428455
3179045
145415
681824
448375
3532593
5894799
5512895
2318376
192545
18640
88560
5533117
14845
2765822
4728690
5092389
1381200
3424672
797625
2094235
2676260
3284894
4579095
165544
1428299
3943164
3085544
2780856
4229015
261664
4571207
4076449
1253187
291143
1074822
3635970
5255580
1309689
3247812
4821424
3904818
415532
1150130
4478101
224271
5164635
916560
2495871
1917086
1012334
784741
1023610
2405143
650753
2909077
1194977
3552829
1516264
4188712
5760887
1214704
3222588
2372461
791238
1420582
936119
5057738
1149607
5168124
4464956
1320703
908406
5259749
4405361
2855540
235750
2146609
2073062
891907
4963179
311095
1242398
2597766
511177
1911005
2322632
328658
3718502
2734062
503329
1351801
568193
1741167
1743567
3852752
3986131
3576536
872802
3122880
5714255
2991484
495359
2690800
2968194
3439381
5278429
1874255
350879
2651490
2225118
4376824
2971121
4918216
233645
3442797
6019281
4694450
5104482
2439369
919505
1986667
3754558
2761523
4977389
256577
1937913
1577577
5357865
248871
2443386
3523293
5452614
2301818
2175870
502160
164127
1168134
3061217
3043562
1979611
2510944
498468
4481301
517237
2115812
2361730
4259273
2303075
1393008
2119980
1032235
2744846
1745737
644843
374028
1007613
1468801
3595454
320291
2057300
175382
2476649
1443525
777790
1263202
1637121
2750744
1178251
1453218
3050608
707246
3799156
4016512
1702171
3509029
3906886
1444058
