-1
-1
-1
-1
-1
-1
-1
-1
-1
-1
768144
-1
-1
-1
-1
-1
-1
-1
-1
879588
-1
-1
-1
-1
-1
-1
-1
-1
-1
-1
-1
-1
-1
-1
-1
-1
-1
-1
-1
-1
-1
-1
-1
-1
-1
-1
-1
-1
-1
-1
-1
-1
-1
-1
-1
-1
-1
-1
940808
-1
-1
125369
-1
-1
-1
13879
33743
-1
-1
-1
-1
-1
538037
-1
401725
-1
-1
-1
-1
-1
-1
-1
-1
-1
-1
133631
-1
-1
-1
-1
-1
-1
812988
-1
-1
-1
-1
-1
49885
-1
-1
-1
-1
-1
-1
-1
-1
-1
-1
-1
-1
-1
-1
-1
-1
-1
-1
-1
1149934
-1
-1
-1
-1
-1
-1
-1
-1
-1
-1
-1
-1
-1
-1
-1
-1
-1
-1
387428
-1
-1
536827
-1
-1
-1
513049
-1
-1
-1
-1
-1
-1
-1
-1
-1
-1
-1
-1
-1
-1
332536
-1
-1
-1
-1
-1
-1
103478
-1
535063
-1
-1
-1
-1
-1
-1
19487
-1
-1
-1
943512
-1
-1
-1
310257
-1
-1
-1
-1
-1
-1
-1
-1
-1
-1
-1
-1
-1
-1
47284
-1
164938
55191
-1
-1
-1
-1
553311
-1
99116
-1
-1
-1
-1
-1
202235
-1
274565
-1
-1
-1
-1
-1
-1
-1
-1
-1
-1
-1
199860
-1
-1
-1
-1
-1
-1
-1
-1
-1
-1
-1
-1
-1
-1
96940
-1
-1
-1
-1
-1
-1
-1
9074
-1
-1
-1
-1
-1
-1
-1
-1
-1
-1
-1
-1
-1
-1
-1
-1
915335
-1
-1
-1
-1
240126
-1
-1
-1
-1
231988
-1
-1
-1
-1
118926
-1
-1
-1
-1
-1
-1
178061
322348
824571
-1
-1
-1
-1
-1
152008
255121
-1
-1
113684
-1
-1
-1
-1
323926
-1
-1
-1
-1
-1
-1
-1
-1
-1
-1
692910
-1
-1
-1
-1
-1
-1
-1
54473
-1
-1
-1
461510
-1
-1
-1
-1
373484
-1
738753
-1
-1
-1
-1
-1
312049
-1
-1
-1
-1
-1
93877
59097
352867
-1
-1
-1
-1
-1
671303
-1
-1
-1
263573
-1
-1
-1
-1
-1
-1
-1
-1
47412
-1
-1
-1
-1
-1
-1
-1
-1
-1
-1
-1
85727
-1
-1
-1
-1
-1
-1
-1
-1
-1
-1
-1
-1
-1
-1
-1
-1
421194
-1
-1
-1
-1
-1
28180
-1
510400
-1
-1
-1
-1
-1
-1
634706
-1
-1
-1
-1
-1
-1
-1
-1
-1
-1
-1
-1
-1
-1
-1
-1
63755
-1
-1
21011
-1
-1
-1
-1
9852
-1
-1
143802
-1
-1
-1
-1
-1
-1
134346
48691
-1
-1
-1
-1
-1
130182
577790
405711
-1
-1
-1
-1
249182
-1
-1
-1
-1
245801
455465
-1
921171
-1
-1
-1
-1
983120
-1
-1
-1
-1
-1
-1
-1
-1
464965
783596
-1
-1
-1
-1
107991
55368
-1
-1
142456
770502
874909
428109
-1
-1
-1
-1
-1
-1
-1
-1
-1
109481
501752
-1
-1
-1
-1
-1
622491
-1
93176
-1
-1
-1
69530
-1
-1
-1
277117
-1
-1
-1
54131
-1
-1
-1
-1
-1
-1
-1
-1
-1
-1
-1
122678
-1
-1
-1
-1
-1
-1
431728
-1
668369
-1
-1
-1
-1
-1
679157
-1
-1
-1
-1
-1
-1
-1
-1
-1
-1
-1
-1
-1
-1
-1
-1
-1
552685
3227
-1
-1
-1
-1
253061
-1
-1
-1
-1
-1
-1
-1
-1
185243
-1
-1
-1
-1
240320
-1
-1
-1
-1
-1
-1
-1
-1
-1
-1
-1
-1
500232
-1
-1
-1
-1
199582
-1
-1
105778
-1
9891
-1
-1
-1
-1
-1
-1
-1
-1
276506
-1
-1
40582
-1
-1
-1
326968
-1
-1
-1
-1
-1
-1
-1
-1
-1
-1
-1
-1
-1
-1
-1
285616
-1
-1
-1
180649
-1
-1
-1
-1
-1
-1
-1
-1
82061
-1
-1
964401
282241
-1
-1
-1
-1
-1
-1
-1
245859
-1
-1
-1
-1
-1
381599
-1
-1
-1
-1
-1
-1
-1
-1
567095
-1
-1
-1
-1
-1
-1
-1
963489
-1
-1
263862
761839
-1
-1
-1
-1
-1
-1
-1
-1
-1
-1
-1
121799
-1
-1
-1
-1
-1
-1
-1
-1
629641
-1
-1
-1
-1
-1
-1
242715
-1
-1
-1
-1
-1
-1
-1
86188
-1
-1
-1
-1
-1
330230
-1
217394
-1
-1
-1
-1
-1
-1
-1
-1
-1
-1
-1
-1
-1
-1
-1
-1
-1
-1
-1
-1
-1
-1
747434
982022
-1
-1
-1
-1
-1
-1
-1
-1
-1
-1
-1
346804
-1
-1
-1
-1
-1
-1
-1
-1
-1
213317
-1
-1
-1
-1
-1
-1
-1
395430
-1
670125
-1
-1
-1
-1
285480
-1
-1
-1
-1
-1
-1
-1
-1
-1
-1
-1
-1
507015
-1
-1
-1
-1
-1
47202
37691
-1
-1
85905
-1
-1
-1
-1
-1
-1
-1
344320
-1
-1
-1
-1
-1
-1
-1
-1
-1
-1
-1
-1
-1
-1
-1
-1
-1
-1
-1
-1
-1
506602
-1
1006198
-1
-1
-1
-1
-1
-1
527218
102644
-1
-1
-1
-1
-1
-1
-1
-1
-1
-1
-1
-1
-1
441676
-1
-1
-1
-1
-1
326074
359022
486390
37667
-1
-1
-1
1014393
-1
-1
-1
-1
495245
-1
-1
138528
-1
-1
-1
-1
-1
128232
-1
-1
1045438
392772
-1
-1
-1
61180
-1
-1
-1
-1
-1
-1
-1
-1
-1
348181
-1
-1
-1
-1
-1
-1
-1
-1
-1
-1
-1
-1
-1
-1
-1
-1
-1
-1
-1
-1
144789
-1
-1
1249362
776715
-1
-1
62587
904973
361822
-1
204486
-1
-1
-1
-1
184423
-1
-1
-1
-1
-1
-1
-1
-1
-1
-1
-1
-1
-1
-1
-1
-1
-1
-1
-1
-1
-1
-1
-1
514831
-1
-1
-1
-1
-1
-1
844632
288848
-1
-1
399825
-1
267093
-1
-1
-1
-1
-1
83073
-1
-1
-1
-1
-1
-1
800559
-1
-1
-1
-1
-1
-1
-1
-1
-1
723075
-1
-1
-1
-1
-1
-1
-1
572185
87528
-1
165268
-1
227660
-1
-1
477256
-1
-1
-1
-1
-1
-1
-1
-1
943070
-1
-1
-1
688842
-1
-1
-1
-1
-1
-1
-1
-1
-1
-1
-1
-1
64709
692252
-1
-1
-1
-1
-1
-1
-1
-1
-1
-1
-1
-1
-1
579744
-1
-1
-1
-1
152389
-1
-1
-1
-1
-1
-1
-1
207907
-1
-1
928541
-1
137965
-1
-1
15503
994700
-1
-1
-1
-1
-1
-1
-1
-1
-1
-1
-1
-1
-1
588686
-1
67401
499442
-1
63056
-1
-1
-1
-1
894010
-1
-1
-1
199725
-1
-1
-1
-1
-1
-1
102342
-1
-1
-1
-1
-1
-1
246310
-1
-1
479871
-1
-1
-1
-1
-1
-1
-1
340367
-1
-1
376621
1205815
-1
-1
-1
-1
-1
49596
228281
-1
-1
282201
-1
-1
-1
-1
-1
-1
-1
-1
207767
-1
-1
-1
677525
495327
338365
-1
-1
1208520
-1
-1
-1
-1
-1
299416
91416
-1
-1
-1
-1
-1
-1
-1
-1
-1
112321
-1
-1
-1
-1
-1
-1
-1
-1
-1
-1
-1
-1
-1
-1
-1
-1
-1
-1
-1
-1
-1
-1
-1
454511
505328
124029
-1
-1
-1
-1
578640
-1
-1
-1
-1
64994
-1
-1
179222
-1
-1
-1
-1
-1
-1
-1
-1
-1
-1
-1
-1
1140960
-1
-1
-1
-1
-1
-1
-1
513191
-1
-1
-1
-1
-1
-1
-1
-1
134140
-1
-1
-1
-1
-1
-1
-1
-1
-1
-1
-1
-1
-1
-1
67472
-1
-1
-1
-1
547165
46152
-1
-1
-1
-1
331107
-1
-1
-1
-1
479333
104534
133940
-1
169740
-1
-1
-1
-1
-1
-1
-1
-1
495867
-1
-1
-1
-1
-1
-1
-1
-1
-1
7265
-1
-1
-1
-1
575
259162
-1
25334
-1
-1
-1
-1
-1
-1
-1
-1
-1
-1
-1
-1
-1
-1
-1
-1
-1
-1
-1
-1
-1
-1
-1
1108254
-1
-1
-1
84809
-1
-1
-1
-1
-1
-1
-1
-1
-1
-1
-1
-1
-1
-1
-1
-1
-1
315067
-1
-1
1121853
51319
-1
-1
-1
177871
-1
-1
-1
-1
-1
785552
13791
-1
-1
321411
-1
-1
969572
-1
-1
-1
229873
-1
-1
28758
-1
-1
-1
-1
-1
-1
-1
-1
-1
-1
60858
-1
487247
-1
105801
-1
-1
482748
-1
-1
-1
373283
-1
46279
332670
-1
-1
-1
-1
-1
-1
-1
-1
-1
-1
-1
-1
-1
-1
316760
-1
-1
-1
76368
-1
-1
-1
270032
286343
-1
-1
-1
-1
-1
76137
729043
-1
-1
-1
-1
-1
-1
-1
161726
-1
-1
285229
-1
-1
-1
-1
390213
-1
-1
-1
-1
-1
-1
-1
-1
-1
-1
-1
-1
-1
-1
-1
-1
-1
-1
-1
-1
-1
-1
-1
-1
-1
92329
-1
201995
-1
-1
-1
507786
-1
195572
-1
-1
-1
-1
-1
-1
-1
-1
-1
-1
-1
-1
-1
-1
-1
-1
-1
-1
-1
-1
-1
-1
-1
-1
195309
-1
-1
-1
-1
-1
-1
-1
-1
-1
542686
-1
218792
-1
-1
-1
-1
-1
-1
-1
-1
395430
-1
-1
58805
-1
-1
-1
362692
-1
-1
-1
345026
210276
-1
-1
-1
-1
247953
-1
7945
-1
-1
-1
6263
-1
-1
513513
314468
-1
-1
-1
-1
-1
-1
-1
-1
-1
-1
-1
384361
-1
-1
-1
-1
499977
884493
-1
-1
-1
-1
-1
-1
-1
-1
430169
-1
239940
-1
-1
-1
-1
-1
-1
-1
429700
-1
-1
-1
-1
-1
-1
-1
-1
-1
-1
-1
37674
-1
-1
-1
-1
-1
-1
630417
-1
-1
-1
298449
-1
-1
-1
-1
361878
-1
896868
-1
-1
-1
972996
-1
-1
-1
-1
-1
-1
-1
-1
-1
-1
148697
31721
-1
93441
-1
-1
-1
57517
-1
-1
-1
-1
-1
-1
-1
-1
886783
1180348
-1
-1
-1
-1
-1
-1
-1
-1
-1
318312
-1
-1
-1
-1
615576
-1
-1
-1
-1
51345
275733
-1
-1
-1
110767
-1
-1
-1
-1
360333
-1
-1
-1
-1
-1
-1
810225
579054
-1
-1
-1
-1
-1
-1
-1
894057
-1
-1
-1
-1
-1
-1
-1
-1
-1
-1
-1
-1
-1
-1
-1
600688
-1
-1
-1
-1
-1
-1
-1
-1
-1
-1
-1
-1
-1
277872
432881
-1
-1
-1
-1
-1
-1
105703
-1
-1
-1
-1
-1
-1
-1
-1
-1
-1
318006
-1
-1
-1
-1
-1
-1
-1
-1
-1
-1
-1
-1
-1
-1
-1
-1
-1
-1
363999
-1
-1
-1
-1
-1
-1
216373
-1
-1
-1
-1
504808
-1
-1
-1
590824
-1
-1
-1
-1
590773
-1
-1
457730
-1
-1
-1
-1
-1
-1
-1
-1
-1
-1
-1
-1
-1
-1
-1
-1
80359
-1
-1
-1
-1
-1
-1
-1
425917
-1
816192
-1
-1
-1
-1
-1
-1
-1
-1
-1
-1
-1
-1
-1
-1
-1
-1
1182460
-1
-1
-1
737046
-1
-1
-1
-1
-1
-1
-1
-1
276491
-1
-1
-1
1263987
-1
-1
-1
-1
-1
-1
-1
-1
-1
-1
-1
-1
699314
-1
-1
-1
286090
-1
-1
-1
-1
-1
-1
-1
33169
-1
-1
-1
-1
-1
-1
-1
-1
-1
-1
-1
-1
-1
-1
-1
-1
-1
-1
-1
-1
-1
-1
575609
-1
-1
-1
-1
-1
-1
-1
-1
-1
-1
-1
-1
-1
-1
-1
896206
-1
-1
-1
-1
-1
-1
-1
-1
-1
-1
-1
-1
-1
-1
-1
-1
861928
-1
-1
-1
-1
46399
119236
291420
-1
-1
-1
-1
-1
-1
-1
-1
-1
-1
-1
-1
-1
-1
-1
-1
-1
-1
-1
-1
-1
-1
-1
-1
667320
-1
-1
-1
-1
-1
-1
1058519
-1
57616
-1
-1
702143
-1
-1
-1
-1
-1
-1
-1
151323
-1
-1
-1
-1
-1
-1
-1
-1
-1
-1
-1
236276
-1
-1
-1
81346
-1
-1
-1
-1
-1
-1
-1
-1
-1
421636
-1
-1
-1
1012694
-1
-1
463949
247075
-1
-1
-1
-1
-1
-1
1223447
-1
-1
548780
-1
-1
-1
-1
-1
147875
-1
-1
-1
246947
-1
-1
-1
-1
-1
-1
272076
-1
-1
-1
-1
-1
-1
-1
-1
-1
-1
-1
-1
-1
-1
510138
-1
-1
-1
-1
-1
-1
-1
-1
-1
-1
-1
-1
1006185
-1
-1
-1
-1
-1
-1
-1
-1
641765
-1
650887
-1
-1
232396
-1
-1
-1
-1
-1
-1
-1
-1
-1
-1
-1
86515
-1
486986
1169752
-1
273955
-1
-1
-1
-1
212741
-1
-1
-1
-1
-1
-1
-1
1126886
-1
-1
491689
913671
105722
-1
-1
1058817
-1
-1
-1
-1
-1
-1
201507
-1
-1
-1
1056884
-1
-1
-1
-1
325910
-1
-1
119945
40818
-1
-1
-1
-1
397490
-1
424047
-1
-1
-1
-1
-1
-1
398997
-1
-1
-1
224069
-1
-1
-1
-1
-1
-1
-1
-1
-1
-1
-1
-1
617166
-1
-1
-1
-1
989101
-1
-1
-1
32052
1360238
-1
-1
-1
-1
-1
-1
-1
-1
-1
-1
-1
-1
-1
-1
-1
1028795
886235
-1
-1
-1
31148
514905
-1
611202
94935
-1
-1
-1
-1
-1
-1
-1
881783
-1
-1
-1
-1
-1
-1
-1
-1
33228
248598
-1
-1
-1
61864
-1
-1
-1
-1
-1
-1
173852
-1
-1
-1
-1
-1
-1
-1
451580
-1
-1
-1
-1
-1
-1
-1
-1
-1
-1
-1
-1
-1
-1
-1
-1
-1
-1
-1
100529
145834
261868
-1
-1
-1
-1
-1
-1
-1
-1
-1
-1
-1
-1
-1
-1
-1
-1
-1
-1
-1
272644
1369174
-1
300974
-1
-1
-1
-1
-1
-1
-1
-1
-1
74233
-1
77111
96970
-1
338660
-1
-1
-1
765917
-1
-1
-1
-1
-1
64065
364747
-1
-1
321964
-1
-1
-1
-1
-1
-1
-1
-1
-1
-1
363637
-1
-1
-1
-1
-1
-1
489883
-1
-1
-1
1024992
-1
-1
-1
-1
32224
-1
-1
313592
-1
-1
-1
-1
-1
-1
61825
-1
39480
-1
171756
-1
-1
-1
-1
-1
-1
707340
-1
-1
-1
-1
-1
-1
-1
32789
549020
-1
-1
-1
-1
-1
-1
-1
-1
-1
-1
-1
-1
-1
50115
-1
-1
-1
-1
-1
-1
-1
391556
-1
-1
104729
-1
-1
71708
-1
-1
-1
-1
-1
-1
-1
-1
-1
-1
-1
37945
-1
-1
-1
660125
441486
-1
-1
-1
-1
11231
-1
171489
-1
-1
-1
-1
-1
149572
-1
-1
-1
-1
-1
80246
-1
-1
857986
-1
-1
-1
242621
-1
-1
-1
-1
648765
-1
-1
-1
-1
-1
-1
-1
-1
111743
-1
98661
-1
-1
-1
-1
-1
-1
-1
-1
-1
-1
-1
-1
-1
-1
-1
-1
-1
-1
-1
-1
-1
-1
-1
-1
366825
-1
-1
-1
-1
-1
-1
205088
116855
-1
-1
421781
-1
-1
-1
-1
-1
-1
-1
-1
-1
-1
-1
-1
-1
-1
-1
-1
-1
114691
-1
-1
-1
-1
330404
-1
-1
-1
-1
-1
-1
-1
-1
-1
-1
-1
-1
-1
-1
-1
-1
-1
-1
-1
-1
-1
-1
-1
-1
992931
-1
-1
-1
-1
434079
-1
-1
-1
-1
-1
-1
-1
-1
409659
-1
-1
-1
-1
-1
-1
96773
-1
280475
-1
-1
-1
-1
-1
-1
-1
-1
-1
-1
581910
-1
-1
792206
-1
-1
-1
-1
-1
-1
-1
-1
-1
-1
-1
-1
-1
29159
-1
-1
-1
-1
56661
-1
-1
-1
-1
-1
-1
-1
507305
23744
-1
-1
-1
-1
-1
-1
76055
-1
-1
-1
-1
-1
-1
-1
-1
-1
-1
-1
-1
-1
-1
-1
70138
-1
-1
-1
-1
-1
-1
-1
-1
-1
-1
-1
-1
-1
-1
-1
-1
-1
22573
-1
-1
-1
-1
-1
373356
-1
-1
-1
-1
-1
-1
-1
-1
390916
-1
-1
-1
-1
-1
50952
-1
-1
-1
-1
-1
-1
-1
-1
-1
213372
-1
-1
-1
263782
-1
383729
35446
-1
367300
37951
-1
690771
-1
111125
8843
-1
1040714
-1
-1
93176
-1
-1
-1
-1
-1
52584
54841
912835
-1
-1
-1
-1
-1
-1
-1
447280
-1
79441
-1
-1
-1
-1
-1
-1
-1
-1
-1
-1
51431
-1
-1
-1
-1
-1
-1
-1
-1
-1
-1
-1
-1
-1
-1
-1
-1
-1
-1
-1
-1
150926
-1
-1
145860
-1
-1
-1
-1
49141
-1
-1
-1
-1
-1
143490
-1
-1
-1
-1
-1
-1
-1
-1
163402
-1
-1
-1
-1
-1
-1
-1
-1
-1
-1
-1
177742
744059
-1
-1
-1
-1
-1
189917
-1
722635
-1
-1
-1
-1
-1
-1
-1
-1
798598
-1
-1
-1
-1
-1
79491
-1
-1
-1
-1
-1
-1
-1
52221
-1
-1
-1
-1
-1
-1
-1
-1
-1
518228
-1
-1
-1
-1
-1
-1
-1
-1
-1
-1
-1
-1
-1
-1
-1
-1
146236
-1
-1
57060
40444
-1
-1
-1
-1
-1
-1
-1
-1
402379
-1
-1
-1
-1
-1
-1
259800
-1
-1
-1
-1
31614
-1
-1
-1
-1
-1
-1
-1
-1
-1
-1
-1
19709
479448
518107
-1
-1
-1
-1
-1
-1
-1
-1
-1
-1
-1
-1
-1
-1
-1
-1
-1
-1
-1
-1
23248
-1
-1
-1
-1
-1
-1
646962
-1
-1
-1
-1
-1
-1
-1
309498
-1
-1
-1
-1
-1
-1
-1
-1
-1
-1
-1
-1
-1
-1
524550
-1
-1
724836
-1
-1
-1
-1
-1
-1
-1
-1
-1
-1
-1
-1
-1
-1
-1
-1
-1
479891
