1217106
13242067
1361397
24017596
29150176
14900018
15003152
4971226
6699096
960514
8782573
7047130
7379450
13823964
637539
20574266
4306864
4602247
16668277
20210387
6226579
2004449
5082133
13357855
9011322
22468500
3293421
17559118
18520492
2505879
15701007
21977654
19706322
2413103
11212340
5972833
13520357
1320905
22903111
22492170
7067729
1421088
10324040
11252946
10981320
616914
9338173
1400001
8499324
6564415
11274842
16128352
8627250
7417524
6495539
9713335
11776857
262387
15254412
13635132
15242140
12378218
13983169
2568073
642684
251354
19120966
15094516
9134973
22859059
27659034
12600666
1837759
11139179
16823910
7223677
23729649
19858561
926693
11008491
2217709
10602225
8778440
4052587
3916819
27860992
26759901
11175466
11726582
814014
19803362
16131825
6095452
9636924
25000910
65300
14616765
2071503
17211551
3528859
20174896
23523268
10478825
24553435
17481237
19386579
582385
4580823
1046656
15807166
10446134
18130666
6941256
11382340
1677549
11524053
3980667
7872039
2609613
13919072
2113263
10804587
26122328
1721559
2838996
16081875
10246722
14494204
6327348
9373343
8570983
9656285
12715672
2580283
5166305
3822778
12207980
7804846
7722791
4478598
7134560
10084257
21010828
1765538
243853
409082
17372047
10621230
1748262
2055069
4031006
4455841
9003774
22421708
11891388
4470496
7623788
3265401
11837667
6665851
1360886
12997585
3773287
3196228
6340454
10238301
924846
2830391
22074065
27572
11127925
8420401
18520218
17171138
845479
14627073
3936919
1815957
15607513
15585032
12750023
6310461
12579571
2279554
8962477
23723573
6227197
22700541
3556512
20772443
512527
29765735
12481821
11556759
3550541
7159128
7934930
3700556
516387
3645814
6724077
18169388
21549766
21232709
2965853
2019681
14524042
18813104
12407919
7064721
26996385
16474604
11045238
6208801
6364635
3320047
8569928
4204561
11255903
2941466
9118615
3921073
5013537
12397578
16493271
4948168
25444904
5442299
13365499
5102087
5623099
16446029
17759470
15457512
20055615
10733075
25361098
9826182
7902510
5640012
10434556
20830804
14375578
11250980
979526
552092
9591982
5620939
10695061
16496424
11421888
2483443
6227656
5512985
16467594
13700572
28071530
13409272
7529550
3939957
6962944
10882161
989896
5052941
11438127
18495595
20600191
2786524
17028709
4826238
6919330
17957407
1213377
11641822
9041561
3811615
19680376
30437433
12194468
14746066
1939978
25312610
3466289
10468583
2359629
19972760
6135867
6059291
13411788
1783517
1576606
3761063
1187163
6482519
666413
656211
13735741
5340227
10714655
13715353
18158351
1590126
16199497
5739664
2030309
16352212
5383966
8331785
4060332
6965359
6315484
7393226
23124
18608997
4667190
12947105
16718591
9420259
5449880
7910092
5074968
11045403
13774603
7980464
15879766
6458849
1585628
8881279
22366968
2867208
13186242
7842723
6121466
3123007
19213844
9392626
3305094
10280987
13132618
10384832
5124411
13748150
3411583
15993394
14051329
605489
22140474
5941047
7159906
4751596
3272375
3100369
15842867
16100876
10603496
15074138
13637987
1321803
4303778
21524784
5017922
15358910
2186286
4380534
12201638
18653733
6124822
20922917
3011070
20844125
7514484
2346041
5207731
1726468
3569562
13451599
6041112
4621837
22321292
20140632
1699729
14752075
8673079
12473192
11363231
8564213
19667255
7483958
7372775
8904225
5071926
8639968
8488074
11528911
28815678
2066999
12227173
6593416
6607513
13207034
4877392
2512836
12638597
12143433
23852723
9714573
21160534
9505365
16263791
15432073
8140267
3616225
20508282
10104187
8717416
22454745
2114283
7609443
2438198
11977334
8679204
16326573
5124183
5558891
18317573
16178526
7727062
2112316
2906148
15342580
3826341
19121946
2696718
17616499
662255
9924148
995540
207231
10110640
4745566
1395270
8754901
7658413
22877084
10578169
2918825
1500183
1979664
440988
3296639
3401830
8350797
2565244
3266272
218136
10242787
15357584
12159219
4125538
2631980
15763346
17807212
14310314
11910622
18439245
7082890
19352340
1496649
8642
7758167
12776052
8248693
5393080
24834150
1641918
2694637
18668996
1900388
351219
892986
12428244
2746955
13758141
4577537
136105
2020356
7292352
20847725
13167898
16157031
31361
14629653
1218149
6077366
21505403
15098940
60925
2921033
16454504
4901805
14471342
2386949
18446470
17369102
26174328
23022797
13747519
5452739
24064240
25301614
6527541
409597
1114615
887067
15751990
21871772
11705656
1776166
13740702
537042
1333896
9942211
1494026
5128734
8531029
18329240
12209552
11066979
4315151
29575364
6505347
18283469
1593325
10661886
1200500
16647271
13907261
9926208
3758624
488533
7546277
7534394
2136819
21401508
16241474
8574001
22976013
3519836
12486330
24814811
10408203
11014651
23762960
3638790
5548852
7209643
6309557
15555898
10110377
14224626
19222953
5055877
15758942
22137629
8968094
10480435
14851736
6067448
15275623
18625301
16464928
21653385
26474745
4632546
1685819
3126963
5350580
6483240
14478280
5239633
23998666
3018183
12955792
2977560
23734259
10728940
9763117
1303406
18075007
899879
20784035
1790771
23487190
10633360
7572472
11611984
6470152
203186
6483237
17014723
5821119
3600498
1417508
4759205
7655846
19308256
4596836
2598974
4207401
27999085
17561719
8747225
1322029
5731383
9058387
15049789
2144215
18433870
3600141
11510162
8304950
710046
11918471
24841867
15933827
9763739
5390704
28399931
11309505
1566611
17317382
25238893
4773428
6699426
14266402
26912923
21006806
23967033
7030963
1989148
24838275
407575
14354177
503660
9346895
19172599
17358441
14258149
6360135
2913372
464749
14089798
335639
9384309
24275470
13548820
2414146
5915987
3576523
7263186
12946397
24545598
17173291
5060737
5724942
5703577
9623480
1417564
2135282
13182526
11589074
63296
4727650
3041991
10888100
3473884
26263112
6361112
4411696
6605616
19265196
8887057
4554804
18423684
964303
13715913
1247145
11018582
4535037
6791598
1545465
3138916
21416094
11083614
8476146
7959343
13808512
13146153
4231019
9262256
4073586
8485934
10366387
28918069
20196224
10237883
9550543
26684738
27760021
10066609
883111
26334558
12643795
19912537
4709
9450474
20399680
10950812
12604632
6613634
13838613
14799341
3857901
4517759
18218274
17231881
9987044
5006682
989856
7140158
11069648
11379643
27452319
8251960
3743556
17482530
4524811
19669180
11804874
7768991
3196794
5043892
22985632
21316044
3013532
16977485
12065607
8647555
14398854
11910277
1023750
6626317
22608195
7332386
28332171
15235295
11514882
13048389
13062653
6208211
13272356
16627395
6467363
14885302
20833866
4063250
7530473
33888
7078189
12610386
9181439
7953406
21606742
2875405
3963001
10948041
1466414
12984033
7053553
14451494
26819834
10790746
2958138
6827434
11524094
17570727
4930356
16351603
12741720
14739618
25227781
19478144
12353249
19405004
12111201
16731053
2540636
7248233
17229738
172637
15627717
14444006
21970178
17401664
23426502
14021286
29243658
13190838
16494168
9795472
5376604
15163432
8207667
17345544
2354275
12524332
17014018
14658466
5861206
15117417
9669833
6458737
23427642
1563621
24411109
1810717
19611851
13170511
12113371
4725612
14416367
7907303
6398464
17346770
1000168
2570688
984937
10269805
12991747
14404063
20331275
7956126
20575722
19900638
4681023
5608742
13588
17269020
6628913
9057269
2178069
15007976
18917098
6205774
21977016
4647884
5286437
11687825
6746830
23916141
9745905
14365996
14838564
23481552
1063791
2163379
7343078
3421641
866261
3771092
27403593
17736395
7611310
11498592
6372843
6484148
23016997
7019407
2927311
548593
9157094
3234526
6475359
4215180
1586599
20071617
1724172
13543458
982739
27973311
21130678
4875601
9709694
20030698
16671751
24044646
9029829
6402212
19144677
2459180
3297091
16857223
5767900
9303118
12511351
5620135
5788702
24767173
2707830
10383393
662483
10365377
19202457
13387148
15611600
8045968
10260321
3338737
16491424
5050686
10416789
8861626
3789079
13631474
2187744
28170236
9710815
4440001
13516800
26359454
291573
7508968
12648008
8902242
4474878
12040381
18098555
19043623
19292582
4654018
10793004
17511350
11044040
6621517
23668611
1478018
7403204
6231018
1508271
1314718
28907386
19824604
20116953
4195344
14658109
963603
10222698
267101
7036025
23096088
4096310
21752954
4244693
13453752
5602267
18096206
4849481
25183853
7920053
12965796
1533235
26538231
430254
2726286
6365740
433543
1992874
6485477
3365469
23620467
3863394
17079714
12576674
11168452
9780161
24768996
11578792
5787940
13569038
210512
11661126
12699851
785621
11390816
8870344
18892910
8155628
25308689
505592
815445
14120831
6911402
9864347
4376333
5319817
3572121
15591866
13185241
25845002
8551459
9991443
8488358
12923432
8893137
15695195
10694725
19579261
9674383
160547
20004170
13282473
2439455
14375360
8895270
13205335
20394409
12473514
15336960
3821790
13941042
11517169
15403874
6799947
9595436
10468724
10060269
14481
15543439
68549
17171842
17096397
8851636
12106710
9437211
228577
17385198
8085596
17770088
15999889
21508362
5273282
1043052
747118
14802711
5215000
7874536
8443618
22640686
2013748
12059458
2409370
21516601
1530382
5247405
2596548
4552595
21903659
13241212
834190
549767
12500686
10038338
1644716
26971093
11033262
1971230
13283284
25577870
3681758
23304587
24444769
17503417
9210163
20508959
19919241
9549676
19828683
11777903
117083
16837209
26544637
1252066
5327043
13139794
7461595
17688832
2592589
1482424
5716779
25236995
4619435
5542843
19452660
9986392
13884840
7211620
8637241
5369392
7659084
9458070
16600688
11907990
4081774
6836935
20007036
11563943
24226905
10300437
591485
20498096
3265879
7732557
20318394
9268861
27320645
28626407
9259530
9804470
22451184
28669412
22893814
27400081
8847304
8391588
9847483
20339942
14188997
21971592
10695110
23472389
8002318
18001951
9461639
14121514
12408006
224604
1762194
15500196
9794221
2585236
20483288
16096717
27800697
826025
8367191
22599083
12458323
4282090
24940419
6488191
26300776
1420838
19241505
20309855
3098518
20866480
16557385
23405616
14228054
17044046
2398931
10305356
7877878
2387397
8744399
21459198
1392910
12451783
564784
4019625
18796240
6214547
16571035
21452031
3846978
12898086
4551260
4471957
27317893
16096496
5878925
24337721
24881313
5861062
16928230
11343580
14642800
832729
66283
8948446
14724315
1534365
7639563
562577
15613881
19402024
11822722
11724742
10658158
3730614
2498442
12577148
5597611
26376382
6011112
11063101
15321106
1011279
4963455
5006595
18847178
23359546
14694227
4807187
5060593
27929660
774118
27778092
18919450
16498760
5704293
8509448
19825382
544698
2449348
12400074
245288
1990269
578444
1693052
27983083
368040
5438152
1482757
3780196
1204663
11569757
19832364
3814832
1675859
4182864
2624177
7999741
4859900
9640032
14035369
8264852
11063296
11784137
12796663
26072681
23231791
471711
2586436
3437831
11262344
22432814
25239133
8280233
5639421
5137531
20657394
9244493
22626398
24265695
21439866
5200104
1727283
13577362
5489732
12888172
4351978
19661123
18122894
21917982
10188096
14884997
17383910
6095318
22124312
4300998
15144660
22337111
1053303
9920741
15070128
1902871
1288886
9847629
7367343
13366021
3793222
5380511
4639473
8070685
7233298
1575484
10429030
14103353
8819727
5205181
9378533
21702
10710661
16145542
18051835
7544983
8377018
19304788
16977110
11090362
5319155
7818320
11080273
1856985
140290
7577447
10861302
6974140
16108170
17510586
24813646
4849392
17142984
7517462
22494011
11178889
3603547
8587025
8013802
10723385
2839776
3556644
3252960
3922003
21935326
9652469
25650316
5128699
6098549
19035527
19690511
14962802
14346963
23914621
508606
5433460
23595594
210013
316296
842511
10972004
11390678
29379206
5516012
10994436
29942113
9589175
22960967
24602997
6653880
1656607
11704397
12215395
3489548
1067026
4694551
21449842
17181768
7973517
123876
15188458
2044259
3736429
11694132
12413926
2379135
20386007
6806743
7416516
9798576
553487
9471176
7109826
19978703
9869612
6407128
19742779
3755201
931981
10471250
1586146
5465632
21779890
10931917
3167736
12539295
11293322
3568392
28729096
24264938
20488653
25081771
5950263
8688844
16987874
24774412
11945479
1410789
24880942
2775390
2332138
7716622
165345
895459
25622603
12500018
153694
10335280
16761062
8450214
18868217
26079798
3806978
14003028
10451211
5349260
1513862
26363696
4624487
21265865
24962452
175564
2525869
2413537
28921503
1249984
21149027
19982344
13795368
1488710
9087764
5532250
6314409
12858877
10484507
2851517
16645623
3195200
8287257
19356441
9476435
14720253
10535541
4402301
1509664
2517041
1996350
1601472
4780597
30275966
6818117
21874971
20091900
9498454
338745
3763643
26424847
7004123
2816355
12072961
8618582
15459630
4293531
438317
449283
10353817
1269528
1904332
18248477
3327781
20244428
707490
11037802
508180
5122803
546548
19570853
492047
17732798
4587265
19642014
3535894
19283453
770915
869136
194020
23154038
2749927
355238
15477931
18231201
6545877
25030309
21559804
2574325
1868303
1319628
16754634
1298575
15019977
15205312
18511912
396037
2994123
7211966
13247965
1929471
28091
9950539
13019905
2392468
24293816
16491561
7955198
20811484
915156
15253838
12628046
9373095
20237367
2638587
14542326
12651053
13071397
13072808
25916594
2250685
14653204
10866087
5032624
12410126
12922562
3989975
7022405
1649961
19351871
8631057
5820914
7007407
8003486
2119780
16488370
2907566
14030012
9264121
12773938
10361687
3997916
5872379
10833966
19103455
17143498
922373
10804799
8330077
9222077
702503
17006132
4174783
15207949
16263117
5013512
7585973
4898744
8440780
411007
9187374
7940241
6273009
9588197
22383330
3900030
21239874
4194909
2016055
7857955
10692561
17440544
3421371
12116401
1829690
531801
5335068
15201633
22659142
3331995
1732756
8832353
16460926
11549299
15057515
10255226
22310179
21423690
20606931
1346541
11615763
12590013
6636398
11755135
15858861
14040715
10920337
4382644
25868401
19567816
22664772
3285520
80804
4073802
22117455
9823457
7919778
8151758
329094
4759844
23184430
29842287
5941894
23494877
4370368
1260511
1152313
339132
3260770
8534833
3535918
24776796
532718
5669694
8151437
3171541
22521214
20604661
10364782
11436040
27643771
18012414
7995079
7863845
32574
13470777
28690088
29900871
17611043
1660923
9929298
16453827
18322019
460297
10093942
6373008
9256832
18298844
20824346
10419288
7748364
7690963
13860737
26219368
9157681
3122797
23530532
2119915
7052731
2110207
9371585
5178361
12819058
3464831
23565053
7218117
11389065
23774476
17281248
21322966
13788350
7168123
21115545
4991721
6557733
11324221
17581576
14661721
6287235
9214981
2006780
10952230
10767214
15821383
24038037
19077409
15446773
14788240
26115964
4305432
2232624
13040573
1437147
4704016
9560435
3480869
11386480
989938
7803403
5810529
3852034
14486832
2740357
21022590
6076803
14152753
23627441
1270932
22240834
9820971
4274640
6504413
16219850
2184400
1049950
18502387
3697276
1708840
2877505
10250744
14428697
3921522
3702023
5497463
9616090
16918719
10518633
4486180
8866859
12233371
5671499
1732074
11252872
4184691
6021949
16654059
7454132
27187828
11465103
2430235
6985196
7471436
7714230
25760513
6579821
6525781
132830
3264796
17646870
104069
9245714
29640357
99599
11622937
5253230
7437283
21771855
7302751
3639397
21828474
17432070
13344315
11186175
6591624
20565587
24722744
15268645
2787928
15339335
7280936
18214390
14883031
19258416
13824085
6872613
16853396
13398606
19506035
5922012
13139640
27061871
1657295
8277770
9060645
5096065
18368929
3116202
7971488
20274717
7414479
17285632
94422
9052706
13416579
2470484
12235661
6622257
8204594
5061005
6287615
12445582
19446764
13974939
6732421
7993795
18763253
24202631
17814875
14017723
8034514
17622996
3381948
6714714
1364688
50528
9014843
15229661
22919903
9397850
24969612
17179601
2919835
1095886
3590002
1025683
23543571
2740650
3896360
1565452
12178536
8317002
7461343
11559360
14568271
22496959
14626689
1733835
1620991
1411551
12423385
21097418
7936810
2669727
332188
372387
213315
320748
2394659
5484970
3701357
24913262
20123247
21319567
4664283
5118683
7872902
5043326
19830208
6054394
16416014
17871436
634262
12618331
22816019
8576210
5934404
25258923
9735494
120768
4280349
14219267
7280501
12557049
34526
6033532
15428363
4716488
6634920
7971209
19883443
15887426
15436813
7894296
16608643
7670658
14617156
15702221
3466205
113433
13250556
13845562
22407330
17690138
5028769
4696794
13029450
9162488
460799
15177243
11508521
21604432
2318906
4032702
4704608
3771490
2773752
15871241
18694270
24388505
7549192
28858993
6671445
14374182
16934075
7737199
3672515
22280775
9311951
2836174
8808723
3281371
12952447
337219
5441082
6272749
8639254
3585062
6009071
18704438
19079005
14754056
5283644
13441172
6814671
22000493
9764598
16790370
1642032
6908567
7671293
11645286
14070951
2062845
3767839
12538138
20780647
18179367
12127086
6127751
12232373
2638895
5921762
11874320
8782940
343491
12517075
1852430
6275946
9430259
2707152
4907067
7745191
815349
14831706
18934999
19992234
7285951
23989573
7097551
914590
952467
2943351
308779
7626380
14947658
7712216
3276506
21673513
5338817
13764213
18041457
1611917
7522887
267961
5546350
1740302
10060222
4397639
4665042
9981996
1338548
24235468
16387248
5548706
7958978
4165642
6251459
9594285
10467533
6869407
9104
13582949
7293110
5761347
13249591
12658009
1213475
1125345
5334216
10206531
1496252
16481245
4948041
19397322
1417382
8500877
17844429
24806019
17076044
27218490
19413213
8832073
15549501
9136095
3486664
10670593
1936347
2327835
4716620
5516301
9418206
14040334
9736219
1491322
19274247
2670278
3908533
5103744
7515633
4329055
1997004
3571365
8362665
24625196
14319752
8463404
1903289
5504266
4974229
3824047
4170916
14200256
703113
3525136
24398888
22802812
4202721
4990450
3674377
15766350
311064
10225946
2265848
10204591
1746458
2682892
4701224
2335063
362359
16764938
7251969
5868409
11954791
4752408
14889443
7006008
1038133
554430
2436148
7212519
9090457
4045942
26273660
3419128
10706073
987330
15038410
2062564
15216608
21256144
19184749
23594312
16167095
12068461
10244812
7511580
24644928
15441629
5410891
24969795
4954439
13699437
10020843
6252617
5185419
9900363
8638043
16713603
2146515
8046808
19135206
14839987
387858
4326432
14477925
16487362
927923
16910331
9314899
6436904
20581803
3473733
22223692
2395641
7941226
15148579
18808007
15177385
2619165
8833107
10844968
6807913
4073134
19978484
11795689
14983064
8235664
2561315
1497594
6398526
5652243
14154939
11768409
10099335
12681617
2132320
4260722
19473883
14978086
7478884
5678306
16393152
12427266
11094694
8664401
2606942
10061802
23805826
23900656
5294337
3350173
2588961
1875173
11920060
3997482
11449678
4906286
21113730
10652340
5426735
24016487
6620566
6960785
3731211
986407
4237342
16840
1840277
2243993
570719
17480161
637770
21571067
17186289
14384455
4347688
24593633
11775269
1512151
3683402
2078852
8558603
2444176
2954576
7910347
14653145
17626125
6416319
4813471
1410243
1955707
6652680
8247557
15672137
16474201
144444
6658266
14208730
13048917
321997
852025
11131420
14958617
13892905
14637700
13590899
9976223
6134796
27787360
1618133
26411111
11369744
12692523
2536077
470611
9994972
10670685
6396569
2970700
19194656
1314579
8178792
16875179
683003
6580951
10421662
18158268
19974287
7458038
11565154
19752421
1107777
12629706
23264
6539308
8125347
7584663
216141
14215654
2149247
16834755
11868761
8645259
817591
6218250
16871152
12393794
4653495
11781551
1939898
4658955
21653957
21297037
24890184
379792
21130903
14668561
244925
1601091
223708
6562750
14143044
4074017
3774432
25497612
5742332
8080451
133534
29196824
2810059
6951625
5713351
4133123
14379911
18688801
13163798
12557532
8035167
20073350
2631919
12388495
12006373
8716048
4271292
3336536
3376925
15288601
24735143
10138274
4413869
19706941
10217422
12270589
1477347
1930044
8389256
17580508
12525632
6263768
15179263
12006273
11839373
10528458
12087733
7427983
19306593
12522030
1025930
571265
9488254
18942680
30372973
1456821
16415035
6782193
2128260
10178143
9740956
3753556
173951
6539372
3681942
15143859
13947982
10654590
12610542
1342653
10442792
6134685
2251174
7333158
2550300
18473204
1754666
939162
21669026
24637123
16866310
591576
6726459
9783150
423595
20438831
9066547
1854191
9773156
17601036
2532483
5513339
6211744
8189217
735824
28299654
21194498
3258489
10950271
8821915
2777414
6217748
25551393
10197508
5403666
12211791
11826375
8777980
837084
16261794
16904058
1175648
842621
23413537
11126348
21907184
4785955
331925
587892
2355391
28114282
23388268
7934059
10670175
20785997
19760750
8343841
9994118
16868170
14250555
8939217
6258028
7971722
5517962
4260859
22839409
16543377
14028527
5813516
10424402
12195676
7312878
477128
5387989
2435443
17254181
22119670
6445081
27362473
11640884
6062826
1908300
12908503
2454370
19158465
12119022
269287
6120666
27736754
15079749
16078243
15348885
10471556
6872189
12803914
10675471
1620914
20529793
6704334
18214365
16134138
3774827
3170385
6626262
24162501
801928
2155111
15891336
9539242
5788470
1335484
6402200
4129261
4525678
6683713
13057280
17752497
22062368
25371906
1714531
14417449
2573705
14786467
21311752
16591692
346229
839840
8294436
1995014
21211406
30733408
9780174
23546798
8309667
5832445
771511
17033
4490252
8677456
15441914
22463992
27231555
27380129
11375601
21290432
7718643
8402155
11402664
5739973
756259
271884
15490587
21233656
14468637
8022817
1999832
3835307
18157302
8023634
12452035
19435455
24952593
6398683
9442492
22516449
2094526
9586462
1992110
9414771
20669766
4425491
14239769
8636235
6485346
29410056
5040024
459005
9347303
18773447
15347901
4137212
6820226
17109656
3975109
8792154
20347954
21016800
6159416
15977356
9289530
17798655
12847013
22633821
24331076
18413717
16235014
2141951
670739
4279713
1279244
26928485
1472061
5460994
1827397
13762594
17534465
3112858
17459852
2528403
15024731
21897657
9873867
4917238
12345989
17003694
5872542
8944397
16860571
8719400
9360825
8092266
3345719
12805037
25724748
13527946
6963462
5823191
28945178
5811095
1211823
2485609
17926055
22328737
7961007
14537399
564739
9003042
13041145
8821006
20204770
5262365
2481694
1473270
3348635
2206978
1096706
11352391
19243063
8467018
18775900
12539912
4416810
6954565
17900582
12012929
9740689
7136857
30450647
21621342
14717770
14257992
27142882
9019885
16522887
20881114
11138612
6014333
3969132
13750053
17666079
14849058
1708825
2945017
16458126
647648
1161690
12737803
20471084
661022
18055628
8225676
5140258
9702045
7718153
14689162
19809630
382335
335003
11435016
25878503
3822649
17222683
18613858
3356709
23033354
2029905
8732192
14622499
7133061
28980787
10698721
8782209
6479253
10336789
12942332
10215825
13273668
8733099
11760051
253061
16539690
6200961
11645920
24555966
25258448
10027902
2770887
16114414
10411989
19774391
6451274
11694294
12018457
8612362
8324500
3949418
14113033
25336245
4295092
3752943
13529527
15780460
16689048
6527240
15973420
15416516
1099174
12482730
4742483
5310264
16540612
7646314
12608977
6022147
13682802
5215783
4525405
6282363
16785113
3907174
3222835
20355175
23733476
18885765
16981297
1373067
15251098
8987830
18324072
11802075
2820196
5634555
7570488
2880535
28054607
10759116
23740821
12989162
956794
10392690
17956997
27415919
21886860
20100025
2985524
11391927
2362835
23110573
17688173
11294792
6067994
2288732
187519
5214627
6191894
21566145
2075484
14406522
4923969
9981101
3349718
22205281
9522905
6959555
2161104
28716052
18786688
23620563
8138872
14082984
1178329
7290989
558341
21358713
14634356
16615148
2141299
5109818
29253827
25962448
19527118
18670844
7797843
9670127
10581836
3547533
6391424
4417471
21791250
1767329
7786077
6675594
12061931
8171889
24401391
28232925
20005909
5042886
24032473
10822711
8428759
12741728
9965564
18108812
7201508
92257
12851350
4849690
13373419
4725604
21979800
24201417
11101248
21378077
6843114
11315099
4064949
10616150
5596048
4717484
6360736
5901195
924630
9861935
24918502
2233440
8640072
14485579
18479472
7726282
13065434
13342531
13521893
12273894
20866861
18845931
1643867
17507584
3109050
18791884
6913800
25619142
2771051
8301439
2224314
13769051
7589672
3760087
17663255
12619773
12945294
7521853
18800575
3316826
26983873
15970891
10692589
12436168
2505147
176306
13579384
1098988
19915290
10873681
28138749
3636615
11512588
15333747
3987033
6214267
10458417
2241820
8080951
18270947
5772227
242578
8135830
3334026
4069526
17037456
17583724
15419403
4767202
6059992
17476098
9590595
155791
6756052
5007476
966029
18607428
14295985
18316234
27047799
29371874
939339
12598388
3738120
1064199
19078552
6380256
8683557
10872777
15188830
5792744
20017094
9877405
2343816
4932561
8363179
14215863
24868284
8210926
19312775
7894009
11157288
5573619
16216588
9342375
25495031
3980591
1503634
3549471
25298525
8965928
8635354
14459943
385077
4176229
432399
8093358
147895
9687713
5729207
8456603
5957152
16474101
23478059
22582276
6412740
5981458
17494159
6494422
25527463
4785196
8921765
5107856
15869539
4735081
12795624
11550176
21393515
5666518
15517714
4915289
15975772
4112954
14121296
20906717
12553146
22865063
11740016
10564707
3944958
15565601
6784927
2077502
2953027
17306030
14508136
1874051
6182824
14101548
7413127
8263144
210811
11203567
12630331
216551
23000108
4077094
13111694
8530983
18476012
926874
312705
3664344
6690358
2573463
1802523
17495321
5142208
24866616
20180411
7451553
13945371
14308018
21425846
13938682
13719772
2422702
15839762
1140070
9002658
20178354
10529397
