240891
11853984
3214646
5859937
2422843
10225631
1456271
6569440
2553384
7000752
1083348
4880922
4707004
12150126
12272918
5976039
2803672
12660222
11459599
6201718
8827012
2776080
7956248
6556529
1408492
14388404
5371865
1302641
6187079
15311176
1767823
6254279
2507629
710740
3356924
7661837
9485930
5797764
6401208
6264015
8836448
1483286
2366928
6302864
4065467
8462290
9643838
5521041
11913427
8046661
1730917
258551
4422589
12166614
3870777
5966116
1127049
2159899
9559029
1285405
11440767
9053686
8834961
6798286
10450616
11506836
2307988
10188153
730738
9558502
5723980
8556655
4638990
8113639
2992076
5960923
4484259
3357520
9822956
12567070
5570212
3589064
5053968
3851261
5252098
8700833
6335878
3000724
2779755
5881121
2120520
10370046
2614664
8509167
10508249
97521
1369715
4350606
11132410
14430324
6313249
14462638
2998809
3784975
11449272
15933880
10755133
10707546
5660092
573636
9409
8545114
662166
9032755
1896244
8437051
8226723
3877801
874500
5614350
4932304
9176249
5493565
13131951
3503175
54953
9704329
4472009
6373170
741405
12386666
1708591
7015601
332630
376668
919678
227967
15453595
9721683
4719820
12594977
6160659
4031688
3636031
11724963
2514256
6468404
15400723
4295635
9768001
9122621
8842183
2754835
1245816
10762084
2140347
4194077
4643996
7747635
5966624
373094
9303561
5154232
4027000
5805872
4341553
2706555
9734337
6843873
8077497
9977071
1989332
4752806
3860772
2966453
4493805
834018
9968243
5367533
4837335
11109054
10401935
10806499
3894507
529317
12241749
6011657
1927561
7879140
1964847
8154894
2098756
5345128
1663788
6742183
7928551
2016910
4512149
1653387
2926330
4767578
8981057
1250597
2301463
12596140
7476166
9144466
5912894
3311606
4751230
2054238
13704351
807003
10623134
3518729
5737772
5557075
9049344
191473
5071958
869982
2063786
4478313
16647608
9513191
2456754
4131226
3338738
5550775
5228408
8560041
4203543
12535800
1916728
2239122
9358313
1865265
10230831
14264628
13823320
6434465
11136183
2449327
1646501
3873304
8534000
13915867
15201662
6817949
1506036
1949377
7728356
3412532
2488334
1231062
8755824
14720782
6624119
6736194
5796132
6273605
1739854
195727
1901663
3806809
468467
6581352
2479945
10235949
2297410
12422632
6546281
12741342
4331511
1929524
3847856
808571
3244836
9357087
3182249
11042483
13474917
11379851
1189880
2003896
8139505
6440810
7054818
12777551
12202249
4987629
4777326
10473762
455901
14054497
4847330
12116233
5551365
2024160
2966864
3960573
3302508
2065427
13756758
1284392
2333663
3221256
1530196
11423906
10794425
10675489
5667552
4799721
5418079
3950027
6409602
12301145
3429558
1522522
16001147
12924689
2696401
1332748
7798390
11969835
7609882
9983600
1300664
3604171
5811755
4253052
8308019
1263742
3023482
5698848
3402476
4320444
7064
14834298
1642060
2389359
4210667
1942665
10297948
6952597
414482
7151815
2656416
10276239
6988994
12583602
12230596
17758803
14234024
11337487
652258
2847770
15366274
2613406
3376236
5306716
4030193
7798386
2775013
8192923
2135810
11416636
14552003
3380113
2305875
2151000
10155913
2689197
7981134
17679144
3069461
2048828
9136252
13817326
1061149
5144788
15285658
559054
10061912
10177119
3188711
3284580
1240389
2142739
4663615
8766165
9183522
8445314
5182853
9242550
610889
4988169
414800
1234859
15541331
3991425
2084819
5486316
11180970
962318
6913826
2395144
16833097
692824
2771526
4338240
11490568
5276379
16016268
4070225
4805766
5622929
1517196
1115675
2753602
10781952
1602897
10621476
10196194
11241637
17079361
5452932
12490586
5253112
1528660
11011370
11809200
3389847
317471
10995740
2286725
1671316
2440201
6196947
5050782
4935025
962945
9572476
10819695
2766894
4876720
10056859
6967437
11446942
4443386
4976123
1744476
3273928
10735472
1787963
11324684
2795529
3412981
7432850
7979422
11079860
3813298
7162442
14693637
1251537
1005370
1849904
11632770
8033726
3887755
4304327
1441693
4576257
4785184
4069052
11356797
4769823
2655548
7850490
9689822
4053188
11047154
4205450
3567823
8474490
1461860
1886271
1426251
15831410
5756728
8267376
7546248
5161196
3245136
12399832
11030570
1101139
12867758
8595225
2402934
1241893
15602493
696437
1091341
2343357
2082328
8245439
7417170
16118907
11835291
8273163
7427280
3157125
9971192
1395864
40004
14574193
1793596
12044129
9573304
7462360
15100386
1109456
2182182
8243695
2136208
1533531
3617558
255064
8871292
1654929
5968067
1859473
2966132
10401574
7542917
7255413
2478885
15538161
17331159
3961003
14105904
4620954
906462
6293584
4121964
10571353
11889451
9872258
2820745
1345410
6449365
3850128
8574939
5789200
10784766
11362049
14792780
440510
3269118
16244521
713776
13081914
5024396
11891000
1914363
9735886
15702201
6754731
1792332
12371984
15139297
7559435
15176638
820854
11076636
4420838
4497332
11673293
6997626
12664680
472471
1170529
4037099
2414912
5933566
2658653
2577173
9307871
4382630
7833190
3812905
985274
8373060
4161457
2849494
7362971
5490864
2081741
9105333
4428422
634580
4564255
11109634
5088305
8269987
4401914
15055183
10075780
4609950
4450657
775373
1724826
6403670
1991479
8796607
12301566
7882847
6994883
5850306
15938537
4782362
15109927
6194010
13188284
11544088
10479997
358373
9381385
2930174
17677003
1798214
13065147
3447873
3184255
8007559
3268711
17569540
9015303
10758458
1181598
15203940
6764496
3776167
2253334
9870856
554812
2747400
12033592
9301008
11792806
7381939
3259135
11623056
4350374
3643749
7486825
1482822
884750
2084509
9316923
5917222
9567356
1698082
4780504
1970321
717045
4335089
182290
8740471
2854211
12942429
7420279
10002449
2992791
8475233
9248377
10955318
2459258
12152388
18011709
1971400
2619175
14953158
7364341
13721282
6322907
9078566
6758831
109642
3821018
2742996
1676419
3283053
4162573
11499236
1602000
2236958
11431057
2521234
10380486
1993127
55049
11252243
5145121
6120054
10147346
3464911
8788185
13945175
8511763
63768
4424681
10121125
3170716
11375293
9263681
9020455
92337
1691051
8890619
12246368
6430673
4509582
13212185
2502322
8552386
6416969
13943494
11208047
9449792
8515217
1611905
605291
1075999
323821
2981251
3438884
6393992
11302628
14287391
12460600
2288304
633115
1185315
14555182
444872
9332468
10088697
16748456
3047161
6871134
1307808
10889684
6515921
13883945
7032344
7385053
3165964
6269346
9063241
2339842
4420684
3243781
7933035
9440447
3230899
5230419
13576190
3840834
893888
12895660
2555713
13509939
7985726
5986802
1737069
1957494
4583733
3796003
1209163
6551582
8988916
1874023
12078371
201772
1273757
11874090
9584444
394107
10110907
7691941
9602947
971914
784992
541451
10791278
5386648
1444981
12004454
4076567
707411
52762
8511002
64549
3321588
17344049
6356579
11836197
1434448
3751408
3274987
6571596
6735055
13276062
3935367
13673401
12700399
5819020
1525620
8622562
5047621
3300103
2956247
3622499
3574849
5771330
3277150
2772156
4457778
2122346
16515930
13028478
10029641
7638871
3728174
2497647
13901970
1844832
7479632
14376187
13038744
11639519
5589917
7227164
16615797
1756673
8097201
4680080
903855
7266716
6811349
10403566
5980512
9813100
7749750
9926790
1558281
8401769
4150542
10081846
1564498
9555283
5982152
4820793
9484667
2446923
13170782
13495147
874807
15978507
5615586
15338853
8660737
6428026
10538534
7351046
8980258
5534737
7814692
8787915
3573356
14767470
5736424
2048525
2540806
9558246
2559914
11262914
6999060
3528133
2690651
2624919
8308144
16504747
9201617
3036596
14806346
4523246
543119
135074
6167373
14684150
8532890
3174717
3738534
3912067
3194034
497774
10013724
7840456
9725461
10556738
11050216
12676295
12157422
4128851
3394122
4540189
7931432
3084497
5076945
2583320
415049
10979376
3403279
5805300
906915
612060
7482441
13183309
15345867
136253
12107627
1098490
7998694
12967899
2288523
4254249
5269496
5036575
11652934
656498
11707785
13899915
4682279
4999147
4866638
4209897
14079069
6601846
12715174
465796
4299288
2812898
14562800
225251
9676468
148569
3756197
2553445
6491756
7940797
4310748
11003060
11631079
9621296
3269246
9583343
296758
3159326
908588
10177184
424504
7018773
8079393
3628585
472946
7098617
4272194
5228294
9337385
4032601
4590683
923137
3947694
4194307
5848665
6282799
9869195
10627140
10051599
15194543
991501
6014733
123732
7510383
10435978
7450123
12870361
15152374
14648867
928956
4610552
9244238
2632414
4050363
1875997
7817897
171191
5075798
7856163
3468569
10775174
9999891
138181
4644508
12988630
239424
11685114
6322829
605543
2111557
1109707
11411032
2129919
394558
6065154
8142405
12326087
6923695
404755
1515723
1812617
17534149
6756802
8574344
14258354
11273863
9916350
6571294
9638163
15249334
1244121
4839377
6101851
2898940
5182417
9657380
10924576
1162636
7364070
113579
9835432
16991343
9956097
708127
4890468
13330672
5256549
13521899
14017542
10010256
549682
3331714
7739136
1183296
8789583
15442866
1844181
11746310
2904946
1432608
3845304
1556881
8756524
2393833
516261
188387
11619111
525523
13689955
2755017
14050858
16589890
2770895
1542051
5757218
10671047
7117467
7258564
11953445
10133036
12157404
278992
3179293
6266709
10320519
15702740
1607349
11998140
12189269
4623361
3812747
6960095
3922552
5070880
1442808
8744318
4510091
8200438
2278410
8899910
3860750
2247978
607712
1873123
7710889
17707656
2019390
8651736
259916
4702563
4398295
9696886
10946164
2639486
2230723
8623253
7388726
7027885
926130
6719463
107079
9145534
3741096
443738
2716257
278770
15681551
12022327
7358765
6020516
14018733
1494809
13357648
496743
11547410
8991422
2823088
12054703
16735047
7216615
10156673
5310671
6667668
2213598
1810460
3314888
1879048
2829130
7027315
9107597
3613096
5672469
2515544
17376159
3651207
6516211
2713883
2747891
6184268
8703133
8723745
60652
2149098
1506469
6709367
1758545
575700
3988470
12048261
4603958
17927825
2583701
2230968
202247
13974786
9968637
15544477
7143275
6752136
6100327
3483056
6563059
10721045
3254711
443361
4786872
1006046
5015869
12035609
13713678
7008300
7523009
2366162
3240092
10402104
3206401
1486611
570831
4764063
14603922
9159158
3498801
8706912
1312403
11045255
12867152
2604346
5477319
7626001
10593851
1069955
4364728
1857096
10332665
8778016
5847118
8734295
3767669
5206177
13961386
353612
7176277
15469299
3512160
705460
10407660
4472474
6550667
15190580
6728750
11738819
11434917
13306792
9498934
4131836
270921
1192415
9934258
8590476
8757373
4374827
2256403
10740739
12573360
4889884
11412703
6299607
7202332
1409892
12305709
11045143
1496216
3868605
2002140
394042
4615751
4930607
2326371
4420637
2308290
3670579
9476221
2727330
11867015
445761
15251009
2153422
16205176
11441758
1593837
174522
6126577
1643003
673573
8279257
4164953
3349208
380590
4594110
4109237
80017
12183064
6155069
1745830
4972132
7044342
405246
5938359
543580
7288799
10358395
10429606
16660949
11503678
3412185
1486497
815709
5637224
11302300
2484625
2381415
4477569
59684
7583175
1845764
8960072
1377714
18830695
11914319
3386084
1452749
628411
16672201
6595735
1302487
4368898
2686330
15619788
14743121
10301245
15204017
2521641
14078117
8303326
2999713
15205643
11955578
4565309
2282740
5657629
17201090
8715535
1835083
4494781
17076226
706462
3210502
2978204
53548
10820951
1506294
5026634
4780367
4023175
12080718
1996299
848418
10972519
6356191
2263953
5230387
7110395
3957069
8193217
1965319
4773360
9317429
8475545
7965271
807198
7239497
3953447
8682450
11860908
6664298
3456268
3016080
3511855
2947963
1714901
8271375
13752984
1251048
1642253
2370448
3911905
11184993
3559313
3284626
12519757
2025197
2636232
3367788
4541139
1917043
7773193
1132942
1395302
3428045
8092946
6135263
1166561
52258
6348380
14493973
12689621
1236598
7737485
240782
3203458
6663797
3800609
12647772
3599645
2044626
5923282
2692297
6368348
5438694
4940292
14722379
3127273
9703235
14930103
3890947
363979
6531702
5538304
10724185
18007890
16435395
2135453
2601285
11565269
812292
6105084
6538755
87882
16798204
6430771
13043958
16274558
4974945
5379803
8992987
6301628
3863512
9548099
13191490
7193852
10804498
4765758
13491041
11784526
1462393
17107317
4032136
1120432
12197627
8742651
10417805
640425
13771837
1666298
3987910
612281
14559861
3164189
437298
15189344
6212794
8531641
3771245
370231
9884333
8281551
1355142
6452474
12509708
10662986
8412742
9981740
3790350
5155687
14720214
8917030
13009468
1377258
9370382
1053040
4798693
11186487
3814775
12028025
3569801
3936589
3476763
121374
3669502
117593
12378069
15813366
7029222
15838514
1785420
3507275
7359914
6977645
237544
11221175
13495378
10255655
3451038
3345010
3980831
745521
134578
395684
9989468
3089876
1929429
5079008
156684
3586828
10799484
2233575
2325840
6219104
4660316
8455856
12878163
487484
416125
1125875
10706546
9560459
4901570
8242221
2503548
499332
11976891
3728659
3754445
8149614
2089957
9743743
5533903
7162833
1120636
994510
7961911
4591210
12183084
11258675
14084109
10254473
10835323
6832508
15397833
47834
56092
3680590
5090813
9725714
2867061
477615
1945470
332969
8848826
14063287
10001447
3332364
5131007
6187120
9958474
12600741
8366855
5707034
8463152
2370030
452420
1888611
5664835
10030361
4764429
4945008
783846
13213094
8871593
12603563
15391348
14219196
1539020
476371
3536764
12195092
3490365
1240583
4973374
2663867
10284453
2213042
1005670
8934096
3384086
7512554
534796
2135669
5186986
11138578
10739355
5417478
13152566
6523077
5939453
5351439
774406
15396397
675242
11869725
12775695
11715937
7254641
592127
7851653
10565669
16823445
10752460
3183831
1519491
11221927
5803869
7862653
2796326
7199299
7142686
17332685
8673524
1473931
2023860
6633308
6072036
7534307
561905
5115678
6773975
4966035
6346056
6101855
2460145
7036997
8223441
2388384
5647794
10772916
13981750
12158739
6221034
8151929
1280746
2216200
741500
3891332
5901299
7442034
1009594
3773541
11064562
4912498
14039267
13063817
834009
5781068
11532336
11693002
3038855
3346896
612328
640683
2110597
4907331
13834902
1370364
1174417
686127
3295715
6576185
2784139
2025133
4599990
11688207
5167192
1412221
13576942
8928100
11741284
3164822
3205235
723540
831596
1468603
5120957
2523302
12373249
5308817
1820819
5896631
6318883
1406775
209427
13027200
10197418
6068291
5451062
9504483
9921994
16296059
3484712
8673905
6704227
7288925
16535945
932203
4273227
6492186
16157074
4753352
853016
2883693
14319535
4446320
1671123
4933603
1475499
3094550
7663841
3210793
8624725
4550126
12057328
3169389
3239274
320742
6694492
789879
5031554
4886225
2732968
6870234
4168651
367007
13534174
1410791
9110743
8887653
3018512
8268313
10388748
4891321
6954450
13664343
3469310
14635789
2070547
12157150
1658201
7754631
8503666
636201
2203911
2841276
15212593
151133
1434810
12998111
4874354
4196328
585441
13468573
10353798
12519395
9001296
10987078
5019737
6786320
7406761
1185685
10277193
5468615
12548199
9795644
9414921
84122
576092
1052036
13953114
3519037
7115050
16156638
3968124
5325033
2696810
5894210
1581560
6762805
17218556
1219288
13612307
980402
2998211
2453020
3860056
4634365
11790393
1889774
1418882
1970302
3858022
506216
8047276
2374961
7827666
5267282
5572904
8625736
1342350
5331918
323173
10410035
7096153
17674361
11452605
5623381
1254372
6396349
2234721
1620477
2422296
80773
1581497
8631075
4959972
3536136
7899604
7628025
3189987
5984399
366296
4978070
3331459
4237935
12162908
2511326
9737829
6840520
6627237
4940888
5104546
9437962
10642248
5269331
8855174
6723372
4121848
8638655
3964339
345265
6959876
3470871
4420161
12497916
6650434
5038205
1583027
891693
3018629
6868662
4244244
892952
683832
12185161
1500236
3864257
5420178
3333086
1727217
13579435
1061342
11744526
3287981
8234043
12166696
404431
4153259
3295751
6064914
7090128
5181109
2968318
6089266
10647719
328705
1371880
1156711
2142925
3757700
763769
2961707
2155978
3806345
18171263
10668161
3259346
2532432
9850146
3048890
5585913
3197093
7161897
5107055
12699133
847068
1032001
2405450
1577698
6695654
12964624
14480681
3356986
1034510
1546282
2336148
2778602
4215950
4925228
9931364
3952518
10788185
8434702
1693844
9201131
1811263
4268081
6081014
3891986
5509771
1304384
12704573
4995373
10602769
1223858
5246055
1058061
10263137
8244138
2734109
2252545
771226
138448
8916644
4661480
12020099
13804841
16717835
8572476
4563500
7872526
10059907
12596043
10698891
7385541
6434302
3663163
3169262
736736
2013519
10887217
27337
5556466
5582076
12759963
12663351
336619
66628
2162402
999576
16797088
13934421
2847116
8787920
6102978
6449169
1237290
1050577
11662955
8502964
2699194
6766268
6295967
606180
1734146
7577789
3266411
7577373
3061684
7374966
10390990
3487488
9347437
4440569
5045603
6076610
205086
2140760
6661086
688091
18234326
6602566
388525
1701212
14039256
14551033
5242067
4806958
10863032
2506023
627297
784156
3886275
13538914
1051510
10494148
2028638
13609969
7817758
961916
2307086
3497892
10034000
6388521
553736
6910975
10853545
946193
5545435
4386724
127596
4965684
2156871
8887494
8857601
162898
5239013
4114776
12882186
3967233
5763257
4577095
2817254
1380119
8614372
5033681
500702
3692618
8894038
2670386
2614091
14403519
10648207
12992745
6548273
6733834
3241727
8150282
14377534
3410217
10816356
10049351
7934594
3382654
323053
16893439
6207617
11800596
6509763
3811119
3849608
4627495
7935265
5275955
14554517
513628
1065462
6326894
8699483
2097361
7772427
15486680
8647119
28719
13078749
167858
6935661
1458214
10244075
1779914
12484889
13492848
14984855
793913
65805
11171221
5838138
11472051
7192284
587629
1060335
2355854
1944206
10461090
7575105
7223654
1074125
2843641
3558453
11278554
7769510
2557949
4463766
2687609
14244495
5604361
10935880
3680471
12911801
4844854
7113749
2919266
3457694
5662355
2973282
12027116
1871238
7363287
9539074
8770950
6552769
3913535
14860666
934709
2070126
8425255
4511351
2871395
14222111
1833083
2450960
2958743
3399172
2848140
8654475
8389953
5749500
253772
8069825
17319977
4233470
2402388
14525187
8984637
3990432
14888976
4835577
15733049
7172235
1682127
3429454
14961080
10160636
14243271
371941
14296590
4456688
1724989
4611225
17212380
3752045
11134484
5374471
1760125
8600016
10563339
4642223
1488481
10073762
8548362
12328560
3864208
9640778
1757778
12042626
15623002
3474549
6338989
4640004
5309256
2033218
2360010
3044945
3888659
8984308
6930111
4688571
12787942
4822686
5677250
5738812
14307872
458465
14013378
5670812
2289512
9248441
5464138
2691128
6596998
8802105
17759173
2340173
10746285
9199713
6855328
155367
4098086
2616027
1988858
1715773
8451307
10893637
4608634
8961966
3968392
12755489
9897064
5263388
15472349
2596732
2229199
6291554
2528256
9265176
8026837
6250215
9952484
7703789
1407045
17008587
5776018
319849
4082900
3943758
654997
2375035
3433929
1008002
16350650
12569944
8969054
14997397
15364571
1286288
3686722
914003
10083042
7734224
10256462
5604771
4252466
11795351
14864797
10252520
515810
10487301
8810307
2742993
1883022
660474
13040973
2932526
652074
14159434
421117
3031400
2860129
7545169
332230
12781713
6890824
6780077
1404220
13298313
12927075
9848487
7248448
1115271
5850113
2056708
11375492
13417562
3796305
9297137
7379178
2985830
3402124
9260147
9118793
8030241
8646562
7624075
925785
10331851
8441763
2011312
9429616
12186702
2536475
3819502
3975365
3061489
860760
6599447
8613340
9411970
9468082
1519114
2328058
733679
7135152
4585689
9583353
7122122
14021934
6177053
2436820
14677747
4077773
16379834
3043198
11860281
5946630
17645862
9447045
11538748
1256661
12166321
11694175
2807368
4179298
15319831
4381059
1937052
4771911
9816165
883012
4914870
5428783
839545
10601154
7587023
3869028
13351635
2670427
1018489
529990
12154936
787395
1526085
10691900
239938
1551227
3582443
3125036
2271880
4205862
9736911
415263
3130374
12681383
14932098
8051895
12318379
10894687
14046249
11968798
2647701
5130596
3178900
7998174
14965944
4002209
1141758
5024630
9593955
2433561
15026857
1424393
14918780
14161038
2763437
3295900
6121463
5480535
6070507
8238161
9343439
2322356
14533330
7663479
1865910
4944537
10036899
15952372
17148380
2024482
4754838
11540196
11294211
5417319
13286623
2128899
6996679
2781691
6480336
2827922
7576759
13583692
1518497
3274912
3039541
2433013
11455547
2321246
7849924
2584401
12535554
6028514
2271348
4504416
608312
12436080
15079466
9577197
2952129
5347073
7304911
1415901
15413834
9907603
13981315
14632333
5451114
10440329
4990012
13325299
8729927
3810093
11356746
7737443
8059183
627427
6164091
4694879
2962744
11986767
5090590
5332117
7502680
9341086
3369863
12270530
2788221
5122274
6216576
14140526
1294957
15333450
8276488
5406115
11983200
7896022
1847792
6783164
4486463
7765553
10326628
14066611
1770787
13041164
10836960
503379
3117720
8770891
4948872
11882958
2820774
2019152
11187484
16195657
10192471
3148385
1754513
14798693
4486818
2665901
2794915
488660
2526126
17675375
13003030
4844353
251278
3790667
966407
1411172
3587606
918200
299805
647537
838767
5043514
8284022
4904432
10003927
356032
3890832
11545501
2670659
2324264
4948046
11720428
11414960
11819922
5681935
2025463
16339733
7354796
5366962
9344719
7217484
3191141
8254029
16557229
5829204
6851243
4313050
4202263
1245411
7836704
3254848
8123489
2851275
7637268
1548341
4450347
12281358
8512976
648554
15667447
96882
4836137
602571
6471090
5365547
3979575
14626380
10444175
5384712
346882
297141
2772100
8297288
825020
4300144
5403424
10800249
12326301
1966597
3076826
2417326
2068524
203422
5048875
12461138
12531078
8874042
30788
8761246
11555213
2975758
2310648
7187726
4429799
3278734
4395821
4538149
3180474
2980718
7049170
1545112
6229380
5722483
11494078
8696957
11313961
727904
5160155
3691963
6969058
15712053
518922
4241863
3776377
13500970
11314637
1570638
10170704
2542294
4188495
8498805
561714
6092908
10252005
7637265
1466613
3336743
8832520
10212193
7769917
510406
1499255
12465565
15015407
7842995
8898987
10104111
952996
12643175
5251874
14938238
11679675
14187417
2214327
377539
2710223
5420440
9468605
14307571
4893125
4379623
15265774
6038887
1760665
6526005
9132508
15330998
3522814
1579641
12339356
4768774
1995638
1080898
9927357
2609307
2199559
2148239
4687916
6270776
7401224
7038215
15591175
621512
557643
2773516
2769329
3705320
5392369
7784953
1233776
1279875
15597492
5584421
9390502
5618311
7607245
15338412
4743335
1530258
13345162
5630201
1533954
4277131
12020111
2759348
5782990
1435454
2401177
3198866
5070948
7196017
8253070
6159038
13020564
12789241
2579580
12653201
4374872
9956937
3177570
8743307
3622645
5909372
4508967
1206390
546238
240216
9575398
4971202
5236913
1759051
5082414
2433889
14637617
7911353
12347571
11859492
7698722
6767108
2471205
14857141
3444157
1193687
315917
7156299
1406109
1876131
15737760
5117190
12431450
8186522
8496249
6701795
296951
154428
877994
8645163
7452175
1832078
10847340
7402505
3681690
5570668
4493972
9535649
7911298
1056014
2727742
7880002
2170551
4887139
5452700
2787979
10779614
357011
1210814
9064390
2213171
3085594
8734398
13887833
10231711
17591423
5433929
1573191
2054180
12079011
3920147
3849904
7212121
1837645
304393
1112491
4104305
5937567
5221202
11198051
746428
290304
16188805
9381131
9365657
5715184
3150477
9059924
131629
334209
7064056
1613337
1426084
80045
4517110
5787031
2648259
8609441
1210113
12144768
7378116
7254764
9361843
8977672
4846190
1830199
1548424
587574
9631201
750762
11276430
6975296
7133272
3413104
14356516
14354330
3905554
2715364
649049
1242839
716681
5527744
8142779
2122186
1445973
13196920
8446473
3998551
272896
11770482
9003229
15923822
5471810
11505226
61883
13066195
5165538
2575488
3761809
1465923
4141410
5424967
3048152
3321949
5397448
10872146
11934818
4116633
8003789
3201149
3313398
4541559
2051536
10290072
2466714
4811177
14353654
8414082
3612973
15582081
4343553
16072862
1193738
5879379
12626012
10744587
4193887
7384556
7925006
2179655
14077489
4771420
8262325
8391292
6799680
5612931
1394600
11537622
10782190
8232300
7852365
14491252
5568644
2199697
14481516
14412109
847268
1167856
6629623
4089819
4251542
956512
356037
3744142
10170913
2968544
1671188
7363435
11022382
5732896
9460626
2683183
7475443
1836833
3483603
3689402
12092754
11987790
13137104
1904269
8601361
16148188
11556566
2419749
10373099
4742799
16945978
641164
1725450
11543346
9763219
9334398
13477483
2354948
7108852
7249558
12994327
4117722
1595041
7208131
12554565
2055519
9555575
1531923
229797
1617276
10250307
3011369
11775192
7689890
11389389
1375127
401084
4721508
2208275
4941780
3845204
5520972
1448307
5392354
4423361
3796579
2417387
3407739
2941698
7453206
8874781
5261853
5886152
204699
548417
11195723
13050358
8686432
7704889
2513188
11967081
5268534
3930429
10051794
12277318
2550949
2127391
413523
3133456
6277950
16038755
5085103
11199837
9418151
726551
5666686
