5 1000 3980 3000
130 139 640
879 881 6686
219 223 9204
802 806 3729
447 453 1806
578 581 1996
524 526 6615
979 984 4831
326 332 9956
699 702 5461
619 620 8959
681 688 9388
56 64 1951
624 628 3531
480 486 5055
710 718 9621
293 298 7551
334 336 1200
121 129 2536
493 498 461
641 647 2188
157 164 9677
350 359 2031
207 211 6744
307 313 886
963 966 1944
889 894 18
367 372 958
760 769 9647
361 369 7810
919 921 1464
479 483 5737
891 895 1883
223 229 5242
652 657 5719
401 406 2520
899 903 9371
220 225 5728
960 966 5906
443 447 8162
96 101 2412
324 326 6252
795 803 7405
701 708 7850
506 511 2966
129 134 2118
586 590 2977
84 87 5534
382 386 4605
184 187 3087
509 513 4821
855 864 2615
102 105 7216
854 859 1356
747 751 5515
359 363 2791
9 11 5355
818 822 97
233 235 5681
378 384 1371
963 967 2871
233 239 437
422 427 8257
89 93 5842
782 787 7565
465 473 4555
303 309 9632
804 809 2164
521 528 4935
632 635 1697
682 686 6643
162 166 1497
343 347 204
552 558 4200
18 24 6961
821 826 259
738 740 1453
925 934 2026
516 523 4377
105 114 1679
590 596 5487
659 661 8577
374 376 9592
703 707 436
121 127 9055
104 108 9670
786 793 4228
555 563 9718
991 999 4992
401 405 2113
253 257 610
640 645 1290
162 168 9593
30 36 7226
755 761 1147
993 995 9332
704 707 4924
700 705 3235
630 637 1790
69 71 3434
803 807 2672
369 370 7687
757 760 7870
625 633 2950
769 772 4800
388 391 9257
571 576 9538
983 986 6148
31 35 6677
207 213 8210
749 750 6608
905 910 5775
137 143 6251
501 506 979
811 817 6636
616 624 6957
840 846 8159
75 84 5590
512 515 9762
868 872 747
199 200 1532
567 570 7958
201 209 1574
155 162 9798
42 45 1720
567 573 7678
116 120 307
877 882 2167
298 304 6666
968 972 3654
476 482 7628
56 60 4915
487 492 6313
55 60 5954
823 828 3275
449 454 2621
887 891 7223
79 84 472
811 816 3462
368 371 4740
863 869 12
121 125 9690
149 152 2371
843 845 834
737 743 6382
791 796 6330
134 135 4668
67 72 7511
338 340 9638
386 391 6099
631 638 3349
683 685 7908
859 860 850
316 323 16
309 313 3378
370 378 1740
763 766 205
1 7 2832
468 470 8997
498 503 6582
451 458 4184
910 916 7031
108 114 8320
467 470 1993
417 420 5988
839 841 4174
325 330 8605
941 947 8633
481 488 8541
541 547 6790
8 11 9324
452 457 770
20 29 6160
762 768 4595
588 591 4608
559 562 3112
379 383 1598
547 553 1577
677 683 5097
451 456 9
395 403 8286
74 78 4445
201 208 7288
686 693 5532
243 246 7276
390 398 6623
391 395 771
713 719 8701
515 520 5726
724 726 7142
883 887 7408
721 727 7576
24 27 1649
982 986 98
92 98 8143
598 604 3516
6 10 1045
472 477 1219
312 315 6721
605 614 5388
383 385 5491
809 812 5909
793 797 5672
394 397 6731
254 256 2189
173 179 8531
10 15 6445
826 834 5874
37 44 2460
460 469 2473
623 627 1117
53 57 5598
55 64 4141
101 105 5888
62 67 1204
387 394 256
451 459 5857
770 776 3866
711 716 3988
467 471 542
676 682 1909
770 779 6430
751 757 3958
272 275 9921
267 270 349
101 109 9592
725 731 512
590 597 329
695 703 3640
560 566 7487
1 8 6414
927 930 1136
698 702 8894
394 399 1231
737 744 499
655 661 6323
169 170 3024
522 529 4224
193 199 7589
66 73 388
751 756 542
656 661 2141
589 591 8676
341 349 1995
118 124 1699
712 716 8111
545 553 8654
395 401 1379
368 370 185
549 554 4021
949 950 8311
34 36 3261
102 108 8737
700 707 8556
92 95 6190
870 876 5045
988 990 5497
940 949 380
956 960 8995
672 676 2614
344 349 7409
182 189 7174
362 366 6030
868 873 7119
639 641 2472
289 293 1454
29 30 3002
794 796 7718
646 651 3778
857 863 8705
43 46 2197
208 214 1412
950 957 5115
224 228 1785
281 286 2429
365 371 5327
909 912 3345
57 60 9761
645 650 6787
163 168 1680
572 579 4015
610 619 1537
441 445 3235
586 594 7292
890 899 2506
950 955 8286
835 840 2263
51 55 3680
689 692 5150
76 83 9592
244 248 5990
664 665 8232
957 961 4286
748 752 3044
952 959 4550
848 850 3405
58 63 8200
242 248 3828
557 564 8533
231 237 1519
675 681 5147
892 899 9171
96 100 2447
127 130 5757
581 589 2028
278 283 2710
41 48 2106
499 501 7748
141 148 5376
592 595 991
620 626 6776
199 203 1650
803 805 3219
302 307 7008
24 28 8809
589 592 2996
242 249 2884
506 510 6973
563 569 4759
580 587 8523
933 935 2120
721 728 8899
120 129 4998
253 259 737
716 722 8185
375 381 7472
799 802 5883
238 240 5039
16 22 628
128 132 1847
136 143 7167
973 978 7048
491 496 3342
376 382 6510
409 411 4420
953 956 951
708 712 9653
567 571 5142
942 948 305
954 957 3817
616 622 8322
171 178 8362
508 513 2777
495 502 8628
123 125 9305
568 574 2341
693 699 5428
449 451 8123
975 980 8343
275 280 1531
731 735 6805
963 969 2548
340 347 114
284 286 423
114 116 5805
206 211 6624
919 923 3732
423 429 9416
525 533 60
639 640 3415
369 372 6509
865 874 2407
693 697 8439
672 675 8498
112 115 7215
796 801 3770
951 959 6370
852 858 2229
956 963 5422
261 268 4868
208 210 3219
882 885 9788
17 23 878
711 717 2515
823 826 5178
434 436 4485
763 765 6165
579 583 8875
169 173 5918
783 785 5545
577 583 3295
929 930 8358
221 226 3965
915 922 2252
324 327 2503
363 367 6218
309 312 3159
633 638 6445
570 577 8269
189 193 2345
294 298 9957
133 136 6147
764 766 9162
674 679 7500
610 618 8469
455 464 2276
273 277 8523
415 420 1896
821 829 6776
594 596 7890
455 460 5813
749 753 2897
273 275 8203
693 698 6576
308 310 1451
908 912 2858
185 191 2581
895 900 7355
841 845 1033
373 376 9231
330 338 327
837 843 4085
117 121 9261
617 621 7003
820 827 6267
990 996 7926
370 377 9887
313 319 2530
907 910 6591
15 22 2219
546 553 705
820 825 1343
568 573 6860
327 333 464
161 165 158
992 997 4732
715 724 9364
265 272 1635
237 242 2525
334 338 3990
58 64 3503
344 346 2258
32 38 598
942 949 8254
777 780 5097
219 221 8082
135 144 411
409 410 5462
867 874 9113
516 522 7900
603 609 3120
398 404 1829
154 156 411
276 281 6609
869 870 2399
503 505 4270
506 512 5122
314 319 1011
522 527 488
490 496 4138
545 552 6982
786 791 4236
253 258 4376
875 884 1098
522 526 7101
603 608 5603
802 809 8434
827 830 5940
909 911 1853
489 490 5770
97 103 1732
565 572 1784
984 985 7120
817 822 5265
579 582 973
187 190 7344
233 238 3352
745 751 6609
747 750 2409
598 600 2638
167 172 2646
631 635 5874
771 776 8307
550 556 4525
693 696 8781
595 600 749
687 693 6913
218 223 2736
474 478 6604
651 656 9369
379 384 6022
492 498 8869
227 233 2782
531 538 4378
835 843 1159
466 474 408
895 901 8673
976 984 9515
14 15 255
835 842 8388
310 318 7154
57 61 6239
207 214 1451
546 552 2142
952 956 4270
576 584 6263
464 469 4159
347 352 4582
615 624 2951
177 180 2520
904 906 1309
207 212 2212
523 526 4889
339 344 8062
959 964 1324
198 201 1737
478 484 6644
452 459 2958
199 204 3417
14 19 8397
975 984 9227
989 994 1445
382 389 4661
7 12 1336
583 589 503
162 169 3601
61 69 7437
43 45 2354
216 223 9678
715 722 2712
514 517 9513
901 908 5523
170 177 388
642 645 8707
789 790 9450
223 228 4099
917 920 4614
855 860 7365
833 836 5510
886 890 1117
191 195 2224
797 801 3918
759 760 5570
111 118 2152
268 273 5660
56 63 7541
281 289 2343
425 431 2231
278 280 845
966 972 952
62 66 5103
225 232 68
990 997 7217
470 478 7422
321 326 698
965 973 7879
290 297 9569
481 487 6167
360 367 4288
174 175 7378
77 81 9782
62 65 1863
256 264 8563
822 825 4061
517 524 8723
718 724 4042
325 333 3327
436 444 1388
359 362 1389
631 639 2812
801 807 9741
497 502 6093
860 869 6506
365 372 8254
456 461 8406
221 225 9261
798 801 2323
945 953 2702
316 322 5665
395 400 4996
869 874 828
178 181 7099
365 374 51
759 761 8276
551 558 5206
128 133 3564
577 581 845
582 587 2058
756 760 4983
391 399 2308
441 449 7355
725 732 3446
775 782 5185
224 227 830
473 476 3170
675 683 7936
768 771 1128
478 481 5389
560 567 6771
426 432 8239
226 233 4857
86 92 2417
100 107 7943
623 626 7836
350 357 1182
892 898 6072
670 677 4746
540 549 8580
975 981 1874
709 710 5496
241 247 6767
961 965 9579
634 637 650
826 833 3897
246 253 3464
551 559 1688
7 14 243
200 207 4865
489 494 4340
448 453 885
754 757 2035
548 550 168
785 794 9883
381 387 9734
572 576 2403
525 534 5581
387 390 8589
117 124 3534
513 516 3058
500 507 1243
781 786 7055
893 899 4265
647 652 2959
206 213 6787
661 665 9713
25 33 7192
261 266 8249
445 451 5515
448 451 5804
418 422 7962
623 629 2092
831 837 8428
535 542 6826
84 89 6956
421 429 7256
740 745 6025
978 981 5386
856 861 9987
339 341 7176
49 51 8559
900 909 6611
70 75 1441
634 639 5099
438 441 750
875 883 7461
951 955 9648
372 377 2650
32 39 1709
323 327 8625
856 860 5051
96 104 2751
935 943 1161
674 675 7376
27 30 3281
946 951 5151
377 380 4907
540 546 8025
656 663 6280
493 499 1779
819 823 8083
40 45 5161
799 803 3001
222 226 8225
386 393 80
167 174 944
116 123 8843
77 84 2526
585 593 3760
787 794 9703
281 285 7534
141 145 5471
577 582 5462
3 6 6529
967 971 5643
525 530 2565
784 786 9997
639 644 2631
327 330 8580
939 942 7817
370 376 5910
888 890 9880
755 764 3536
107 111 3396
7 10 1722
621 627 2221
607 612 7750
826 831 6348
182 185 7676
953 958 2444
688 694 5832
488 494 7638
674 677 1209
901 906 2268
699 703 6188
103 109 4136
529 532 7363
868 874 3899
599 601 4012
921 926 9732
579 581 2002
797 804 4013
247 252 8110
855 861 4375
481 489 3921
906 912 3495
230 238 5248
779 784 5562
834 839 3432
552 557 2176
410 418 7966
117 122 5230
47 54 5652
502 505 3011
136 142 9571
270 276 1834
973 976 2348
417 422 1630
773 778 6128
881 888 3545
139 140 891
364 365 1216
707 714 6118
876 882 2567
723 726 4145
643 649 3251
856 862 3738
222 227 3524
259 260 3166
611 618 7993
384 389 5251
894 896 1002
813 819 7857
540 545 6234
540 547 8988
135 140 637
465 471 5341
771 777 2954
45 54 9346
739 740 8848
440 448 1316
604 605 5363
260 269 4111
604 606 6057
66 74 940
170 179 89
617 623 5130
230 236 3756
756 761 2138
868 871 1457
446 451 1377
693 695 900
874 878 9377
815 824 8455
151 157 2833
974 977 263
132 135 721
587 590 77
825 831 7788
667 671 8371
624 625 1516
365 373 9100
713 716 2158
406 412 3751
829 834 7066
889 893 9741
411 418 207
921 928 8402
83 88 7431
552 555 6648
33 36 3213
762 766 3845
469 472 8757
702 708 8690
871 878 1048
142 148 8536
474 476 5532
750 755 6183
887 892 4628
530 539 922
73 79 8801
215 224 7820
35 43 4020
624 626 6798
647 653 1067
162 167 6284
111 115 9366
454 455 410
864 868 2000
598 601 8497
944 946 1782
389 394 3938
578 582 2254
279 283 8606
223 226 2459
240 248 8428
335 342 8047
64 65 6897
209 213 1463
218 224 9906
289 294 7781
864 869 9483
236 240 4670
231 238 2997
82 86 9132
683 688 3287
583 586 3700
487 490 5470
650 656 1693
507 513 4469
522 525 4381
913 918 2227
137 142 8832
918 921 7061
532 536 7323
694 697 3145
351 359 1021
809 811 4520
918 922 59
257 261 160
864 866 139
508 510 7232
436 443 6115
504 505 6384
214 217 4940
829 833 6332
679 684 839
373 378 8228
75 80 7810
109 111 113
946 953 2252
480 485 6223
439 440 4165
195 203 6196
934 938 3106
67 73 4896
88 91 4637
439 443 8807
812 815 6341
749 754 7470
901 905 4700
583 587 3803
897 901 4404
470 477 5898
131 139 2051
393 397 5446
270 279 4095
302 306 7586
79 81 1139
445 454 3136
296 302 2423
947 954 765
36 44 2462
4 8 9699
575 581 6057
551 556 1966
82 89 8056
291 295 1851
602 609 1170
883 889 2035
326 331 1856
75 82 8469
744 747 3480
525 531 3805
511 517 3462
765 771 1324
472 476 7032
927 934 416
491 498 6075
746 751 1000
916 922 7171
692 699 2711
645 654 8652
500 509 8489
462 467 7402
318 320 7352
947 950 9815
66 70 5744
839 842 1378
460 467 7300
699 704 9207
731 737 4025
980 988 3027
809 813 5903
966 971 5282
33 35 9778
239 242 908
103 106 6101
548 553 9982
37 43 1421
244 249 1891
670 676 4195
883 888 4886
565 571 7958
396 403 2296
376 383 3898
537 540 6944
649 654 3720
707 713 8420
296 301 7008
87 90 4880
806 813 2061
986 994 5189
492 495 1385
39 40 4580
341 345 2042
677 680 3394
925 933 646
720 727 2840
287 291 1132
298 300 5350
86 91 3557
181 188 6443
172 178 138
55 62 8500
164 165 5116
402 409 9801
669 674 8065
800 806 772
177 181 7901
575 582 6924
590 598 2210
18 22 4425
705 713 477
432 438 4337
922 929 4956
45 53 2863
18 20 5745
771 775 5082
505 512 5000
881 885 3246
662 667 2182
344 347 7413
861 867 5927
752 756 6173
419 422 3363
266 272 5578
491 495 1303
200 206 5967
99 101 769
628 631 9829
352 355 9118
753 755 4865
361 367 1415
332 337 5061
501 507 3213
234 236 1535
352 356 4543
611 617 5888
932 939 6977
665 672 3703
400 405 6810
88 90 9552
67 74 452
42 49 8915
38 43 6244
566 570 9093
812 818 5898
619 623 8968
146 154 220
79 82 7287
867 871 1304
931 938 2633
447 452 7448
505 514 1154
391 397 2868
796 804 3105
277 283 6330
85 90 8366
431 435 8301
857 862 2150
108 112 9273
264 267 8481
805 813 5385
21 29 6034
595 601 3836
40 49 257
174 179 797
254 258 8781
841 849 3004
251 259 6716
236 242 8597
356 364 2618
573 579 4612
406 413 2836
35 42 8495
852 855 5822
253 256 6638
536 540 8353
354 356 2731
653 656 5548
912 916 461
538 543 3612
767 773 8358
540 548 4742
768 772 8682
991 996 2997
594 595 7322
486 491 7314
601 606 8346
617 624 1717
933 937 2677
85 91 8577
514 519 2395
28 31 7664
494 496 8145
858 862 5062
360 366 7322
122 126 7748
679 682 9275
314 316 4688
401 407 9863
152 156 3976
231 235 6140
553 556 9437
38 44 3961
665 673 7819
706 713 8289
213 217 5730
202 206 6393
49 53 9693
72 79 9764
63 67 908
457 461 280
656 660 926
10 16 2696
774 776 4442
371 379 2954
659 663 1001
206 214 9008
891 898 7648
106 112 4031
386 394 8012
99 102 7847
940 947 945
272 276 8870
752 755 3486
257 264 6495
214 215 4546
396 402 6647
221 227 7185
752 759 1443
213 219 1235
507 514 4430
505 511 4718
503 508 8280
854 856 9651
776 783 3264
5 14 7769
236 244 3879
477 484 3147
842 849 3001
666 674 475
275 284 9098
29 31 4981
971 979 6035
908 913 9948
357 364 3637
622 629 6905
665 674 2173
511 519 3951
808 810 1985
738 744 890
293 296 8452
23 29 9737
53 56 3575
553 555 3241
258 262 4191
780 785 5570
936 941 7349
806 814 9084
156 164 8159
958 964 6206
801 805 1977
349 350 226
81 88 4622
676 680 5582
241 249 8794
429 434 9852
716 724 7581
562 567 5418
483 489 2593
481 485 2998
304 309 8157
441 447 2514
29 34 3077
830 837 2291
635 641 24
306 311 7640
378 383 7704
77 83 4478
271 277 370
454 456 4009
748 751 7009
987 991 5995
28 34 6884
561 565 2081
519 523 1611
951 956 3030
691 697 3635
612 619 1124
593 599 3593
596 603 7729
754 755 7140
155 160 6794
691 698 1463
609 611 2397
946 950 4286
203 208 135
750 759 4937
911 917 6973
417 423 487
688 693 4632
678 683 1466
346 352 8023
913 916 3647
637 641 13
618 621 7918
727 734 6736
625 634 1386
992 995 211
993 999 1844
5 13 3487
414 416 3776
571 578 8086
725 734 2739
603 605 8602
115 124 8803
768 770 3251
151 158 2271
625 630 8657
893 896 2836
515 523 2121
949 951 8942
555 561 8044
329 333 8702
587 592 1511
11 19 8351
312 319 4539
284 288 370
894 898 4391
471 475 4111
705 710 7472
106 114 9752
442 445 7400
30 38 1137
946 954 8479
606 612 9925
796 803 3885
607 610 3753
173 178 7928
490 497 5991
308 314 9474
352 357 8457
695 701 1029
147 151 1506
205 210 1576
494 497 3162
847 854 1825
60 68 8174
126 130 9077
966 973 6218
459 463 5970
510 518 7100
563 565 6764
849 852 5153
790 798 6688
121 126 6388
291 297 8
609 612 9960
744 745 2954
258 263 561
475 484 7989
807 810 3425
741 745 5631
671 679 2882
594 598 8677
722 725 7040
194 195 3875
49 52 391
765 770 9790
627 632 6688
685 692 658
931 936 3017
99 100 2394
484 486 607
965 970 8464
562 566 9979
539 540 3041
258 261 6004
855 862 1815
475 481 1306
860 866 2549
176 184 6649
621 625 5221
682 687 2225
677 681 3832
230 239 5986
446 450 8416
34 37 2928
164 169 4259
684 689 3117
641 648 179
688 690 1568
888 894 2330
156 160 4333
81 86 838
22 27 5407
303 305 4633
176 180 7540
276 280 8873
263 268 2835
885 890 8749
514 516 7238
166 171 8198
392 396 7223
926 930 1205
296 303 3363
684 688 10
614 619 6704
229 231 8045
930 938 2375
139 141 6264
535 540 3343
628 633 2249
259 264 8073
335 343 7888
413 419 3635
410 415 4013
571 575 9104
962 966 3638
412 418 9263
72 77 6016
151 156 568
852 857 1815
532 535 824
456 462 1555
523 527 5859
274 275 2454
591 596 8838
202 208 1159
575 583 1790
902 905 537
30 37 7072
666 670 5021
816 820 5385
439 444 4808
116 122 7391
668 673 1383
293 299 4590
286 293 7327
54 58 5848
564 567 108
616 620 559
312 318 1091
902 906 6677
778 782 2615
941 948 5143
283 288 2367
579 580 2856
287 290 5462
598 603 3069
800 807 1445
28 30 3693
357 361 6369
109 112 9107
632 638 6716
541 545 9500
91 96 1377
272 279 9035
142 149 2566
463 465 584
302 308 8171
974 975 5184
380 388 1793
23 26 614
438 443 1989
463 468 9718
700 708 8715
39 43 9359
528 532 4887
768 773 2627
120 127 1533
900 908 6740
902 909 8585
346 350 6673
546 554 7661
455 463 6753
983 988 3489
472 479 4394
335 344 739
458 464 6811
644 646 7692
342 347 9060
668 674 2294
554 559 5897
14 16 8270
776 782 1964
632 637 6834
64 69 4421
404 407 3720
591 595 3799
744 748 2132
905 912 507
192 195 6504
222 229 9205
127 133 3839
519 520 4480
220 228 637
424 426 11
393 398 8570
929 934 2634
462 465 940
125 132 9747
911 918 9266
398 403 4741
426 434 2174
461 467 3957
544 546 1245
838 842 2544
623 628 5657
453 456 317
173 175 4368
194 197 4862
781 785 6179
845 851 8473
378 382 9999
867 873 8082
766 770 8792
283 285 1914
436 442 9562
185 194 4161
786 792 9742
781 787 5957
107 112 9395
470 476 7599
300 305 1443
183 185 3479
726 734 4448
641 645 7993
265 274 4486
23 28 9637
947 951 1385
832 835 1718
979 981 1305
822 826 6449
332 335 7384
495 500 1294
485 491 7841
839 843 8878
414 417 5672
646 654 9660
821 827 494
898 901 2559
994 996 6972
20 27 4455
876 881 3122
404 409 4320
739 744 7085
428 434 2646
276 284 8816
521 526 324
980 986 8503
88 94 8838
964 969 4170
315 320 9257
592 598 9158
944 949 2709
130 136 1072
409 414 6570
589 590 5280
461 466 2533
989 990 9046
762 769 2289
816 822 9976
384 385 5039
511 516 4147
237 240 170
304 306 4062
1 6 2422
194 199 4888
542 549 6713
423 427 6643
911 915 8105
39 41 2143
773 777 3901
637 642 4183
763 769 9627
469 470 6442
501 509 3317
176 183 9697
159 160 110
569 570 9697
214 219 8261
74 76 2918
505 513 7098
12 16 5009
290 299 446
210 215 4859
533 537 850
402 408 8353
804 805 1070
865 872 5078
749 752 6071
720 725 619
387 393 8811
915 921 6330
401 409 6560
585 591 7944
747 753 1742
932 937 8177
257 263 1439
225 231 7861
235 242 1739
424 428 7194
589 593 7518
250 255 8341
512 518 4106
427 430 1371
322 328 5816
553 559 8101
924 929 1624
652 658 4935
410 417 7057
861 868 6432
183 188 6540
728 733 2914
769 773 2281
875 881 886
268 272 131
785 790 9036
250 257 5427
784 785 4732
418 420 7998
466 472 6139
962 968 6373
219 224 7987
663 669 4867
34 38 5191
20 25 2277
255 261 9670
12 18 426
271 276 7514
312 317 749
844 849 646
45 50 372
611 619 658
80 88 2439
488 493 591
153 159 9738
470 475 2446
461 469 2324
105 113 2388
734 736 9728
708 713 9264
986 991 7764
236 243 1330
755 762 3057
333 336 1694
717 723 9406
766 773 7710
232 237 9156
420 425 4069
151 155 1957
437 441 3170
702 705 2517
320 327 2911
123 128 8848
398 400 9713
222 228 8626
570 576 714
258 264 9147
111 116 1243
71 79 3533
548 554 3373
301 306 2066
80 85 997
466 473 599
795 804 1790
438 444 3097
83 85 2778
654 655 2786
613 618 8243
377 381 5850
971 978 2800
845 850 6062
542 548 3574
413 416 7070
564 568 3999
153 156 5701
94 99 4546
251 255 6961
443 449 3759
916 924 7719
269 273 8987
968 971 8654
564 569 3398
217 222 3018
243 245 4681
396 404 8226
950 958 7266
774 777 186
256 260 9360
494 499 6248
602 608 4303
222 225 2424
297 302 2378
703 709 2762
772 775 3322
101 107 3902
797 803 4019
2 8 9068
867 870 284
773 775 824
118 122 5555
34 39 4262
387 391 3568
816 824 4935
240 247 7461
559 563 4694
372 378 1741
358 364 6184
173 176 8803
581 585 5526
287 293 4500
901 907 1685
442 446 734
177 184 9949
980 989 4575
191 198 9574
754 758 3529
94 98 5106
315 324 811
544 545 1101
134 139 8974
748 753 1230
791 797 1897
732 735 1698
610 616 8196
90 99 3444
100 109 1163
300 308 3353
308 313 487
598 602 7410
902 907 9615
977 981 740
139 142 6253
850 859 9304
595 602 9525
20 28 619
10 19 8811
943 945 8395
645 652 257
163 169 3877
330 335 9580
666 672 2589
277 282 6152
613 616 8346
817 821 6069
913 917 6747
822 828 2720
342 349 324
840 845 7872
831 836 7035
192 198 159
179 181 1956
244 245 4211
437 442 732
574 576 8296
392 399 5449
476 484 23
620 628 6809
94 96 3061
736 740 6500
11 16 4167
735 744 6590
805 811 5005
210 219 5117
854 858 1015
622 626 5901
192 197 5996
534 538 160
358 363 9324
320 328 2572
321 328 2744
804 807 1191
474 477 864
179 183 4047
136 141 1188
710 716 6456
528 534 8252
415 424 9973
831 839 3347
17 22 7917
179 182 4423
781 789 1688
288 294 6896
764 768 2098
488 492 6086
398 401 6350
50 56 230
94 97 7360
703 708 4404
509 512 1520
496 502 9963
281 287 8559
27 34 2340
474 479 1560
848 854 4258
600 608 7113
449 453 2520
95 104 7285
906 913 7071
645 653 759
703 705 3315
32 35 5607
958 961 623
987 993 3600
278 282 1799
662 669 7868
896 900 8935
569 574 191
578 584 6137
464 466 4373
517 521 4104
747 752 2895
239 243 7314
531 535 1478
737 741 9678
149 153 4366
219 220 9992
144 147 2968
856 863 4395
892 895 809
190 196 4123
964 968 1293
243 248 7391
825 832 2638
444 449 5743
499 502 4360
941 945 7647
445 452 3632
484 485 3578
129 132 2872
50 57 3039
694 699 6885
133 138 5757
268 271 6637
54 57 8005
183 186 4421
239 240 9086
812 816 8552
456 464 478
618 624 7656
193 198 2907
575 584 2543
233 237 1579
697 703 1411
801 806 9806
154 158 2511
899 901 1059
38 42 9968
331 338 3190
83 87 7837
534 536 5972
754 756 7159
560 565 6277
335 340 9241
659 662 1160
931 937 2804
337 340 4135
559 561 4568
586 591 1595
366 374 5401
846 850 9309
546 550 1616
780 788 9684
981 985 3336
6 13 2754
772 778 8355
200 205 4372
654 658 5682
15 23 4380
565 574 4511
68 72 8828
912 917 5701
104 107 3438
715 721 6328
626 632 9221
435 443 6484
885 893 3908
124 125 7855
880 887 5542
270 275 6601
331 339 4527
818 820 6510
470 479 8645
834 837 2282
763 767 2806
320 326 3268
313 318 5115
107 113 7612
260 268 2733
430 435 3166
808 812 4894
399 400 769
908 910 7404
584 587 4758
564 566 6725
827 831 8601
772 776 4715
774 775 7754
921 927 2763
924 926 2213
830 838 5337
362 369 4690
800 805 3187
663 665 6285
468 471 1379
577 584 290
940 948 5706
198 202 5627
337 342 3191
153 157 5758
685 690 50
118 120 2998
168 171 4117
369 371 8969
629 633 949
118 121 5462
741 747 7740
41 49 5995
574 579 9906
249 252 6794
746 753 8712
455 462 5005
245 252 2175
102 106 6641
46 54 7067
680 685 3810
57 62 558
159 163 9111
341 348 7527
202 207 7202
680 688 9916
419 420 8713
758 762 3736
751 755 1533
248 253 7426
908 911 7932
436 440 3358
198 200 7443
128 134 2273
634 635 9913
356 360 3838
347 350 7475
497 503 1918
958 963 4760
25 31 2019
920 926 1878
395 402 8092
930 935 8774
991 995 5630
966 970 3206
897 903 4377
455 461 5376
557 561 1697
924 928 3185
596 601 884
940 945 8365
619 624 5169
541 549 3926
406 414 1940
730 735 461
734 737 1937
43 49 1121
532 539 5444
904 907 63
197 202 6480
834 836 9151
956 962 1469
691 699 7821
269 272 2009
256 262 8059
433 436 7274
86 94 7523
520 528 4219
115 123 2018
872 875 5074
634 636 1062
40 47 7371
211 218 9922
204 208 4117
928 933 9258
492 497 7697
929 931 6223
634 638 4306
774 778 4414
681 687 5442
519 522 8146
714 715 3338
61 68 5512
861 869 2282
399 404 4098
661 668 7307
9 14 8134
584 586 2932
770 778 7587
630 635 4118
490 498 5277
352 359 2202
206 210 7768
873 875 6832
802 807 1799
656 662 9161
728 730 8498
232 235 6371
892 896 8236
779 782 6394
970 977 3475
919 924 5466
317 321 6168
513 519 2172
836 843 4033
35 40 3644
357 362 4
0 6 9271
104 106 4468
622 625 7626
660 666 4211
143 149 4605
599 602 8501
161 169 7566
949 954 9264
523 529 8886
52 57 8251
753 759 8963
159 164 909
58 61 5832
718 722 659
108 113 7951
621 626 4409
242 247 1984
76 81 318
969 971 2365
954 956 5657
758 761 7101
403 408 2074
953 957 8563
314 317 437
71 75 3520
637 640 3851
914 919 4816
680 689 8897
305 310 9011
504 507 1716
807 812 8711
380 389 7663
6 11 1049
830 836 4332
520 526 3967
629 634 656
671 677 5447
430 437 6619
543 548 824
981 989 492
723 727 5198
431 436 2965
694 698 5883
661 667 4200
805 814 4395
105 111 7231
264 269 6139
717 722 5968
618 620 7082
98 102 6434
393 395 827
877 881 1573
974 979 832
762 767 8003
125 130 2409
896 903 6199
538 540 9172
8 10 3345
510 519 2253
621 629 9850
408 410 8764
15 20 4985
556 560 9601
216 222 2242
547 552 9552
599 600 8772
724 725 214
338 342 808
358 361 6568
203 207 8105
486 492 2658
286 290 3294
182 186 6735
22 25 7826
333 335 6745
454 457 6594
696 701 6637
24 25 1307
842 847 6081
375 380 1411
88 93 6145
812 819 8585
97 100 5791
358 360 5214
792 799 3512
400 408 6977
24 29 633
91 98 7276
329 332 1443
682 685 9227
214 216 813
297 304 3533
89 94 6423
254 257 5874
884 888 8652
255 264 5343
205 212 3286
95 101 7234
798 804 2538
347 353 3985
371 377 3088
442 448 7259
124 129 3325
331 335 1533
362 365 8669
925 932 7065
294 296 7662
262 267 156
601 608 9292
803 808 9306
254 259 7378
134 138 137
196 203 970
57 63 6037
789 794 4345
700 706 1393
471 477 7856
728 734 4536
45 51 9681
702 709 7144
607 611 5580
779 783 7746
736 742 8041
333 337 8392
426 433 9606
768 774 2825
210 217 914
720 726 998
240 249 6145
411 417 9713
880 885 8882
502 506 365
70 77 6290
213 218 9270
342 345 7167
47 51 8190
201 206 2841
405 413 6931
568 572 8200
992 996 9894
820 828 1830
512 517 9585
898 904 6758
252 258 6710
399 402 6628
404 406 4593
743 748 7465
133 137 2085
983 989 262
591 599 4027
145 152 8044
114 115 856
719 723 87
630 638 7915
549 553 4775
56 62 6951
285 292 6182
521 525 4023
450 459 946
147 154 6710
266 273 2237
785 791 442
212 219 9344
921 925 1031
381 386 3242
48 54 773
89 92 7014
450 458 8631
487 491 9306
741 749 7467
158 162 2247
357 363 5610
448 450 3869
171 179 1827
671 678 8737
135 141 2575
174 178 2305
458 460 1255
932 938 8954
211 217 8584
580 585 7019
311 319 2015
571 579 4589
187 191 6000
377 384 6329
664 667 305
929 933 9758
871 875 3008
614 616 7081
961 968 60
684 687 2689
182 188 3237
425 432 9031
217 224 2962
799 804 6508
937 944 6679
978 980 2929
132 137 6569
949 952 8837
926 934 326
567 572 6340
907 914 8460
98 103 8054
69 73 5123
600 609 8812
495 501 9303
192 199 2996
383 388 9274
105 110 6831
394 398 8005
296 304 6578
524 528 3415
278 284 9205
690 697 9487
439 441 2948
533 536 5614
832 837 7967
61 66 3200
391 398 8542
790 797 5864
510 515 3858
859 861 2249
907 913 8673
489 491 1130
927 931 1184
299 301 8371
200 208 6008
615 622 3680
897 900 680
954 955 4519
96 102 8847
184 189 5720
195 202 4280
782 788 5773
639 642 2403
346 354 5927
918 920 242
184 185 2035
718 721 1909
853 858 6632
7 13 4616
875 882 1065
775 784 3975
392 395 7630
128 130 581
271 279 8237
832 836 971
708 714 4419
583 588 1578
399 403 1573
684 685 6479
670 678 7623
813 817 5104
960 968 6689
366 372 9294
597 603 4747
798 803 581
283 289 2341
443 446 6015
469 473 3851
70 76 3277
699 700 3941
429 431 4318
377 383 5716
267 272 116
533 539 1465
261 267 8654
957 964 1108
841 847 705
551 555 3456
493 495 8383
518 522 384
919 920 827
659 660 7090
845 852 5626
531 537 1435
457 460 7529
333 338 357
418 424 3595
863 865 4542
82 88 438
190 195 719
462 466 6805
496 501 9090
291 296 8887
268 274 8888
644 645 4429
442 447 7513
144 145 5661
720 728 1583
418 423 8298
21 27 2633
982 988 314
739 741 9846
197 203 1183
969 970 144
914 915 150
486 490 9222
502 509 9344
857 864 9383
338 341 8166
300 306 3307
324 329 2398
836 841 7157
595 603 3432
903 908 8302
985 994 3305
573 575 9860
726 730 2889
188 192 6042
746 750 4072
586 592 2598
915 924 4279
927 932 3686
897 902 9729
930 936 771
792 796 9132
417 424 4558
566 573 7873
783 787 8830
513 515 8700
252 259 7882
214 218 1866
602 607 6608
60 69 2244
168 174 473
52 59 2890
434 437 925
881 886 9049
261 269 5143
591 598 9007
38 41 4516
520 525 5463
642 647 4525
246 250 7887
259 261 6812
808 814 226
397 402 8247
138 142 4051
503 507 2387
971 977 1808
171 175 1360
828 834 4827
10 17 9003
948 953 2056
189 192 496
638 641 2769
334 339 6956
573 577 6157
419 423 9034
808 811 9472
646 653 7167
196 202 8735
736 744 7958
792 798 9986
318 322 1439
719 721 8798
923 929 9591
275 281 5027
534 535 3241
984 987 3105
987 990 3103
354 355 9676
669 671 1047
498 500 5006
479 482 4622
94 95 495
409 413 1761
299 304 5400
549 552 3102
184 186 6793
383 386 3819
777 784 1046
713 718 2103
826 830 4893
177 182 4145
254 255 2575
663 666 1587
131 137 2096
661 669 9182
217 223 1404
168 172 7844
572 578 3512
48 53 2146
779 781 2697
831 835 8338
114 118 4438
882 886 9640
817 824 6602
656 664 7173
614 615 2742
622 627 5716
715 723 304
292 297 8594
95 102 1265
681 689 100
716 720 9550
917 922 8110
327 332 1916
814 818 7353
153 155 3358
787 791 1480
432 437 5263
500 508 4409
359 360 266
345 354 3261
433 437 30
452 455 5271
209 214 96
328 333 3331
414 419 3033
23 27 76
318 323 3691
349 353 5315
276 282 1444
323 326 9671
361 366 5430
339 343 8899
350 355 1476
569 571 3176
679 683 6899
556 562 6562
25 30 4643
733 739 7816
352 358 4192
27 32 7097
756 763 3092
582 585 5889
117 123 7689
201 207 5644
120 125 5831
44 48 9349
303 307 8845
59 62 513
159 161 6613
292 295 6513
385 393 8407
517 520 2355
236 241 6263
932 936 4942
242 246 6996
129 130 2395
794 798 3180
497 500 8311
658 664 3343
487 494 2860
169 174 9723
680 687 2624
241 248 3805
857 860 59
260 267 3327
497 501 841
592 596 8760
405 411 8233
419 421 687
946 952 9970
361 368 9682
244 246 8377
68 73 3336
541 546 8298
483 486 4770
550 557 4255
663 667 3159
187 193 3847
243 247 6601
574 578 487
664 666 4236
862 866 5290
119 123 5159
188 191 2135
429 432 697
169 172 762
800 808 7546
523 528 2116
416 421 4154
19 23 6594
473 477 7386
539 543 5100
388 390 4350
65 73 9935
683 687 3978
827 833 2735
960 965 517
606 610 186
547 554 4003
62 69 1381
421 425 2698
217 220 3788
63 68 8024
273 279 4300
264 266 3619
954 959 6726
91 95 1432
14 17 6782
539 544 1221
937 943 2593
737 742 1261
469 471 4479
651 655 7822
593 596 2655
343 349 4188
114 117 3876
600 605 1391
783 788 3769
290 298 5871
287 294 7698
888 892 9829
531 539 3587
537 544 7387
532 538 2879
905 913 3921
394 396 1147
351 357 6985
484 487 4511
751 758 4164
54 55 8853
152 157 46
98 100 3452
421 428 7940
445 450 4134
1 5 5823
261 265 8356
59 64 9664
592 597 3410
76 84 1752
9 10 2522
163 166 4364
223 225 3091
673 675 5263
45 52 4761
307 311 9389
816 821 1471
110 118 1764
191 196 7104
208 213 6749
146 151 3259
502 508 8639
245 254 423
712 719 3883
16 23 2640
729 731 2262
846 851 8496
824 829 8849
872 877 8110
558 564 4417
863 868 889
641 646 1060
605 613 8029
356 363 2695
280 288 1645
389 390 8162
549 550 8743
884 886 5096
677 684 7379
153 158 4180
853 855 1989
402 405 8131
386 392 6489
180 186 4325
476 483 6544
194 196 4153
39 42 3503
680 686 8857
165 174 8279
337 343 6316
175 181 2518
435 441 5077
297 300 6031
319 320 12
893 897 4207
492 499 6525
186 191 6207
839 844 9648
165 172 3602
938 944 848
31 39 6
553 557 5802
332 338 2082
848 851 2621
340 348 931
537 542 81
350 358 6601
390 395 9815
205 214 9682
533 535 9936
558 561 59
114 119 8507
149 150 4065
562 565 3143
964 967 8120
933 939 1102
664 669 6263
691 696 6221
351 355 7456
874 876 4922
754 759 2308
447 451 7075
518 520 2410
333 339 5748
808 813 2043
387 392 8777
813 816 2309
744 746 8322
304 307 6439
794 799 6279
687 690 4456
475 480 8080
565 573 209
909 913 6345
913 919 2568
307 312 444
456 463 7716
211 216 9197
466 471 8739
392 398 118
852 856 5201
231 239 5748
255 260 3399
701 705 5530
851 855 9422
210 216 7248
23 25 5882
965 974 6153
186 190 886
730 739 5900
710 719 7938
903 905 7891
796 800 6267
297 303 8356
320 325 9353
342 348 7466
110 119 2103
586 593 1323
412 419 8407
89 91 9522
126 133 9955
137 141 9465
729 734 174
605 612 1295
77 82 2867
427 433 2627
904 909 5057
5 12 5554
841 846 8284
923 926 9117
526 534 8123
641 649 318
876 884 9901
550 558 6231
992 999 504
880 886 9629
68 71 2053
131 136 2923
238 244 3224
720 729 5505
294 299 4777
609 614 3018
555 562 46
968 970 8877
430 439 1329
238 241 2901
602 605 8630
409 412 5576
659 664 9737
468 473 8625
587 594 9039
156 162 2091
596 600 4398
842 848 6528
29 32 6377
685 691 697
505 510 1271
626 630 8167
343 345 5722
167 171 8426
380 386 1807
264 265 7177
349 354 5936
732 737 863
28 33 7940
509 511 36
746 752 8065
4 9 4849
228 232 2892
764 769 4325
228 231 2384
731 739 3992
82 85 8287
707 710 3963
58 62 2242
603 606 1682
906 911 4954
554 558 8107
692 697 6321
866 874 115
239 244 6686
811 815 7953
282 286 5273
760 768 3481
742 746 6092
759 763 3383
690 696 9249
552 556 6525
652 659 2215
87 93 4681
130 135 62
349 352 3312
815 822 1374
643 645 7803
40 46 4617
953 959 5867
63 66 1891
440 445 4788
788 791 217
510 517 2102
38 40 3929
785 792 6009
175 182 5363
627 630 9025
395 404 3963
397 400 2252
180 189 4894
27 33 8649
147 153 6293
517 523 7329
886 892 9801
570 579 2544
923 927 1592
653 658 3043
983 985 5975
806 810 2093
964 966 5119
326 333 4779
788 793 5016
413 418 6744
526 531 8222
364 367 401
453 457 6427
967 972 9395
416 420 4656
866 870 4617
71 76 4908
662 666 4820
679 681 141
504 509 355
972 976 7006
504 508 972
309 311 7790
20 26 241
556 561 730
26 34 3056
180 187 576
253 255 5716
196 200 8373
950 956 7653
881 887 3328
824 828 8798
742 747 5491
675 684 4119
570 578 7642
364 369 1788
266 271 7512
572 575 5940
722 729 7691
864 865 333
202 209 5523
548 552 5841
477 482 6365
911 919 5950
388 394 6220
838 840 9329
138 141 5809
708 710 7491
295 301 7077
657 663 7067
385 392 6941
942 945 8029
215 220 3319
872 878 2070
408 412 319
499 500 4389
31 36 977
561 568 1890
78 80 7279
238 242 9905
410 419 779
971 976 4372
5 10 9744
959 962 6870
229 232 9236
807 814 1158
371 375 1283
745 752 1959
446 453 9606
165 173 1812
415 421 6139
710 715 1309
195 200 1305
508 511 3181
122 129 5530
673 676 9501
148 151 6833
901 909 3241
372 375 7341
248 250 474
672 679 923
224 226 5271
106 113 3767
803 809 8904
535 544 4052
252 255 6551
477 480 7782
877 884 3474
288 293 6604
152 158 3944
939 943 3983
273 278 4275
895 903 9758
103 108 7202
955 961 5526
364 366 648
44 49 7757
958 960 5087
322 329 8179
289 290 946
394 395 6358
866 872 3998
360 365 4985
247 254 279
407 413 7101
778 781 4902
335 341 8214
366 370 5433
935 942 3675
833 837 9279
262 265 4417
727 733 8319
948 954 8094
440 447 6548
216 221 5890
491 499 8834
771 778 743
651 659 2135
9 13 1428
642 649 3962
204 207 9970
419 424 1399
454 459 5170
86 90 1956
767 772 3288
806 812 8850
714 718 9042
74 77 8052
647 651 3254
819 824 2085
427 431 749
179 184 9851
724 728 9671
102 107 7180
879 883 6497
638 643 8810
42 47 8412
567 574 1144
530 536 6447
838 844 7459
338 344 22
684 686 3295
534 537 8301
380 385 601
330 337 4227
914 916 9120
323 329 3839
663 668 5559
923 925 1736
208 211 3346
871 877 1113
87 94 1712
811 819 6752
146 150 8123
472 475 3929
870 877 1748
62 68 7790
168 173 2224
918 924 8648
367 374 4806
138 140 8712
7 11 1334
839 840 9022
865 873 8124
917 923 5580
628 634 4263
315 321 1878
334 337 6625
752 757 3259
944 948 3729
429 433 2570
990 998 2391
843 849 1669
22 26 462
709 714 38
72 76 1544
860 865 8653
100 108 6620
852 859 7374
645 651 9054
640 646 5361
810 817 7817
328 330 8691
585 592 4582
463 466 7301
120 126 9463
354 357 2748
465 470 9058
331 336 4542
873 878 3365
158 163 5806
609 613 1242
643 647 8799
712 718 7952
97 101 3165
894 899 4554
573 576 7200
339 342 134
538 541 3783
648 650 1868
882 888 3385
970 978 7171
511 515 4918
446 454 4870
188 194 2687
467 472 4940
432 436 2618
68 74 6735
485 494 5409
945 954 369
488 491 9580
610 617 3811
833 838 2040
678 681 5489
462 469 8952
733 735 9698
687 691 4401
862 868 9083
542 545 9237
270 278 5274
81 85 3468
989 991 8591
227 231 5531
649 653 3532
166 174 2984
803 806 347
340 346 7271
229 233 1555
169 171 7291
790 799 1023
234 237 7352
264 268 7704
161 168 8464
948 951 8488
877 880 9419
238 243 9090
896 902 7323
226 230 7280
87 91 2919
823 825 3022
627 633 6607
209 210 5126
669 672 1331
784 788 3571
527 531 3943
952 955 8423
234 238 7685
471 479 1028
660 668 2790
14 18 2221
127 132 7187
379 380 6614
142 145 2757
198 203 3926
93 99 198
246 251 5998
789 791 817
363 368 7655
230 235 6343
51 57 2423
475 483 2383
519 524 7002
433 435 5641
512 516 2179
44 47 1653
452 458 6582
592 599 3259
216 224 7493
746 754 5350
180 185 5870
862 865 1865
150 155 1577
873 877 4455
880 888 45
983 987 7324
626 634 611
454 458 6404
378 380 4440
407 411 21
753 756 2756
988 993 490
701 707 3114
859 863 4345
824 826 4439
457 463 3980
987 992 6617
374 379 3682
210 218 1839
829 831 406
181 189 3622
657 660 562
611 616 4027
104 105 5117
424 425 575
570 575 9967
662 665 8799
534 539 6105
879 880 5654
265 270 261
766 771 4970
576 581 8323
303 306 7701
424 429 4694
148 150 1953
396 400 8930
336 342 8917
495 503 2007
508 514 1016
213 216 1161
806 811 8646
606 614 9483
986 992 1068
375 383 1816
413 415 6757
987 994 8804
458 463 9609
490 495 8193
48 51 9922
909 910 7881
461 465 3959
878 882 8934
671 675 3332
834 835 2169
50 55 9170
709 711 8541
503 509 7216
274 279 8512
496 503 2856
697 700 2735
51 58 1266
370 375 2557
850 857 711
644 648 4747
301 305 2915
551 557 13
317 324 6084
863 867 4272
870 879 3755
188 193 7228
471 478 9952
623 625 2340
11 17 5714
636 640 8719
819 820 4465
225 230 6873
713 717 6774
160 166 6423
913 915 713
64 66 8127
740 746 3782
777 782 1222
651 657 1003
590 595 5261
793 795 9070
150 158 3765
889 892 5303
3 9 3384
274 276 1953
140 145 2561
299 300 1965
836 840 753
117 120 6151
840 848 4061
248 252 3199
810 815 391
166 173 6177
247 251 6290
48 52 290
727 730 6944
665 670 3527
485 490 5031
976 981 4122
582 586 3902
743 746 6852
389 391 2954
384 388 7881
8 14 6326
943 949 2053
171 177 515
220 227 321
993 996 6382
698 704 9933
878 880 6515
608 611 828
543 545 565
559 564 5923
292 299 5476
749 751 4302
89 90 6758
942 946 7580
237 244 3999
422 429 2673
493 497 9362
445 453 8154
724 727 9253
938 942 5937
488 490 3081
225 233 6175
898 903 1988
784 787 1493
667 672 1970
82 87 6987
282 288 1355
192 196 3555
630 639 5350
893 898 6099
861 866 9090
347 354 8008
54 56 7657
772 779 8308
898 902 9894
728 731 1842
204 206 6639
275 283 1146
739 743 2807
682 689 2219
928 930 1122
740 749 133
204 209 1302
133 135 5957
943 947 7624
531 536 4635
757 762 8668
603 607 5895
220 226 4022
507 510 8437
543 549 4086
953 955 5001
255 263 1578
777 781 2311
569 572 8768
822 829 1526
990 999 2355
103 107 8833
93 98 3286
613 619 6002
309 310 1268
945 950 9940
766 774 5480
829 832 6066
548 551 4599
478 483 4058
527 534 8800
854 855 1926
838 841 4021
390 399 8820
51 56 7692
388 392 5095
608 614 1384
655 662 1020
676 683 5872
518 523 4597
781 788 3719
889 891 3762
792 797 6870
441 446 3488
970 979 4521
500 506 3897
911 916 2987
956 961 430
787 792 6593
41 47 8635
765 774 9521
690 695 7695
271 275 7713
279 281 5522
758 760 1226
124 127 7884
644 647 1233
667 674 1808
252 256 9881
393 396 2498
782 785 7446
815 820 1155
964 965 6009
613 617 101
851 858 978
891 899 184
988 991 3467
425 430 4078
403 406 8929
240 245 7455
675 682 5836
561 567 3845
193 196 6063
68 70 1612
175 184 5895
323 328 4423
688 692 6549
414 415 3978
406 411 2741
895 902 1351
695 704 8896
793 798 1759
985 993 8513
542 546 6444
129 133 5492
460 466 9407
869 873 9650
697 702 7147
574 575 3727
217 221 8269
321 329 3042
482 485 2697
972 979 507
108 111 8914
60 67 8829
778 780 7059
539 542 4825
426 431 4361
3 5 6028
664 668 9181
511 518 6323
498 502 895
845 853 9882
541 548 5836
422 425 425
536 541 115
844 848 1069
950 959 9933
955 962 7290
510 516 3602
910 917 4942
527 530 3148
297 301 1150
732 736 366
780 789 7248
947 952 8773
459 460 7872
390 396 1740
306 312 3194
973 977 6430
122 128 3121
322 325 9641
757 763 235
937 940 4656
185 192 9337
966 974 3962
638 640 2516
381 388 6079
802 805 7547
941 946 707
85 93 3229
310 317 7116
517 522 5163
938 943 7469
280 289 4685
865 871 701
575 580 5304
519 521 4753
154 155 8260
178 183 4929
46 53 3665
695 702 3239
708 711 2007
648 653 1573
81 87 664
375 382 7414
266 270 9861
692 696 6403
876 883 3905
650 658 3955
706 712 7513
341 346 5779
232 239 5296
930 939 2253
393 399 5702
340 349 8773
245 253 5002
113 116 7786
415 423 8402
185 193 4971
380 387 3564
795 800 1261
348 350 7081
340 345 7893
828 833 7807
111 119 6938
850 858 1695
278 281 4104
0 9 1505
359 364 729
75 81 2597
915 923 7537
224 225 7564
802 808 9294
737 740 8171
326 334 8345
321 325 4992
353 359 4229
280 285 1375
4 6 7901
0 5 8100
308 312 2459
581 586 4582
561 566 9443
482 488 3502
53 58 6337
337 341 539
870 875 5592
468 474 6945
327 331 2825
528 533 2896
369 374 3203
862 869 312
740 747 2295
76 80 9045
232 238 3470
402 406 4221
973 979 1831
761 765 9975
673 678 2651
226 234 796
381 389 2730
459 464 5556
12 19 6891
140 148 4871
46 50 1453
52 55 3482
203 209 4664
353 357 5140
596 602 5861
730 738 4728
562 569 7352
310 319 8977
940 946 8148
4 7 2655
612 617 3673
157 163 7417
890 897 1245
640 649 4552
547 551 7240
616 621 775
172 177 2121
104 109 6459
630 636 1535
458 461 9167
44 45 593
430 436 9162
763 768 4487
40 48 4845
240 246 5066
910 918 6370
965 972 889
912 915 8253
8 13 9227
705 711 8645
841 848 3511
386 390 1255
599 604 9356
189 194 2036
363 369 5071
249 251 9311
321 327 6375
838 843 2353
689 690 2425
654 656 42
16 21 5754
232 236 129
109 113 9410
862 867 1136
215 222 5308
241 246 4358
876 880 6351
250 256 3770
735 742 2880
149 154 3789
890 898 8717
883 885 1553
265 271 2371
84 88 1773
371 378 5690
501 505 4342
594 599 3923
57 64 43
820 829 5799
777 783 7635
187 192 1759
435 444 5163
37 40 2979
936 942 8231
582 589 2392
992 998 9327
916 923 8180
430 438 8170
930 937 1328
475 482 7274
73 75 1754
936 940 5483
620 625 6354
26 31 7943
666 673 175
140 149 505
293 297 512
468 472 6069
613 615 666
665 671 8988
765 772 2985
633 635 1312
237 241 6031
761 768 6023
631 637 345
13 19 184
164 168 1871
351 358 6363
771 779 9109
474 475 4075
692 698 5045
434 438 4227
794 797 5376
566 571 3526
319 324 2278
292 296 5020
284 285 782
686 690 6835
301 309 2430
150 157 5345
494 498 2356
435 442 2277
509 510 8223
165 171 2558
80 87 1168
606 613 511
18 23 2856
140 146 7460
722 728 1052
786 790 8877
791 799 8450
120 128 8422
87 92 7630
861 865 8637
734 739 6720
25 32 2457
195 204 7378
632 636 6014
334 335 8953
742 749 2097
403 407 2756
790 795 1614
304 305 6669
742 748 4376
80 89 3612
795 802 3944
788 792 3714
980 987 300
353 355 5071
162 165 2831
787 790 4124
13 15 8242
905 911 6547
79 83 1786
481 486 4064
829 830 4325
755 760 3019
886 894 269
957 963 2234
642 646 1947
615 620 4726
105 112 123
227 234 7119
186 192 7627
412 416 8994
476 481 8464
537 543 8104
27 31 2351
558 562 5852
145 151 7412
566 574 7081
625 632 6546
50 59 2538
448 454 8949
282 289 2300
837 841 5690
633 639 7964
514 518 3429
969 973 1400
294 297 9223
16 20 660
848 853 2532
437 444 7965
709 713 9729
611 615 9440
369 373 6462
381 385 4823
221 229 3782
725 733 2755
302 305 3393
994 997 689
814 816 6901
137 144 3936
149 151 5980
529 531 6960
444 446 3240
532 537 1766
272 278 8521
970 976 8785
750 758 3931
982 985 9387
435 440 7742
629 632 228
316 324 9665
172 179 5834
315 322 7024
716 723 4793
146 153 1069
190 197 283
824 827 4041
969 974 9667
928 932 9875
84 85 2878
193 195 5623
828 832 2518
867 872 1692
756 764 3367
328 331 4443
133 139 742
295 303 5208
11 15 1343
924 927 3742
978 984 8201
890 895 1862
130 137 1829
865 870 6290
113 118 4374
767 774 8854
449 450 7981
368 373 8428
589 594 8398
912 919 9382
65 72 6047
581 588 3347
965 971 7118
145 150 1874
160 168 5489
161 167 3817
256 261 7445
336 344 8599
681 686 4091
132 139 7745
248 254 2087
329 331 3861
382 387 4893
907 912 5727
141 149 6434
576 582 2814
518 524 8835
361 365 5292
383 387 4690
348 352 7110
72 75 7555
962 967 3176
366 373 4002
348 351 7981
974 978 8199
315 323 9678
653 655 438
676 684 4192
98 104 2016
926 932 8610
814 815 4151
626 633 4608
981 986 6300
929 932 5231
799 800 450
885 891 1928
974 976 6327
775 783 8661
871 879 7575
421 427 765
597 604 3719
413 417 872
219 222 8649
363 366 1815
713 715 3239
304 308 1229
970 975 9563
36 42 1273
438 442 6428
804 808 1090
530 535 9439
903 909 564
291 298 841
247 253 7779
896 904 7005
400 407 6400
305 314 5624
135 142 1634
155 164 6754
916 920 4774
2 6 9530
274 277 3390
793 796 6300
685 694 6094
733 737 4711
822 827 5084
721 725 2033
993 998 4230
944 947 3742
834 838 3033
944 945 3348
625 631 3137
863 866 1572
593 598 6463
657 661 6749
301 308 5651
354 359 8013
580 588 5448
397 401 7357
152 155 1238
787 793 6555
322 326 2774
977 983 2546
77 80 3032
157 162 5277
307 310 2276
518 521 6028
742 745 4908
962 969 1547
453 455 6023
859 864 3948
266 274 3578
37 41 853
922 925 9991
116 124 101
48 50 4559
687 694 46
825 830 78
69 74 8375
400 406 3712
678 684 632
648 651 5888
545 550 9907
627 631 2460
403 405 7325
607 614 2711
978 982 9529
889 890 1310
186 193 4221
118 123 2025
984 986 7035
51 59 4219
272 277 9731
899 904 9373
900 906 6864
968 974 2087
794 795 162
683 689 6434
961 967 3771
525 532 8723
649 650 6818
269 271 6074
405 414 6736
769 774 7878
486 493 5683
425 433 1167
776 780 5870
310 316 5243
572 577 1686
106 110 5770
689 693 4496
880 889 422
225 234 1024
376 384 165
150 156 9736
789 792 9160
835 841 3555
735 743 9250
588 594 3308
179 180 2565
227 232 6051
127 131 2281
358 362 3554
61 65 538
55 61 7343
830 835 2454
190 198 3479
372 376 8143
959 960 4080
910 915 5593
365 370 9946
757 764 582
954 958 601
670 675 7650
818 821 5979
58 60 73
25 34 8834
557 560 4627
336 341 9284
194 198 668
110 116 9199
245 250 5058
434 439 6748
235 244 785
719 724 2544
828 830 2099
319 322 7808
564 565 2467
770 777 1678
692 695 6296
10 18 2328
576 583 7256
658 662 7597
939 944 7857
178 180 5366
835 844 8452
786 794 101
126 131 2252
587 591 4192
577 580 5510
690 698 1250
917 924 2103
538 544 5083
847 852 4724
411 419 1531
190 199 8492
181 187 2273
248 251 6673
657 662 8949
718 720 9790
216 220 4012
373 379 5222
858 860 1445
260 265 9821
604 609 3067
306 313 3250
617 620 6500
709 712 4008
473 475 4106
714 717 2943
170 178 6590
486 494 6519
646 652 1259
269 274 9777
298 302 544
843 846 2405
653 657 2805
63 69 5686
288 292 9004
196 204 871
619 622 8186
362 367 3197
209 212 465
182 187 4918
378 381 1308
687 692 5512
314 315 3830
591 597 1612
723 729 6546
554 556 4979
268 270 5708
31 37 7046
937 942 6487
981 987 2871
78 83 1768
318 321 6209
595 604 2957
660 667 8868
339 340 2155
212 218 8518
989 992 3133
689 694 5770
732 739 1575
635 642 7662
673 679 8761
458 462 918
952 957 5039
584 585 5513
226 231 6030
698 703 6478
801 808 1907
208 212 3257
612 618 5136
344 348 2728
307 314 5428
535 543 6562
845 854 2992
136 144 4236
498 501 265
53 59 3399
499 504 9951
928 931 9315
593 597 856
384 387 9668
348 354 5865
407 410 3876
309 314 6017
632 639 3040
157 160 577
406 410 5652
408 413 4000
412 417 5229
618 622 6803
782 789 8381
86 93 1542
450 457 2582
620 629 871
119 124 5917
124 128 8738
868 870 1268
479 484 968
836 842 8581
410 416 2493
955 960 9529
521 529 270
550 555 4761
295 302 3403
444 447 500
931 939 8893
489 492 441
319 321 3781
84 86 9208
494 495 573
825 833 7255
753 757 4052
679 680 5647
91 97 2188
732 738 6784
633 637 2115
608 612 8339
37 42 3466
78 81 1957
685 693 5022
256 263 4757
355 360 5717
559 560 8015
890 896 2161
884 889 3877
2 7 541
792 795 9929
948 950 9818
2 5 2640
385 394 2524
981 988 2889
646 650 4780
267 273 1311
100 105 4890
42 46 5774
844 845 5160
293 295 4772
875 880 8107
714 716 4602
301 307 2855
70 78 3432
47 50 1041
78 84 943
731 736 7757
961 969 6144
733 736 8544
122 125 242
985 990 9524
638 644 4589
313 316 7844
123 126 7528
234 235 2216
601 607 8203
584 589 2285
825 834 983
844 846 4572
776 784 5575
13 17 323
935 941 3114
652 655 3853
688 691 8217
550 559 7739
298 301 4209
356 362 3539
909 914 46
872 879 9280
761 767 4455
143 146 1546
879 884 6489
905 914 1103
483 487 4392
99 103 1801
556 564 9138
543 546 3080
840 847 3225
904 908 5698
464 467 9135
655 664 5270
734 738 361
92 99 5070
482 487 7061
416 422 6032
824 825 5271
148 153 9299
924 925 8925
775 781 3866
546 551 7622
636 644 4577
495 504 8596
588 590 4039
317 323 6898
817 820 8631
228 234 6215
371 376 4084
280 287 5825
408 411 8718
563 568 3178
957 962 5098
757 761 884
462 468 1798
433 438 9123
284 289 6217
319 323 2511
555 560 8040
743 745 6206
764 765 8117
642 648 8282
547 550 2275
451 457 9873
542 547 4849
994 999 4334
956 964 3598
908 914 8534
928 934 2039
325 332 1970
527 532 1154
130 138 7699
330 339 8448
773 779 4079
958 962 4039
43 48 4086
612 616 6056
695 700 8744
957 960 6777
92 97 8436
764 767 5830
745 753 5960
144 146 8386
501 508 1971
19 20 5510
900 907 8586
545 551 8026
594 597 8748
18 21 9581
871 876 9146
280 286 2772
59 61 5619
398 402 4456
696 704 6242
986 990 9327
833 839 3076
795 801 7051
291 299 6030
251 256 6017
199 202 373
636 643 9007
569 573 9021
364 368 5542
675 680 8877
848 852 2312
138 143 3763
753 758 6858
19 21 9497
3 7 2035
17 20 5185
347 351 197
798 802 1912
300 307 6762
800 809 987
400 409 5775
152 159 5416
145 153 3605
809 810 2908
263 265 5140
976 980 3077
407 412 863
134 137 9151
263 267 5883
597 600 7909
336 340 120
807 811 7006
423 428 1675
788 794 4492
392 397 6117
43 47 3052
877 883 9467
132 136 9791
226 232 5729
213 215 6610
428 432 5349
759 762 3132
460 468 7262
422 428 954
516 524 5165
633 636 5668
707 712 1059
533 538 1113
677 682 1849
706 711 8005
325 334 889
180 188 6476
267 274 5139
453 459 717
653 659 9772
80 86 964
892 897 7567
939 940 5309
457 464 2054
801 809 6523
658 663 5435
73 77 8720
596 604 5350
148 154 1902
651 658 3667
729 732 1978
810 818 1743
691 695 8247
489 493 7379
554 557 8236
35 44 8629
776 781 2631
16 24 1269
143 147 4536
201 205 7714
21 26 87
199 201 900
164 166 4631
991 997 8726
189 190 5483
202 205 8005
885 892 1124
962 965 4417
717 721 1936
779 780 4582
139 144 8257
903 907 838
516 521 8467
979 980 2148
85 92 8670
758 763 3708
144 149 8765
728 732 2221
657 664 9450
506 514 6634
183 187 1956
605 611 5116
652 656 3065
882 889 7061
938 940 4461
790 796 6202
186 194 7513
920 929 3251
227 230 1600
925 930 5356
951 958 4779
119 122 8439
93 96 4170
778 783 3671
496 504 5340
635 644 5662
873 876 7387
17 21 3544
403 409 2151
3 8 1157
61 67 8116
189 191 6121
414 418 6785
606 611 5741
93 95 7633
503 506 8432
8 12 3095
69 72 4289
773 776 4329
191 197 5247
814 817 7770
215 223 3947
384 386 976
743 747 4157
341 347 5597
239 241 624
112 118 9959
204 205 5351
590 599 6127
618 623 5846
977 980 5090
317 320 9787
234 239 1036
584 588 4129
90 97 5514
463 469 4003
960 967 5945
912 918 9014
119 120 8284
289 292 8648
472 478 629
193 197 1015
934 936 6243
723 725 6523
736 741 6613
669 673 9346
157 161 2853
420 429 9856
323 325 1436
125 134 4519
628 630 499
568 571 8652
858 864 7474
305 312 183
513 518 2376
833 835 3726
921 929 310
257 260 5060
823 829 5932
831 838 5361
52 56 1026
647 650 2725
698 701 509
15 21 8843
563 567 447
345 352 9313
440 446 628
41 45 6117
423 425 9301
926 931 6487
984 989 555
750 757 4068
389 393 101
97 102 3796
993 997 1703
885 894 3115
112 119 9885
1 9 1998
922 927 2768
355 361 8489
667 670 8228
404 405 2056
816 823 5493
46 51 2155
332 707
314 889
754 983
201 220
280 291
253 384
121 823
235 917
403 841
626 873
40 946
293 995
675 722
552 618
550 751
507 552
266 500
171 375
156 232
613 616
153 917
444 470
61 556
239 685
913 986
266 842
35 866
10 494
440 755
749 909
2 441
583 792
199 688
334 855
485 528
293 453
679 832
286 474
703 997
341 425
566 722
568 697
19 728
193 510
271 847
219 420
254 943
241 285
325 906
211 647
211 362
32 260
33 477
592 958
120 499
168 471
85 971
934 994
223 225
918 941
18 688
35 354
299 990
253 783
357 682
210 280
210 304
116 326
50 294
621 710
580 625
168 611
511 706
791 952
164 898
154 644
170 855
344 569
555 834
526 771
185 552
95 644
452 901
858 880
732 928
87 770
568 668
59 958
345 996
163 268
245 768
499 847
620 936
251 274
670 943
261 607
69 760
104 363
298 310
147 171
143 353
265 705
73 776
646 768
576 931
262 818
148 904
451 672
186 474
321 765
391 416
32 995
232 253
641 748
818 841
155 323
179 549
123 164
203 231
168 681
144 287
622 657
4 163
794 979
539 555
289 604
312 506
21 708
155 836
453 476
312 707
449 948
58 153
299 485
622 644
330 918
378 613
477 988
235 922
307 728
633 706
438 551
770 982
371 523
351 497
567 895
71 295
533 680
271 976
213 480
20 222
484 984
47 460
864 865
29 241
385 540
32 528
46 309
42 650
221 552
725 799
152 546
102 396
113 824
282 826
904 960
67 350
666 803
597 996
175 789
139 682
55 212
536 905
455 828
526 886
248 922
18 419
486 539
168 221
553 850
34 531
234 620
68 757
534 853
93 968
675 816
165 537
143 891
428 931
409 771
819 855
419 556
821 976
482 589
476 798
295 452
191 899
738 818
665 913
355 857
730 877
261 381
478 502
41 924
402 986
75 814
758 851
360 506
137 729
588 814
99 741
655 976
231 634
335 531
2 77
249 543
245 801
68 761
851 950
392 991
272 541
873 968
541 886
169 974
625 822
119 674
152 331
462 657
39 317
231 911
473 683
444 898
336 915
310 536
206 963
631 898
700 798
508 725
141 708
397 735
426 679
295 334
443 885
541 699
355 406
267 681
237 587
26 281
100 450
432 808
181 195
621 990
483 593
663 976
360 791
739 947
233 974
105 890
343 611
872 900
237 433
575 725
646 860
72 616
56 734
429 486
515 600
360 588
193 637
237 663
546 797
82 432
242 813
239 365
292 833
88 857
207 834
864 987
232 956
428 910
694 752
120 214
383 677
561 665
24 163
78 234
141 733
375 802
385 994
356 820
571 810
245 608
124 617
515 597
186 329
344 966
60 121
95 458
85 561
618 743
118 440
712 736
154 823
413 776
368 547
618 943
146 452
24 58
577 978
235 352
102 229
367 982
767 794
31 404
112 511
47 725
25 951
68 343
338 887
273 546
255 870
232 309
82 312
546 573
352 997
171 554
249 581
162 550
762 872
237 411
31 762
348 747
511 557
401 407
163 905
786 869
116 372
578 874
792 945
159 696
392 822
548 618
196 539
277 310
187 327
171 826
568 622
776 934
497 853
32 206
249 283
422 700
645 846
420 875
2 538
33 630
179 204
16 630
854 940
142 705
117 217
340 517
933 946
399 900
555 718
410 429
641 956
79 541
313 727
397 456
80 252
566 689
219 348
66 916
339 840
144 627
63 332
545 961
318 455
342 801
160 223
634 935
455 586
535 970
608 971
164 701
154 964
364 892
321 648
70 759
164 814
256 697
255 662
276 291
441 732
181 428
632 869
677 904
271 835
373 913
536 602
164 170
62 819
434 936
326 865
516 896
193 577
79 632
328 340
282 784
815 873
183 603
584 658
128 341
771 938
62 215
204 374
239 760
393 668
632 745
707 990
191 581
588 913
265 373
195 553
21 160
511 611
101 623
501 677
166 501
390 557
56 526
245 474
581 785
476 584
327 767
55 348
136 804
827 897
586 993
713 995
349 792
305 365
523 945
74 759
290 323
650 837
30 242
229 891
251 477
510 513
183 238
331 685
750 762
593 700
572 642
547 913
177 622
535 547
725 838
132 626
614 708
66 627
267 491
451 681
117 660
381 424
314 627
418 516
599 662
736 884
892 902
177 299
531 944
633 784
421 732
814 853
135 447
446 750
633 822
76 870
536 758
677 781
24 234
263 850
292 897
654 972
522 984
20 150
543 823
223 287
478 920
373 610
364 712
171 734
78 824
59 304
356 487
171 917
272 573
553 985
214 802
483 991
293 350
254 561
729 913
317 523
209 502
589 767
792 971
133 415
605 714
150 524
336 525
40 222
76 442
42 295
434 952
432 756
95 920
70 928
166 518
618 772
352 418
622 972
239 798
160 386
479 955
491 958
257 543
550 594
158 510
51 523
139 799
943 960
607 797
322 437
136 758
450 992
275 515
367 639
377 934
719 797
326 445
619 827
134 918
117 599
397 471
47 60
58 501
168 850
547 779
652 842
129 666
244 959
155 870
207 837
338 515
224 279
181 702
5 446
717 912
243 962
189 969
502 926
196 973
83 882
374 815
85 349
374 987
609 611
61 749
475 546
256 490
701 835
230 380
74 581
33 278
336 603
929 957
499 959
401 746
352 816
86 785
777 913
712 949
65 664
484 743
190 684
106 982
685 955
552 584
330 408
131 591
270 934
302 700
436 625
410 820
657 800
67 757
600 701
741 868
321 711
9 928
127 357
16 309
477 642
787 837
149 827
876 928
444 526
3 107
79 247
460 911
755 805
832 895
480 989
212 405
580 582
323 580
533 846
278 635
66 911
103 917
203 801
230 552
415 903
175 898
526 819
595 865
151 753
664 903
223 488
71 289
316 820
515 731
732 816
211 750
3 984
457 905
71 204
59 711
89 373
643 941
371 524
417 561
81 190
228 718
121 496
623 875
324 535
397 501
9 527
57 197
26 619
505 957
194 591
254 984
270 801
539 792
262 747
460 889
342 969
177 432
238 913
829 979
537 692
291 912
0 162
110 523
8 348
900 936
259 699
688 764
109 333
230 765
88 879
137 809
243 511
215 584
12 516
324 363
469 470
222 403
57 604
245 909
429 478
93 571
395 678
209 908
153 327
182 983
220 786
350 612
443 709
190 627
340 385
47 335
557 861
652 665
249 713
76 121
521 635
694 741
27 426
735 921
222 971
36 668
802 884
409 974
395 749
768 906
194 721
291 513
56 299
416 423
44 104
377 446
394 843
555 803
8 813
339 606
470 642
171 977
175 241
156 542
575 917
44 692
12 650
177 407
516 603
777 954
79 680
108 916
215 598
530 680
127 996
24 714
732 798
155 839
165 616
624 920
355 839
58 924
594 836
856 879
198 549
425 944
46 773
315 394
972 978
642 977
369 782
181 706
440 644
129 733
25 878
319 737
83 543
8 811
237 604
624 805
57 738
577 797
111 170
214 808
152 802
197 593
67 411
183 268
224 561
238 336
265 785
94 324
239 790
747 821
49 250
355 473
287 842
26 721
172 559
634 668
394 521
425 888
107 197
171 467
198 312
72 801
481 579
270 425
491 839
27 97
301 817
53 802
261 569
706 797
46 896
202 278
5 188
449 456
412 888
559 595
513 679
306 350
376 593
802 947
582 740
457 798
710 814
159 819
573 998
749 998
744 837
298 345
312 844
505 525
3 394
209 224
169 970
627 724
301 882
40 97
513 688
6 974
551 739
322 832
54 644
358 397
411 840
163 979
49 445
424 939
300 587
63 488
582 583
130 939
11 732
127 430
260 393
256 695
171 680
39 84
108 216
349 849
37 355
85 722
21 362
593 989
497 566
93 235
409 975
303 653
497 882
301 403
352 846
132 902
338 444
418 804
21 549
428 644
325 957
1 899
235 816
126 635
541 949
166 671
77 90
230 530
71 610
242 338
301 804
44 103
438 667
40 265
190 884
153 456
48 909
575 920
311 362
469 532
41 336
121 283
79 696
485 586
555 696
140 907
313 982
62 352
196 700
246 565
325 796
66 443
159 765
218 972
383 941
298 922
5 967
65 430
143 471
249 981
504 629
577 678
682 913
198 744
523 702
78 144
183 668
103 967
259 623
21 688
316 779
79 794
33 643
441 740
126 316
207 882
85 701
180 436
249 766
167 387
15 521
781 808
489 960
247 388
50 154
588 713
495 974
630 693
274 941
123 770
461 540
276 655
684 734
354 766
167 374
222 344
423 607
20 303
737 995
736 794
97 862
519 528
275 713
252 531
183 730
191 597
463 848
201 650
687 970
640 780
69 566
504 887
569 962
852 887
40 668
127 330
425 593
532 766
0 186
96 525
507 699
293 603
842 929
769 864
477 673
560 812
178 700
604 941
789 900
366 950
57 927
541 582
162 824
351 662
356 611
512 754
74 948
465 914
691 785
228 747
42 55
270 396
61 982
311 658
872 892
539 810
407 994
170 859
126 681
232 991
185 256
136 765
575 807
375 981
513 852
719 803
177 484
178 684
789 847
219 232
120 861
158 935
827 889
310 417
525 950
321 546
21 508
220 917
45 73
383 829
47 499
380 826
257 839
357 799
297 988
165 497
225 235
114 377
280 529
417 436
253 433
549 851
46 889
548 662
406 594
529 550
311 918
543 865
239 551
152 163
304 912
118 154
366 614
531 571
857 894
14 338
26 961
274 524
29 875
77 766
716 782
202 474
790 905
363 519
71 352
67 256
758 792
147 769
834 972
416 550
123 257
27 532
247 418
111 336
197 980
177 769
748 845
248 450
74 243
618 933
656 864
44 73
67 169
493 811
137 443
738 976
281 994
9 131
24 110
488 595
267 346
361 488
237 907
191 623
365 872
383 436
451 872
621 661
80 208
228 457
128 952
247 648
539 833
18 126
255 302
59 877
337 648
452 836
526 551
394 826
323 737
136 570
265 905
265 507
150 185
740 960
83 978
182 911
430 648
795 944
373 713
620 661
348 980
60 600
147 584
224 462
351 518
900 916
153 238
762 860
123 336
342 855
439 680
401 604
19 998
706 995
43 941
236 792
380 388
51 80
80 606
241 522
365 389
195 259
98 394
514 697
67 662
4 894
220 404
122 384
49 489
554 620
443 540
193 271
125 855
241 844
111 158
660 877
780 948
933 943
757 786
130 568
174 922
437 699
35 375
628 750
904 909
314 534
50 380
591 866
115 452
236 836
863 993
268 807
715 791
345 499
288 421
51 984
437 689
810 923
222 493
356 824
191 689
168 888
698 743
474 893
103 602
214 329
418 444
378 902
738 989
468 931
529 880
511 988
554 576
232 636
328 336
687 801
3 707
182 651
226 742
301 943
171 624
119 601
149 786
219 348
398 669
39 475
415 628
249 261
461 843
455 969
8 743
212 941
45 808
399 594
647 709
68 231
372 557
684 887
788 902
212 491
479 706
665 862
590 726
364 922
598 876
585 744
486 918
102 120
688 952
547 665
34 738
181 446
102 283
146 973
159 465
749 884
703 927
141 435
900 998
253 422
711 739
519 756
68 483
647 827
783 837
341 630
554 817
713 965
129 738
307 611
90 939
386 649
7 444
95 130
201 460
59 198
421 779
590 843
124 689
398 900
659 826
865 873
396 822
438 575
573 858
91 690
3 490
31 488
188 577
42 632
531 767
256 866
271 371
507 945
34 762
156 435
149 928
365 727
390 612
284 951
287 779
220 745
36 678
236 416
488 699
4 911
38 768
7 206
185 429
35 348
736 805
121 598
16 482
331 657
153 847
310 819
563 737
273 309
99 312
1 409
489 819
172 660
64 185
178 691
74 293
407 431
621 981
858 967
82 905
189 968
359 700
544 917
13 868
334 542
308 983
165 529
335 865
424 643
610 924
245 502
122 786
403 754
238 471
377 389
72 627
288 536
580 748
46 258
710 848
722 933
137 483
325 520
448 478
470 807
634 716
446 533
690 827
463 558
640 644
283 526
303 661
514 867
0 565
166 870
141 437
221 276
28 676
711 721
62 411
169 430
13 174
177 678
647 697
239 858
82 491
233 841
319 794
288 553
511 598
557 873
574 702
577 733
437 918
672 700
592 989
361 736
380 590
672 743
48 228
644 956
588 943
293 908
53 299
824 887
638 877
504 610
125 827
606 974
27 617
153 449
124 295
496 853
267 589
320 349
54 714
496 523
206 836
61 93
25 35
541 645
857 920
303 825
242 955
108 560
103 406
600 830
56 112
714 891
78 319
290 391
114 985
283 909
746 972
415 560
137 212
605 673
770 942
440 662
135 293
11 166
102 387
665 928
171 427
68 355
24 977
207 293
71 628
561 594
200 281
15 68
789 884
96 134
713 917
368 554
679 784
503 614
176 662
409 710
158 644
98 698
157 919
469 819
219 389
863 926
752 953
457 835
287 766
131 794
156 853
98 554
132 818
20 433
775 956
498 670
822 885
37 798
397 836
303 812
55 766
115 923
70 349
16 156
252 627
725 906
58 238
48 51
41 460
532 596
388 604
247 950
283 599
190 255
737 892
345 643
240 764
138 876
656 820
569 674
248 261
479 953
583 637
240 563
486 745
0 965
262 281
348 824
271 540
506 712
263 637
792 906
596 840
720 763
462 596
192 488
35 317
515 681
159 575
182 538
427 791
118 561
280 970
267 746
640 944
49 685
61 730
754 882
17 761
886 991
543 801
93 261
63 318
654 745
495 654
96 758
432 972
306 513
116 929
187 313
312 486
149 221
190 262
344 829
268 800
29 682
146 251
616 744
708 762
344 488
51 550
223 677
221 815
774 860
809 911
501 859
135 567
507 569
460 834
349 833
346 769
407 560
144 948
477 933
430 705
61 143
69 108
428 736
265 833
451 537
108 827
158 739
264 694
720 961
60 471
701 730
162 329
24 339
599 803
43 115
636 996
286 760
38 363
34 936
13 371
247 953
89 653
53 425
43 855
336 658
363 754
325 738
477 751
310 987
232 415
292 410
139 248
226 890
107 759
684 891
218 236
572 861
216 403
160 610
162 592
724 772
150 657
680 842
86 936
64 399
84 407
75 923
128 942
240 675
213 810
591 684
24 60
351 587
226 336
269 929
942 958
116 660
114 769
169 445
748 763
373 644
292 556
198 855
548 573
64 356
135 954
87 346
356 538
139 681
72 279
111 547
257 666
568 626
498 925
587 708
342 777
391 908
212 931
6 467
265 852
296 992
603 665
42 963
710 961
25 696
34 194
817 854
128 888
518 662
512 826
292 977
7 741
379 696
12 881
317 714
312 583
273 721
665 804
527 760
94 357
226 806
886 913
182 983
534 659
145 967
87 408
524 966
720 820
321 351
654 822
448 942
433 535
449 573
51 517
705 894
595 929
96 413
314 638
249 417
60 616
367 597
173 923
432 817
112 380
45 147
249 681
345 706
84 898
87 347
82 757
543 566
895 977
502 552
21 767
401 889
223 295
749 959
267 878
3 283
151 497
542 827
280 296
130 136
89 875
347 704
264 822
539 570
537 858
397 932
361 776
83 335
152 964
93 408
984 990
233 866
164 195
47 798
219 332
260 879
757 781
11 152
320 511
647 926
337 900
752 845
726 804
211 622
30 878
200 523
274 392
305 740
118 651
45 922
306 966
457 702
112 999
352 511
110 262
422 602
582 895
522 969
325 500
87 812
421 425
369 412
824 973
622 901
464 726
38 618
179 315
464 705
180 862
8 319
154 208
428 580
570 750
263 451
129 787
375 759
326 345
369 657
588 918
112 524
152 972
147 764
686 758
225 965
594 958
570 624
203 523
358 617
48 215
918 927
175 221
68 96
389 838
524 956
277 499
314 398
698 900
241 315
195 196
570 812
529 958
745 823
491 582
191 495
619 804
271 779
639 968
343 406
127 444
21 994
36 657
219 886
312 437
280 587
263 661
96 649
595 995
656 988
38 167
146 367
360 557
121 776
683 977
176 200
141 617
116 701
168 654
431 973
259 338
657 927
85 171
203 507
737 849
52 75
63 961
310 982
94 227
518 519
910 913
160 713
391 779
219 615
465 939
141 173
11 255
374 429
116 286
74 866
241 844
27 874
554 601
125 956
80 267
32 768
355 750
556 762
359 882
352 938
230 580
501 839
19 57
184 618
357 719
584 962
577 672
8 679
619 890
276 737
298 623
108 115
577 704
120 388
191 939
483 500
12 955
117 800
11 270
438 674
229 561
51 109
145 312
375 892
421 619
455 551
108 474
448 976
15 824
327 876
348 411
656 849
130 956
95 738
105 399
369 876
420 691
23 633
232 808
14 158
57 880
208 417
312 771
370 383
403 464
238 570
150 866
282 386
718 961
292 696
232 805
49 53
483 941
187 822
861 946
46 953
376 835
154 243
321 939
812 956
230 448
376 664
38 511
274 447
159 565
481 616
493 811
19 818
120 176
327 350
744 909
553 648
4 370
420 886
184 338
594 801
344 850
190 444
241 766
532 649
387 681
185 751
624 972
556 968
91 558
226 246
275 379
299 443
682 872
250 776
67 379
280 774
173 828
483 634
466 642
176 741
532 828
761 861
31 535
3 572
516 546
313 610
634 688
35 315
460 914
152 248
853 905
220 705
688 829
404 554
357 420
284 701
471 732
442 537
431 763
615 973
341 645
258 425
242 710
100 995
159 378
132 977
645 796
811 905
96 515
104 213
807 989
74 691
232 865
480 919
430 646
343 981
499 588
466 487
37 939
782 885
405 938
199 550
103 679
546 557
417 516
249 675
616 813
88 820
80 81
432 627
442 895
787 947
276 836
210 422
460 692
121 426
510 597
51 966
53 302
301 845
36 438
265 418
342 636
396 606
180 444
72 969
635 750
367 979
63 674
351 467
187 264
380 605
649 755
71 719
136 897
53 394
401 882
68 230
599 690
64 741
350 638
558 700
618 884
35 608
840 907
303 746
692 774
89 394
359 846
310 910
618 956
305 949
733 814
51 588
489 547
109 970
380 496
468 537
60 922
22 898
37 599
187 289
508 788
386 555
261 536
360 903
697 824
464 575
476 966
282 335
311 666
468 941
293 607
104 428
18 238
79 319
45 317
924 987
270 813
99 460
163 913
17 709
333 424
410 458
1 627
337 892
340 425
7 821
603 817
143 523
675 789
212 704
759 774
64 388
447 503
189 813
185 851
174 238
835 840
526 542
1 748
8 749
146 509
344 559
23 356
72 296
759 823
62 455
10 499
173 884
50 950
201 235
82 688
400 689
168 233
331 385
349 835
618 857
480 601
5 539
121 981
29 582
320 457
64 840
32 116
509 817
201 793
702 817
241 406
344 598
33 594
668 784
72 493
387 700
138 721
110 145
654 743
200 876
500 994
328 355
621 897
457 482
385 977
472 512
69 727
1 582
911 982
789 845
128 245
694 856
224 685
291 442
94 847
173 570
122 690
47 913
94 97
177 692
848 853
317 609
10 757
373 960
563 578
151 530
16 259
293 939
766 930
495 765
174 227
764 873
292 594
773 791
376 738
299 642
824 918
489 548
854 929
494 828
625 649
113 556
200 852
572 776
515 798
71 639
451 499
74 992
361 404
636 805
173 326
422 701
56 372
282 287
929 958
368 766
519 684
293 976
586 897
57 240
201 711
366 762
129 232
392 555
260 314
491 637
201 905
22 640
274 713
472 718
822 890
531 902
52 871
556 869
56 871
293 890
171 980
200 871
80 164
64 493
870 988
782 947
381 583
42 391
163 373
36 185
281 504
752 804
99 627
155 451
71 377
77 563
242 793
4 394
733 849
624 661
148 445
43 223
221 667
52 309
322 691
248 413
414 805
14 685
520 688
174 916
61 747
568 635
191 834
887 911
96 263
488 716
422 433
389 399
223 879
14 271
497 841
263 705
446 554
8 780
608 719
4 37
328 774
691 867
128 287
328 981
303 718
164 185
396 577
587 681
750 973
185 249
275 981
669 689
321 976
6 826
28 391
478 927
667 742
778 838
70 745
161 733
289 917
614 832
296 738
88 850
730 742
205 454
164 830
534 664
161 425
496 877
187 905
569 618
644 941
135 683
66 733
468 827
371 819
99 948
446 502
810 951
185 498
752 754
83 304
756 909
719 912
38 178
79 174
527 637
115 346
188 456
182 308
183 638
598 863
83 694
631 867
318 350
107 516
94 573
840 968
452 628
555 725
169 775
455 682
426 596
115 876
341 366
187 767
805 947
80 746
306 718
332 655
164 332
547 925
120 323
333 462
236 942
20 43
520 899
247 490
293 536
549 843
687 981
613 726
50 214
200 317
910 919
252 890
18 907
606 700
212 970
211 946
335 458
138 370
434 651
8 247
151 738
68 780
159 953
892 950
43 245
664 923
10 673
43 602
144 146
499 931
249 761
419 952
302 337
321 643
596 647
517 741
420 641
612 943
308 456
876 920
293 900
265 556
748 781
156 723
628 804
243 321
311 777
178 361
415 848
441 706
208 999
779 986
472 792
156 709
287 499
31 124
125 440
703 867
629 901
112 230
285 921
185 758
584 973
336 732
741 877
59 567
335 569
662 726
755 798
90 659
181 248
471 997
156 443
68 731
232 733
729 968
585 825
233 818
595 724
97 430
685 809
24 751
580 756
496 759
304 598
157 170
240 655
645 884
445 545
279 419
65 228
97 807
711 949
276 340
691 851
422 890
17 188
551 958
647 882
31 826
411 869
22 100
57 967
712 969
260 434
172 636
16 58
671 819
469 924
516 882
256 364
24 335
689 883
445 929
305 700
297 847
681 750
566 592
424 854
652 966
229 391
51 481
40 981
620 772
313 410
25 676
714 865
843 927
525 698
890 925
185 818
21 206
74 865
122 620
47 876
24 866
281 711
449 630
36 43
496 568
234 457
148 340
572 960
106 146
11 959
502 628
72 588
170 906
769 837
77 478
560 855
267 992
27 218
86 152
253 283
298 970
132 981
111 958
528 835
323 651
928 931
36 47
65 710
539 957
123 734
752 799
193 217
657 793
540 600
513 731
679 810
265 458
33 597
204 375
507 565
754 883
564 569
286 706
357 465
669 871
253 949
8 839
22 625
591 652
303 811
437 667
422 760
184 554
108 152
89 569
529 997
60 297
416 541
497 966
666 692
307 311
369 835
942 997
55 181
388 577
374 948
419 441
307 935
381 534
134 961
447 500
695 937
210 649
425 977
50 770
719 859
428 947
768 834
60 149
566 989
279 769
229 597
191 194
762 824
685 734
302 546
195 609
574 696
580 829
175 775
617 953
569 586
290 556
124 822
484 902
224 820
337 565
709 714
453 536
314 784
621 845
252 367
151 898
380 395
589 845
326 347
361 493
629 665
684 893
127 711
222 239
113 290
551 912
219 402
358 446
247 615
180 516
365 407
278 396
634 700
498 728
601 777
250 941
111 837
99 314
326 370
367 605
181 541
632 636
85 758
654 666
19 791
12 895
113 202
510 648
805 910
722 732
293 893
381 961
222 385
145 172
322 715
5 959
127 485
131 457
258 953
594 920
234 291
123 440
109 975
400 647
896 932
142 589
526 613
105 407
720 788
278 612
250 408
331 932
291 632
239 866
207 644
130 969
528 839
514 973
356 515
99 933
562 672
299 838
153 893
44 855
146 362
309 482
734 886
368 935
340 428
606 696
320 737
1 743
145 628
229 991
320 560
367 657
76 566
105 179
739 847
359 457
672 840
260 308
133 306
595 838
764 986
51 98
903 973
274 500
492 530
171 772
393 431
67 767
522 861
8 865
40 518
146 498
223 472
88 556
698 884
382 775
714 964
594 900
325 821
418 634
179 927
511 518
552 811
409 850
382 682
39 226
184 784
362 427
204 636
236 507
119 882
810 894
241 860
67 873
238 470
437 775
369 469
63 564
32 770
82 438
243 629
180 618
296 649
216 257
127 415
135 168
717 892
275 551
154 193
425 601
219 725
33 260
588 749
278 829
560 667
89 604
129 135
433 937
680 826
142 265
442 923
37 625
143 608
621 887
538 585
147 549
442 859
624 911
268 616
361 444
590 924
473 749
733 898
419 609
325 793
346 610
357 549
57 316
456 626
44 375
272 315
270 646
544 758
13 178
335 671
299 331
428 508
259 644
90 415
26 979
307 456
673 815
338 647
181 373
473 975
630 805
547 834
518 528
131 915
13 60
176 599
53 908
597 786
496 906
368 465
338 424
32 302
458 688
175 322
904 911
565 865
335 513
804 924
341 765
472 823
192 407
129 136
843 947
432 596
11 256
734 903
177 292
390 731
559 959
131 908
121 557
76 671
512 589
691 887
680 758
278 338
805 823
639 763
232 745
270 680
243 390
274 788
127 347
49 962
281 782
458 767
491 588
240 475
116 848
74 372
917 985
635 948
222 904
1 270
297 853
668 726
266 551
833 907
329 419
73 475
102 732
68 996
283 846
292 712
566 896
247 755
497 599
168 552
350 493
43 245
10 431
46 141
543 650
295 459
50 699
140 610
668 766
276 380
48 724
376 699
153 277
464 603
120 294
968 975
326 855
433 872
185 233
434 762
170 224
50 571
604 695
280 891
240 984
16 998
786 937
849 897
62 194
334 926
839 996
84 271
330 716
672 787
802 861
177 602
854 888
316 973
689 892
718 994
601 990
684 994
203 207
653 829
187 427
169 928
161 595
422 697
19 395
328 583
773 916
288 326
540 572
571 715
374 788
407 795
56 815
597 972
341 973
111 848
185 203
8 238
714 773
244 264
405 910
422 935
188 818
376 723
256 330
39 525
239 442
277 971
343 428
70 902
825 937
103 994
327 832
173 398
406 803
716 820
233 353
482 961
408 799
130 233
342 700
499 528
564 730
654 758
311 663
157 419
25 913
827 856
442 722
726 792
414 577
712 748
384 694
361 865
355 990
159 947
23 56
265 898
178 818
304 876
302 455
530 689
381 784
66 605
238 908
198 832
614 978
338 994
13 731
55 622
306 606
857 931
394 632
197 616
133 450
213 883
438 711
157 419
1 612
764 918
322 383
118 323
162 665
593 887
468 685
168 768
108 191
92 258
388 735
523 746
646 662
241 399
50 224
91 767
462 805
80 981
374 647
252 617
611 874
48 126
392 450
326 726
65 368
458 928
722 821
444 661
528 921
772 803
649 781
461 901
188 885
57 76
167 363
866 900
8 352
574 747
207 756
141 941
80 542
154 690
23 846
647 973
307 704
397 493
35 51
561 828
288 410
146 374
96 776
21 922
385 957
125 798
581 837
582 899
55 954
319 714
201 400
140 997
681 807
39 831
147 541
276 929
757 781
399 684
243 712
217 580
192 451
450 455
84 978
106 552
67 857
436 793
149 313
232 233
16 914
374 423
854 963
77 456
802 989
441 851
347 839
396 946
490 579
108 319
297 600
102 308
595 997
298 981
608 697
908 990
155 554
296 599
158 248
354 642
237 431
266 949
132 971
53 218
454 858
376 593
497 761
22 269
283 726
598 854
30 846
852 914
75 830
652 936
140 229
246 404
383 924
311 866
757 965
196 827
946 974
87 443
124 470
173 962
461 708
356 857
