181303
701983
372248
97083
281714
1017537
654366
447932
624875
177387
463964
30934
701784
439221
392923
959246
1069172
692227
420699
357321
612553
730899
827371
728311
70687
403813
662805
449947
145226
673147
110009
779329
283871
718691
247125
474253
303180
118681
286277
390355
51621
740877
619070
965664
381148
734382
403526
1204561
357134
228888
15687
49184
678057
35482
121616
363077
683191
208441
107306
604504
673898
212355
175835
137118
582555
6745
517719
44653
459665
661136
12939
469915
857333
273554
518435
509303
846731
201392
328718
626976
1187461
638458
721750
104966
424594
717244
1315242
618551
1120019
314976
255752
236357
322621
558588
1099308
500839
1367356
220539
663633
907509
1325162
532306
470394
586090
468186
428296
730206
395899
666953
839200
615693
457574
939006
651467
491079
438604
912941
1027534
779251
273793
289446
340529
208239
343530
678998
808264
702228
84378
932664
741971
384928
363680
20812
21398
74234
810796
713286
211998
127729
746339
710112
784352
65547
357846
237624
735460
264029
882703
532328
232197
413669
675842
312908
638948
609128
5214
159734
427639
155318
133048
209833
217959
777801
209659
473139
251473
560479
8624
1255392
389539
350738
323871
188465
191214
142026
243735
701263
57308
184438
280218
18258
147912
386943
140263
439705
614728
330279
302233
509891
627513
371693
741944
1096539
139729
657338
1302047
371716
610001
28705
775010
1071325
865426
937460
312896
505846
715412
495891
743027
10240
1008651
635485
167158
506969
316190
665605
259215
1061265
1197747
41377
367705
594283
928928
343584
733921
420570
26568
470954
587926
762213
1066304
391624
379991
73903
42442
41546
368708
240787
28823
949391
665788
273821
205880
45620
466864
17435
1120286
1191183
594063
1204497
1275933
87620
672440
192688
370808
451924
788305
960947
351669
945831
570471
936465
216742
54094
62844
152685
1195368
221938
1207437
558991
452901
524115
40448
271895
271234
85144
754094
837103
57419
979561
525835
1008178
603249
193961
427501
442693
775039
234537
457479
152429
187901
326308
595483
848941
478869
145918
657342
335416
488753
721228
339374
457922
505407
16728
122341
731907
765055
710419
182405
352172
434069
4540
337260
468132
236016
344486
657122
831997
1280182
55101
281335
97162
696344
757909
309959
328624
565800
434410
325302
517008
632497
115609
145400
620716
63796
891774
111745
70238
653586
476534
292476
978639
34591
682667
139371
660310
1211088
568703
734288
96562
62621
250614
715841
878777
932249
414363
838087
641959
901069
276530
398768
1040214
888854
816058
848527
95909
639510
64709
212683
469918
595971
1120553
83661
954250
561123
566285
534956
401419
46020
848541
166404
889731
160926
666660
882889
314419
360636
24236
613540
28937
43659
355287
1285168
678623
526762
383998
80178
346911
948683
125563
68856
799796
922754
516695
163060
545625
408949
312749
842107
134781
933726
852018
47714
1049391
928636
879956
520048
147650
574915
401398
81087
287283
120999
858809
575780
661878
67789
1070677
479430
59611
557518
780227
694632
1204999
72566
513006
255409
946953
45701
202043
321483
843107
174661
720919
668437
414293
758333
83503
674425
1305764
700933
517679
409078
91067
340496
688809
127227
730666
104873
235818
649033
304005
229262
682136
1365218
146422
266693
240467
6027
107022
106254
579002
220724
524566
830198
774216
1306198
747052
262127
440979
477257
729675
847977
107091
299611
511269
947796
52859
225162
533698
141375
1195225
645163
326164
626666
570084
795484
5845
552766
572172
66969
611975
234761
447897
972730
260007
867923
409941
632561
496074
86933
207818
148656
1054761
563604
33581
228073
200113
214669
778377
300081
142104
442439
735675
556297
473447
396345
78370
1045164
626429
1045909
652064
776790
522847
329630
237281
638544
329015
952811
889842
2396
423857
68165
273885
719144
619654
9539
488396
821213
510857
27179
70499
718979
833841
1126853
166051
385040
188631
1183913
175864
265244
616045
55818
495321
97083
344413
1362576
481709
385289
728785
120160
107040
352389
956125
857764
109829
800962
418933
241161
109374
495884
216475
711038
1218361
637531
1128339
-1
676694
141947
411696
1177526
919819
691998
146134
998294
238836
541882
21448
1145119
11890
952694
68584
1111132
639772
892867
834595
297304
978969
92789
853867
61446
434150
770333
499203
406919
798985
271191
252563
121880
334543
38247
681083
723807
1231666
225916
95990
264552
775750
1220101
839518
839454
808762
731145
768345
665224
583025
717293
395564
327662
491542
201423
3924
1244346
498765
670352
189467
625370
114226
550257
125694
392819
919844
352402
402654
671490
205782
89517
123557
800387
971279
362844
942088
958832
320403
808923
291397
306398
1009188
159588
513202
489738
250963
942322
108751
1100385
89303
726885
936204
106153
330412
529498
313011
739858
180116
701685
815901
1382885
584862
292864
672666
353484
287216
490242
162262
837794
1326492
1103828
875856
398690
203332
613660
829014
843832
853753
416532
50058
72503
816592
120774
439442
583701
842307
112198
68460
789949
37476
758139
403314
297462
282731
288726
720615
954710
295785
504032
143736
679244
303684
229225
1167898
220658
972808
139171
729692
113658
296711
236061
247671
189534
752560
1114035
470033
481866
480891
24417
48122
324125
318897
1006528
22492
128555
1023030
117211
390248
194029
687613
881836
1117391
465098
371882
788637
815033
1019930
355117
661488
370257
773948
3203
151474
362800
877728
805842
473794
80703
333031
446504
994789
957012
617719
996822
274500
220366
252758
941297
420297
346163
634234
826701
134411
676069
911072
399121
371622
12399
515202
283154
72842
169345
13895
1057987
636745
106134
344528
516420
58966
244545
379258
988534
781215
74725
8046
149588
141051
175651
612088
38934
451096
367424
443197
195659
388438
523395
268203
185878
126302
872715
597666
29106
801672
478060
106086
343177
878687
245014
334265
490070
66367
56765
1006530
125386
476798
865370
377552
52687
511582
1347645
664954
1376067
775455
845228
762991
1039800
564403
1217619
328059
1014674
69469
747321
664735
186902
356174
481167
1197528
77329
526520
136634
743523
467486
861161
953369
57235
323557
263978
312196
80266
1201634
411808
521194
124931
264015
276126
85078
1189387
761882
282578
906929
934459
426669
561231
727822
300116
1162617
481901
216761
567102
799936
597409
108034
553404
260418
30628
600275
904429
236981
607304
786329
176364
536700
104708
786172
598703
425521
430876
1050465
1096385
648217
580514
1137672
1018716
493302
176701
622786
506402
375824
708091
421377
1212789
892856
95172
111767
359391
129465
501057
555963
170434
287525
1068252
321682
32005
735016
251915
328804
286879
125354
1113681
85012
39992
587393
302444
817044
1044484
210125
57272
1015128
251985
319546
74329
608078
181828
473321
439591
12944
28641
392768
120100
112687
675980
404122
390044
333770
1027242
1316724
1052726
1067206
711882
136819
1168884
436682
53741
157659
971639
49391
702964
111684
1150370
46231
677219
166534
358092
435258
1363510
194405
343894
1106023
491618
403314
902142
307871
672323
1195329
1031885
171143
1056260
307175
576085
537755
349533
132993
1122858
390585
772082
509086
1049060
1073755
1009388
334181
18049
149588
589770
1170614
511614
885186
35753
674911
261110
995379
452771
237650
67180
241461
20928
26294
934655
168714
1201661
889481
257459
1064767
69432
12640
248096
89358
999863
848475
105632
681428
437987
879934
123094
433275
201060
72838
455827
397488
649974
1058840
429158
113463
675276
646635
146994
82287
20139
238264
464181
69585
87984
677828
526135
349441
675767
166509
451430
1046341
528860
809297
115876
263009
334993
480054
719063
28129
496392
335169
392536
-1
889008
586867
270347
602396
376265
266128
452093
207517
169952
1041806
42855
366741
32060
337157
144903
60720
1267125
1024150
961848
1054216
129725
418043
14004
467319
573472
1037259
29585
802808
584656
426411
1135352
10302
619769
225111
1030005
1151540
78773
1205115
1152133
321590
366741
193646
766467
160206
332106
17386
115309
1157623
905079
833440
765937
469726
159397
771455
982155
80745
279669
763804
740647
25312
475661
597447
12723
151309
715091
20540
410874
1025397
155450
1015482
104330
684304
130337
675837
1016575
215653
654892
373461
1196687
1256855
104831
685173
453189
1010295
144427
89139
164530
478444
42123
729587
73027
286640
221986
43146
90816
823162
975539
641605
508766
677663
257380
665619
434832
537410
703683
1045594
590936
187215
894432
495013
285595
85103
937693
522926
967274
632855
33052
171975
191567
1012860
29270
104072
427191
759063
435736
172522
857596
646335
437055
270136
823673
12990
353759
349702
611177
626049
834891
1033999
464026
901747
429074
783889
432071
129503
58901
116762
766455
33299
61551
912945
526781
622596
598569
769021
592055
540964
514965
607418
301334
929768
382955
133589
640719
14182
236829
84903
1182811
1199534
646976
1010780
583015
823331
157926
233561
178450
425284
629563
201111
193424
214856
11408
756369
170161
893519
282535
185360
881544
671966
658668
627077
296767
25137
636117
119170
643011
105571
288605
245258
339499
2650
499250
711328
1074080
17156
759141
126384
396533
213096
317927
391224
347213
620938
516136
1166742
374407
60392
192154
84542
1125816
739726
982523
647249
446778
626479
99506
166556
254092
414494
544546
1044543
764750
1016181
211009
197147
516676
169585
11331
636430
814557
94154
1027165
102816
242259
427082
207553
-1
534858
862714
166357
328664
127030
3898
416072
498522
95792
240159
357591
599786
321898
380366
17682
186026
212787
384024
256673
139094
454970
621440
1338552
489688
639179
1062235
104987
838603
189610
277845
940013
103808
855756
697790
931658
213706
929156
81537
1184621
395703
48840
342585
146405
840176
869561
695315
367808
287169
810244
361880
87686
1216127
30470
625691
307928
143808
1011916
435873
270222
502039
634268
118664
820477
51154
598046
440150
694482
980944
831582
1146525
1067055
645561
966118
159921
247835
992840
921901
473066
361377
263681
97462
513476
244398
719508
714345
671409
335674
859334
1084068
204164
709014
97588
1253802
170897
360371
770448
582350
257174
504390
62434
322353
1042133
399696
927469
230796
801207
143167
876197
840945
279156
477811
669391
624836
176149
381626
445593
152848
1009493
107707
319203
218170
830516
344397
424143
76428
318797
82504
154818
167234
25268
222677
1074469
445203
1004106
368828
327961
15839
424124
115392
398425
244419
229806
48644
171984
1052458
67436
419133
539717
156239
633247
879737
19969
208649
899506
225227
535148
584887
716715
456241
75776
82320
407923
261025
227268
720944
342699
28739
547107
996082
36794
227450
458429
712335
644785
992894
978564
62767
343020
261438
503053
220756
79678
466859
387805
20141
27191
336371
272430
19498
575427
6082
469815
990382
549632
772855
39489
61408
298045
717912
591914
233358
620278
478211
31425
245995
344160
264993
179923
20019
685113
295029
460948
639982
364186
731422
309667
717466
952692
198081
79789
351730
210228
465001
592143
265241
213530
973642
1233305
5353
570944
182594
604972
52435
340064
869881
317807
104880
290754
658068
103869
71691
229248
503207
395754
661762
1008131
9197
430891
650332
573158
178519
1195947
267166
183434
890319
586457
116791
609131
765626
463815
201300
141993
145950
465118
1052567
160934
29855
607845
284030
207075
486149
416996
119337
510566
68299
384564
359963
286151
160483
553510
120680
580622
541286
62262
1216003
198320
1174476
933338
84288
482571
177197
437003
639376
315564
130295
89254
228801
290448
252352
349852
186981
84744
740715
1267692
62743
605997
682230
660067
18264
999590
999863
32170
191760
319638
255919
428457
89793
232877
462999
226708
209646
511688
727620
766415
797535
236898
681903
461739
151444
67331
482828
59099
380942
18159
787729
55693
696999
984306
295395
953375
831409
1038422
519241
401345
906903
535148
129823
399631
500850
199662
675781
759961
298518
726755
122165
254357
803427
72224
831882
154797
906120
113263
59548
471862
1157946
248
377025
1235272
593345
928355
405423
142483
1061703
1062351
302465
45119
746533
751537
-1
609574
97011
854684
775818
538951
472789
1013735
1031841
454746
101905
62990
524858
700083
278645
458335
274884
45437
696292
336988
196929
1216472
212922
781320
341781
119689
728784
307227
527331
513745
863489
923542
376455
666585
704064
78497
845473
297019
772860
795426
847004
149733
51955
598742
19212
110139
1156152
245801
175789
335692
323980
60237
456766
394777
218825
414363
781839
493110
1158936
621838
1067505
1264810
362557
239617
721669
334583
757812
20670
911079
1242290
62040
730259
671383
587191
374673
466093
74495
861161
-1
151660
384597
751827
928729
226554
541381
496508
583081
323246
251978
821324
573132
54238
161747
32494
849385
1184937
615850
695130
1229554
706745
571195
654078
1322808
918806
258438
316670
16566
1135078
526947
130129
990989
871400
393941
366112
214999
484554
121610
1111231
-1
451469
264113
677847
408135
467845
181565
445978
471177
188578
768471
576809
703312
814680
17040
990953
925549
579122
252049
936643
817892
500103
148257
38940
148672
927461
374514
563361
605874
522570
541637
527654
522824
184247
94380
358862
284582
270692
462153
345637
472917
49909
633103
304606
177221
300730
149442
179257
167057
1225449
650066
390160
690557
403684
384900
134102
709867
296110
1286793
140092
342828
44615
434771
774667
324558
195111
418858
60811
353804
363396
674257
482091
158711
322613
230757
8594
141273
60454
103711
351737
146287
522280
628718
676493
89466
973161
185988
196023
147759
235241
931699
553304
208034
694807
156604
334560
654720
379168
492612
10913
964592
28682
174516
200980
1104362
100280
96756
188612
358045
1278901
1384315
1334257
509615
1003943
161454
193389
361727
920302
71889
100045
128331
388887
201431
792371
81679
549805
160032
-1
55175
530415
119100
455863
656387
747723
63747
147464
827169
194793
851861
62833
69370
269821
87028
404077
657247
234416
297406
549240
199606
910337
1097429
707030
139798
301024
1024690
487601
638285
410433
460861
257335
649119
257515
524573
864533
1001599
1325934
814563
15526
529146
330886
795529
540070
38882
417210
448917
548094
180626
292839
354850
565513
486678
1136672
836850
33659
439885
1004788
9989
703099
66688
130760
143240
181031
280456
268243
149917
92186
646487
37119
799573
1004467
255283
267237
1014479
189532
1084358
970278
419941
34298
1104095
505211
150200
322784
-1
324253
96368
81694
26743
395496
931379
859983
359620
1007437
438023
658142
286133
110967
401547
610177
18129
85352
1024277
138004
626791
445188
357131
1098112
375137
661818
149100
457708
628403
415833
230692
402957
172647
94563
180758
63084
605359
577064
197220
183508
559989
413020
323137
331788
678639
817851
191024
312117
900369
40887
468410
1342607
332384
935081
465312
144480
791373
132840
187987
408225
186478
78680
26980
179921
356593
430422
26514
1130255
192305
1322888
479070
607224
1220258
462768
425261
1026493
1048656
554751
98340
263953
578804
1141212
988782
160206
640041
872133
128978
1149858
130455
1088897
950014
788447
85512
405616
857335
499864
435341
1106011
754806
708581
390914
611130
720493
377328
611565
14560
176042
187973
425308
459175
403730
367172
882531
174687
574811
255851
260132
741944
700740
224046
922787
808720
639373
7533
719076
467288
881177
994459
1071872
928307
530011
640248
1159372
622259
142842
66544
286113
19903
665527
353120
965615
774398
37598
741328
24019
1013976
23025
345563
1254614
317709
619836
85044
634998
1026290
17626
258127
1195670
627302
100535
264862
110495
813256
577495
393721
626787
496956
984083
425932
552314
617293
331311
117093
191588
1083002
85468
667082
688740
17347
648992
454338
478161
967682
45172
724694
249917
662573
137453
744654
841036
297019
957531
614278
913271
419629
516871
1011766
54617
348524
609148
382764
1111048
408782
649118
357538
97040
298855
940851
542267
418174
831411
658882
898977
995091
979639
818991
95050
336583
9811
113227
239276
619054
288229
486668
123081
776318
359839
253489
378544
186915
952369
406879
518487
9577
437695
839857
192036
104557
921454
432213
19792
276747
627415
212955
1003157
317755
727213
6208
263239
548772
758021
667914
949112
1070979
473803
1158891
121594
43267
8048
642850
177117
417430
223739
238364
334321
219619
751049
556790
1034334
221034
655689
133574
825832
213556
156754
560815
355350
780345
73577
219227
256985
60388
870817
910991
511137
171466
144102
98531
538794
743934
516821
168881
1001196
230551
726527
976969
154565
192219
106479
217950
454156
36594
404322
197079
1176965
69134
257779
123374
357173
440118
282550
322987
1200039
1281152
598271
648194
1262882
129297
450551
73788
950138
406523
708364
641051
685691
157291
551048
125290
173884
472038
49585
956274
423173
317592
680141
429587
279650
111374
101914
294991
189814
565058
98608
190266
1208991
44668
468678
924782
326746
160898
158790
706914
458792
607819
690676
421358
300355
198717
452858
353440
25109
977105
344946
1070886
330964
1974
212548
105638
104722
731543
590088
718084
471866
485630
750502
561050
442569
50961
503632
650230
769765
593071
155144
512892
1153192
451110
426544
1223685
999710
475531
1042455
896517
148659
635006
504730
237723
825322
859767
180673
663731
205225
179605
671641
510347
498908
134445
60773
618524
283704
541947
192882
1029724
744356
1368290
504025
656909
332437
1051455
1012579
310779
953352
347098
223428
787329
336359
130001
382067
402604
380150
498601
305911
699979
745651
19816
267173
1109952
872966
1026744
909458
793972
180423
78115
114369
416727
637384
432539
79285
228755
35582
121421
180243
72103
433314
428184
91026
647195
166316
274935
472091
290823
447259
115103
686845
601907
764726
619925
946874
767614
790243
197331
1010062
225307
218919
359256
736681
454510
218786
400097
265161
228027
214261
-1
177109
61421
1240337
194850
768642
476240
95379
12045
246396
135976
561007
779260
250924
711026
106297
560583
565886
16902
447366
663841
958058
68192
80604
1313259
72460
177416
529737
620875
38532
387388
503139
99322
43250
50031
722810
643365
827355
190056
635102
93778
214024
397710
383058
895812
1314516
714361
480512
241784
50570
628675
654682
263228
708640
374944
331576
1065185
734422
432225
18759
1189813
486022
442767
674889
561654
654780
311577
245545
747742
250651
580808
114330
188832
23235
805577
75757
111799
248545
219759
600245
528472
227842
558672
164732
328617
1057617
1092817
84910
477871
280035
1260564
269229
327928
303293
463582
159719
277984
672305
936183
478550
25806
305140
101328
453788
109081
1337685
302648
724998
599405
729992
1066576
645080
86744
222967
237646
1114001
659613
157057
725918
-1
591868
658736
400495
551204
354494
404389
552138
938378
562388
102871
373987
221281
1153049
337356
393942
1029034
641027
106857
164703
596497
109003
207126
389627
456078
6620
494786
442340
552125
157083
395064
780419
193098
597187
294383
213004
401429
95910
513086
140528
555558
412968
502064
676835
551756
115811
961325
1030830
191754
648744
207052
499591
278067
556682
278723
554453
516109
362780
532395
118346
649739
1131841
157242
1087754
606116
-1
343259
515048
1099998
543827
708013
940874
1362412
1023889
607341
348886
803503
175262
48183
297108
481775
559882
738084
333703
1127596
736257
408094
428154
509312
145392
159448
68634
436602
923418
124862
513530
61547
772239
792886
338976
132481
915632
954868
141151
619477
1008597
1163559
637010
656140
271583
551170
341135
110480
407270
623169
139285
107576
866173
621217
273965
301539
288950
134179
876966
939605
1009618
1120672
212680
133019
530048
17196
1131123
201009
694863
135034
969641
255027
1075658
774353
804772
831724
37761
195210
475018
200878
508778
184192
55397
68296
1068150
266729
70379
991406
287184
362131
1224230
1155423
320535
283253
562953
1226959
501099
538409
104516
321366
384562
687174
617696
631447
328600
734072
1130202
81768
484321
408592
325951
1224920
1239441
284841
316088
148016
285657
282038
1030167
268368
783099
727053
620416
690807
636444
790175
382105
186754
426928
1118487
398593
435545
233469
215983
97805
1214491
982535
964483
204530
426150
1147912
175890
258498
563033
1010955
342361
6469
427943
1070976
256832
192390
187920
244799
4821
36029
451751
427006
696140
608911
626311
94778
57332
248677
735570
107929
917909
1158328
441600
539223
42556
715805
623378
607366
421514
1033834
384646
552734
80461
677020
689054
1007609
765463
1173951
78636
1250348
299345
730947
82436
271089
636644
825158
148203
447767
1193543
124360
525475
440028
423509
134328
1008948
866772
150188
847171
1148681
664343
77436
48160
341113
619158
482323
175789
679640
391167
281675
213281
228189
475225
108790
472160
552703
86951
585034
695944
1112161
197188
1059540
220259
409814
814158
204246
409680
36934
706465
1249408
651218
34346
1006983
376893
881930
49013
1007094
799256
715158
273361
877836
159515
278891
432179
78354
210975
410606
82717
23904
323019
581063
532328
658882
247565
299397
1007132
624770
388323
722145
315485
210419
1302312
463132
167626
126548
349757
261218
408215
596347
910837
152000
29164
596437
902781
441471
758868
247593
31537
863000
162548
1111252
749834
259466
213008
305120
1222856
220576
66570
328911
915471
799753
151281
362047
