4614
113756
197596
159552
234959
198253
26466
141438
182641
4217
136943
11491
267331
41052
168521
297916
11150
183041
425010
284849
164239
10376
207353
164827
385470
64135
158275
189221
339548
88194
96134
222061
189998
278034
113161
61657
149933
84805
254834
129546
29730
295360
62644
81829
165084
8487
37636
94269
124844
272482
28306
82414
401996
270176
157994
254005
140808
35108
71782
112782
135987
12959
78852
113682
8084
98875
74498
97979
33282
-1
68556
77133
21049
52911
117216
81596
53320
58693
337833
173551
129627
18818
240428
34616
83556
148095
213722
286883
114435
173568
240601
73799
45846
155409
61004
369217
13361
35064
131388
56477
261517
196688
268140
276758
11256
120830
60594
5355
53545
162686
55675
51983
85220
84613
54358
69046
30257
212777
204003
303559
297735
391114
142534
261932
235746
11933
95896
223592
44990
98280
291686
99621
131227
274359
149062
163135
38049
64171
160206
25845
272131
194397
59854
157745
151066
141509
282510
105356
48276
223689
170919
219234
75794
86693
298517
300313
106912
52284
86686
255086
220578
236980
51756
316332
16182
257221
266090
100509
270612
175683
31593
184215
130877
114730
125222
126348
161374
393869
230468
62902
14830
358266
268056
120622
94184
13904
380640
290012
110269
38362
234638
301494
82938
267583
118770
283634
93327
249050
245689
130676
65418
97425
148394
223344
135444
62443
173418
144683
111221
70521
103275
226684
17738
74033
34755
286113
414639
212585
100249
109818
76268
131856
8847
405435
92457
121675
277382
108755
39638
91939
427185
393315
376415
180268
84482
337683
214611
71422
189753
260104
20277
151105
211180
278083
124323
136829
272023
235941
12112
10188
-1
17637
252871
94743
202889
298239
256122
13069
5729
113014
156838
141439
133983
59273
126012
-1
260614
24012
12733
141232
43977
92970
11292
53077
264057
110305
140643
84645
177663
103522
42164
19439
92685
106906
110127
250831
170822
240735
27984
187963
34195
75490
362367
54135
110594
170471
160537
179992
366441
193459
360323
22769
19865
196415
192363
254322
190288
41021
77793
36942
206723
60146
194792
57905
89393
121283
30094
199922
218887
120179
116253
97989
207215
36878
58657
98426
338809
244689
337802
221184
156682
26952
270287
117167
146692
264141
70681
138413
196045
138277
144157
20459
161029
256582
147288
75922
84446
146999
347943
153832
103272
157501
184477
100591
416285
99885
204268
159816
312092
240380
98642
183203
313604
179180
140215
117049
214238
232354
160800
224844
64061
96996
16405
138565
171315
11383
292769
208135
236899
272916
223024
46112
321642
89963
116781
65995
23101
79915
139870
185823
70480
92096
38801
244708
161057
149124
24926
199914
195935
174387
243973
21682
153261
48748
59247
176756
191268
313909
212931
52459
243346
76573
212091
340921
35686
76256
99934
41938
163996
136039
175556
300837
286574
313185
211203
108366
39073
48359
20397
21824
214619
39482
26631
29236
281760
8708
68387
242432
174273
159882
225344
21156
141999
216880
69176
153420
282667
21507
270907
19152
71828
7685
74284
338591
208723
198853
143484
365599
12600
39733
199288
160896
222012
-1
15118
29253
77586
211784
134206
121638
188063
89809
101104
118617
124248
117412
124143
84390
303563
210864
28928
338099
100284
246605
180528
83404
84203
246439
95273
94181
148711
133336
227847
228681
37621
241442
96045
16837
240024
219639
20582
21435
9873
229467
360779
199388
81881
291357
247336
12421
127491
165432
325456
55970
178177
178193
225731
145691
221290
187733
52045
93939
176041
281187
85231
107148
217039
277516
236809
247766
188609
78524
84844
251050
151108
37036
294358
65922
177988
9189
126946
396393
212471
27119
120650
377271
292841
197972
47113
39065
238502
115926
224686
142241
22551
271853
24
6816
112237
136559
69072
139059
113066
115266
71098
300456
63377
42502
111911
335581
143722
178081
192102
133498
44250
56160
121749
19088
365510
218663
226610
174074
151397
21677
232125
295335
24241
264860
149722
189215
182543
116161
85655
196728
8747
31343
102988
95039
77002
354860
14642
151022
111942
281776
165634
154875
66340
263882
79906
165796
156366
72555
15644
257983
241657
143285
133270
9399
34403
176323
89801
186729
178066
59255
8429
12611
126137
126383
213275
52050
166817
397805
49449
11210
20720
33587
3493
411924
45341
7712
240295
279244
251558
71472
270763
132952
364398
246016
220977
146108
84301
92319
120041
208416
160947
3295
168644
55174
111891
81860
6315
105855
287005
32460
96395
82921
134591
127848
116791
160849
292012
399336
27020
173772
48202
17741
17991
155769
258696
38630
156372
277726
399059
32078
273586
139483
95643
315060
138375
9389
23394
212741
79981
88935
119196
196884
23716
208204
10931
110449
266626
145784
32910
114193
57174
142240
233073
64576
116128
54217
196800
165291
165406
14854
28174
89506
78144
399081
95390
23355
150701
81360
261799
243633
225493
263432
26621
84773
258460
198551
23492
206155
90710
229700
52837
58828
222966
77827
210170
39633
66217
73264
222275
87108
283921
216711
245138
81098
162486
236042
88124
5447
9916
68343
304902
286511
188880
113292
391896
296585
21964
26324
80356
25543
114274
97357
34809
5991
325775
9728
232203
194594
28513
254046
375566
226623
139582
70887
202590
94295
213035
215426
25014
72904
68918
83458
125649
46501
62242
59279
319802
140244
248453
98579
287555
20269
242166
185200
73412
111175
205270
157519
170113
129870
387493
25560
4929
9283
301574
161734
282535
237145
132149
32715
50085
111006
124825
41512
31394
189260
85727
60599
315326
214275
295317
87331
118365
101085
161278
254385
197124
7314
76830
309651
49639
396250
267555
47887
226245
147168
141060
13381
107487
148759
315007
131722
12870
13979
105732
190080
318659
54057
151403
242089
322707
101780
127700
187129
17457
421684
4934
47884
18365
83909
164004
26591
18522
223216
65060
15947
76283
71853
15835
134451
82816
309902
296610
10331
170486
203234
58267
79598
12587
240567
101517
210212
288824
175638
34656
53258
85905
64498
69103
138425
110869
67486
300501
118645
93549
207029
193045
-1
104895
62980
233536
133592
274461
143827
38368
173484
145795
317997
234602
21958
144675
64165
172897
274179
236115
78454
155346
167226
153291
284341
189373
18979
27239
126556
225963
166499
311941
137064
381847
64864
163296
328243
207854
149505
17264
62465
64145
43167
140771
69559
308129
40005
102143
207612
73286
56431
12634
392824
236934
336149
39515
64468
258681
107662
281900
134830
-1
80055
44592
125566
242202
312381
36662
251722
122623
38618
143350
340382
88086
252503
86009
87766
138875
292493
90807
193736
238231
92405
318608
117412
50007
89031
246479
148246
109082
22068
194080
65089
19073
182363
146924
126079
159245
162566
6631
152104
48579
131206
184776
83626
311911
349165
108470
10629
80688
64266
94562
239781
301611
28208
30811
94018
193543
182005
109088
165325
251671
62417
224324
340714
272965
50984
300013
198380
23555
44309
122531
46536
73720
80004
257799
178883
246955
193959
104262
153684
218988
37660
74765
254532
36505
171565
221314
57531
148350
12885
286398
158069
83003
134937
135458
18481
172386
57641
69040
259190
15582
178895
180208
302545
405483
138763
235111
125542
268004
38874
119195
12866
264228
173325
144105
169659
48279
79845
325848
161659
26802
-1
318812
34271
129824
127790
58301
239214
184148
28802
144196
22690
71945
287310
28209
53241
155154
84735
14251
129242
86071
196788
246717
268807
15329
276352
28428
245189
44737
80752
6210
211116
75211
7094
127523
219015
168831
26928
93387
52931
72699
377322
208911
205504
141558
176980
63310
193981
25248
126954
52807
181972
155323
236034
341287
217396
139611
319565
283023
186619
182445
10055
126543
113893
108291
100635
243411
222580
28236
3277
336581
209248
229526
160506
168094
245599
12583
218359
33137
180463
35506
105735
66597
77617
80515
230486
121099
55588
113067
173061
143502
58938
159122
75983
44686
237352
76823
153964
70537
215534
100136
101066
46287
191476
149356
289690
36106
172037
125576
185366
24397
175205
316562
18969
80190
110540
285591
101446
8718
24537
145562
6605
54611
30285
151000
191085
11163
57623
216200
48884
251848
99784
100904
236397
16208
125118
45847
36245
63325
4039
56784
169351
70526
133910
19890
147707
126706
85761
351348
95183
55659
108808
252655
252174
131832
193562
63733
119660
32438
185905
95127
142284
246395
334863
130501
54321
320467
130377
179830
257219
211599
31288
139017
76019
80841
127430
84246
72413
131988
51130
163195
79625
87868
165286
128752
213926
143372
365232
376183
158013
73291
31862
143897
245341
101705
196683
191011
127418
21236
161562
213795
288055
10946
93024
47408
268342
229148
107807
110752
226868
38587
49429
93807
333699
211157
31855
12710
206757
290673
103286
77502
238189
301882
312199
271540
76681
21696
222330
209206
83227
307411
328729
174786
324882
357149
188949
132840
263160
-1
311558
31651
112060
61352
74170
233452
116175
107315
16618
188496
149464
193790
316352
53086
94705
267174
105263
215953
387763
111871
10978
40221
208510
277648
171239
87871
176471
64264
313317
52364
61970
162042
396678
117899
146873
70472
17242
298647
13834
36755
45621
83952
192687
31402
29570
207679
93185
-1
103289
131909
153604
376570
352944
263813
140731
206744
316246
122033
120597
266442
103475
119775
107029
208491
91743
37993
230273
428986
189685
68049
296687
143544
123664
67006
78236
56860
217766
170345
117976
90279
48751
238230
73309
264319
187318
182236
311915
231759
118120
205150
178889
257009
111406
285770
62950
71396
257799
88014
189124
169130
12228
193432
37750
113546
229923
356948
300493
116174
160256
231098
19449
-1
84961
248002
285220
20450
218578
118831
297180
86545
338582
250896
106242
110876
187111
24997
144418
125928
4376
201990
25918
42551
18670
182915
76583
321428
289587
33147
232336
149888
60448
238665
92438
120172
8392
32668
32172
186072
105978
361696
103939
76177
344200
37492
167446
143606
296024
285029
102384
35594
66238
275863
354157
168722
67497
381942
313733
31930
299043
190761
131499
201338
384168
110558
14196
155069
214054
327054
35574
7059
137514
178597
225473
91868
266658
379456
175178
205250
355682
155775
93020
302877
99807
38520
259925
280884
176943
170389
37502
150887
55608
231596
119614
245341
33111
104996
43787
233081
313040
169374
17941
56465
194942
49563
133153
58589
323627
44219
80053
147672
33561
220019
336260
131123
43426
376442
40070
91571
1945
203156
11949
68683
18527
92056
54725
68303
148403
58738
282787
181925
104639
40784
25969
221946
13826
183164
11140
338418
44322
252300
28317
72163
427171
78179
221118
269257
15251
186560
347912
183486
209638
117728
200469
-1
342462
328997
150564
64133
186843
230506
22643
54745
208372
158695
282743
168186
164304
33824
77444
232944
144938
171435
45214
204982
329777
42857
170137
242530
91230
258162
400383
249781
221998
163232
223874
7765
132406
240179
48689
216235
32786
100780
108539
296976
135147
382189
145830
25311
30296
154425
73927
283682
39073
65293
329494
277644
146280
219801
140469
197595
176773
262957
319792
228382
257876
420376
173809
147504
318145
51526
47830
96397
237351
75784
39710
210158
373622
162835
299697
195661
323938
273433
125709
98036
297774
279913
115087
222960
99241
236357
7821
195026
66681
58223
63397
198230
32080
285680
290359
39612
161562
19867
171959
96153
64917
78410
136508
111948
32519
337281
14362
191151
125315
242190
182707
166589
189639
118473
62872
230783
164504
170116
17609
282703
107568
74929
98499
91937
198057
87562
132058
37064
42773
81578
106394
237658
142453
42726
238490
378512
11525
288034
135540
102163
104433
381734
190574
53992
219330
9989
61339
406490
144675
7105
125770
239675
300782
246605
319696
32110
271617
101326
259529
144447
39963
138785
226655
19783
13435
322831
338602
28905
42483
170225
93901
231104
297101
19057
189596
210900
188096
256316
184089
283298
150190
9349
132402
110016
19963
80273
128381
370984
51935
90112
15339
250481
140318
139719
4788
253983
22031
99320
19069
18687
158983
411052
114874
379459
309311
40210
126885
47479
64755
138393
98161
18527
273142
52509
58371
64891
232386
83214
123944
334006
258008
42656
87803
87896
133941
90661
22120
58522
133739
138311
100322
291561
60181
44473
39248
43278
55335
282970
194513
215303
19480
180121
23373
68676
98794
352194
175955
132600
58015
32592
373395
130698
169311
12187
181279
169835
188461
274203
108888
15562
97249
391156
318211
100038
57286
142475
27676
259771
241217
190152
105904
70449
7038
40374
44280
115292
214361
108012
89724
429508
121311
394837
239568
4607
13504
236076
121164
12339
31960
144860
77748
275255
393134
88731
124765
209210
32721
42741
33419
317989
255732
35157
99042
61929
6883
15398
194328
320861
116081
163044
54773
5198
88457
166969
129229
157483
255023
55546
231926
38955
60704
66996
409378
112712
44979
122201
198098
221741
305973
22903
176315
224323
64760
13559
223410
102319
192690
152417
199738
14140
172100
8674
55438
318532
207367
223642
264040
201175
220124
281852
72699
120508
200182
88681
6543
165459
213187
326123
310827
340873
86110
27019
86568
82002
89289
46456
126323
97635
84154
61944
225742
126143
70589
175971
20398
112322
48857
312074
120251
90425
348679
134499
58474
93850
129942
37594
81639
12705
105915
195593
83685
16321
121958
115815
109703
264779
123948
368579
115385
203200
26158
111484
79592
159128
108704
249710
218711
71662
7780
187983
59889
127853
268738
232448
213213
171859
264921
106616
266171
51098
184142
324383
121392
330164
150807
90729
282691
214384
232464
294557
80702
90115
400383
327713
98207
104977
159234
38150
212591
214034
133839
300323
210693
70257
29756
106397
193914
138406
211028
62613
230658
112358
7412
163457
39665
364703
329887
148283
155235
386035
83081
271029
158419
224050
90718
140690
112840
294178
148950
99700
5080
244367
107665
76942
101064
72201
86157
156380
82751
8668
144896
44870
38823
62952
41662
9762
107326
147991
154771
259536
308663
128002
25326
299456
9979
170619
121556
79496
217485
22955
269147
191280
266130
205853
116272
42186
135500
57586
70793
201940
19535
170035
160138
86247
30708
95475
126532
150612
260236
124976
26478
109112
42070
309884
155687
268064
135757
82257
154814
137251
19458
297570
11612
272202
16700
3076
39669
24383
214669
299803
203966
143417
105449
28472
81047
124815
46290
380581
268808
95346
61993
36509
31547
64502
100826
81379
81877
139331
103881
117788
144944
417776
43320
248289
20795
42687
26864
34155
21810
90524
85026
47452
49832
215259
123496
220019
275489
327315
147068
83517
28795
79565
160702
202963
297549
300554
211701
298683
184476
69117
72868
35323
344502
187861
211394
317510
349572
144543
78916
164207
82787
90161
-1
195378
22418
88072
292169
137032
28899
70863
118381
221856
319683
71715
51196
6845
195839
25664
139213
111047
421145
14353
201943
119694
89523
163772
47624
107446
24570
58182
132766
141569
73280
179572
159455
157812
203870
289239
205857
123302
285885
307563
59715
332090
46653
114475
84163
129162
44508
67281
293548
226774
83237
352762
68307
73417
39725
35630
202175
232590
290789
44563
61851
27023
57339
228788
197546
252622
36511
44614
157264
195317
29074
159840
199846
182984
64249
337110
187954
120321
52429
23027
130604
245044
40263
320218
256872
190479
107506
190340
24098
81724
159503
94453
41842
150670
209561
163719
395519
172774
294806
253602
187096
363962
131271
166242
168109
113076
284677
85671
51047
51454
287601
298346
88977
15944
123017
85689
191991
182435
22456
219168
66392
370189
157857
151641
374469
347573
183217
259694
47714
24868
97753
61149
282678
12810
240965
297918
121129
6493
113588
111886
284303
12545
143664
353615
132937
73495
239788
95062
204572
183262
33215
175688
56347
183216
220176
309258
216543
254626
289104
33168
401857
117725
305742
77790
16493
328199
65091
133673
278727
328588
140203
389517
164275
109656
202673
61448
100235
129642
250317
13613
338582
54555
350667
164318
184377
49475
18776
74980
201886
52891
53518
217732
87435
143033
148116
132811
74947
250510
100036
318283
167545
133059
54965
189371
146419
358384
131127
304611
14288
32731
23456
339848
208304
37433
85430
266290
129672
163184
124534
16356
6834
352962
147710
246500
21715
141526
225154
180350
123943
343500
159287
6555
278009
14382
339092
66656
274306
14737
82738
82277
116834
234106
41844
40850
177085
379021
140400
60473
176717
237862
384707
271913
102783
378962
63517
80442
81721
134354
183066
73415
324115
4135
25503
55109
119328
113601
262557
67409
103091
296799
155626
23125
60746
73533
84309
291120
168599
16725
118158
143420
185975
347798
267254
32738
308077
156330
22263
141754
108695
83323
1622
31082
18322
193945
174962
99198
32147
90321
35753
-1
101293
180167
33938
35887
137401
82891
226560
139760
25254
149172
422833
284104
292308
47457
130437
173888
250561
171491
134971
71833
108725
86558
292365
119814
15168
209983
263708
207936
227590
41668
107789
48923
138672
54752
10577
398037
280441
66557
-1
1842
239339
174128
173126
195438
14212
122403
23853
79489
360485
255732
375488
25292
353020
93731
328990
160578
85033
225122
236466
149215
145842
22893
189797
146757
165259
51161
299198
119876
195467
139394
-1
56117
125907
316294
9770
409492
299984
131388
106987
149494
33603
82970
217077
83256
43429
165877
218706
363952
232970
27788
84086
350576
289282
138881
211694
116046
271431
244766
77739
364930
93444
189584
7661
22692
143846
313843
50389
107143
172852
250032
3503
187760
277010
30814
393939
191173
39721
251140
53988
96221
119520
218352
83723
178926
53210
133739
360702
29715
14452
72612
45537
174018
196835
75259
98568
206493
111152
224121
52604
127696
240474
151962
168951
214165
14665
51130
61449
82890
235904
155163
215375
290816
-1
85408
243408
132647
44426
236459
255863
13442
119381
23622
139020
189658
44422
19695
211467
68709
68267
27137
182632
117396
47181
144189
155474
128900
88320
200499
388522
105008
356137
67369
43156
192142
58087
70873
282973
270445
183826
95042
271200
35885
23071
392907
46965
221220
157656
256092
7726
54679
182912
95754
327187
-1
83142
192831
58235
238333
97435
99793
136590
40232
400680
130969
231774
191606
77056
121479
89775
117515
386655
52014
255600
279835
47891
37404
91484
49847
285843
327196
166504
214064
85222
43548
299966
116993
66829
116378
255951
25995
182795
45572
146337
203845
247789
141184
262685
37734
240804
27810
369785
50196
31693
378354
390113
256852
50941
121431
72611
118326
229842
59764
46941
206705
30292
149878
194259
135109
156508
109545
125400
137809
40077
239090
164576
320692
307177
32635
19543
281991
230582
47168
362555
98400
169461
56359
214734
9648
156291
25613
273032
285180
33147
3093
6952
337023
332297
158300
84534
162922
113949
25662
183306
228074
304354
391418
18422
272842
123542
28667
23540
200022
106470
52021
242993
377821
247770
58084
344081
44060
129856
255434
51871
73360
102580
259226
54778
191205
138951
256914
25202
39218
292417
204467
12657
124218
11761
240924
21423
295021
263889
35889
20448
60221
71869
198406
57805
332367
173879
248021
382254
8469
223178
1466
115423
337456
240262
2789
173370
118874
267145
-1
116517
27286
52614
127479
9863
147941
146470
31415
26736
28868
151965
15592
205265
283056
92247
122842
250004
22274
405996
21017
78549
80272
127882
159339
6030
16494
173402
74527
288129
138727
95472
216838
166776
52218
70878
32997
61153
298813
280110
196374
115576
34854
157210
366485
134516
364886
258192
347919
293347
49955
197375
42847
60335
80789
170071
103547
80498
92643
26305
232471
133061
147460
225259
241135
182623
51061
25610
128658
91440
190525
129869
160952
74922
173845
302779
69597
323077
304651
32457
281612
9789
79439
103563
6654
5153
289073
122414
153229
191919
47586
345134
48783
17903
188743
84993
76408
277676
179432
9625
82918
47159
92003
27143
307306
16099
272124
370700
176961
185590
35949
24323
309439
246840
263052
104117
180455
336804
13998
110229
289119
55459
125296
168578
309664
23084
122376
245849
300946
155279
189673
364077
23681
59729
135993
-1
111738
63627
81246
71840
49739
44102
115283
120461
67553
196686
119920
271224
107463
24909
188241
218764
49902
80032
