1 1000 979 10000
551 552 2582
599 600 8981
329 330 2091
628 629 1273
846 847 1835
41 42 5797
355 356 9008
317 318 3809
416 417 649
745 746 9894
414 415 2688
30 31 441
649 650 6733
544 545 1847
435 436 9919
910 911 6718
35 36 6817
180 181 7146
497 498 1875
397 398 2562
13 14 3241
780 781 4932
486 487 7832
91 92 3099
810 811 6449
154 155 5942
255 256 3248
770 771 7781
235 236 6410
463 464 6064
741 742 2692
880 881 3230
826 827 4245
921 922 4983
750 751 1930
274 275 7770
208 209 8157
269 270 4661
723 724 8173
68 69 6675
724 725 3440
222 223 1162
106 107 1485
39 40 4147
245 246 828
785 786 3819
108 109 1427
761 762 7459
965 966 1617
651 652 6544
725 726 7094
696 697 9192
389 390 6183
342 343 1542
749 750 8994
762 763 9537
98 99 4576
384 385 6574
349 350 8353
889 890 807
615 616 3672
847 848 7793
977 978 3589
906 907 1350
15 16 9182
782 783 983
0 1 2372
332 333 1975
868 869 3679
901 902 7599
223 224 3712
257 258 5659
985 986 9129
212 213 4594
950 951 3789
740 741 7088
786 787 1065
411 412 5553
756 757 6384
569 570 637
672 673 8663
191 192 7014
437 438 6287
198 199 4597
457 458 7567
341 342 638
642 643 3075
277 278 8484
930 931 3037
939 940 3802
974 975 1848
6 7 4271
450 451 4240
184 185 2559
892 893 5405
914 915 7897
666 667 87
530 531 2742
143 144 401
421 422 4643
78 79 6177
869 870 2330
913 914 6007
784 785 4126
845 846 4868
409 410 7509
864 865 5720
427 428 7803
604 605 3422
854 855 8750
496 497 4479
658 659 1203
513 514 4010
402 403 1026
241 242 1039
1 2 8027
957 958 6943
197 198 1048
659 660 5797
623 624 5217
471 472 7068
886 887 9569
137 138 4685
288 289 2313
753 754 4482
206 207 4469
390 391 2707
156 157 1072
476 477 8933
662 663 3971
67 68 8527
781 782 6108
302 303 9492
763 764 4168
710 711 2942
966 967 4985
326 327 1388
111 112 4737
525 526 276
936 937 7895
743 744 2837
331 332 6391
993 994 2382
380 381 2617
635 636 5452
638 639 5102
131 132 2350
323 324 7218
878 879 6732
667 668 2357
75 76 6788
984 985 4130
301 302 9017
176 177 3536
124 125 3392
992 993 9194
765 766 3548
797 798 3520
546 547 3184
337 338 9394
573 574 8088
233 234 1218
172 173 8138
820 821 2899
491 492 7707
500 501 4622
398 399 6886
639 640 1040
236 237 3250
688 689 673
446 447 5723
728 729 3235
358 359 9104
266 267 5685
764 765 8733
851 852 7801
250 251 6849
577 578 704
465 466 5586
469 470 9590
852 853 7258
884 885 1414
976 977 2244
49 50 5836
938 939 6979
621 622 1973
896 897 6097
109 110 5447
680 681 6271
716 717 6779
601 602 7350
33 34 9179
558 559 8010
948 949 1153
773 774 2827
549 550 3891
88 89 6385
574 575 8565
943 944 4998
612 613 1174
46 47 750
128 129 9638
788 789 1595
517 518 189
624 625 5861
803 804 5443
828 829 2060
973 974 4492
4 5 2943
48 49 85
328 329 8537
192 193 8159
122 123 1880
757 758 2681
456 457 6542
495 496 1626
90 91 5571
238 239 6395
163 164 6428
922 923 231
480 481 3227
400 401 5091
720 721 7038
955 956 5834
570 571 8979
563 564 1598
982 983 1363
401 402 491
555 556 8648
941 942 3210
70 71 8303
444 445 7784
240 241 3066
87 88 768
110 111 7993
8 9 547
289 290 9273
63 64 7548
166 167 8459
348 349 3939
586 587 5810
459 460 2711
951 952 4018
189 190 1323
321 322 6985
594 595 7468
566 567 1703
877 878 5938
86 87 1360
23 24 1428
138 139 6438
242 243 8313
283 284 7681
173 174 5830
366 367 4605
895 896 9385
704 705 518
485 486 569
303 304 1347
297 298 6792
539 540 4549
787 788 4720
579 580 9232
502 503 2905
738 739 4260
904 905 970
799 800 4025
333 334 3235
679 680 6105
214 215 9593
484 485 4627
478 479 9375
477 478 2317
95 96 8222
969 970 5111
52 53 9911
365 366 6854
97 98 5672
280 281 8542
360 361 5878
69 70 6064
247 248 624
801 802 3575
665 666 9761
707 708 1424
51 52 1182
626 627 436
859 860 8493
792 793 6701
36 37 6296
99 100 2655
490 491 3692
249 250 229
640 641 9240
550 551 7971
386 387 4452
958 959 1459
2 3 8276
633 634 6366
636 637 2522
499 500 158
399 400 3524
194 195 9851
819 820 6061
954 955 2494
789 790 282
521 522 6841
278 279 1463
746 747 2521
432 433 5774
760 761 4798
648 649 4371
336 337 4065
931 932 640
908 909 1086
18 19 7894
561 562 3393
572 573 5563
518 519 7701
983 984 5468
489 490 1746
637 638 669
994 995 60
121 122 3777
94 95 7117
990 991 1896
405 406 8639
474 475 7438
775 776 7837
715 716 2258
610 611 7902
825 826 427
804 805 7196
876 877 4360
632 633 5932
932 933 4129
620 621 6123
726 727 2945
730 731 2022
557 558 2294
619 620 4957
385 386 8886
675 676 9190
848 849 217
871 872 3703
103 104 3592
410 411 1585
441 442 2281
603 604 4775
556 557 5613
548 549 3316
949 950 8853
776 777 3466
174 175 2450
742 743 3493
927 928 1900
733 734 8650
812 813 2502
330 331 4635
146 147 7328
234 235 1687
732 733 1886
296 297 8479
130 131 3019
559 560 7903
367 368 2567
722 723 6506
942 943 1368
664 665 6591
721 722 3552
320 321 4311
37 38 4746
382 383 7841
698 699 1844
230 231 5331
139 140 7084
791 792 2653
61 62 3231
681 682 6686
568 569 2936
248 249 5718
865 866 805
492 493 5239
814 815 1394
338 339 8382
347 348 1037
580 581 4549
310 311 8482
256 257 6919
204 205 5821
361 362 7034
528 529 4063
806 807 9848
694 695 9751
187 188 458
161 162 8249
334 335 3266
304 305 3752
488 489 2218
873 874 5681
967 968 1067
26 27 29
975 976 9419
673 674 6670
436 437 4897
89 90 7271
346 347 3823
413 414 6867
498 499 3295
313 314 7122
149 150 2248
335 336 4550
105 106 2423
418 419 8132
374 375 2096
284 285 4623
142 143 662
916 917 9336
744 745 681
162 163 459
511 512 7404
344 345 1129
193 194 6610
104 105 6405
512 513 4289
833 834 6598
292 293 1076
924 925 9304
17 18 2037
524 525 9459
647 648 716
73 74 5586
66 67 1634
523 524 3371
126 127 5838
308 309 1292
867 868 7932
259 260 2685
534 535 1407
112 113 2291
575 576 8932
424 425 7304
769 770 9375
542 543 7413
472 473 1953
262 263 7478
148 149 156
307 308 1928
996 997 420
748 749 7972
12 13 1630
19 20 1398
823 824 3474
514 515 262
315 316 3170
989 990 3226
711 712 5638
643 644 441
81 82 8277
736 737 4206
657 658 4057
703 704 2722
676 677 5039
395 396 5328
232 233 161
422 423 7920
893 894 4712
368 369 4763
853 854 23
363 364 1083
862 863 4779
394 395 8925
598 599 8637
607 608 2670
917 918 2621
306 307 8797
200 201 6804
937 938 4580
207 208 1287
115 116 3019
11 12 9548
870 871 5479
74 75 1231
576 577 9689
9 10 7103
228 229 8975
920 921 1333
837 838 102
907 908 5968
971 972 4365
415 416 4408
929 930 6660
589 590 3501
376 377 8410
227 228 4998
448 449 7231
827 828 101
21 22 5724
178 179 4794
479 480 6022
80 81 738
816 817 7370
159 160 442
739 740 4044
339 340 9569
562 563 3591
838 839 7042
911 912 186
783 784 8417
653 654 2717
961 962 1788
381 382 9817
768 769 7838
933 934 8030
175 176 1811
501 502 5000
5 6 2736
231 232 3139
183 184 3259
898 899 2899
656 657 7807
217 218 5449
107 108 4070
116 117 7182
237 238 6728
630 631 4026
433 434 5337
734 735 4347
378 379 6257
3 4 4787
136 137 7049
606 607 1488
690 691 7973
120 121 4717
20 21 5336
547 548 6404
16 17 2213
417 418 1306
682 683 5203
54 55 438
261 262 3408
872 873 2198
881 882 8834
101 102 4214
327 328 9405
167 168 3460
322 323 6277
455 456 103
815 816 6446
440 441 3089
352 353 7242
928 929 2987
841 842 6929
713 714 2433
702 703 6743
294 295 8035
705 706 8564
944 945 9159
584 585 8314
34 35 7229
834 835 9706
655 656 8264
169 170 9192
529 530 1911
213 214 392
887 888 6824
431 432 3367
520 521 3111
144 145 1785
536 537 4686
43 44 1844
470 471 2634
946 947 8208
858 859 8397
677 678 3597
832 833 1772
299 300 2131
844 845 3705
290 291 6194
719 720 6460
691 692 9727
597 598 7581
461 462 7567
796 797 6066
970 971 2076
540 541 252
516 517 9700
997 998 6935
132 133 4711
141 142 6428
808 809 9501
430 431 5523
468 469 2947
830 831 2168
113 114 9051
567 568 3292
190 191 4044
795 796 7353
28 29 5853
60 61 9194
157 158 3909
211 212 5260
201 202 8254
981 982 4509
47 48 3489
687 688 6477
209 210 4105
42 43 4899
319 320 2759
182 183 961
671 672 7279
991 992 6658
885 886 8286
93 94 7011
661 662 2297
588 589 5930
151 152 1342
794 795 8931
59 60 5819
609 610 7844
709 710 8076
953 954 5450
286 287 7597
755 756 9187
316 317 2580
298 299 2849
272 273 1170
611 612 3844
824 825 2105
622 623 8251
979 980 4401
903 904 4169
684 685 6275
168 169 1926
84 85 3979
617 618 9970
359 360 4959
538 539 6915
123 124 1252
835 836 700
403 404 8708
900 901 5858
494 495 3388
158 159 4101
692 693 6777
836 837 4190
565 566 8072
452 453 6862
616 617 5921
505 506 3452
375 376 8828
945 946 1319
618 619 5251
371 372 5989
771 772 9728
674 675 2944
526 527 6261
215 216 2685
244 245 7160
451 452 6133
357 358 8557
76 77 7307
888 889 3558
462 463 193
71 72 7926
407 408 1320
181 182 3570
693 694 9366
627 628 5499
809 810 1663
350 351 8627
811 812 9724
866 867 6811
362 363 9921
31 32 8828
449 450 266
285 286 4718
282 283 3009
420 421 9924
963 964 2074
391 392 4738
177 178 1990
891 892 4823
343 344 964
165 166 879
216 217 550
790 791 7525
221 222 1036
503 504 9814
428 429 4601
805 806 3276
387 388 2254
179 180 8695
188 189 7261
631 632 5091
793 794 7048
695 696 6457
467 468 5463
196 197 1550
890 891 4473
72 73 1266
735 736 1559
602 603 867
140 141 3732
419 420 9256
40 41 437
147 148 2459
155 156 1790
22 23 8049
708 709 6439
351 352 5705
243 244 9385
585 586 9057
670 671 9393
10 11 7727
905 906 4341
582 583 9574
947 948 8682
383 384 9989
701 702 2417
57 58 42
591 592 6596
608 609 5115
481 482 6163
706 707 7929
861 862 2914
507 508 91
894 895 591
239 240 8383
856 857 4769
318 319 5654
660 661 6860
58 59 4931
24 25 7941
373 374 3297
82 83 7914
246 247 290
817 818 5596
150 151 4979
252 253 8887
312 313 886
644 645 8874
27 28 3967
152 153 814
537 538 3163
882 883 7054
445 446 7895
902 903 8169
587 588 8264
531 532 2942
354 355 8750
439 440 2738
807 808 2218
831 832 7458
364 365 4823
218 219 6360
519 520 488
263 264 4748
220 221 9089
645 646 7202
759 760 4874
129 130 1013
205 206 308
802 803 9413
850 851 6931
44 45 4015
650 651 8516
429 430 340
641 642 1968
919 920 1824
596 597 433
543 544 8153
442 443 9699
392 393 7314
133 134 656
614 615 5911
960 961 1182
268 269 7125
968 969 9342
504 505 3922
473 474 4544
38 39 6440
798 799 1777
843 844 8110
592 593 1903
532 533 8519
915 916 9009
629 630 7772
426 427 5836
203 204 4425
309 310 81
766 767 6494
934 935 7896
29 30 4971
879 880 2895
522 523 5065
918 919 4844
818 819 6483
311 312 6613
202 203 3478
224 225 8985
727 728 867
254 255 7582
160 161 6993
634 635 1912
291 292 645
62 63 1532
270 271 5847
883 884 4012
842 843 8959
171 172 8633
875 876 6570
102 103 7542
774 775 480
293 294 3487
7 8 2566
100 101 3217
590 591 5582
379 380 4179
669 670 7255
952 953 4000
25 26 2976
92 93 2874
899 900 7844
210 211 648
752 753 3907
258 259 7776
729 730 710
593 594 8880
453 454 6445
396 397 9729
135 136 4608
372 373 3919
164 165 4281
940 941 4563
226 227 8148
443 444 6538
466 467 2715
685 686 4614
50 51 2025
533 534 9684
527 528 3564
125 126 4176
32 33 6046
956 957 1581
153 154 7703
714 715 8452
170 171 8398
849 850 3571
265 266 2835
356 357 5923
758 759 8115
199 200 3550
800 801 5713
300 301 9523
353 354 972
186 187 6366
64 65 7001
564 565 6802
552 553 3384
493 494 5973
857 858 1921
863 864 8174
273 274 5201
195 196 1919
600 601 17
377 378 1834
747 748 7794
65 66 409
987 988 3186
959 960 2269
83 84 6005
264 265 3768
535 536 7789
554 555 2583
325 326 6392
464 465 1393
840 841 2249
305 306 1781
988 989 1344
127 128 8195
998 999 7293
45 46 4891
583 584 4527
482 483 5667
560 561 6149
438 439 1796
56 57 6769
668 669 4381
595 596 9772
345 346 9204
447 448 2309
925 926 5437
912 913 7346
700 701 1760
545 546 9626
145 146 3411
117 118 6384
777 778 5488
821 822 9018
683 684 6089
995 996 2065
962 963 9736
926 927 33
369 370 3908
678 679 3191
53 54 5525
425 426 8193
423 424 3894
487 488 6031
55 56 6612
686 687 6222
119 120 7932
85 86 8259
699 700 8377
118 119 9661
229 230 7465
404 405 2799
855 856 100
646 647 2611
779 780 3396
972 973 7308
663 664 1293
406 407 6581
408 409 3441
412 413 2909
388 389 3775
434 435 6720
96 97 2287
134 135 5594
509 510 3748
625 626 9115
697 698 5090
751 752 4103
324 325 1935
515 516 2355
553 554 4457
654 655 9268
772 773 2548
613 614 4817
279 280 4055
276 277 5772
260 261 6079
541 542 7104
475 476 7759
219 220 4877
652 653 2699
581 582 5416
510 511 4868
964 965 8356
275 276 7658
458 459 8025
287 288 1811
978 979 3011
571 572 4519
79 80 5771
829 830 4454
909 910 7391
253 254 5053
295 296 19
460 461 8131
225 226 3475
506 507 3660
935 936 3991
251 252 5901
267 268 5320
712 713 2098
689 690 5215
340 341 2791
185 186 5531
718 719 2641
454 455 2649
508 509 7516
813 814 3695
860 861 8685
578 579 5784
483 484 8189
281 282 7401
114 115 5425
0 213
0 561
0 454
0 619
0 581
0 889
0 584
0 705
0 576
0 457
0 362
0 814
0 296
0 2
0 523
0 318
0 158
0 880
0 788
0 962
0 840
0 310
0 530
0 63
0 160
0 160
0 14
0 257
0 938
0 209
0 765
0 208
0 521
0 940
0 427
0 992
0 647
0 430
0 191
0 100
0 827
0 637
0 665
0 880
0 701
0 397
0 917
0 151
0 53
0 893
0 803
0 127
0 812
0 190
0 365
0 976
0 918
0 404
0 747
0 615
0 921
0 971
0 668
0 609
0 681
0 546
0 290
0 290
0 686
0 561
0 886
0 645
0 927
0 942
0 283
0 970
0 426
0 559
0 189
0 155
0 905
0 251
0 613
0 11
0 926
0 903
0 448
0 557
0 474
0 443
0 707
0 972
0 292
0 697
0 425
0 944
0 384
0 687
0 972
0 465
0 471
0 887
0 440
0 623
0 707
0 830
0 901
0 401
0 882
0 783
0 732
0 969
0 375
0 300
0 713
0 13
0 459
0 882
0 433
0 5
0 611
0 702
0 349
0 79
0 875
0 575
0 563
0 266
0 479
0 110
0 381
0 24
0 305
0 545
0 326
0 436
0 659
0 163
0 29
0 300
0 377
0 898
0 920
0 454
0 363
0 877
0 429
0 585
0 634
0 444
0 759
0 888
0 55
0 421
0 691
0 401
0 131
0 860
0 819
0 231
0 850
0 588
0 655
0 105
0 668
0 945
0 99
0 736
0 223
0 493
0 478
0 123
0 127
0 55
0 590
0 558
0 229
0 865
0 337
0 966
0 599
0 507
0 690
0 652
0 726
0 323
0 919
0 860
0 116
0 862
0 490
0 982
0 993
0 556
0 800
0 968
0 97
0 310
0 365
0 860
0 857
0 309
0 953
0 809
0 360
0 285
0 515
0 1
0 819
0 363
0 921
0 359
0 165
0 728
0 548
0 57
0 46
0 417
0 758
0 313
0 166
0 263
0 656
0 431
0 55
0 615
0 112
0 687
0 453
0 469
0 735
0 528
0 784
0 861
0 598
0 81
0 208
0 347
0 922
0 532
0 751
0 800
0 403
0 298
0 464
0 425
0 289
0 461
0 903
0 150
0 134
0 996
0 619
0 16
0 608
0 55
0 550
0 956
0 305
0 234
0 809
0 942
0 362
0 20
0 406
0 104
0 995
0 492
0 883
0 55
0 599
0 149
0 290
0 760
0 621
0 247
0 29
0 43
0 787
0 509
0 189
0 891
0 688
0 302
0 37
0 20
0 334
0 427
0 29
0 423
0 648
0 576
0 830
0 770
0 616
0 117
0 534
0 78
0 950
0 956
0 278
0 940
0 835
0 414
0 161
0 737
0 544
0 628
0 569
0 389
0 918
0 529
0 9
0 844
0 725
0 293
0 881
0 266
0 400
0 911
0 128
0 562
0 333
0 30
0 586
0 4
0 694
0 799
0 531
0 938
0 502
0 795
0 435
0 731
0 673
0 37
0 243
0 282
0 217
0 125
0 653
0 854
0 658
0 35
0 121
0 846
0 105
0 380
0 927
0 595
0 904
0 545
0 983
0 224
0 442
0 606
0 17
0 850
0 523
0 625
0 11
0 754
0 120
0 811
0 247
0 673
0 961
0 175
0 958
0 2
0 74
0 119
0 10
0 205
0 292
0 276
0 573
0 844
0 417
0 521
0 497
0 76
0 450
0 56
0 772
0 95
0 743
0 164
0 992
0 37
0 592
0 838
0 66
0 87
0 471
0 736
0 37
0 524
0 700
0 743
0 428
0 803
0 152
0 117
0 246
0 52
0 425
0 601
0 844
0 325
0 472
0 65
0 360
0 925
0 938
0 51
0 380
0 925
0 138
0 635
0 847
0 902
0 206
0 889
0 888
0 366
0 447
0 383
0 657
0 953
0 274
0 679
0 938
0 734
0 776
0 665
0 242
0 530
0 842
0 604
0 219
0 979
0 193
0 169
0 525
0 911
0 894
0 657
0 918
0 434
0 220
0 198
0 765
0 638
0 479
0 212
0 115
0 58
0 489
0 644
0 530
0 124
0 48
0 824
0 831
0 619
0 620
0 811
0 886
0 640
0 813
0 649
0 716
0 807
0 110
0 208
0 371
0 93
0 971
0 999
0 334
0 344
0 538
0 746
0 818
0 652
0 570
0 851
0 26
0 723
0 932
0 891
0 340
0 376
0 631
0 315
0 111
0 384
0 49
0 776
0 20
0 631
0 834
0 723
0 673
0 187
0 136
0 808
0 215
0 961
0 118
0 881
0 561
0 377
0 418
0 136
0 215
0 687
0 837
0 708
0 547
0 268
0 978
0 536
0 313
0 200
0 79
0 248
0 539
0 302
0 618
0 589
0 187
0 894
0 414
0 116
0 434
0 253
0 60
0 225
0 13
0 68
0 87
0 326
0 974
0 548
0 141
0 100
0 556
0 846
0 181
0 480
0 993
0 99
0 901
0 229
0 725
0 546
0 555
0 41
0 959
0 769
0 912
0 652
0 829
0 490
0 976
0 241
0 636
0 783
0 492
0 363
0 854
0 104
0 689
0 775
0 509
0 568
0 886
0 191
0 871
0 398
0 218
0 794
0 748
0 642
0 45
0 64
0 284
0 371
0 32
0 375
0 828
0 955
0 364
0 839
0 430
0 206
0 166
0 646
0 16
0 753
0 61
0 395
0 800
0 29
0 86
0 634
0 219
0 683
0 67
0 39
0 22
0 369
0 949
0 721
0 627
0 842
0 116
0 652
0 486
0 736
0 221
0 441
0 352
0 430
0 632
0 346
0 931
0 762
0 780
0 363
0 82
0 266
0 645
0 351
0 178
0 828
0 14
0 717
0 849
0 668
0 731
0 924
0 37
0 220
0 21
0 313
0 550
0 425
0 184
0 657
0 682
0 758
0 184
0 894
0 439
0 846
0 530
0 650
0 344
0 940
0 712
0 501
0 78
0 172
0 560
0 176
0 642
0 543
0 927
0 830
0 767
0 840
0 278
0 742
0 173
0 877
0 880
0 363
0 304
0 314
0 575
0 997
0 234
0 390
0 260
0 706
0 831
0 509
0 793
0 937
0 260
0 697
0 746
0 347
0 864
0 866
0 778
0 813
0 771
0 551
0 281
0 153
0 481
0 645
0 739
0 417
0 454
0 94
0 442
0 771
0 635
0 986
0 662
0 836
0 838
0 423
0 334
0 468
0 845
0 90
0 790
0 768
0 302
0 263
0 816
0 375
0 955
0 939
0 986
0 684
0 234
0 718
0 861
0 672
0 732
0 952
0 830
0 286
0 301
0 46
0 822
0 497
0 657
0 355
0 243
0 362
0 285
0 343
0 597
0 360
0 67
0 551
0 321
0 202
0 994
0 867
0 163
0 767
0 709
0 327
0 990
0 435
0 186
0 830
0 518
0 979
0 93
0 815
0 198
0 309
0 794
0 135
0 823
0 39
0 124
0 843
0 654
0 384
0 37
0 304
0 184
0 168
0 901
0 476
0 412
0 141
0 982
0 137
0 585
0 805
0 417
0 267
0 892
0 663
0 824
0 891
0 553
0 730
0 192
0 274
0 121
0 713
0 448
0 262
0 771
0 860
0 388
0 975
0 873
0 900
0 335
0 459
0 528
0 220
0 44
0 642
0 871
0 323
0 810
0 740
0 927
0 1
0 120
0 252
0 980
0 763
0 809
0 737
0 814
0 803
0 922
0 185
0 270
0 420
0 410
0 677
0 658
0 4
0 183
0 974
0 656
0 299
0 692
0 603
0 569
0 946
0 19
0 810
0 699
0 970
0 115
0 305
0 243
0 666
0 707
0 51
0 46
0 726
0 703
0 293
0 165
0 41
0 616
0 377
0 942
0 366
0 954
0 143
0 142
0 918
0 126
0 786
0 312
0 798
0 878
0 703
0 426
0 862
0 511
0 909
0 261
0 585
0 902
0 579
0 64
0 765
0 49
0 558
0 126
0 464
0 83
0 961
0 584
0 250
0 291
0 119
0 770
0 218
0 808
0 263
0 444
0 20
0 805
0 508
0 932
0 949
0 794
0 218
0 618
0 232
0 353
0 695
0 856
0 607
0 765
0 528
0 982
0 688
0 368
0 404
0 718
0 453
0 110
0 612
0 181
0 441
0 175
0 83
0 12
0 294
0 296
0 815
0 878
0 413
0 159
0 878
0 753
0 340
0 540
0 247
0 739
0 372
0 360
0 494
0 31
0 279
0 278
0 110
0 938
0 404
0 232
0 206
0 84
0 512
0 572
0 856
0 921
0 486
0 421
0 130
0 794
0 784
0 857
0 621
0 379
0 169
0 168
0 631
0 67
0 36
0 354
0 756
0 741
0 826
0 357
0 72
0 893
0 19
0 407
0 603
0 862
0 310
0 628
0 669
0 539
0 564
0 158
0 7
0 638
0 591
0 34
0 824
0 438
0 870
0 787
0 789
0 267
0 68
0 179
0 810
0 416
0 197
0 621
0 357
0 65
0 921
0 486
0 992
0 685
0 510
0 443
0 144
0 198
0 87
0 493
0 213
0 719
0 931
0 771
0 888
0 429
0 714
0 966
0 546
0 471
0 858
0 751
0 956
0 326
0 908
0 943
0 524
0 46
0 875
0 509
0 50
0 842
0 176
0 233
0 67
0 659
0 648
0 441
0 786
0 614
0 216
0 197
0 426
0 405
0 540
0 949
0 546
0 872
0 656
0 753
0 621
0 634
0 371
0 648
0 325
0 34
0 113
0 761
0 810
0 344
0 332
0 166
0 281
0 348
0 911
0 8
0 579
0 97
0 765
0 192
0 777
0 737
0 188
0 986
0 297
0 444
0 781
0 871
0 789
0 326
0 100
0 75
0 424
0 330
0 905
0 705
0 225
0 672
0 377
0 674
0 110
0 728
0 721
0 818
0 962
0 617
0 815
0 115
0 467
0 816
0 708
0 204
0 372
0 176
0 892
0 617
0 258
0 267
0 593
0 956
0 318
0 414
0 22
0 597
0 345
0 923
0 381
0 178
0 53
0 706
0 721
0 389
0 635
0 87
0 19
0 871
0 682
0 698
0 959
0 973
0 286
0 18
0 831
0 533
0 648
0 755
0 521
0 624
0 41
0 216
0 876
0 108
0 15
0 557
0 193
0 443
0 962
0 876
0 101
0 123
0 522
0 753
0 204
0 89
0 609
0 571
0 602
0 972
0 59
0 678
0 150
0 705
0 356
0 809
0 741
0 833
0 881
0 841
0 683
0 57
0 592
0 452
0 138
0 204
0 245
0 346
0 372
0 32
0 732
0 145
0 881
0 256
0 382
0 619
0 254
0 618
0 782
0 849
0 879
0 419
0 300
0 66
0 228
0 122
0 48
0 740
0 818
0 600
0 535
0 279
0 299
0 5
0 342
0 247
0 330
0 841
0 120
0 330
0 258
0 940
0 371
0 516
0 207
0 552
0 567
0 761
0 773
0 785
0 744
0 435
0 524
0 258
0 149
0 416
0 384
0 689
0 654
0 64
0 905
0 417
0 102
0 862
0 389
0 805
0 581
0 754
0 376
0 258
0 25
0 228
0 622
0 247
0 561
0 924
0 47
0 537
0 83
0 340
0 213
0 711
0 679
0 608
0 812
0 290
0 801
0 260
0 122
0 688
0 943
0 834
0 333
0 271
0 289
0 53
0 48
0 65
0 74
0 715
0 338
0 630
0 82
0 800
0 608
0 488
0 881
0 15
0 511
0 268
0 760
0 380
0 251
0 978
0 486
0 853
0 513
0 171
0 87
0 562
0 9
0 93
0 229
0 516
0 809
0 465
0 602
0 810
0 18
0 134
0 330
0 467
0 422
0 226
0 301
0 848
0 180
0 753
0 208
0 923
0 979
0 210
0 438
0 56
0 60
0 746
0 682
0 959
0 567
0 884
0 372
0 355
0 510
0 232
0 206
0 241
0 374
0 586
0 765
0 896
0 131
0 335
0 921
0 740
0 829
0 131
0 953
0 94
0 442
0 763
0 765
0 941
0 441
0 46
0 691
0 996
0 957
0 310
0 659
0 238
0 192
0 282
0 307
0 743
0 309
0 905
0 398
0 135
0 818
0 191
0 946
0 770
0 298
0 889
0 127
0 184
0 309
0 121
0 579
0 605
0 916
0 828
0 756
0 663
0 232
0 533
0 82
0 585
0 418
0 988
0 506
0 585
0 183
0 506
0 714
0 47
0 832
0 753
0 495
0 344
0 712
0 547
0 349
0 720
0 13
0 823
0 628
0 906
0 869
0 544
0 8
0 659
0 900
0 692
0 467
0 85
0 130
0 734
0 351
0 164
0 941
0 675
0 676
0 68
0 889
0 700
0 143
0 488
0 133
0 587
0 817
0 67
0 864
0 164
0 753
0 967
0 203
0 455
0 474
0 426
0 383
0 387
0 430
0 212
0 226
0 451
0 371
0 764
0 221
0 949
0 482
0 137
0 467
0 365
0 488
0 646
0 246
0 492
0 821
0 800
0 207
0 635
0 684
0 501
0 60
0 924
0 251
0 770
0 88
0 370
0 490
0 721
0 681
0 710
0 328
0 360
0 467
0 9
0 789
0 863
0 931
0 383
0 316
0 513
0 35
0 971
0 33
0 934
0 416
0 986
0 207
0 354
0 744
0 557
0 676
0 887
0 332
0 885
0 199
0 182
0 350
0 966
0 209
0 729
0 190
0 29
0 597
0 439
0 913
0 76
0 743
0 212
0 673
0 120
0 357
0 406
0 754
0 976
0 870
0 420
0 905
0 126
0 212
0 363
0 894
0 949
0 145
0 191
0 866
0 93
0 788
0 573
0 252
0 694
0 29
0 519
0 543
0 973
0 865
0 907
0 768
0 601
0 630
0 57
0 916
0 842
0 612
0 536
0 549
0 294
0 317
0 375
0 183
0 322
0 185
0 990
0 171
0 360
0 309
0 322
0 240
0 791
0 580
0 405
0 997
0 665
0 455
0 798
0 369
0 166
0 422
0 682
0 899
0 322
0 794
0 559
0 796
0 315
0 298
0 245
0 816
0 818
0 479
0 244
0 478
0 122
0 769
0 310
0 986
0 613
0 148
0 580
0 804
0 579
0 44
0 498
0 795
0 99
0 366
0 649
0 439
0 999
0 519
0 902
0 23
0 484
0 574
0 46
0 883
0 17
0 643
0 922
0 274
0 521
0 291
0 683
0 743
0 958
0 65
0 833
0 27
0 627
0 505
0 336
0 154
0 660
0 991
0 912
0 573
0 19
0 955
0 921
0 192
0 513
0 253
0 117
0 632
0 992
0 891
0 253
0 644
0 182
0 566
0 993
0 721
0 897
0 993
0 592
0 921
0 19
0 700
0 432
0 419
0 310
0 618
0 79
0 813
0 323
0 335
0 899
0 252
0 927
0 72
0 386
0 120
0 483
0 357
0 693
0 987
0 148
0 267
0 687
0 840
0 262
0 160
0 764
0 861
0 204
0 889
0 286
0 465
0 233
0 706
0 638
0 459
0 700
0 763
0 299
0 249
0 14
0 522
0 533
0 918
0 75
0 462
0 524
0 811
0 497
0 838
0 138
0 495
0 650
0 220
0 630
0 426
0 959
0 96
0 860
0 789
0 230
0 394
0 552
0 535
0 371
0 544
0 277
0 511
0 684
0 351
0 468
0 818
0 55
0 801
0 619
0 533
0 992
0 3
0 973
0 987
0 308
0 42
0 365
0 850
0 333
0 417
0 360
0 88
0 130
0 714
0 281
0 549
0 721
0 545
0 21
0 42
0 356
0 595
0 882
0 698
0 255
0 443
0 870
0 638
0 612
0 281
0 135
0 830
0 426
0 307
0 184
0 222
0 629
0 207
0 52
0 436
0 951
0 696
0 673
0 72
0 134
0 266
0 13
0 40
0 3
0 307
0 676
0 973
0 653
0 183
0 571
0 871
0 983
0 389
0 613
0 170
0 752
0 357
0 166
0 193
0 760
0 384
0 125
0 432
0 402
0 18
0 963
0 365
0 637
0 350
0 887
0 128
0 958
0 459
0 151
0 870
0 739
0 370
0 440
0 67
0 786
0 954
0 214
0 379
0 67
0 750
0 624
0 418
0 192
0 601
0 796
0 168
0 74
0 849
0 405
0 215
0 438
0 867
0 853
0 979
0 376
0 382
0 169
0 963
0 649
0 896
0 98
0 282
0 762
0 410
0 139
0 57
0 135
0 810
0 318
0 115
0 271
0 344
0 602
0 239
0 169
0 132
0 797
0 376
0 849
0 432
0 230
0 271
0 602
0 967
0 869
0 13
0 886
0 858
0 432
0 408
0 928
0 970
0 117
0 220
0 845
0 125
0 299
0 2
0 961
0 581
0 226
0 545
0 136
0 167
0 302
0 689
0 696
0 573
0 755
0 574
0 463
0 599
0 917
0 945
0 297
0 954
0 447
0 541
0 838
0 747
0 907
0 263
0 774
0 366
0 88
0 659
0 147
0 143
0 425
0 91
0 162
0 830
0 945
0 570
0 195
0 480
0 501
0 673
0 715
0 883
0 785
0 586
0 785
0 463
0 725
0 102
0 968
0 678
0 184
0 887
0 901
0 667
0 91
0 574
0 58
0 285
0 42
0 296
0 510
0 894
0 269
0 266
0 354
0 797
0 769
0 20
0 727
0 932
0 21
0 626
0 615
0 393
0 830
0 643
0 162
0 35
0 288
0 374
0 626
0 777
0 850
0 635
0 762
0 163
0 148
0 477
0 124
0 572
0 570
0 344
0 494
0 325
0 780
0 884
0 14
0 215
0 336
0 810
0 392
0 94
0 495
0 472
0 773
0 778
0 358
0 771
0 857
0 745
0 831
0 554
0 60
0 211
0 191
0 595
0 529
0 374
0 672
0 996
0 585
0 204
0 182
0 699
0 167
0 630
0 807
0 9
0 819
0 582
0 639
0 630
0 221
0 258
0 740
0 287
0 765
0 506
0 897
0 238
0 844
0 936
0 61
0 105
0 470
0 318
0 867
0 532
0 306
0 924
0 106
0 575
0 238
0 833
0 755
0 565
0 710
0 744
0 686
0 636
0 181
0 535
0 942
0 78
0 83
0 681
0 937
0 21
0 436
0 140
0 495
0 683
0 308
0 97
0 702
0 790
0 194
0 928
0 46
0 871
0 809
0 13
0 310
0 759
0 146
0 601
0 68
0 291
0 686
0 867
0 448
0 915
0 390
0 270
0 745
0 22
0 187
0 91
0 703
0 306
0 341
0 87
0 311
0 321
0 422
0 330
0 420
0 815
0 466
0 599
0 803
0 100
0 238
0 553
0 377
0 504
0 398
0 357
0 912
0 267
0 5
0 295
0 124
0 105
0 142
0 528
0 732
0 750
0 34
0 477
0 54
0 293
0 88
0 804
0 184
0 783
0 647
0 68
0 901
0 485
0 575
0 727
0 554
0 692
0 997
0 110
0 901
0 86
0 968
0 236
0 817
0 641
0 977
0 183
0 361
0 263
0 46
0 89
0 704
0 705
0 857
0 130
0 853
0 199
0 614
0 48
0 924
0 854
0 236
0 921
0 393
0 353
0 415
0 912
0 464
0 839
0 807
0 898
0 982
0 309
0 209
0 236
0 298
0 6
0 411
0 859
0 713
0 679
0 193
0 318
0 847
0 795
0 205
0 424
0 485
0 34
0 939
0 91
0 526
0 900
0 77
0 501
0 981
0 19
0 364
0 148
0 80
0 765
0 93
0 250
0 449
0 696
0 518
0 620
0 484
0 955
0 582
0 545
0 623
0 548
0 95
0 117
0 260
0 846
0 45
0 523
0 45
0 650
0 624
0 765
0 604
0 364
0 677
0 202
0 942
0 501
0 75
0 972
0 450
0 504
0 960
0 575
0 122
0 988
0 114
0 589
0 6
0 268
0 251
0 699
0 126
0 587
0 686
0 782
0 833
0 349
0 331
0 193
0 825
0 398
0 826
0 393
0 731
0 216
0 255
0 980
0 71
0 828
0 853
0 506
0 34
0 521
0 429
0 527
0 800
0 490
0 168
0 939
0 246
0 400
0 666
0 323
0 684
0 804
0 904
0 202
0 793
0 882
0 978
0 414
0 28
0 923
0 99
0 34
0 260
0 270
0 163
0 13
0 151
0 706
0 912
0 763
0 81
0 277
0 764
0 514
0 319
0 170
0 409
0 554
0 693
0 305
0 979
0 366
0 503
0 749
0 621
0 655
0 641
0 708
0 777
0 823
0 496
0 546
0 968
0 958
0 483
0 708
0 453
0 478
0 524
0 687
0 188
0 23
0 741
0 732
0 318
0 179
0 110
0 32
0 153
0 478
0 471
0 223
0 394
0 91
0 455
0 999
0 722
0 887
0 710
0 339
0 233
0 639
0 537
0 252
0 86
0 540
0 846
0 622
0 44
0 109
0 353
0 152
0 980
0 827
0 800
0 330
0 801
0 785
0 991
0 452
0 557
0 574
0 843
0 551
0 280
0 242
0 463
0 634
0 811
0 172
0 39
0 663
0 263
0 348
0 45
0 98
0 887
0 923
0 309
0 99
0 74
0 671
0 869
0 78
0 452
0 590
0 883
0 616
0 700
0 779
0 10
0 899
0 13
0 997
0 955
0 35
0 73
0 329
0 637
0 578
0 641
0 965
0 137
0 566
0 431
0 205
0 829
0 241
0 270
0 196
0 114
0 4
0 885
0 659
0 422
0 259
0 621
0 909
0 794
0 410
0 537
0 278
0 959
0 642
0 367
0 693
0 860
0 59
0 451
0 934
0 429
0 200
0 550
0 972
0 772
0 948
0 261
0 359
0 587
0 16
0 258
0 732
0 888
0 735
0 635
0 479
0 875
0 566
0 98
0 689
0 214
0 246
0 608
0 623
0 557
0 605
0 368
0 522
0 954
0 8
0 245
0 271
0 292
0 469
0 112
0 709
0 800
0 907
0 354
0 588
0 737
0 997
0 12
0 654
0 778
0 574
0 119
0 69
0 99
0 272
0 864
0 134
0 928
0 983
0 801
0 332
0 797
0 894
0 125
0 108
0 731
0 257
0 761
0 719
0 901
0 272
0 867
0 813
0 931
0 797
0 404
0 819
0 480
0 52
0 787
0 905
0 209
0 887
0 154
0 896
0 373
0 762
0 313
0 644
0 233
0 230
0 229
0 78
0 31
0 413
0 538
0 325
0 482
0 583
0 368
0 337
0 978
0 627
0 698
0 638
0 701
0 305
0 565
0 135
0 610
0 959
0 355
0 639
0 224
0 460
0 312
0 929
0 339
0 477
0 770
0 984
0 736
0 406
0 218
0 630
0 967
0 154
0 146
0 114
0 263
0 828
0 457
0 596
0 402
0 187
0 380
0 98
0 854
0 923
0 348
0 359
0 196
0 962
0 132
0 671
0 588
0 752
0 709
0 825
0 10
0 508
0 288
0 603
0 97
0 194
0 812
0 71
0 993
0 573
0 998
0 920
0 738
0 464
0 186
0 65
0 798
0 157
0 389
0 963
0 433
0 15
0 841
0 580
0 150
0 753
0 672
0 818
0 415
0 392
0 707
0 977
0 827
0 821
0 627
0 471
0 725
0 631
0 845
0 910
0 987
0 983
0 691
0 51
0 302
0 487
0 679
0 700
0 471
0 820
0 636
0 702
0 166
0 38
0 778
0 26
0 337
0 270
0 140
0 367
0 792
0 31
0 639
0 579
0 618
0 16
0 622
0 521
0 279
0 318
0 966
0 802
0 727
0 69
0 955
0 910
0 165
0 993
0 559
0 316
0 957
0 28
0 11
0 406
0 666
0 278
0 950
0 484
0 754
0 936
0 239
0 619
0 841
0 213
0 826
0 823
0 239
0 849
0 5
0 833
0 176
0 6
0 273
0 100
0 861
0 183
0 468
0 451
0 597
0 506
0 936
0 826
0 779
0 958
0 672
0 349
0 594
0 231
0 912
0 83
0 170
0 331
0 269
0 58
0 562
0 561
0 579
0 28
0 200
0 37
0 305
0 734
0 811
0 924
0 645
0 250
0 924
0 915
0 716
0 619
0 875
0 27
0 745
0 231
0 25
0 697
0 866
0 45
0 723
0 200
0 532
0 58
0 348
0 327
0 181
0 5
0 853
0 800
0 21
0 728
0 479
0 4
0 421
0 244
0 931
0 946
0 471
0 759
0 28
0 719
0 648
0 82
0 824
0 755
0 768
0 803
0 235
0 188
0 649
0 70
0 710
0 427
0 4
0 414
0 476
0 379
0 401
0 534
0 475
0 856
0 764
0 337
0 257
0 455
0 803
0 773
0 451
0 131
0 630
0 205
0 690
0 88
0 238
0 555
0 737
0 789
0 867
0 831
0 141
0 868
0 115
0 127
0 704
0 987
0 623
0 854
0 66
0 557
0 757
0 944
0 107
0 496
0 433
0 95
0 858
0 364
0 17
0 767
0 145
0 943
0 839
0 461
0 290
0 586
0 274
0 454
0 537
0 134
0 437
0 587
0 750
0 288
0 797
0 156
0 871
0 690
0 387
0 489
0 469
0 831
0 206
0 790
0 662
0 67
0 47
0 382
0 898
0 885
0 906
0 527
0 956
0 281
0 557
0 128
0 487
0 733
0 938
0 994
0 375
0 921
0 955
0 626
0 658
0 618
0 418
0 633
0 81
0 303
0 296
0 15
0 422
0 606
0 701
0 402
0 871
0 578
0 123
0 831
0 514
0 482
0 174
0 415
0 230
0 522
0 41
0 744
0 625
0 510
0 791
0 545
0 232
0 566
0 416
0 247
0 263
0 866
0 304
0 492
0 850
0 192
0 366
0 845
0 369
0 590
0 659
0 837
0 547
0 772
0 616
0 504
0 123
0 624
0 715
0 224
0 556
0 444
0 893
0 208
0 448
0 7
0 32
0 168
0 228
0 980
0 925
0 420
0 560
0 849
0 274
0 885
0 222
0 221
0 742
0 570
0 484
0 351
0 406
0 24
0 433
0 229
0 662
0 595
0 576
0 392
0 706
0 898
0 930
0 136
0 800
0 867
0 209
0 121
0 922
0 7
0 728
0 56
0 320
0 862
0 614
0 693
0 619
0 153
0 520
0 215
0 606
0 321
0 809
0 483
0 425
0 120
0 116
0 619
0 201
0 794
0 850
0 722
0 84
0 493
0 104
0 47
0 99
0 498
0 361
0 563
0 999
0 684
0 407
0 898
0 667
0 769
0 754
0 781
0 672
0 726
0 252
0 656
0 655
0 928
0 280
0 198
0 129
0 413
0 827
0 279
0 476
0 128
0 757
0 82
0 165
0 331
0 847
0 168
0 731
0 950
0 10
0 709
0 23
0 401
0 448
0 786
0 701
0 746
0 69
0 187
0 291
0 438
0 15
0 781
0 405
0 101
0 704
0 22
0 26
0 117
0 299
0 8
0 712
0 297
0 877
0 917
0 928
0 466
0 758
0 992
0 990
0 551
0 618
0 964
0 987
0 242
0 420
0 147
0 384
0 168
0 796
0 58
0 49
0 132
0 614
0 788
0 799
0 551
0 101
0 911
0 327
0 531
0 721
0 242
0 932
0 27
0 976
0 167
0 807
0 435
0 806
0 846
0 441
0 818
0 606
0 390
0 803
0 558
0 75
0 930
0 998
0 72
0 493
0 360
0 959
0 341
0 698
0 876
0 607
0 324
0 430
0 849
0 134
0 310
0 92
0 728
0 560
0 582
0 253
0 147
0 984
0 434
0 837
0 165
0 935
0 69
0 64
0 372
0 758
0 895
0 117
0 546
0 781
0 134
0 772
0 453
0 349
0 197
0 5
0 738
0 48
0 669
0 797
0 493
0 888
0 660
0 334
0 226
0 509
0 682
0 523
0 430
0 732
0 19
0 143
0 438
0 686
0 606
0 570
0 364
0 209
0 810
0 61
0 301
0 395
0 890
0 509
0 194
0 275
0 991
0 644
0 780
0 215
0 371
0 461
0 22
0 347
0 680
0 20
0 463
0 339
0 196
0 72
0 623
0 57
0 273
0 611
0 632
0 132
0 851
0 858
0 301
0 812
0 108
0 81
0 346
0 722
0 860
0 930
0 693
0 275
0 288
0 85
0 193
0 290
0 678
0 856
0 710
0 62
0 714
0 634
0 209
0 822
0 203
0 911
0 213
0 861
0 533
0 941
0 416
0 599
0 457
0 26
0 94
0 1
0 934
0 623
0 983
0 517
0 10
0 276
0 308
0 734
0 986
0 771
0 649
0 713
0 664
0 744
0 660
0 330
0 713
0 437
0 528
0 284
0 295
0 715
0 874
0 517
0 281
0 994
0 433
0 478
0 580
0 116
0 675
0 442
0 266
0 957
0 713
0 151
0 288
0 930
0 237
0 785
0 303
0 239
0 616
0 846
0 701
0 769
0 982
0 895
0 786
0 290
0 832
0 172
0 307
0 659
0 588
0 802
0 736
0 773
0 555
0 347
0 882
0 360
0 622
0 298
0 646
0 645
0 321
0 169
0 695
0 373
0 719
0 919
0 882
0 760
0 175
0 108
0 181
0 335
0 432
0 673
0 424
0 367
0 465
0 662
0 551
0 64
0 834
0 296
0 887
0 848
0 968
0 441
0 139
0 952
0 659
0 573
0 78
0 415
0 827
0 475
0 381
0 754
0 726
0 527
0 996
0 411
0 663
0 218
0 491
0 475
0 625
0 284
0 760
0 91
0 941
0 986
0 676
0 946
0 505
0 723
0 325
0 72
0 11
0 230
0 744
0 115
0 290
0 534
0 527
0 507
0 59
0 525
0 269
0 615
0 113
0 66
0 791
0 890
0 560
0 275
0 455
0 633
0 602
0 210
0 31
0 747
0 557
0 769
0 392
0 986
0 840
0 443
0 602
0 954
0 6
0 401
0 322
0 414
0 519
0 33
0 280
0 909
0 519
0 31
0 946
0 770
0 375
0 390
0 219
0 974
0 537
0 708
0 751
0 293
0 250
0 764
0 187
0 470
0 150
0 50
0 966
0 675
0 705
0 111
0 827
0 883
0 476
0 8
0 548
0 345
0 601
0 477
0 411
0 345
0 226
0 30
0 197
0 622
0 382
0 123
0 792
0 377
0 460
0 491
0 487
0 777
0 552
0 640
0 159
0 888
0 399
0 789
0 467
0 955
0 399
0 32
0 76
0 833
0 213
0 169
0 74
0 45
0 161
0 101
0 529
0 471
0 736
0 901
0 865
0 269
0 43
0 20
0 361
0 164
0 815
0 942
0 907
0 241
0 181
0 701
0 436
0 506
0 842
0 620
0 798
0 735
0 98
0 346
0 233
0 977
0 186
0 500
0 57
0 739
0 524
0 707
0 184
0 304
0 948
0 103
0 512
0 773
0 633
0 671
0 685
0 208
0 317
0 589
0 792
0 552
0 212
0 209
0 379
0 609
0 475
0 775
0 768
0 698
0 208
0 782
0 738
0 399
0 470
0 572
0 896
0 347
0 195
0 568
0 753
0 315
0 821
0 815
0 836
0 375
0 369
0 526
0 671
0 757
0 106
0 520
0 408
0 127
0 208
0 794
0 506
0 840
0 35
0 140
0 573
0 121
0 619
0 899
0 83
0 474
0 404
0 625
0 600
0 572
0 357
0 381
0 55
0 471
0 677
0 377
0 190
0 27
0 432
0 716
0 428
0 275
0 334
0 4
0 945
0 379
0 382
0 142
0 879
0 325
0 18
0 211
0 446
0 513
0 243
0 988
0 398
0 528
0 61
0 108
0 947
0 451
0 674
0 296
0 116
0 5
0 132
0 872
0 498
0 762
0 945
0 852
0 70
0 993
0 342
0 834
0 462
0 286
0 466
0 346
0 697
0 159
0 769
0 28
0 694
0 787
0 496
0 904
0 697
0 121
0 20
0 393
0 872
0 651
0 459
0 765
0 208
0 806
0 359
0 829
0 311
0 230
0 192
0 860
0 982
0 614
0 637
0 123
0 939
0 450
0 964
0 755
0 688
0 455
0 193
0 68
0 43
0 722
0 820
0 891
0 592
0 674
0 353
0 958
0 431
0 649
0 70
0 901
0 964
0 560
0 424
0 583
0 311
0 160
0 196
0 852
0 814
0 467
0 319
0 935
0 534
0 406
0 126
0 516
0 302
0 796
0 438
0 859
0 267
0 768
0 350
0 725
0 428
0 915
0 994
0 75
0 894
0 575
0 706
0 82
0 200
0 519
0 668
0 811
0 894
0 121
0 174
0 16
0 506
0 290
0 762
0 870
0 595
0 609
0 754
0 351
0 879
0 571
0 436
0 213
0 542
0 976
0 65
0 50
0 205
0 64
0 685
0 678
0 388
0 755
0 928
0 954
0 282
0 519
0 250
0 145
0 973
0 297
0 84
0 714
0 251
0 577
0 84
0 385
0 925
0 954
0 201
0 601
0 987
0 157
0 221
0 535
0 501
0 915
0 795
0 495
0 481
0 28
0 284
0 192
0 485
0 505
0 476
0 902
0 780
0 733
0 19
0 640
0 536
0 431
0 938
0 345
0 439
0 744
0 125
0 512
0 127
0 360
0 691
0 185
0 539
0 125
0 381
0 884
0 561
0 619
0 31
0 859
0 91
0 750
0 528
0 633
0 519
0 228
0 398
0 113
0 430
0 871
0 849
0 762
0 26
0 699
0 948
0 51
0 717
0 765
0 802
0 407
0 694
0 749
0 92
0 804
0 684
0 767
0 573
0 796
0 276
0 455
0 111
0 15
0 129
0 614
0 714
0 934
0 745
0 233
0 29
0 712
0 687
0 813
0 336
0 202
0 281
0 386
0 674
0 194
0 112
0 677
0 787
0 790
0 248
0 564
0 171
0 154
0 671
0 249
0 250
0 915
0 976
0 756
0 125
0 899
0 237
0 451
0 964
0 604
0 960
0 466
0 762
0 811
0 596
0 614
0 967
0 579
0 985
0 496
0 946
0 473
0 373
0 371
0 626
0 388
0 775
0 56
0 569
0 554
0 910
0 615
0 350
0 239
0 258
0 295
0 483
0 176
0 620
0 721
0 700
0 855
0 767
0 202
0 863
0 590
0 16
0 419
0 75
0 160
0 521
0 689
0 403
0 262
0 51
0 691
0 689
0 577
0 739
0 565
0 119
0 299
0 580
0 577
0 317
0 866
0 39
0 230
0 943
0 44
0 516
0 898
0 445
0 616
0 195
0 231
0 695
0 166
0 730
0 967
0 15
0 875
0 975
0 862
0 679
0 239
0 973
0 784
0 14
0 61
0 392
0 601
0 139
0 473
0 985
0 331
0 387
0 383
0 344
0 407
0 294
0 369
0 960
0 530
0 677
0 608
0 140
0 999
0 729
0 356
0 266
0 534
0 478
0 890
0 777
0 918
0 55
0 678
0 874
0 544
0 223
0 266
0 858
0 497
0 717
0 428
0 397
0 967
0 520
0 236
0 750
0 337
0 840
0 322
0 456
0 668
0 584
0 670
0 92
0 814
0 429
0 883
0 220
0 539
0 415
0 832
0 712
0 575
0 863
0 67
0 227
0 343
0 387
0 434
0 565
0 491
0 433
0 464
0 870
0 625
0 2
0 781
0 845
0 497
0 342
0 218
0 521
0 118
0 309
0 632
0 473
0 162
0 753
0 510
0 806
0 252
0 425
0 787
0 37
0 850
0 985
0 979
0 431
0 55
0 551
0 84
0 793
0 828
0 592
0 770
0 8
0 969
0 381
0 718
0 314
0 26
0 986
0 814
0 399
0 988
0 109
0 226
0 358
0 950
0 994
0 235
0 303
0 214
0 965
0 716
0 517
0 286
0 967
0 586
0 360
0 699
0 411
0 106
0 468
0 387
0 159
0 338
0 449
0 741
0 122
0 83
0 423
0 847
0 161
0 930
0 553
0 409
0 707
0 849
0 323
0 1
0 965
0 200
0 381
0 409
0 806
0 552
0 849
0 368
0 807
0 793
0 583
0 276
0 845
0 114
0 899
0 601
0 949
0 698
0 222
0 438
0 323
0 99
0 882
0 669
0 405
0 51
0 402
0 537
0 77
0 619
0 281
0 312
0 52
0 590
0 864
0 696
0 650
0 997
0 860
0 750
0 199
0 390
0 948
0 917
0 76
0 700
0 938
0 151
0 528
0 894
0 385
0 543
0 243
0 420
0 949
0 716
0 367
0 580
0 285
0 507
0 858
0 619
0 986
0 647
0 806
0 468
0 965
0 266
0 297
0 668
0 717
0 248
0 883
0 755
0 192
0 676
0 959
0 558
0 401
0 729
0 471
0 842
0 773
0 554
0 730
0 630
0 687
0 65
0 411
0 216
0 382
0 843
0 153
0 897
0 355
0 555
0 108
0 278
0 489
0 632
0 67
0 777
0 820
0 316
0 159
0 922
0 200
0 623
0 493
0 271
0 97
0 725
0 325
0 230
0 547
0 942
0 923
0 736
0 598
0 776
0 258
0 514
0 28
0 161
0 934
0 528
0 833
0 915
0 125
0 954
0 496
0 101
0 363
0 748
0 293
0 287
0 269
0 125
0 595
0 75
0 35
0 157
0 221
0 482
0 201
0 556
0 525
0 898
0 902
0 627
0 906
0 490
0 144
0 436
0 131
0 847
0 953
0 184
0 746
0 86
0 417
0 889
0 388
0 27
0 12
0 153
0 484
0 466
0 480
0 571
0 757
0 174
0 467
0 997
0 486
0 938
0 425
0 490
0 574
0 652
0 899
0 89
0 594
0 185
0 29
0 721
0 109
0 539
0 899
0 630
0 217
0 516
0 481
0 86
0 466
0 57
0 9
0 906
0 500
0 840
0 270
0 561
0 212
0 787
0 606
0 299
0 98
0 194
0 345
0 729
0 368
0 705
0 851
0 267
0 807
0 565
0 539
0 92
0 902
0 660
0 575
0 630
0 168
0 88
0 682
0 808
0 440
0 758
0 567
0 235
0 464
0 187
0 514
0 92
0 701
0 255
0 876
0 969
0 631
0 414
0 757
0 484
0 110
0 95
0 552
0 266
0 529
0 755
0 586
0 428
0 519
0 428
0 312
0 487
0 370
0 389
0 410
0 617
0 753
0 621
0 466
0 555
0 368
0 757
0 409
0 150
0 61
0 879
0 646
0 570
0 46
0 81
0 687
0 35
0 101
0 695
0 329
0 37
0 706
0 328
0 111
0 942
0 606
0 293
0 855
0 273
0 36
0 307
0 479
0 788
0 705
0 199
0 886
0 409
0 123
0 273
0 704
0 946
0 102
0 322
0 906
0 63
0 186
0 43
0 984
0 158
0 927
0 48
0 974
0 597
0 55
0 541
0 966
0 422
0 57
0 270
0 505
0 900
0 886
0 35
0 984
0 932
0 101
0 406
0 292
0 494
0 140
0 778
0 638
0 939
0 208
0 588
0 579
0 625
0 812
0 600
0 615
0 533
0 674
0 466
0 213
0 13
0 795
0 916
0 251
0 749
0 335
0 803
0 903
0 763
0 505
0 100
0 35
0 605
0 709
0 680
0 653
0 764
0 905
0 830
0 926
0 565
0 15
0 776
0 185
0 582
0 438
0 794
0 318
0 819
0 666
0 266
0 501
0 194
0 584
0 323
0 875
0 194
0 268
0 77
0 329
0 701
0 154
0 15
0 107
0 888
0 473
0 841
0 420
0 581
0 442
0 869
0 287
0 519
0 876
0 702
0 314
0 962
0 159
0 996
0 526
0 299
0 161
0 512
0 452
0 198
0 671
0 263
0 409
0 445
0 105
0 331
0 125
0 189
0 93
0 202
0 96
0 32
0 714
0 346
0 891
0 339
0 266
0 965
0 419
0 830
0 168
0 425
0 229
0 685
0 544
0 812
0 863
0 259
0 491
0 918
0 173
0 80
0 317
0 509
0 559
0 221
0 927
0 704
0 254
0 386
0 825
0 641
0 471
0 568
0 849
0 608
0 960
0 776
0 811
0 307
0 415
0 884
0 451
0 344
0 686
0 503
0 65
0 554
0 448
0 918
0 735
0 504
0 606
0 796
0 189
0 347
0 15
0 761
0 380
0 185
0 53
0 842
0 755
0 320
0 278
0 388
0 306
0 425
0 932
0 4
0 625
0 998
0 620
0 337
0 323
0 65
0 44
0 717
0 652
0 444
0 154
0 828
0 938
0 983
0 247
0 73
0 325
0 342
0 558
0 324
0 993
0 484
0 446
0 726
0 767
0 637
0 257
0 485
0 330
0 111
0 127
0 626
0 729
0 537
0 139
0 396
0 803
0 871
0 685
0 50
0 291
0 845
0 234
0 371
0 919
0 80
0 224
0 594
0 270
0 757
0 394
0 643
0 156
0 535
0 322
0 686
0 530
0 288
0 955
0 35
0 867
0 19
0 282
0 787
0 983
0 400
0 812
0 427
0 861
0 877
0 899
0 246
0 682
0 281
0 729
0 433
0 661
0 129
0 32
0 30
0 803
0 982
0 654
0 86
0 746
0 837
0 812
0 886
0 654
0 988
0 563
0 74
0 582
0 866
0 282
0 14
0 841
0 149
0 203
0 596
0 227
0 807
0 857
0 134
0 761
0 754
0 932
0 81
0 393
0 574
0 953
0 267
0 844
0 914
0 858
0 924
0 627
0 836
0 906
0 130
0 117
0 715
0 283
0 532
0 110
0 267
0 911
0 183
0 897
0 734
0 831
0 997
0 273
0 790
0 338
0 596
0 487
0 827
0 100
0 758
0 955
0 811
0 787
0 588
0 352
0 164
0 11
0 945
0 557
0 433
0 813
0 745
0 332
0 851
0 848
0 729
0 754
0 421
0 521
0 318
0 879
0 353
0 592
0 821
0 892
0 655
0 655
0 628
0 114
0 986
0 100
0 72
0 854
0 391
0 462
0 335
0 980
0 460
0 142
0 140
0 514
0 404
0 574
0 958
0 637
0 784
0 96
0 561
0 77
0 355
0 936
0 712
0 515
0 281
0 940
0 443
0 766
0 306
0 260
0 131
0 838
0 729
0 753
0 580
0 379
0 503
0 93
0 332
0 911
0 917
0 82
0 594
0 556
0 994
0 139
0 121
0 627
0 959
0 70
0 741
0 535
0 606
0 100
0 694
0 956
0 959
0 551
0 68
0 834
0 334
0 906
0 279
0 330
0 625
0 339
0 927
0 493
0 560
0 729
0 464
0 547
0 228
0 104
0 978
0 765
0 448
0 564
0 852
0 892
0 197
0 42
0 352
0 91
0 354
0 868
0 731
0 289
0 810
0 882
0 628
0 499
0 466
0 36
0 219
0 30
0 271
0 749
0 994
0 633
0 922
0 680
0 360
0 946
0 60
0 741
0 981
0 554
0 84
0 484
0 641
0 290
0 503
0 487
0 379
0 251
0 983
0 663
0 335
0 403
0 744
0 285
0 780
0 619
0 301
0 236
0 820
0 260
0 34
0 171
0 137
0 240
0 436
0 596
0 987
0 731
0 368
0 16
0 346
0 269
0 568
0 526
0 592
0 758
0 12
0 424
0 232
0 8
0 665
0 150
0 404
0 831
0 237
0 259
0 719
0 90
0 94
0 369
0 718
0 776
0 833
0 64
0 390
0 127
0 371
0 824
0 526
0 243
0 549
0 530
0 986
0 747
0 559
0 215
0 496
0 780
0 518
0 989
0 507
0 808
0 555
0 674
0 576
0 627
0 159
0 330
0 302
0 470
0 362
0 403
0 982
0 264
0 764
0 207
0 503
0 706
0 172
0 194
0 582
0 213
0 152
0 202
0 906
0 293
0 131
0 23
0 759
0 191
0 653
0 43
0 67
0 442
0 23
0 882
0 88
0 295
0 36
0 152
0 421
0 606
0 802
0 477
0 311
0 71
0 263
0 998
0 364
0 496
0 892
0 550
0 224
0 480
0 673
0 824
0 476
0 260
0 112
0 247
0 795
0 604
0 652
0 573
0 858
0 610
0 200
0 242
0 285
0 555
0 390
0 243
0 192
0 205
0 82
0 632
0 949
0 848
0 31
0 711
0 891
0 884
0 729
0 172
0 300
0 292
0 502
0 675
0 706
0 488
0 952
0 397
0 483
0 818
0 351
0 6
0 811
0 780
0 641
0 473
0 933
0 594
0 837
0 971
0 401
0 800
0 287
0 228
0 857
0 709
0 401
0 709
0 525
0 488
0 8
0 972
0 119
0 183
0 910
0 598
0 745
0 860
0 263
0 100
0 329
0 527
0 686
0 268
0 482
0 480
0 239
0 888
0 278
0 800
0 966
0 400
0 354
0 98
0 907
0 659
0 822
0 54
0 782
0 772
0 515
0 656
0 820
0 558
0 349
0 282
0 491
0 365
0 564
0 95
0 935
0 529
0 785
0 782
0 883
0 662
0 73
0 753
0 908
0 256
0 685
0 445
0 984
0 910
0 448
0 159
0 200
0 438
0 100
0 954
0 363
0 4
0 829
0 352
0 916
0 80
0 634
0 591
0 512
0 878
0 566
0 674
0 168
0 238
0 639
0 569
0 730
0 938
0 278
0 281
0 452
0 941
0 171
0 102
0 460
0 347
0 461
0 47
0 144
0 293
0 766
0 158
0 749
0 153
0 869
0 360
0 847
0 614
0 571
0 804
0 77
0 796
0 747
0 299
0 243
0 575
0 609
0 896
0 19
0 40
0 787
0 367
0 417
0 523
0 263
0 122
0 741
0 479
0 52
0 444
0 920
0 58
0 392
0 495
0 904
0 631
0 436
0 521
0 681
0 527
0 264
0 711
0 164
0 153
0 579
0 508
0 899
0 416
0 332
0 527
0 919
0 134
0 314
0 56
0 956
0 873
0 150
0 886
0 668
0 771
0 407
0 690
0 365
0 402
0 160
0 190
0 821
0 892
0 808
0 952
0 394
0 243
0 363
0 380
0 800
0 620
0 505
0 472
0 334
0 219
0 493
0 108
0 500
0 280
0 494
0 412
0 286
0 605
0 551
0 60
0 842
0 992
0 460
0 277
0 886
0 923
0 663
0 595
0 646
0 812
0 762
0 333
0 860
0 100
0 755
0 379
0 451
0 474
0 466
0 750
0 971
0 46
0 102
0 44
0 361
0 396
0 179
0 345
0 240
0 258
0 147
0 966
0 825
0 915
0 261
0 434
0 395
0 534
0 601
0 597
0 939
0 865
0 14
0 576
0 443
0 168
0 357
0 443
0 84
0 320
0 105
0 261
0 553
0 214
0 409
0 10
0 215
0 496
0 694
0 123
0 614
0 358
0 161
0 722
0 223
0 72
0 118
0 627
0 611
0 423
0 380
0 792
0 215
0 863
0 107
0 599
0 817
0 396
0 613
0 562
0 774
0 722
0 108
0 418
0 472
0 493
0 194
0 435
0 866
0 997
0 23
0 591
0 859
0 234
0 127
0 983
0 452
0 361
0 362
0 560
0 70
0 713
0 952
0 350
0 266
0 932
0 54
0 89
0 324
0 640
0 336
0 154
0 233
0 666
0 383
0 950
0 614
0 115
0 376
0 84
0 988
0 861
0 150
0 930
0 989
0 441
0 108
0 623
0 436
0 502
0 428
0 317
0 122
0 812
0 31
0 582
0 790
0 983
0 547
0 791
0 831
0 312
0 157
0 260
0 921
0 181
0 337
0 675
0 751
0 630
0 564
0 559
0 475
0 293
0 423
0 212
0 852
0 336
0 486
0 70
0 712
0 723
0 611
0 50
0 611
0 83
0 619
0 498
0 507
0 367
0 981
0 596
0 171
0 941
0 108
0 939
0 748
0 133
0 673
0 688
0 63
0 943
0 122
0 913
0 900
0 715
0 575
0 23
0 646
0 129
0 402
0 704
0 912
0 574
0 888
0 386
0 403
0 181
0 697
0 62
0 721
0 737
0 506
0 720
0 808
0 982
0 533
0 255
0 200
0 615
0 228
0 255
0 411
0 425
0 851
0 869
0 283
0 86
0 870
0 21
0 102
0 377
0 620
0 107
0 271
0 637
0 998
0 521
0 321
0 546
0 850
0 865
0 298
0 225
0 171
0 195
0 402
0 763
0 96
0 419
0 306
0 891
0 393
0 93
0 597
0 267
0 633
0 53
0 718
0 256
0 703
0 600
0 835
0 739
0 769
0 236
0 250
0 869
0 542
0 478
0 651
0 779
0 224
0 996
0 763
0 76
0 318
0 38
0 397
0 49
0 36
0 116
0 230
0 362
0 333
0 230
0 366
0 592
0 219
0 554
0 106
0 79
0 995
0 791
0 356
0 61
0 707
0 29
0 705
0 500
0 430
0 421
0 963
0 656
0 977
0 175
0 273
0 636
0 502
0 342
0 928
0 489
0 77
0 61
0 895
0 358
0 587
0 390
0 498
0 339
0 249
0 506
0 682
0 980
0 317
0 996
0 315
0 66
0 887
0 179
0 691
0 976
0 212
0 29
0 405
0 497
0 135
0 182
0 781
0 144
0 598
0 711
0 352
0 713
0 583
0 395
0 606
0 530
0 956
0 168
0 416
0 104
0 310
0 862
0 877
0 261
0 311
0 635
0 374
0 427
0 498
0 654
0 242
0 720
0 641
0 672
0 929
0 591
0 972
0 695
0 383
0 957
0 262
0 274
0 224
0 541
0 284
0 658
0 931
0 633
0 835
0 162
0 23
0 658
0 123
0 831
0 972
0 962
0 589
0 70
0 200
0 441
0 683
0 214
0 323
0 638
0 353
0 488
0 731
0 190
0 867
0 50
0 490
0 727
0 493
0 520
0 603
0 741
0 29
0 10
0 210
0 718
0 55
0 399
0 718
0 865
0 717
0 995
0 373
0 561
0 286
0 108
0 14
0 638
0 723
0 932
0 896
0 635
0 773
0 754
0 541
0 775
0 770
0 361
0 918
0 248
0 88
0 643
0 675
0 714
0 145
0 855
0 935
0 552
0 81
0 766
0 590
0 948
0 708
0 14
0 648
0 22
0 586
0 28
0 356
0 140
0 686
0 566
0 139
0 74
0 969
0 285
0 199
0 596
0 615
0 227
0 666
0 153
0 655
0 462
0 601
0 588
0 194
0 243
0 277
0 82
0 810
0 121
0 726
0 916
0 542
0 598
0 518
0 69
0 908
0 693
0 35
0 109
0 846
0 532
0 862
0 847
0 679
0 884
0 761
0 271
0 404
0 430
0 452
0 759
0 248
0 169
0 716
0 731
0 861
0 299
0 131
0 136
0 557
0 400
0 718
0 285
0 627
0 961
0 251
0 96
0 159
0 177
0 175
0 914
0 509
0 136
0 45
0 582
0 127
0 674
0 392
0 966
0 930
0 133
0 902
0 950
0 479
0 312
0 356
0 490
0 564
0 980
0 204
0 161
0 166
0 616
0 579
0 558
0 775
0 131
0 971
0 948
0 506
0 986
0 14
0 192
0 703
0 802
0 192
0 951
0 54
0 71
0 845
0 228
0 406
0 23
0 142
0 179
0 321
0 784
0 875
0 864
0 366
0 612
0 852
0 115
0 697
0 587
0 872
0 676
0 322
0 825
0 798
0 568
0 62
0 316
0 811
0 668
0 217
0 109
0 55
0 658
0 263
0 996
0 889
0 677
0 70
0 359
0 567
0 592
0 111
0 7
0 273
0 468
0 345
0 957
0 707
0 474
0 368
0 475
0 819
0 625
0 612
0 145
0 412
0 979
0 831
0 71
0 634
0 555
0 69
0 586
0 866
0 173
0 908
0 653
0 522
0 989
0 420
0 938
0 134
0 606
0 701
0 851
0 348
0 687
0 716
0 707
0 739
0 882
0 750
0 535
0 493
0 472
0 195
0 428
0 826
0 255
0 758
0 263
0 21
0 107
0 562
0 764
0 440
0 906
0 33
0 883
0 493
0 779
0 61
0 597
0 256
0 799
0 92
0 968
0 49
0 93
0 955
0 495
0 804
0 348
0 143
0 206
0 836
0 134
0 930
0 646
0 496
0 611
0 621
0 58
0 616
0 676
0 947
0 807
0 966
0 106
0 710
0 759
0 957
0 419
0 84
0 72
0 983
0 124
0 765
0 190
0 794
0 977
0 104
0 989
0 77
0 133
0 740
0 175
0 200
0 507
0 262
0 622
0 508
0 796
0 978
0 640
0 134
0 138
0 984
0 623
0 56
0 781
0 744
0 226
0 892
0 105
0 831
0 745
0 299
0 812
0 417
0 18
0 658
0 475
0 542
0 576
0 691
0 80
0 673
0 153
0 977
0 726
0 22
0 531
0 353
0 992
0 794
0 261
0 253
0 696
0 202
0 569
0 41
0 548
0 800
0 653
0 434
0 536
0 187
0 823
0 21
0 962
0 470
0 600
0 145
0 634
0 135
0 457
0 67
0 400
0 626
0 491
0 433
0 245
0 257
0 857
0 78
0 264
0 823
0 230
0 976
0 870
0 979
0 859
0 609
0 559
0 447
0 602
0 335
0 530
0 364
0 724
0 677
0 999
0 227
0 329
0 457
0 211
0 990
0 27
0 93
0 70
0 458
0 864
0 994
0 859
0 869
0 428
0 934
0 173
0 146
0 865
0 291
0 558
0 729
0 340
0 211
0 577
0 200
0 231
0 460
0 316
0 680
0 581
0 948
0 878
0 198
0 983
0 982
0 584
0 270
0 79
0 721
0 217
0 731
0 457
0 915
0 667
0 894
0 107
0 161
0 429
0 201
0 455
0 916
0 600
0 217
0 149
0 636
0 313
0 120
0 787
0 128
0 614
0 375
0 305
0 667
0 268
0 173
0 961
0 874
0 870
0 445
0 345
0 482
0 78
0 550
0 293
0 232
0 666
0 288
0 707
0 607
0 174
0 222
0 532
0 179
0 572
0 720
0 166
0 889
0 516
0 933
0 530
0 861
0 575
0 174
0 36
0 508
0 72
0 219
0 256
0 921
0 560
0 506
0 374
0 217
0 508
0 758
0 181
0 965
0 80
0 805
0 718
0 993
0 773
0 519
0 49
0 931
0 758
0 208
0 201
0 123
0 151
0 466
0 64
0 929
0 630
0 247
0 672
0 767
0 516
0 62
0 629
0 780
0 352
0 784
0 36
0 884
0 506
0 114
0 331
0 677
0 16
0 243
0 805
0 95
0 742
0 546
0 893
0 356
0 879
0 623
0 258
0 636
0 716
0 962
0 233
0 201
0 639
0 972
0 930
0 57
0 899
0 134
0 819
0 215
0 825
0 880
0 450
0 912
0 330
0 806
0 914
0 344
0 712
0 615
0 91
0 934
0 558
0 630
0 403
0 571
0 276
0 650
0 194
0 496
0 438
0 22
0 679
0 480
0 949
0 763
0 597
0 477
0 38
0 317
0 606
0 696
0 592
0 199
0 319
0 655
0 396
0 374
0 75
0 668
0 411
0 887
0 127
0 982
0 917
0 330
0 132
0 326
0 712
0 693
0 451
0 419
0 371
0 750
0 782
0 137
0 51
0 726
0 78
0 885
0 969
0 720
0 570
0 300
0 870
0 964
0 99
0 888
0 609
0 197
0 781
0 858
0 757
0 943
0 650
0 740
0 959
0 338
0 844
0 45
0 110
0 677
0 86
0 455
0 801
0 683
0 925
0 664
0 980
0 500
0 470
0 925
0 957
0 943
0 260
0 209
0 641
0 788
0 272
0 302
0 116
0 984
0 862
0 456
0 21
0 346
0 461
0 452
0 505
0 9
0 219
0 759
0 577
0 765
0 211
0 336
0 455
0 170
0 916
0 153
0 658
0 30
0 223
0 985
0 684
0 60
0 669
0 553
0 792
0 121
0 615
0 858
0 49
0 82
0 680
0 378
0 884
0 408
0 925
0 633
0 461
0 971
0 163
0 701
0 833
0 666
0 626
0 102
0 359
0 491
0 119
0 645
0 604
0 981
0 855
0 311
0 542
0 391
0 259
0 36
0 747
0 594
0 296
0 611
0 819
0 339
0 971
0 32
0 928
0 9
0 214
0 138
0 592
0 725
0 593
0 282
0 498
0 169
0 83
0 738
0 971
0 279
0 334
0 478
0 130
0 853
0 787
0 119
0 868
0 934
0 935
0 207
0 490
0 99
0 431
0 648
0 688
0 91
0 629
0 863
0 136
0 882
0 946
0 28
0 246
0 687
0 2
0 516
0 45
0 770
0 162
0 75
0 842
0 851
0 8
0 805
0 769
0 940
0 867
0 220
0 277
0 706
0 881
0 58
0 193
0 591
0 853
0 678
0 126
0 57
0 716
0 949
0 739
0 495
0 556
0 935
0 864
0 736
0 827
0 966
0 12
0 713
0 668
0 176
0 813
0 406
0 156
0 471
0 244
0 469
0 177
0 852
0 450
0 606
0 731
0 487
0 707
0 94
0 688
0 11
0 623
0 912
0 398
0 338
0 958
0 272
0 459
0 77
0 957
0 605
0 108
0 870
0 206
0 996
0 879
0 892
0 195
0 743
0 580
0 114
0 560
0 498
0 304
0 63
0 26
0 865
0 188
0 40
0 690
0 482
0 556
0 566
0 668
0 971
0 7
0 278
0 95
0 786
0 143
0 638
0 376
0 155
0 97
0 281
0 709
0 157
0 502
0 674
0 756
0 795
0 470
0 633
0 548
0 104
0 247
0 98
0 693
0 898
0 913
0 153
0 463
0 40
0 232
0 423
0 668
0 243
0 614
0 915
0 696
0 85
0 186
0 562
0 340
0 764
0 648
0 612
0 573
0 387
0 560
0 938
0 519
0 985
0 870
0 41
0 279
0 674
0 174
0 477
0 963
0 335
0 137
0 372
0 792
0 724
0 360
0 607
0 423
0 346
0 396
0 550
0 383
0 177
0 506
0 999
0 872
0 959
0 487
0 182
0 758
0 563
0 252
0 445
0 801
0 264
0 484
0 937
0 131
0 362
0 521
0 399
0 595
0 506
0 375
0 510
0 343
0 97
0 698
0 648
0 620
0 891
0 749
0 240
0 506
0 660
0 403
0 751
0 303
0 498
0 383
0 19
0 311
0 969
0 395
0 764
0 279
0 926
0 783
0 807
0 20
0 900
0 873
0 727
0 274
0 106
0 439
0 550
0 885
0 982
0 137
0 295
0 346
0 448
0 5
0 669
0 727
0 898
0 692
0 88
0 702
0 731
0 980
0 517
0 99
0 64
0 30
0 34
0 14
0 65
0 289
0 380
0 858
0 464
0 352
0 324
0 742
0 872
0 386
0 373
0 649
0 422
0 800
0 392
0 663
0 454
0 122
0 147
0 95
0 70
0 413
0 329
0 213
0 180
0 743
0 915
0 691
0 678
0 271
0 385
0 296
0 343
0 245
0 56
0 388
0 658
0 444
0 787
0 938
0 927
0 548
0 963
0 301
0 765
0 455
0 760
0 14
0 959
0 926
0 102
0 392
0 925
0 879
0 774
0 993
0 755
0 342
0 107
0 816
0 810
0 587
0 933
0 530
0 393
0 578
0 351
0 366
0 613
0 358
0 285
0 899
0 9
0 704
0 272
0 504
0 951
0 813
0 744
0 513
0 651
0 743
0 132
0 624
0 403
0 378
0 181
0 843
0 888
0 137
0 144
0 351
0 696
0 630
0 352
0 631
0 671
0 828
0 268
0 816
0 437
0 13
0 450
0 109
0 263
0 637
0 155
0 746
0 598
0 822
0 965
0 479
0 441
0 896
0 920
0 437
0 567
0 329
0 773
0 921
0 12
0 831
0 764
0 321
0 369
0 349
0 928
0 432
0 399
0 240
0 972
0 33
0 191
0 857
0 378
0 730
0 227
0 714
0 592
0 657
0 46
0 176
0 186
0 51
0 643
0 185
0 5
0 449
0 913
0 211
0 962
0 966
0 656
0 907
0 476
0 626
0 98
0 268
0 948
0 939
0 831
0 63
0 879
0 844
0 864
0 514
0 575
0 52
0 394
0 85
0 642
0 570
0 616
0 499
0 864
0 753
0 462
0 981
0 25
0 444
0 762
0 687
0 328
0 75
0 442
0 533
0 563
0 832
0 524
0 111
0 750
0 414
0 100
0 960
0 876
0 563
0 47
0 622
0 294
0 114
0 66
0 64
0 205
0 862
0 222
0 11
0 173
0 936
0 148
0 664
0 610
0 69
0 258
0 365
0 993
0 148
0 593
0 638
0 979
0 701
0 416
0 633
0 675
0 905
0 819
0 707
0 180
0 604
0 252
0 911
0 467
0 146
0 94
0 791
0 30
0 578
0 904
0 186
0 459
0 236
0 645
0 927
0 144
0 116
0 304
0 165
0 22
0 743
0 179
0 680
0 299
0 46
0 335
0 578
0 880
0 992
0 616
0 527
0 361
0 445
0 48
0 704
0 845
0 329
0 283
0 299
0 212
0 573
0 620
0 988
0 747
0 371
0 236
0 138
0 215
0 697
0 210
0 636
0 119
0 570
0 30
0 703
0 891
0 646
0 812
0 291
0 931
0 876
0 235
0 393
0 142
0 178
0 375
0 360
0 606
0 771
0 34
0 432
0 756
0 909
0 795
0 377
0 735
0 55
0 94
0 445
0 11
0 953
0 294
0 133
0 183
0 614
0 79
0 171
0 934
0 96
0 491
0 197
0 45
0 815
0 952
0 202
0 905
0 373
0 283
0 433
0 607
0 528
0 944
0 631
0 457
0 637
0 577
0 345
0 982
0 806
0 283
0 229
0 848
0 120
0 718
0 237
0 129
0 835
0 251
0 70
0 484
0 722
0 490
0 691
0 150
0 792
0 120
0 210
0 797
0 451
0 848
0 53
0 303
0 448
0 940
0 289
0 167
0 439
0 435
0 963
0 643
0 489
0 714
0 675
0 243
0 339
0 837
0 461
0 993
0 938
0 107
0 486
0 716
0 296
0 557
0 58
0 351
0 14
0 731
0 530
0 847
0 952
0 108
0 339
0 314
0 59
0 143
0 239
0 303
0 312
0 254
0 179
0 505
0 266
0 48
0 827
0 642
0 858
0 653
0 616
0 300
0 86
0 155
0 797
0 214
0 528
0 217
0 255
0 744
0 548
0 271
0 328
0 644
0 368
0 723
0 322
0 858
0 779
0 201
0 714
0 626
0 903
0 572
0 373
0 569
0 81
0 43
0 325
0 54
0 67
0 792
0 315
0 947
0 931
0 440
0 280
0 991
0 729
0 519
0 830
0 477
0 851
0 971
0 162
0 435
0 820
0 907
0 448
0 772
0 285
0 270
0 302
0 599
0 987
0 716
0 647
0 454
0 419
0 646
0 342
0 935
0 491
0 49
0 618
0 547
0 360
0 899
0 961
0 45
0 630
0 373
0 449
0 289
0 41
0 234
0 944
0 957
0 877
0 247
0 855
0 860
0 138
0 693
0 224
0 299
0 473
0 204
0 259
0 34
0 53
0 83
0 241
0 890
0 855
0 916
0 652
0 855
0 79
0 778
0 194
0 80
0 253
0 81
0 243
0 817
0 902
0 255
0 817
0 381
0 221
0 635
0 895
0 264
0 99
0 213
0 684
0 754
0 576
0 727
0 742
0 24
0 407
0 455
0 85
0 35
0 157
0 131
0 532
0 238
0 21
0 753
0 289
0 974
0 833
0 43
0 414
0 339
0 304
0 602
0 766
0 183
0 179
0 313
0 914
0 23
0 366
0 472
0 202
0 594
0 247
0 57
0 141
0 808
0 547
0 502
0 733
0 957
0 884
0 306
0 379
0 656
0 388
0 312
0 573
0 743
0 877
0 174
0 655
0 320
0 337
0 10
0 157
0 111
0 967
0 626
0 692
0 919
0 332
0 603
0 953
0 372
0 651
0 691
0 194
0 537
0 503
0 614
0 122
0 986
0 993
0 953
0 755
0 331
0 79
0 744
0 41
0 638
0 428
0 756
0 878
0 645
0 901
0 278
0 723
0 95
0 48
0 997
0 523
0 490
0 944
0 746
0 363
0 246
0 686
0 259
0 750
0 348
0 225
0 276
0 742
0 130
0 624
0 191
0 99
0 457
0 770
0 661
0 446
0 378
0 275
0 75
0 668
0 792
0 362
0 41
0 265
0 550
0 728
0 662
0 998
0 430
0 707
0 147
0 180
0 69
0 786
0 358
0 932
0 996
0 724
0 412
0 126
0 489
0 628
0 589
0 899
0 50
0 749
0 239
0 571
0 575
0 597
0 153
0 390
0 586
0 190
0 329
0 421
0 103
0 773
0 487
0 813
0 761
0 465
0 870
0 878
0 195
0 775
0 951
0 584
0 291
0 242
0 318
0 188
0 935
0 964
0 585
0 668
0 289
0 19
0 113
0 537
0 812
0 137
0 699
0 768
0 235
0 159
0 858
0 209
0 404
0 331
0 980
0 30
0 979
0 336
0 482
0 22
0 664
0 571
0 277
0 212
0 765
0 863
0 168
0 13
0 770
0 63
0 366
0 237
0 691
0 722
0 295
0 121
0 317
0 275
0 308
0 676
0 692
0 841
0 739
0 303
0 341
0 444
0 17
0 82
0 377
0 984
0 266
0 66
0 282
0 894
0 776
0 870
0 247
0 507
0 575
0 296
0 656
0 564
0 229
0 403
0 583
0 49
0 976
0 470
0 539
0 531
0 60
0 268
0 110
0 335
0 577
0 12
0 502
0 677
0 971
0 823
0 789
0 912
0 22
0 449
0 105
0 611
0 793
0 708
0 212
0 507
0 64
0 759
0 353
0 32
0 651
0 874
0 595
0 140
0 663
0 478
0 873
0 191
0 315
0 876
0 22
0 722
0 903
0 235
0 219
0 510
0 97
0 560
0 307
0 457
0 437
0 800
0 441
0 474
0 470
0 187
0 525
0 714
0 40
0 529
0 405
0 304
0 587
0 859
0 206
0 932
0 883
0 726
0 901
0 987
0 715
0 730
0 558
0 276
0 539
0 118
0 624
0 573
0 638
0 290
0 805
0 981
0 468
0 547
0 874
0 976
0 382
0 454
0 717
0 702
0 332
0 137
0 164
0 990
0 31
0 527
0 649
0 294
0 345
0 209
0 671
0 583
0 426
0 231
0 825
0 682
0 462
0 97
0 458
0 197
0 555
0 173
0 297
0 889
0 658
0 930
0 189
0 879
0 116
0 142
0 387
0 636
0 524
0 814
0 902
0 629
0 854
0 149
0 470
0 112
0 289
0 992
0 845
0 228
0 903
0 867
0 321
0 391
0 393
0 762
0 850
0 774
0 105
0 864
0 855
0 732
0 628
0 454
0 568
0 598
0 182
0 466
0 427
0 964
0 105
0 37
0 178
0 572
0 904
0 677
0 247
0 783
0 528
0 308
0 252
0 431
0 842
0 711
0 587
0 523
0 135
0 600
0 920
0 864
0 935
0 955
0 342
0 578
0 475
0 91
0 132
0 600
0 634
0 891
0 99
0 889
0 322
0 286
0 329
0 926
0 798
0 939
0 35
0 463
0 816
0 545
0 658
0 90
0 419
0 946
0 386
0 770
0 999
0 78
0 94
0 708
0 856
0 12
0 551
0 13
0 811
0 960
0 440
0 60
0 978
0 727
0 235
0 913
0 477
0 373
0 397
0 404
0 275
0 563
0 758
0 324
0 998
0 12
0 45
0 203
0 211
0 899
0 396
0 966
0 194
0 77
0 628
0 760
0 217
0 220
0 1
0 559
0 604
0 765
0 721
0 421
0 317
0 889
0 947
0 221
0 264
0 73
0 843
0 890
0 710
0 250
0 214
0 544
0 921
0 488
0 569
0 825
0 241
0 620
0 385
0 194
0 241
0 533
0 211
0 970
0 920
0 391
0 520
0 292
0 2
0 328
0 426
0 755
0 292
0 676
0 607
0 815
0 415
0 291
0 439
0 146
0 853
0 261
0 529
0 45
0 451
0 504
0 859
0 280
0 15
0 891
0 881
0 145
0 261
0 975
0 395
0 999
0 132
0 403
0 744
0 617
0 867
0 761
0 187
0 361
0 782
0 849
0 34
0 656
0 223
0 762
0 63
0 7
0 12
0 830
0 772
0 508
0 480
0 109
0 757
0 951
0 524
0 335
0 724
0 480
0 194
0 602
0 533
0 297
0 224
0 255
0 761
0 295
0 113
0 917
0 411
0 607
0 21
0 145
0 304
0 856
0 426
0 297
0 325
0 812
0 815
0 203
0 344
0 18
0 194
0 239
0 250
0 272
0 557
0 206
0 832
0 477
0 85
0 641
0 678
0 643
0 271
0 857
0 201
0 227
0 554
0 969
0 303
0 863
0 501
0 708
0 195
0 952
0 994
0 766
0 787
0 309
0 2
0 106
0 482
0 179
0 771
0 614
0 137
0 576
0 675
0 32
0 270
0 567
0 475
0 68
0 889
0 520
0 59
0 115
0 749
0 935
0 691
0 959
0 214
0 663
0 529
0 678
0 390
0 105
0 575
0 207
0 535
0 892
0 413
0 364
0 779
0 453
0 18
0 698
0 12
0 994
0 911
0 227
0 296
0 659
0 801
0 836
0 178
0 806
0 65
0 620
0 655
0 581
0 445
0 267
0 503
0 223
0 684
0 464
0 241
0 723
0 162
0 316
0 965
0 239
0 186
0 265
0 448
0 243
0 800
0 379
0 261
0 100
0 641
0 820
0 967
0 548
0 257
0 735
0 4
0 546
0 608
0 600
0 367
0 7
0 905
0 768
0 63
0 240
0 180
0 688
0 426
0 159
0 711
0 17
0 163
0 258
0 888
0 315
0 617
0 817
0 821
0 355
0 851
0 222
0 685
0 283
0 321
0 39
0 136
0 218
0 95
0 821
0 239
0 543
0 951
0 345
0 968
0 774
0 225
0 985
0 308
0 792
0 149
0 910
0 966
0 536
0 703
0 474
0 895
0 445
0 993
0 56
0 149
0 758
0 675
0 335
0 203
0 5
0 720
0 329
0 843
0 515
0 115
0 689
0 324
0 556
0 555
0 527
0 945
0 252
0 312
0 919
0 726
0 310
0 496
0 188
0 437
0 343
0 819
0 411
0 879
0 237
0 359
0 318
0 383
0 563
0 223
0 711
0 881
0 609
0 684
0 893
0 786
0 204
0 45
0 915
0 445
0 522
0 19
0 819
0 730
0 205
0 123
0 847
0 341
0 501
0 814
0 284
0 892
0 703
0 243
0 891
0 765
0 73
0 112
0 146
0 230
0 86
0 192
0 673
0 300
0 819
0 526
0 741
0 381
0 214
0 928
0 523
0 861
0 404
0 582
0 346
0 641
0 978
0 762
0 534
0 790
0 219
0 39
0 680
0 36
0 524
0 460
0 891
0 664
0 683
0 998
0 700
0 432
0 638
0 430
0 858
0 363
0 529
0 324
0 698
0 945
0 786
0 572
0 441
0 50
0 543
0 30
0 9
0 580
0 432
0 316
0 409
0 763
0 491
0 836
0 493
0 739
0 137
0 125
0 678
0 264
0 133
0 883
0 704
0 84
0 251
0 106
0 548
0 52
0 468
0 924
0 159
0 952
0 995
0 373
0 811
0 745
0 489
0 153
0 452
0 64
0 761
0 408
0 258
0 218
0 419
0 236
0 745
0 898
0 540
0 272
0 734
0 674
0 427
0 773
0 792
0 408
0 266
0 589
0 426
0 446
0 771
0 505
0 222
0 577
0 695
0 212
0 567
0 14
0 313
0 966
0 106
0 163
0 397
0 526
0 585
0 930
0 615
0 536
0 901
0 507
0 768
0 493
0 544
0 25
0 814
0 408
0 565
0 609
0 855
0 950
0 677
0 874
0 831
0 58
0 507
0 726
0 996
0 426
0 510
0 528
0 946
0 485
0 327
0 404
0 962
0 328
0 805
0 408
0 941
0 586
0 138
0 39
0 139
0 362
0 556
0 838
0 432
0 903
0 920
0 691
0 178
0 565
0 182
0 159
0 391
0 815
0 262
0 207
0 449
0 274
0 116
0 676
0 770
0 948
0 452
0 424
0 112
0 820
0 758
0 835
0 126
0 625
0 122
0 536
0 800
0 834
0 497
0 763
0 952
0 40
0 787
0 320
0 460
0 276
0 15
0 411
0 604
0 796
0 650
0 980
0 20
0 149
0 936
0 749
0 960
0 875
0 700
0 950
0 723
0 368
0 640
0 766
0 839
0 640
0 37
0 441
0 312
0 675
0 467
0 224
0 310
0 93
0 230
0 994
0 966
0 40
0 452
0 829
0 524
0 210
0 156
0 226
0 651
0 80
0 426
0 269
0 730
0 416
0 116
0 396
0 344
0 382
0 621
0 318
0 482
0 107
0 811
0 473
0 70
0 724
0 418
0 162
0 51
0 670
0 141
0 715
0 439
0 788
0 652
0 852
0 733
0 855
0 168
0 206
0 852
0 493
0 976
0 527
0 792
0 911
0 965
0 764
0 49
0 568
0 779
0 692
0 840
0 586
0 979
0 76
0 57
0 852
0 589
0 108
0 460
0 656
0 876
0 529
0 93
0 214
0 129
0 275
0 243
0 639
0 78
0 915
0 560
0 363
0 961
0 985
0 232
0 90
0 142
0 902
0 704
0 141
0 308
0 422
0 980
0 482
0 498
0 220
0 625
0 47
0 778
0 140
0 510
0 733
0 194
0 432
0 363
0 191
0 56
0 706
0 978
0 936
0 891
0 350
0 542
0 473
0 680
0 774
0 235
0 69
0 260
0 742
0 957
0 646
0 433
0 882
0 12
0 90
0 481
0 576
0 197
0 788
0 841
0 561
0 480
0 986
0 814
0 756
0 843
0 172
0 27
0 525
0 536
0 120
0 929
0 140
0 469
0 232
0 23
0 270
0 386
0 789
0 980
0 7
0 958
0 996
0 43
0 159
0 877
0 701
0 89
0 850
0 353
0 309
0 416
0 245
0 508
0 144
0 643
0 191
0 240
0 238
0 642
0 972
0 64
0 843
0 544
0 643
0 784
0 469
0 45
0 178
0 540
0 923
0 294
0 313
0 432
0 858
0 232
0 149
0 995
0 402
0 763
0 967
0 703
0 982
0 294
0 896
0 477
0 522
0 59
0 719
0 293
0 556
0 168
0 317
0 578
0 649
0 122
0 267
0 679
0 604
0 978
0 734
0 532
0 941
0 596
0 513
0 482
0 216
0 223
0 916
0 380
0 359
0 212
0 62
0 591
0 733
0 495
0 575
0 674
0 444
0 969
0 638
0 160
0 670
0 664
0 642
0 445
0 793
0 955
0 478
0 339
0 42
0 683
0 891
0 883
0 491
0 723
0 2
0 225
0 877
0 730
0 500
0 780
0 654
0 661
0 303
0 982
0 544
0 930
0 62
0 7
0 782
0 239
0 982
0 771
0 470
0 374
0 669
0 126
0 322
0 320
0 371
0 534
0 692
0 341
0 523
0 348
0 648
0 470
0 628
0 914
0 274
0 282
0 320
0 142
0 869
0 188
0 583
0 306
0 388
0 600
0 93
0 335
0 909
0 290
0 10
0 812
0 144
0 496
0 623
0 647
0 240
0 64
0 220
0 760
0 458
0 220
0 523
0 495
0 415
0 308
0 288
0 1
0 614
0 779
0 474
0 702
0 948
0 458
0 427
0 296
0 483
0 516
0 713
0 150
0 331
0 318
0 46
0 642
0 949
0 222
0 686
0 703
0 559
0 928
0 158
0 370
0 386
0 639
0 133
0 467
0 918
0 184
0 275
0 10
0 766
0 273
0 414
0 511
0 66
0 179
0 463
0 47
0 296
0 309
0 235
0 7
0 912
0 468
0 807
0 800
0 629
0 570
0 83
0 486
0 318
0 463
0 547
0 659
0 568
0 617
0 21
0 157
0 383
0 465
0 742
0 671
0 730
0 279
0 146
0 620
0 620
0 468
0 169
0 515
0 435
0 696
0 933
0 660
0 275
0 984
0 244
0 217
0 559
0 822
0 974
0 203
0 546
0 7
0 450
0 46
0 250
0 822
0 321
0 727
0 100
0 361
0 451
0 892
0 865
0 258
0 791
0 933
0 222
0 256
0 938
0 590
0 905
0 144
0 198
0 446
0 624
0 784
0 791
0 33
0 775
0 729
0 140
0 92
0 711
0 96
0 460
0 518
0 822
0 18
0 798
0 270
0 472
0 477
0 564
0 751
0 97
0 970
0 899
0 494
0 218
0 401
0 755
0 456
0 487
0 946
0 680
0 743
0 754
0 638
0 94
0 486
0 940
0 217
0 707
0 175
0 420
0 985
0 830
0 480
0 670
0 882
0 644
0 899
0 555
0 658
0 210
0 715
0 247
0 390
0 552
0 453
0 402
0 433
0 203
0 36
0 776
0 320
0 290
0 637
0 540
0 442
0 112
0 873
0 171
0 840
0 337
0 476
0 645
0 920
0 267
0 108
0 783
0 365
0 424
0 590
0 231
0 746
0 876
0 504
0 705
0 938
0 377
0 959
0 467
0 810
0 611
0 847
0 194
0 814
0 544
0 775
0 598
0 47
0 142
0 72
0 710
0 804
0 530
0 757
0 34
0 327
0 312
0 540
0 476
0 772
0 591
0 148
0 723
0 8
0 797
0 590
0 242
0 778
0 643
0 384
0 137
0 611
0 680
0 547
0 202
0 423
0 267
0 864
0 303
0 235
0 53
0 117
0 135
0 717
0 290
0 610
0 479
0 829
0 787
0 126
0 415
0 935
0 480
0 116
0 293
0 197
0 247
0 805
0 714
0 194
0 507
0 412
0 886
0 15
0 212
0 346
0 225
0 374
0 319
0 10
0 972
0 93
0 994
0 444
0 336
0 35
0 571
0 645
0 416
0 284
0 945
0 712
0 144
0 273
0 49
0 16
0 83
0 384
0 710
0 227
0 627
0 65
0 193
0 6
0 704
0 729
0 795
0 851
0 531
0 854
0 821
0 919
0 195
0 555
0 819
0 387
0 605
0 241
0 966
0 801
0 288
0 343
0 568
0 997
0 453
0 602
0 438
0 779
0 403
0 422
0 828
0 734
0 760
0 246
0 377
0 780
0 59
0 266
0 825
0 346
0 863
0 593
0 726
0 102
0 473
0 521
0 559
0 445
0 62
0 352
0 519
0 514
0 30
0 562
0 523
0 302
0 853
0 881
0 244
0 780
0 213
0 275
0 479
0 834
0 833
0 389
0 328
0 886
0 569
0 104
0 145
0 985
0 944
0 213
0 892
0 970
0 510
0 292
0 151
0 264
0 691
0 743
0 960
0 467
0 57
0 623
0 583
0 755
0 332
0 226
0 221
0 646
0 687
0 211
0 424
0 47
0 73
0 438
0 549
0 845
0 483
0 120
0 848
0 396
0 634
0 329
0 798
0 371
0 850
0 441
0 103
0 150
0 287
0 214
0 165
0 135
0 94
0 701
0 134
0 813
0 81
0 36
0 498
0 435
0 896
0 849
0 449
0 824
0 658
0 296
0 949
0 381
0 684
0 72
0 425
0 87
0 307
0 875
0 200
0 612
0 872
0 98
0 345
0 360
0 390
0 3
0 71
0 256
0 45
0 948
0 862
0 8
0 166
0 34
0 228
0 936
0 713
0 83
0 427
0 23
0 842
0 459
0 515
0 753
0 913
0 608
0 69
0 73
0 234
0 857
0 47
0 872
0 260
0 308
0 134
0 230
0 667
0 85
0 483
0 647
0 955
0 280
0 388
0 651
0 495
0 897
0 932
0 794
0 366
0 207
0 468
0 297
0 675
0 585
0 437
0 220
0 47
0 875
0 380
0 416
0 268
0 576
0 786
0 239
0 617
0 553
0 822
0 777
0 911
0 425
0 457
0 770
0 593
0 589
0 394
0 677
0 452
0 662
0 43
0 811
0 174
0 181
0 506
0 85
0 2
0 472
0 273
0 52
0 355
0 855
0 97
0 435
0 671
0 853
0 372
0 306
0 311
0 750
0 784
0 530
0 402
0 694
0 101
0 919
0 290
0 896
0 876
0 606
0 621
0 277
0 254
0 105
0 287
0 410
0 943
0 262
0 597
0 645
0 472
0 426
0 631
0 701
0 119
0 770
0 800
0 898
0 670
0 222
0 453
0 922
0 581
0 650
0 96
0 737
0 713
0 789
0 612
0 588
0 947
0 489
0 820
0 283
0 8
0 563
0 572
0 451
0 565
0 607
0 550
0 159
0 443
0 42
0 487
0 412
0 992
0 724
0 458
0 121
0 877
0 304
0 885
0 815
0 792
0 255
0 631
0 545
0 841
0 203
0 749
0 418
0 575
0 70
0 553
0 970
0 431
0 495
0 103
0 123
0 966
0 897
0 858
0 688
0 480
0 38
0 197
0 455
0 641
0 298
0 733
0 161
0 475
0 334
0 807
0 820
0 737
0 903
0 216
0 538
0 387
0 432
0 504
0 532
0 564
0 104
0 780
0 818
0 723
0 659
0 454
0 826
0 650
0 166
0 145
0 712
0 98
0 242
0 652
0 19
0 363
0 445
0 599
0 472
0 366
0 744
0 629
0 503
0 367
0 789
0 250
0 999
0 418
0 266
0 697
0 813
0 226
0 440
0 270
0 920
0 873
0 245
0 618
0 813
0 298
0 877
0 264
0 467
0 727
0 852
0 826
0 26
0 418
0 405
0 923
0 671
0 106
0 400
0 687
0 105
0 719
0 616
0 112
0 761
0 413
0 191
0 766
0 674
0 109
0 923
0 748
0 58
0 800
0 579
0 160
0 215
0 669
0 509
0 556
0 59
0 588
0 627
0 605
0 717
0 863
0 435
0 235
0 830
0 143
0 711
0 447
0 495
0 799
0 338
0 748
0 729
0 278
0 603
0 961
0 473
0 332
0 864
0 887
0 744
0 859
0 486
0 48
0 853
0 880
0 280
0 23
0 557
0 85
0 443
0 894
0 984
0 479
0 757
0 296
0 809
0 920
0 559
0 513
0 219
0 88
0 771
0 520
0 389
0 682
0 517
0 262
0 395
0 368
0 263
0 501
0 288
0 513
0 402
0 527
0 880
0 20
0 944
0 170
0 558
0 966
0 732
0 282
0 504
0 156
0 736
0 530
0 69
0 358
0 477
0 947
0 228
0 848
0 474
0 260
0 369
0 369
0 28
0 262
0 84
0 355
0 777
0 150
0 524
0 752
0 296
0 189
0 416
0 745
0 845
0 204
0 814
0 828
0 382
0 853
0 379
0 129
0 327
0 595
0 409
0 34
0 454
0 845
0 438
0 728
0 65
0 175
0 727
0 250
0 692
0 652
0 950
0 902
0 485
0 358
0 302
0 150
0 195
0 249
0 267
0 537
0 339
0 279
0 784
0 301
0 232
0 440
0 348
0 22
0 936
0 880
0 618
0 221
0 727
0 458
0 149
0 817
0 869
0 877
0 381
0 282
0 774
0 657
0 460
0 400
0 34
0 82
0 94
0 196
0 125
0 681
0 23
0 368
0 682
0 808
0 121
0 841
0 231
0 401
0 745
0 682
0 343
0 93
0 18
0 411
0 727
0 345
0 597
0 855
0 66
0 540
0 646
0 392
0 429
0 370
0 805
0 169
0 487
0 967
0 342
0 456
0 480
0 230
0 921
0 19
0 554
0 147
0 573
0 234
0 709
0 777
0 290
0 207
0 308
0 919
0 570
0 559
0 141
0 324
0 547
0 96
0 449
0 597
0 382
0 970
0 402
0 974
0 827
0 999
0 865
0 637
0 491
0 994
0 109
0 254
0 836
0 359
0 303
0 871
0 439
0 61
0 338
0 247
0 679
0 155
0 36
0 201
0 672
0 765
0 557
0 407
0 481
0 295
0 668
0 416
0 870
0 501
0 57
0 305
0 961
0 332
0 596
0 974
0 261
0 580
0 823
0 748
0 627
0 245
0 299
0 359
0 217
0 223
0 582
0 330
0 267
0 35
0 137
0 827
0 259
0 58
0 674
0 890
0 769
0 768
0 342
0 639
0 25
0 543
0 447
0 196
0 209
0 987
0 317
0 814
0 3
0 238
0 157
0 50
0 966
0 265
0 42
0 305
0 847
0 95
0 129
0 965
0 137
0 991
0 790
0 987
0 745
0 437
0 564
0 394
0 139
0 917
0 392
0 740
0 80
0 86
0 459
0 830
0 441
0 165
0 286
0 372
0 179
0 625
0 788
0 76
0 377
0 437
0 851
0 364
0 921
0 371
0 409
0 347
0 861
0 792
0 693
0 216
0 733
0 686
0 5
0 174
0 922
0 541
0 818
0 442
0 635
0 555
0 559
0 413
0 691
0 392
0 91
0 570
0 844
0 160
0 845
0 946
0 425
0 798
0 617
0 83
0 151
0 713
0 292
0 18
0 772
0 777
0 338
0 891
0 159
0 653
0 565
0 194
0 47
0 927
0 192
0 208
0 659
0 607
0 501
0 306
0 9
0 65
0 842
0 980
0 728
0 437
0 215
0 914
0 666
0 510
0 521
0 570
0 146
0 59
0 544
0 88
0 702
0 725
0 151
0 860
0 721
0 842
0 204
0 270
0 14
0 78
0 153
0 249
0 337
0 774
0 13
0 403
0 783
0 346
0 810
0 398
0 389
0 491
0 988
0 187
0 375
0 919
0 550
0 470
0 439
0 345
0 260
0 922
0 590
0 363
0 811
0 412
0 164
0 318
0 160
0 122
0 29
0 143
0 232
0 482
0 143
0 624
0 967
0 879
0 152
0 168
0 767
0 793
0 570
0 442
0 607
0 306
0 242
0 331
0 448
0 746
0 169
0 940
0 124
0 763
0 253
0 446
0 299
0 992
0 938
0 799
0 179
0 701
0 285
0 487
0 516
0 966
0 721
0 528
0 380
0 679
0 319
0 881
0 49
0 963
0 99
0 277
0 469
0 985
0 898
0 70
0 752
0 883
0 37
0 833
0 859
0 216
0 144
0 87
0 353
0 209
0 477
0 937
0 850
0 356
0 193
0 552
0 54
0 181
0 658
0 523
0 620
0 782
0 219
0 500
0 149
0 598
0 482
0 900
0 320
0 660
0 419
0 929
0 491
0 667
0 75
0 198
0 445
0 334
0 528
0 732
0 603
0 688
0 374
0 752
0 764
0 828
0 229
0 346
0 895
0 158
0 944
0 653
0 395
0 229
0 561
0 548
0 486
0 291
0 148
0 841
0 460
0 189
0 88
0 137
0 685
0 860
0 905
0 85
0 427
0 217
0 560
0 756
0 812
0 376
0 670
0 108
0 792
0 319
0 702
0 97
0 69
0 561
0 469
0 919
0 251
0 540
0 914
0 124
0 982
0 750
0 876
0 486
0 33
0 800
0 904
0 271
0 383
0 392
0 616
0 253
0 811
0 89
0 38
0 444
0 678
0 933
0 729
0 251
0 41
0 977
0 728
0 839
0 920
0 534
0 462
0 588
0 66
0 764
0 106
0 230
0 473
0 728
0 852
0 572
0 125
0 18
0 627
0 271
0 719
0 16
0 314
0 359
0 726
0 201
0 270
0 920
0 362
0 538
0 680
0 424
0 964
0 962
0 927
0 619
0 633
0 489
0 739
0 986
0 479
0 194
0 945
0 428
0 561
0 823
0 112
0 294
0 198
0 657
0 54
0 406
0 27
0 239
0 923
0 311
0 51
0 444
0 612
0 617
0 526
0 928
0 734
0 847
0 670
0 221
0 488
0 699
0 627
0 153
0 262
0 199
0 340
0 337
0 419
0 114
0 274
0 197
0 84
0 199
0 605
0 793
0 505
0 957
0 969
0 452
0 975
0 738
0 107
0 352
0 788
0 494
0 599
0 868
0 802
0 911
0 366
0 980
0 90
0 965
0 592
0 573
0 782
0 321
0 165
0 611
0 605
0 269
0 390
0 2
0 661
0 991
0 456
0 43
0 540
0 557
0 351
0 151
0 349
0 417
0 211
0 745
0 656
0 647
0 606
0 846
0 583
0 295
0 498
0 734
0 291
0 661
0 340
0 263
0 149
0 322
0 45
0 760
0 749
0 152
0 950
0 950
0 638
0 271
0 41
0 321
0 551
0 127
0 97
0 610
0 868
0 343
0 987
0 754
0 327
0 489
0 257
0 677
0 447
0 47
0 184
0 356
0 865
0 890
0 46
0 739
0 66
0 828
0 689
0 518
0 514
0 871
0 765
0 569
0 707
0 715
0 469
0 740
0 558
0 193
0 927
0 738
0 529
0 90
0 790
0 747
0 89
0 872
0 490
0 211
0 183
0 287
0 285
0 438
0 432
0 343
0 22
0 21
0 809
0 204
0 424
0 726
0 506
0 27
0 404
0 659
0 594
0 509
0 560
0 509
0 839
0 985
0 754
0 232
0 810
0 608
0 655
0 983
0 731
0 448
0 677
0 548
0 995
0 923
0 443
0 107
0 729
0 158
0 233
0 967
0 364
0 980
0 559
0 680
0 343
0 981
0 570
0 717
0 33
0 772
0 824
0 270
0 258
0 537
0 271
0 327
0 155
0 308
0 576
0 605
0 921
0 639
0 524
0 348
0 606
0 668
0 100
0 124
0 612
0 972
0 324
0 384
0 264
0 647
0 403
0 751
0 977
0 249
0 856
0 468
0 871
0 107
0 227
0 725
0 578
0 844
0 268
0 745
0 559
0 717
0 719
0 332
0 201
0 113
0 166
0 122
0 849
0 218
0 649
0 61
0 308
0 967
0 630
0 151
0 417
0 738
0 788
0 66
0 35
0 205
0 484
0 966
0 952
0 123
0 797
0 157
0 678
0 717
0 794
0 953
0 774
0 814
0 545
0 262
0 360
0 150
0 372
0 258
0 530
0 798
0 791
0 415
0 744
0 234
0 544
0 520
0 518
0 388
0 209
0 398
0 462
0 539
0 443
0 132
0 351
