21740433
16178378
8044556
11516406
47574616
20154298
10668428
46641299
18274080
25719916
11336945
29642579
4342177
5744150
9564568
11115705
19742068
55376766
19546493
21911570
8400997
19778106
5360237
39809519
3779427
8402514
19456955
54303241
12693324
25130480
2532169
8157818
37848130
58482390
11051767
59215875
27005885
34340596
45896552
15050474
8838185
34798365
18070755
8708762
51562628
29048965
9801828
54928918
3426420
24874064
25865021
3060973
24107700
40483483
10571186
18821182
13416957
49356100
24532969
26216545
3518826
11797800
2351807
36322421
2333010
19337969
16106138
10150570
20453780
1377075
41269620
10944890
31120071
54363073
32238699
30023934
45004397
39302239
14551167
7381398
26714243
25541290
33458851
9555698
4768355
35719805
53516765
42832024
39959459
39258393
27697454
52619317
50044378
46434128
29951867
51745939
41978481
31998563
17138550
2099041
45542905
22994133
13566098
44322351
13872172
13511478
7244907
14883922
32023990
11941611
3864391
10195434
16502962
30543805
8575047
34645246
41426002
22863007
3573766
17594129
43917604
3321412
8101472
35780372
3477293
3025307
55426614
20235721
16777653
15052484
23403302
54631821
36422236
26065206
4531397
27813799
39268360
2190211
22105684
28442871
26681042
34405071
9131267
27446929
10172273
30020603
19547926
44880395
40930319
19278196
42716888
41011901
36936725
21263940
454607
25351511
15954139
1189316
9358398
325336
11008093
4331039
22379138
3773968
33923410
15304135
16066854
23264117
53549031
62573391
40531030
44440085
45981230
47794660
15625148
20345300
6923439
23019751
17089347
31412818
9580065
6952067
33814287
11819017
14110052
47720262
59928260
44667161
16407739
19204681
536177
11306538
55353750
13122805
33405339
9266024
19601988
38601909
1093308
11460489
14413528
42059910
7021534
60658922
16909287
13172309
15993497
17487685
1036802
6023331
40212970
37754962
37445115
18645464
40519922
247337
7839965
37077278
22202898
9086816
12643673
4276815
17275170
6860802
20571526
10826540
24388289
38808733
55101066
1523441
24527331
33331757
41963460
1873194
9177930
53475238
23125087
58492669
43029042
7745419
9651499
4011601
56028972
3850496
54916341
5396966
12091484
50474982
9791294
21807582
17636866
12594327
47614488
1853421
39334960
3571568
24244111
16625656
27969177
23719181
33111477
42772302
10094161
483161
42584217
285641
23123146
4407235
19039716
20507753
23494322
27907652
54708268
13914217
7330679
4165186
47702839
23368106
26475757
435457
28915550
18032222
728920
47797352
29130902
17720776
24248300
1046989
10170161
25651646
32559268
31363190
59600489
32822145
31740641
5515180
12187809
12578131
16601491
24360069
29116935
9117086
22809710
4929988
42290534
39654021
59679318
19178478
23607964
39451975
17905229
9018739
18639726
59195498
25510227
23511388
58963981
11023221
2838811
20289706
19932964
11139313
15824089
19741022
35820584
49902384
28035942
11393816
4288043
23921184
18640405
51825419
17765069
1159517
18382289
5320400
18953615
8869563
10506634
19716600
24689193
38186918
24816162
27843763
16304780
15487331
38531814
18036966
26528970
35326586
25394547
9266513
22032474
6579451
27745374
37344486
31708639
37146818
1242167
51527521
25124853
25315922
33329773
2669644
15916409
64717427
62948014
46778818
19541647
39280878
4883701
4118981
32976868
60721977
27025326
23536732
11029901
18612824
21847935
41622538
7138573
31956019
44110216
52904543
8191793
32021462
20106868
36269201
39928807
40207320
20345211
52018739
3751513
35298418
279544
2596011
14606527
32202491
503939
13719246
19212398
10448778
56009567
20128478
54431254
48750685
18912656
36338624
56094925
21232634
4005838
50525662
7045075
10413383
32472272
16149864
38923430
35241235
20279308
41100618
3340882
13592783
15658988
6970639
9044996
41301513
49544247
20717836
34801273
60786708
15202469
27648347
31245175
30799902
5809818
59171663
18482890
39348600
7928496
18948550
147807
18535685
45295306
9940433
46896274
5272231
1896567
8990185
40890489
49605470
37095674
20253661
26114984
16089516
22079783
9654798
14086320
29893137
1490923
43425970
34967413
17654938
30184002
35783743
21278046
17602277
25192714
29116927
26116908
18209484
10321596
62212059
42283090
28229418
9876408
31399129
33422560
37654150
8886502
15447036
32951364
57258705
9325303
21751971
6423283
14920497
15373517
21163789
47703517
10457714
20778776
26209791
25426791
17345761
21494361
42769783
32695937
5801043
14300541
6191030
15879380
31718621
1783017
11417810
866133
670673
13765085
34107025
42600294
15570265
22015527
32971825
34966570
35018804
7096488
12717469
19456889
65572420
13569788
5644204
9120643
58816875
23959903
9545569
25309734
18529733
1086968
44007985
46348134
2565646
38036460
43909007
16912555
14139880
26570799
45029273
24032805
18851147
6149836
8312617
8719628
21117217
7157664
30157865
17727253
6786959
38638067
2687575
31251796
37271102
43129023
37281402
58788329
6547364
8411979
20369587
30778329
52262567
20057746
16437740
5233547
14995933
16461569
52445458
58296397
51495933
67146026
2876869
41172814
30306141
8096875
47249868
1374003
3335673
60194035
12414249
5594216
23993114
18681879
16628261
5256251
28657433
14579411
32603830
27129959
38835007
36849439
48087897
19516852
14808821
3730694
15173036
15995869
22722981
271235
24904673
35971719
10666917
15496616
44441150
25520694
41823941
9474018
2369557
10243389
33272670
1023160
41255526
13947565
15625959
19303919
53694921
518939
33599579
50285965
18094812
29459218
30589007
12137428
37140070
13076151
6821861
52744635
11037782
30812123
23663126
31197017
6680908
36634336
8608014
10172885
32771599
51465452
24332066
1229170
30631709
355395
57912811
63771562
57149933
17127457
25908324
17154686
5188751
35601690
22220246
33903793
445168
40492582
43483914
48532300
28987879
28766935
28724271
6449608
50139178
2475465
16983194
14166368
67875422
20338464
42732497
14872764
22775820
10724289
45558172
31471125
48109020
47358865
26974699
40215041
13357957
2436383
11163379
38608895
5079857
22972799
15612507
32091998
8760793
10701529
16148977
18350551
32112484
2118277
14380060
20300392
33593127
27698741
2782569
1633907
27146693
64726448
36264015
32981967
6550525
29067718
17371356
43252338
20357221
1319335
88196
1919615
22350623
23739433
29624212
23331534
18421439
10823576
7602018
4309419
8731526
27904440
15200933
6216698
16579172
761892
32189024
68766430
15519029
55459934
2210935
18983955
40597742
2400466
4857972
42020976
42624518
6921437
54402988
43385333
22650251
45540060
27266432
32477786
17488391
40298500
16492300
26880428
18610948
14554690
995265
7925907
33647647
2394902
171471
50389805
16245159
32733266
11799976
18305875
7312322
29018719
535977
31675698
21572028
35221736
1953596
31796058
43785464
46083489
18367926
26514432
47872466
3070640
15590649
31338804
42693145
49459021
30999295
16363449
9423167
40865638
34015166
3644809
1104166
16414787
8730236
52393821
20418660
34992856
8449326
39642328
31144275
20953151
55543844
1762529
20617519
5138711
28794178
29103395
17619
11115090
39903938
32805554
40352181
51673229
11054112
55063816
49556499
10742239
38409027
19673886
25241376
9561414
8050142
15389682
13625920
27269402
42177766
20634876
36185494
16792450
63037507
11298580
44476426
10140014
2943525
4887478
27991104
8550773
46473475
26531369
14600326
42277110
33560738
19412020
26258319
8744455
4521997
31307807
38850386
24697188
24336511
17743629
49411077
9603340
3474955
14005767
8033883
42864993
2346415
18743035
24143978
21595266
31493604
10785696
44540152
16056353
31483486
34544110
80629
26898625
38960095
41297612
49196756
7583488
9600641
9724532
38791209
2476845
40600446
47835595
29663979
45283919
34282452
47992385
10142385
26617031
489877
37243183
43777878
23549138
11505541
14389668
44262762
785299
8474334
3397530
42456391
3789623
31676302
21362693
10428372
8674665
134891
43141314
1037373
1889940
45174467
8640384
14473735
23045340
40416746
39241746
37247020
36394790
4348255
5044366
14330478
7134805
47914691
35718094
21468336
24122488
8315405
6912296
66417508
8786295
61838696
27810701
10148020
12066942
53548422
16425053
15972200
22891165
7979657
1563317
18264771
65795202
35461615
46553657
14723371
20356431
20073717
4869418
16349864
30960998
41701233
10469818
963520
43811283
10215962
42828954
3395036
2663302
30425862
25766041
51188461
11394149
4599295
49790158
18541
44667144
33092980
10773205
40954553
18415000
30876186
30983541
22977437
20284982
31472754
17328172
36625480
17076612
18388059
61222539
41522803
4264849
55929649
25641239
42511903
20469594
25242346
1202850
15522826
53049569
1971025
36493689
53833923
3432712
26403118
31298230
23291268
33261357
13866962
41473192
23354474
19009236
17317308
29501095
16234864
22891524
35413533
20723500
69263970
10752587
33818077
16621627
2711950
1639543
21555713
1696140
6305860
6181979
30154967
4467729
7293105
31716995
31999234
67915625
5084588
60035199
22640493
10861917
1341882
58328162
29187555
6422660
3256873
8835308
50258866
63046838
34475852
8493931
3727131
5732664
60385020
23965962
13421202
6342996
11451239
4582283
26967929
10012181
28798318
23168025
15686242
8328843
19113653
31156750
1750857
20915902
962008
767627
14596289
42418585
10376217
55813311
28589050
20836821
1030254
1898464
20562339
54603335
65317294
2112752
30056713
601766
53596297
26723946
31936071
16053429
33756591
57283079
24540218
23253655
12060590
24821237
26183169
46152224
11157574
22151977
2833046
16943714
30895884
2865719
44447371
44643157
45763643
33763706
44909630
10586740
3065216
11678907
2027287
12527345
4809662
1507148
28027850
50431703
8339936
1157002
17151794
3561613
40873647
26989959
19334492
57543288
10322909
30702814
16725411
4936762
19237042
10677232
7767380
39159764
29260442
11020754
8249693
29459650
39143224
8617615
10916949
1073103
2685471
6571634
57124021
63212769
21296894
28512911
27554938
18073636
5282854
29849777
21534435
12589608
27347856
13157174
8722094
4170117
23501824
7713480
8093589
17592990
26165179
22806408
1682013
36975230
50146389
15277429
23926111
5541927
15038079
7347596
9853765
18242920
11874865
7031726
42577177
23147677
9954408
41253890
33296255
28819288
63645334
6249611
10148908
16288442
47195858
43086843
13931600
1799043
487714
25810971
28110553
6507638
26702284
6668849
18532357
24734164
39432640
29891746
25161316
31384302
22484343
16616802
39018349
30077127
16606309
42525097
11697441
42870909
16396032
12910745
21623052
10639270
24906873
14559727
2260352
22406753
21949289
3044888
14183489
19415957
13937903
68341
16455059
41059339
36492324
20998343
13588218
57466075
38624399
18479162
45452609
14733390
36189049
2623842
31632115
22248342
20715770
44782186
9430309
10447054
24719807
6937957
37240120
9132801
27728016
40330493
15712167
30058642
47345715
36175566
20266878
9625943
35895708
22151698
19362293
21414054
17576697
5000918
17680454
45031866
10651333
1616895
11289737
14130239
12499242
6512367
44976689
15263708
9844433
170559
53101817
3356143
9552897
8578943
60071413
32613846
986605
23068943
37204688
15225730
16795065
32744768
4182993
4221731
22768246
10942883
33553981
3457142
3787374
14206274
40170520
30504172
3220682
52593425
10920493
29079790
44287573
45879423
5160661
10866074
5448808
12530380
45917323
1232629
14251187
40650471
172360
19583837
28243879
43960663
35222934
49712432
43863700
32160975
23742367
44826468
331853
16376648
4642885
30202035
32435818
46322526
5523381
32621880
8660775
11672404
19329753
7520696
33769945
43398235
8689617
33270781
18358039
10198636
12020403
13117590
15619115
3272937
4021358
11014407
10158686
25040210
22044857
2374937
41046490
42314182
37051888
6339297
38451641
11443108
23900348
219590
37608183
34950163
28993513
535037
7073402
53612304
28798882
20369158
19441961
20140845
5706115
24448971
56540464
33743176
33439696
10814524
26552305
15220379
883283
54408118
38253963
8781542
39373267
6348265
9432143
24998581
4818458
58937623
34456426
1893783
9226859
9657152
28647182
231364
6757045
29868475
23896499
12419707
27717970
16458256
49226041
5111973
19093951
29118712
3667255
8230449
6100235
23503942
8704039
15110973
38088014
1195333
2196137
14667622
21499340
9797609
10697465
4593571
53613865
51051885
13154812
5525286
34303316
3419718
19789805
4663410
3660781
40605360
10270794
11584031
1646455
8597945
3186056
10885352
19243321
12827498
37690745
1583362
31437145
19333377
29031834
452227
7117429
57709728
42247176
30102610
6221771
33993570
29572489
7409670
20220630
10756179
8090064
48939989
28563295
44801636
17705895
34243086
8886489
31851783
24853194
38480451
18755995
27055827
27378902
55686126
1178333
3147344
10167380
39721001
20876213
4871733
11833396
36336400
28886651
35015464
26767138
12321143
11000401
9005392
25615637
13102372
5427539
21520863
59954315
15435876
40214
46747466
27671603
23739424
14586565
32987530
1501143
1171592
8412572
20378144
13467072
1364184
16854594
941907
2125673
1572024
3483564
1900802
62159526
62935044
394393
875016
28939421
25298927
27246731
28227361
28241298
14093572
45495324
35934295
31604332
20270456
11304051
15565315
27730006
4919782
5741915
39846331
5652854
32675202
39297690
24265927
6692489
19533055
36941165
36960247
14589286
31990994
41473700
40455767
28225206
45652774
20745020
11778161
13345499
2487561
6951130
14940779
6153169
49133373
3505080
26494154
48895915
57436300
1720058
973066
6680399
42606452
30467831
20403127
30946036
32646391
16258318
3856769
6894942
1833306
43719964
18727500
27093680
18817009
1441077
17986828
26296295
9110201
45471001
28332150
33436992
3798921
11410152
6648176
1656198
7984564
20509954
2577633
46721729
27990079
12298406
3330077
18055602
34581101
31755489
9532242
14577452
3350457
11426562
15049609
31681489
4263153
2838974
36865075
3793908
2996056
29484122
22240128
31076476
12924117
4713024
801741
25589372
23337020
28394394
2730766
11177436
8886579
33070754
10910091
2707088
30949142
4629182
20336616
27687167
35300630
10916027
49519695
5869360
2898202
24791364
68188430
43199193
35072316
32548206
38829875
33971888
7595943
10186091
39096352
58578152
36958843
32962888
46924732
31149325
6340694
33355070
12438397
41028638
56958989
38088117
4028948
32986251
53320887
47190982
2415858
34393220
29674866
8711365
15226783
36156535
21623200
30619073
38744536
32535287
39474403
48849520
10858351
14469551
4901323
53284030
22028860
10336277
22623986
2688600
35525306
13539258
14151680
20576441
51890750
39688315
49642922
6551505
32670426
9920674
17904548
443626
33088105
11662748
49750036
7017007
17638625
42127954
18559860
35518023
309086
20009116
113665
12691984
3059341
40941166
44650886
34014007
24445548
6442468
8955997
27606806
49989497
26156537
5701519
52872616
54335757
27662237
6663835
4069177
7546040
6900074
3242351
2633550
14231420
2116109
10439260
3900081
17807158
5974504
10120065
60940410
49864736
2159602
63063736
2932275
6433741
33166356
38780677
1923760
36185420
31808269
1842148
24405476
51929994
48434526
2354200
2438525
13091300
28569192
37725116
20124783
16932568
27643309
5183991
45630199
47016288
2583145
13621513
34614276
45741323
21512166
26052947
11251471
35811829
43241628
12998214
62461961
24947020
3996603
36679908
58030015
8724269
18722777
36678259
21519450
14822812
28449524
13415248
17069240
448207
322112
45118002
7520725
21531980
25757055
2748391
940026
23784326
2988474
6330868
55746622
56709575
47745084
14066819
55822860
32116171
46680317
5103204
6309983
14762238
1461646
12567006
56238483
26521110
1812449
51903463
29048261
1868063
21722717
30508489
43937714
41547861
9798178
53509876
3947824
14102611
48233962
11962708
30751273
18608072
14337059
41378294
5143995
38590879
20943474
27874959
18153373
31313668
28570240
15101852
6364788
30926911
6985617
16581916
3074216
16137065
11145899
11184924
14509856
11634675
33460392
20827513
25107448
3399263
51944904
4341513
34703936
41246135
2587448
3128803
51491404
25474677
11698395
13754672
11887551
5543028
61830381
7027379
67911075
4315952
50771289
13317868
26669945
47491572
4557299
35575975
27757184
13386999
43763994
10230052
5129187
25361517
22845350
32649799
714569
26443846
44362756
3052859
15941775
166340
12934227
16122906
4300333
13154485
34222596
45644450
1826199
26178060
15568635
9184563
7799134
15148882
27534519
15851630
26770402
17505184
22968600
16227194
40571988
54093370
1299256
17356934
46957091
10107302
40721741
38504206
27092037
14094843
40408092
23724770
11888395
14308130
28421471
16936510
7755688
7263146
49632850
44256749
26223439
13502419
50160599
17670248
1970385
35677596
26573482
1814665
38158076
40516918
49446201
25440922
11946622
11779197
3519264
14674591
2328497
32651603
26555888
37261542
25362748
16240750
36267389
23606043
1991861
61246085
33851566
1218599
27202044
37940917
9490669
44695555
8404661
6381080
15208143
7245539
11009646
4380264
45653990
21347099
9378853
248430
13099666
53765063
21340327
31670996
39746254
46859573
35336320
17824844
28783545
23023454
187229
2560163
14734805
9443748
48918309
55219500
12226607
51287643
32660359
14456712
22413003
47351257
11672233
14556313
2673055
1007408
53270617
17759878
6391955
8456423
30749548
31081721
13639817
27134706
31038663
36793160
65325984
17515527
29174503
20992792
41030856
1589343
5599734
15545971
63212724
32077711
7700321
39408088
14374233
38055172
31353831
16740890
19012266
32733746
26061324
33878051
9347505
5484921
22803463
43769222
15936489
3875185
21039613
54233636
3817957
52195715
16657404
6181950
19530787
8207
3377554
62408531
18739429
31636517
10259997
5180519
33583915
41692004
15496466
23476324
65644491
30465011
36677498
59667962
4994846
2539816
41495145
53843477
27679658
14953248
24817070
38204660
5013126
29115743
51611612
13107236
29492357
19768437
41405733
33440253
14783680
4997903
50593418
18478270
9845174
29122621
44729757
35048573
11946489
15719646
10319573
7775242
1248080
1085786
20808208
40058318
6086709
40865984
1634973
24969638
18644852
15684297
30870443
6952883
48272164
15994467
16086154
40488329
8769662
14812909
19823169
17555548
1683667
27116327
61586107
13622058
2545575
29734815
23460836
27100749
29628487
21665016
2223718
40848257
14049660
7039688
21628542
25568250
2049988
17885937
5103958
1826139
12595623
12484986
8872052
68715
2149600
11607884
40001918
29361965
11617064
37124125
34089667
45846181
4762414
23632390
40397587
49710359
15464576
41424509
43974660
46378037
8553272
430049
11554711
19996000
1083471
13418517
46683754
2354036
18352085
3760216
1997645
321665
1832295
37343652
16340189
36419131
33642658
3787206
61382821
40179144
23998128
20484639
23439642
24468773
176935
5062135
41087864
57130901
19897268
11837310
16840494
22170881
12150055
28356838
15038123
18967100
6205504
20127549
15539982
45320853
997408
31927972
23969287
26523947
36079552
22152303
31399604
22866768
10585418
28690907
34487418
30448906
3626741
41726238
57158454
62397486
26055024
4433828
11318929
14214976
37379217
13045356
2550379
5619729
22542799
51941320
2966316
36107822
99712
38285982
1160408
57569148
16300716
15712904
22931396
31046248
54778078
7760374
9712378
30407315
8878316
36242034
38809790
9639388
57124364
12498101
14812129
29256484
24055144
1819935
44753887
1038664
314774
41672112
44071817
15375058
53095966
4092864
4282316
17371668
266346
16501056
41618249
18707122
22685330
1175279
33520346
26276795
42005162
38243426
31973658
42872139
4648421
781129
5868256
31817579
11518677
29051359
16695245
4913655
1191242
10722840
12582090
26342504
12137282
9427373
13850400
2265499
12155169
22549853
31538184
9719989
7829429
40116741
51983195
10385323
44461946
10550925
6187065
24925582
47673071
10313421
9081748
10157699
8900960
27178251
44219123
40711695
16125051
7766165
2926733
22229298
20858108
36054967
8655225
13969967
24726147
5111950
11593508
30111993
7176728
10368540
7206078
740374
30820493
952770
37794546
854006
22648815
139006
9241337
33756161
65950789
47032105
26199990
5719542
980005
8446703
9087814
44519032
6145061
27149169
15449269
35278944
23955881
15248186
13679557
15152715
3652508
1184372
3745871
7301923
48724837
16784839
3155782
62658840
8430787
40553156
53272502
57490798
17443744
15322994
27338950
2137841
1108409
16976607
1022801
17147099
15322819
11228913
48617715
17922084
10456569
3506277
22815659
42897141
33370157
1937462
35704175
57159153
25843366
16409706
23120768
33134348
42026950
18700739
39311534
47591958
24242769
48378513
48690460
49645345
27493369
46357585
10173475
17853930
42558157
17803947
5535104
53145896
8826284
765052
37249231
20119298
48109278
21465489
45512074
29689044
15072599
24927542
26560093
125286
4956828
49516302
17178708
23006949
19881739
27940653
33228564
5514395
54391264
12926912
20736271
30153884
39066557
9083672
59828118
46295113
46953479
40832679
19240432
54597099
44895659
10132930
39573574
2337961
15904418
18363453
41018912
18715296
24177699
4039272
7784619
33851102
35080074
57363316
4280154
14155088
30998904
46152802
22552941
30188216
41497195
45289285
4581294
57916122
30846719
16918219
17771624
28782665
21605139
57060622
30290319
19437233
7779258
1976196
22880209
9466786
27921969
44895124
11186093
26323117
58817479
13113891
24388652
17161774
46844118
29487678
36917390
29928219
11757973
394448
39485478
21927428
10521912
23774581
11673348
54095661
47586540
2474478
32497933
27935801
8683216
12442624
37194358
53600495
28571489
35648896
35067014
33878771
40334656
34564881
22999690
32222736
53338303
4027165
49321522
22958409
37527382
9575297
5594223
32900412
37169344
13800205
27514793
16342807
41155669
64160317
43845554
603927
3391055
8599204
31639855
25544909
11255088
44057552
6495118
58867942
14033373
48637961
3229572
4069143
4765932
19748229
45341243
37501354
9355735
44637285
36992800
62215342
15763894
24027679
34220157
3752429
2920134
12625822
22928723
27061630
13842706
36858142
5551067
15666057
1294935
12677510
37242465
40101694
30630516
33164363
23432796
4643330
14839683
43732479
46854396
16960568
6861870
763071
18815296
24263659
7581881
63101852
4099268
59665015
10004922
32677826
6598560
18235831
11434765
1393695
56855190
39317209
35307486
12516746
28802524
8750092
8230330
20316745
50217244
20411268
38316108
54594184
6897934
24388256
22437312
11986630
18002837
42788406
26433173
2574472
21262277
10756475
28335299
60114102
21753135
50138297
17173502
33215093
52537423
15077007
21567913
14929104
21195004
19844374
30572637
16209808
3717300
36687125
22927674
7324805
40146785
7122405
20841816
15893967
5536545
35499639
19336881
24910131
34433974
34839972
7185036
60528733
29787686
37628960
6864316
28381354
7114448
11239217
21212747
19015474
10656128
8447937
315009
10304229
6305872
29285871
34737251
16415428
8975364
23342983
29526070
36415980
13214985
23197202
19496383
39867512
29605579
8988667
39620437
19599223
10893057
41282696
22697264
16859497
39356448
23183766
42337277
11261460
54965824
16399168
5362572
46674357
20301575
26459030
13964961
16042190
11749722
30510984
14988799
4709140
23674496
27585333
33302242
48154135
4587044
42593098
44763724
39178357
23142833
24855220
33252871
51274747
13730921
21941684
3467888
15443716
44331291
47146933
6850828
18027562
674255
53194047
15172842
30137049
16962957
32959646
30047053
52635249
63338014
48774989
23127794
9062835
54526916
23428720
34819224
32560434
7710538
10760024
46018556
29141478
31056091
44292111
55460351
36892757
55097586
2713055
25663556
16119313
21957031
18589586
6199767
7983605
5605408
10564468
4391197
29647124
36761258
38138700
15377475
6465532
19390269
11214809
40863007
39637406
2152323
27598111
13964152
28956752
25379697
5872333
20113997
20393823
14977962
7848350
39206893
55667240
26557753
30762607
31326251
36593381
19658616
10844376
262546
44908830
5463740
58074020
2681842
27429771
11585239
15417553
60952094
8316219
6877104
10861036
9798275
23970749
42196270
32467012
36781007
1121653
2039749
29078959
5096992
36947156
24403479
992665
23225975
576068
37487101
10359789
11782318
2919850
21239664
24975259
29455251
14284494
16350901
65373452
15978991
31343726
33897851
2825556
34913260
9432874
28639609
4169223
11249949
10976898
17809693
11663064
65078997
36943553
12158240
49296901
42205433
32545019
7689222
67697787
45213588
14039575
6558979
11035859
15913417
46594059
1071665
34935738
1993286
5389314
57530959
21680259
28748520
33719603
12710394
21366256
26338226
37023210
39199064
17817292
58771932
6748593
46168051
29921371
20941313
3000959
10234800
3980674
14908708
44068304
40040757
19559819
21754768
3960394
2325526
59265711
33709540
3405923
41668702
13082994
16703813
19043460
12354312
25806597
33987902
30772508
66619972
7594030
37815252
5860378
34806232
2978005
9067604
10470336
30453749
27372613
10760915
22523418
4502146
35853748
19829615
50998212
15734977
29015374
21349310
30422810
9437206
34048289
12052039
13180337
47161524
23906108
24029375
38300997
1965469
1300597
31298080
41705060
41948101
39345992
35909975
41213224
25668665
34720057
27727614
5264745
31779163
46005395
3570742
2807576
29967635
14132696
8564460
31146846
15558842
36422695
962537
28538035
28630936
40016089
21145235
53042115
33714367
55152629
6625745
29206670
47694824
4698151
3824900
3526095
31618189
47879380
40750219
6764335
19106834
22287134
27854127
32553098
5175211
12907245
32138371
6647319
25291147
28116966
41654866
47583370
37847903
30993752
10662867
11026505
44619535
17885850
64833942
16043593
46111216
39381873
10826086
17278092
33571244
3987377
16296933
7491882
38517375
37902183
36984616
28020098
32225763
27327606
45685237
31193630
49734816
17649817
1551417
15984332
43514623
65565144
33759992
56608947
21088490
11920658
39249163
3968101
55077072
37795573
64587822
17203271
28151740
939644
39599530
23507481
16465899
51218201
28960261
50106528
45864896
15631158
39132059
5688924
9357757
16762474
20078746
11492477
41350418
29554334
10779945
18657121
7533844
19781532
12658664
33304596
35596440
5036784
34246982
10809938
27850506
13577461
36432797
64653566
57700469
32988990
19175711
46477791
21543820
36572094
8586015
15263191
34295023
9594056
30333634
21543552
17753960
13578809
58586986
11556866
35229901
24550527
26739103
31304957
33632265
10507795
6335800
9431983
42301495
28635105
841634
63182186
26885657
11208940
336352
1189155
33791580
12682758
39366820
40327415
46393710
53318527
1266414
1167694
19208996
376268
43974624
5176754
232435
14188393
23419724
12533000
644688
8615821
34334834
32707097
15674658
8236001
6753733
7142378
10136852
1338806
14096835
24014526
12280185
8567011
44928767
14730535
28656792
50593625
1180306
46303296
8220788
31522221
8734037
13072892
40935012
36329345
16189373
17355581
11552415
1017258
1510379
17907087
28904171
21390908
28199392
22978016
6684677
21240828
677512
10792391
54352892
34530461
25788052
19102227
21129327
14995256
10687025
30707681
60876169
51505984
36112619
5097023
10536049
15655278
6913821
31683685
20120352
59205842
4032372
47764781
43396654
47774108
22425578
21003775
67018979
54903013
2385080
18391727
18475924
51763194
38263729
37037712
34812149
57347199
7064091
50050207
37510201
63795335
22877662
41553075
46872471
42215084
52384898
5268437
21663828
35629132
12257763
34624863
11664438
16195220
13938032
26954091
37707679
42013558
49132511
29269687
22825446
41500721
9761392
25177148
3227742
146453
19787250
11704990
36856132
27273875
7571150
9066301
9997291
19245999
55962463
3306108
5684370
25391313
35386763
23038949
23681875
19244316
32453664
39626820
12039444
7929993
27053178
23234437
8328835
20861078
6754232
23876066
31081888
11500182
3648743
28616654
52344695
4009074
16071932
9169530
22370857
12386834
4211532
29436549
22719342
3857654
23174607
9603835
15038894
30118768
2104280
30829358
46039409
60178982
7755261
8289076
40885040
7307811
30413644
19515329
24256890
34366596
17914151
41731136
4958918
50099917
22615827
19594545
5653733
4643365
13132732
11743968
33004162
1088724
22931008
4101053
22507362
43688505
19089753
36333091
1722750
5067600
48627958
17111968
29301807
23925344
41852160
8725232
23554008
24471311
56913588
1676163
32790893
23664218
47869164
8953480
1286342
39126093
37448041
23073613
29150785
20131467
37670288
57481401
50843156
47518401
28169060
66283312
4512860
48692992
18083711
8913872
10343465
31948368
25909809
47550228
44585912
12075212
19445886
9644051
6003285
3969014
2886247
31598905
3799577
26656210
34195783
26718090
25087711
43119510
18544324
17428817
20859000
62765810
5496565
55558961
23320557
785758
20117321
37142334
16695591
35322253
25338480
11498054
3783608
46593878
26705704
19461182
56602408
2530342
5636709
47956223
20646682
12154457
423149
2421745
2511971
23362693
38091911
65437153
7635006
3912562
4072273
52924546
20234632
34375943
33847752
19090065
54541359
8469563
58663049
1434666
18085603
48851084
53645244
15004520
4793780
12155025
5073195
2505143
245823
7782062
1274472
18757878
1654719
43556866
322836
22098807
673617
196383
45101766
25383741
59299944
15456235
2838310
38419675
3919236
38173385
29961315
5504372
7744519
65608504
22711954
10282845
47187274
175550
6746188
38067311
9791477
7811301
13973138
26370895
14625148
13473007
14642781
16854735
31173409
30128951
8035479
40113178
26295864
41567624
43856930
28911311
3066202
13487429
47352654
9297167
2011428
25413975
13837388
29507442
26607087
49906760
48694500
29531854
30645867
10461275
10727512
40542278
10957084
23814474
152841
57840511
22585936
48847805
1302826
19152073
10380477
86727
65548694
42473867
30414646
10555882
34633159
14174168
39375563
30156534
4432920
37661668
2983934
38101175
27694984
28638680
7766994
3878513
9349048
60163907
48696695
8371711
42117427
52217661
34556723
19305490
12154988
2153697
46628361
5681710
1742461
7389699
69920067
32274443
45034873
19252997
8926534
11618344
16960984
35027916
21605872
26206490
7743705
15267179
4448863
24015975
44021580
7547173
43093662
45371918
23687041
42721177
15155112
10143256
33352879
13606135
7713098
9687786
8451302
17335504
14557790
21065583
10980643
42250153
20923058
51204279
11495096
24896869
49777345
8715286
28531747
32790665
1725547
39672722
23778011
32450077
10979752
4584529
34479056
55841378
42616991
28786828
31589653
21947844
6535058
44096759
15914364
10306389
19979989
1905649
17061217
10462426
10615192
994459
18262570
28360958
1887530
8335153
24681708
7135074
9593275
49728419
15926415
7210881
8701751
25706476
45095106
15603552
33848963
21823563
39808984
30848798
13906594
7676917
10144520
1214274
31929583
39868880
25504461
38568085
40559630
42132504
5601105
22820496
9757229
2421049
16151057
32248835
34644895
10482612
3456684
20920441
53212178
18549058
10101125
7340274
6411519
4545657
28475604
37888862
40330918
7567876
30060691
11087575
20163801
34606950
13707758
4826592
10863640
12836717
39509771
6945805
50321294
1019000
37034869
62356317
37654743
37635745
12387414
8269464
16304812
13829385
10635485
46895704
545468
15888304
41265656
2099217
57236369
2929066
6231254
53539334
42279305
26706627
8816473
43710282
7864652
14130051
18142219
18679976
26240517
13123583
20177064
21418920
38044775
26570844
67613814
2496893
8458092
65505295
39169325
24455919
3863710
29633832
2654963
27565197
54981413
42707740
33814762
28245603
3560852
32194011
25916373
17155428
12658447
21959419
23899821
7515893
32444037
18151018
62549920
53275882
13136158
9267548
38721465
49841386
22106611
19845947
31106604
5751989
49897351
13159423
25036390
31213392
13249739
20050641
21088329
2608556
20806030
36070574
41780340
57408561
21466470
20823293
19595137
11491690
43992172
16875165
33773047
1359344
19349833
57738483
2817471
10950923
11183414
26687961
2339775
18782160
28137000
33001925
33417029
21308335
49706701
47712700
33108686
1109804
47928759
41921049
2236913
12849775
15106125
24423589
30809483
41541057
1850704
3920684
11286354
46382126
9605554
60509343
13526158
18648997
5701289
39572435
50512879
5198621
31886434
42136641
53646772
3640809
397264
28616501
8310216
23281974
42723504
4029106
50768941
26698467
35459942
62497585
13802575
59349167
11132132
33662312
13016194
43169130
5940655
21499835
37653294
12313249
27879618
1222267
12387700
33748791
6855144
4175000
14012258
20522539
9360504
22498347
55002107
548292
9147274
10933355
20561421
55845969
48200035
32033002
16117533
14700817
31301530
42552157
34517944
8588859
22342027
21341110
54971451
8039785
38460552
9187962
44198761
56768866
17772221
35638017
37667189
6436597
30173627
2377086
11741223
51418842
33720109
12729829
40777281
5597979
26275140
13618355
46831428
5092387
18129692
4433066
41449635
20368498
10376535
24782555
9328895
20685273
24719789
57178033
21992200
50841908
9195773
13509966
24375760
6638983
30885545
7049181
50142729
26656409
33393585
39504126
16022894
843488
20346541
40924390
3123124
57610762
34442146
59727849
15450352
9985562
48827093
37012684
16661805
337800
12007555
30251552
25618997
13571268
45345320
17300446
5044905
21250486
22341560
3621840
26572707
39812045
41151524
34823986
44150079
11128241
22884604
49733035
22283639
58651157
35037717
25627522
21305556
31854325
4572723
5306779
1255436
11665906
3611619
12170352
35462267
10403412
50127793
25364616
7795844
2307571
17242463
14916990
13083319
22370893
44200567
38998703
1541866
9594225
11092871
29956514
43873355
3284102
12982245
11688193
29174897
2175203
33871327
61593488
25953678
8638006
3161873
6922349
40125016
13972116
16474251
2273444
7600814
26069955
6154576
33747616
22373919
17902960
4630186
40628997
24451429
10451908
4040600
65545154
54327636
43280859
14896894
11014859
1921273
36065867
22844515
29149098
4433042
30362205
1902914
19388715
40843247
30839771
17706192
21910568
35921548
6478701
27964733
14415066
5159224
22790178
1377688
401536
5831722
22208996
49181623
5943085
28916496
4626787
10150684
21268157
7012878
48885157
37997223
3043997
52402247
33207879
27543798
38054846
44849718
30772650
51709130
877561
51657386
54837354
38100222
15429366
14591088
5589591
28448929
35891785
54853889
12413381
2738211
1851435
42119767
47944856
31491320
41390748
35890271
16253056
14264271
31869342
12925718
22569691
53867867
58131355
38604897
2988816
10233541
8410146
16383037
44263324
16753721
54093001
49165113
3632890
27348469
15334335
46596176
4677946
35527111
30471467
33763445
13833503
2850791
4132096
34731195
37919585
28444569
23263985
48528415
2919127
14324494
28281667
26617866
7786320
34445267
16710750
13910786
54169631
45105017
43634118
10141933
1260715
37565418
281644
13454590
55868938
8402960
8326751
50044631
19745760
1069717
901069
11920257
38306766
51764238
24719627
31691793
19590656
5769913
952309
16948863
22701036
52224602
27096007
43694694
33449247
6509622
5987463
8130326
16229443
12451437
38415637
783898
3016064
12336775
16622276
19574393
15527853
33529542
10272899
22542243
7061047
47218710
10542829
3523911
38026268
22238718
13999957
3934102
22556458
15965721
660571
25951190
27304255
12124752
18158949
11699484
3241096
4624153
1474741
1443656
17580578
6735535
12956626
21188070
33031888
8812785
10697036
9668661
17136838
32456940
1152074
25849803
24104914
40515405
29209575
6206550
16248800
21656118
58229780
8675117
28198913
23230942
41773284
30185853
7724654
18394743
22702271
22956077
7412180
49576468
45974700
30285615
53480328
9186499
47756664
16863199
11677200
5721436
50765068
45986504
20693777
42895402
16386407
6675817
40153629
47903181
7413001
41477670
20951459
30758386
6016685
59884081
45953677
45845135
7498173
546500
23514218
16908799
11530200
13029691
25467380
7990860
1746769
1874357
19354132
17733502
58718317
18116002
497536
20368490
13014411
35892172
6350760
47608438
44132949
7922590
39390912
25785882
19299629
5243611
21457167
40566998
4709045
11289666
22658218
4801869
56882627
28109063
4991547
30333103
41525670
31188982
18102715
5219481
10499310
37624689
3367424
34640194
49312028
47170097
13271369
46944095
850069
42734284
12690983
12816807
25354351
6616132
46788984
23778659
10020747
22380972
31532945
624849
4856842
10607334
24032202
19335161
26832518
19669485
29115517
43748048
14270504
12937860
4237333
55657883
37091927
25377218
36125419
59271444
24479777
8017903
42896743
21336624
8582226
44825493
909859
5713005
1413359
22476349
17540585
5435324
2710281
41273092
22295646
12060707
43873586
6792826
2838559
6865232
9543622
34460610
48116520
5970563
65323391
55137154
13595798
36164848
40426788
12351056
10054192
34401125
13549071
38694110
19914222
30986268
28295385
40442944
47960184
23552205
4912515
64938228
61079202
27281259
876855
18643971
46040750
33323710
11463491
8303421
41559593
22559155
10634364
38849497
41658537
41104563
19948281
25504783
56137758
13892299
13365976
11490415
39327011
25222216
65230950
5381046
23113633
50955708
501908
52217819
14324099
25564159
17269610
18591025
21491090
1027014
4759772
13343706
2997085
4969327
21795386
8863406
14178722
4627356
23142702
16160956
38260883
42069801
46752740
47570870
7767307
8356063
20838269
51289744
52725939
22353621
37727304
5030010
43184894
26521542
17457783
1657002
25613613
3608802
30829821
33260320
514186
8619802
25173034
36874147
48719861
11031491
27245749
6885574
49005576
3584723
23127360
49906646
1505058
2830697
12452581
44631241
9598537
1029480
58545738
7134101
12534397
31520834
41340900
30027032
56379346
32243585
17806623
13020210
17405675
23766818
18777777
2306623
35469257
2511157
36613194
9242526
42665194
3360108
45324632
24947640
46653553
18772046
15173395
7656359
7731036
23403452
44828209
32092930
25079439
48949271
32688036
55451968
24446352
13837437
10054826
41936619
146954
32019819
13447809
15740248
2631899
63314191
39933965
24489928
13984327
47601811
64612791
37173344
9971572
48617844
27400149
1793495
29698418
8241557
57281394
15391705
57044377
31726180
4693989
35989861
22911354
2518610
19167593
4687402
44421709
14648841
28395764
14254332
2333225
11327411
49879286
17108943
26321557
8297593
51815967
31965183
2543090
11387856
28271408
21109093
18979244
9397947
13965176
67162041
42831793
24771148
22393237
2120633
26277089
26325941
6312858
4474947
13125141
28769432
20380222
1994880
31221597
45018684
46896713
45654317
10489616
28171928
6679985
3398199
17490675
39303471
31293362
24179629
3564037
53239315
43725391
22863274
12663650
14058158
37956435
21388755
56603123
2245749
26303297
57457490
18737827
37124986
7987405
12483064
44077337
29099261
8278367
12654934
5465172
18518617
37392025
12856085
1248905
36882387
33504781
47845790
3315800
1009486
29480597
24321740
17451275
1780187
15201773
23324483
17646552
59574584
34259633
48814537
1588406
1903820
11643660
11096771
22661030
19497919
11143841
17407136
9596257
32154998
20995409
15025392
14183798
5247972
2002071
39958333
39370586
55179130
26383577
19473212
3392524
32013588
47950453
40442763
6675643
27852837
6308684
34401345
17068842
46855969
1626529
19659109
27846346
11995033
23998122
5475640
16363888
38374517
9873777
7818925
25689197
43161081
39998550
9331633
34152318
624294
32730576
17514871
9726272
11807535
31353023
39678395
42845927
21876004
38067968
630932
40414451
16253410
7915124
14532551
28720679
4444072
10023975
4738730
1444807
21481092
8666207
15803912
41867241
13332680
5165631
31489185
10320099
24936979
33288214
8758670
42143230
30743954
33503305
19880549
20101982
15231177
1743481
25021298
7350941
38130778
5915364
12919454
47427825
21552322
28857287
39126781
4622598
33076268
37730320
11483008
8776118
24585248
21598648
19579717
52620101
42233079
41831898
8792122
37061922
13333878
56179916
53882474
10997781
5354787
8185326
26510091
10979210
47733791
43512697
13167800
21232400
19530810
13461959
29569889
49309213
9744022
3958169
67002578
4922919
20956459
14422036
29444002
42840025
11238531
40657711
3037928
31225275
1315978
1713388
12587500
4294186
15634647
2024534
44916791
17860277
1691217
43230247
27211123
15569966
23211623
17382068
4996894
783336
4545673
35795440
27310097
34089608
42338705
37743531
23674851
67800223
27520231
38073895
23346281
13261068
34497359
59868170
16221738
11387040
24767296
9874205
8556837
2863941
49072296
8467589
59246975
1278733
23506802
22146209
48283555
16252195
5585275
9478473
4888193
33330961
24563766
48372056
60582
3975414
29188976
15573382
42699716
16665066
41161854
23893906
36791255
1369308
2640422
25886775
17694590
40125971
1787914
5822361
27743511
41715351
12196353
10047585
22344548
41693201
45044837
25943541
28538721
46291751
59283345
11209610
15700354
1540612
13483855
18967747
16311971
26590872
30046504
734033
5387246
6685220
43291858
49580508
48095575
49839282
16994447
58258752
18276442
34048568
30910466
9030481
9439605
20760837
14646768
176311
15649002
36035122
17990340
12775737
44327754
3112366
25493180
37148567
41240433
9228490
22570694
29184347
36803480
8764826
37265313
50142523
373575
3870943
41360809
54016343
3210767
19644478
11369533
19072701
27531097
52572909
28626653
9107875
5872208
34901834
7162840
44586813
3976004
17604197
32079165
29039465
8867882
15853763
25404
2803037
11897576
3330467
9410972
45797432
30535376
32317495
13642043
18543811
46980215
26702829
51941613
21928402
37926527
29395447
63924953
3150212
4357265
22777668
13713584
41335321
3060914
59071564
30963371
26612873
15992252
9161166
56817999
14678143
35227056
13890738
1536649
15872979
13678902
30218761
8285840
40549104
12480232
44997790
11513290
14250426
14393593
51039
3359680
5465173
2714119
26323791
51905464
37417881
6421453
12690335
43358535
35944115
594547
40784853
8807010
1297101
53967658
10948672
225970
17161581
18366888
19024931
29976846
6033219
4218734
47432611
29689218
10516520
2625694
9977672
23930527
40208544
17279343
5106788
210736
41284356
15690801
14416445
27570143
35425596
3778726
8730830
2044550
34263512
13261338
42503767
32940333
52489103
19914759
2387124
5917270
2180030
64774806
27113620
9310835
23199738
27452563
59346240
11018085
6443539
4346117
17673696
15319606
12456026
5538912
40321324
11253422
44918585
44725585
47048892
1284671
4835992
8931228
46541774
23289028
68745056
11887951
9095158
14954503
27577350
11431222
48416753
3586970
43748429
20042152
16825122
48463576
19965977
50832556
10986982
19651298
7058172
3141628
31787777
7320189
24371345
28269823
39934503
61511379
7932378
31632490
29646747
26136768
30066752
57709821
2754941
29152062
33166343
17523092
44228612
21517375
24878362
10953338
14458865
24401241
31838668
1767881
20086515
54685803
10367552
8365404
21908555
29195686
48404285
14665041
41905885
33831755
4452290
30995798
27894664
11985254
732363
16059691
23609936
44001669
29041619
63012518
11570437
19153712
33554013
25295998
7402080
23966032
19566441
5738728
38676091
15170649
1886186
13914528
12007977
22258355
26485376
17897493
36945283
5150911
6265751
15031506
26161269
1900377
2788578
23954068
19641613
31159661
17755689
7658436
2312088
16230324
8188859
16614757
364998
29767869
11502565
45025096
14688452
31598858
9237156
553583
15178779
15333450
34854495
29517280
10408229
714211
24544023
32378212
22014614
8561187
44927610
32696361
34757426
17133828
40154287
28437314
12049730
10073691
7010803
20641471
41517965
10944017
28548315
10555551
18718459
14833034
32788266
536360
24320767
25055596
10081589
22559047
26061188
55005030
45761300
432330
2145558
21514938
14227194
2847386
1652014
3874919
18693799
28920717
28462498
23473498
218108
5808434
14019544
28233495
22307337
468073
8178011
47127094
18952588
14972457
65153307
41370354
28527805
23029502
61417960
18048905
42598010
30222267
3612077
55279625
16461734
10103581
9717704
37181046
3455817
8609921
34448295
8983117
15174409
3405409
26807002
22257621
32781930
16624624
47390857
8262187
42633257
18230736
5146444
27757216
61233599
22077586
23428058
1319296
26489046
22821343
43648561
28247153
57358767
23890363
44888583
29796049
3938058
5645223
15819447
18784119
20923734
414053
14421482
53207927
12384640
24763226
24614448
34979798
19784576
66007026
14369505
25444027
61507482
35428043
45327705
49395167
18662759
23517212
27328484
44162450
11965283
11249507
1105196
41363987
8809024
21708064
18166849
50650794
20495662
4548698
3499279
10476805
22717700
1002780
39391845
6388081
37517396
2658110
22410571
20260682
1537523
25941910
22430187
6749619
1157881
23035939
43222552
37994467
4216737
29928222
16232256
32463389
24564729
47967616
27672632
17684365
5316137
19862381
51019538
3490997
9984758
397722
21734456
29333295
15909032
45194388
6680484
57763969
13530197
1650373
33912029
30744240
22299524
12414226
5067720
13871058
2089954
15886873
17043466
8537285
55541928
18674216
51381576
31590731
31336547
10112951
39582929
39192201
13427382
6328259
56278903
61795672
21654236
3503301
27298132
52732246
844364
26497552
31544579
33727400
1279244
2221446
29997074
8012962
5102661
18075825
26789038
30418970
2641047
35831762
8497993
30415348
22609902
38466436
51764876
2210035
18060947
7546768
1550403
6527241
31766572
13197697
33588139
27781971
30980720
42361118
12242999
30228578
31695493
30438592
59728069
11504401
10960186
5726398
40508928
40868234
14373832
35090834
10501787
5415249
37638356
6594901
43911333
1310089
38319769
36248231
9060601
23539288
50317359
8344198
2800647
42454884
32554449
37040420
55273976
11682729
38427727
18672740
19948028
31764815
6837657
64280399
13473843
10337386
6852029
22314873
20932436
17909395
14425382
11399693
23086125
9541291
18766257
10012142
15366377
37379705
2181917
28081629
50816200
30492784
40950223
20371994
49104886
15957762
30910717
29910150
1163756
37880370
35981822
15730192
733625
26429670
50883023
50356622
16858841
25279053
17713344
1173832
6197098
34591470
12007757
28292565
333413
24151068
17686966
33042573
23861712
28709720
12670400
16927619
8118194
29816851
23844710
47499877
2160642
7775193
12883643
35638882
11400380
49880726
27921924
10090019
32550461
4310850
15579234
52382511
26298616
28798380
7415721
49302748
28173462
17938183
17056252
11899516
63973861
17225036
44041687
9813601
13195590
20933674
30202900
14230228
1248372
523137
9264171
34117207
3676322
14218962
48723078
5006834
19328971
39631097
13382059
10520656
23239012
11970618
5788733
33854110
44934819
11803973
26036254
42953393
19663452
9556785
40882775
36441011
30150593
21404087
14129338
48673487
564059
38839891
7647009
8453142
8857882
3226274
42303654
34965490
494237
22039362
53977422
11236371
17938111
20504651
6204654
8847687
22512930
352289
16801641
48955415
27074661
35445081
16683612
5089425
10153184
26564065
36009496
48162160
2328578
31213989
49318795
32773867
12268112
31567975
24183737
7565955
12936371
7236411
7219814
31321990
12537015
55248455
5703557
14189629
9026267
16759038
52110366
41478371
40333536
6909634
24623826
35310548
56404031
8396654
31234879
589453
25661648
24308725
1910758
1155880
38984164
670278
30865206
1730090
30749313
15407432
2413976
51529315
13537203
659457
10162735
15072278
23326559
34173180
42061500
16878821
52653046
39045892
43164790
9803011
41076292
27890148
47349468
42501685
32477863
5008454
6382189
5328029
29699811
9910929
11719098
30672882
27655449
15464780
5724428
4706910
37625173
29914836
17720578
56680508
41954125
5874192
37240288
28959589
21231500
1576167
21230514
70158038
35874389
38868665
19772910
26461930
34986379
1011528
8212549
3952926
26436917
8480000
10867340
18528756
32688397
4378172
4219190
5109984
35226725
22624328
13280337
31482541
54965295
16510104
34264392
7396228
33774081
18235299
32249157
43667975
20982457
153115
31917500
17889716
10709643
47052299
15959851
31440064
16863886
672396
25349241
25166919
5964053
26653351
3374038
41809330
20938570
29962010
59472811
33476153
33293191
13431994
28401401
1875341
14806887
20424825
55986302
41091242
34101406
49980297
10175924
41708091
3157415
62193818
4755301
27068028
12016002
33903252
6840496
12007495
2934693
36537492
21533528
3068475
2349097
31467622
17528195
5837322
18454950
22288617
6805063
22250263
2328175
16818602
53679799
4335887
30364553
8780923
34350636
47591060
7425977
10205518
67798956
4504160
23003472
23313705
472645
17616425
9430119
9241456
3959799
6650918
13188454
18819991
37066307
14175950
28962143
46775223
12331118
13568193
34186947
13492777
3846669
15368629
39281341
44333088
28373485
37884213
52473956
47462058
21267584
23670864
9514386
32969908
30876972
17102136
16836909
32954549
19935473
15691656
8217022
4547217
50415144
36497500
8949487
48403538
44426442
43883217
4513648
3887919
18267999
18968526
58686085
840302
23415312
21601813
51312809
61171283
56564375
25658747
10303499
23305024
3217400
18183933
20368986
69380614
55333371
1185534
25876577
23248110
26323790
48547725
756220
2177516
34294728
12301807
3426252
32193592
9582262
25870403
1284384
22659796
58155356
39898780
11888848
7083758
32252976
56186716
17880465
10019681
15609425
1166186
8243509
27643794
5799543
47773926
55576812
42665004
20292545
6221272
6825445
50626372
32673970
29570214
11821049
61388769
41762539
13315045
3907960
10400787
60667592
27395067
28616542
15794071
10150099
49218851
30541013
15107631
37371207
12144450
46832762
7269240
42972449
28655615
11021945
54989885
1040128
17098634
37886154
14678551
32742610
19144107
23107704
42170295
16801026
19713755
55442229
15941550
14490926
13685845
28632377
4906311
14267130
9982992
3914095
5383998
18621120
39277191
24142768
5812516
23783272
10783258
39388965
24639831
49262677
38263849
23370438
7382558
25588595
30196320
21205604
7982037
38267485
10220780
8293101
31844382
27387577
7981914
38328886
38873924
30011475
18595456
58139024
47229170
11627300
32251713
1313600
6330031
14492413
7835981
1828235
2418559
43830925
17183207
18380688
34361975
3356153
13099689
8190256
17218141
28655347
58403793
32462890
23983665
51805945
51651094
40756566
11814393
27905664
13060609
9527396
27119037
3258111
35229455
2978797
32490211
33474
10046212
3908459
38574410
8573934
26148031
12211711
9331209
5424672
23649749
21833019
53664296
1089715
34175038
64128945
5221920
16131784
10483765
20315514
13689900
5707917
10156470
25854877
17115259
23214081
45995783
35348343
12602461
6862761
21356179
7354176
23981057
7103304
33194432
217651
33022856
7809825
4313995
3259488
30180478
27311165
32583909
52455369
33797180
52041079
33503802
21709196
17295700
764725
5257080
16502280
22121045
12345240
44616349
27488175
9709251
27077396
3686759
39151891
41472458
21618590
8060738
19403936
10165553
49866884
31570550
56226837
22160368
36652521
54374998
17499299
28032984
20042852
1286674
31206202
8613798
5400765
33813452
20138983
57776080
25410187
42191424
28036822
53201784
1473020
16032101
45246773
19472590
11173612
18176137
12351303
25908023
27549581
39204250
62157391
40014587
46746041
11999640
67230530
10052056
14176325
27891227
1637579
31186654
3265122
37274442
52587380
32256661
6594304
22651637
14446812
2720471
3493467
996657
24586059
3392091
20815407
9839791
12875249
40271391
13199309
18281368
15270212
18855675
35196663
19442778
42276387
19022191
20096027
48693472
40809977
14113479
10393169
63374040
47199636
26750630
46727179
21347207
1476071
19980240
340918
3729316
878634
33313502
6560401
12201140
11724265
11949187
44321630
4294423
48704144
45430628
57931923
54360155
2721378
38874688
16205643
35811942
33859632
394329
44025898
32258204
32287471
21976200
45672585
4986972
58709577
35102582
35786879
16683980
19896908
1024073
59513605
34802789
19339965
37999917
9675554
10349093
44711690
47162581
14012462
1620189
31375147
14942940
1774942
22969806
43367925
2277342
14358375
4976668
51726197
16686262
30054220
20114356
14393246
9217817
12778339
38700517
38852350
24663393
11102914
15192897
6447454
6735247
15507412
37195864
32498020
5532747
25070862
25926611
10365934
9722230
38615841
22775743
6048958
21974735
36881981
8288407
40440861
56865089
9438501
20062934
29626873
32420706
31576284
36041672
11220598
35881573
34188768
13805965
46795005
4380433
8260921
10138235
36797634
16330483
47088263
12498540
12736490
15416903
3613296
2903508
45096283
56612601
39401291
14331985
18396672
39085675
39827179
21422102
37172993
33174666
30818056
30917472
114065
21757052
10811197
52564955
23761239
248303
36252286
7515931
20338625
26846964
49971739
26972559
13147341
22897537
21957799
7913248
38686188
6061431
30488667
23700061
7214412
18705242
8179098
44226785
8528368
4028156
48818692
21614506
10447970
19323202
45072058
5922713
1188033
54184299
39321629
19203539
42110127
46280179
17894179
7116389
18118663
5829406
6075810
1419134
59439557
24788515
50479353
45351973
24530243
8966629
9664984
7968995
10173272
2389832
18153876
27939469
20945465
42726899
4209915
31301788
34919986
17997740
51304139
43006785
1464519
15643852
6729304
56124337
44859998
27313142
1291953
5095292
2644077
8973102
12394107
43607637
10737256
22566973
2860400
4583277
37972315
5797605
10586218
33029842
4121013
67162753
32360172
18238680
26822998
25730701
21144475
50463680
19214717
58800052
15606872
37275044
11663505
14435232
8430668
6342636
14779946
10723541
16284545
13765950
13640184
12874077
21240379
2789834
58252126
5112764
33369242
31467879
40812795
5424367
11854433
41491719
37925411
31999997
41224876
28214208
33941453
4079517
17197933
11407771
24363074
25893882
3579292
2870999
19195875
37856971
23026428
21606965
65791216
36625078
17526139
9898779
39529810
10236210
8455927
8982454
14704767
46837792
6029314
24552086
19027559
28284237
4881258
243882
1475220
2099328
32141288
23774974
33992709
4241248
21377721
59240185
29759769
39397979
60328702
18776377
21357595
43882124
7664493
22075255
1822495
24616776
37640239
39482359
44839000
42903181
17151309
43241109
48786402
65382277
13108373
23129364
1422774
61961836
3742002
52547703
51830250
3105453
9696075
21481485
41415524
18531411
38110940
9778174
6066615
2049024
18943236
20166168
9391842
22837194
1337000
1674883
30391961
4502584
31013477
45620327
815555
2796514
20968334
5167910
23831446
12299414
62322478
11856924
44516613
33612742
39748536
37787237
33314186
21204309
505529
44504170
17660141
24928570
18751321
25344130
15018557
50124352
18555977
28164760
43439117
13736650
2625512
31147640
56888181
10152454
17079227
18926085
18584810
40634453
16206236
11369944
48874449
17674607
31162573
36972532
8543473
10025188
2711347
8437804
1599562
18689607
19672274
19353201
20598970
20208797
19790348
11970825
30412109
21174139
35780891
20545115
12969080
11349722
2827202
31825239
25604898
42351281
13896146
4040476
20862165
12280162
16289627
41239284
33674521
1540016
33153729
31756128
35128271
21821040
50149321
28505169
7088914
1965380
17760183
33798801
42315359
20994765
2340737
47958724
3698581
29896805
6044731
20062750
13862825
10118161
12039840
19636586
10215344
36152965
18890027
23142224
27594852
27447104
16722900
56315120
9526206
52811508
24442830
43848834
3138720
26002705
47810610
24718390
37963263
9921899
5193801
37461274
20151116
13602060
27699975
9586481
29169022
33578329
12191030
46436884
65084294
26052618
51972304
3983009
49393809
26284931
33567423
26175463
16821633
803862
48730749
7853288
11147110
41145526
2207083
28256232
30383511
59311912
16598321
62153950
26882108
42207909
65678845
25225722
46077312
39311577
2879064
7952142
42197043
3052769
24230486
999305
45010348
52195618
56031942
2802089
25741602
3336322
17716989
3165951
6013142
23746602
10015841
8476646
23361951
37261188
19801955
3792977
3996724
48957678
29187850
40927841
36537464
53945063
38341581
27203249
19739778
12314560
18998693
17607814
19903643
3752887
4535156
37123220
19611516
40085626
4287732
6388470
8589771
29099345
37819875
13418453
60993477
18921816
6415970
2081092
36470490
44386364
10063129
8655354
9016083
17347460
48834963
19436600
19748025
38425654
25377098
17025288
5099630
15318689
18133297
47706733
5935305
14373816
54142821
21292275
45765503
58152738
47531302
21543831
25614408
19629351
35217844
9329873
2550228
7419388
11123504
21141915
9011172
11564233
11124577
14963032
389643
41277843
26128437
3394369
26556875
29319539
37680756
6035657
5495336
21416341
26315574
15487490
1210643
21714003
29267060
3102348
28624168
12383004
154157
39255534
15755251
10613308
12753265
11671704
35671003
3978013
60531172
54853761
16239627
29358285
35933524
22105196
26558250
39857391
7580475
25816415
1726266
56228687
3277388
17006821
49014376
45808293
40919924
42127575
17434784
23168442
4076450
25792856
25301115
4538225
11342925
22497236
10967737
51653285
29364
25754902
14156385
721024
40278216
6311528
48652911
47431593
12559588
3508998
19946285
12321177
17361222
10982597
41356767
25022064
32946436
12389993
35304752
44701059
62042843
5894127
52590878
19692439
18033991
29936333
1456786
3917647
4929365
4620600
10027960
63880660
7690923
34847349
37673687
8120073
4540293
1607171
55065893
15260698
1181329
5921735
12547647
6960917
17081036
64101243
26480085
33592886
5416111
23372927
36284566
20960712
5527317
14011588
64620440
26701180
17512842
42533863
8359552
13563618
15343525
17636203
18906464
20946802
43264120
4222777
20501844
32116841
4777005
15460506
32281616
27301165
25639638
66567071
389278
11855883
14900585
1926843
3099932
29901067
48623404
33529304
29803383
12180375
29566657
2718131
101457
28834617
2346201
18397722
21529955
22490002
15127677
50969142
24809070
6261101
50530365
38812168
20669344
28380748
1326738
23695237
26178860
29025180
37092418
31505799
40992481
16363291
17953447
4222278
1246326
16545391
39253609
9899542
3690779
39346461
1816543
51303595
59128477
184179
23980604
1760579
21813978
14443625
1268866
19635077
26109683
7747172
2946054
19201321
59858127
56419401
987993
32606548
47340406
24252223
31990538
10147479
31978950
56382744
21490862
8852364
25854028
41614198
30488403
9432487
61745838
32431165
52543966
61652330
48119203
59949315
19653314
16763053
2858314
2754289
63879072
8165689
5291822
1622855
7493781
12096811
6251996
46684541
24113330
26177367
15098914
18650495
3134891
42737931
24078203
25271085
7136141
12398585
54347217
10446962
21999181
7415536
634638
23488454
6591520
25655003
47291291
48439784
3166665
22462412
46226109
25387565
11296191
23987296
16262145
30845400
38716759
12325057
47776390
39054915
36005028
27201066
28958280
41341453
66514735
7842084
5594629
8837606
4639136
49657619
26247489
948756
42529005
11683238
21919611
38287085
11242834
39278982
19736415
28795385
36227439
15389910
17663887
43295485
30028084
58772218
58370339
55623541
41675745
21617898
5208788
1655880
5187462
15862224
7032940
9934139
52824489
15607851
49817864
3368487
6662442
50703270
9879523
39829986
47494090
49360932
46651486
41968818
20581133
50948739
36362370
49325829
32093474
16762143
19978967
36851949
26190660
47324537
28836992
6201037
35943977
66848982
60606440
20193042
51780961
37177960
46737626
1296550
8734093
6341281
7421693
45288339
58137218
32224609
38004381
17106013
48125858
34741940
8320320
14137920
1651155
1148412
43754277
15656914
20031969
52857671
20156034
61252005
63241977
26022332
7446566
8670746
1851034
23590269
19209437
21235151
11158516
11886958
23870149
23519248
4645866
19263906
31563764
48283007
19227524
7583048
13616851
35874422
3780829
32796096
31414246
53082040
44885494
28659332
10916996
13376604
4594386
48337452
17896793
4930937
14098598
12898639
47756111
1131060
49151333
46963041
13333572
39411843
34402445
21801123
8784327
49004594
46707948
21751162
20744939
1927994
60076635
18997104
8339652
37669247
28855726
36573517
21854534
22732264
40153095
66484215
14915987
36225273
33865475
57647647
1600476
13682128
13836616
23664495
12757444
16293802
10612766
908028
23397278
8473107
27952527
45044394
32572969
9327824
31421045
5780213
37253782
67004247
8011252
15209178
6006700
6802028
10903138
12301243
45297376
20821496
43293619
15762173
29530511
8862210
13445845
28683155
30357869
3667082
42554697
3449217
16745642
42153332
53259566
3052043
1704116
31387943
4083681
13963794
29550801
49509672
31519566
433547
30012752
53240182
3668687
1379965
28184338
45477163
27840107
4298063
38985685
27320869
47388218
21249433
39492176
12250393
28099881
22982871
4462028
11868904
6096818
14402863
50983261
7982874
17928243
8872580
41933272
11159153
4767997
40924032
31618594
55504029
23022537
3518276
23856766
19244689
6694892
16779825
17460379
35916294
10118945
52825944
39737744
12882604
6037100
13496277
41057508
35773446
26650484
2717004
31938981
23173629
51528840
46399378
12786208
36603738
33762619
39383145
43140152
3419835
52543428
28213364
15396807
4262964
6428129
31629840
23723040
9268645
20289681
42235376
12195987
3665285
65681895
24444051
1468545
18585057
51534114
26645210
41340370
35826493
18594944
39266752
4425742
9664
38881222
105219
38548289
40112497
39869040
27859101
30141747
3782775
12563129
17788181
38360300
32796600
20284973
7407968
14779421
38038452
19148868
17242891
45197357
6500301
35512982
56890809
22874138
37769672
38166685
16886427
19005595
5994623
9834560
21593918
64096087
14620204
5566753
35311092
32703481
24932581
15159184
4831906
14777639
7511695
22234115
51799826
51563349
12021117
58239625
19632653
47412119
9002075
25726261
1968383
41369146
33079309
21838334
46523549
23595137
10716197
27842451
9478920
267993
8064627
36461836
25820603
36719980
29001089
49948887
8732938
46635546
11752068
3961268
56315670
365835
70236
49436512
20456525
30107731
19805560
8482896
34673430
3840857
13910191
56578954
4451740
12918121
13081299
28243297
41725671
22843418
42759851
1590301
13404310
8256968
13685707
23392458
3628139
32767707
22755987
22657989
10887830
528835
15448685
42417302
11900255
20195934
9991183
3192415
4737010
11178562
50255072
11178883
30559295
5650946
19000427
17957672
51257735
34701331
15381912
12194270
16564929
11314636
39024536
38094892
24978927
14504504
16383690
34078230
20834521
50874847
25071850
31210147
15612883
6686582
16846334
16649283
39975208
18314669
8486532
18508764
16272927
35591389
12734394
18315913
22563220
47378527
32055722
21937595
46633969
28994917
28110024
30810736
26822291
18099440
29490481
13896148
21491357
19837193
12447922
47642048
14901867
5136054
14315879
45187194
28030410
33085556
62875532
3006937
43247741
363175
46661809
47681821
34078528
35084348
22458812
6861521
55206091
51309406
47070177
4182808
3602561
14240281
1965577
944527
24019094
19849454
32453455
26832601
13545076
46949514
48178620
13275101
22656334
14690106
3288388
44243386
29541403
19841048
205655
27200449
4062537
24942807
10081485
29819879
36383226
22314753
44610313
2663133
28544620
3057227
43053386
26961348
48270764
44875093
32149141
26164913
3288980
5774855
51524883
35756885
29842384
32992423
888779
13845645
36594578
31942139
8066917
1662085
8855218
22319670
12464576
62793026
28003586
18961649
53060590
9794042
6533944
1819330
14205059
48390749
13524473
24683223
4137406
49957854
5476871
39563460
32258647
37398427
33241039
2775318
372196
33340597
12456545
5480846
15137872
55425457
50772184
36917271
29183644
50929160
9938930
57862719
36180152
24792153
18071598
2896762
23334580
38334969
23189610
35313115
25617318
27199776
11290011
19365479
33458946
24599000
15966599
1860874
36278054
361899
29846909
22058171
32450461
30393514
41399551
21526034
3369453
45975492
7749688
17958029
6753326
36229003
20735142
23948566
43632140
17292900
10697149
52543264
21127804
15127434
46408729
18467141
16659023
32466436
54758785
30931097
14923711
41006068
33204891
5876371
760916
5239611
64378516
12276307
27701217
23029422
23406161
31587077
34366548
48786054
48067951
16777666
35071432
595381
34675502
19537314
13428846
6819437
53274271
40162517
59749215
13872490
41075932
377776
7412547
7237436
717544
4351827
60290135
32255186
17114642
22275401
38175763
4716998
892443
3255038
39905542
6607609
27927756
11628853
58993959
41424091
1471151
16791337
26565327
2420201
27327462
5899183
33924244
17917057
1977970
5896917
27796788
35869002
43513604
23825930
58755344
39644101
9442009
4092362
5707061
42027760
4392753
53545314
27683295
40834094
21217231
5237649
19238962
14440952
51834128
23295636
10014709
25440181
34538391
13883140
960940
35810030
8917876
41001989
9052185
37442968
17236443
17691876
18838518
31899826
9244307
16016760
26779068
7050550
65495134
21736002
44696194
10351629
64528755
20105520
38191985
41569478
25501685
8401046
15012018
2356695
56701013
4232822
8175989
34429170
24906434
22001135
13999309
43736779
13336159
44088482
64655651
11393664
2575278
10024499
15447981
18093739
23040860
6326382
52030359
7511554
27503908
39310491
41774201
16525306
9852329
25369326
36182520
13127529
32481912
1979983
19571224
37413618
3384082
50616577
7101014
785934
23627024
13226373
586291
51585905
33555036
57925666
5521058
42196088
48507726
32304427
6916972
18956415
28172837
587643
17154229
21193083
34327061
54524050
6304279
27373390
25310387
18453663
31895472
34099888
44515255
35135076
27094201
10518052
54655492
37455258
45883761
14863109
38087729
51060853
4771088
10910851
4782413
42756595
30868439
35344438
40455011
8500035
5860679
13326911
10670721
14997841
31012202
45152742
36365860
60994101
6076023
18074937
23743995
17067791
7298459
9522861
27092570
10937056
15024234
20441246
11476539
20807324
22545429
20200032
7652486
11791118
1015007
46766887
22413735
35801329
7618528
26283198
32674623
34796638
53206377
24886724
28509044
16151392
13567053
1062117
6522887
18038719
4216707
49403515
36013240
50240252
4501962
3718702
20976016
6603222
50470200
43336010
19729782
30416895
32361987
36142447
8319790
47250870
10373130
27155276
6109650
35286066
21636252
23068369
25143199
23628814
12423363
11034705
31252053
7535897
13195701
22715786
25207831
20110060
55155342
2946617
34881776
5380702
10384601
8857834
20087587
45223438
22262281
40477603
2055921
41361521
34359558
67442822
18240591
41867446
17350549
32838110
19245374
16674313
589466
30847340
43760292
39059552
23148059
46729549
517103
52669481
32596914
41261383
2336206
32399383
20136939
47250307
55493408
3285851
29537840
30966572
28235140
11511432
28679990
3267324
11772914
10814530
25953155
17221491
47780374
46994660
36473360
25932368
11799601
18759289
24678588
16322949
55634667
48246192
45457508
5447340
24844562
4688928
9030405
43199098
2186394
35455304
49549278
3209643
3386491
33419327
24606528
11988611
25522338
23183762
32002794
9458676
9084087
16344781
13057485
7793368
15935540
29203770
12161392
40529801
1551160
21479417
34399870
7083064
8683796
30568656
9515425
33352245
18460061
30890396
4084284
4168770
52910774
16696834
5164408
11901588
5033722
13174787
22326812
1820003
6819600
37758523
19217342
7348480
9580257
20802639
27108735
37211564
5037324
32960583
21616099
56753159
9447620
26736902
40098415
30436754
28760682
14275786
11491802
19263303
8123672
9698512
5081325
13609895
4126964
17036516
12651399
21506768
20959716
7189506
6146100
3226689
21763389
21235771
24943916
28537359
63617495
8360664
20674938
10506969
33813829
5641708
45717404
7886203
26959995
35204075
14955566
14287712
50821781
8629798
11436407
26065260
14933002
11413490
15501998
21235411
22062621
34359048
23144535
9329542
26192502
35563232
11844113
6321520
39315532
23088621
56976917
7912192
34779720
25093063
10146709
1511346
12131094
10268895
13030631
42189163
62367625
23133143
39353215
5489907
37998388
9871319
6544655
1611423
62264796
5296990
40603281
34806248
3912202
13848393
24793941
6467416
20184495
15847292
25278769
38711312
19332489
278887
42458145
22412501
28411537
18966749
31011783
32210847
64179875
47946661
4695269
18149071
3950138
15408457
5899282
12529088
11860089
1999983
38334369
46162771
243686
39538822
18814937
10716043
4114424
9341752
12579275
11541936
12598438
655618
31333484
13026048
20655441
13920404
11398878
34533138
55116823
35166151
7856110
11677778
23039298
32636254
17121777
6763669
23238066
2097002
44400109
8682834
33205067
49825277
8636171
15706225
64343769
28756487
20570619
48519720
21609373
6924956
4306591
28737253
22860562
22882478
10548384
2350407
40375122
9896025
22777877
2017096
9563579
29948528
12968448
24350810
27800418
47414204
10413338
30013566
2914318
18558774
7611552
9706984
6692319
32847162
2203276
51327366
6522763
6599292
23428878
13366109
2370209
4053756
32242368
3337146
25749771
5340125
4246690
31510260
41695399
5501014
53805050
21073609
25196332
9226174
17515182
43729958
28961604
15807152
7694116
6724765
10411011
15645680
21167950
21854178
2381572
38867869
44905081
3630966
56866766
45005808
12007433
31347254
5024570
33413175
16649916
31082256
41530161
14121
44813318
32827826
4854293
9424657
50568243
21212391
12288460
16761042
59146512
12484268
12538041
20947109
11193950
6821454
39665361
58669178
21128347
57219183
2398495
16883746
52873893
20815116
30087778
34131072
53482348
29663622
32387349
24621707
79137
27260960
21083810
1708510
44091186
8511107
23839323
28464850
63617567
15843099
43962591
11728523
8236127
28554483
20949698
11277900
44733107
7646169
27434859
45598602
24151456
4211945
13311510
9171455
38090860
36849571
45417465
63878088
14357475
8942119
4230911
9139804
17642508
39503964
1830342
15996800
23649885
39321321
38102013
44199346
28707798
34180437
25303994
12243249
34678128
7143023
27006882
41633717
48284524
31654578
21171478
46287166
44310158
58821588
20052631
20554568
15401008
22623118
58279779
30798645
40971948
11615024
54125562
30824279
7497953
52679195
321086
57208449
28947322
22131473
14874604
52751602
17846097
62140523
21086587
345183
24451912
24994796
322583
28917979
26925149
14432285
22204257
14462503
15795535
56222886
32989012
4699321
10468466
40599790
16315548
24164451
20088586
24540135
14425131
22980053
12932132
9937475
32895877
42041616
12160669
20952092
8120774
66230564
24402114
1092014
25891816
9063900
43627533
29402769
19780589
13749143
35418581
20251966
11078019
54450994
41484293
45988048
40697233
8427978
31512088
45639213
21314590
50883259
20178959
31959047
23024424
5040798
5707171
34663583
22815725
5886094
36487829
31714494
24229621
9955022
9532518
11536796
13462444
18219559
10782196
56482669
25917945
45778736
10965817
30751457
17347986
4038153
414696
20420195
4730818
5969246
42756362
15672979
37010783
22555454
26518218
39264855
23950024
62680576
5466580
39090667
46472416
62787561
24218353
11309615
37746412
30399570
22638184
15803279
17454494
24976190
11424776
6283082
14017985
14256930
38181738
9630617
1767386
21501963
20382160
1475714
37993107
41598473
26496662
43606024
26893860
14009475
46371997
6630185
33658745
2556579
9796853
17597043
47828643
41542536
4567571
18650288
9674489
16048504
14859577
14473215
10274908
51316977
3952357
22450518
40534230
13093919
57280419
17236366
4537615
18907072
12354262
31557140
4325121
37351355
426018
3396231
25526060
15133856
4215124
17842073
11517972
52948694
3898156
40203357
17413000
15781000
27811552
42528975
9953384
21879792
10149740
52995089
7941941
51614113
11699391
28848869
29535406
4930000
31198935
3933090
8343901
28546478
27971288
18646186
21750619
24644441
28912734
14161855
29259897
32631401
8668910
15958532
30733422
21205197
51572866
18978818
37677855
16049447
8897746
51664403
42934926
16948704
14306444
146031
23386515
68941055
9534664
58851024
40904096
64591803
44334364
19344088
34337781
5246858
26062870
2898100
2770870
30340524
32627293
1291687
22473763
27400342
27098325
30926808
4091832
22111557
3715548
939889
15356076
63671648
9032901
5856169
37706606
32070386
15019091
33164451
36478177
833876
49462740
28228961
50939244
34389015
10240308
24269157
62603018
22305578
29838137
29975125
12418551
29198410
4873655
47266257
65053259
1850793
37885165
16971107
35535627
30787415
55597573
54569174
39223372
34472535
9688126
5407953
6526843
38875836
3474985
49895256
5868654
39457075
52370969
31361288
35036473
14485003
12501323
31531148
4259574
47359643
16074598
18697380
18137489
10715269
16550884
36202599
29136931
8963321
20922092
28500251
4626303
16854300
25792389
26497978
12649521
23842099
10355992
8224289
51371479
610531
34002
14085846
23463106
44592187
2870348
5334059
29382350
23603879
18257445
13665062
1069993
259577
1470541
8420925
38324056
53967812
8444610
66639393
5799080
17232812
18931910
50612651
33170651
17846990
14371871
7177991
18490165
27032749
49440675
28584949
52431877
15336833
26223830
14956799
25227232
23441093
2380346
27234184
31719028
30166491
8706579
11866517
48494425
30625623
29287796
3645841
4145043
5507131
20477951
11205491
7578103
42260222
11449953
6844436
26702623
34990475
29619070
49603277
68760110
30823794
29402930
38355999
10696907
23671392
1602988
10087651
4149840
33747509
19911097
23228288
1103891
8688286
18486435
4620504
17061454
8582957
27007613
1173686
5922416
20402937
62484760
5903232
6653506
32195336
40836269
43131472
38850229
19917062
28926323
25321905
14637953
39292468
9684915
5766133
2196800
14699466
64718385
51280716
28753300
36676294
28609553
47360787
25354384
6952026
22290766
13428332
8629490
33065044
1536667
3647090
9911337
1704831
58688809
11065007
19558232
4718497
35621263
55813065
55426697
19809411
61516846
22259280
36077304
16655555
29332209
154489
41716495
8349214
13725598
19403741
39651775
54784434
33439832
43370741
7476886
36113728
33954532
25327610
6421142
31445476
65372760
12773365
14249364
17158207
41205294
19058683
38244552
2288567
37431642
1796230
3904120
27677890
8738325
56753752
31740360
9637050
8612831
22709218
8606504
2947302
16408872
28571341
20893444
14865788
13490617
18523065
768983
51208294
21436581
19090482
3907381
5168136
42121196
44971955
28565294
11112571
2846636
3157903
2898011
556052
41090867
21207994
29040052
22026785
41526861
18021363
7883876
31822599
16095425
21555180
11188113
8108702
47760991
38598425
31826243
8236152
29997009
47528624
14397552
2507146
28447749
3191253
58414833
31829540
9766003
15446031
11193154
24079185
62660900
32939747
3571261
20373233
11878035
26894873
20796031
7816161
14165225
4620907
26335646
21920545
22161160
15657638
38705333
11431075
6220618
59814194
18049923
33078289
26523663
11001979
61371381
19483567
34986261
19958818
19159281
1562129
25310262
43925782
11275154
20177942
2478627
15461338
35486572
58510947
2859126
42719628
47783131
41042614
11696814
10852347
8096158
9777094
58336993
34054892
14332256
11468392
52230717
23244405
13839972
2101997
48511243
31562943
20906347
23828935
25069242
5247660
54397354
31438688
3681873
26952693
6104248
40999435
62222516
20920250
14098669
55755766
7677360
7474485
11708047
21279610
41665049
29460606
1017365
37155192
25305098
17998130
10893252
39151776
7197688
17392739
14285084
47192283
18088766
34321361
4450445
11089492
10894740
10544327
21239637
20077214
3437456
26346810
3648660
32596660
53583249
26835533
42506591
33961083
4862518
17432318
27275849
13842998
24112813
49502099
3915375
11342042
1835765
60061502
31051018
20165999
2419348
44989960
18643711
27209341
11740221
25597087
57266754
13578462
14361358
23749857
3154451
29071285
36152851
37337414
5131010
3802918
33890483
11212081
37791361
22784929
2162703
12834045
16242502
13245273
7757426
23038583
13384893
49648624
8633285
49969565
7416486
526008
8501125
13050902
46053183
18100092
18439589
32020094
57657635
11135772
49336333
21623622
7696795
14457493
5670491
54946233
3380494
89564
36374647
56345367
23432047
34683570
40529214
692321
22428960
45360269
19473510
38810268
5470797
31155993
35333426
62079618
3761264
37565476
11174948
8537768
15950662
25188910
58569694
10691739
41676068
7066955
40278292
32261723
399043
11902800
38840446
14088486
36119612
13632812
20168406
43893464
37654046
33507214
37009917
31321832
3350725
62457255
56193424
11850508
39299268
46379728
21764044
41690831
66139420
15040715
21684064
25252908
41668349
2684212
9542337
4111878
2654300
15246590
2487392
24179489
24230636
22713444
53737532
49806455
7914332
7566751
7373138
43240542
17192924
11390568
19069590
18063742
9274485
29437414
44352856
50558207
53542376
31877604
43035771
16669222
21105967
43784836
3846473
22897566
22611080
9748418
21845676
11482628
17172193
5667970
2420488
129622
4819250
23487547
13120374
37515877
35047116
31034933
9012079
27698229
34593962
5190438
19566326
43235448
5991604
32914281
6287718
14067939
11639770
32394744
56911582
4272497
9589311
6240234
5967255
53547947
25042855
21748540
35332511
50343076
29453186
40757643
555949
1461670
39814109
11779592
60034963
11997295
22223868
69310300
17514212
24360529
30602343
14845487
27522455
25776948
32115189
41126560
33526050
24994298
24545378
8116832
38153503
2988304
53645800
20146041
16516194
24219060
3218451
33644487
32681196
47889162
31124415
43125582
14598169
11405589
3486560
52397798
34943943
49927789
271492
1608958
23321656
33103732
32497924
37260265
26026296
41355727
40856563
19178827
1338431
8995291
14287159
39037311
39807925
60824
46202196
30587909
25338940
58569007
645421
8497184
12097617
12762266
8292776
15097512
13842446
23174398
65001980
1604766
9581427
30047077
46484607
14442212
5848813
23687567
6543872
21373394
9287900
52490772
23240332
56851284
17071984
33246560
5176571
20261059
1764282
15136283
38452843
17013772
26334786
36362773
19978146
18122634
22487300
19174732
7666966
7759085
38148149
41767069
21472665
21076742
25109826
10832037
20760840
69557
10066115
21515473
11275069
34026563
15177381
6302588
42703240
3685628
37415493
8775640
45495124
33846671
34932171
41248477
7184466
18093596
43025440
40505002
6670633
12172926
26911636
20639426
2772944
4393710
29423057
8581149
12770386
10178395
19281713
47477792
34512401
17675302
65283004
10958918
27672744
19403098
57404481
43066092
14998423
4368170
15558504
3667779
33961345
40314025
4020093
38032551
30623501
30221906
14100648
13682838
21925205
52520628
46990882
11622991
7424242
5775943
4780411
29235434
20657145
31038194
40767124
21628393
36124548
14966859
31187397
31425506
25306472
64412169
2268197
12385487
9396377
29766017
30634509
67034878
30679669
4628552
20214195
8826446
61808999
47901143
2827886
11647409
7515084
13054911
23340158
2883075
34198115
14069903
22153252
25726963
6293108
44041992
21815182
5154181
24377355
4732559
41387008
19386729
74833
51985595
57951308
2359371
9821583
15996030
61228946
18396169
9202841
33587709
39579926
3311667
1902266
2092807
5128828
62125649
53112033
1940962
40266964
14935557
35257046
36046403
4817355
4861934
2107580
31701005
42540148
20479294
2417477
2946785
35622937
46247271
20362110
28008551
17891620
29687100
59462021
20941389
10398265
23363654
38828070
24795953
38826684
19710910
34962683
45860
10160546
2723224
1473600
10048435
14539819
20423784
22345600
20873779
17349515
26243736
10594114
57101862
19971229
61596860
19419661
19290629
2383243
38385556
17522059
15094168
20788836
56094567
45754360
4743891
14986880
30229092
9088392
11394789
7094609
15988804
42705640
22254758
1999783
19119580
1002710
16579447
7525981
30547562
54742786
38169371
22746238
28821787
14482528
1118085
2244692
2336801
25790474
34519171
4262992
6736543
24650884
8408536
56754306
7176150
18292996
24753975
4007867
38079651
6881519
6785977
2293629
28995564
30036360
16816812
2963535
46258813
32375283
46569370
13381342
3963854
39535845
25709713
1311826
61495381
29833059
29458337
1666387
2418852
42451416
28374543
1734143
34968306
9054770
11389005
6549833
27885486
2316421
21617435
40020775
38355808
51145256
41454582
2064115
2486504
11258176
53276420
7663590
39464241
16072430
25769501
22838421
16800188
16052584
15704394
5018408
23544838
32564323
15337653
8759126
22891788
36105866
19067414
11926877
25937893
1370687
8218175
3298576
42316018
36327855
6897040
17777483
12917216
4210460
14455957
40094905
5974859
3938585
6630555
38224507
41809151
31767166
26489249
10836549
2129550
10000093
27567482
1062452
54778624
40196246
29664425
43389592
48344728
30054446
3215808
35072361
3901423
20612413
22753800
23781546
4619705
20465900
13890362
37318831
37937253
12267100
31498534
13533800
20590480
14895966
47012797
21369853
41183099
11837691
25575305
66481595
53445802
8685427
14081857
11690943
48053176
31522421
41710084
6016524
5747532
4753389
19737572
11072373
10441728
20474443
34810908
23007584
2218689
39270781
20704069
3100444
19009927
130201
13454196
5953592
11826967
12434040
20236861
29582424
21217467
63972082
11874508
11868256
19273083
46556461
3505051
25411522
4404422
1635979
20087518
11996041
14317218
40722460
51061721
8754522
28294819
9346347
1320976
9142608
4272361
43821055
9442246
23771029
13825695
5046733
27426278
1542282
31041069
42160860
54412321
2421263
19177890
65858479
9613268
24292491
4614449
17127289
36554941
48513965
30079215
30872820
16124736
44698211
6378574
9421999
11148335
23102660
29671116
3323724
50391668
22822602
3015604
20141792
60378837
34400719
40656534
57859833
19931864
13882925
16852879
13839701
39669857
10106863
53596693
26549827
33889727
53756367
92203
34961798
58689230
11094650
12017442
27398975
2422452
31243558
27441458
29510111
12028463
15079143
47255719
31969001
34297452
14824291
39415519
40119756
29613259
52986671
19058763
20826687
11830759
5369326
14537444
22705942
23114464
19637769
9007440
4131255
8301016
65662303
11137645
23002433
16469197
978463
37159715
28474020
12562745
31405
32823226
30558896
20251964
3658623
45874817
320735
59298407
25388438
34611016
19270559
41018325
32048213
30482656
7124967
10446132
24905884
25583343
9023771
6622991
18599310
7397768
17848897
34344374
40815941
32254580
3809565
7726511
38046093
22580464
18646025
2529492
5364498
28976661
30825093
9906261
23502208
5419615
17807134
43907417
64908315
32213146
55731876
22483303
39482442
11376576
25038616
2962821
33668105
29340420
1219281
32190992
26522392
47357504
3717340
20938507
8652863
27654846
1238575
2930946
41173791
16511724
54387835
28729436
25518285
47173714
32416482
50532402
10168622
7440670
4889526
9348458
12236535
14322828
49869792
28147639
26541560
5633262
15806855
14841653
27850210
2527460
5412437
9126305
44071349
13112590
9469266
29276966
42723131
7206264
16947570
7352217
17696679
28583133
5839151
12972420
18264751
13610499
33313019
8718160
646298
1254768
12132686
47795475
11140734
7337222
21396715
2820686
27534223
10329527
10722485
11579127
20488448
31443312
25941981
53856557
9118166
23596293
43496114
59384289
30155484
7373753
14139860
40477172
16745778
27360720
22525990
8371310
41573208
13614889
44097327
21175130
8221583
30794532
1991313
12909062
45568782
15869716
32230808
21311771
32240601
16895017
19186214
11020125
35930586
14112418
14707334
13680796
12180602
7373586
20522868
1993295
1175867
58904640
21901966
24907557
53170388
49174882
45253098
29379297
19609531
23781792
9106726
18681533
20951278
45620509
17155389
2525597
23944638
17355766
47635497
5478089
47628716
5220364
5136321
38278465
13121631
10362750
12404074
21909786
63516242
41982470
13083136
26864394
19235480
23056445
29412895
36974324
32837736
17444602
23231318
1985513
25867689
4075609
20236173
4129759
52835673
33080594
8602000
11353230
10142770
9960906
29497334
57598092
751462
20800379
32912735
22054498
29307537
1846420
7343551
37771270
33813619
49252340
14295838
46790492
37894376
66187288
22747001
42023245
14216885
10836356
59107980
12833600
662212
23656342
6486853
2249632
48954808
4354903
18104240
23403131
24601199
30259633
4006034
11150717
35998890
17984239
46755401
29448671
32862710
51755826
16736007
41746751
19679374
20564062
13831672
31531315
8790272
22381456
65437653
47387231
30985174
9347969
29789907
14760864
23991864
24355800
3221775
2084964
23366837
59965448
49649391
38889139
14008575
10361412
39109590
22682098
11733980
38715008
29936386
41017714
37640455
38939453
27992505
25904698
20507810
10329226
26838597
38454629
5658803
24875930
26191831
4448894
14386828
1449423
12598810
64426674
16490206
26622613
32509652
16412369
4953203
42947502
40978410
44357
872323
44337015
10756029
38621109
22917565
4573709
7906082
5879565
20293705
46669704
3252525
27657366
22540702
51895521
44484485
30793806
5181867
28498753
2504947
32564521
16574448
1832503
12407355
15686135
44952818
9286594
6638893
25975652
13921134
35287744
27693553
6355947
21002354
32918499
21262816
34438295
21534464
49945680
4423059
2957636
34762999
35483105
35020884
36341006
1575844
17823649
24560095
20519018
11509865
31149846
50894449
31107445
3911076
32896596
39277142
37111954
4625652
41032022
3315483
9016943
494245
21855472
8834213
29949063
60928968
4157446
24848456
17789053
33539596
25603562
28980964
34731908
5342409
1179013
24693001
48258113
27744635
2766942
47730488
23947094
28566452
29802332
31685656
13420561
17565778
9918880
44069755
41064222
1642708
40461670
9554828
26036908
26767867
31168447
9422979
20615900
12326473
3314917
5770438
40107360
5997583
25942162
15535937
18702934
27443822
12015552
15822793
15147908
739860
7465560
20166302
223982
20476392
27555162
41040444
43519864
10704878
42689213
15740080
52527387
19868226
18784668
53417731
34746967
11521036
52590725
47438151
27179801
45335959
33535367
51725253
9674818
18704648
39368050
1599880
3253680
9744553
51121552
29935015
21974133
6758465
18119524
29109993
6065199
22867458
53257916
30430755
25680703
3706190
37590999
4026500
32217774
17099602
1811489
24322643
15794237
21739368
33592271
61937273
3072484
27215215
14781988
44177765
2163634
26883664
5679643
23144814
5163453
20154029
15736488
3940776
22631712
57267704
16519672
29436778
1338743
24341119
4182939
24703227
50851913
7774215
37244385
59452037
44419228
19938810
12627619
13907154
5199578
53217586
7079616
30643982
32639105
27834973
15408209
50934294
7652367
20357730
31892734
36425313
47079475
18684013
873256
28240865
27837648
16394250
23683640
24515690
16900810
2328311
2309033
8661922
18584661
1388492
22352348
56464173
4050790
36806635
20809654
6098075
36769842
58547123
62158642
5019789
31349861
8315639
49982319
3774918
60456877
17199696
12716680
43143554
30595185
38787552
5906283
25217496
22645423
37488903
7445742
23839919
10183803
46328329
14763050
65393234
17318726
35613255
15800466
39945020
17267522
32549280
20607054
2831137
10997098
31827457
27626349
30047500
47433000
34738905
59243402
11373820
16620848
4200026
23567711
18379311
33316080
24425285
17511031
372964
14892858
21976385
20495758
19269109
20829257
15967745
15807919
22292478
22299712
33368351
37897723
20306240
16102538
24489930
50609196
15766499
32213555
9721549
5235467
47224437
29494101
56159722
18122056
44691197
23258207
33884776
24801326
14490563
46194031
26872811
5318953
37856469
18788186
36227996
60376770
15563845
31146380
7410271
55404559
43567447
5356366
41256249
27720710
6864879
777537
42525731
10843150
3769483
56071987
9449203
15017965
27831043
33823812
18150643
10251143
1075432
9388493
9294424
512659
35606605
37980007
50870829
46391796
42260259
45940353
11334638
10767284
13694709
21827882
16101821
6961257
39267539
43245465
8544823
42476116
54125832
34392216
28012120
16884383
15198944
884958
20147460
14814828
1772840
57565966
12948096
8825194
8038234
29169416
9100579
40037716
26387272
35271726
24997122
7217759
23206606
36405194
19223907
1874437
11451624
9063576
2493217
3514171
39026677
42411702
14076187
43122770
7899499
29640710
34664899
26959897
52516479
38753398
56069572
18386809
43699278
5223232
56543946
16590053
51482097
4273518
41342218
38803149
41793601
25417715
1759030
29120862
52492358
38881572
8300384
9011370
26204671
31358337
6597522
29390338
24496419
46042117
10309498
39326878
32194242
37345166
25721684
805089
3976150
8475093
37658944
31172482
10847477
38324324
52351663
11985337
3432495
11760163
11843199
2670771
20692558
38701360
55601053
43455918
3352841
32141807
61868030
49566223
6007232
62775783
1816004
40765018
206299
11324791
19230105
13293425
37869053
2341561
47781673
58651353
12241593
705340
44702680
25555328
14040945
3932569
21454282
15468413
54973
58143081
53629279
15210452
24259147
55151047
23560047
3085716
54181893
5184574
52361822
21160896
12838287
48289197
25011544
12331975
19468098
1329354
5511334
14147927
2932936
7483168
24360851
43493998
40219916
21829896
8580939
42434709
6555257
11885773
45868481
8160775
18409978
41280198
36570979
18388993
19468949
5590112
33341634
15456205
44822500
16375235
19790746
161649
10062747
21973603
39102410
2192728
34694927
40815127
49257172
28439183
18418814
5121460
61889900
20093830
27985289
3987709
20071803
19167377
12293669
22723289
40935989
42914653
21628774
31897353
25646342
29880825
5947461
6438944
5294712
33690266
11349771
26110235
17066445
58649055
41157776
16319282
23441695
34081627
40509071
48470553
17281632
67517643
4605338
783338
3688813
11118467
23555587
55560623
28240439
19733259
26490128
5406008
16315600
12073617
41533072
21626371
17004643
4446782
20990508
39499419
32706742
30414392
26367156
59847366
17526549
25921135
30814647
2319796
7571846
19828751
41404729
