58329078
62241412
61765012
63180146
65626798
64637814
66837279
62712668
66392044
67043180
61721615
58436616
69565703
60250551
59389450
68576344
66088964
64922995
63904889
67735506
66849008
60059866
61990428
58641745
60783487
67561526
66651874
62237696
61780836
64040040
65503538
58766221
60890040
62528013
59637895
66118594
59968515
66242150
58021722
63164016
58307211
61704754
61952834
63629018
66172883
67168019
61314535
64083664
64781442
66553959
60953130
64390884
63477040
67604508
69016262
60631948
60612622
60965380
66672558
63902530
64635817
61453835
59515260
65025677
58536861
66744811
64985532
62913025
67374220
66468435
66876712
64590145
62835408
64198523
59774413
60457264
63356779
61230322
60777157
64173422
60462614
63425130
62110205
67308975
64740984
58874984
67238305
64870665
64754906
63698835
62332339
63984480
58880316
60232483
61369204
60791919
60213134
59994188
62633499
65310090
64431733
64443713
68689648
62848377
66139872
60478576
58239768
64025942
60451256
65133224
63983322
61678328
62647248
63957436
66020245
65634720
58140699
64003169
65643031
59457270
66164032
63858474
62351271
64436504
66624156
56971930
65567853
67763740
63893584
67577857
60916470
58532620
63196146
60345748
59264179
66199656
65251041
59397918
65691383
61130365
67748889
62090347
63386705
64848765
59852779
63537244
64252942
68088767
70256653
66508564
59136178
58986655
61276352
65909332
65616762
64076088
69388233
67399133
70028682
62371191
68879475
63408239
60465329
66991335
60554227
60494040
62396153
63933063
63094872
60687374
65302781
69130807
62422573
65338587
65306023
64543893
59328787
61434115
60180961
62748505
65127472
63288328
62084862
65511388
67282160
67320191
61674147
59468103
63570173
65944274
65001692
63806149
57517651
60680938
62619171
62420242
64117297
69002683
69068449
62483040
63996021
64628061
62998366
65795278
62811988
63739663
63815629
65314147
64447461
63916693
66120794
65740890
62755907
66337672
68301064
66522887
65145134
60487023
61530274
66840717
69183218
60458078
60860330
68476103
63933398
66376929
60066052
64118362
66113210
60317926
60794832
63484934
66802289
67227478
60563649
60612064
57546004
58295427
63295521
68575807
67234339
58211148
65910517
66504359
60453453
61039513
68206967
58854838
66264782
61001414
63652382
62807540
62898479
60250641
67077382
61063950
68792778
60053047
68359040
61952899
59911790
65014483
59575061
62823923
62000641
64436566
59168187
65640127
60185719
67293370
60810665
60709103
65915277
64025396
59314834
61121006
69335230
66177100
62765612
58484251
62868587
67673559
61149747
65859423
63955710
65517482
65755387
68517691
61173048
65313575
64138451
59842079
60776188
66092344
65588229
63624123
66351564
61993414
65993195
63635632
65014467
64445549
61602810
61830817
59118928
65791967
57540113
61776172
61725318
66214828
61101834
63133770
65329327
59301849
64685097
57965316
64020629
62061869
57687390
65749750
60012578
64955278
65814682
63085146
63811778
64343331
68633467
68306367
63366474
65384983
66079485
59063309
63461835
64356407
70196995
66162516
58967782
66227046
62753758
66313909
59003366
64780340
59994467
65218121
61904652
60437881
62093245
65751238
64522626
66172957
60914941
64934887
62646112
60278311
63436906
62592732
62974557
68498295
70466243
63829466
64112286
64790007
67701146
63938456
64408742
69311684
65399647
63664198
65076191
61832636
65475705
68590085
65675867
68983007
64561945
62643321
65936306
59291800
59326186
63546973
67115139
65863293
67130631
62170319
60593161
63419061
64051142
68991180
59580862
69558091
66546104
60657245
59066449
67943588
61961605
62866668
69924862
64805877
65606159
63396836
63227052
63919357
63008340
57484540
64050917
66646908
61909847
59730837
61250974
64007532
60868867
64841360
63650957
63148059
64991552
65938386
64410686
61929086
63840405
61125249
66817105
69039791
61543819
60439534
60511202
66397475
61829401
61781101
63486271
65161199
62265778
63587845
66115227
60678458
61215868
66532041
64125864
64372087
60456091
62278089
64433947
65080183
65895118
64903620
64411517
61799648
66369576
60450664
60604766
63690009
65802739
62504410
61525496
62417045
64884996
62041017
60005710
63340491
62336213
67525816
64536804
66883266
65438339
69733281
63834650
61796764
67771844
67523885
64334104
63851606
64733011
67187981
63595554
66663193
67275217
61155029
64731409
58559625
59258419
66439210
64219906
60555176
68852476
62424657
65984158
59574218
61943165
67770861
67909614
61039158
58158263
63321699
60621087
63338258
65855447
62942430
67905130
64392481
64477572
61386955
57922943
63589932
60254581
66143095
59125996
67610760
63858637
62955635
62633489
66056652
57180623
68050524
69821098
67152492
63042268
64376755
56896980
63630947
65287705
68030357
63843736
65942841
64261537
63681309
65973045
64752098
61388479
65898138
64647760
66682425
63070810
66708742
68365855
63087101
58450598
66717711
67088612
61330717
65060836
63751211
57501731
65669957
63630159
62692145
68055768
66782229
57231564
64790076
63397387
60925151
63698474
63718414
65823623
65607350
60024931
62673592
65632580
64291984
63735664
68126963
62607857
60949651
66687925
59935899
63357755
62837285
59615702
66144471
65616402
69717020
64026543
69471416
66074337
68500351
64203818
64188005
61244138
63269615
65827950
61686940
63808468
61519578
61431191
57913226
63227332
60874772
66564679
60756476
62240600
64711919
62272869
67556735
58987243
66108307
65998845
64121624
59330573
66149205
60500025
68516809
59463774
63297784
64221843
65052735
61630453
67633116
63601839
62821290
61509693
65335047
65949322
61048504
60673453
63121440
62154188
68847404
60953586
64798598
59472020
63692060
63687460
66248174
63350426
60813530
64132260
59701072
62238914
57567912
65317990
60763413
69038770
61961771
64629532
61278199
65804161
58915099
60924963
63111235
60464381
66927126
63083927
66161046
65246148
63906493
57680189
64672535
60332488
63778468
61094197
60920600
64526659
67351069
61963392
61730896
59482086
64236592
61324025
59497087
59210917
61595943
60252441
62822745
62076385
65515624
67078942
67580609
59877516
65347112
64330765
62060637
58783701
63679139
65693334
57889605
63331944
62830820
58184384
63039661
64608327
63875243
66008464
63669631
62015805
65911036
69265772
60940893
64882885
69045652
64364846
68755566
64436928
58699861
59264103
66108018
61173608
63485318
63525358
58771276
60251057
61894599
65676088
58876497
60611601
65059117
64832535
62837228
61070607
63520032
63979207
67308614
65718841
61931869
66263758
65790398
60648854
63752380
61491732
67148901
61189590
64907048
64408302
59817976
63093690
59323489
67465504
67803499
61288717
58715288
68340780
60672438
64761003
60768916
60217528
58185038
63798780
60362934
64782954
66327281
64189556
60677028
68556535
63166096
65709969
58961134
69892025
62727597
62740388
59426378
59103042
60596690
61950831
59707891
66872991
63622126
69522216
64969631
59760474
66199501
62575490
63473248
62564620
67524577
62385698
66729656
59078116
65769805
66271530
59866175
67556630
61958010
62101663
64054087
65437822
61737578
65167886
62859352
61910779
65161498
66855213
62472395
61705968
64577958
65823143
59131225
63781777
65710769
61704122
58750990
63038283
59276166
62128218
59522499
59303645
62679001
64393591
65563339
66349100
59196201
60632449
59347010
61725230
65519863
60341660
60009393
63745709
64224791
61307332
65873734
63890772
61477243
57929880
63526722
68218869
66075847
60040492
65338979
64391058
63485700
64865005
64141980
60307252
66626629
64734955
63607162
63211828
59367636
60529662
59629057
66140185
58377230
61007269
61509246
57970741
66283790
63323773
66146785
60256970
63275790
62743715
64465861
65144370
68839262
60329797
64808845
66970087
60804702
63274164
66614277
60577775
63788379
64026582
68120866
68429313
66662473
63297397
59379936
64667934
61624803
62099634
66460304
62008792
60240448
63275295
65325400
64465469
65071432
64016616
67523465
59536714
58825550
62426151
68290389
59864802
63383139
60724598
65935947
64629397
66150361
61951166
67436836
70109060
63249575
63642761
62224080
63363021
64268308
61068717
65514586
62866995
60184625
66609736
60904401
57466390
58381895
68900870
63955076
65003341
70030299
68329824
63572663
69471256
63778987
62486186
62835375
65698959
64539074
66335417
65997686
65259132
64441996
63344020
60081976
64239151
66499949
63061896
64619087
65919460
62496203
65704341
64306454
67201337
61649244
64759462
60582568
62127239
62532539
58261170
62896147
63155666
68212851
63399714
61364170
61219160
66822950
61703991
68863328
61625615
59674892
64612482
63684447
61321961
63009806
61669791
61067096
64758093
62407481
58850212
68384363
61129095
61946566
65988054
64414611
64609374
60006863
64878190
60767911
65121106
65406179
59660205
61543039
65618730
66001179
59477923
59192277
62471623
67151587
61776578
59996189
68432709
68148247
65643029
65907069
63184152
67217000
60495672
66438938
61325586
61394839
64633763
62438954
68361771
60915899
67702767
63305264
62746820
64411375
70182882
66900304
65820713
59230903
65095275
67235682
65459982
62352040
64910357
62065530
62513862
65228820
64438367
60253796
66316883
60895996
57830107
59809708
68507186
62786604
61099826
63742895
66538239
65856314
63531488
66495434
63843161
59121531
62044024
63189205
66755027
65731102
64294504
62612913
57375791
60933256
63826733
63137221
63067910
63648652
59817915
57756585
61749662
62354989
65462103
57720458
62553659
57543826
67256666
63086145
70322029
66467069
62190910
61826314
69810210
60072905
67556752
61922871
57927703
65378135
63232540
68916502
64123962
66993353
66480521
67400637
68929740
58317952
62835490
60917026
65513316
62061980
58137526
61677821
64552587
68555001
62016215
69285170
61357291
60853650
61589558
66214573
57595150
63146493
65926294
64107151
61780746
65320185
63938690
60434334
67025143
59805641
59705375
66180628
59752686
59817082
65722591
60877885
58616285
63004471
65639243
65855697
64403990
61848250
66500771
62837824
63612585
60097562
65496680
61821341
60098368
63616722
66134534
67804239
67087996
64065699
63881149
63173996
58272742
60123812
57705043
63163371
61131486
60645885
63028786
68135879
60652644
68855862
67292076
60272219
63616238
69375685
62687307
62674019
60267229
63284175
60834766
66698445
67642487
58369177
61015975
61844903
59562120
62560058
61804331
63473920
58772703
64964073
64148437
64682288
67382067
65250330
58567896
65415625
65794501
65292723
64770837
65610933
62025227
64107617
62348249
63052541
67195142
69897545
65143231
63979109
62463740
60327045
67525192
61238217
68860404
58128342
64013208
64300253
67745162
65360277
61004512
69508006
66099012
67623145
66625942
66029952
63800193
64580016
66175371
63103691
63067988
66464752
62894163
63202996
63927478
63906197
57289673
62853334
62439215
66564502
65764360
60999062
60983712
65687597
61344119
63544145
63259388
66935822
65911513
65477908
63788748
62239153
64602479
60978807
61412910
60911372
63455238
65535302
57623467
59118842
59908780
60276578
66703699
58269334
64377341
57731671
64527874
62671352
65890209
65931126
64191140
63273777
64053786
64362757
65997096
61645912
62015112
62173714
63635875
69341427
65819145
61407366
65499288
62070499
63172223
69251893
64793322
65662162
62868403
64782547
68722500
57681224
63283812
60848741
58997746
68583312
64635670
66779976
64136261
63732204
65608022
62461717
61643408
61503569
63141114
62841386
63242363
61496153
62081732
68500553
58928533
66567152
61313788
66220842
61829796
59340627
67101244
64329900
65469962
60534584
66056464
62331744
69435195
63530053
69907977
66909675
60899081
64330730
61898864
62565308
60102528
60093262
63453681
64796095
59518940
60917065
62669543
65528951
67711869
63189502
67497220
68606688
61236803
62219826
67537032
62150719
65003623
60987752
63346052
67806442
63064405
62708654
65773949
63766509
60594873
65783254
66294713
63649337
62303748
65811845
64836241
62587187
64611792
60732711
60314164
59919452
63676644
66117486
60563264
62957938
66743949
66039042
62888506
61059381
60764308
64989630
59254491
61824718
61201540
68252776
63894003
64407931
63517336
64673182
68196084
65221930
63322551
65488897
67920582
62889663
62537860
61179908
68904574
61979535
57008189
62184442
61903772
59813278
60510753
68377143
60644727
62769435
60419748
67494602
60716500
62063269
61591101
68515919
63571237
66647021
63607583
63236686
65821739
66224212
66160149
64786435
64055882
65053913
61206652
65328924
63983875
62142735
58303702
68986058
63894425
63392445
62944595
66620276
66352757
63962389
57884576
66349868
65597209
67547931
67978705
62783083
67001427
68427060
60476396
63928504
64802927
65410444
62792690
61563112
63890283
63226759
65632551
61415638
66683580
60951904
61027329
62835138
67990334
65578427
61410803
65293379
63436387
62515248
60251296
63654927
61826931
62479224
68309518
60873782
58314420
65940129
65122670
60576445
65636544
63862120
58115092
61005748
62368917
67914705
64662511
64062589
65573212
66350294
60903734
58180921
66048929
62948965
68867093
65358782
64435825
63375195
63477333
60265421
63471082
64720597
63702745
63293679
67486946
57789314
60189635
65851432
63988544
68852461
65459009
67493963
63610421
62042269
57486951
62623972
60844290
61200845
59335795
61661438
67334851
65860216
62064287
64230040
62984152
65139070
61981478
65383732
61557571
62228957
62937302
64516031
62579557
60817949
61016501
63534057
63085171
68059540
62974068
62485492
63842220
62665535
66643506
62689350
65492967
64000773
67061721
67032961
64466542
69101332
66668082
67102139
58534497
67477940
70265337
63080470
63296023
65683254
65557359
63659794
66537948
64624051
63874585
65840957
66041429
62263962
62319901
60681984
62368797
65512284
60722640
66168626
62982005
62259667
64240314
60409574
66409002
61213434
63823118
58503730
60696038
65058145
62604348
66545195
62101879
65932946
60155800
68922079
61594650
64053179
64003708
59304079
63295810
57199013
67431967
66830097
62768285
62917652
63056483
65381537
65380713
65167862
63438507
63296434
63700288
62400179
69181291
61236711
66193001
61754487
65860247
62233260
67494629
58757869
59809722
62681622
66855723
64878078
63400357
66319820
58752553
65203583
65823549
61720329
62237874
63029775
65670063
67375350
60336319
59673519
60474159
63609648
64012577
58540028
66819159
63487791
59571201
64252373
57488812
64772454
64307813
65394461
65450519
61049573
58962698
63151641
68443588
59010911
59418603
63542053
57213442
64979202
62660483
64413709
62280992
66366782
62481401
66029032
58793297
68748585
66444758
66038596
62030757
64274493
60502657
65487998
61661741
66479079
68000092
62905498
68923206
64631155
62392133
66115532
64296267
63379301
67073863
62744899
61088155
67599917
64528202
65568773
66457022
62164831
63778632
62625097
66277782
63790962
58867415
61432348
64339009
64377771
67331375
64169669
59223473
66206377
67618722
61009662
67576082
69084639
66229101
66151189
59390463
68596298
64482773
61205033
64169410
57068884
60792354
58943078
66524354
64333537
59375899
65045827
67894411
69607010
64982074
64656660
64084013
64307932
59127256
61106413
66487887
57151830
64931352
69090009
61579163
59446799
67452279
66389695
66301363
64687010
65392818
61691748
66446452
60219068
63192050
62682616
65276631
59220370
62420390
67142724
63510609
68910213
63363261
64245511
63307516
66774849
63591578
64527739
65672210
62786806
66026043
64659165
67542593
63061856
61582510
64424765
63904068
70397378
66140684
59659887
63804911
66377474
68489336
62989819
61374877
61144461
65574632
60796554
67781811
57763813
68900431
62420370
60002724
66602966
59288206
58339143
62903447
59683336
64976502
63268847
66353518
60323438
63999190
60788623
62453270
65713454
67477760
60373139
63935596
69154276
69166773
58332327
58105410
65910820
69209566
61233451
64968057
60552092
62208397
64096216
63320916
65086776
63841677
65242255
64209214
63821534
61295501
65943127
60983385
62720604
64618808
62778804
60081410
61682876
63482798
68663963
64329154
70205405
60021730
65691179
64114898
64642497
64004572
56839039
64927590
62708257
61157823
65677994
63451408
65935240
62765536
66016805
57924515
65573622
63220383
67271107
61680512
62049012
65000166
59206717
64659326
64431861
62344808
64670100
61930241
64312410
69684770
65004745
63890099
61861521
61933075
64866153
65998869
64358777
68237712
61540751
61166171
62628418
66918323
63549814
64461783
60188901
67082283
59437770
67127104
62378524
63097136
67695712
61094982
63486739
61159839
66928926
66118243
63943685
62855024
64691742
65467369
61726693
61806290
64332755
58602788
68995203
60775926
66164577
69153521
65826316
65019353
60939601
63957984
57382007
63798496
60632295
61714243
63031184
64572696
64424999
64262426
65443235
60730245
62004172
62073420
66486636
59166009
64317177
59970182
63058234
62907648
66271279
64567225
60500712
64798261
63946232
65934446
64730871
69544688
65890900
65093873
64532960
61812071
64635342
64843830
63413015
68710669
61237247
65229670
63576051
64364667
68389991
60113284
65665855
61144027
69507236
62037061
61252019
67859321
62675250
66427525
67539402
63694930
66823341
59895306
60917167
65818623
64456735
60671109
62586879
66950591
59903477
65798036
62285134
69091806
65941068
66683841
60611716
68572923
62146121
62558890
65253345
67153635
65795628
61009680
65197845
61362641
59715789
65529082
59784418
63424382
58999016
63016936
65010027
68762825
66365255
65219091
61829130
66268022
64988124
62816283
66731703
61485679
61671622
66391024
66346931
61431903
65393674
63273053
66029442
65386974
69745566
63604437
64068690
63411392
65664354
68740097
61794244
62763342
65051826
63024667
64520862
62905427
61392926
63585033
62979950
69264720
61180570
68448666
68107146
63959895
62471846
63254347
62631487
67615620
57227023
58220746
66411894
66169683
65732786
68025544
62806939
61079103
62594179
64877562
66712046
60068336
61741855
66421420
59592903
64786845
67894357
61097960
65553401
63205221
62303198
65595828
61308127
61580481
60833420
66620276
62473001
61635184
63697321
60412404
57021161
67246267
58561587
62993168
61478817
65367230
65119646
62068800
63539147
65230417
63388048
64316844
64135878
62792930
58544476
68222439
60134353
64064665
59351899
63154937
65178105
64435102
62412083
64635731
64401031
63407374
68956135
64087959
58534606
66611035
66627838
65825191
66570026
59393328
70021242
68893854
63295838
63496424
65111632
61210688
63563593
61776195
63101768
65656778
64859717
67147243
59108968
62980368
63407939
67103042
68892513
58596575
67998974
62347202
61767249
66279677
67382148
67754386
67733225
57887528
67336866
66989736
58147862
70189905
64131657
64985666
67190757
67427843
61424600
62086157
62996569
64263609
64997820
62629015
64747406
63686922
63466796
69350892
62539389
66780011
69702880
60887939
60252235
63703922
60372809
61179315
61420286
64008596
62591325
65106461
66700364
64058536
63749251
67318089
60460743
69835269
62545376
59775376
67632660
60542734
65018216
64390030
66595257
57511387
68734028
63654069
65714410
63740991
65611870
64198831
62337776
59024260
61075172
69385999
59916718
67746996
64702881
65025041
59147600
64122136
62623937
58494709
68522072
67022445
63362649
69273664
58347102
66783414
66437288
61473162
61238642
67825556
61115344
64863312
61151899
62725187
63666780
67393504
66436022
62461617
60130549
68726143
64167919
64983741
64875003
66788557
60686340
64394481
62876857
63774131
68851762
67074172
65001989
64438752
63365598
65448896
65045282
66484490
63123380
63636489
63149472
67230799
63766589
64505007
70278538
61596251
58963075
67125309
61164315
60584107
59506236
65909854
64220496
63795921
65104820
61862378
64953555
63547429
66955300
65523768
62245041
63742177
65369394
64736330
68525005
64445018
64836520
66681250
64204175
60418729
67878645
63823090
60596174
64804714
64773198
68447738
59940592
65363745
61201068
65979578
62854634
62664918
60999118
64503134
65272322
64682926
62792333
59337255
65148437
64897644
63858534
59689480
64268768
66007823
63374975
63987252
65833298
62834985
63581256
68440607
67785137
60329628
69546557
60820475
65977400
63794103
66433609
66455408
61809659
64715768
65553690
65152976
63739842
65875652
68183670
63319388
65390975
66572919
61862095
63641130
62348006
60454702
69383253
63223831
62929670
61038903
63447048
64184829
63418432
61630351
62832367
64093805
66054682
63026658
64766000
64777943
63818010
62810410
64871315
63209360
60536351
61417538
63715778
62335172
64010139
65975159
65249885
68280191
63797602
66159676
58299823
62417621
67663767
59647228
60046282
61716668
62386538
63225022
63007581
67037946
63262071
66969641
63180351
68891588
67410100
64410850
61868614
65749061
61567326
63542690
60106779
65086960
62416253
69744854
59303876
61611320
59555801
61465108
67708450
67245593
59757724
69195454
63419649
57936151
62920773
65779005
65323424
57433029
61103484
59789155
58294004
64847331
65240846
67050873
64738059
67489170
61481775
67373852
61072817
66414593
61020563
60276642
69392304
63724880
58188640
59423842
60915366
64909869
68197122
68177810
62308919
62961733
63668976
66971218
59417656
64439346
64007536
63844207
68140033
68952843
60235922
60240157
64013946
69272338
66283128
62145661
66306168
60809379
58675933
63596483
62159241
59854055
62829434
65433032
60862009
67678810
63888651
63708421
62835360
58369709
65635882
65255530
63770782
65706980
63933186
57781839
66880906
65889272
64633282
60903201
69809524
63743860
61788409
58854624
66088215
65354078
61909575
60192662
61804450
64098018
58587669
58468074
57516891
60443446
61145668
61508887
62111229
62342104
63424661
58779053
68827536
63838953
64549643
62769845
64351077
63009989
60435801
64341962
57995889
66391892
62288515
61086159
60811204
60188838
66039792
63509542
65394718
67621959
62439188
68796020
62531633
61405075
64826048
67595797
61431001
67088821
66411903
62081259
60476983
63400938
66138608
62653219
59925173
61109772
68671717
61798157
63664677
65423631
62870623
64030922
64439482
62045764
61316375
65514298
62177724
67676541
69372896
62706707
65417081
63177348
60676096
60595143
66189109
62329981
63463931
67707545
67358457
62758824
60268156
64003642
66091309
64066018
62901646
68943832
67423996
62894436
63491626
67674319
59797525
63440142
61887994
67033528
64552908
62157265
62250699
63915604
65243261
63772318
67034168
58425811
65868208
64742832
66932971
62148313
59913926
61756067
59774949
60395651
62070974
63852893
65887876
60350938
65170054
60743509
65968837
62198072
65060620
59609690
63994929
67038111
62369190
65511865
65459173
62489375
65011153
64465621
63864972
64552989
66182784
63928503
69428362
60255517
66385591
63690877
65106157
64057985
65813593
66860475
62767453
60883477
67942279
63526408
59069381
67881977
64187139
58051077
67563523
64129260
59890168
61275380
65314905
63686810
60924108
62975892
67917676
67301579
66366586
63328953
64860192
64337551
63000025
65527498
64641128
65650843
60857748
59993142
64324978
63219687
64996338
64710742
65059373
62682748
65616307
65066853
63472241
61638866
60775396
64732509
69822481
59388136
61197234
59599946
61545604
63359929
63984164
60930241
66697311
65284152
68999879
62643095
65770781
61559381
68516121
59044808
61204977
65290082
63431836
58721671
58186203
66455196
62891019
61079418
68394828
65810518
63111037
64926264
66334568
64745370
64435890
67825392
65221397
62238063
63053120
65328330
59897200
60619664
62657549
62583337
62829016
59746291
63397897
63968465
67914193
59741660
67263073
65453619
68097512
63265332
66306027
61624852
60633958
59353212
62041998
62608343
68513288
60639852
65483153
60868355
63633886
65243490
66901822
70262373
62212571
68212947
65982468
61286677
60562471
67175645
64010241
68025200
61876167
65366910
60833382
62541210
62393079
59854634
59560658
66240112
62838575
63260963
65463221
59037121
61073279
64423434
60960257
63462866
61129200
61405154
67732673
62823472
65067505
67831117
68440933
62638199
62413186
61678741
63455257
60677495
61987371
65733772
65919080
61498227
68045370
66122714
63388370
63578498
65165292
62064636
61073834
60171297
59301721
57050925
63053233
62150993
59647579
64426823
66072793
58984768
60081836
59171117
60844516
66178068
63583305
66979037
63486023
62553809
64443325
58841591
60541870
67991994
60855748
66628734
65829326
66765449
60054090
61898532
64549168
68392441
59410232
68744593
62913157
64635924
60883606
64824513
64874288
64138092
58460059
66563284
61128752
65336902
63120841
64138143
62893833
60577476
69821022
63858281
68186774
59537356
62421434
59605305
59616186
65040573
61789261
63181608
68158173
63508254
67441884
63459980
62996640
60790241
62266458
62845720
66311326
61285043
62506528
62782382
63718621
64000582
62233962
59599723
59546349
61814245
62389965
60662855
60244685
60943888
64359764
66045882
67919864
62862499
62338346
58068224
64750381
66376548
66273517
62745743
63477761
66876471
64972184
61236225
61759424
63598514
62154490
66753775
64449502
64834933
66583235
64120075
58323575
58065116
59702496
61945894
61443464
70264532
60755184
64334688
65859594
68139202
59699380
66270602
65462962
67167787
65284633
65690616
64884398
57957610
69519142
61370829
63504700
58596404
65284766
67170330
64235800
63125408
58526903
62641635
61055321
61200124
66164128
66493702
60232029
67979786
65307090
61537161
64694106
62276361
58790513
67062579
62384447
64179390
60387680
64390127
65401593
66189622
61741485
62568872
62744825
64285757
68729136
64063787
62279580
65780391
63277623
67315391
66032231
67465638
61277365
62383189
65399584
62233150
60757980
66244816
63418343
61645946
65306364
61395995
68373856
59625534
60483058
64820988
70286384
57047940
69692041
65119414
61743263
65819441
65757520
58464455
62380716
60438546
65153560
67390307
67052611
60949508
65923385
59362220
64484368
64062716
63278537
64239305
68485354
63504406
60954979
66201123
63657119
67498388
62065755
64694419
65049024
66069236
65516757
64340576
58680894
65132890
65772862
63603148
63303220
61712585
68304600
69319398
65561168
61572989
66369027
60538440
68329995
64965580
65423662
66061062
65717580
62972351
65094283
59948689
61869546
67742279
66165631
64611966
64569507
63935782
70055709
60474866
64160132
60478683
61050021
69066239
59077423
66419032
64905889
68396083
63588503
62218835
66828918
65139499
61797627
65299723
57523764
66383196
62949245
62927138
64524106
67759459
69093695
63234580
66126771
62374907
63158077
64159926
60583598
62765690
61618871
62904686
67049085
65271457
58993443
63862560
63865029
63733262
60014958
69116509
63179461
62392042
58158426
61522565
64011591
62993252
60710302
60339263
65596302
63766453
65246896
65313192
67387198
65218604
67374216
63769005
63936014
62049212
66997986
60940373
57190506
62290598
66260516
68421459
68958027
68721370
68827247
61109971
64764633
64635155
64208921
65450037
62590750
66760838
60822187
62570454
68125251
57561697
64453450
64102906
63859353
59707208
60770843
62772682
61328066
57523545
59300746
70328170
66230048
63534327
62522077
64799090
64069920
66789992
59670308
68672678
61302503
67001044
65322444
59354246
68629204
60622938
66557481
63417569
65398477
63812315
59220407
65523576
64528180
63494579
64879508
66899916
65366816
67700469
69107673
58576207
65951671
66194913
63557402
62207621
68319220
60164072
62513134
60240969
64196683
66797657
62097171
65072575
61631536
65097365
64012172
58109555
65654488
68795085
69772906
56783919
62828967
66945085
58532083
61555617
63154295
62492629
63056586
60210237
62789748
62504329
65271219
59089051
63254399
63154521
62841077
67205512
57985580
59794079
61172604
59948587
58692871
64771092
69208157
61993398
59300650
63113471
64693496
61043853
61765365
61992949
64491098
63510470
65535604
64976259
64153592
60721200
69306514
58339650
67080116
70286556
59690831
61641076
62156345
64419381
63562146
63319810
63647371
61077538
64081073
66658771
59872877
59079221
66265734
67556223
61532996
68598588
60577257
63710391
60542023
60490398
64672037
59603740
62378309
65785397
58491285
65490949
64793857
67099369
68790075
64810737
63870156
66615268
67043330
62050610
60817796
63953469
62070759
66324336
58837462
58039561
66545757
65446062
58151259
62622288
57880668
59372725
64567959
64477027
63766788
60471870
69357549
65844094
64403451
61751994
68677569
68605406
60749327
61167396
67487818
61191032
58370566
60074926
65053170
61076827
58618961
57925853
58555889
63676562
59421300
66223601
62850777
61619107
61595468
63410466
64371899
62316028
67680433
65452967
63177483
62761113
67575526
62355959
60093448
60354960
62897094
66154951
63890485
65786471
62188747
59094958
61924248
68733676
61367693
68886848
62560004
65179811
60750964
64871404
64040351
60567292
67887136
62056456
66409049
63901282
64722529
66441366
65960284
62944414
68801123
70099401
62680911
65716570
60643245
64360952
64559398
65386961
62628700
62069106
66581911
67166274
64610971
64418216
59736815
62884651
62700306
62433733
60023882
63523697
60961443
61200383
60180722
62227841
62620860
68793662
59371608
58636047
60032634
59164659
64789219
59078019
61941800
63374154
61839645
63522376
62468090
67889740
60250736
62872491
63910379
66760894
67077901
61686502
61308278
65494144
65633453
63789642
60822422
63469856
62776130
62341856
63093438
62618577
60784659
63930184
66437357
68753520
62851294
65303649
59581316
64853150
67741711
60854314
67822670
69872810
59933027
62784136
61918676
59552485
65936662
64825510
66120973
67144382
65847034
69189504
58802585
67971864
68020238
62216419
61815624
58449052
61685017
65613252
63286576
60620519
63859457
63877293
66189671
66975772
64008168
63919383
60845647
64449559
66897857
58844569
61266977
59637488
63062462
65940150
65574330
58646175
60753081
62737387
65654141
63144910
65559793
61170017
68009533
67570453
62794401
60217128
62604421
67390321
63638568
62127868
60649315
58852194
63173297
66055154
63437141
62324687
63977533
67272111
64274507
62712215
63432566
66610396
62054429
60282390
67354017
61989459
61407180
66301314
63951412
63281378
66973401
64514915
66298672
62799756
66749879
60242677
63951034
67378087
61237336
67861320
69333425
63018988
64617233
66619225
69918864
62847837
67850726
65162363
61177315
63243843
64709524
61934414
63719341
63914246
61569413
65086514
68640457
67252518
65703043
65040965
59257517
66727968
63209153
67872752
61836545
69339903
64188815
64168190
65389481
63432236
66621537
65141587
60579196
65562534
58072166
58986608
68820231
61651746
69385425
61139832
64738308
68414185
64350203
61707961
60512894
61881303
65463764
65120852
63844516
65703639
63666094
67879258
63869752
59235690
57742053
63609720
62209759
63596632
65701992
62144394
61634693
59171121
69637574
64489951
63503828
68639469
62850833
59941296
63693154
63178886
60223090
62288369
66814942
63724927
64236877
68745393
66796881
63494546
65855233
60626332
60727340
62143589
65078800
64431321
66080068
58240873
61253648
62413052
61185128
65459962
65974125
65081594
64906291
62050312
66113750
60598636
60682064
61307598
65501541
59467155
69243521
63723165
60094595
59955572
61548772
65674069
63066208
68181873
60816036
63152072
60338962
65025432
68553545
62054142
57516707
67238800
67888446
63026855
62285379
67354967
59724564
63615117
66832382
69174205
65857235
59461410
60803080
69381841
61294766
58983545
64166072
65017234
58824637
68236176
62539097
63524416
63034734
61509759
67998090
63999847
62937862
66131154
62073408
66362356
60922743
67270078
63409654
65771235
64369496
60748607
64137762
60720730
61885153
62619680
63594611
68360848
61597623
63290900
67515835
58973875
65533758
60396683
57819803
59802853
62849017
64060437
61999040
68464924
64835544
67002442
69008798
65973746
59842057
62997075
65414945
67272979
66628320
60368742
63547342
63827509
67319327
67498268
61242005
63563665
60238815
61608041
66191507
63088811
60788778
63548364
64204328
63228615
66200640
67703788
64420222
66124305
62736184
61659683
60496739
65983433
62397318
59533195
61556491
63692333
64407521
69445451
67501248
63172991
68967816
61610209
64189161
63662719
64357227
67588834
60371445
65091137
67236886
63394459
60174768
63347011
65709651
66515798
62046041
61999407
65902831
68335930
58486468
59915357
65235444
66935839
65100744
61511320
64867875
64254141
61762704
67071076
59784956
62268749
61084678
59790648
62106676
59205093
63555786
67093935
62416702
63069704
59819657
64218939
64935629
64236993
58904834
61358811
59192106
64894765
60529616
59003938
61541436
59456097
69147352
64386177
61490095
64951432
61856928
65323321
61179908
65151346
64753424
61997674
68676971
65630413
64609191
61364635
61891282
62612985
66296909
61583051
62380590
66230730
62548785
64722684
61990228
65345793
61254739
67269668
61516122
65026946
67394613
61703364
61789618
62491635
63934908
61350912
70424718
64536243
61785021
60521098
64822695
63957413
58843471
62729328
66707123
66601751
59251488
61033372
64028454
62174054
65419848
64913536
62821830
63852444
64091337
67106554
68450625
64403471
63702537
61076212
61354574
64657363
57983747
62279202
62475355
64388788
64064591
68004754
58649768
62270168
62017255
63699307
61252906
59896729
67692204
62183837
66278414
64117614
63763658
64133841
69626519
62900038
61708745
62399402
63494643
65343582
56945745
62524231
64714704
57515943
63247656
67337635
61890371
66620355
66288748
66292752
64302967
60213907
65539710
67040381
62427126
63949165
61970071
60747973
65668685
61351571
63535306
62982705
63725678
65808634
62517495
65562413
63093740
64992599
66608367
68644625
61667514
62839696
64971512
64110911
61069619
66815361
60524211
62942413
65707218
63349879
62371953
68915398
65995548
64586326
65773615
63096107
68049444
65803113
67083660
62807467
59224042
64170855
63082734
61688215
67181272
66464396
67756077
60710367
60793834
65977041
68574166
60221185
61426197
61619723
69565853
66603615
69617998
65709471
68519126
58361106
58369933
67089575
69372979
64901742
57966740
65837800
65258380
65868630
61681381
63194744
63510366
64354735
61207059
61194511
63708525
62309901
64702978
63710194
68525130
65543528
59316291
66071824
69635851
57798067
61569823
67302138
66265993
66553796
63862589
60275633
65354382
63468172
64993487
63112896
63462735
57886045
65694743
60432727
63085701
67359787
65447905
66174049
67325586
67539738
65348247
65247105
61339645
62912407
62460647
68425191
59371364
64744900
61169176
57855266
62868420
60144789
61723234
63691860
69779027
61850478
62041711
60319658
58674794
64305347
68569736
63955215
61110449
64046261
63171732
63215177
61586503
60725421
63568997
68706831
64766557
64623952
63185818
58597389
61656827
63164993
62959698
64623308
67870335
57882642
62734627
57973795
67977011
61004323
69346077
63063919
68752809
61194114
67505112
64135604
65362467
67476455
57532001
57428009
62089878
64609583
63133886
63962572
61587177
64041442
60611371
60150098
68744365
62025780
64113603
59418737
67402769
60266737
61292743
65726621
62147016
65818045
63377043
65544826
64669718
64332026
67334542
62587075
66010182
62897972
64547300
61548224
62115996
63765220
59422642
58980988
64778487
67092142
62340001
64204122
60643335
61232407
65945916
66928599
67697159
65283058
57801247
60775168
60601218
59812769
59832113
65126788
68200276
61511249
67341283
62655571
62341612
64419273
62145738
61416316
57468455
62824949
59163049
60353082
68561424
61106965
59425031
63110879
63932342
62192505
69512308
61184424
65075622
65742662
64708605
63652650
59833844
64722412
65126017
61807353
67213586
68074056
65828167
62369793
67871350
61344133
60717892
64352786
62959032
63494238
67589068
63033779
60162285
62067419
62522072
63527483
60825734
69781058
61314900
60592969
64045883
69405143
64328627
61193953
67678443
68200710
60674665
61429182
60496148
60723186
63475994
66117275
60406755
60689374
68963303
62858459
60923061
61215351
62812820
66815177
60702382
67600857
63100543
66806265
64518835
67571178
62396572
65221509
64123169
68297912
61516280
57636154
62438912
62616327
65325198
69703139
67275921
65406042
66908884
63416297
70014333
59053886
68127819
66078869
61783779
65902701
65997531
64826313
69167396
62814026
63082966
59512351
62873151
65700662
64842427
66303062
63761660
62617737
62332351
66115493
69766757
64057377
60860906
65165316
64605349
67016556
58579835
66695408
64380405
64150602
60868929
62787811
68288749
66146128
62334590
62651218
67421942
63405982
63953998
61176193
62131471
66796997
63265702
62622748
61897689
61026374
65465746
69056587
69431043
65675078
64432579
61305670
61221969
63454364
61195815
58645346
64140313
68814275
64899199
65404124
65889927
59859357
63903342
62859805
59383226
60113015
63757236
62971658
63857116
62204558
61482188
57869756
62560683
63817354
63793772
65251181
68043170
60194882
64319076
63676060
58890721
67208618
65384842
62824442
65433204
68005542
61376662
61743379
61426894
63262903
59573177
64734356
58164028
62902887
66932047
60805721
63991954
63143838
66195709
63050081
66664472
64899031
61595218
67174702
59746207
62046790
65320421
61579177
64481073
65754054
67720896
66991141
66302285
61771059
64121824
58965908
62735031
57684672
67480135
61960497
60581544
66458901
62293454
64019689
66084943
66263974
65329003
62981237
61845121
65956208
68640416
61391451
59271664
64737762
62299748
61705531
66939617
62854135
68010285
59776154
59144639
66959970
62958344
61560128
63095329
61821301
67416006
63216525
61954089
60422030
58851772
64038787
59862019
65276416
63279749
64513847
63707856
61296139
66674858
68712057
61912937
64024118
65120396
65141471
61779780
64946805
64666177
63723833
64903668
62170511
64372780
63830273
67895216
65666524
64740974
63600125
61403384
59407565
63013300
65303974
66573555
66047847
61027075
60083043
61233629
63531079
63774817
62820582
64638434
68766910
66385555
62828463
57922112
65657814
64109115
66453952
66241140
65064776
67039761
61241607
61033209
63161757
62236675
62278300
66151311
66122947
61257642
62189723
64460512
58284644
62060555
62574144
65060059
62495906
65293015
64470845
59941113
66663168
63944829
65429003
61942752
60919184
59671691
66064921
68887007
65710687
61658142
66615796
68282943
66752553
60855350
65284429
66941900
62235676
60273730
62171605
66376501
58090475
63550259
59900674
64132336
65558629
61920781
56874511
60425866
68262369
65470676
67837567
64777974
63703259
59654646
62534846
60284832
60258609
63195089
64193184
60666330
63983282
63329845
67367771
63393040
60947398
62937155
65975330
59484137
62764754
62425802
66518286
64773768
67860425
63007364
69410500
60755079
63010232
65939202
66484506
62090732
67722882
65650845
64844443
64101350
64536984
58491618
60411218
60803675
59939248
62610553
60253529
60405310
62608662
64644939
65636131
67903796
64523765
60033701
64691706
65022889
60113448
66435983
65929817
63552824
57864017
61855842
68179632
62797564
58044311
63253994
68859769
60003288
60496825
63151529
65023539
68686533
63940894
58568561
64769067
62918957
64912646
60167443
66341264
61039553
66700099
62323367
64375155
66052672
66100360
65446654
64572728
62682485
59640759
60339842
58623379
68508680
66806042
62453591
69283936
64471500
61030777
66839871
66059521
64179185
66792327
62933755
63370219
68547616
63551906
60593639
63667808
63467129
68173322
59363522
64585481
63463274
61362359
69759038
66412149
60894857
61123574
69219947
64366539
62013655
60847144
63962208
61375816
63165894
67091415
65028479
59615526
60699592
62389812
69758383
64188007
65741048
64059150
60503373
67692794
65007027
61764926
58334581
64123576
65515273
62583198
58655916
62693581
65762134
69211174
58205100
63902723
63767075
62236349
67223532
60343115
60817435
62357352
62863486
62801444
62589677
68249527
61455323
62469096
65067653
65557029
59566635
64374831
61235618
62487493
62881039
62246787
63957912
66273150
66668465
62720390
62115105
65266860
59553409
66199779
68738086
63082548
65598527
63119272
60696119
61159046
59812833
61781667
66990928
64225538
63241720
63315173
68664227
66074303
64368729
67556496
65010762
59695119
66192935
61109498
64288633
67535834
65138109
60225143
61947777
62559482
67721145
60304028
58929345
64622907
63308032
64171527
65627788
65040489
60187308
61984795
68145074
64179782
67925122
63903235
63667488
67697262
64000640
69434455
64264023
65576520
61636507
60155873
59473533
60770918
65571724
64965485
63795253
63300139
62915746
67939073
65071211
62487010
61994990
66386065
67805534
62863520
60528184
62504012
66249852
67794677
64237964
65606933
64304184
64218646
65703617
68228290
68520675
65794566
61225660
63626373
64451441
69360645
60827569
65040999
64865265
62992499
62607242
66978108
58796198
58776817
59514105
61999267
64430349
63342828
64120833
61603336
67790035
63175546
64108526
64102273
58928466
62501889
63939129
60206557
66377139
62081412
62988988
67367503
63387849
67831167
61229867
64833368
63633539
65140219
61858002
59338868
66286585
62547447
63063731
68666483
59115561
64830749
64926045
63291923
62559271
59814824
67390680
67080826
62250671
64106355
63205642
64162750
60701751
61395649
68224869
66949657
62381273
69857437
63552088
65141188
67419381
61420062
63684797
64059328
60907400
65249146
61223293
61644285
62761157
61853241
64936112
60699061
65140998
63891384
63293888
68572615
68098992
64090588
61949979
63310059
63486334
64211527
58152278
68881671
64280166
64419021
60664071
61515285
59942320
63274288
68760820
66842294
67901650
60838222
58600131
64369674
62648926
65136033
60239386
63577869
63808753
66049424
65445903
65438538
63105990
62134324
59509491
60979594
67509917
60048077
66572339
62015543
62615276
64938460
64731942
61453701
64647254
62447623
64506038
60499276
63236809
67776761
70471398
64453005
67248234
58548000
69580714
62854706
64268525
63387695
64192739
62441380
64069874
61415634
61481132
61185331
64559781
60641429
66377128
63506253
67082969
67383488
66932504
64015856
69073793
65170694
65507385
64938956
64520157
65990824
63071551
63725586
68355948
58226679
67343658
63935182
61558240
61515919
62162769
63967598
63576619
64115720
69375632
66281015
62834506
59009674
68483527
59487232
63327046
63015587
64351992
62740154
63393804
61655391
59896138
64198000
59760475
58062641
64981205
57713318
67631410
66945580
63218693
67537029
69771261
63262024
62598976
63608902
65810834
63813460
60587060
62138417
60604967
67444705
70674962
62719785
64051785
65309464
60616157
65814194
64296872
60222524
63459161
68928790
68525427
64186827
63942622
62763198
63782002
65739348
59606649
67156165
62680314
62059965
62001415
61854290
63408188
63714805
68604860
61277074
62222001
63076701
56932661
67485734
68912400
62269630
61999587
64301522
61826285
64746836
59446259
60334006
62228183
60707609
64791815
60518400
65192892
63050382
62738768
66549359
65401446
63830519
61633345
62037585
67962000
63072143
59057993
66495997
68078870
59643864
59729778
64247999
64205110
61081360
65268817
65672526
65505381
61437142
58777775
58092900
62966377
61868818
63863655
63074442
60361799
65370107
61697251
62171369
64270032
67164782
66337399
58724762
63260537
60814932
62732359
64825533
58440573
64279868
66273456
65817376
59376718
62549575
65080691
67332622
59140294
64075283
60622086
57703095
57590192
62932307
69893527
64830738
62143110
68839221
60973671
67207713
63756164
60645174
68860332
66941096
62764298
65041247
65616586
61215841
66013823
67651014
60678501
64311554
62550769
68288574
63198228
63150765
65185677
68568119
68674657
66288796
64452941
63598025
67269583
66016976
63754776
64134199
65479642
65917239
70527504
64843565
69920860
61857296
62708296
65383813
61949630
65635318
62333155
60346023
65381502
60045422
61489601
67705018
61272096
62528503
65601939
64470836
62304779
62947608
64575417
59534127
67981773
60563288
64852198
59323393
66384832
57880432
62702746
65497681
57751108
62502663
69898375
63812708
63033369
68289236
67551810
65016758
64645824
65221864
59321739
63196463
68697053
60943356
62359586
63848332
62134370
63562343
65812523
65050879
63717655
63517914
63211554
66361334
60041146
65329751
60771899
65912589
67261430
61194191
57360494
63225469
66052049
64983663
60027304
57610292
67299331
63973867
67671638
68693272
65585039
66235106
63803796
63539347
65008094
61964717
67991692
66837232
66191231
64124730
63446822
62604735
64911012
67448495
61287570
64868291
67097753
63228561
62687502
64933966
60395385
65575608
64491486
63501873
63907418
65246210
62426083
63172047
69523215
63306082
61811311
58058021
62464545
61899521
69581559
66386764
66177233
63449899
63672293
64030022
63914856
61610873
65848647
65906302
64211369
59298623
62872405
58230389
65717721
61625130
63719744
68325387
68511097
59194420
62059713
57639469
57910865
59557373
59688446
61541026
66195468
63199301
59678956
62981400
69086586
64331575
68678009
58059511
67483179
65075790
58938071
62755825
60572319
59706874
68861260
63641081
61259970
67267483
59126815
63259165
61738337
62463483
64543277
59277178
69652423
68693512
66022936
65098075
59209308
68270095
67024018
61545101
62240382
64551220
60699545
66050123
64636311
66465953
66927399
65025322
68163939
63400483
67324566
65087029
65758554
70599429
62267462
64072772
62766447
68068912
64817241
58121834
62889528
60467196
64440199
62655144
60144015
58959280
63828691
66816045
63172641
66950401
61063490
66488570
64660720
63218948
66655746
64538941
66486402
65945241
62323802
64140708
61400813
67160526
69222217
67569561
64801583
62521207
57956239
66409214
65186504
63869486
59700918
65306588
68461536
68040583
59129315
66909002
67327712
61882315
60414736
59023935
59303613
65661934
67336146
64900853
63187792
65323618
60997139
68707133
65557477
60946884
60784988
58334387
66993724
68331749
64969989
60838687
60298779
61210147
60084022
61417807
58561684
66062045
62494487
61948890
66062670
64548975
69837871
60771251
68512361
65173743
58087458
66038010
61910094
62209022
64194101
63160837
65197240
65039014
59151188
68809674
67895991
66875442
64640083
59704461
60813092
66594576
67819524
68400966
59034148
61795926
61433566
65971736
66886980
65371435
60664322
62102095
68150495
62892509
64234844
60680461
63343894
64804135
62287315
64568709
66972421
64510152
64562843
66552074
65153797
61617217
61188155
57857218
65091538
58302457
58985313
64231290
67279452
64115703
62084963
61109325
66482258
62268056
66676064
67374243
63804964
63513854
65905126
63024320
58666654
62670662
58464475
61364101
62673928
61467287
61106113
65694625
62866275
60573215
58202915
59329738
63667122
62795614
69502763
67047554
68842159
60922266
64252801
60120050
65874904
64118690
61455650
60287411
65443158
67345637
67531690
59941943
59348221
59106233
63238449
62925391
65114344
65948138
64831407
60889316
64327000
64128946
62224037
60012326
63944171
59823387
67515189
64115857
65685356
66444728
68104202
61855831
65911453
63280826
64155267
67764068
66818835
63182057
66422856
58868504
64413965
65797376
66269033
60865519
63863103
64612331
58084904
58768353
63814823
64552212
61269602
62544769
58220822
60505992
63770696
61775628
60013518
62449313
64408361
63347641
65664015
68060858
62141775
63043513
67636460
65250482
66838336
63281686
66787035
61406632
61599714
61989074
57356804
61879592
67243069
66020821
70169174
63121062
68377928
66056361
65089232
64050476
63106777
61643315
66786395
63732228
65122215
56918169
65892362
61647157
66241558
67816935
66270191
66884363
66281237
66489459
61821969
63232567
66701440
68420776
59879251
61700434
62861826
64608005
64030163
62951536
58857789
66153350
61813336
62452936
65071086
63207793
57424455
63478426
65850368
60012084
63841105
65866378
69520814
57611671
62432987
69525123
64252766
64254422
60602598
68240700
63249295
58089679
62575060
63867546
65961647
58713586
62834698
63913161
60811421
69013422
63693655
64377552
61081307
63686965
64112465
65025004
69231646
66781627
66583280
66561631
60220821
62811277
65530068
63860238
60045730
61572050
57815034
64086345
68327660
60138215
67370869
59181923
60750073
62176022
64854154
64605705
61747926
68717063
61927350
66259647
66145906
65861913
64534450
62366689
65566707
67639093
59219609
70014087
62887612
62898318
62789681
64018940
63970545
59808311
68073652
65462412
60611070
62442660
65318117
63657875
62310040
60995604
60102445
61962409
61177601
67569396
63053572
65247100
69486902
64315370
61992216
62814576
64455056
62652712
59676795
57802171
59348721
60481139
59643222
67304138
63216125
67410710
61632609
59392453
64920795
61385110
65628809
60537279
61363557
63879141
66449182
66617190
62955166
63639875
61132750
66244706
68262294
67024862
65312200
62083948
65369462
66941226
59186520
66658445
61432022
65363619
66967648
65833936
61799062
69040693
62022615
60575098
65485742
65551038
68250483
61988917
61272047
61279713
61185324
64186109
68357536
60542252
62109975
57840771
63446482
62933075
60846775
60370558
61532639
61037071
66793741
63839261
63998744
69715719
64682505
68842476
66424867
62102857
69285064
65336601
64668687
66257571
67496602
64329436
64167194
62220613
64401055
62766618
63862375
64581406
65507791
65940538
62181866
57897711
62026476
64242492
62976450
67576513
65002137
59392058
60739830
65081551
61578788
58010110
63169215
63207205
67961986
66281718
66871910
64554184
59556217
63581930
64629451
61775846
67089542
62396833
65882802
69090052
64506410
64768367
62712928
63521213
60286490
66515343
68911048
61170935
62484678
68424958
65399333
65503751
67442752
67215818
65120907
67351487
61436127
61634118
64873529
64568298
60667731
64679492
60771159
60082335
66146033
62479278
57968344
64974628
64565872
57172129
63479007
63199111
66195440
69955150
65004516
65453177
64776959
65163965
64062804
62517160
64748435
61962775
58865378
61035357
65286964
63582604
58005488
58853635
66541662
59744467
62498135
59125554
62710757
63581609
63550397
61579322
62806482
64649277
64875403
63218424
60280783
62150853
67188391
67558388
66339437
58138941
64381285
69093489
65533919
58112680
64098235
61626400
63071652
65055060
64952437
64899316
63805493
60902691
64589655
60319721
63340648
65082927
65310672
64066169
60547247
67352682
61101732
61654793
67202666
61641732
68471315
63119940
60649719
65612314
65928773
62627893
58770905
62294774
62294531
61966230
62425782
62963968
59210310
64486506
65405739
68407358
65405721
60494030
65358965
64322327
63450522
64596227
63782215
62720564
63098895
63251313
68578579
65349337
61546197
66800612
68465298
68704721
62909369
64124961
62333986
57573565
62570090
61751371
64915851
61234444
62170362
59988547
67267084
63702250
61989697
65962399
60941966
64870722
63150094
61246256
67222277
64161682
66406667
66659079
64021117
58580076
68618743
64514947
67429062
65052644
65771958
63798430
66903827
61993387
67915612
66326743
65365642
65638459
64494457
67928235
64326611
70543026
65792297
69169956
57551579
58356049
63771389
68254327
58053618
67620722
63945990
61179509
68309621
62389847
65115965
64642272
66543483
62147052
59149543
59206964
62833312
60211146
60204003
64944727
61628696
59877881
65588411
61573624
64386718
63071924
63975639
68178604
63247872
64683081
63581144
64559749
60800720
63859114
63402972
66984583
64541711
59726028
60882710
65701644
64562329
58666829
62255854
58613497
58879883
65371405
67322029
66837611
65286036
62763046
66116580
62173036
63438936
59170418
60909579
59570168
59131103
69324237
60816788
64765490
58850336
64704298
58202597
66748310
67079635
61159961
67169386
58808343
61969711
68041490
65065257
64412763
61838287
64183750
62697029
60813419
64388449
65323406
57749113
68958498
62171424
61807244
60530142
61850898
62458877
66259469
64441012
66865123
59277259
62734152
66798039
62936433
58748836
65344338
58197019
63913215
64143908
60976815
66235439
65320388
65192468
67823100
59599496
59290251
60323247
62363281
64881068
59834483
57079321
66991872
59187531
61448255
65083900
67457613
64401224
61362952
67101840
58250053
65059956
64727593
61556981
65222636
58236871
62930343
57087109
66158267
60184580
63638307
64013392
66174721
62479667
59854574
63175989
62964968
63230741
57491495
61775438
64398095
61974891
62853950
63305826
62867103
63483002
61225034
62109151
61163312
64240588
69181666
67191095
67776426
62522460
60338597
63139217
67128764
60436838
66665091
63782830
62920313
64259224
64311181
60754600
57523536
63375559
62247327
67734773
67851903
57561723
60047260
62624770
58477092
61850098
64642607
62875814
63839394
64805730
62293631
65835062
63095581
64808787
66426875
67028719
59910360
67245629
65285306
63354720
60622609
68449437
64050743
61987219
60318219
61462789
59900892
61580070
68786483
62871237
68940528
66243700
61224980
60836316
58994104
69383218
61421078
60536134
60658419
64800920
69020087
57730643
65968162
61293590
64326155
68499762
62730594
66411732
68836410
61273712
67639571
66403089
67803005
57689421
63237109
63770858
64644949
65395872
66532914
68947273
69108383
65500248
64180070
62835001
61968821
68437812
66977716
68000859
65948272
63903563
65811644
65297480
67471999
58966563
60131447
65376129
67763013
64463009
65000763
64373183
61915738
65538628
63557353
64341466
61406169
61585623
61473412
67127766
59190932
63709644
65127761
62039569
62226170
64850258
59347764
59941419
67842404
60824087
66418616
63569078
63986841
61982934
59028694
57538087
62990221
63667948
63513805
66577204
64311373
66199260
63083302
64415537
67587638
62950228
65501998
68520777
67959770
66917162
60769382
63318517
65476838
67521628
60132815
68848862
64919938
67905589
64740096
66373116
63082160
66238381
62646974
68780481
62595931
65764472
66509354
59205340
68444783
61607122
64794252
69089734
63038388
66210877
68072915
62305609
62704326
63417985
62596601
62216487
66105938
64530059
65467953
60204245
61045583
58064845
61936974
58571486
58835586
60947506
62697958
62898531
65868193
64851216
67223746
69247773
57146514
64384872
59529517
64313396
65857528
64149030
59885812
68736147
66130050
64870191
60992339
61472543
61884963
59016044
67856694
68679154
60546081
61385635
65394714
65459831
65037071
59669189
60848504
63277168
66351696
61542896
65762741
61725065
66427799
59895553
59543854
62343778
66546445
66615524
63192826
67102414
62385545
63800837
67988619
61473338
66903559
67774199
59298296
63319327
65622654
60794394
61872537
66231839
57677946
68540177
62567938
68725281
61338385
64001518
70077131
65776591
67852685
68645164
64931920
64813263
68367290
59189964
63436439
62289947
59642434
63372364
62410542
62383881
65159481
59494535
62276549
62960466
59493908
62844797
65366883
59494035
65793937
59949496
63481653
65722693
63422588
59877561
59935976
64370049
58112074
65008877
61280188
63274508
58541482
61546464
65224029
68445167
59877225
58017143
68724681
67968729
66101002
61352718
64028117
63332809
64109092
58379827
60454209
60734336
67980904
65201947
60561901
64646976
61762357
59903506
64028874
63811092
64155954
64282162
64161907
65441054
64463871
61323228
65077210
61811418
63512874
61122313
68757388
61456977
58402325
64150608
64876999
61859463
63889684
64927473
62404063
61409904
62493351
61743389
63949944
63865105
66429586
63333726
59376723
58004515
63551103
64084792
64880152
62297385
66303784
64366808
64351152
62918212
63609960
66475059
68351719
64558947
67396213
64632252
57705632
59750741
60424312
65181073
59750443
62768292
60288885
61257006
62852761
66405315
62070860
61464072
60101514
64118070
59655955
67871816
66763365
67941085
66106929
63455185
66210284
58447553
58435043
62518069
61995825
64657065
64102905
64551409
63337204
68575911
65341651
65606864
61228343
65583517
65558414
63863769
63492247
58985821
68889019
64980676
63796643
62086383
64363737
61729194
63774743
65601478
63389189
62170927
61223439
62570317
62933335
60627881
66635176
64352866
65692186
64611187
62445082
59411604
64015280
63606276
61591368
61311604
58704698
63374819
63773191
63482975
59481983
65494454
65004733
70067154
59151593
59123171
66470366
63624567
63861032
62656294
66076066
60046425
64764296
62472765
61274950
65835741
60706350
59274147
60814164
68038259
64497600
57811469
61689051
61752974
59044432
62984057
63126007
64423028
57640030
67108232
65046035
62374463
60207886
62005959
61644331
65421717
66926770
57637781
64277136
66356331
57220705
59565348
61552260
63209061
59369552
60105557
62964413
69869199
66933168
67605310
63640445
59656487
65525257
68181515
64713953
59964503
62025294
59571332
65043936
62801280
64484048
67052634
59938678
62215290
68297949
57793321
67759880
63445052
66622249
60003252
65749631
66203960
57964507
69189440
60250705
60303578
63819096
69067802
61376838
63612575
58776901
61130645
65183950
64820739
63192968
65759438
61728606
60040136
61653870
62823909
64918548
66376067
65764744
59355604
62552508
60931920
62908523
65146296
62054075
63960814
62231882
59128244
62405741
61381485
65341340
64567009
60890933
65666378
65393823
67567229
62632603
61293144
62525211
63783564
62325775
65197327
63126243
62885503
63300929
68439293
63992856
64869004
63522458
63108366
62872025
61931667
58432272
67624222
65175133
66795291
64581296
65795557
64279682
61818236
65637955
57329632
67253802
62966649
68252129
67983146
62502459
66276589
66978483
65520783
65023622
69302031
65003595
57040867
59291926
65583630
61743884
62478559
60953386
66981708
63756194
59791630
63528694
64165782
61218238
63489046
63188757
64077221
66635071
60104921
62051658
65965800
63075645
63985735
61426982
60340487
60258270
60581469
69809911
60823851
61891491
67652239
62349430
61062058
61894431
58846093
69234381
69035046
60497130
62687832
63678330
65335361
59075290
64692564
66172027
60555825
61599195
64189402
65199045
67835590
64147238
61099631
68265067
60561072
64975833
67922463
65173356
64772273
70249353
61873213
64494702
69078913
60744584
65916972
62688625
61886416
63783437
60461604
64043171
65690191
59258985
59941698
60617043
60785001
62831269
67849494
63436618
60361712
64460389
62767284
63653052
66573475
64635950
62230989
69179596
65174465
62364345
64544427
61480324
65373488
61063226
64490735
66031510
65907892
64977497
65580018
67798224
64887725
61927537
62704356
59753826
64913865
64067636
68410652
63895633
66321567
65391237
64094650
66263502
57849275
65608233
63387502
63076911
63824140
66568826
63181557
64716548
68576184
63086466
69864941
66969668
63752308
59623984
63984471
65090942
61323401
64011820
61287668
63644807
63901288
63073702
63777710
65856406
59049759
60536631
63574418
62978139
67800164
58885216
66105208
60838367
61268452
62055595
65910342
65733408
63671960
64517201
66207544
65145837
60817796
58697447
64396541
67639015
63176284
62768818
61757988
58711380
60431515
64745585
67088995
63284385
63437270
62231194
62799729
66499138
61757253
63633278
64607339
60807631
64843608
66467758
61817438
62843860
62536614
59169692
62803567
62759824
59401780
64534702
62965707
69332737
63411407
62972893
64662464
62244314
70276977
59048184
63242684
64307825
64203630
59154718
67252424
58096469
58568377
66206313
63467440
61357262
63292156
62375573
64469388
63594540
68935132
57217839
65680303
57626023
60551392
59247301
62854039
61048993
58364533
63899007
62613728
62701147
61468617
63217226
62325494
57635655
64337815
67164526
69345210
64439432
61202452
61079558
66115403
62221018
65271653
60325642
65234962
64701785
64592861
63535878
63796586
63843121
65940389
65854724
62917553
62687808
60400002
65816959
61742783
66105088
64804684
65160475
62306818
59914796
63655717
69723119
66610087
64417760
69582971
67476515
68482410
66834257
60483050
63697858
64136374
60663391
68656877
68649880
67386319
66335401
63283854
61978782
65087306
66427626
58073193
64295625
69736100
67191033
62614064
64498368
61162703
65959325
60663688
58221919
64493474
65915203
64183025
62532963
59891096
58268073
61934251
64585618
64015828
62005746
61696982
69724154
61516972
69523899
61194655
59434717
65266351
64711932
57998828
63806748
60264344
61686574
65179006
62771316
64333817
61939804
61493713
59857138
67087657
68425626
65951950
58954791
61433469
60774592
62721992
62176705
67939488
64882841
62202738
64197974
64943422
62712096
60509461
61526405
62044023
66560321
65935385
62456667
66631752
60403502
66124234
67317943
63541339
67470200
59021596
61329144
65659420
60416917
66859066
62172288
61630303
61258158
60217968
68288543
62959703
64617672
61012776
63397612
62877277
62351323
68093268
69429975
63175522
63492391
69091410
63412292
67136477
66651476
58512096
64579684
63527922
66347187
64728144
69204503
63249455
63775574
60206111
61517763
63126383
67368874
67249411
65752368
64293780
63930984
63303626
60588111
57655780
62729483
61462399
64874504
63385978
63206571
61421743
65424939
62305209
65363946
68161240
65108694
67326541
58157250
65536974
61591796
65497091
60795353
66378630
65413674
64902200
62376588
66915255
65325330
58669748
59340102
68452582
63187311
60897199
62806861
65996142
60580884
64976745
68429199
61919963
61505268
62739350
63763663
68434656
64211257
59792635
62599278
63315114
64885897
61895890
61527280
65942126
69356511
62713382
67784518
65077860
64650238
63178340
64638602
57118669
65076342
63223117
62339822
60780534
57338661
61001740
63426419
66459521
69040415
58018245
60015071
65351290
66347086
59691394
64839992
62709594
68778238
66552036
66712373
66921575
59649164
60025724
64280695
63307542
66553231
57424182
61580413
58691619
58365278
63759299
70140612
65392459
64868416
64575363
64366932
68586603
66569404
63128483
62031473
61440113
65319031
62847792
61394515
61326174
64076303
66552959
60565966
68266071
64685845
65335378
62273411
64735941
64200938
66010323
65701924
63198885
61550298
65965529
60916222
64568116
58330162
60636837
59704256
62975579
64573197
60821713
64607136
57928004
60287428
68072724
65022154
63396315
60548381
63216222
63173290
66524412
68259953
65287331
61289475
62885518
68304984
62108511
64293875
63597337
62296948
62964634
57098203
63762882
63122843
67469543
57641677
67723601
58205976
63242666
64075600
67469128
67733245
63666944
64732301
66776740
68257531
63283735
59027097
59573140
67744227
61224803
65167214
65164791
64483520
60896880
64587354
60232695
64067743
59418287
57448497
65334929
63996213
65938228
65188864
64423618
63423141
64817256
60548457
63045841
61994981
69129293
62826325
64318032
59862083
62122392
64511361
63997140
67545047
64356226
59355974
66794364
67591230
66434556
65300976
61672865
65337104
58933563
61644024
68008182
63959684
68177320
64756271
60670112
59624981
60514997
62438761
63069501
57358875
59110918
63179766
65155902
60792636
66745962
65212920
67182767
59908479
63952629
61179947
65511980
65933381
66423160
60957230
63606386
61962649
59862091
65772088
68166732
68155560
62131739
69854451
62968184
62677328
66604052
65343935
60487515
64921139
68817087
63725338
59908846
67592471
65263902
65535737
63256296
63981571
62502849
57556808
57715869
61888123
66620149
60760426
60386194
66756205
59975973
63670817
63060317
62934092
61826103
63202319
64848226
67662444
66113643
66857837
63148188
67073528
65082696
63200042
66946827
64093495
58570194
58158273
59424547
60851243
64469647
62334671
60585874
63501440
59954069
67431278
63435498
67874891
64889648
61160474
64333977
65417416
67200650
65381027
63907563
62944793
61481820
65039912
58390061
67452073
67951739
57631219
66815901
64693604
61940766
60035990
61633647
59304823
59895745
64320764
65866754
63902636
67179243
66303023
65968637
62774961
62971517
58519319
60353209
67054254
58568008
63074224
59414875
61435723
59587963
64558637
66921002
66930932
59660824
62418029
64829930
70045807
57352918
67103705
64130722
62547754
61236677
63544797
57534833
59933701
63407644
58499227
66545397
64956854
62838003
67176754
64455492
69439899
68270934
66540651
61048587
57489036
65011048
62581410
61849247
64615309
70229964
68104335
62206401
66384693
63719293
65167527
65407465
62327946
62730699
66298069
62890111
58508719
68950384
62655110
66882138
66914445
60236503
65648055
66921801
62363681
62215329
60859704
63532104
61582668
67295863
62981127
62920832
65376704
63367644
65238999
63699151
57933996
65789570
61813234
61268134
61925743
58525018
64570705
66738343
62213171
64754882
58223111
65791641
66959056
61716120
64797813
67365672
63170248
60556035
62616036
58257668
61513749
65478718
64640714
60756981
62037241
65717243
61596749
63068457
62737556
57981024
62415387
60513905
61009823
59564048
61444746
63169952
67736760
69033030
63382148
60921962
63009777
59789087
67719039
58780462
59040786
59403098
63809611
62249997
59971722
64463120
67666498
66237092
65494940
65369748
64307830
58400038
58469983
59916995
62312795
61394270
60237907
59567861
62312292
61234463
58416143
65862700
65734177
68095279
65897918
64919668
61754437
58840902
68700814
67743550
70004079
62507373
61174158
65427359
65751149
64715114
68348996
63875516
66733600
64689590
64196067
66099918
67107857
65096972
60074087
59549463
65065473
61578166
64854521
64515112
69694932
62335652
66752590
63068742
67139733
67710603
63645601
59958573
57890948
65272349
63743976
60497232
58502690
60225230
63392802
64805228
65153949
61267292
61780315
63956034
65470117
61790626
61078451
60014638
61989932
63390869
62399164
57687198
62173996
65684362
59141025
62532116
61391849
65427863
64554613
61413809
63449153
62960599
67118027
64163097
64914409
64222734
63839209
61836436
59344926
62512945
60158288
63397157
67417679
60943694
60874755
65268947
64333455
67575971
65098020
66705526
60516637
68123159
67009415
65416060
61265827
62725052
67723261
61402071
64765573
61416788
62577288
62414414
66014123
60641832
61787451
67788373
65176847
62321225
58681935
61435179
66792256
59730815
58437595
67703346
64481720
65524752
64357456
63255659
65189131
67046590
59609162
62697901
67139630
56758654
68463763
64187819
57425068
67751668
57236627
62936079
57552574
65870443
67639477
66455157
62170366
66721087
60341622
66236123
66042030
61972031
57635682
64747080
63257999
68258895
65246993
59500282
67920283
62559812
60371277
65024393
61495790
65826555
64065296
60549899
64203313
61891319
61864334
64495074
67954212
59632252
60180493
66290593
60914335
66256036
62735118
65994377
68109702
63321529
65676532
59119838
57838886
66023577
61630032
64022336
64774834
59226158
61049649
60055502
60614107
61315858
59432893
64737651
61093971
64580855
62529695
64000985
63382780
62135976
67316652
59990534
63274133
68927955
61093992
65066150
65203274
64149222
62219395
67427610
63969998
61020501
69193039
65875135
62569251
63896559
67681035
67031485
58517117
65497242
60702552
66501660
65770124
63329647
66607251
58584984
67304625
62355326
62952806
68049227
67030414
60275678
57316494
64127262
60938214
60041974
58126870
64330896
58743619
67041253
68313937
66409780
62474722
62963130
65244946
63672486
63242215
58097365
63263086
60767055
65580515
62091159
61173055
64136348
62282106
66388586
63291910
64645302
59289871
63977339
69728176
64681726
63191329
59833851
66568966
64318717
62551568
65418355
63027983
63307155
66382237
60547570
62709672
65046111
69550359
64230157
65025346
67685481
65751628
62077839
58523157
60031883
61744917
62206151
66711720
69589895
63613507
58058142
64095685
65447455
62715429
61921461
60181680
65549520
68951432
63261746
65665344
57902546
59789352
66653719
60685217
60630119
63844811
58034053
68532238
61408900
64926854
62230677
61648919
59756960
61933399
67094606
66572961
66218362
65404769
64179875
66255797
61938251
63104256
67104692
59031576
62381651
68833860
65052947
65117504
62672717
58894174
64870790
66335824
62478438
58833147
60366687
60865902
65052744
60115515
57813428
64964323
61775553
62006045
61227122
64920750
64952132
62091105
59713458
61471898
65965187
60237337
65685782
66968311
67306501
63513184
61864902
62447294
67588957
59018585
60201673
68968885
63416309
63589773
68895782
63923476
59263155
62344538
65363781
64699109
58724470
67153094
60821903
69535967
67875035
63386614
67541086
64605771
63099862
65828240
66585012
59616044
63173832
63145267
61826607
64639930
61379713
68572519
62418588
68110888
65846231
61005029
65219909
63296018
61042709
62864011
68453461
67418561
64160947
61451089
58954759
68182347
58440046
61648882
61003538
60875208
59103920
64698787
68253383
68370202
63921741
68117649
61957428
60737163
63674717
60037239
61072240
60065859
63495853
59992590
59665970
59753826
60975085
66983471
62110025
60466780
63807256
59392566
64145606
62536650
62731913
61077440
60489349
62857366
63551757
61083953
60991899
58709928
64419160
63773344
66253153
62556072
58905588
63598240
60653228
59359220
61990804
66927930
67554602
59351173
59103582
61210716
59550258
61129116
58230929
64114151
60019865
64084612
66440498
65336160
68784035
63441043
63955998
66002840
58946181
67449044
63896674
67425936
66958810
63222946
63953894
67696342
60828205
63618070
64728624
68088603
60883215
68282699
67349133
65344911
58651563
63756360
65562806
65355150
67420774
58875413
60604263
62681538
63070573
62322816
68699561
61895100
62285712
60382008
63768626
65072393
62668115
63225887
63685812
62269473
62724853
64021138
63614546
63525384
68502275
60121524
61812831
64130271
68221883
64439613
65168149
62935178
65347560
68937281
68098181
59118771
61978350
63564535
62778730
56916329
61436345
68934727
64193938
60100238
60277683
62767073
62937759
57275617
65936941
64998268
69611946
58993374
63962135
65618035
63125914
63711578
66910366
59688180
59320296
65957142
63206419
64513026
63440647
67289726
58812565
63277431
64757197
63463525
61605966
65561306
63803747
65883856
61421378
64872570
66667242
63297672
62725555
61794995
67234588
65005929
59758585
67493219
63599140
67345371
59901626
63789294
62462249
60040109
65606151
63717223
66396017
60410015
65603216
68039577
66463051
64080572
58693710
63186984
64712576
63173195
63479478
66332989
63197243
62093385
62132385
58885735
65253514
62403597
63621825
63728615
62585880
61208240
65872353
63372076
66422275
61143927
63537849
67000871
64776646
66497595
66950295
62247500
62774083
60570086
62853464
63176496
59433571
68600080
61359096
63569738
64452281
61901153
63777540
64038683
66087469
61494544
63022746
63232835
65208348
65951266
62348881
68220397
65437942
58200961
59481109
62808435
64311068
68683876
68710721
65588904
69167872
62841226
67833827
69224868
63038001
69479718
63798106
64211045
57942442
59579009
62723106
65916282
62873448
69638303
59426174
65094379
63556532
65444322
61990977
59173611
59223777
63016668
64108589
61470669
63042198
60679470
60085222
66078033
65252262
66367298
61183136
65626668
69944647
62363246
59960048
63530493
63281069
61562847
60896751
66423101
63564112
63993577
59155069
67638453
58460513
65507449
65440836
63229395
59739131
60804360
62282086
68739793
67692064
58032765
64608300
63436203
57458897
58084970
64617289
61086481
61547853
58873349
67541607
61386472
61577073
65390356
64076666
65300597
59020750
63469437
60442367
60448385
67745763
65737367
61089276
62027350
64749564
60861205
60681357
68312894
64287920
64822901
61302447
57622256
66128837
68467894
63446511
64355227
60823064
66670339
62617337
56932909
65839475
59101849
62449321
61908897
63044492
61618043
60331363
67663509
64976798
63968239
66052742
61582696
60273981
65405607
68850364
63831528
64201666
61686852
63144774
67005837
63320135
62019201
58128031
65112339
62080698
63704212
62975961
69078624
61432413
61885512
60155541
60794668
70162133
59957338
64505353
64645000
57874691
57938492
67821122
60081163
65435377
66620101
66081282
62278152
66393071
65494375
58134942
62290976
63818543
65345800
69241120
61082564
64433175
64418966
61617984
65913428
61253138
64444603
61138151
67407255
64435691
60804221
63032047
64017916
64777266
66102120
62067159
61461332
63005043
61531206
65877739
64565600
63514164
66574752
66616646
66451097
62245186
60165577
59329956
64630233
65692808
63160708
63582669
63332578
66650562
64734089
59414169
66337191
59752980
59019357
65083800
60129557
63010970
61639569
65560584
61480627
62062548
62981766
67999657
63480373
61601633
66625918
58139028
65985380
65430718
59929021
64155484
66157619
58013499
59970024
64243878
62439717
67686617
63054985
67982743
65786700
63594868
62435874
62533898
59609391
65644846
63512057
64857465
61762708
64499175
60730924
64938039
59504252
65053673
68685913
67415263
60044934
62277282
61932996
61742409
63689977
63759813
66655436
62012047
66764063
64936516
58480271
66449711
60994714
58445478
63129501
64180433
66025546
64360970
63002679
63203764
60852436
62698269
63030121
64591766
60527716
63531878
58187177
65791787
65756232
64158136
65499919
62529159
66773099
65994223
60115143
57511664
61557948
64615582
67330746
63268476
63641433
64318238
65351908
64153567
63676990
64643515
69453833
65960996
62797723
65508889
69953757
61467818
62329800
69479257
60274616
62251287
67307989
68015621
65857761
66018666
68587245
68837607
65451674
63912731
62989692
64273981
60109484
64335202
61042820
58738272
61395360
64841816
64817717
61735401
61932343
63538351
60683815
64169878
65962416
62414304
65203964
67937774
62411506
65909714
61933475
66365297
67676102
60220913
69884710
67188711
60989118
60514967
62502786
58670799
64535933
62383249
61320452
58966106
62612936
65733290
61383493
62388164
64346777
62762458
63344905
63431320
63659404
64534896
62422763
60458142
65837401
58203179
59984904
60456050
61981485
66181941
62461795
62534017
68534228
63968491
60799091
64090375
62617291
62797459
66192324
58437583
63455685
63901422
57624472
66186380
67768276
61011169
61986856
63673115
58952214
65122400
62880593
66651117
63245838
58878794
61799214
58680083
64527105
68740480
68498795
62685921
67029428
63840308
64825074
58551829
65978562
63584560
66504723
64497948
57888117
60313106
62338253
62214826
62305314
61450012
64706434
66340841
65874024
69970994
65885126
62117516
65972934
57539647
64577563
63090987
65414868
66643690
60876008
63999121
58333041
59403333
68277264
63924315
67169211
66321176
61963942
60991543
66162740
65788717
66020765
62827812
64697429
61366970
65591382
62431334
62232736
68404282
63026003
64151689
61310074
67406249
57246176
65955777
67300914
66699368
58843291
65656307
59139142
67689305
67795028
61388650
69603534
61983002
59726312
58348816
63919415
61252597
60289539
62885307
61893386
60345752
66726935
69459290
63568808
64495944
64717557
64791971
62679449
62775460
67624738
62686964
65607876
69242914
61724420
63700710
62561430
68519238
59591220
67819577
67400457
66416659
63527861
58904531
65418505
64314749
65338383
63197555
65599080
62722961
66633513
67658658
57819666
62520958
64214425
60362702
58022602
64912883
68657896
66646460
57684896
67831721
62027942
65938407
68514731
58271138
62218545
58543718
66281252
66713304
65628689
60647826
61984783
64054185
67067544
64435933
69564200
63798152
61684129
63218708
66834650
62613394
62803622
62931928
67887950
61524255
65984219
63294692
59712444
64133340
64241516
63178968
66407205
66072629
58929321
65596797
62657584
67494889
66558130
63813841
63927450
62631037
57537986
63493381
60238166
63992776
63313129
60007624
61417317
68417545
63741119
64546691
64356411
65856957
61222983
68448988
62720085
61603693
70094787
63801331
61348413
68575665
61587362
69122039
62657912
59834056
60785400
65438187
65182265
64149782
62155290
67403156
66883988
62177510
60481562
61383072
58754356
59436765
65588058
59088603
62073134
63258746
68917055
60512003
65109155
60600781
59982132
59464434
63473403
68108228
62358494
62605965
65068524
61427128
64510611
67318070
59651203
67261003
68711692
61977503
58811700
61178761
63554523
61560821
63284623
59918013
64936916
66033330
59204239
58801053
65713567
67798120
65263306
68670388
63110494
61085802
59752167
67043014
61906516
62959893
62181478
62106439
60522012
59234993
64673095
63793545
63295997
65301390
62631097
68906055
67734897
64140676
62935023
69418855
65097604
68355944
68827908
65652598
66031755
66241722
57157163
64439995
67298231
59785125
64606598
64936407
60676168
60269740
59707900
63511847
60036464
64431770
60469871
64472762
59807163
68369925
65057457
62516652
65379985
62305302
61774224
64008868
64717428
66328711
62385587
62042249
60374422
63059005
59744070
62971144
63841118
63581564
67133113
64242830
57694791
65166369
59224950
63710449
69768836
67642316
62391592
67505212
62085024
62815007
65591481
64711560
63912821
61445209
58290151
64623608
57467662
66153535
63581428
63352343
66936618
65036628
64980040
63637269
61477454
69868163
65692176
66747617
65851450
63733185
68864272
67941272
63366755
59273898
65869657
63626618
62025041
62180600
65761755
67805356
66542832
60019259
65020969
67442822
63056534
58034103
61731084
63982326
67345760
66514920
60550560
64657343
67365148
66643037
69518216
63909942
61105430
64580167
62604360
59113898
59781522
64027030
67079786
65475266
63941857
62973837
63220994
64552545
64305427
63119346
67153507
68361267
64768841
58529922
60785632
62208321
59047623
65579317
60398634
64195537
66921299
65103235
64691895
62366589
67076862
62423090
65854847
62861167
63059969
62531490
62949082
65731738
69068807
64791766
61773193
62498612
61363154
62422514
60178457
67802534
64643186
61652727
67382807
65376669
65159822
64777600
61273819
63775497
61085559
64755026
65484740
64739730
67342650
60926203
65318834
63478937
69670831
62775923
64278205
60157275
63187999
62710932
66950194
60056644
61257527
66048330
62043113
63443319
68710847
62262679
64873841
64512962
58647958
66095719
69424178
61154247
64338874
67894925
61826691
61484696
59629887
61489180
66262163
64272606
68671577
61397624
60802130
62492597
59608951
60445866
64564045
61194152
64668585
59143756
61644242
68037149
63627080
59830318
66379917
58716481
69042207
65801263
66105090
59144439
64623121
63149748
66433448
63701580
65732202
69667473
66927144
67981985
65636665
59434119
61563432
62172421
61342294
64897656
63534252
62888128
62845944
60599852
63972224
61058781
67673960
58428900
66491897
61076185
67778688
58306856
67405955
61374970
69012822
65241629
60147465
60463193
58922120
64295860
62211543
65286661
61250905
62128464
61706194
62963059
68793565
60681283
68658504
69176472
62237555
64056013
64139952
63152446
63823356
63331982
64562218
63489503
59987198
57906208
63228015
66855142
66675998
61591624
63844571
58831262
69274409
62499851
63735690
62058630
60565921
63888495
65771098
63263586
62896731
57863577
63510810
62196766
59883135
66766256
63231627
64268796
63532583
64549470
61147505
64893666
65815587
66507004
66122815
68571119
57339323
65627489
66363150
60128130
70154892
62430157
63586224
64921471
63306842
64834328
63049154
61928438
60348247
68029956
62180838
63538177
67564600
61666677
57372764
64300376
64422447
64304153
59425242
60295364
61204520
63009191
61301896
61685500
64503812
62266108
64230205
60745586
66522256
64191006
65072052
65859023
63435048
64205677
61076955
62871177
62533745
62854561
70541777
65833350
59122955
63807387
64066894
63349641
66258913
58541265
62843172
62980215
66004965
61402127
62312206
62658653
61492764
59763993
66352282
64796697
65114569
64763741
60610084
61585308
64586635
66000627
65774035
62624488
60472534
61927507
58829086
64615129
61613436
64987782
59770123
61279021
65905354
59985275
63849704
62926146
64097168
66706969
59552145
68514054
65101887
58088027
65286530
67502396
59374131
65936799
62400447
59258674
64490240
67816910
65897521
67575101
61109243
66842244
57969215
68950508
65037967
61582214
66243240
63398672
64985192
64752328
65588049
67476968
65683262
63650297
66803136
64847303
64237164
62563147
68230246
64047133
61262096
68840417
63080486
58234453
65238033
62368893
61075128
67787184
62671014
58924501
61572525
66952120
66478976
61823609
60664090
67579212
61920405
58421931
66329719
64287258
62872178
63626903
66888579
66626753
69855519
64878300
68818567
59190447
64195749
65701674
67873171
65611154
61453829
66611102
66196155
64471390
62520869
60037433
65108262
63170683
59333537
63993471
63741103
63573999
63960816
63088817
63962930
63369923
62861141
67589138
62649516
62870144
62999068
65726519
64333216
62978374
62502657
61233997
57876346
58135086
66321506
68067843
61687069
64520577
61683827
59645523
65730176
58992573
60727316
67638983
65142115
58787128
63742084
67161044
61369221
62928187
63124732
64528423
65576365
60403060
62769160
64942864
58386534
64094137
61585112
66100766
69644151
66818491
61930103
61542969
64767873
62510479
65697001
61713221
67489158
65264153
65902096
68207041
65424520
67230787
62311645
69420258
64554142
63086132
62565044
65292160
68922355
68986364
62025737
65185147
63921302
59265124
63446604
65164917
62940525
64173098
60173681
60015914
66377182
60325868
62516593
61351108
69500178
66266403
63211646
61235399
67520471
58131512
65666967
65689486
61648003
66536529
61093605
67612252
64602778
66133382
64117119
68977359
65512668
64811772
65108916
65279183
63098807
61404336
62915796
62322641
63300942
58538993
59425416
59354169
69069380
59853294
64480213
66715153
66031910
60948868
60977779
60227950
63685113
66550317
65190150
69948431
61874890
66324040
58824177
59497149
65036483
62667928
57409240
64604365
64655077
65420401
61877511
64967149
61299471
63992823
67167315
57901624
60237099
63291161
68479231
66449468
66898577
63307462
63042925
62556793
60305352
63879974
59347917
63919561
64018700
62703805
64537846
66654498
66768453
64789774
63557374
62642434
65980947
62783506
62094562
58967254
65174236
68607642
64610596
64345627
60530026
67553565
62799274
67553130
67060918
59027588
65514292
62075476
63746469
64658166
67115564
64294907
69559887
61491172
65057335
60255274
69918960
59797710
62354756
66133588
64375734
61384701
66564552
63702747
65652343
60199721
57478238
61541287
64791660
65104038
59129887
66761671
65331780
59984814
62853301
61522477
58889012
68102711
61302220
69578953
59808363
63468717
67030470
64733954
58252834
62760135
58801229
62708059
63364279
66220317
65461612
57524602
68276834
59762948
60177407
65143530
58128470
60138225
69448779
57099060
62803005
64517589
63498012
68160393
62038870
56711084
62956195
57483660
66402787
58896327
58953163
62077103
66246726
68492746
68108093
65155475
65186940
57489501
63750856
65635641
59891299
66094889
66168946
66231956
63306550
62558893
65443787
65342399
67186856
63381506
62070493
62321975
65366923
64844060
64104949
59452381
61071403
67451429
64781440
66011991
63294991
63683124
62860168
64411759
62530464
66487172
65699716
63310921
62837051
66638949
60667129
62319594
62764423
61275396
61450926
66090472
62575005
68942765
63255897
59189882
63897448
58895491
62975375
60215794
57979330
58556806
66230408
58688482
62361431
66082574
66444117
65303827
65556858
60457845
57516646
60310804
63712942
60587353
68438513
66553627
64170435
62946697
61489100
69410336
63546120
67048446
69921698
62223359
69370048
69282698
60428684
65123488
63836425
61814811
63898512
59236850
60262132
69089786
65763028
61692101
65836468
61193319
59435949
62013962
65112066
63177388
60667391
68158457
65733064
67212267
66523607
62927075
67637746
61036788
64055839
65055254
59939816
64675098
65385331
69800844
64785958
66911073
63116821
59934409
60919241
63468526
64045693
67646546
61206487
60451671
67522218
63498807
61543831
68456040
64676287
60580592
59634600
67355081
69063192
61834742
64367067
66493398
63195703
63720490
65211590
59380269
62734236
67865355
64996510
66681292
64922849
59434596
61904443
66176912
68898182
69502063
65337967
64356050
59163016
59207828
67228716
66705570
65954943
66520239
63431641
60210078
64595604
64475976
59918491
60141818
63363881
66251623
59423678
60231407
61711163
64511736
67713657
64399989
64031455
64565112
63526247
65126524
62893753
61230332
61345506
62265207
63256849
59883192
60275435
67807652
60940907
61104620
63897365
66263322
68390180
59677347
68252149
57882257
64539957
58771211
62878978
67062465
62357327
56867402
59402822
61840015
60849511
63851166
64896301
62332249
59851794
66275984
67295542
58579664
65356063
64891863
58210435
62807207
67201950
69275062
58586440
60851320
66420730
60357235
62086999
64135184
63366371
69562612
62488628
68934298
67569673
60915590
61255946
61131871
65447168
60610586
62177248
63141061
62549724
64694507
64297715
63921603
62936506
62540997
67561775
63535523
64358240
66804023
68834772
67064518
67658498
64466968
62124013
58790017
61465096
61622251
61269041
64313586
63532370
58421766
66039334
65009245
61810478
63514375
62238220
61117230
62670712
58872570
60881383
60449213
65380608
61962763
62626942
64235489
62351189
60006568
63860950
64808363
62488865
58759413
63197732
67534802
64086403
68226034
59364290
61551846
59963126
67115891
64469639
64179332
63611894
66516408
65376886
62891110
68797237
67580909
62918932
61041854
57114766
66228047
61608784
66109561
63670606
61791905
64171963
65882560
60246292
65548586
65881533
64848118
60623393
63103162
62988483
61182333
59705491
58893290
65972322
65002885
60684699
62233078
63039062
62167671
61328484
68336575
61079459
68541602
62788201
60269488
64446977
57814641
64491488
67758159
65254991
59802981
66634496
62346383
64392845
60398080
66638391
65142403
58948642
63222479
63566063
61146908
58035084
64192932
62213902
57316402
69639591
63956336
61694019
62524953
63517553
66055692
62157192
68426484
58211854
58966237
59650845
65662890
68040262
66049162
66045931
66676935
63038667
69115617
66100184
68032280
66536543
67525534
66824634
59309818
62296520
58188814
62109748
63330325
64262011
59550473
62379609
62986795
61173574
59799118
67803277
61660209
61491920
62777010
59471095
63597775
59891752
64849036
64870231
67039770
62017753
65348075
63872624
60246294
67480026
63739955
67074457
62767593
62872468
62490587
65431689
61052953
63858524
63710126
58350986
66474279
69021905
63867859
62217481
62343706
65355916
61149022
64218512
69061475
61541455
64196761
58405372
62237775
59989573
65422623
59576700
64183989
62554718
62649450
68445454
66612059
64992880
65544062
59786836
62099587
64404366
65554107
68291142
58400574
59997318
68248765
65837137
59329793
59515119
66763921
60650465
66807263
64913082
63405688
62905723
61468320
58675030
69893510
63691540
61095688
61272803
66341333
68258326
59595839
64076164
63135579
60978529
61826475
61767225
61947622
61395365
64021015
65749909
60015694
59168908
62180029
63746726
61576811
63338330
66012708
59236396
63512750
61026344
61905581
65293631
58044967
61127381
61511595
66528610
64184279
58824919
62546441
62766286
64645790
64428374
59587076
61859762
60326882
68194039
65657576
62330359
69507699
65195266
62477200
62413803
66674164
57791520
62128690
62980582
68802461
66422374
64438042
67722564
68329817
63981514
59205242
57764165
67299464
62008356
64004501
65980060
62692692
64540302
68512016
60095390
62825146
68533492
62410917
66623204
68303535
63484107
64141587
67420915
63620996
63436777
66533215
67590758
61921767
67202594
66523097
62990489
66544522
68153937
63989006
62919482
66074625
59041360
66969906
61875616
64068332
65496066
62890896
59187207
63961677
63399766
64837095
64390704
59624199
64665086
62903843
65702010
60155926
67714664
62429096
64147555
61629383
60630013
64677506
57730424
57526064
63790832
62763200
64912886
60935702
60373264
59113572
58500495
63844751
64996959
65994035
57339976
59189968
69356877
58243708
66764244
58524274
64750053
60054250
67711922
63793918
63576717
67333028
66720627
58840160
63121557
69262157
63159816
66562274
62661499
60406063
58542584
64824213
63236812
61637098
64846170
63314970
64620260
64876933
63963285
62673666
65847052
59669247
64062285
60977887
65832670
63629626
64134774
61561424
59509308
60128660
61256900
62916540
66389614
61341943
63775929
59991947
66905214
60234541
67520104
60795758
69214486
67071063
61596043
58184743
60154411
59643097
57694468
63762751
64523802
68051615
66756672
63659016
67259128
62542406
65190114
66580325
61210784
63396373
65355482
61921845
63013929
63984763
62390479
68373943
62134502
64359614
64968057
63527522
59249895
64124112
58664441
67674599
61515197
62102901
65226497
61674514
59330123
59067613
69208284
61444878
59880649
63609112
65987786
58771487
66673995
62125433
62011672
65830373
65086205
60875571
66721018
60420602
65528206
65247795
63957551
67850784
63119028
60860868
60863122
66523501
61678181
60267469
65600634
62425737
59595345
57876814
59167349
65372391
62659119
58045872
61262730
66505362
65026786
64321949
63825340
64215039
62756681
63214809
60439074
61486239
68676603
64303504
62925051
58706719
62806445
62601136
60272174
62236629
61224911
65229998
67652652
62243433
57886783
59627126
67860037
64111644
65762683
65057032
66667569
60762556
61651371
62201230
59813164
67157282
64530552
60001611
63657514
64326673
66329507
66526254
66125075
63095047
58766123
63045501
66040385
64911038
63033791
60338893
65001730
68003243
64706051
67320502
62242434
68511078
64884608
64743442
67369552
65464915
61945999
69488433
60121037
69368454
57378141
60643073
59542926
66638553
62668442
63247475
65364793
60479312
60782710
67458464
62891093
63856480
67570381
62644131
66612814
67884422
64119231
66272213
61678967
69548593
63067538
68260549
68590000
63918030
61464228
61817796
60238347
63123360
62889807
64153516
57640283
66299784
61655179
69094416
60159414
64599575
63816532
66385284
63668330
62461171
66394072
61349779
58706958
59131351
61090727
62875198
65642011
63255401
62461012
58436388
57134842
61318016
59744008
61654952
64089734
66508904
67582284
64968232
64686537
60671179
60028175
62803727
60719141
63188554
63820357
63554042
66112960
66186822
67855136
64374214
59326039
60460701
63950934
62112225
62980006
63513307
60258681
66453459
63769695
63806448
67399283
61351494
65370293
66505895
61362184
64827749
63988679
64249171
61800250
63622297
59628347
61345063
61459753
59449165
67339541
63305861
64392370
57860899
63143446
63567508
59887501
64427382
61456482
68313799
59805434
62359610
66344795
62531595
63762950
69161429
62363700
65357566
65062897
63547850
65934684
63457122
69936062
63594922
64968716
63686802
57183014
65226381
58229674
60463619
65915316
63000304
67170316
60938272
64643607
62220447
62931110
64946732
63231489
62230845
68137516
57704627
67802650
61443328
58077016
66844388
59639924
57059036
64551390
60036094
66126910
62879178
63697678
62963980
67505006
62401638
66279490
68791059
60028549
63585594
58759003
62962650
63806292
62043884
65982212
58906118
66190060
63105360
66048957
63248750
66064164
64285025
63434419
61281901
61562699
65488270
58506723
66143393
65518811
61749043
67845902
61426722
66152775
62680179
63891938
64944929
65909661
64477638
66665873
58217078
65324415
62749454
61894033
67043307
64174797
66193868
65038564
63559474
67037300
64129381
63452327
63291027
66336065
63504404
67755739
62095039
63783395
66551492
67617001
68028063
66313121
69871969
61938287
58773206
62638394
65440117
66298421
65799464
67814532
68908077
60105837
62344702
64166116
67279978
64089773
59938813
64357633
62760123
64396283
64483166
63506301
65133790
63407359
67153633
60447564
64618251
65969646
66415545
63125269
61983152
63574788
65652119
59718082
59121075
66754226
60317093
63326418
64853939
65170213
61822182
64322325
66888531
61378769
61343639
61838592
65740146
59825344
64909844
64871558
60328423
62971097
64266008
61524036
68238894
61349586
64637368
62539162
63451791
60747085
66129739
67962047
64356227
67518905
65097426
65141144
62763323
62878434
62169830
60944667
60964951
66262927
67191187
68352572
60262781
70120989
64023234
58102248
66908984
62231086
61313399
65728656
63760748
64040196
67485027
66078886
61320737
67251766
66690170
59207882
63823726
65450615
59463024
63921869
60450624
63477190
65886050
64678229
64421583
