17365913
15582267
17506923
16712484
17071865
16248976
16123715
16411334
15285700
14939863
16245423
16191966
16861459
16345263
16924496
16043633
14970671
16888484
16250621
15367388
16049202
15676927
15639930
16841503
15921943
15289989
16385334
17545158
15588908
15779917
16004355
16820226
16085061
17707200
15123874
15366657
15402366
15623187
15158214
17223041
17749097
15267044
15818592
14627118
16157894
16284087
15439374
15694027
16049983
16925287
15595689
14571777
15871435
15843330
15489847
16585145
15944561
16098754
16435832
15311906
16211881
16740539
14498634
17406513
17576110
15979121
14424022
16642301
16096686
17178383
16820676
15868837
16768377
15675870
14689910
16866180
17066343
15502036
16326893
17338947
15514215
16635102
16542429
16521005
17352914
14953710
17278722
16068228
15712289
15743287
15080209
15719083
14790816
16830806
15728635
17466574
17423497
17559784
14916870
15344015
17193466
16728877
16255322
16778112
15708589
16126362
16837168
16557007
15371498
15015085
15699501
16159894
17161125
14926728
16181751
16287200
16070857
15890719
16185745
15835440
15353989
16772203
16041400
14595834
15160600
15849837
15721080
15501711
15920238
15692245
16101967
15757579
15421751
16323605
15970534
16245363
14582026
16922398
16063238
16262194
15758590
16514156
16776413
16602709
16620214
15462109
16678637
15429396
16007194
14901139
15394427
16081272
17028111
16337665
16357892
15245351
16550943
14814064
16944299
15132927
15252224
16791172
15855678
16355923
16394095
16303459
15537112
16952771
15736857
16739777
14925511
15691459
14866672
16845723
16886103
16760377
14860997
16170501
14913950
17083685
17669827
17515349
15350055
15067868
15674361
15848719
15575183
16536736
15617102
14988803
14956626
15886735
17058179
16142929
15871742
15055014
15597810
16991092
16386046
16767394
16065855
16030702
15959810
14728190
15353770
16761707
16515190
14462044
16449328
16528494
17393442
15864784
15452764
15922762
16315943
15440067
16041179
14720646
15975489
16930845
15285578
15709372
16498625
15405861
14472742
14838908
15129179
15483486
15726666
16370932
15384361
14916776
15603060
16617902
15436001
15158281
15379248
15665837
14667431
15486263
17564635
15621050
16075308
15770058
15885397
15359949
16516394
15994775
16093654
15305460
17548984
16908765
15474255
16499843
15815259
16120316
15302940
16543933
16761754
16020388
15774151
16921604
15600364
16850456
15470591
15561594
15897982
16117549
16758388
16097063
15722701
15844534
16630228
15866451
15706197
16098575
15349462
15789377
17720489
17245715
15167422
16254710
15350192
15595044
14826375
16350156
15532308
16214436
16452775
17396444
16210263
15889415
15545969
14953658
15707669
17257319
15605999
16103289
15601835
15854763
16129524
15750238
16587693
15274992
16904758
15836160
15480377
16255721
15854146
15475791
14979695
15772025
14952177
15681611
16718773
15400382
15764603
16099202
17697012
16569449
16331967
17177292
16093542
15732080
16788473
15430091
17261802
16822055
15461963
14388210
15965128
15664457
15544480
15079906
17528910
15663953
15184687
15273922
15685298
16246927
17280157
15541126
15786103
14749939
15471711
16629253
15968344
16873556
16329480
16936890
14568029
15419802
17016977
16030886
16120562
16276039
15573857
16286337
16827853
15816750
15992971
17104037
15448495
15113587
15463991
16691504
15695148
16756136
16421598
17162269
15538403
16231506
16083966
16506094
17163857
16069521
16044985
15585002
15375368
15150828
15146616
16904800
15719502
16729903
16251108
14605345
16727203
16273318
15339434
15892781
16321312
17686760
16635663
16019638
15698128
15584032
15480519
16204229
15338370
16270715
15438640
16062865
16127987
16226760
16218678
15908430
16005957
15807045
16400176
15569415
17311355
16669017
15857554
14960822
17452279
15988098
17396697
15309816
14711333
15106770
16898619
16219552
14535291
15339207
14621210
17370893
15439362
17523549
17197643
17062725
15954690
17121160
15925576
15305027
16258502
15384847
16083946
14741120
16529867
15735898
16554370
16134225
16878704
16552447
15722509
15670183
15516830
16140921
16786339
16977601
15048446
15672802
15906193
15738267
15050729
15235366
14690592
16018781
15241908
15770374
15134664
15357301
16208047
15081136
15906505
16673205
16433783
17029757
16201415
16478327
15142727
15416456
15176018
16794093
17015464
15357459
15507154
16424625
15491915
14948281
16209465
16146931
15651955
16988610
15840807
16963175
16774260
16770049
16145919
15650625
16632983
16106703
16691359
16286536
16421991
15144593
16070684
15413030
15894986
16045684
17412908
16470711
16966524
16122903
15518900
14720139
16220755
15867162
16414568
16453483
16656494
15256307
17219397
17018190
15591144
16110293
17067788
15758365
16420078
16754622
15851255
15548850
14821213
15455291
16117735
16851548
17345136
16243220
14765231
15536556
16472033
16383454
16532487
16074644
16657637
14826338
15295082
15229312
17005911
15319603
16297819
15335692
15833872
16269007
15828174
15566066
16595164
17689079
16134045
17029473
15578514
16218420
16747069
15704627
14440760
14953008
15064299
16461001
17165304
14563868
15247142
14723054
15256783
15272743
16219311
15625923
16373280
16422462
15145503
16491562
15999569
14908425
15501058
15351000
16777644
16708890
15514543
17323773
16189161
17150194
16153097
15648555
16121017
15654217
15630145
14623551
14552587
16107100
16309874
16714150
15725783
15939106
15749667
15388313
16118681
14647424
16081096
15577808
16620731
17164465
15677063
16913444
16199816
16933910
15675217
15872295
15898409
15852817
15502350
16447244
16062354
15847272
16245687
17315645
17350222
14684523
16781472
14964058
15582455
15811013
15757475
16873892
17012502
15206717
16457439
15057200
14867095
15861941
15274522
17212238
15247043
16647589
16200781
16124716
16611530
16124555
15747915
16064398
15767785
15906880
16973195
17182089
16199564
16704662
15525604
16471117
16663581
15703210
17326594
16643234
16832817
16296463
16364086
16418808
15891656
16356803
16202423
17117751
15021307
16891239
14747762
15755688
16092039
16860618
15849630
15508671
15274142
16372017
16187195
16692394
16000088
16001675
15740873
16026376
15733313
16217063
16874861
14544624
16794629
16394544
15678329
15814463
16976479
15979755
16952839
14874923
15942889
16828602
17089275
14900653
15737224
16714910
16807959
17149557
16287494
15468778
15286130
15189918
16834050
16508325
17091167
16739364
15493110
15725884
15919146
16671172
17046291
16163425
17031515
15791830
16531644
17173065
15389923
15926691
16964232
16510670
16381034
15835288
16576142
17348045
16129146
16158312
14933387
15774834
16438334
14981322
15232548
16299130
15987278
17313051
15200659
15324834
16645390
16832257
16038568
15935225
14773682
16077227
17325112
15337130
15878207
16786997
17033427
16279172
15718120
14674466
16180855
16301363
16209385
15629284
17078457
14578711
16348856
15628454
16614748
17132652
14868204
16643211
16115151
17213977
16862915
16535241
16403534
15649799
14686145
14994746
14600516
15419499
14456480
15274441
15594111
15574476
16362675
16016796
16984012
14716559
16329535
15126159
14767060
16277274
15634510
16421054
15920022
15085020
16513949
17035107
16667563
16992700
16404097
17361100
16185383
16585144
15611276
16286592
15606251
16665232
16157243
16147026
17274596
16060788
16467029
15086057
15794650
15977732
16671913
17027845
15502105
16103649
15422361
15679721
15743064
16566577
16364501
15840960
16012547
16582430
15119543
15284823
15495054
15011040
15397911
15358694
16745876
16376473
15110937
14916880
15804096
16341395
17354192
16476946
14761770
15097487
16068464
16625914
16975404
15589206
16324350
15800898
15026059
15749565
16597208
16301286
14934636
16142415
15627034
16159190
15446417
16234509
16865081
15749641
17148041
16502669
17209858
15773245
15634819
16906219
16328442
16242123
14498472
15362229
15979256
14681730
15243414
17474546
15539266
15932507
16926275
17084353
15476728
14705151
16821631
15678677
16039880
15463028
15656835
16731444
16518795
14932351
14805002
16199498
17322196
16605287
17234585
15323884
16332864
17258123
15669634
16146192
14983472
16770631
16428829
16035316
16454250
16154596
14517473
15708562
15334073
16870253
17295218
15406121
15835310
15799680
15790241
15369760
15404576
14843561
15121763
16158650
15423847
15007868
17055891
15776831
15802631
17584361
16261151
15183238
16188926
15150625
15941740
16766272
16014045
16722231
14940274
15403952
17327159
17186225
15108480
14868851
15184850
17314318
16256756
14829686
16948868
14942956
15767797
17588907
15363032
15619093
16587627
16420675
15285387
16549883
16601751
17386699
16885161
16619568
17464084
15946895
14605791
15743199
16177178
16700757
15596412
17127954
15830300
15822683
15550996
17168878
16693820
16012113
16700113
14535884
16020186
15788162
16667816
16138747
15829384
15816877
16013904
16716645
15627339
15172774
14656250
15096436
16868145
16318038
16040033
16058887
16096175
14793221
16094984
16289184
16479262
15387609
16603115
15862843
16425205
16232450
15000298
14547869
15915892
16099213
15511984
16008945
16480580
16504506
16086452
16112284
16788036
15304139
14760510
16483335
15508266
16314462
15557103
16337976
17138979
17055127
16565908
16305275
15776867
16122861
15602426
15468936
15129121
14986286
16250849
14714116
16158046
16100453
15421640
16010764
15870375
16398794
16064913
16180096
16473841
15584637
16297535
14971800
17521616
17112679
15405673
15959587
16618824
16431305
15964897
16198757
16432449
14975696
16058170
15105948
17096317
15823883
15521362
16205304
16889771
17127207
14895177
16846311
16761385
16782078
17148337
16135491
16608839
14971458
15576271
16660691
15655754
17241968
14906782
15497137
15881054
16538741
16370401
14991985
16257481
16085673
15462024
15614816
16173778
15531908
15223807
15114025
15877789
16259376
16389340
17671674
15510636
16414009
15726672
15974446
15953605
15874027
17771111
16007626
15772779
15037199
15973017
16402551
16146567
14758702
17480652
15462177
16367863
15031887
16170828
16245237
15740160
16953176
17108283
14748296
17234502
17279231
16852532
15219510
17103422
17666286
15476272
15517148
16466346
15992705
15928120
16511776
16042787
15349783
14900593
17071484
15687031
16119689
16552505
15936677
15574720
16607055
17301840
16604257
16605714
16515679
16158228
15642853
15832248
16384703
16336689
16672232
16213523
15186347
15682847
15836768
15591537
16307173
16070083
14741986
16047324
16306612
14962047
16576863
17224929
16194002
17160909
15979738
14787360
15405645
16938551
15831294
16540790
15596268
15888897
17180657
15190454
15138095
16454603
16663746
16007860
16036512
15622691
15734368
16640812
15606902
16305031
14505074
15608814
14719557
15460110
15760472
15619332
16035646
15948448
16376812
15012346
14784200
16964039
16003014
15973409
16210391
16392855
15736254
17056969
16225914
14987181
15810255
15956036
16110665
17594568
16907927
15606741
14437589
15941882
16334743
15349964
15497245
15904118
16749808
15104669
16133685
16098407
16978862
14845958
15886087
15180583
15487153
15578392
16863723
16854845
16733046
16142038
16931123
15902986
16544067
15747665
16708402
15339510
15139062
15687693
15264837
16642082
16976864
15528589
14788365
17429211
16407293
16202606
16033855
16232167
15488357
16354972
16054879
16222862
15893876
16667047
15932142
16488721
15678458
15849264
15714708
17196128
16515043
15288495
16106272
16025445
15971128
16298645
16523162
15740501
16371321
15839217
16322119
15970183
15330718
16201745
16156121
16159258
14829121
14876314
17267106
17464563
15494398
16855207
16479640
17480430
16436225
17510164
17359550
15746848
15923255
16844735
15874648
17288365
15837366
17403083
16046997
15722854
16170052
16218587
16908367
16262461
17322680
17229782
16298917
15560447
17174437
16622478
16083361
15515203
16339540
16885188
15876873
15188820
15602263
17403619
16157921
16057653
16721556
15273103
17312481
16452121
15579259
15875048
16365105
16356147
16681349
15461965
16436464
15477517
17464520
15630631
15762066
16564569
15577003
17008000
16123107
14441920
16165541
15870494
17241239
17309040
15186219
14943883
16065548
16541675
16204161
16453204
16409150
14962379
16183668
16119882
15305262
16383566
15754156
16200795
16521452
15123373
16734557
16425611
16813147
14797924
15031834
16604747
15834420
16815769
16497254
16543222
15120137
14815036
16033226
15630481
16254547
16997232
16023520
16029224
15484889
16703689
15513439
16450092
15953242
15970015
17431915
15510652
17125548
15834588
16818710
16057247
15936609
15618393
16271465
14586153
17119679
14449536
14873616
17393417
17210927
15912215
15282111
16159527
16497664
15583322
16537191
15484663
16347294
16198028
17309343
15958534
15992151
15592231
16483599
16263394
16708554
17177702
16014324
16737340
15514490
15942314
15434545
16013075
15573198
15243968
16766222
15269817
17127643
14994626
15721017
15752027
17014371
15056815
16838142
16550153
17250147
16204298
16682032
16255940
16515988
16136053
17078852
15939412
17240969
16742412
16077947
15206023
16555534
15877327
16525962
15483033
14386070
17497791
16475020
17130259
17680969
16493605
15585441
15909639
15892764
16173324
15105459
15947967
14867294
16736571
15725713
17241144
15946162
16169563
16058973
16361926
14943314
15403499
16041538
14829992
16409860
16236644
15411480
16753997
16148710
14813983
15068161
16565013
15881190
15150181
15080131
16312567
15638367
16288732
15816973
15892840
15434645
16613603
17540966
15624071
16092714
16738710
16531075
17004537
16570740
17236955
16218932
17591809
16078907
16505512
15178447
17090788
17784852
17350832
15653836
15721543
15518422
16595447
16879108
16226923
15537678
15731120
17457863
15547992
15209213
16229875
16148271
16169921
16466055
16914600
16390910
15104325
16796077
17537271
16340820
15521405
15760332
14865621
16295362
16365007
16719318
17108567
15821944
15996314
16709639
16581709
17266651
16271142
16947509
17205562
15977619
16334260
17611802
16299900
15217565
16643030
15470485
16619747
16362970
15117069
14793083
16041442
15595620
16913399
15821033
17567980
16647340
15680991
17107242
16437943
16314338
16857634
15975687
16709688
16404224
15434841
15985712
16930001
15594653
16953766
15978332
16571394
16335767
15785220
16035411
16889448
15604677
16149456
16159861
17343782
14758619
15523808
17205369
16156311
15801885
15911585
17197715
16076611
17645161
16377102
15204967
16781338
14686936
16012149
17248422
16217385
16143433
15947690
16011268
16864838
16805746
16118595
15021573
15775937
17073411
16194261
15014844
16385124
16000718
16700942
16547957
14963971
17615244
16771258
15812924
15826649
15752790
16187021
16517719
16607177
16851874
15006748
17129837
15418530
14682255
16147629
15012826
15758976
16090952
16823083
14775677
15574564
17294555
16731464
15702227
17024185
15271920
15900770
16316783
15166633
16532687
16269336
15969189
15681772
15370508
14799741
16084086
16177366
15835822
15494760
17307579
15883915
15534459
15302500
16989962
17417277
14641171
17239176
16222742
15208502
16074325
16849177
16043253
15732083
16349037
15046198
16239182
16943405
16905664
15677391
16650675
15119785
16899603
16136637
15516284
16815706
15344180
15404444
15496814
15693301
17022992
15135905
16318998
16011858
14763973
15162555
16490132
15629831
16341089
16197278
15525986
16245422
16506999
16682828
16562353
15615245
16170074
16314928
15225728
16575317
14948781
17041990
16084660
16806069
14742411
16740427
16466485
16344751
15215753
15625157
16934156
15934569
15557142
16206617
16726793
16279572
16203521
15830762
15790961
15754765
17677567
16094339
16093551
17343242
15558678
15998033
15711123
14539801
15500294
15944401
15396370
17073624
15489915
17086554
15572397
16431623
14589716
16860916
15194274
14736497
16340812
15851622
14968530
16179782
15638270
15835888
15567378
15833373
15321217
15975968
15769413
14633511
17438148
16109172
15112209
17171027
16792171
17313706
15450637
16103738
15340137
15292122
15884546
16242561
16499999
16096604
17038336
15824628
15501106
16610301
15087626
17171446
16421392
17564795
15280074
16820169
17053062
15900123
16501700
16596348
17043554
14632942
15345347
15595477
15754406
16812110
17063868
16305197
16402250
15832158
16428217
15437998
15995795
15383236
16120192
15280765
16028446
15883329
14672183
15437432
16650135
16385734
16966557
16582824
15316316
15927491
16427564
15720778
15639844
16306771
16949612
16744019
16351570
16046636
15989575
15916167
16342273
15042198
15735961
16561120
16125304
15437804
16625451
15140812
15683222
16480427
17009328
16416939
16858057
17351802
16403703
15687948
16954150
16255788
16328414
15781477
16696937
17492525
16700722
17044558
15759046
15356531
15586849
16211254
15421522
15947150
16447265
14930089
16463921
15442166
15481059
14750507
16751893
15688776
15547803
17201970
15087136
15670146
15692504
16352988
15290664
15435702
15076461
17049478
16921185
15043006
16707161
15142765
16237708
14662044
15457032
16238593
15163778
14978209
14727762
15168390
16411326
16449063
16580499
17212606
16527040
16839536
16707244
16008961
15382774
15502575
15964043
15007876
16073404
16439415
16385204
16428268
17208302
16660937
14650929
16540973
16910731
16332863
15596211
15400025
16718475
14732301
15637261
15947283
14590147
17378143
15353389
15068704
16217340
16041797
16800784
16289822
15571112
16133080
15931924
16397418
16822465
17659669
14579409
14621019
15382550
15080572
16401483
15459369
16988369
17168619
15863709
16181156
16185699
16429671
14879315
17044706
15953982
16412272
17007383
15731400
15441989
15846503
14924988
15135916
16275634
16005630
15641638
15073866
15722658
16067032
16060871
15053337
16027094
15054721
15818308
14665196
15289816
16030135
15268314
14889497
16422976
16088247
16085850
15905418
15219357
16053389
16335705
15732814
15935438
16693774
15474104
16747135
14447966
14833648
17099211
15973159
15888173
15781478
16364175
15803110
15534279
16566795
16212880
16791918
16194449
15831556
15989360
15448596
17543390
15416111
15515271
14618198
15691416
17061746
15763302
15354300
15704249
15920960
16241254
15890296
16179175
15989747
15241991
16436164
16545888
15214838
17209268
15289684
15117563
16346240
14866591
17017891
15276428
14998890
16138942
15197936
17395337
16503845
16142897
16033545
16637950
15391853
15812485
16105825
15769882
17117433
16117934
15624251
15859829
17177913
15515060
15052402
15149487
16833059
16075067
15287962
17084446
14816226
16475750
14773743
16633370
16091063
16638686
15499518
15494661
17020668
15966546
16708821
15430282
16738718
16512650
14875729
15895952
15604259
16773090
15143444
16794616
16006107
16160653
17559572
16397446
17452640
15145887
14908361
16563862
16376257
15536702
16128656
14989177
15074178
17701195
16333076
16335961
16077134
15780221
16387155
14833193
16692071
15572881
16363086
16630406
15303536
15516756
15495296
15364503
16052977
16251655
15885169
15415958
15397681
14682731
16333207
15969425
14559573
17275929
16533584
15734011
14421689
16892983
17238656
17009695
16445721
16308335
16066587
16017436
15538728
15786948
16992769
15430974
15804780
15782747
15627368
16119229
16043417
15089632
17383132
14999194
16285729
14570471
16940812
14646356
15134841
15003657
15761347
15127144
17746035
15727674
16204929
15722827
16927184
15692360
15841053
15244092
16301599
14568040
15515217
16806543
16659116
16034919
16313357
16320171
16203930
16958937
17663329
15736573
14809681
17544252
16330407
15116337
17457771
16857566
16295743
16686909
16852457
14825943
16643381
16340499
17457539
16143004
15207379
16554931
15655973
17409888
16058215
16298035
17144938
15147203
17267065
17582891
16855616
14463972
16636018
16116086
15491023
16506488
15214877
16426484
15970321
15703525
15162423
17533934
17191364
16958560
16005793
16827022
16083326
17060601
16305372
14944570
16125067
17585171
16919846
17112546
15120954
15629967
16239713
15998284
16981951
16858303
16802376
16208314
15717842
16076310
15255975
17557322
16500004
15627552
16396118
16232675
15882894
17131947
17687594
15985051
15321453
16843859
15425342
16008208
16103779
15696507
15935794
15063701
17807886
15746607
16639688
16455844
15660894
15860017
16113906
16877985
16692589
16316603
14910277
15924994
15029331
16717144
15966044
16214188
15520999
16183951
15732407
17130039
15066552
14957958
16896027
16793133
15430071
15635972
16006097
16252419
15101091
15395357
15434214
15565292
15511292
15532805
16538735
14964591
16492799
14547219
16283312
16227383
16392566
15495080
15983739
14862621
16681236
15805392
16888808
16160304
15524095
16593625
16460948
15748817
15718014
16522069
16916386
15386439
15482371
15613383
17135561
17079287
17107155
16318872
15219303
16280699
16462833
15858882
16277129
17332300
17549365
16804971
15490711
15910446
15347639
16354807
15673760
16432978
16254849
17003995
16147039
14751695
14536663
15182125
16249228
15313502
15406840
16417709
15838347
14539040
17025080
17404739
16579697
15883414
16736363
14986032
17343997
15165510
16063871
15966402
15887561
15874393
15777659
16365939
17190086
16547534
15677378
16445176
17054669
15329531
15124936
16916052
14790766
16728960
16180890
15703103
16662312
15932320
17017112
16216635
16365267
15674281
15929152
16105621
17392051
16339718
16766085
16152865
16273041
15871757
16993879
15386952
16846567
14564919
15887545
16186400
15459402
16261696
15964071
16346797
17289383
15165568
15655072
14534792
15619098
15591126
15457383
16246240
16747248
14963209
14979613
15509937
16829083
16805655
16270327
16698148
16911272
16221636
16898698
16483765
15964734
15588069
14733611
15352784
15965243
17247775
15546151
15240381
15961133
15719128
15694004
15759550
16786747
15514876
15391788
16872169
16548275
16667700
15318380
16109358
15932653
14578484
15298395
17072087
15515500
14883172
15693837
15943694
16085231
17420139
17500961
15443422
14918516
14709360
15829233
15198194
16672237
15226875
16648425
16073361
15976136
16794322
14314012
15537855
17250162
15155595
16901213
15908148
15244881
15758337
14440562
16428013
16352937
14794896
15417890
16023616
15093907
16453389
16087625
15705286
14545106
15542889
15314834
15280340
16648176
15368940
15905270
14789974
15727187
16138777
16228056
16048493
17568250
15217964
15546374
15578545
15689859
16305077
17007970
15406372
15806093
16392245
15872124
16255359
15810496
15241412
16099063
15346310
16292945
15431980
16590795
16125594
16303838
15279550
16265977
15892478
15742928
16145849
15094522
16345687
15619077
17690495
15575829
15295142
15311193
17028866
16236194
16486891
14861852
16510395
16275575
15663565
16279166
16641222
15153574
16072360
15415182
15768956
15811391
16533558
17145472
15278444
16046335
16382159
16005486
16257999
16759800
16994630
16204966
16694252
15573545
15644611
16133280
16665674
16255162
17251891
15770935
15811856
17556090
16419731
15296037
16792214
16063223
16116744
15411520
16818713
14666387
15220815
17591284
16096063
15669831
16684013
15145460
17107087
17225985
17208136
14960235
15106590
15899966
16989855
15259545
15522489
15552245
17058577
16229166
17101907
14672394
14894432
15865893
17016093
16112141
16929320
15060676
15388515
15570492
16335317
17484373
15256701
14997371
17175201
15975623
15670908
16986807
15789792
16168737
16426309
17195655
15799905
17469253
16587534
16742616
16876552
17036033
15689995
14770117
16140758
16120470
16011046
16442395
16631672
16775929
15625540
17057235
17034777
15533674
15808406
16554648
16337401
17126109
15513405
15720351
15776583
15448738
16630615
16312912
16442120
15391928
16733673
16558944
15896265
15978664
15646686
15579328
15819798
16024180
14938662
15600218
15017965
15785759
16319434
16713191
16725620
14722803
16931225
15900388
14718143
16959436
14800118
16577720
15927212
15807023
15805150
15982166
16566524
16344517
14901695
16147886
16741735
16154571
16442787
16186459
16394675
16786846
14945384
16000308
17240245
15869301
16099554
15877872
17070818
15601324
15764705
15547031
16235409
17040032
14773539
14934495
17389690
15757909
16187314
16926173
15973870
16352834
16235855
16472874
16480899
17072905
17076407
16024925
15349341
15845649
15961135
16793754
14368648
17372623
16824168
15386435
17006887
16379971
17206196
15426224
15689678
16195125
15428878
15800233
15724427
14733355
15157623
14597350
16200904
16787715
15274361
15489061
17013429
16048256
14883873
15272266
15664575
16091999
17085837
16829088
15619495
16744496
14921612
17227822
16201805
15900923
15628911
15741155
16476426
17192249
16119444
17116899
15496796
16304822
15056348
17458930
15901540
16665935
17096291
16486188
17058949
16503169
16196205
15981342
16262864
16373719
15819005
15533838
16413824
15423064
15482272
15941452
15147261
15937932
15559553
17524169
16426218
16108318
15791829
15771732
17034475
15628934
16382770
14894830
17057491
17296362
16926223
14946085
16341952
16863327
14839022
14961325
17575835
16235663
17275496
15744638
15512197
14972266
16658466
16760130
17147681
16629845
14434449
16324331
15916579
15739639
15582034
17484435
15793692
15979876
16129954
15403770
15981946
16052984
16737972
16142260
16908292
15685336
16940292
16816289
15279016
16124410
16985102
15683572
16466247
17518745
14717339
14908132
16779230
15694291
15951628
16638789
15166504
16516773
14745704
16041414
15133969
16276566
15899280
14715272
16486925
15752807
16153518
16015224
16901490
16212655
14885246
15830160
15958491
16273870
16391290
14761239
16091705
15573514
15561496
17306927
16274485
15954863
15608643
15780671
17333946
16160395
15266089
15633261
16311049
15326750
16159227
16019918
16159147
14746557
16096687
16538866
16933337
15219280
16114648
16630355
16046715
17363220
17539306
15422167
16587512
15339130
16518499
15659500
16088585
16985537
16411393
15047116
15321203
16207360
15523403
16402848
16715818
15459755
14861660
16061525
15740295
15583694
15836016
15603742
17354954
17701101
14729368
14493038
15954546
16395031
16832074
17188973
16622377
16737896
16611710
15960125
15622199
16838507
15427737
16770133
16514750
16412214
15744601
15950948
16560299
15723043
15996210
15937593
16289222
15414513
16339075
17486737
16404922
17560036
14448037
17177548
15580320
15689703
16759909
16912422
17308839
15459195
17479943
15469799
17109075
16437025
16096159
16613173
15193549
15921790
14983291
14402628
16046100
15881658
15778199
15231490
15546062
15808649
14622255
17306625
17244127
16248739
15447543
16970887
15056503
17603507
17013739
16740735
16088262
15145316
16205668
15304797
15477535
15730454
16365101
14657743
14568607
15020730
15241385
15841171
17521980
16139828
17322199
14895945
16178742
16755629
15718322
16495760
16265632
17410098
15806501
16283087
14829174
14979662
16025291
15596429
16322327
15451968
16131385
14878688
17249216
16095532
16266125
16651858
16729338
16391902
16478582
16224424
17456210
16284587
17566712
15149490
15884492
16789873
16572217
16147632
16405308
16547652
17212810
14767566
15831878
16429604
15147741
15617030
16651465
15736261
16616969
15961284
15621603
16741742
15508083
16834751
16588211
15519427
15522296
16794166
16206009
15593187
16974585
15211411
16954623
16524003
17627979
15856374
16541046
16686155
16120204
15850985
16256823
14907213
15542865
17218489
16218021
16936781
16427075
15482974
15657204
15071102
16415579
15647733
17036529
16538236
15326620
16483793
15606366
15964684
16578506
16960300
16258410
16827962
15234423
16270275
16793559
14975583
17192041
16432906
16802059
14617860
16109500
15474791
16728143
16063075
15868443
16642037
16701341
15281529
17209875
16809502
15492930
15510319
15261459
16719209
16913204
17662013
16789472
15102370
16128052
15313706
15439105
15169004
16285958
14769736
15091047
17342055
16269483
14635932
16158115
17521355
17466993
15304090
17150189
16154033
16634108
14738422
14837407
14976539
16400265
17498754
14988176
15273290
15678342
16553259
16145158
15921303
14321182
16117807
15590879
15620278
17167049
15919369
15711054
16349829
14999841
16446548
16628436
16216149
16640180
17116857
15367639
16585687
15259746
16805058
15746384
15913194
14980454
16431029
15723061
16334745
15835461
15892244
16295015
17191350
16051002
15277320
17487122
16539808
15534844
16549243
15791714
16189275
16175679
16319043
15325177
17138360
15573075
16326196
17133163
15430185
15271420
16198369
15910939
16100981
17034282
15328037
15668621
16139311
15208111
14943278
16879551
16603706
17019317
15103469
17093075
16918004
16759303
16813882
16227010
15365398
15428804
15597626
15204514
15673833
15185684
16311119
14948566
16813882
15993781
17074870
14873031
16133290
15471171
17297233
16728385
17563333
16587787
17348764
16048458
17101815
16027857
16319734
16368049
16867186
16976790
15425870
15416580
17067259
16508230
15648781
16308879
17347080
16221744
16112483
17073506
17508348
15962068
16787895
16619948
16486578
16354341
15524437
15279978
17196095
15272194
16224674
16201937
15984807
16034878
16083973
16421147
15980683
15070868
15714053
16358579
16143135
15094758
16622965
15549408
15641098
16786108
17327341
17158879
16358321
15725845
17244298
15697695
16654604
15468986
16364779
15816313
14589650
16968483
15796091
14632867
15544459
15609533
15061309
15769266
15132454
15029302
14745658
16025074
16866512
16636589
15792978
14590839
16140873
15652781
16130827
15852264
16612273
17466518
14814184
15782290
16317773
16553647
15645273
16421133
15500759
16568831
17429012
16382757
15970272
16367274
17281144
15287643
15608248
15410015
17092829
15549571
15831486
16205736
15928408
16706665
15632578
17396545
15655903
15347345
17822728
16834374
17441859
17220341
15319283
16835713
15687239
17076541
16431360
17012031
15995964
15497818
15819369
15095376
15811797
15408810
14666646
15936257
16388393
15950965
15955040
16567275
16561395
16589265
16704011
15901517
15001910
16082145
15368149
15319888
15236419
16160543
17008298
16383872
14733237
15949585
16569030
14821414
16336554
16528073
17616813
17172278
16777947
16485216
16782212
15830259
16679183
16961860
16845535
16535824
17082977
15305572
15136780
16573230
17689280
14858990
15479636
17056796
16108953
14380705
16069380
16099672
16071470
15878474
16413196
16662179
15415406
16132269
16037433
16906291
15274787
15787947
15870307
15368513
17283829
15630642
15966623
15762622
14640606
16739510
17005078
16041458
15321468
16899248
15116822
15067123
17029175
15332969
15916663
15724610
16472032
16835238
16087817
16102139
15713856
16041543
16186705
15229049
15619238
16629973
15368199
16830262
15447162
15050941
17289603
14623739
17009295
16500331
15287118
16370083
14936147
15993503
15234982
15988297
17034760
16059473
14809115
17497192
15977240
15585730
15657418
16390543
16330527
15833059
17307281
15092959
17047926
16139316
16802414
16367268
15602091
14334345
15487660
16622007
16588280
16169294
15352669
17719117
15680341
15688288
16684834
15945695
14867863
15541905
14749086
15550657
15747365
15193172
16031145
15116825
16338828
15460991
15819389
16748557
16080502
15671705
16945739
16138530
15530149
15462738
16606427
15937177
16295324
15654381
16482211
14757031
15374775
16195039
14389351
15952684
16989463
16222379
16800592
15577458
16903839
16778169
16103413
15425644
16644082
15583653
16572017
14780858
17103827
15442122
17219030
15120995
15371789
15841220
17158115
14983380
14646577
16685562
15896911
17782037
16812479
16446474
17448621
16130951
15549730
15571233
15702343
16047697
16140728
14853210
16118621
16693051
15790157
14783171
16289758
15754550
16641959
15901600
15443173
15972377
15990423
15536898
16561477
15224658
15702583
16540688
16712081
16361720
15216972
14791107
15943055
14995891
15469209
14930484
15915524
16748216
16337650
15849457
16813019
15747832
16809458
17339004
15415324
14488824
16309540
16292088
15942505
17385886
15072423
15331173
16440057
15675601
16273634
15270949
16931612
15815314
15016760
16494534
15074725
16399801
16496244
15485642
16643841
17422582
16592947
16757615
16243167
16741323
15128319
15825447
15250087
15570529
16153324
16409358
16747452
14910895
16545626
15519766
15074251
16280834
16289098
16191760
16507402
17112772
15261888
16959478
16289320
15148973
16216742
16350477
17152779
15819923
16604421
15225277
16650558
15906731
15563910
16392473
16883116
16099344
17410316
16047945
16054219
16859071
16222376
16883466
16844744
15538032
15653147
16948505
15440034
15727951
16629846
16869407
15799747
16188486
14781329
16083613
16531218
15971797
17452663
17801890
15189899
16343280
17051503
16193279
15826422
14818010
15599679
14595796
15464131
15410972
16137722
14710812
15021194
15614089
16292003
15651927
14707214
17238225
16225821
16605024
17173391
15559981
16138467
16626088
16151213
15384472
15748800
15507081
16320293
15494653
16677129
15072049
15423860
15799771
16635997
17063461
16353401
16359812
17723916
17545580
16772328
16723789
16101574
16743866
16485298
15029033
16688044
15480012
16462182
15156394
16643334
17371263
15642744
16220765
15764819
15916702
15781979
16457283
14846198
16400336
16203642
17479720
16466663
15568174
17047236
16593735
15875826
16350817
15053275
16433450
16217781
15972082
16114977
16308429
16186030
16845505
15424880
15159281
15655076
16129392
15619595
16844680
16402891
14679252
16298403
16099232
16009101
14983956
15576224
16404337
15420101
15748759
17015705
16797585
17254539
16101870
15396216
15096296
15827477
15167902
16615934
14611623
15440016
15842076
17290810
16492058
16926332
15804561
15443433
16345819
15488495
16223075
17687109
15778014
15459368
16000648
16350881
15952651
15430602
16814453
16991082
15662942
17697633
16402475
16511341
16339250
15327300
16727098
15467032
15707112
15627376
16927051
16226093
15357284
15572240
16972348
16326098
15535990
16241052
16556621
17401001
17346927
16026037
15240679
16459836
16461383
15923771
16747888
16381706
16767677
16979419
15736563
16623777
15197909
16878925
16267703
15659748
16388837
15770218
17406525
16926304
16838232
15599638
15586114
15212837
15473660
16716322
16523921
15990425
15157659
15684545
15767910
17476649
14999342
15986747
16649008
15646174
16123871
16941630
15032332
16593253
16821501
16413573
16052797
15005373
16789883
15398504
15164610
16231946
14903354
16055142
16903418
16040170
15918852
16197441
15542684
15587339
16116740
16396200
14825847
17427895
15557509
16048390
16452232
15633326
15675968
14889484
15198363
15719276
17205480
16824219
15546636
15265839
15542112
17693449
15159715
15771585
17614409
16892448
16151472
15476992
14881137
14559409
15443649
15489531
16261644
16003631
15892646
15446782
17613249
17425693
15915676
17039646
15513287
16429378
15584640
14969209
14809752
15271024
15695977
15326691
16111801
15867804
14612378
15506590
14683560
16458238
17210186
15037450
15452309
16295876
16777183
16882043
14868509
17078050
17064102
16042283
17302348
17153521
15933001
15697252
16812148
15875430
17204207
15865120
16180942
14957299
15410622
15735581
15455100
15997533
16218190
16033742
16198255
14636696
15669038
14796973
16965788
16616639
15775201
16034119
15570251
16176265
15910016
16028073
16574822
16494886
17604997
15702672
15743875
17701604
14859597
15742854
15443636
15491820
17377822
15267173
15607440
14636708
16280010
16591362
15433322
16268255
16419255
15408089
15646084
15468161
16608963
16970556
16295918
17072855
16102201
16298896
15869226
16524780
16985419
15745284
16721456
16378792
16605223
15487106
16201820
17365012
14933134
16295729
17681857
16031989
15454812
16549488
15190628
16850129
16431489
17331355
16433707
17047302
16156136
16740215
16061468
14396039
16034983
15412407
16671005
17253053
14934203
17375903
16002685
16402825
15780217
15829907
16980127
15978681
14507051
17666138
17520245
14960511
16387434
15059106
16063350
16683722
15873362
15661756
16435061
16235548
16871374
15669734
16192256
15885648
16606104
14915966
16602197
15481564
15639756
15749178
15783562
17562474
16698111
16579914
15944249
15248905
16603549
17635681
15637312
14991186
16269808
16775922
16047038
15588915
15403720
16222496
15423757
15993464
16824191
15453054
16976803
17008147
17704108
15898097
16368009
16306266
15910168
15103420
14999054
16676469
16251263
17409025
17301611
15288998
15855158
17452298
17353258
15035107
16779434
16182447
16845407
15656665
16996363
14516184
16476953
15648451
16163900
14999092
16423388
16865353
16363406
16916296
16295371
14803271
16317351
15212719
16379987
15877933
15012603
17092177
14450225
14412916
16852895
15406123
15827847
15297633
16914198
15903824
14866612
16239213
17421655
15567044
17699647
17068727
15539434
15225037
15179398
16295944
17591676
17320242
16207962
15946399
14988245
16479993
15074678
15341691
14495539
15835399
14427437
16086773
15998986
14503885
15379785
16876310
14599717
15560252
15349943
15979664
16367732
17181091
16524320
15392220
16162496
16143116
17197373
15735075
15138376
16208618
15369820
17102226
17084113
16316337
16858862
16927001
16873340
15270969
15580488
16778603
16080949
15934256
14620727
17023029
15691314
16748247
16276286
15710089
16337731
15956622
16079154
16364507
16334178
16597615
15993787
16243302
14965346
14875642
15840187
16831089
15509658
16012270
16022289
15646553
14903876
15679271
16824825
15965695
16219478
16143459
16356516
15718762
15963711
16019618
15856645
15180267
15724914
16386149
15653195
15942053
17281892
14590106
15505452
16271527
16172596
16098526
15291320
15731720
15062998
14792732
16248696
16442707
15050669
14608659
14811006
17662611
15876799
15345670
14886357
16667012
15378831
15292996
15308077
17037000
15817500
15640200
16679533
16177220
14890087
15965717
15500813
16150145
14702050
17749441
17166653
16514694
17031733
17561961
16098087
17070407
15791474
17113112
16977716
16448812
16287040
15715937
15371646
15484844
16382931
15613754
15443503
15746255
16980973
16192643
15923013
15141371
16310421
16543431
16481722
16505731
16188016
16197164
15438312
16462207
16252287
16129838
15357404
16604489
15969604
15697456
15337022
15885269
16303560
15549344
15236551
16008268
16316434
16028003
16416002
16117663
15618072
16840143
16384332
16221813
15982894
16873683
16609346
15920807
15353166
16860496
15951782
15363895
16439583
16489858
16091400
15704706
16617926
16291306
17093773
16728118
16847073
15404533
15524096
15719123
16644850
16742719
16777243
15977161
17607099
16375456
17243820
16503012
16689174
16312968
16430107
17299272
16960196
15230165
15812951
15969878
15324253
16347188
14816184
16603112
16415336
15833893
15584867
15462265
16066987
16548198
16462696
17150511
16244772
17622687
17004579
15914738
16150557
16734917
16561107
15684815
14607001
16897903
17414699
15847162
15439632
16191606
16072438
16016028
16193150
16657913
17210777
16661536
16370087
16435036
15829892
16856307
15122341
15974252
15143578
16098572
15999789
17028757
17119235
16318145
16473128
16827139
16648989
15734749
16736966
15469343
15477640
14916297
16721352
16119118
15388271
16240202
15309292
17214385
15984489
15736451
15125634
16293231
15501372
16868605
14646551
15145219
16678582
16487459
16109411
15164707
15286801
15691427
17321412
15748833
15576640
15864010
16716614
17135311
14982699
16687060
15163773
15295905
15126590
16169448
17503430
14607974
16478087
16784454
16156704
16051294
17070991
15224039
15389963
15055665
16966153
15369563
15674702
14599851
17605744
17157705
16834786
14924506
15798544
15984861
15490540
14908622
15764612
15895074
15668238
15786951
15471996
16174245
17359583
17195968
16660589
16282202
16049760
15385889
16184035
15566088
15666911
15719701
15287349
16954703
14985616
15695874
15398588
16966345
16918705
16711758
16417289
16552733
15324463
15921425
15745202
16185757
16069210
15737040
15648309
15211424
16901174
15708617
15986828
14636489
16143858
16134297
16608232
16704715
15999792
15710647
16462541
15238434
15836594
15529730
16668072
15649226
17306302
16144834
16423112
15273246
16978616
16632454
17607645
17080762
16661464
15790392
15304771
15122693
17242202
15372000
15173491
15851659
15634847
16351954
15606676
16090720
15892954
16378519
16964490
15650100
15830184
16717852
16692471
15305003
16381741
15049586
16142979
16542666
16040051
15500722
16490448
14994521
16982258
14748990
16289849
15453271
17314352
15353044
16291681
15704432
15743313
16588623
17036980
16533711
15869656
16162909
15853199
17165636
17188033
17112141
15296552
16784890
15196062
16228655
15914821
14733737
15445182
16120259
16304534
16330489
14733171
16403974
15053880
14872758
15244573
16541200
16348432
16374500
16476791
14715089
14878479
16401522
17617758
16689413
16987388
17580326
15817383
15334192
17642427
15935016
15844127
15984201
16877605
15718234
15029940
17750941
16525555
16782607
14997420
17254945
16326497
15974268
14312397
15331858
17291571
14789850
17274753
16812600
15878101
15741267
14758666
15145111
17408732
17219802
16110672
14922275
15231455
17501772
15530191
16184177
15967388
16047984
16667425
17288750
14883198
15216587
16687964
15853310
16146495
16436083
15667363
15651869
15649269
15621305
16252702
15656311
15980003
16582461
14909155
15423477
16636409
15736419
16809310
16782404
15857070
16280872
15945635
17229955
17136316
15231247
14686018
15596899
15407257
16384591
16782048
16586268
16898798
16482091
16763983
15036449
16760181
16319363
14627517
15429327
16094805
15353359
16481940
16085829
14628583
16174220
15859903
16037055
15033623
15875529
15786610
16081381
17044141
16515283
14688272
16108786
16375185
16036778
16536473
16269563
15963192
16302218
16519070
15146272
15606116
15206373
15548818
15040438
14470241
15994214
17016917
15994986
16106084
15139858
15780505
14886267
16478453
17217410
15760861
15857367
16883007
16155439
17530191
15821002
15184967
16203553
16588725
17491121
15086664
16333913
15795954
15782580
16565307
16973342
17218168
15300030
15104276
15587297
15736366
15419328
15063173
15678644
16022086
16503728
16967931
17450657
17466741
15499780
17130546
16471214
16053286
17396969
16026619
16234686
16808680
15966821
17218148
16672544
16852457
15417753
16179679
17074396
16499646
15704253
17491883
16305236
15426525
15862411
15715929
15308395
17194275
15108012
17388950
17227231
14458701
16634171
16399161
16027627
16353053
14984011
16521929
16407198
15539821
15931833
17160182
15269350
16208712
15992005
14602960
16279914
16495204
16462869
16263023
15794123
14540028
15514558
14923156
14719773
15386974
15893877
15584832
16051834
17182401
17436861
15870555
14727591
15822810
15585963
16648604
15494292
16496619
15647634
15753316
16846076
16790565
15224014
15984014
16674615
17287154
14799740
16990179
15654634
16790771
16622679
16067077
14880886
15005713
16302664
14748596
17357684
16391283
15939347
17371683
16594522
15095914
16123568
15441953
14799891
15890111
14897125
16195220
16050033
16130833
16179771
16928316
16166224
16144106
16346518
16708515
16579677
16513294
15897519
15601167
15356572
15966611
16745974
16443325
16494816
16982400
15082646
15256891
17219643
16692782
15589204
14777940
16514739
15219664
15419062
16343496
15861331
17179423
16790820
16146800
15467706
16102784
16597072
16468147
15933061
16022271
14664215
16268336
14822862
15103053
14868100
16276671
15502339
15231600
17035466
16033986
14786833
14538066
16428427
16921468
14813614
16204966
16174103
15498402
14809664
15933124
16744683
15174199
15075894
15462978
16567554
15748055
16545698
15789746
16755569
16667668
16303819
15495364
17458021
16513702
15783271
15539805
14587772
16204951
15226228
16275069
15907092
16690064
16145184
17339260
15831479
16121114
15827118
15072909
16475609
16326860
16045509
15011572
16083784
16542662
15112207
16115336
15393808
16047826
15149268
15775559
15867306
15899834
15906356
15700263
16415697
15503120
16112463
15450074
16249655
15732524
14991699
17190397
15765085
15349724
14606615
15715219
15019058
15958181
15856301
17660825
16277325
17347493
16543173
16185433
14917835
15828645
17509575
16801539
16650554
16747313
14463480
16720791
16496051
16051212
16139008
16161855
16408729
16122853
17246705
15420859
15696783
14901298
15714362
14782938
17104885
15473411
14607649
14710511
15993564
16879169
16292499
16123395
15066301
15992138
16887452
16921617
16171881
15781547
16303765
15366805
16224969
14970037
14642772
16164581
16440511
14978296
15892220
16332836
17384186
16345650
16938908
15098344
16900185
17343214
15768428
15062977
15950240
16548402
15838443
15556250
15223966
16179007
15691402
16972959
16499348
16604105
16528242
17424721
16421674
15207909
16259965
14725619
14676664
15474451
17045959
17220231
14992797
15443910
15572207
16110825
15266878
16605199
15839275
16419149
15825975
16058174
15287661
14797412
17582261
14364469
15636747
17292717
16232109
16043802
16106776
15589814
15792989
16013241
16905086
16286243
17008859
15104587
17194341
15725656
16690356
17555448
16701658
14944575
17347289
16235636
14452326
17446800
16117586
16705371
16039165
14950327
16850094
15536229
15440716
15320844
14803644
17271436
16215949
16610476
15972684
15794590
14699955
16058171
16692859
15754022
16944736
16273229
15980019
16484538
16609287
15690038
15444181
15889545
16489365
15526216
17152354
16435633
15541868
15481609
16759590
14392324
15955523
17457820
15448308
16818867
15205263
16541275
15432067
15997801
14551624
14712169
15839801
17039269
16634298
15703217
16274293
15457580
16400204
16261900
16999543
17420321
16035495
17116462
16016713
15898086
16523152
15694702
14933960
15083620
16046970
16121127
17602630
15868874
16884526
14979743
16201741
15520327
15869133
16156201
17396302
16048818
16352774
16586786
16487013
16399166
16497298
15367673
16614227
15876734
15866671
16327900
15822029
15822511
16062427
15484652
15133364
15845232
16573413
16197731
15852603
16848645
16644806
15936443
17156056
16084400
15621511
15904868
17380595
16831328
17228162
15129125
15388685
15728261
16391183
16186433
17740949
15714344
14696705
16033696
16424837
16298794
15516935
15780227
16269326
17330691
16442405
17572961
15106810
15337761
15070484
16492663
17163285
15861281
14614521
16019353
16220329
15073091
15962372
15612881
16753117
15023271
17349250
15766770
15898788
16500084
16424988
16526998
16801937
16216778
17165919
15916825
16547763
15786935
15040139
14824785
15747135
15790654
16258635
16269499
15398637
14928576
16407618
16637035
15960291
16499941
16186003
15750006
17285061
16334600
16885543
16888940
17448826
15424878
15540183
17719170
14583915
16014657
16306233
16190341
17371255
15807999
15411426
16581717
15333716
15907840
16198162
16919419
17177305
14721962
15932821
15865054
16598427
15514157
16086834
16377447
16993571
16375466
15158224
15658838
17270914
16645544
15988730
15885456
15821172
16418007
17402447
16063111
15323635
15666465
15274192
15800965
15380359
16374332
16358973
17455622
15354861
17422181
15836016
16788135
15413063
15291319
17453442
15922963
15041572
16189823
15984543
16232322
16453917
15987949
16757514
15668317
17421059
14541507
14813966
16880781
16169629
14745099
15588609
15568335
16821669
16998189
16111955
16776861
16227920
14464093
14921397
15140739
15688193
17207035
14643879
16541852
15072636
15409780
16888482
14516408
16329227
15632277
17223919
16293080
16924380
16246807
15294457
16281796
17106027
15257518
15733903
15947754
15673617
17692237
17143021
16997693
17123969
16030039
15936630
16486678
16208789
16161498
15931938
16742150
16603072
16285942
16906089
15366388
16768315
16021362
16069475
16352668
16890858
17227697
16850922
15810845
16647100
16496781
15458180
17364886
16501238
15733138
15820374
16375018
15017427
15028949
15837177
17227089
15319498
14989531
16156973
15017571
16417349
15285155
16962068
15619196
16199803
17131489
16361474
17584153
16122959
15566849
16313648
17345608
15812383
16790363
15622112
15961939
17508917
17591875
16275713
16700592
17302087
15599758
16448972
15801895
14524490
16574454
17300256
15244336
15520987
16011949
16602916
15338727
16617704
17440084
16645054
15476431
16148892
16532640
15904696
16815036
16303665
16353701
16163319
15684836
17391878
15364547
15579838
17316956
16502329
15691817
16469224
15411709
16290122
15686956
15916924
16592400
15873880
15092463
16828581
16345541
16274769
16127649
14937212
16732372
16753521
15367055
17350673
17236291
15740914
15765317
16316686
16630444
14543050
16025911
15803526
14857995
16175357
16459633
15808724
15678037
15936728
17014584
15192958
16905967
16693762
14897230
16286659
16767226
16412593
16833483
17044034
15249617
16297955
15496790
15279034
15193189
16440177
16776706
16023071
17225256
15757417
16265328
15394255
15433578
15985625
16495232
15722467
16517180
16522262
15451980
16170278
16210101
16607799
16374439
16841241
16693975
16127388
16686537
15664250
16831654
15893895
15967089
15025916
16225462
15643946
15108671
15221557
15368836
15326148
16365232
16366133
15656110
15096989
16592700
16065449
15728447
15114135
15834584
16123970
15728710
16414702
14903245
15716952
16103418
14946996
16609074
16267138
14984542
15452917
16320855
16304041
16323111
15639182
16005499
16291802
15365413
15123604
15695968
16951071
15755085
15595327
15833786
17119886
15704085
15595984
16656178
16708370
14452618
15558146
16241302
17067246
15168400
14976638
17164577
16319859
15090678
15955487
16703632
15701544
16834820
16875931
15974556
16709409
17348150
17096912
16573065
17237317
15862597
15717178
17029322
16059534
15273739
16535680
14662135
17446074
16418824
15727582
17307363
14639236
16470009
16218346
16060571
17559844
16096113
14837275
16068886
16736762
15762653
17027984
15756891
16090944
16827112
16704427
15313761
15691519
15170813
16201906
14887801
16266758
16132798
14996765
15380917
15581584
15873231
14527019
16135172
15465380
16361724
16221366
16049812
15779036
15383862
15088729
16591240
16859491
16083593
14666332
16293667
17090103
15965824
15767500
14869928
16242677
17353421
15863688
15519779
16235506
16344573
14578429
15639884
15990415
17156621
16655621
15998464
15495115
16060350
16385910
15019194
14945914
15648015
14758984
16149792
15413788
16190031
16951920
16664101
16785777
15792214
16571200
16406564
14799735
16831132
16412018
15788055
15528629
15867075
14535020
14753131
16705533
16180137
16526520
15221848
16315319
16384856
16508042
15874244
16767392
16296300
16482951
16306946
16452563
15347583
16134632
15949233
15467581
15538688
15919200
15581502
16005146
16411213
17009822
16799924
17045024
15751333
16025252
14896918
15911528
16075441
17321909
16725356
15898481
14928644
15491641
15981232
15332115
16536023
17446256
16405560
16203410
15303511
16147889
16557464
14756510
16216242
17770404
16893115
14971417
16768774
16105566
17357628
16766046
16037051
16407464
16894416
17725986
16988367
17363945
15637581
14835942
16685310
15178704
17353599
15449686
16583825
15932945
15127500
15690069
16130110
16357292
14770800
16824859
15643822
17521659
16447895
15285886
16701725
15823616
14933692
16626393
17556783
15813240
15155260
17082802
16586060
14779224
15805480
16577538
16275665
15953798
16851977
15852982
16812021
15261543
15650335
15492793
17534085
15692459
17433448
15654742
17425425
14680534
16339546
16095589
16349554
16150040
15452808
14975275
16710079
15632982
15383783
16065731
17225355
16898915
15785690
16565925
15806490
15527799
14983646
16324288
17276564
16468927
16162749
16665772
15892268
16073339
15938457
16036927
15100574
15419560
15257485
15483838
16007370
15524297
14933567
17370928
15978007
16473794
16156041
15817931
15932234
15682151
17095571
16011086
17089937
16105821
15988578
16461716
16316274
17577746
16156903
15971566
15212070
14611337
15888948
16361022
15946346
15556254
15557277
17429240
15395976
15865883
15473151
14761319
17674806
16749716
17358465
16707240
17457099
15918298
15578941
16517271
16297333
16112264
15715193
14700591
16595948
16090859
14796934
15161605
15254586
15984778
15948107
15598427
16637598
16379975
17023347
17521941
15996584
16382232
16595702
16309052
17145504
17317200
16096459
15562071
16858338
16212308
15908065
15719222
15297132
16276291
15538968
16345722
15499454
15652377
15626312
16314735
14871299
16166073
16364900
14381832
16158538
15796311
15163776
15952926
16239631
15824961
16070478
15736279
15847971
15847653
15154066
16290639
15826272
16313413
15227131
16658885
17077404
17476849
16114650
16792512
17050382
15179622
15449821
16597796
15662599
15166073
16172957
16290727
16812317
16726162
15032913
15559050
15844819
16607930
16876121
17042903
15061466
16245918
14917921
16292486
15505953
16299087
16158145
15288741
16334608
14428542
14578321
16344468
14332262
15259040
17613708
16539708
16536872
14961452
15794548
16852520
16942725
17076500
16299571
16533225
16600981
15520839
17087354
16343806
15262643
16044919
15105579
16450731
16578156
15923819
15100125
16558610
15224253
17065874
15606127
15064990
14799246
16037579
16919798
15801468
17108330
16935424
15039492
16146969
14839009
15930429
15531758
15618440
16252873
16286752
16102683
16633869
16662387
15484330
16993550
16578343
15895067
16159556
16147905
17046281
16779280
16001493
16270032
17353571
15420289
15893715
17407655
16272784
16066799
16268173
15120693
15721871
16284923
14788116
15778103
16880874
14962256
16235615
16172216
16898310
16240416
15772877
15026810
15634213
15583114
17667872
15887297
14784293
16254735
15073188
16628103
17319873
17033930
17440844
16061441
15510735
16351871
15335993
17041110
16642032
16919727
15740827
16224410
15527301
17010988
16402295
15845518
15846855
15940711
14851544
15420642
15775221
16119382
17342990
16155212
15890301
17083262
16360629
16185428
17400143
15657899
16233560
15145087
14984018
16002411
15724255
16959444
16118052
15722512
15659128
16253106
17180266
17272776
16195621
16118796
14545602
16851237
17222505
15294842
16083783
15872218
15423012
16841419
15051552
15621078
16933350
16205363
17210629
17234127
15975167
15221274
16424763
16448321
15288760
16954940
15401351
15402829
15171756
15902236
15247604
16226429
16370811
15455575
16875435
16946687
14948085
17354898
16991130
15331163
16014074
17549510
14404770
16999536
15582845
15959875
16625640
15114745
16268186
16628710
16517711
16763091
15628766
17356452
16565265
16216707
15346113
15907327
15102445
15912315
16630447
16998150
15780548
15660982
17134181
16463550
16918396
14420590
17064766
17275494
14952970
17035206
15596730
15289640
16074259
15951728
16081431
16567151
15924207
15738874
17173024
15963256
16297501
15231899
15821896
14873816
17446446
14934420
16664842
16757553
16683177
16031181
16609764
17001511
16066100
16012811
14753300
16143542
15054713
16838483
16725829
15505046
15948669
15920408
14861243
16484245
14816094
15723755
16624449
15293569
17307189
15530943
15259731
16545618
17659494
16183223
16742899
16646116
16712949
17619827
16350923
14879537
17349338
14736990
16306515
15791759
15129481
14887163
17151645
15662932
16033094
15623118
15902251
17152433
17006907
16166205
15429328
15217136
16001152
16066032
15864165
16123483
17422397
15791226
17308425
17037565
17118671
15863060
15659182
15022717
15871241
16158397
15354892
15545426
16021667
16327061
15564642
16041094
17290185
15882197
14932213
15252365
16740775
16750128
17262050
17002963
16050582
16102813
16614541
15962317
15809519
15813960
16188872
16234857
17295975
15521865
16137532
15886982
16682924
17020924
16335204
15690111
15982817
17334642
16303855
15365344
16717140
14909831
16444540
16475746
16025975
16453259
17052692
15391447
16657377
16258453
16875509
16016350
16260624
16540281
16563646
16392445
15571876
16569680
17292406
16100343
14776868
15283466
15949249
15258120
16330657
15897129
16842773
15693696
14504201
17420616
15311583
15644368
16977768
16501269
15695184
15365006
15065983
17128431
15593308
15065057
16854309
15983437
15843155
14717463
16411711
15594182
16595894
15272468
15508397
16069019
17731208
14895642
16108125
16679439
16737586
16399348
17276528
16826845
16212139
17436350
15219767
16464202
16023146
15931211
16815513
16838822
16046323
16539149
16767405
15580356
17809167
16472002
15700743
15436273
16735085
16835391
15966767
15871401
16014303
16544398
16582840
16363897
17031666
16315875
17009645
15053102
16796863
16749358
14492844
16368325
16715267
16492915
16023764
15074161
16259585
16055385
16779493
16433342
16551846
16536846
15445769
15106861
15648707
16174848
14812686
16403008
14586268
15046187
16102654
17707373
15839538
15338397
15916011
16045221
14852906
16351067
16890775
16125824
15725603
15809488
16537830
16857784
16904297
15719376
16462507
15376068
15864641
15916034
14817976
15072437
14943634
15187626
15702018
17506651
15819701
16170637
16458757
15742962
15379618
15197697
16257526
16751242
14855409
16782378
15888068
17005199
16386906
16507614
15436196
15194488
17284943
17015648
16078067
16961703
16447977
16061581
15756884
16407130
17098832
14586806
16135557
15982429
16035397
14831702
14804358
15322498
15725594
16398261
15752254
15174131
16198984
15613399
15754803
16154710
17391331
15336437
16151053
17307061
16911966
16531400
17386271
15587847
15887448
16557066
15826091
16133522
15160488
16205734
16310505
16686400
16555532
16302838
17275139
15269492
14382054
14661046
15463675
14331147
16367486
16200403
16450769
16176646
17157684
15137568
15646629
16098130
16675170
15928494
16757073
15484620
15581508
16098393
15115720
15780712
15954620
16046850
16310612
16476605
16418558
15790745
16461391
15621821
15116588
15690045
15409893
15505828
15305146
15565045
14427073
16030150
16447786
16458964
16081818
15862905
15495182
16695189
16375721
15894844
14889946
16546302
16734269
16312124
15928281
16578077
16624173
17002894
15726117
16350222
16160519
15283567
16359858
15651646
15846033
16578795
15846854
16433538
16187539
15811588
16795495
16399477
16863887
14812692
17455192
16351931
15824943
14752711
15961439
16192437
16185682
16364353
15297222
16770876
15531463
15999943
16612093
16458598
15922497
16559251
15745721
15483345
17748185
16583817
14650947
15505220
17223959
16584423
14889534
15423702
16393138
15140883
16393514
15591990
16334095
15938406
16112618
17424363
16427692
16944495
16087578
15303462
15891235
15709599
16223647
16287530
16000050
15450427
16227532
16441103
16048649
17224045
16031428
16006965
17208883
15858014
16822098
15515485
15099921
16382341
16247555
16153907
15343324
16611835
16173370
15739411
16927550
16456151
15079859
17086551
17004226
15415795
15617189
16678307
16275966
15800410
17214234
15461184
14411233
15815195
15847910
16533152
17026709
16765832
15901252
15619004
15725212
15200187
15228520
17175807
16428576
17216671
17423002
15393717
14984248
16119618
15567660
15856489
16348966
17139820
16608481
16082241
16404990
16489072
15997708
17029541
14989389
15737263
16132784
17440925
15092481
17252964
16490094
16110178
15418458
16259098
15348644
15033299
15704833
15661775
16633513
15795141
16060100
15447726
16538936
16066297
17624280
15646841
15957885
14619230
16259134
16168577
15527471
17029404
16295843
16497913
17467059
15964530
16214726
16763416
17103940
16215189
16448587
16130145
16257517
15754993
16448551
15789352
16716424
16822998
15972391
14643831
16442428
15454747
15711160
15861947
15317125
16603449
15673017
15575735
16773533
16628031
15855678
16214686
16695384
17085706
16973214
15483126
16204509
16915997
16178000
16521878
16175221
15072367
16159926
16417472
16497178
15060359
16929958
16013751
16633675
15315895
16120796
16808329
15315737
16355303
16774047
14994147
17102880
17645543
14926343
16754206
14908052
16148401
16922656
16530971
16759806
15025498
16479498
15218375
15752982
17701832
14765375
16549723
15475182
16181359
14471074
15833774
15805423
17188901
15665382
16088634
16449639
17032724
17772163
15158257
15921716
16652106
16647102
16078850
16497635
16832066
15842786
14610835
16914381
16934530
16624678
16794028
16953751
16741654
15532056
16219303
15773618
17138703
14841488
16613340
16470047
16069639
16026061
16735422
15554451
15956805
16107595
15463498
15093666
15974600
16734249
16879452
17255649
15813798
16740033
15862326
15932772
15448353
14710478
14809039
16085094
15600082
16465534
15080710
15648444
15851061
15974874
14730227
16643588
16096969
15297234
16179734
15993366
14547696
15871466
15990621
15474031
16102275
16367981
17119590
16044387
14903381
16411549
16612621
16249260
17162880
16619522
15256856
16345328
15482112
16514784
15250286
16253641
15635746
15933759
16953849
16253612
16308677
15975312
16059481
15511137
16799355
16257752
16392494
16181995
15217132
16577709
16968917
15619875
14872529
14974197
16322102
14861264
16813093
15675560
16342352
14808337
15554693
15161551
14434105
16205645
15921556
15143807
14873960
15926339
15362656
16153110
15204027
15588679
16319462
16727880
14764971
15562358
14965790
16380133
16710703
15745386
16644957
15458229
14868689
15441292
17277154
16527851
15643649
15590753
15164412
15429138
15906337
15878600
14920314
15810495
15118211
17612133
15792177
16659050
15920763
17487420
16596581
16596378
15471704
16674943
16383119
16222675
14797306
16755243
15874269
16264011
14462925
16718725
16466232
15546648
15101388
16216324
17153205
15514629
15890257
17033945
15431183
16580194
15849312
16118322
16837361
15964914
15159407
15875422
16149557
16643234
16720873
15855507
16241606
16861626
14990987
15279894
16625028
14928256
15863447
16730969
16721453
16040616
16258050
15146944
16909413
15807844
15629775
16340878
16372311
16116197
16575336
17801549
15003336
16893035
15229513
15987202
16324146
14790210
15734571
16155880
15909349
16217933
15460212
14837392
15018316
16023232
16690707
15419028
16327470
15480813
15170583
15054874
15786517
16258157
16305010
16049058
15956628
16071748
16095955
15139795
15795268
17219553
15126626
16240304
15208697
16126774
15548914
16099638
15936938
17144536
15393418
16004599
15143421
15646847
15439146
17032072
17251687
17617226
17110560
16351721
17046493
17056240
15493996
17195977
15377981
16900150
17387588
16081723
16062971
16807395
16229344
14819358
16680883
16295564
16401277
15029821
16147939
15972448
16106875
15169368
15971903
15268572
17361817
15758934
16306724
15982576
15496861
16267564
15547161
15817552
16036817
16671526
16436326
15504418
15913961
16017225
17225304
15275326
16645001
17609255
17181299
16229781
15486381
16067370
15539440
16773242
16013511
16782345
16075474
16240258
15601068
14692614
15863873
16032982
15770912
15217324
16689222
16451206
16730287
15610039
15462086
14673158
15827014
16839187
15540035
15870788
17358319
16354468
16060351
16492883
16562629
15213838
15500077
16437799
16670885
15711601
15235215
15768461
15493386
15133104
16010280
15779367
15733881
15615173
16896331
15367912
16565588
15063507
15565393
14866582
16404302
15714107
14773103
16240930
16514577
16819951
17709593
15980163
16541235
14723787
14910692
17213698
16250010
15849200
16446066
15336687
14954932
15901062
15933411
16134468
15774278
16211324
15402679
15912539
17315966
16037533
15908282
16273021
15778406
16643093
16993606
15497835
14956592
15161395
15205431
15103856
15817034
16269923
15113500
16463836
16848925
15674768
16183873
15003708
15714032
15063286
17168641
15443672
15496680
15324705
15127059
15270896
15703575
16822418
16624987
17157473
15629593
15344848
15632163
15886798
15687832
15151866
14590330
15852250
16687095
14624368
15798719
15138184
15984081
16500750
16774824
16492975
14927008
16628463
14821894
16644338
14832983
15302443
15731066
15914422
16637239
15909718
16734102
15482426
16403839
16661771
17345560
15943679
16231493
16094343
16272291
15968405
16107344
15534121
16561126
15371479
14926422
16144226
16503535
16015684
15859759
15611483
15069429
15519433
15212764
16774325
16391231
17487203
16167115
15171830
16724375
15993764
16842053
16046504
15871789
15529864
15577528
16507974
17041957
16363548
15668196
15473050
15417939
15425173
16316838
16683523
16655828
15191881
16047069
15595095
16842477
16949300
16213437
14684172
15353856
16024859
15428270
17323530
16895407
15788753
16441261
17400245
14592219
16191028
17607902
14532613
15644980
15176610
15863957
15549421
16014511
16201215
15370438
15102133
14868224
17458547
16069102
15657392
14603698
16699850
16151503
16004175
16370359
15675386
15801282
16232748
16311662
16016226
15383752
15137065
17339027
15582945
15538475
16228825
15662784
16045851
15471125
15668945
17471636
16730157
16008457
14741984
14938464
15396168
15556082
17265361
16286704
16055716
15937497
15235497
16581047
15472451
17130271
15916725
17270852
15052377
15676170
16623980
16581489
16743142
16071921
15532605
15897622
15474025
15603706
16735033
15984119
16068449
15374298
16684949
15128978
15741921
16491968
14967834
16548938
16511221
16172181
16266271
16393633
15556197
17630143
16512177
17049912
15708071
16212303
15722036
17232153
17140194
16579664
16194367
16101788
15582058
16039168
16175286
16678177
15963050
16815458
15100891
15227048
16519294
15982805
15697212
15847157
14703471
16643752
15882321
15853651
15486145
15206236
15567277
16787452
14956449
15908355
17166148
17102468
15371741
15972437
15271788
14770539
16386774
16100217
15873798
15405872
16874055
15370750
15392824
15517245
16106563
16832926
15636188
15347570
15860790
15186606
16564263
16721610
17547045
15069678
15221912
15186089
16445412
15564362
15685095
14738693
17118465
16288366
15453906
16590731
16370018
15744574
15715207
16276924
15986724
16862971
17296886
17256010
15607416
17165812
16770497
16969177
15206954
16362053
16489078
17250997
15893148
17016041
16704043
16746939
15458877
17480628
14823728
16574641
17574432
17141514
15840135
16704297
16201821
15736812
15400864
16606248
15599842
16507752
15648223
16041056
16243663
17018096
17144086
15042384
16172318
15407885
16075992
15162833
17045265
15869364
16323705
17068569
17180985
14946929
16469753
14725353
16036568
14553771
16255739
15387129
15325729
15011232
15687519
17439969
17252404
17613491
14989671
16734554
16857609
16659226
15879510
15591137
16217085
15626923
16537861
14555229
16894923
17261861
16430462
17199339
17042235
17116097
14771636
16823305
14770159
15115786
16366942
14962713
14730366
16773086
15973398
15379663
15794280
16244478
14990905
17054584
16181179
16453108
17110283
15494123
16222654
14819449
14970048
15561827
17298676
15382971
16484046
15173886
16073824
15952930
16021209
16833467
15738100
15335895
15840100
16186578
15786322
15795367
17024789
16324555
16633861
17228319
16787981
15817513
16498834
15895218
16092496
14951824
16113779
17245650
15015371
15482634
15891740
15945702
14817935
14719587
16577359
16307575
17004091
15281743
17128717
16302928
15008899
17542854
15777509
17389498
17113839
15819781
15100399
15787304
16124265
16205372
15189661
16753623
15754762
15702269
15909142
16377920
16876931
15995477
16149279
15502441
16116791
16071101
16091763
14374114
16971366
15249863
14957902
16400677
15637662
16561615
15455779
16391232
16349370
15381150
15887935
14950457
16480496
15671834
14726861
16056229
16445705
16014907
15390257
15976696
16756945
17509992
15996303
15174546
16395172
17447960
15259047
15521750
15247433
16448342
16636783
14736774
16331543
16453141
15121428
14857037
16361607
16242498
16289135
14597279
16792089
17472317
17427311
16402980
16285849
15349206
15857403
17302508
16736093
16327731
16471685
14438205
17056928
16079761
16398571
16070627
15990463
17013985
15635737
15418075
15670017
16088011
14791972
15376908
17142418
16837136
15966049
15422922
16242507
16148421
16640461
15562469
16833009
17552128
14782680
16874048
16058339
16157255
15050191
16001134
15605499
16022388
15595454
15159689
15029045
16341038
16102927
15131376
16324198
16330431
16684317
14908176
15122471
16156059
15138660
16650115
15756358
16072560
16334324
15067304
16137387
15626886
16029016
16840301
15529293
14820230
16942732
16391344
16208299
15983319
16794090
16928202
15669609
17517480
16359447
15317891
15978785
16769239
16919122
15715455
16415302
17298383
15726617
16285034
16241195
16280019
16251726
16616073
16271908
17421213
15506242
15974021
15195819
17084190
16334117
17344608
16537949
14972362
15314853
15920810
15933730
15734898
16738833
17071377
16393577
17027873
16644543
15717307
17467703
15287661
16689617
16080664
15842851
16415855
16566089
16495707
16537451
15609435
16661034
16208227
16579722
14726305
15808771
15262279
15899131
17362075
16055739
15890791
15062408
16309348
16549159
17234040
16940316
15036422
15516834
15912335
15183748
14628769
17448315
15622216
15245870
15809247
16925215
16084934
15264234
15421060
16410066
16415426
16280335
15956281
15743785
15969725
15547299
17541919
16532868
15134794
16008105
15826545
15487550
16525478
15333872
17215743
16791008
16346317
15329189
16465780
15039245
16862951
15414750
17665889
17207398
15881378
16364029
15262053
16458910
15579444
17075593
15861822
15370539
14641198
16175567
16091124
15280387
16112356
14955579
15017475
16383325
17235968
15135232
15137526
17223488
14963708
15924689
16099371
15706356
17065213
15976586
15315505
16245618
16673344
15323143
16554097
16209536
16307532
16461798
16318066
16089780
14571488
15409247
15784979
15359547
15525436
16016880
15302974
15213006
16198983
16406395
15055486
16150826
16672395
15510771
15960205
15406675
15937086
14752161
15643837
16320210
16034908
15223784
15245105
14816754
16467188
15665924
16079682
14579443
17432844
16012013
15687144
15545588
15776147
16689795
15345819
15417965
15701150
15893504
15011556
16368679
15436847
16811240
16104620
15782426
14787686
17285768
16097616
17181818
16348491
15615579
17640769
15234361
16485147
16253054
16675068
16042764
16436412
16615074
15865438
16519890
15256571
15904052
14913830
16486586
15758827
15692275
14928949
16076320
16884978
15030101
15663286
15517526
15454682
17116445
15010738
15602999
15094256
15476625
15548673
16105397
15488111
15014826
14983768
15798959
15243416
17320319
14574257
16801709
16929180
16557784
16145380
16392368
15563295
16220569
16053552
15558731
16197459
16053348
15614224
17131856
15467938
14390344
16312564
15778511
15831852
14901956
16106106
16029386
16398495
15746418
16798336
15274484
16272372
16389913
17580570
17030770
16383361
15891936
15235543
17210867
15273824
16282340
14386257
15771411
16034662
15783784
15525609
16083316
16912549
17059363
15621155
17059137
15186286
14822437
15443238
15116824
15633435
16003168
17277455
16867925
15789863
16328665
16951992
14402257
15684400
16016086
15228169
15300955
15755975
15567646
16705518
15426281
17131674
16219972
14986512
16236996
15926229
16217685
16834052
16238547
15845471
16340389
14444271
16915629
15857523
17573057
17102111
16100726
14924936
16188837
16753608
16141948
16697256
16966958
15603136
15155134
16208144
15495722
14910244
16529841
15639912
17050547
16229090
15815660
16393093
16921920
15554963
14440047
14990993
16999047
16713067
15619162
16071605
14697985
16213725
15610167
17267325
15964254
16034905
15941500
15699841
17318760
16341119
16597644
15799001
15833673
17473332
15670261
15760961
16946887
14722117
17144653
16105008
16233740
14480535
15836230
15824392
16534432
15946341
14926798
15380378
15637325
16274977
14900615
15730305
17067742
16394895
15814548
17234865
16438108
16632345
16403892
15122645
15424330
16359460
15441973
15573423
16955201
16524219
15298478
15732314
15109936
14619931
15353921
15020112
15698881
17356447
16930336
15730081
15977547
16106644
15093830
14787069
15737131
17232544
15361650
16420106
15259662
15656227
16226082
14687218
15716889
16476713
16254417
16188759
15113313
15801971
16089842
16300180
16416053
15621759
17153064
16997150
14590583
16843083
16167789
15769426
16116864
17273850
17067317
15059109
16716515
16875371
15135266
15608337
16622459
16824750
16769617
15072255
17048008
15689664
16879972
16240127
16640051
16684950
15692682
17207251
16280641
15957993
15590620
17041673
15352070
14912718
15255284
15971859
15242214
15724694
15847457
16960682
15105840
16208247
15501312
15793128
16071625
17064215
16632904
14784871
17087577
15572619
16286568
14732812
15771680
17230493
15923305
16274720
16025882
16289484
14895553
16624416
15798494
16377179
16380321
15907890
15286636
16708523
16710382
17476050
14722696
16109158
16555600
15886738
15747972
16911401
16049678
17543408
17296511
16273173
16567532
15957353
16199724
15337439
14741711
16195714
16387713
15722418
15888375
15595618
15729766
16942587
16649135
15873366
16368638
17256448
16027659
15956448
14385494
16014976
16851918
15750238
15767458
15225317
15176081
16198143
17459728
16261919
16939370
16160862
16666713
14992857
16916440
16769678
15335028
15647953
15761284
16153571
15958185
16388890
16748459
16069076
15275054
15685185
16885874
15961392
15647612
16678638
15646846
16883583
14941459
15023331
14834452
15163688
16753612
14337885
16860522
17497598
17055167
15425195
15542485
15762791
16922353
15058591
14644480
15272350
16264653
16730309
16467027
15411927
15978140
15320377
17428062
16194570
14903639
16546876
15939098
16574301
15292720
15561020
15188852
16037684
14976110
16065610
16816337
16494452
16547466
14589153
15175564
17260237
15787816
16344887
16249831
16356836
16029565
14734454
14740341
16366494
17039561
16456522
15621573
16222951
15772246
15981793
15862663
15696893
15100838
16140013
15701895
15717470
16442302
15004418
16320659
15551294
16642837
14841007
16631692
17143314
16154106
16114128
14809216
16561413
16613116
16177180
16297055
17061414
16079143
14870484
17324436
15904521
15039506
15726807
15812903
15157488
16709211
16028458
15843123
16104850
15690953
17258928
16195380
15245366
17097001
15676401
15797040
15247559
16823848
16553905
16111871
16137067
16418296
15120222
16745243
16279917
16802565
15547436
16120183
16084889
14998786
16976436
16097467
16652003
15566829
16712337
16593419
15997109
16530122
17123757
17467224
15694450
15961353
14850197
17312048
16481994
14945781
14774522
16733307
15361026
17143244
15983575
16073714
15856913
16486163
15525102
15779431
16806477
16199424
16571958
15506022
16182047
16715724
16250932
16213649
16054827
15265840
14915873
15231241
15282152
15370085
16124347
15358063
16589042
16714154
17571815
16991283
16134050
16298766
15933421
15889091
16824592
16153162
16192411
17671156
16310752
15270940
17316046
17094501
17078858
16681052
16689538
16493664
15732578
17060539
15867526
15768132
15724250
15507463
14817261
16311330
15723982
16706523
16142674
14348784
16267730
15466218
16011891
15633740
17081993
15248543
15638981
16722443
15642417
16539647
16260027
17116902
15017571
17146735
15298901
16936293
14695367
15995451
15685261
15465102
15914367
16964541
15666172
15610153
15893581
15694563
14657012
15714478
15654327
16666304
15800252
15678959
16274410
16427092
14632319
16193670
14948478
16196642
16817313
16970666
16080127
16309032
15106080
16057652
16751509
15459980
16700143
16108612
17260353
14783630
16364814
16716020
16349567
16285728
14778560
16770453
16836330
16075127
15842723
15287180
16511393
15822803
16387866
15142609
16583590
16397036
16399796
15274632
15636957
17092208
17695818
15619631
16570488
15906118
16817343
16684710
16937058
15366468
16231656
16124353
14998375
17073490
14794354
15656995
16089430
14423511
15646175
15046328
15812160
15852136
15730160
16865204
15633138
14990807
16018270
14675286
14932257
14593082
16255721
17216490
16474094
15746415
14794117
16613489
15767563
14706509
16444757
16304514
16741144
16729656
15448143
15794136
16094071
16687608
15605205
17552489
15884321
16585745
15172822
16486696
15846019
16026602
15866624
17190091
15692188
15746347
15799692
16570700
15901267
17191187
16195161
15809042
15033480
16092717
16596132
14723510
17105675
15768822
16399900
15675437
15013925
15865272
16014907
16189946
16999183
15658234
17266555
14999151
16001528
15791947
15431307
14902863
15291072
15469258
16164819
15911359
16641111
15228775
16313522
16284765
16320076
15841934
16290290
15958046
15693265
16399861
16503613
14674534
16250148
14684264
16496757
16096076
17090158
15511989
15024450
16483025
15767800
15676295
16813076
15253539
17226048
14504877
16681954
15773210
14719291
16195164
15834081
17166371
14698495
16462748
14695272
15498041
16417012
15335916
15193789
16402403
15770937
15921336
15182744
15281018
16213101
15677319
15982962
17564102
16488966
15718052
15452747
15795660
16648312
15657879
15099569
16472542
15694798
16047026
16315405
15238653
16434258
16060882
15820625
15524324
17362997
17270047
16487770
17281440
15586273
16377038
15389463
17263791
16309970
15543042
16729446
17202344
15920976
15540578
15378056
16079168
17548654
16238066
16212660
15229569
16168384
16022458
16094387
15507008
14940886
16763769
17045223
15988207
15611803
15151191
15517431
15282376
16194427
15662673
15684905
15410223
15854604
16605388
16675266
15712941
15239313
16317878
15196103
16152954
15537850
17576521
15896026
16007868
16103855
15064500
15220924
15371349
15115515
16124945
15339083
15612326
15623112
15472594
15058340
15189450
15375916
15754793
16371856
15804771
16983629
15400625
15336981
15663275
16793686
15748702
15681662
15303889
15686637
15447987
16612083
16156440
16988548
15559787
15553899
16865252
17255630
16249916
15948175
15439845
17171224
17069888
16666755
15408780
15792132
16424304
15804606
15795176
15802490
15436825
15280665
17187216
17308664
16483056
16892996
16824095
15566054
17542002
15348777
16964960
15997797
17536783
16132482
16829322
15799796
15297381
17303795
16270436
17166966
15130682
15618293
14970613
15944530
16938347
15633316
14968284
17002802
15787554
16633088
16943538
16708645
17373616
15967319
15035985
14955458
15410573
15989213
16462609
16062307
15785404
15426429
16314633
14622542
16206293
15408688
16272580
16359785
16293715
16779624
15004882
16305527
16228304
16269083
16203821
16990667
16497286
16668349
16498198
16448534
15987954
16279524
16302266
16204953
17580068
15400427
16452804
15148386
14676864
17033290
16201558
16509318
15433947
15357715
16298532
14933891
16374356
16104759
14916157
17421462
15801910
15023797
16291717
17455008
15093485
15367391
16964239
15809537
17038329
16260080
14686404
16657704
15719820
16466969
17181972
16397319
14670586
14628480
15659491
16874277
16025303
17168173
16172774
16248829
17262507
14780798
17404983
15007443
16129517
17041192
14707819
15359678
16787619
14688819
16162604
16363583
15640636
15728886
16860291
15275022
17328780
15546441
16592159
16648569
16930565
17106681
14973196
15779807
14757213
14749791
16384537
16469660
16455423
15856839
17189388
15827855
16004742
15921781
15037003
15521638
16300024
15485433
17663570
17246526
15985805
14403861
15617752
14828968
16770173
15495799
16131530
16544957
15834458
15803433
15652057
17127209
16281720
16943203
16276959
15685798
17032799
15812999
16344236
15705128
16374871
16322330
15962740
15630022
15889957
16990739
16103845
15955234
15906349
16080338
15738511
17184340
16340366
15790170
15781791
15685201
15097022
15425618
16256119
16221893
15976514
15807680
15517245
15735261
16451158
16370742
16361214
16734323
15927121
15369631
15996367
15977422
16550363
17601986
15879053
16624602
17002253
16972264
15495649
16160749
15680876
16566597
16057888
15797595
16287296
14701124
16186700
15537802
16318565
16725257
16740714
15831556
17417049
17173114
16532846
16964612
16189334
16211809
15876924
16349484
15232014
17181222
16527729
15945810
16644363
17413526
14812019
16339458
16835195
15579298
16406246
15692008
16348424
16259715
14908119
16194791
16530314
14854860
15914796
16944046
16421106
16699686
14703149
15475892
15788215
16354798
14805784
16792768
15940434
15721726
16152644
15440731
16390045
15214647
15658452
14748443
15508498
16725899
15081417
17124169
16408070
16892645
15582445
14580934
16472520
16037139
16640631
15354862
15839369
14929437
15901842
14698428
15033333
16060832
17633546
17122414
16398873
16918991
15256893
14720105
16130601
15524159
16336481
15914514
15759441
17011291
14917326
16883955
16088965
16533310
16956077
16017916
17087173
16046665
16001974
16224190
16108113
16625545
16208699
15814486
16334202
15658469
15944169
14896659
15015907
15840519
16803634
15273151
16368197
17237078
15644856
16059615
15203838
15670257
14876603
16498972
15278416
14808241
16490830
15299370
14596426
14671793
15500599
15789581
16407617
17347547
15120837
15959740
16156851
16038280
15138741
16245483
16156944
16405092
16372662
14982137
15588259
17321491
17368995
15111011
16063956
15816349
16144213
16441243
14936399
15043021
16133164
16698413
16185456
16104082
15628909
16100192
14987762
17087600
16421295
16635190
17494480
16650929
15226631
16301291
17087254
16838712
16290049
15558285
15077428
17199600
15953143
15584348
16664556
15256344
16658110
15139796
14718111
15993874
16909834
17379792
16014799
15800508
16789153
16462785
15330651
15944204
16419027
16879406
16207988
16057135
16794258
16083435
16389199
15755505
16038515
16557753
16689475
15303467
16830176
15663284
15929418
15719759
16384018
15762272
17187348
15808741
16376812
15746144
16212277
16554044
14594744
14838065
16060577
17146111
16332920
15858450
15749742
16826035
16119172
15723163
15422344
16867084
15826597
15768517
17487875
15579278
16133942
16066123
15011805
15816316
15803725
15595332
15408486
15814480
17104690
17308856
16599486
16888610
15689048
17622817
15994035
16978399
15156106
15811908
15860237
16043061
15974456
15376026
15999678
17499294
14372896
16583172
16000364
16358586
14810011
14732299
15107590
17134868
17517274
15815976
15117611
15879767
16653739
16674388
16051574
15577436
15618946
16608468
15318860
17186515
16098563
15814985
16474693
16083352
14461430
16602851
16256933
15810607
16866211
15704824
16423629
15264820
16272567
15660108
14613960
15702997
16034552
16406631
16144253
16500913
15507746
16945480
15759955
15583285
14965976
16899147
16447465
16229590
15781651
16773638
15677074
15504168
17214684
16345134
15867479
16693958
17269773
15777729
15408892
15260083
14843912
15224014
14548478
15051198
15956250
15423950
16946368
16784373
16899331
16819184
16330478
15513531
16735747
14907612
15793649
15670309
15923512
16402875
16549112
15377862
15855823
15769120
17152249
15888402
15433705
16341816
16346203
16680268
16139004
17027556
16666075
15691753
16360325
17148938
16199253
16575247
17401026
15464015
16303973
14903294
16185608
17123674
15114668
16200903
16851353
16619386
14803981
15974262
17789280
15430605
16375999
15237118
15108965
17502241
15212226
16919419
16288848
14548980
16956654
16527020
15845758
15177057
16022896
14858275
15654362
16218943
16492657
16879499
17361243
14722990
17066154
16956841
15997170
16117193
16021417
16302196
15329644
16123809
16015764
14968824
16682347
16668521
17373599
16747707
15600160
16808957
15378885
16938193
16690807
16704059
16899145
14729976
16297258
14334198
15953829
15684173
16374080
16560506
15551414
16438124
15428674
14560912
16270149
17212777
17096614
15908868
16108204
14877005
15511204
15781184
16564971
16210185
16861239
14739339
14474079
16267233
14715911
15386321
17199529
15581696
16375335
15620063
16282035
15860072
15597780
16727484
16171155
15868981
14768411
15795174
15631716
15829688
15964374
15355990
16527706
16310896
15241437
14703643
15687332
15068911
15170939
16077938
16470061
17291090
15901164
14734032
15119928
15914267
16380944
16864006
15718695
14978498
16329224
14856651
15713761
16342680
15916169
15750299
17118477
16147627
14348620
16891275
16225035
15577556
16277451
14631008
16223983
15340264
15945932
16775163
15816352
17719907
15550797
14454910
14924256
16131482
15851028
15233974
16663168
16122351
16596317
14517680
16591951
16717866
17130889
16967378
17230617
15842439
16033585
14797657
15762727
15672570
15123916
15996506
16476867
14779299
17285529
17459868
16674292
15518671
16510044
15703073
17286105
16543825
17495314
15846199
16073238
15232147
16116635
16474553
15896988
15785129
17216638
17286407
15564254
16151698
17094368
17530848
16472517
16660464
16555193
16456796
15607092
15304417
17013185
16762368
15786085
17563278
17332789
14726345
15644444
15766137
16041083
15402995
15883144
16931952
16286177
17040051
16818893
16512841
15729645
16646710
15135214
16112946
15462407
16574400
16849397
15839989
15950705
14827060
16604773
15999786
16139373
15787921
16524354
16053356
16156108
15843261
16689873
16079790
14552337
16077222
16481058
16943491
15265228
16003539
16153030
16540667
15726463
15833920
16668597
16471862
15088300
17136018
17185080
15857330
16420862
15680622
15005376
16184358
16999318
14612371
14742964
15658381
16039091
17067420
16851018
16683818
16279761
16001444
15501040
16314029
15333091
16875501
16846528
16629396
16495140
16243723
17223238
15010294
14643402
14784036
15050241
15275942
16562677
15347285
17414030
16396928
15475497
15204094
16634975
16208584
16725212
16161041
15380922
16454363
15002248
16390640
16010063
15566391
17364919
16271488
17184152
15915566
16254097
15683702
14765655
15358674
15978545
15364019
15989784
15704535
16250977
16116760
16665099
15010078
15687482
16840738
15798638
16475836
15363058
15616566
16371316
15562002
15314748
16483555
16781216
16816000
15493436
15002935
16446039
17068706
16243662
15781915
15274853
16658741
15568747
16012150
14926003
15582318
16162556
15230915
16465313
17636196
14908442
16425764
15275277
15793009
15099458
16502783
17151718
15983258
16038338
16819406
16352540
17480616
17325093
17030247
16018990
15078831
15771489
16234756
14838207
15673751
16534358
15624601
16845958
15661117
16035401
16510261
14934129
15444813
14618248
16275167
16357372
17208442
15036274
16889444
15871203
16605289
15885317
16230716
15960607
16766064
16757037
16689375
16553122
15332613
14705610
16517019
16197597
14562558
16652281
17127102
16216991
16726423
15009108
17213699
16098639
16073402
17076203
15955464
17115487
15081425
16175214
15589756
15584544
16965118
17159667
17125367
14845765
16313699
14629817
16530253
15734520
15506424
16675873
16185917
15169651
15587887
15640094
15750535
17283609
15013843
16075709
16498901
16153634
14666610
16698505
14588432
16671976
15891029
15715536
15398521
16287344
16757994
16518520
17292886
14725867
16040326
17341661
16476384
14505283
15135984
15154285
16658195
15828599
15031004
15719181
15403486
15445450
16720995
16771581
15504272
16910820
15899517
16591143
15120363
16210770
15820330
15479347
16060914
16485210
16035348
16454731
16904104
16233608
16220949
14765098
16045243
15491758
15471430
17629911
16795965
16152778
17646130
15976506
16632873
16252225
15864777
15008201
15991088
17032490
16420309
15419464
16367234
16089380
16094562
16311816
15875899
15948136
14641385
15657367
17036704
15408660
16696958
15656650
16221112
16266922
14789414
16988531
16057020
15251709
15134439
16129575
16643369
17267678
14948340
17433757
16044348
16005858
15808062
17020201
14497850
15516963
17487702
17402434
16380123
15934759
16110111
16995118
15252408
15836998
14722625
15604384
15015888
16717040
16805131
15797746
15486820
15190560
17428807
16133141
15359528
16669794
16497150
16181730
14667303
15956540
16381508
16069674
15982704
16006352
14985493
15976137
16108826
16409560
15553978
14890658
17181823
15372624
14784344
16527634
16168867
16526708
15676536
15917694
16624539
16308172
15944747
15921810
17401895
17433591
14927290
15759232
15332498
15647767
15885178
16421092
15352707
17083161
16330436
15987427
17703783
15213794
15788829
17281350
16582904
15005861
16264272
14892895
14504423
15900071
15261755
16925073
14799168
15787676
15702515
15209903
17000879
15331021
16026586
16135548
15745274
15579810
15550668
14852840
16365326
15800072
16420128
15392427
16947388
14840811
16641331
15658850
15310808
16283702
16053675
17234567
15769484
15860581
16302687
14565862
14704747
15231040
15435362
16740336
15956403
16314826
15910387
16214593
15765305
17298586
14997007
16446012
17340291
15921035
14875413
14817441
16448884
15883860
15777545
17074627
15945726
16556361
15806052
16812491
16515365
15435079
15905411
15924626
16524804
15602107
16352289
16316076
14800070
17028392
16611599
16212335
16604388
16410127
16463548
17431777
17135202
15250600
15823346
14701717
16436893
15749574
16627237
15899730
15981415
15325504
16118181
16705956
15690394
16078316
16305131
15184093
15466640
15642315
16857234
16123573
16757537
16415409
17249599
16212393
15932551
15702080
15959024
16345953
15361109
16303209
16782288
16085749
15836047
16834972
15397101
17260389
17598900
16824669
16193306
15647597
16079097
14880054
16016382
16432847
17102089
16634897
16170822
16487606
16717158
15027863
14885375
15845605
15971595
15772889
15892106
16240650
14318496
16415427
15332108
16270915
16617083
16176144
17660819
16722014
15888889
15760840
15888790
15417316
15015117
17459419
16344919
14751528
15283203
15046652
15602233
16327610
15334053
15707564
15294285
16567130
15604043
16231135
17534487
17431583
16170606
16822040
15278382
16638812
16177469
17662315
16399776
16467121
17501614
16277228
15615180
17488460
15979796
16739957
16079352
17362875
16225772
15680638
16030159
15529024
14899917
16253192
15281719
15689516
16492240
15524850
16260141
15957385
15972323
16931569
16626290
16445747
16506217
16966236
16808625
16637169
16352688
16954149
14539010
15497169
15762260
15688797
17646090
15974727
15331017
15682360
16411484
16113923
16544316
15964231
16079805
17141419
16027249
16398855
15956156
15559314
14455670
15352010
15523422
15380948
16176312
16785146
16559501
15182561
17187504
15618397
16579574
15511208
16280572
16232628
15305071
15264366
15876080
17102623
15358031
15900421
15279473
15095149
16765131
15536290
15586592
16577117
16304341
15949812
16280993
16246341
15450664
15835793
14652205
17341292
16987908
15520181
15362903
17028291
15467285
16705169
17107354
15778799
15162956
15967645
17476530
16712183
16777829
15911907
15558095
15463690
16060805
16172662
16054618
15566117
15906197
15530631
17165242
16398924
17348881
17048752
14973361
15787496
15520349
16904627
14888177
15378074
15897221
15691213
15799852
15877284
16065515
15894762
15909780
16792994
15681817
16055586
16236145
16487523
15074827
14927698
14940036
16540521
15554049
15857015
14689900
17153111
15343355
15385340
16715996
16049298
15996677
16381939
14668683
17017192
16104564
15989233
15499190
17658749
17083422
15684140
16956141
15121483
15594363
15971598
15319309
15793401
15493114
16461186
16393121
16559159
16015595
16119367
17611721
16371498
17010496
15694372
15935033
15952511
14798781
16228980
16539000
16510719
16497019
15030497
14809764
16075111
16096086
15495718
15482669
15861372
15590495
16249557
15485834
14515491
16275146
15925853
16696264
14568582
16659393
15910688
14740782
15521083
16195350
16717355
16249835
15270351
17280279
16205464
16289446
16058031
16472303
17218216
15443328
16469470
15204707
14700215
16193309
17357439
15843583
14814396
15709379
17065389
15807448
17643613
16932551
16032173
16587504
15811392
16366385
15759572
15902420
16928119
15318848
16422193
16207367
16536769
15816170
17617255
16285226
16016123
16455188
16216509
17357806
15541495
16875974
15431355
15197047
16121293
15243788
16343280
17032579
15174432
15917293
16093964
16544305
15818460
16860749
17398471
17394392
14352993
16427477
16592524
15919886
16690842
15650002
17045859
16859614
15967191
15971041
17418176
15324240
16540420
15694559
16034636
16497667
15945062
15809749
16254493
14855258
17187860
16027335
16836803
15535991
16331155
16083940
16450789
15578466
15474265
15755204
17217994
16424977
15660395
15066362
15488000
16884402
