12987053
4227524
8705544
6667052
18676409
7838310
13393626
5595798
1843207
20720831
4523227
3738050
5313533
11633334
1158019
2487599
1814841
14459096
4028637
11043856
11154912
20550983
2365696
26920920
13376324
9680710
9824655
14534780
13539064
29501734
6709702
8078191
16642011
3333255
4306051
13139798
18148530
4579299
8142594
1430085
28368053
22078024
13060805
11313861
18713257
1792945
1653680
2011568
16028853
5143927
28542257
19290311
8241662
4292258
1483590
21352204
7119314
560647
28349665
2694706
21919382
2556853
6615841
1371332
231784
24392088
6263455
5527307
22491886
17658127
1043305
13888671
4379457
4829951
2151762
10430169
4412688
26878802
6526982
5763981
6026372
27787026
22389173
11589448
5860777
3909853
571643
12899442
12771124
4621774
10210163
12644087
3758821
2164928
20772406
600887
11276576
4304994
9022647
25968447
1977097
21032965
3818069
12428181
7143560
16908188
3308087
2141208
9812116
12970498
26152002
11651648
6689592
9570027
6799125
18810492
14453750
1156997
24948072
371245
755702
3954013
11777600
23694876
3810017
6396201
10476833
1454654
1243842
7046504
11896790
7225792
6053924
7221488
18225737
10325375
18089296
13497283
16587595
393696
20914114
21879089
18340632
3427078
6433325
4250330
11604496
15122113
3031757
4927251
20104059
3483341
17605868
23556348
8664859
7621082
9298328
5394564
4748808
19204580
9950431
689611
20047846
8609625
13606833
9742085
10327850
2876092
3505429
12149917
4059753
8974693
31457284
10510012
24607931
28660780
6403232
3052504
13274907
6198639
24065553
5264925
870293
1154265
8763086
6806050
9595971
12743015
16268241
6230275
3120318
1254235
22506322
12522290
7589070
716916
10169034
4992645
7757598
10742063
2444006
16122503
11417237
8092926
4858381
11727736
13774910
19008951
293510
13541480
6294065
1466726
21164581
14138614
6287576
1144559
24518412
13804057
11553423
3797481
15222632
18312909
491372
1149303
1753861
324364
20396734
2641244
13321644
13903212
7454922
10686
10728079
2472727
14439736
19076921
10482860
18179160
11817173
12447112
3979261
26930674
2816170
24375764
9723084
27724611
6048627
10588113
14251416
3174366
19711296
3291373
10356953
7127680
1869279
9441206
2127066
17132032
3996715
13313502
2879411
4569840
9867534
3774826
25562885
12943309
5381289
11537042
14566451
321653
1541345
16385553
20507831
18791262
7474331
12478561
11850567
21858224
3306467
20688495
12993925
1409860
5125723
14667481
20216268
19877965
26798983
23815360
16083587
8906649
5710496
368978
206346
8258625
537708
14637935
15041089
26370222
18364103
573653
6787830
14277790
1727405
6062459
17134379
1963326
2687826
26138751
298183
260800
9859433
18592117
17982095
664424
28529642
20220108
4203753
16043621
28847312
3339089
7611441
3184763
25324641
15463817
20707802
1471813
8503858
14379223
5204022
9665809
17109728
2578693
6990891
3254847
8729759
376485
6103937
10486636
17381468
3213663
4409617
487709
1368084
5543901
10942832
4130707
11509239
25308528
20406651
291105
12313629
7593963
2284487
3865316
461609
1640003
15405398
4666862
9653578
22513871
23699425
4188314
4998869
2894737
3477269
6390109
13715313
2954567
14818568
3897725
14141468
8076884
16029534
24638302
5372183
2762495
18613788
22138376
10532837
9820237
29171853
21679134
12706974
5264644
12774726
15999594
12683192
12039306
5343940
6469560
4649044
9534375
5124572
898339
3692650
17727859
16304587
15607445
14998419
29619364
18235248
20093663
14900805
19252010
5057160
9517646
5243524
14722652
29517228
2782880
25069229
350781
9814632
8852664
5450807
810731
3024207
20954023
6372865
6255325
18464508
10350149
28419724
18629978
11758889
24172129
9515323
5483489
21117062
16945903
10773422
1205618
9056829
22013182
5564356
11450425
6593155
12893468
24731781
4172536
12214294
346572
4739029
13454861
21666511
22873880
590749
13935870
299217
10703294
5561859
15883942
5344070
4169751
5312797
12827001
1493826
26903734
23221600
17030904
11088301
2767065
15956199
818563
10829657
20900407
8135882
520215
2568144
16987473
8333825
9508546
555475
20558734
15597962
19863249
6096983
3547834
6913165
2352764
569981
8414134
7128810
9005617
5570015
6105875
27249544
19541795
27200919
14496806
3288475
11337196
743428
12943942
7286134
23774885
1464695
6411960
19341066
8434836
2132146
4101350
6854149
6017525
16196508
31744989
17451307
11275401
13042316
8691942
27949291
12385755
1580929
4728728
12054234
17515892
2768891
10449715
1945455
6455962
6242476
8863531
14869930
9595254
18726165
3670550
20271554
18874348
1756142
24644850
1514720
13456594
8700768
28336860
1555972
27754191
14482852
5333240
2644439
1303928
2148131
609551
5158744
13784016
11049517
192138
4927497
5931088
4593271
18092956
29624180
5035873
12288391
1720692
11014846
23429079
12104329
2500358
8184579
15036814
16992827
2150642
4759263
11019515
12242280
20515777
19835023
8857252
27202371
12517574
18796695
29804094
1144083
25465739
404595
14452271
1407372
21132204
798767
1485990
21744213
3193322
669341
12399019
6043234
2107034
4079592
6335681
876796
11299844
18614373
24892877
6832457
9655433
4224256
1070430
1729542
3686369
345488
20957114
5222283
17749070
7673422
7353180
21258422
5846308
8092564
249096
26315681
12810848
10618024
14591992
8076131
6143325
4224702
19096305
8155245
16396162
8761663
10707345
7670792
503970
1247758
230675
26629
200948
24054778
7634941
9894016
8255627
12011082
23749835
12156358
13302690
12826326
1634061
13363969
1687994
5404525
21739460
17976759
1714703
6666807
6737591
25487176
54836
15362588
12499434
20616067
12242298
17043953
23870750
5688722
8609128
5445411
18553835
9311256
17160575
17505958
5105935
4472408
20216751
10447093
12369639
16537249
14622487
2852984
22109669
8414559
12295524
22681378
1998932
8146505
13481472
8154597
21072520
11218122
15742155
4794854
16575308
7531368
8153023
734581
18544580
16231040
7792495
5715561
16168038
10080268
8162893
19747546
12942693
6506807
27388387
20682827
6731269
6972288
2507866
16759766
15280082
6569951
14919701
28175210
5358884
22698661
10142667
16393546
14650054
13441302
10946211
21434779
31354568
6219073
6627803
1998133
20962998
21721678
3575954
2827830
11725564
2538732
217168
28245109
16883777
16665205
8118258
10156973
720742
3361496
2109229
12545129
11291138
5448450
7711810
8370705
5297769
16998630
7276287
12374090
2230817
22630058
5805976
24555161
10701934
13090684
6934825
17650265
6593343
6590655
6797010
8754393
22326966
5016831
3224147
19579500
4406675
14582497
11536370
261800
8543441
8872649
13627792
3607932
23917880
25715439
8409360
10552685
9146573
3795585
8012007
3680712
7053682
25190857
25519328
4377874
14966851
15496448
19394502
15575749
13288223
1141546
92167
11418087
7477186
3540743
4500610
12594966
15084379
13377393
10085623
13682157
10681385
3948064
13376063
21061041
21469183
1440187
12199596
25038555
1068299
6525830
18427406
14621570
19300496
9326253
26505163
8969530
15117528
1957720
19414482
4910948
27980915
8753460
5080552
25837981
818446
19367642
1933307
21778021
18384537
12608682
5009997
14424167
13216288
8238061
13689176
7219097
13423007
1880725
10438095
123463
13218925
20601990
2365931
9090892
10676716
2246669
14414155
4109402
13276162
17439415
22106967
10865255
13650091
5552615
3612977
3243233
15155502
18115417
1687107
9758682
27709808
16178745
1616982
6345924
5769394
17261366
5425843
77433
5477288
22018705
901844
8456693
7662179
6785339
1665870
6821657
5902031
959959
2966906
2449546
13032527
15613895
4900159
20689516
7508280
5833454
541347
13740132
15852189
16516379
2122182
20217593
4141418
11147742
17163863
708342
10129581
14131964
3921180
7891712
18432588
19696883
18109969
17337382
11990155
16921798
7513101
3861535
755080
11474596
172335
14552439
25817850
6450126
19730719
16391630
23191602
10514971
7259438
8029721
7498129
10722148
8855795
3053048
9209094
9847524
9642432
1208548
10189937
21012248
1606386
13785179
19131352
539839
6053797
3696405
3436250
7366543
3173483
8569754
17574700
11009183
4777295
7534945
69471
25642386
8297787
18943046
24043254
9772650
21486022
2093592
9511496
24699094
3928332
20728303
12493649
25415695
2095682
12463486
174408
4205731
7681505
14803731
10605127
4500164
18217983
14516896
1939107
12753721
90494
3399794
27582109
13340035
829688
20756521
14863431
20564034
6485459
364946
18806345
18743327
5940954
12884664
15588709
1542662
21383440
18607049
5278024
5502641
1910843
1285860
16163420
18712432
6365528
13241839
27992390
22606739
3976589
580114
7647654
1456841
14630898
10192880
3620802
3791762
350139
2662447
3384452
19236847
18255199
7569957
21549019
9113357
20217532
879380
7320110
16136628
992680
26548681
9757038
14581362
4985182
3663426
13663676
9257083
2460704
3039598
7270553
15629006
13165301
18237948
3935298
18828276
4854303
12162216
2680658
16138933
20247478
12256661
465165
21130715
7345747
10070790
3649365
15936197
8681852
505177
17998242
12240788
14831112
17701178
266213
14635230
22602609
13970068
13947170
13764721
11085412
13912704
20135009
165664
11433033
15941558
164484
9321613
20898461
8730361
8169489
6104100
10701137
1657490
26665090
2813670
26178823
12227027
101766
11886053
21136300
16485804
1176602
3798724
16516579
5355628
22237909
311701
13615566
354089
16410815
8487632
14009653
8860725
11579701
1673576
10551733
14310488
907792
6908519
3548613
18078178
10189540
8627884
12829146
26589698
19489940
7579448
175313
20196831
20267224
7116625
21921555
15296004
1466777
27898076
2336141
20362565
19936305
5770516
12709639
9691991
2011818
10626300
3506646
4936724
9661470
26666921
2686594
316657
18382390
9041741
29339179
4865827
9354335
21233653
2553260
4120573
21132010
15517717
1944652
11091138
6494611
6204984
885434
5544458
5987993
29603100
3502550
19070001
4670827
8691854
23652713
1640595
3258178
6002601
5920354
5669892
14757574
9007851
1779499
6722618
7838611
12096539
6167804
778472
13753194
10226336
10693280
22383874
6373129
10752232
10868213
15392919
1953774
15101005
6023178
13045360
18745191
3291906
3367191
18507461
12578263
17632086
17425083
2554893
2591728
2618644
12408250
6448305
1836483
28886868
10873066
6875968
13877593
7622475
498603
10531940
17217788
17889434
11732423
6646579
977976
27916881
9517476
12014510
85139
6955802
19913674
9958573
126953
4448591
12063244
15723356
3261809
12289705
24036863
18174149
9089003
18476247
907244
27840656
10417614
1013118
8167313
16778325
1147916
17525287
15796663
21094225
21041066
26764083
14337163
10011150
4540706
5684650
1444267
3106648
6631913
17737045
10530934
11086773
16244016
4457859
16079855
1949479
3855240
10080292
20943189
5178681
2546008
21698626
1245535
1332100
1905522
15385078
12118697
15544820
23702999
7370052
1696296
24272673
4466392
19106401
5257965
21783117
17701961
10744810
3039376
11882983
13874
14085632
14486712
79749
3404749
2574768
8725159
13418632
12524796
2289733
3086842
3551627
4756723
13372236
18640257
15032325
2415712
8162966
15995064
22161733
1422486
21059602
1864503
6945605
16272313
1337148
563243
8978992
6067617
970570
17871794
24122306
29772198
8442147
15481052
6663534
1582148
5538739
8249841
4450898
18893783
1824228
10072806
20671783
25277896
10629956
5931165
11915314
2149886
14731080
13193832
20288861
1706071
1599376
1122618
14825340
14806797
16832046
15181461
10157603
24220165
27101837
13515430
18174777
7779587
16634140
2857762
9057865
28036267
14720236
30408216
21448702
19657828
9628456
1323816
2666681
19031874
16590604
21131827
10741383
4649807
4292746
12547176
7083300
26105368
9672939
4814940
13271342
6829045
9164414
17459820
4064071
4681661
17822207
5763825
7404508
7788556
23877619
9266573
923790
23315956
14260946
4567023
18304205
4844008
1343398
18359303
6102749
14740898
14859473
14030567
373312
17692998
14051859
9002822
4552883
16862009
5830679
15395114
14285708
10200794
3358984
206765
6673091
841382
457083
23988711
20826147
11244139
1127759
194583
13988496
6159521
9055623
16755783
2459781
8558661
10846965
26213161
5508663
957863
3094709
11749024
2542801
412573
10990658
3608911
5877394
5952518
9617127
178884
24414170
6827194
12593307
14601103
16424808
2879507
1897178
12619826
6202052
15562015
7311205
7506940
18044670
27167842
16663437
20881649
15669930
5193354
13709158
28940131
26689338
5454053
476942
6773939
5620282
18535189
10610972
11029195
6676580
13457573
14333457
10145195
10962635
18618964
19806525
8889772
10346637
3020863
25206639
12800432
2523963
9917642
4512018
7242897
10778071
1127057
1244726
26141835
4505496
21168290
2781021
16547156
23480875
2178757
27496640
21162633
7159734
443147
2876845
3096015
2503422
5466491
16160844
13327788
2877333
8555829
3871934
4268264
5228213
16824394
1422303
16825253
10108287
5945998
17189511
22717717
2207658
2922748
24528952
8212629
24493932
15787148
6351505
3098541
4210641
16914276
17821064
12895848
10691241
22389469
18835441
24578636
12717343
79859
9788867
1977084
17812409
12171562
11910264
9748684
21687039
23814468
16345505
10115833
4140727
11364959
4322957
25705344
936184
8128248
3228368
12695118
6299325
11704051
6195700
9743068
9737926
3155379
7520534
4715692
16171508
5636892
721883
12122748
17083794
2203005
4137959
2026046
11004151
11552996
9232074
9185082
3303129
5854136
21498916
22714358
10752512
9482621
2182867
14921753
15522577
6569014
2384017
6788174
981280
13216831
27225781
3456429
23731443
21381832
7185302
1162340
9582894
23517337
18156566
3242396
10640776
7664424
16658451
3963743
18553164
25730887
5969378
6869182
5026336
6917076
12289984
293656
25385492
11327851
10564524
2974369
10622172
9896303
11231318
72458
4588967
2632615
5563325
14175790
7743044
8935792
10178294
11131244
8472714
12428068
8785654
2002072
25712304
23063741
28404334
3496102
8544278
1417769
12946503
18431884
13791133
15165831
8019929
7468516
6061393
9069699
723556
20099981
24490900
11848937
13660759
1739099
7608240
4407526
22871426
29101597
1409746
15939832
4027009
10142678
28110618
22918865
19583495
9370
24934517
19209973
10038223
1527736
10170116
17009225
15217450
10005811
9570546
21200473
8860334
10940830
14298354
20978382
5015401
15261945
11867212
2619901
9177259
20604976
4936991
7859157
11533218
419537
9191660
17677295
5950695
5907342
11027596
11373922
5805882
8257901
208215
2360194
1172130
7735106
1790697
10902940
5652686
1432246
7592181
2910379
15130064
19504325
12839201
379177
17640728
7742114
3466490
7430311
3185719
15458221
26599259
13908108
21620145
6126740
4411892
14889866
18864552
19113589
7712724
8808645
7707308
1637789
14955807
16472194
22014213
4750063
3827371
5395506
21472787
6893996
1822193
15647803
1010270
11168986
3622688
784598
10451711
272505
12184340
20471656
10443855
6307851
9741904
9345099
19332993
8416094
15693584
15242453
16039514
675884
10156546
10010133
8468062
17559465
18813055
1406072
5301438
10383277
976880
18050170
21428538
4981736
19364648
21008181
2049843
2641492
967845
597153
10459427
9808508
17358763
12742028
4275392
21664672
16326784
5074320
6609767
10980718
26204460
659117
4633725
10828883
26119275
21162327
12280479
22651455
27028116
7200052
25346422
10897256
16952742
13049979
21677316
677114
6496729
2447674
1814776
26972849
18369273
21011352
7132258
5718617
15840828
21287408
5393955
9360571
22990487
526857
7464973
11539182
6340964
9244827
11409814
9082411
14547701
8051814
18468650
1810584
23032561
26332636
21785349
12906108
8988932
14520567
11312657
4470551
15425192
4044426
24124148
311274
17764303
1289528
11350614
4439720
10626934
951693
17567345
15553129
4699284
6040455
2651765
25687195
6532090
5617394
2802996
5980128
11628914
3396783
15811439
18116523
19544933
18433095
9895978
11123321
19811069
30095815
18849383
25606874
14164299
13212288
11600203
15791515
21643943
9146546
18637486
3725395
9988954
5214905
21822359
15892019
5613930
8539707
19031760
6566667
1291907
3649314
9177182
10367412
16257471
9176315
257022
1402575
10463752
1645901
5172346
18408276
7571807
18948868
17049419
412245
18734484
5443842
9310787
19194917
3077419
8508733
17276034
699106
9439191
3782664
1048490
16832019
8228921
13307763
2649181
27211735
4617843
8175959
31542689
11610413
3780209
9460023
14198726
3146429
17004445
7306272
858100
109787
2584055
1524320
13716256
16936167
25679738
22814273
31442
9043138
729521
3192134
14570554
12903572
2365713
14253082
14683540
7215708
4610448
7899437
7586671
17595184
13818024
11088918
14457987
6589853
13160888
16178428
2035904
200323
9263561
22631103
10059718
25828684
10960110
12278482
14206124
8228302
4437854
4297562
2070198
5314519
5233885
22253526
23823919
1836443
28791686
28511647
1177465
3951448
9007967
4014125
23279245
5634002
2788440
22810033
5983196
5947196
8883895
885340
12847372
3692551
11784417
15124256
3370422
2969625
3971315
13199769
16304750
12806365
16216868
11182646
8837574
16303306
9552258
6854509
606495
4967964
26508658
14824026
17767926
7238239
16806690
22491923
786151
9548546
7455512
1877658
5687698
3002877
444652
14859470
30580502
87481
16464002
1663165
19990747
4229267
16196474
9839006
3257447
3450774
1668997
2899708
3975294
16426615
24284833
12072491
494821
3230081
14722725
1009650
16339035
19075614
24093532
5555800
29455392
13477218
7774369
5727902
19895600
24033836
20935659
11193258
268768
9310883
17003475
1888267
23298350
10380389
6043066
16270354
14080042
12740211
2445609
28178196
300856
5026410
11758728
24573673
20140331
5430259
7509894
11834315
4104451
15264745
6703848
631739
16711769
4117998
4710407
16280294
16710140
3922286
18667159
2224342
6031833
1537597
22784977
10631625
15955533
5507683
4586087
11672590
24951703
12843675
18103311
19471496
22974531
13215279
2165625
15285822
26185453
11849656
15057078
14870772
1968333
6397249
8848553
119741
469817
11995938
10545774
9838266
23226467
5709745
1213468
8058655
7313911
7584772
2056646
27293632
12538942
13218879
2244805
598283
27391586
5052000
12274953
14222405
21858539
14545821
19244700
25055989
10443136
17459993
289335
15713768
12788942
6167240
9831289
5618333
478968
12452924
4570569
717303
17238413
5181676
16609871
14018089
1280928
2797634
15557192
12860848
3799096
22973842
12791
17726089
9479581
13427019
24567837
11469370
4849041
15201041
10159148
19241447
26380766
27145680
466327
2024804
2807425
28190880
5370805
22929406
5551204
21681171
6885879
8279246
3851350
24200638
15427404
17955121
1133540
3145687
2691450
11386706
27608607
306925
6816653
2018575
3788841
9445230
16928481
9249045
15682793
8941008
19125858
18143263
12242389
897261
895297
24362717
7949525
2910121
1559884
403097
1191366
17464660
8859722
2729630
1178077
26044988
30122611
3701653
6055238
23047625
6444320
2508138
19253468
8648779
16867250
2750022
19653566
13584455
2862013
15124609
2200740
3499294
12063776
10909850
13473137
9437586
22360025
9410693
5731149
9097720
6905498
618506
8814698
20274061
1779563
16999621
8010686
13222467
12952911
11115434
3750413
4432118
12567853
20912342
6772370
5614604
21984904
18853485
6710018
7418519
305682
4131740
475913
7232994
6599901
16412609
467091
3541407
7502252
16069723
3324600
10061122
7793490
17210639
18351229
20543720
28931719
12263633
9658407
10491451
17982506
1551450
13856560
15758720
5516109
3729809
10871563
2628686
1002234
7844657
7483275
20302658
5497087
18349965
619807
7907195
13844703
5496558
9172578
6667321
17264431
2272084
17253843
27529239
3557776
13150389
11013850
18266297
14514227
13702979
6932204
5081133
1388444
33162
7543799
3329969
13124787
3980429
8151183
12953945
1868509
4825108
16121184
11792522
12035173
23019009
8104965
13204440
11381694
10169320
15841028
14535286
25894355
2883925
11049924
1156986
3543711
11872032
16593118
13806466
1523889
12761832
10915090
3039303
10819101
9588600
1834176
18970695
13780775
13509369
12202148
17342861
3160046
16754709
17138444
14936363
10508619
3877824
14151051
7647266
7895128
2612037
25710543
1562901
6485409
5906624
9561729
20782485
8240736
22595541
8828564
12993836
6258460
3892281
7385573
9623582
15878993
4774982
2308205
14482092
17861983
20471373
20580869
18355702
6900729
2473300
20585911
11454301
3702557
4790468
7290575
12662795
13476685
5758485
12023808
10963571
10596780
7053898
4695341
12280231
8258904
529204
1860121
1878605
5134303
25536048
11762383
485838
2945933
6293563
14721636
11408820
1217064
10654983
2612745
8266227
1104154
2172130
2364199
24218592
1529452
3465875
9552358
12663903
24210580
115434
3924275
900749
3268071
28350344
12256505
21920500
6802164
19619868
16844927
2562609
1471246
11573600
22113295
21695450
9703876
3859191
3780650
15455937
5651063
4029512
2668369
2919270
3028081
16555976
13168910
7604725
7762382
25361046
31308820
6566387
16216087
22268728
2724962
6001125
2606278
20492687
10976704
7775161
13848677
14252288
3070780
8530528
6181399
7133184
13537887
21613801
5251316
1559011
5530121
14716232
16639692
30750524
11936136
3476157
16125581
1013531
5537568
15385545
14746245
18393643
1075811
5164064
13314508
1459698
9569478
19453317
3143333
1886045
347215
6080513
9565907
16968545
14395851
17195792
1564218
15907237
19169818
15517518
18754814
9245269
520293
29326041
6992540
17992034
9381232
17687251
30945104
4497432
3005706
2565341
7363984
6837943
17196519
25937692
13965026
18818723
5752959
752287
16180376
11927142
6064158
7083103
785428
1456207
29158029
10202694
16537668
14653334
28841296
9860631
13473229
12942098
4479474
8096846
2522036
15970085
2644058
16101501
17139591
14326239
27061170
12091360
1097057
8269239
6163955
6367425
1704084
8423137
7524687
12786537
12563692
7005382
2953535
14417715
7717764
8295653
12084287
21669685
9916532
3598796
2725228
4334078
6467081
164788
21978615
17926770
20230194
13489355
2620410
16712463
179240
576970
3719336
9332395
5647408
8875808
7671555
29094458
15987275
10319975
536869
3952476
10095395
908975
6679807
18927642
24666553
11648762
24835103
25865747
2955007
633129
10624775
3683396
23159605
8494600
4594740
4410771
16144180
13009530
18113896
2589545
2298759
17446969
2767286
26216322
4658215
2558663
6726459
6434624
7834669
12867373
18943983
13251570
16271906
22122623
12335239
16317180
17494388
4121783
7264592
14297137
26291590
10289535
2936444
7124456
12575963
1093859
14131445
9977217
15412256
27035804
28550933
26067431
7135536
26982093
9973973
13261450
5285849
20686419
9330513
69299
15915114
10480075
23190283
15668723
3461370
9389151
17221548
3746132
24987187
1091140
22332118
6334270
15083700
21943415
14029388
19902302
17269431
11408515
24154019
14642824
16622058
2137126
555609
14964186
12696490
9535903
23569986
18266191
1364958
20473682
7492706
995196
857383
13287108
12541377
7888963
6905699
20508249
5116289
10766587
7817389
5556034
20595077
12364449
8362418
13781284
23704030
25060240
18256367
6363978
23037941
11015339
17862061
6172242
5530383
869103
25090806
25585924
3036485
14971733
13996792
4862342
9139534
3515644
2549688
8730442
4756833
23504744
7250461
15044998
11123126
28594346
15740444
3925174
6417048
24236407
5730393
651658
26558153
15882686
18779461
1879639
5600439
6373281
19205176
4267088
22628579
6641097
16405010
15668640
1791432
3997160
23422095
1692870
1437562
1616722
1243235
23593238
8833648
841563
15239866
15907187
1251220
4714206
27983
17876787
8328210
10858713
9641301
15747000
19558733
1872967
998682
2781425
4961917
22726047
154717
30252285
933448
7895434
2895896
4436380
8942801
16913070
19669851
8727227
6364602
1570210
24982953
23179439
11089023
452052
13046158
24676308
7957521
22496364
23619326
7843329
5622365
4790372
3041320
6187762
8932254
9997081
4669126
22040116
15799510
4696170
17666695
10934727
1350948
17951157
24107072
8970189
13802216
6130264
9434805
7411126
6901587
11526584
9416306
11543793
11101152
369120
15292553
10825329
8410770
19741005
27714656
20703496
5414538
3803770
11867681
17459037
5707010
16525408
5792677
10592439
11144876
11983739
10631415
6682363
1137210
6050488
5908396
11157271
4847365
3043321
324578
1852688
7494894
5422397
8587417
2751377
21179107
18698681
1809452
27616378
14523535
3764986
794009
12771159
2551221
6134381
6004938
7669429
4046932
9072998
15737011
8600703
12812042
19600610
7647173
4643552
1776405
5742824
21230156
27847153
13753338
7144617
17710774
18686115
4161957
226507
339398
6814158
6323839
30977535
12740745
19622436
8410947
7330526
10928125
5977732
7232301
17581392
24631109
19392764
19448472
24155723
11638377
14160701
7815870
17696523
2792640
26141668
3957278
13474855
15425388
14305256
3197277
7423109
23169441
8975391
1512039
6877507
4566834
5738726
19726515
5374397
5372663
21999074
16417726
13057375
12122325
5850250
3550830
12288652
4105379
7727944
20474493
19707571
19350018
3021159
7868652
11785626
10089173
224515
443413
3706764
5976578
7205255
4390793
7843620
19825238
4550859
10927496
6970291
11843635
5778909
3018821
27161950
3441326
1736671
14540950
6343543
2337850
17453146
16280325
10828410
4673786
6018329
9227882
7045413
7058058
3720457
1715028
1080398
12093152
4605944
10300483
6422477
3134631
2428327
16453512
23114544
3496108
3523350
12849511
5027465
4278195
13917054
22340536
27160921
4891016
5172949
11734592
18344418
1322081
2621783
3782655
10919827
11256953
20073523
4636310
3413435
7419747
6495509
24952159
9230951
3230653
12011490
593393
25531650
3855989
14394252
12693940
43967
3722682
354219
22938682
17939572
8680516
14614357
4599349
13837740
490852
5031258
16275634
4443384
551864
5522505
7233812
8746738
21390160
2432434
613768
10271384
19424925
3468038
2360146
7516844
8727850
23363916
2936751
14869585
5874149
1246224
17555922
2616680
24433964
7636069
13019127
17960421
3472013
7333719
12213367
227350
12136096
5864112
2697451
12225241
14353784
9140092
10430238
12777546
11318696
4682617
16403033
1228583
6697065
8691822
19697841
855051
15182159
1957753
20962008
25028359
13633376
4614568
13204333
444001
17246977
15407017
5241502
637310
22977185
10169247
13184061
19688229
8272027
11185070
5773183
12191476
22252460
4037921
651161
13324696
10043706
20139925
20939720
14003133
13092867
7009273
19377728
8564578
6072836
8742759
2143570
5746708
18218212
20745916
631047
5490499
22961851
11565955
16938803
3555994
6385175
21875109
7772238
17235090
4030603
3822230
19740832
2161111
6388942
9784940
12039243
11502268
7966281
3015875
16725562
9045561
2958865
6154624
27706364
16087900
16967683
24442978
3310462
21717812
7755759
2333925
7570739
5562546
8056020
189771
12681017
11702077
7989305
28329300
7123678
15829929
18798052
6993901
24068997
11562320
11364612
3907444
6563593
4548529
2259681
24203525
146514
7972526
1166513
288455
22245844
22673088
8878991
23709065
19652939
26849705
1770106
11136933
20648134
22523585
10136527
1655890
22795422
25615724
16514052
7922397
9556384
20826245
17978212
24093350
1558188
15980944
25467591
2995851
8366952
5915553
17594957
16273213
11591752
3829398
4973215
2689885
23302380
2962959
1416205
1429958
2686636
259197
18282077
1638100
6339850
2589115
28062072
1257447
108964
12681174
26616939
2182929
28093993
7090837
8574196
3627837
8992598
12355907
3932495
26097886
20554122
28045241
6604829
14496561
1419237
13121628
11151065
8567675
14583359
7186932
11388236
17728281
14679005
13627199
12243995
7857409
10303463
4879807
24546940
590216
8254492
11807710
8367300
3740241
450659
22112455
2169964
1718825
2973958
2998329
3776727
17372411
16280858
12708855
137976
8156522
15731444
20951343
11414539
2577899
3649598
18951531
28366657
26214804
27413171
14072295
24307532
6724056
6588863
10866601
1041396
11264870
27221965
2059072
1710682
16991
18431067
24322178
12647515
4818713
21187010
30054291
19263411
235916
4563486
2466276
8232076
3361384
5883794
11703893
6348014
11765029
8957734
8793335
5697560
21401353
18579469
8655372
12950075
5387011
3041458
29304102
11868094
17102534
27675475
25350707
20528320
2496382
531949
1927118
7645054
7535522
4252351
11654770
3832232
3988407
16049761
24884116
7100450
14793786
9541917
19382942
3829605
1414537
7858474
14561176
15460650
2149185
20574177
4215981
4141215
21494607
3908833
4910684
26920405
1801388
903363
189289
5181959
20026171
5279470
24637009
10201783
1630301
3320447
17387043
5141328
1241237
10180744
23735946
24752642
21630056
10631636
22429176
23686150
10877697
16805695
22464894
16924091
14305148
3582010
23514467
6437714
17860988
251704
7869293
6008793
1147532
2897741
30793358
14339376
8484128
2288634
13300826
19031714
18969095
10006207
9221921
11737278
14277876
13317521
14681173
18360230
4263058
8095225
430614
12441038
26031114
22442777
2829642
2351524
568793
3859678
20614546
6543467
9569943
21740669
17335073
2581138
7581037
18830558
17928553
27475585
12452127
11311582
10050698
8860885
148952
12609433
10823176
14223928
20880181
4794939
7148645
13670503
10895351
12544800
2463871
6314001
1167499
11102407
13710213
6492804
28439255
12815795
7045573
10161046
1195387
16699226
27305615
11128635
3705847
9417429
11525009
3675863
2654513
20316237
10154053
4101747
24315375
26905288
5510619
232369
29329194
1521515
628223
6216270
2170780
23081558
2561787
16542428
12338677
24312037
1349112
1448942
13240150
6085883
10892657
3884755
14839203
16642113
8371867
22735662
17587340
8921614
5120224
23727094
21427809
15876473
16907071
7671747
3538749
3026248
8077972
18390715
21624883
4368427
12475486
12405985
7955081
11064486
2615480
15587540
5443074
11808738
4832961
12358241
4154239
6976107
26918317
11798220
6511486
3805248
13456188
24925056
28528702
4906614
3862670
24813436
15468375
2777117
8284994
1175353
17387091
6125987
6719445
10045760
16797652
3123797
588740
2616093
9508652
5457019
16731057
11029269
4285947
18013189
532872
28010123
10669439
4007805
102649
23703159
21542046
4288767
8389521
6447153
2676341
24286592
3763696
8636368
3389975
6615372
198287
14513305
16599637
5782619
20253717
3264507
16296091
17842433
4097237
6834949
4192003
2382343
14691003
1560744
3137225
1857996
4026241
3324202
11000312
12894226
8938900
1404378
25240707
23691287
15012783
22082062
117882
633766
19600505
10224052
398135
2591165
2248872
2641340
14711049
11572013
9150807
26841558
2372178
6572143
24009175
25655937
3614867
3448088
19110889
9828266
18977873
2401187
18199424
23660136
6408232
12984342
5970382
6322179
20812074
154777
27820124
9698089
13049645
11505074
6599763
5244562
7350502
11791017
10317474
22893982
1362656
14487796
5218429
18458729
1002105
2401407
19571654
3915508
2417899
1958320
21973144
1278471
19398218
6764808
19455589
131724
17983320
19702925
19744218
10629529
4693195
288097
20420200
394335
21050295
25057207
147084
12730769
3407624
6079472
4989189
305145
21089268
2372408
2783351
5822734
24494609
336695
26394178
763369
12737435
5826258
18887359
4588841
16193845
17906887
10321489
23814125
10930894
3791249
9040487
1846598
827794
5072105
10498046
6539468
6757483
1526655
5568945
12972724
12892193
4607789
18087165
25624483
1152300
15235199
19983707
9700245
17516822
9615773
3245633
9328515
8962194
15990323
17915164
15636799
24969554
18136743
15554522
3198420
6726006
186800
16549152
20068689
13354714
8105456
20953575
20211216
14832414
12673821
4287817
11435125
22838758
3052999
6397588
11235229
2022912
7282629
7231759
3918354
2476405
12740633
17793184
15666962
7818617
6435083
12971476
19236876
9818493
5457320
6019020
20143537
23786676
4226730
5336077
4955473
3132368
16060317
21793871
11514612
28083718
16865865
5930595
6164046
19391803
1419308
23631918
1205245
11249726
419389
13417863
1529679
1853486
11463932
21599597
6485025
5147507
22761869
14044084
10735909
11925798
7051648
15305859
3389200
4317103
10206171
15275978
8369303
8279366
9563894
4397247
635238
5279728
296635
11606680
3435381
9764644
12664524
3893910
9744761
5760329
5758019
9094895
6536521
7525026
11332830
11632406
3787123
17418923
2343667
13478562
17275011
13164330
3011551
13955093
12085240
18576612
1281685
5807230
15587030
21469689
2366788
10817147
20898967
427247
7085459
6837255
31272700
17739569
15362557
8605137
22386714
4754376
18611131
9368398
14296744
5398607
16756915
13010684
2690969
29182623
10650967
18951574
12067293
5542479
10375616
3878014
72752
8862287
8786351
9633632
1346631
11281539
14428547
12381409
7412220
19877498
10114646
3398508
16509698
9817012
12649904
24061895
6877777
10046996
13729062
7788585
23471401
6568876
13517689
4706151
10733457
12947752
17536431
24032574
9443945
8608393
10275689
2213600
12197652
9750372
17503287
5873744
17149856
6366290
3184934
7616720
16869119
19175181
8385006
4818290
7202981
20207740
13719609
5623291
10546752
4922750
6205970
24778007
5130611
17420992
6851859
21390024
1561323
2896375
8990214
1776634
28983936
10136254
11216736
14388565
20457107
16889751
9437221
3458353
12466567
19140367
26483266
12748909
858146
10657760
16316514
19699370
817479
419367
13415527
6504277
9182041
11833724
14143883
828116
644908
10941392
19088936
11898420
18644287
888663
896991
13482016
4508581
9399316
1815988
13795368
92257
17688329
12369095
13314266
11749602
3763434
7869263
10872065
7012007
13237810
5016143
7102673
11006241
16198485
12545875
2664516
2271296
1599632
15570203
9672809
8710706
4587590
8526763
7591127
5981850
15869884
25408527
8375515
5374061
4498977
9472543
14076845
22557965
16137124
13334957
18010713
12598493
6198388
10935752
15615026
25743309
14641693
31582984
26680822
12940944
493914
21116256
6550136
4984132
26490857
19015367
27973080
8245877
10299707
5429391
16322398
13491137
3726915
2947406
24541097
23983864
4018066
8223844
10750664
9927888
3361699
10996878
8583556
2600135
22489588
11172215
944491
25526382
22079233
16173337
16824663
15703363
9619135
1165073
3436270
26936241
22365222
10896881
14920535
22395026
241173
20780432
1004824
4586482
5220056
5633348
12074374
19546463
2699265
18851995
16635857
2190208
22598062
846805
25432864
25592908
19296599
18929612
10182875
703283
1536883
4623685
17882132
11275202
7690927
20934401
385738
8433828
21326489
6956676
11415328
23462625
8212726
13776937
4813034
20366545
6700380
777582
17339548
13910671
11104885
1343691
7244657
20844900
22328872
11762652
20788785
2515783
24186443
10942000
4549033
20490402
2108485
2379737
11321892
2309460
885838
1213805
28729807
18276655
24810379
1435965
4451220
1713305
15897958
10156656
7289249
7317121
4605989
9049378
10198737
14072515
8094766
4450590
4761077
5567912
8655345
17449797
6427066
9326852
1228462
11385204
19212672
2894163
3819775
12259844
7860837
24022547
28579031
691283
2277818
1858245
980065
8505802
16715133
6854097
13575470
4209647
14773966
3767226
3132190
2186002
10625794
9918659
24735165
8172883
23798762
17502574
693598
859520
16525504
1391770
9658878
190898
14199852
4284374
19844822
459587
6291155
2040873
1844950
19856283
16234728
11323349
5479342
16301103
20032617
3934845
5352670
1434377
23463354
15954655
26101809
8599398
6206795
9191318
3392713
2190147
4435678
4577974
4213513
1511306
11945757
15586224
15235767
8742677
1014585
12572126
9430736
1123508
793537
16423816
13349793
4231360
5618008
1485643
3137376
289124
1550323
9571445
20081161
16235402
2795708
22853158
7997694
10304354
17463413
1860494
13668370
7984025
199741
15468111
1464629
4122542
10197907
15499084
4728659
4301033
8275469
11163696
3280262
4182958
7260861
14445868
8534360
20786438
9743024
23402412
8411835
25629047
7708231
5443859
2634192
14737959
4850375
1626514
3110769
22536942
6308038
27544889
12828058
6075629
1433497
14918817
3816214
1515562
11301734
24770125
10696834
251129
6596352
4383330
5483888
14157706
2165000
3809505
233348
7677716
2651011
19310742
439483
2825069
17515627
15453512
4314664
24297789
11766910
19493071
8710183
4755942
5949044
3116058
10758359
20032158
4602900
15843648
1958811
22752393
25113755
15357825
15104948
2283826
10520723
23906588
20721140
9593177
3887610
22468947
15744711
225181
7588067
1010630
28848018
9901973
2423329
6681879
3001008
25239925
19350221
23817052
12768854
7616213
19406862
2553944
16923990
10330147
13609048
9956122
13179206
4366007
6716539
23363896
22589105
27132800
4532691
4220921
5190655
12452721
12678876
20785497
19263209
6319849
4063134
4636350
3996195
1461044
11494651
25469613
4042083
17701087
28690066
11617495
728854
25214751
3436289
6278622
6663370
31159385
397329
2469171
3853237
25900411
19657837
19907561
849322
9981400
17830893
25458395
8033403
18584962
5845003
206781
9231146
1320603
2221852
2920936
4194532
12211620
1798886
3144555
5162372
1484573
1223548
19755618
202926
20536157
24405892
12150839
6330159
9988734
14905321
13166526
1522452
6628741
6075232
13901124
2346039
4888644
10345807
9998444
2818911
7169292
2471098
11618977
8563
6842680
3681605
7650539
14975650
9656019
1786034
12105288
10090067
13866106
14297643
869791
10521871
15775073
17542066
8863103
15858948
5353271
651994
13944918
2422875
2331177
22236303
4359781
14162699
1063586
6584961
14225637
1415830
3728438
784860
21774477
1400635
1335862
4611438
7785649
1293540
14423425
17279056
12820245
8409800
24066118
4949169
6009093
4949450
18642363
2265851
18162817
7540008
8984028
7722694
10862749
10574400
11704956
3415742
16902932
11674364
13978512
3970742
5821393
17200230
12313975
13178209
17083679
3274581
5170143
6085562
9935616
6041970
12259669
7976709
15659358
10559479
8595016
14940198
16791096
3857045
10947898
523771
7154284
7622444
29861204
20489289
570349
21394816
8683326
9752705
4483074
13839420
319091
15796837
8827501
4516794
1689185
1282186
5344084
18147185
4921912
22119275
6160994
14030125
10145269
9819622
13928706
5801354
17763553
5511507
20484846
28685865
3646914
619324
2195887
19893815
741374
17762203
2020187
4335959
4261476
8143701
3418047
10397836
16429057
2589020
3860251
18214985
14084702
14025477
13314586
30745199
2386894
3066800
9968363
13946695
6785873
21039258
12469083
2699242
14758034
2512790
15534014
4042721
218870
8853412
15258550
14965659
10808015
1139025
8515550
3886701
10618260
11213773
12977781
17488001
1087460
261049
31070236
6127981
15270126
3988607
8640121
9108913
14800125
8318423
4545320
4304678
286226
15953954
5466384
14989640
756850
6544159
1719767
9204304
7720261
11371553
6651782
22816152
2259636
20861480
7874940
2682301
1795524
6923998
8421959
4856480
11380861
17334869
1090979
7380965
9033537
17923330
29099968
4181859
8301383
29083685
22077355
24113631
8264731
9106511
5845855
25914092
13394024
3378964
5447195
19840272
20190708
9104609
8422017
21796281
13945595
770010
10368337
12464308
25675194
3475155
3106916
4531852
10396813
7540433
16622062
27302187
11082123
8116173
1245992
11275487
20072418
27004393
14978326
10649771
1044478
11276667
1710348
10731500
19083477
26735599
10025714
8190854
2767219
6271596
8176229
14842329
16113374
23206403
2707955
1148458
13113003
2695262
200597
7196679
10329137
1229101
2491804
650462
10353677
5728017
3365436
9461945
331649
19328712
23078525
12621556
2794630
4686796
19147739
4164744
5673464
27555656
6357834
14735641
588870
11307196
2292112
12160390
27631365
2394502
534234
6514280
7719255
5369868
23319132
13613291
11873693
26101218
14566386
7991804
4666920
8867932
8603076
3750875
26005012
1472293
13088099
24857232
12622187
6950187
7705039
15669924
25890746
7157994
4593080
2876493
14497277
11076866
4603860
12379152
479095
11377228
9341021
8239765
9082045
19169731
7045471
27230829
1961168
4144568
11033677
19250414
11625645
8243221
296915
13248808
8904903
9603507
8273564
5484399
14331272
12467131
23621208
23047489
13561145
311459
28955824
6959371
9136144
17271946
868335
17728100
10243133
6877559
23028429
2943830
23852754
5902812
4935749
2722506
13821002
990840
2093924
10251184
10567824
2032912
6744315
19102187
9217286
4379563
16184489
10531116
712576
4803026
2609481
5957803
13281597
8404979
8520833
2028171
7885798
23012865
9952749
26378372
10552471
2849670
10504972
15786043
3341257
1539736
4269636
18085233
5703440
2236807
12415121
4506486
5105842
13175034
2899794
12344487
24056520
10030499
24110520
1928259
5961397
4859189
8978568
110723
9571131
24595210
7589164
26428443
1888263
2046989
26473648
18138865
12952766
8128685
1052783
16710161
6117475
12374775
11667891
25238394
17656488
11526928
2435496
4457811
15417983
18270944
15590678
9779544
5459669
3779136
4936675
9348001
1591950
10999711
20486937
12238216
2106784
12510329
19780741
21969434
99723
4512371
20468369
14651206
29048737
1539921
25085031
30905396
19726952
13844043
369763
7946645
1836217
8972272
23583218
9898231
5066504
1842183
2243683
5356678
17000940
19064683
9152844
12459857
2637886
7822851
22251016
23674639
7189119
17468945
20131184
15939723
1626989
4607239
3478155
11234074
11868426
21645241
7787429
26413094
5623808
11894694
11267932
10503621
6420749
29310550
6933998
9390389
10989769
20332413
540048
16177217
2462269
12915932
1089122
15229498
20037528
29606864
4737879
2227550
8457756
5005550
5033243
1493386
3247190
15561126
3264954
1452729
21635857
6720716
20203548
15895175
15522618
3392448
10827070
12276596
7754389
901141
137829
15714032
5527295
7508346
10922498
15153368
17810510
9672158
16413097
3498258
7685763
17834232
14100691
8771679
24911919
1851861
11100413
6563287
11296999
6865165
7765034
17034211
7140167
9701220
213919
3715458
2423651
13072105
4846197
6300797
5479872
12961745
13766864
7060544
14928589
2063886
10730963
319680
5079094
15126131
4053879
5168343
18598717
2004878
17559464
24525622
2412847
13447998
16247993
3503100
4701042
5235767
9300587
16000103
22485222
17225002
16925559
170031
29638859
3192323
11604836
7837876
28665670
12768196
9859644
3548814
12258515
2581828
15202106
18579943
19266145
7766507
10821957
10815214
8377280
6788031
9271923
6512056
25391646
4125107
16343077
530713
388004
18590070
16961317
6254695
11451361
3638276
495343
27404234
20674853
21118653
2389137
7832102
30367322
2678450
22964585
12259795
4759264
476465
20154634
4776156
7581259
13627328
20688199
13649785
12734000
5714343
2297371
9536362
1449175
3142482
14244900
3037347
9037570
2863140
1445021
4078471
2787511
22126773
19712565
10222151
7621683
3269360
13851298
6809424
16864126
11377909
3263407
5342234
2439375
6323535
16997580
25463070
4834527
1417127
17377
21272653
913138
12409664
25756003
15769640
20121164
4558369
22340373
19296932
6132256
7328671
19611916
3828431
6455142
3653195
11910089
21131673
12200238
375871
1809035
21855310
1676833
11537845
19493045
19334644
14200978
3275559
4779401
17839297
7361762
15178883
235446
14172416
8650628
11949238
11169874
3935885
18330929
1193432
16801959
12013303
14038809
2549026
676465
781463
619788
17006311
13745187
4196860
4717671
23878406
17766933
22264278
24115626
4478012
1183127
8063079
8355820
13151542
23113158
12118337
10458002
4892820
10481041
18370384
15685027
5843918
7919643
877441
10310793
23090525
7057865
3852613
9677619
16275813
3883956
21361128
12437551
848979
8957264
7863538
28892727
6977355
21492051
13987187
9700594
4492921
11356371
9214139
5763912
537917
1988670
6923945
12825563
10385652
5457288
28186747
19446048
16426872
20523993
28214106
117387
6918671
3753521
2082071
10962440
7558253
5971450
20742687
6426447
17220895
1233953
17037117
2181938
4838960
373483
8585903
19718767
12960764
9902905
7236673
5736529
9569746
5000853
8157278
11520899
21914205
8299549
12135580
2258992
957324
2685665
15405892
2221715
2893331
22733114
19125734
2095911
17173968
10352068
12124996
1228860
8081171
19378016
5769673
15524347
16820638
16224500
753242
10306986
4041754
7750181
30768768
23002033
4601027
5440637
23754031
28633131
8666329
4466984
11837659
7546134
28209516
14799176
526461
4614380
10091296
19849464
5007572
5898669
2455552
9918407
16034929
27445949
12259038
13618682
18047849
9538465
15796985
13850450
5770290
8118186
5712690
25464570
2526735
8730598
9138483
3957856
21046051
20627757
27672558
4415170
14027882
18874270
14570797
3060074
4075784
12128758
6631127
9720854
1908441
4288342
19723041
6067457
5604378
14269754
14240443
5346362
11188592
17482774
14601089
21236586
14062018
21393897
8400174
16922950
4708608
6219689
5635898
15212526
18689925
6138596
22237262
2751651
12986447
2679362
7231584
166476
19412201
11096293
9364145
8404206
8941182
24063912
11051270
12272267
14006179
19154475
30156912
2190265
21602059
2150702
7245278
22124471
2836283
2488653
6026274
26348752
9554668
7430086
12500551
6034137
12202736
6643424
9121496
23400062
165029
5023397
15630311
14116511
9112104
20389312
15475726
5391381
15075659
10586766
19569268
10128206
16832800
7952053
5497279
1437615
949569
20216040
2980253
2440655
2004483
11428130
19196483
5950781
773194
15522523
27435471
1580071
10276658
1039566
21767674
7848629
816258
6142170
20764826
1267478
8541408
5832151
3725751
5552950
3950475
436537
19528187
2139696
24710434
6641373
14802153
3273732
10446727
25753494
14511491
8133958
6611234
15400996
1282989
8204186
2219878
6736374
12589344
26728087
14301461
12490366
7860138
2118761
13068878
1409741
12134002
24550428
901799
25119249
4053942
27686483
26375413
8543731
4988176
15225833
17339436
20093814
1251270
13238254
8535421
9064353
7681714
2426018
2982687
16837375
17905264
12082831
11862446
854312
16299103
5886767
18497002
3858967
4534323
9948528
17600036
3514881
3492317
24098166
4198514
5768484
13218593
6678040
15696024
1141130
633031
13259611
22497163
11144868
14515124
18286365
24372240
15998051
19692306
28313812
15009794
2332848
7934748
24344794
11020771
27729802
4447362
19750970
7358675
11744382
12554337
12104288
1611938
8714185
13393842
2722704
16217794
11271018
946578
17863215
14559475
19666394
20930739
10170148
3852716
15812999
23065245
8453858
14045582
982309
4209723
10483904
21206410
9482960
5885461
15344962
598889
2789723
17081954
11676077
23492568
13413044
1778654
1529554
2007093
3657071
14500965
5954637
13972357
4527337
2122894
20201382
2681340
6076542
10074249
22797449
31057870
16760247
1822136
1979400
10817139
12405889
2283599
1796546
13660957
26104384
15274895
24217362
14288954
29807863
7106470
16045013
4567524
7469645
14493482
572655
6448186
2083114
11694787
11558174
5902015
13031911
9976933
14112959
3531368
676225
18305531
770073
10018577
9966040
2949415
12053460
332845
4721513
3084519
820783
16146545
15939455
16625192
2922082
3165351
7010390
1111185
15682348
27059803
16947090
3178986
13696016
27879557
494411
8803038
3291524
5338564
1204582
14219547
21112639
11135549
410271
4837914
2724278
10879189
13207698
9564445
9186150
10417374
6960274
102702
18770233
3610896
657274
1314307
6698871
7632565
16725064
8315713
14485433
17754951
9478681
19882030
27225382
1941504
1522449
6148199
788195
17102930
22553525
29412534
16718928
29980518
7284244
1198230
13182531
4842256
7315559
21488428
2943166
18345166
4682530
4431381
14846740
5147582
5610019
13141523
1941579
2748215
182349
3851050
3153813
59789
10864397
7130851
14399680
4512694
15469741
11392884
8348229
4493489
2525408
18690588
14179011
11836609
3083475
16991964
1588868
11698997
8556281
10809179
19777804
2772322
14948905
9264762
4624749
10914990
20553657
20191140
3214430
8611000
19958882
7986197
3324491
4974724
8386305
3960044
21384243
2276561
7392920
16871847
15590854
4821108
1127032
7608080
1114252
15188562
1110749
7963281
7408615
15979123
2531767
10201820
12714728
11102654
4084363
13749175
28332997
3107331
6347745
17498383
11369456
2833196
849274
7076347
20013280
25646802
19535802
11915534
6653946
2405203
554851
2262270
9865818
4147544
931208
7081601
3027660
376664
6053663
363301
25360200
7785964
12292475
24489619
4250590
4249486
17108372
13550062
9134607
11172182
20872395
16804117
21807121
11568283
3936432
7045739
10279925
9193281
8200199
134054
13009434
26607160
5954146
401781
5644508
3528561
17075712
4659500
5556984
20031610
13269526
4921503
11133571
14147875
3921098
11814592
775176
14690776
17391698
26813309
11917977
28623088
16678482
19000723
1970975
9938062
3788966
17500930
14700755
22893536
20107454
5090224
11980289
1639357
18505284
4590616
12210910
1844084
9319006
6062208
3926772
20130713
3341541
9450638
30873892
11629049
20419565
21119554
4249221
3651207
18157600
4454508
22580618
8491954
4034014
29028729
26123344
5484623
20772246
10454951
11880429
5424443
613168
10234168
22319679
3574101
538773
14248493
12063736
235191
1895530
11663233
25949908
6461370
10628001
23653888
2717314
17887851
19161531
18830451
1333397
15448617
10215161
3694419
977902
3342992
9920983
14828760
17263509
1451442
1013426
11786116
1426175
1560132
6940664
2577219
368929
19105580
460330
1416675
20931516
12045305
6166809
30064924
15087633
18850801
3434061
18345426
4377842
10096755
145557
3584627
2606895
3610772
2885075
13507289
2600621
11732290
12490822
4034589
18515028
13280196
22190696
9312702
2913017
7916611
191989
5599356
3203793
15021155
25335518
16523224
8736240
404812
4968790
2671946
19722077
7345477
15686234
2408724
9123969
16831899
19149292
3320841
8475679
16378849
1598999
5266553
5801088
568404
2607990
18668430
12038775
7151468
6146701
6932133
9871191
10191865
14040126
14737984
17324563
8394676
3756850
8812340
23078268
5342859
7281061
1707378
10789735
5992712
235167
10059279
14432211
13394161
6667711
7649741
8160882
18523855
10484043
22773157
9712125
20476582
5190747
10099075
13254384
19347077
11295727
22197152
17464445
10011868
16129634
12553334
11396849
29312015
9110334
18272302
27546092
5125398
8625011
9172181
9239
205514
4421256
8162403
14484913
11524150
26647427
7799761
3538808
4795615
17017426
18647666
9021189
17069539
7454971
19409385
4512445
6777081
1448313
2160071
6827657
426769
8713420
11190378
7791704
3508423
4397176
3237171
9913189
938089
4360989
23908275
9323371
17800928
4711835
1571534
3907001
3731959
11894757
22522655
5418899
13486245
8797411
12758976
10511166
3309468
21542778
3791353
5197593
19161528
9205247
20240767
19669659
3306054
17897887
4796084
1620040
17288954
18428490
4160690
3860904
15185163
6638593
9345485
7664624
4688786
3998590
25580283
7907801
12305074
7988848
3329248
7793636
23173087
20595001
8990347
10224934
8818937
10624379
2331719
4982709
21742945
8600427
13320173
25283059
26628364
1757850
16864812
5657041
666927
836198
12788659
9341370
17310471
233854
16505464
10795057
18585884
3976464
4917928
27278606
30106793
28897993
7356819
9199835
15688579
423069
2248409
11772532
1351647
5081698
16726565
3772791
989972
21202476
3007649
7364186
8613116
84721
12769080
4981368
5232677
5044190
3433430
4737439
8993035
20996557
16261292
15665767
17137692
17506641
1715359
2448385
8586941
28397226
5975393
7333769
22931563
350992
3992816
8021281
2464483
15898874
8077487
15617572
6803382
3934469
6232532
1414697
1408546
5687403
1776854
19228205
333865
10742307
23914450
24856227
1834025
259573
2144101
2526299
20095918
4750463
2161859
16842901
2108196
102012
2523123
20757001
15589035
14095666
675780
9622610
10905026
3482175
443207
6353256
16851682
6649725
16022235
14806302
8553568
8776583
26572769
4983558
19199348
16865950
9041593
4983358
19466823
10225170
6820111
1981065
13201545
2991622
18179314
27217785
5710776
5222351
17746143
18123248
11900739
6826383
21630301
22858708
5328103
16127778
15331571
7698655
15809988
449097
10652107
2743672
797000
5748912
1873544
17718650
29283445
18187058
13700828
304314
2512147
686250
23416454
18444531
3860122
20532825
8901332
24639640
17572329
23526821
1329115
16617924
21037153
15827856
25582292
2959221
20829496
18533470
16989304
12561271
6293338
6282628
26820138
14676449
6445481
13106539
17723258
443454
8953010
21249689
4649560
11813235
4806143
16114182
25777354
8623705
11632913
1652187
9577747
15348900
12231564
2398013
86418
5972044
5176591
23768910
9393368
3842207
1306869
20986484
1791320
15218981
3203695
4859574
18503502
11790877
360996
12818228
2201996
12234436
3902830
27929353
5081414
15709726
27609061
8186401
254550
9200703
13370104
2117904
4019375
13208037
3132895
5422104
27308733
9916679
5474647
4583882
6177609
6518667
9766117
1629531
8218561
5161603
17465016
12796029
137721
14433285
25647490
418398
8762795
14670877
11811854
6616181
20062333
1394402
2442354
16607703
3878373
17211837
7297061
4354054
14047794
18341729
17148548
5082880
26360204
1418362
19876760
22952462
11847890
3658001
8243338
8686113
12634212
25093100
3904397
19274988
17940553
14641231
433050
7580864
14646424
6325056
7122441
821407
1401825
10291158
10249656
6799814
8523581
20255731
5587992
16303358
5177855
18112254
2470054
7007607
15783409
727014
6660412
4745253
18177387
10113224
8847111
20133913
22353978
13971910
12699193
25627915
9418918
643836
8123454
7141198
11123004
10665660
12857211
722157
14103967
313459
1157624
7260875
18361594
4810741
6422973
18669143
178801
3665827
18177459
13454643
9149081
24317388
4665317
8713728
12310504
5229859
15933798
10738694
4826123
6126726
19142264
15917630
22779014
9111679
17125541
6709681
8825236
7055110
17542785
16472815
18212437
3585691
6779384
15122112
10208754
18387626
3761142
5283242
5625535
12789479
1192196
25625137
12006709
2384427
11530014
3737215
18444076
3045269
12163370
664351
3287999
18073086
15418300
1404776
20608387
8037936
6754793
13947232
3921883
3569199
7819476
15503165
2304682
19932094
6200187
28989055
3446155
15438962
6624214
5709443
5393327
6330021
16659859
1236155
6586864
1653807
1544375
17887342
2189682
1727474
17267406
10419984
2141461
14900392
6234951
11337721
11656658
8537439
22126315
6983560
3392556
2166711
22119461
15945286
462421
6142256
1987889
15988685
6067237
16920991
16238913
20244607
8223782
10478942
7206873
6242186
21783786
9483293
16956862
11270743
14686543
13009623
2197894
905695
16150895
7653201
14724431
22959346
3271153
18357143
14758623
5421093
12453856
2477972
1742839
11507463
1611606
12976886
4752042
29334510
15947234
12368392
10952525
12473140
22278669
13735936
19379674
3660307
17453507
16804494
3283865
1100917
10791478
8875384
13308967
152864
23025812
3156774
21395499
11737748
15180944
9456080
4811626
3915714
5570907
5883167
303624
321318
2449906
3627282
3356808
18819114
19950785
7212195
4976999
931937
5534899
6100840
15807750
5521752
9098885
16128662
18540494
8176346
22338928
25677452
3572408
7359345
631737
21665358
11351170
8782697
1323303
20184023
6698453
2862417
17228068
19416031
29038082
2020773
19746284
1756787
16628183
260925
623244
20065734
6024240
3416968
6006537
17529865
21672619
12591490
2868432
18812580
29082988
13010398
17380406
8996808
1716038
28267693
16742935
5007306
27446992
800711
8264333
8602543
3964729
3689820
18851832
4404491
7903735
8979655
5577949
1064096
27415065
18141552
3758558
751124
8769471
20938903
14749075
20500387
8670321
9723435
14884805
12541
26047312
25491880
4378884
1235013
24979979
16736419
19436391
19556948
15466955
7108677
8775203
5347005
4954707
23451398
15240781
13694596
930077
698159
17291181
115909
3909207
179126
18642345
28623443
13464600
4971941
19883168
5921464
7617596
7543135
539245
24693784
797801
6148710
9517943
2705599
27671003
7953721
22063306
22751387
17215938
6360451
21096097
7817253
18426081
1447426
18128224
1582966
14500339
2199475
17711296
3441276
11938992
4724372
12808663
7112838
12779989
13898303
7951042
981923
13187162
8022591
10455380
8953591
15850980
17446896
5076747
696253
5816415
7322454
7438680
8000190
4375119
7869855
12592439
15619100
15044361
13797392
7348239
16959678
5130026
11254005
22297451
5984235
6577672
7918154
1228183
17510793
9723092
8274661
3509180
20559118
2315659
20961184
28859785
11580480
21768031
2775213
3562598
1255160
10513263
16648987
938033
1653356
2865109
778298
18897326
27001677
4602768
1933834
2942275
25094920
22258053
18191875
15453171
9823337
3305687
2862187
23398548
14043028
6172855
14566019
15996721
4859539
14627066
3800870
30587139
14797450
817570
2497945
9310037
13968399
5342852
6154091
19888247
17517710
9463833
26632816
8409819
1525389
16280030
15675006
22888566
7279290
5860924
16538078
7049912
5513355
2255679
9624551
2437357
19434306
2094677
9843439
22658577
13001399
13839638
22429104
10214775
12415973
587454
14593000
23551706
3213202
2651883
22280527
7843753
17313985
9566057
155274
15655553
769002
2661171
24686636
5264175
1887236
4046902
15364511
1377174
232336
3378682
2063476
12204836
1309814
8545195
5981270
14363753
17028965
6508732
15786709
5254461
15828731
10088204
5736308
19931482
19245783
7026705
6588807
6660398
26384388
8645580
11551206
19461748
2068262
12037444
12433285
6421175
1447826
15685258
6008089
11074045
22995423
4924600
16964552
13261755
17622887
4084761
1428449
24371912
7121051
10046121
29376441
12633911
5236825
11086826
3533825
2892832
7742239
181136
13716471
12960371
23281469
13462777
27295804
3301419
19881231
1832595
9128406
7520948
4054402
1217085
7786403
9538922
17176126
6497071
16336620
1797839
1306225
16854038
10903059
19358164
7897723
20001196
13294374
8050475
9892339
10697786
8464989
17349458
8849733
11412880
22625242
8322734
16564275
14242128
5195635
19516172
16552460
2382713
3003873
9707268
10667618
20732164
15808011
22061913
8823795
7847829
16489711
5173685
1658295
24435610
64489
10400869
8177985
14583516
1317307
716500
15141293
7773899
11467797
12297360
13236842
9174093
7046196
18389277
14020346
1156871
311376
17703502
4395408
2750010
30802858
4973538
365405
3036916
12934319
12520583
27892864
243983
5604865
5247320
20165247
13617294
3544413
14402216
9426408
8212293
1316981
4528061
9188918
18862869
2503783
8766780
13152644
7862634
24973717
7756579
10582556
19356120
7021376
6604476
149225
7605107
20109815
8175330
4682408
2850976
25876067
2557686
9499661
839319
4746243
12640293
4254845
832678
23267954
25305547
3863289
4065347
6962352
4899692
3400567
9515822
9304037
7996272
21263434
11076195
5030144
9077107
7856076
1653589
19727272
1138925
2092890
3638056
7279474
12929317
19276931
15197960
1290705
3444438
25586269
12901339
24400822
878352
3761690
13275983
3847647
24221151
3600314
7076941
12227255
10846432
11925584
694169
1414368
3202388
343016
13436692
8626369
25132093
17281133
239316
24905273
866581
9468335
10585830
16120869
1792333
2156649
2440503
2667465
5899996
19444001
2286578
6033410
8280956
4570168
11287148
9075277
366119
2508863
26963329
13491409
28051409
9874749
5001987
13592651
4402680
3083732
12120302
583749
1498066
2701769
859677
1575441
267873
3344583
11501526
24348289
1104303
1594214
4457579
9501569
4816690
12615085
8613269
11422046
4102614
842629
23517934
10119011
2495560
8996713
2087107
4328728
7412389
2031169
6026140
18780641
7665359
11768073
16045141
22697868
10086180
5969900
4661151
1512798
12016692
7389239
8649299
13816431
3021408
1766685
2071397
21767464
9542701
519647
3721759
27455035
17316492
22625595
8179400
7428635
4756525
11717108
3218635
9811622
2277754
4841517
4930506
4137246
5396085
2029065
4468153
22025756
20592190
16193109
24854828
24261411
6956043
4987180
18711883
1358368
2654469
4779337
13262951
2928382
17983346
4335499
9042090
15366993
12743725
15254317
6959296
9576952
10113293
22810646
3428899
25134965
1240000
6675832
7387526
5581547
2036781
2634470
8648592
4096562
4321962
24797948
595200
702547
4010301
14321430
13454162
8741973
1299488
10404103
592749
7543489
16565635
4801507
1237591
13779788
13810794
6023166
7552508
19115867
7191193
30020770
2020443
20451518
570797
11094
16664355
6269997
14691447
18736755
1160606
1726546
23072407
5068174
588653
17712190
10693304
477071
24793388
23352368
906820
3714147
4093408
21013928
21439396
17483563
6131428
3113214
16317462
7808557
17047328
9366306
908789
3992428
142910
25466349
12662016
17103359
18233670
4687459
18504375
4552107
21729436
11080271
5465883
7650544
5111699
20735505
17387273
3163117
14520054
8104748
20146980
2505611
12194685
24323043
7156406
10394414
23747042
11662667
17550449
19790486
6698682
14693392
9717790
64654
10813374
12693314
15360599
9609563
8568623
4645013
4209738
10677974
6316789
18429781
5023967
14352859
2052885
4898572
1756047
1232769
16082818
5389736
9717720
5316197
9859819
9508572
590800
11796420
12276727
4303725
1896235
18608432
7043347
6494088
993746
4626037
8982638
9103780
13699468
12603503
25818179
24327575
420497
18631950
62836
673484
11707304
26240075
9027966
7333145
4690994
147628
24837669
17248164
13530611
4365796
27076628
15869025
32144
4018390
2342004
13990648
4058754
20715153
19408091
6859574
832364
15508363
17538812
9360260
17982169
3658557
17912631
19214887
21905685
27883000
2363282
20661257
12624987
19132718
9606452
14587942
18758092
4277433
14208741
26648902
21988204
3017800
18883128
6285621
23250312
13964539
28264255
1826379
24522460
14138714
1854308
28082365
19457374
16617162
13419256
13745135
7798705
9685000
9804657
1688949
24624616
4824351
22996223
9364938
597879
3320249
6913592
668397
2467807
4055818
10539715
3744040
3205994
10785669
11480823
12123714
9389680
8495825
11428056
18845536
23445741
2334675
24848992
9186998
2730574
4962824
3838420
16733982
5258250
18537418
7233400
2541765
797686
8513635
12296527
529839
6766116
6452974
3075308
18830401
22968482
3502394
4833350
12185670
3051482
17967201
9259086
13369905
25733620
12590463
12872060
18203338
2322528
9065836
4005718
16632714
23643958
16280625
7484872
4522714
2140937
18268129
15530161
10211250
13022840
6575980
10582371
11959072
11612179
6298318
28041462
16921463
21053336
2534349
6633294
5722760
14935579
10175221
13882177
23423704
6804099
22039519
4185875
31713822
4858166
8382533
3030597
10504133
22659360
2608670
6687944
8580205
813711
12438955
4943948
14487093
19091086
20574964
6764186
7855257
4506684
26431433
4237728
7552574
19205840
13791698
22524906
5738607
4880625
14544546
22750
9448802
12483330
5825785
6058902
20592973
8078556
7995130
10546271
9317899
13238378
2735795
29067566
16359121
9397649
6573128
20531305
1313692
6450994
18232459
28646924
8717064
21477890
15034207
13852941
3949509
15362443
179313
3705739
11516031
2780904
8837199
16180080
9459831
1074618
25610444
23497706
12648213
2726715
10480610
19726150
4517945
16355761
12370811
801063
13831327
4722933
8400037
17359912
5605055
22386113
10129228
779914
21650378
3172674
26215064
22032749
5600486
14888295
7491819
13981678
17211735
13620099
3518468
7673470
3443858
1272044
1336679
23744096
4027798
16637105
8160298
11172416
13839883
15172966
4380112
475726
9304192
11116366
11293811
3687661
19630263
2943951
12508709
12543506
764177
5036597
15707929
159135
237068
21950810
30601341
74349
6241061
2082734
15984834
5669275
24914677
1223839
261241
20938414
12816828
4266884
3046313
1251016
17476228
4217729
16492477
22506136
5007187
24311565
8172335
1309274
5794525
4218987
1695553
6368682
14593999
2507898
2149400
14390035
29641897
3339782
9777423
5802971
2919499
7362447
17527300
12097975
5296634
5539553
2569357
3138150
11052685
8659686
7249481
2646573
5811240
10533014
9613807
20004458
9653020
14855048
11837424
5024789
876354
6194805
5284686
12106856
5846273
1427159
19573814
116800
7575526
16076670
6475259
9328299
1667106
16338581
12761808
10961150
14343399
12850767
13038593
3861635
6095890
22151259
12793877
831189
12948929
26599902
12743979
264519
3716601
5253935
1439375
7900567
13246382
7665407
22037642
3256542
15819854
14110688
11578114
20705117
1921630
18007914
25619625
16228485
11457576
22060202
18157892
10145337
13258120
13375192
3656915
12881208
19726125
6085239
11399896
4996460
12158344
2788464
12336327
2854145
18007175
20101677
2993582
11629931
10377388
28213926
2463441
3672677
3110387
1850079
5780311
1731974
5709488
15752057
6975923
444768
10744114
1101284
16330681
6880214
22278123
19899763
13095437
10982162
29280785
24346893
8646412
17085011
16913222
8269549
11610312
6932671
17460596
13770237
5597255
2301268
8545882
10260860
4451383
3413473
13240817
15950371
12656898
7878458
3136789
5432035
19882149
6406078
5714170
9684771
13182945
817059
7909203
3057156
2288415
4456089
18942979
11377695
6563398
10482401
21680728
15567423
25906459
4442194
9616272
3200220
1489785
4545392
7121312
7126112
17852316
4463286
19787174
20216725
12347687
464975
11600789
2666066
30402
13162495
7780352
8074293
14780027
23245605
9477838
21895682
20716987
12265776
16048726
15422724
19751437
2589380
13328269
7618406
20720046
5315446
1247022
16864812
9895902
5759433
3556116
5069989
5034565
18839317
10946368
12716966
10794423
18363705
9783285
18220764
12524698
7523743
2133164
21036272
8094012
8034037
17984649
18306620
4536041
1883184
19235339
8664411
4232108
10853172
16027993
23272116
26356616
18660934
2597773
29122046
19253069
3151203
3887972
8577008
15538682
11881454
2490928
25417773
5910193
4517626
19615109
6196499
14265103
10552361
13446847
162059
12960717
17097798
12284051
8740364
9082309
24858735
6480643
24664330
634894
10025472
29505450
14618185
5314380
692317
4743324
10514741
7501587
10584566
17858578
13072923
2271830
12935160
5434574
20929648
5626730
6589697
11110829
144685
9728388
4284079
7855172
6551196
4900933
352117
13447978
18041574
3259709
23615543
22050618
2918254
23469141
21453597
5742753
1729781
15912752
17270783
11553707
13568995
8992764
15974503
10277383
1802287
12584363
28995843
6771607
22793907
5462844
29216869
16951051
9268144
7051481
6413705
24345245
6884099
6499249
11548472
9915979
9894287
11125553
15072629
2272833
5817353
5309347
17807435
11060568
18541555
14182623
22633377
17280102
9006999
4244452
23700196
10433586
6792184
17348879
9494943
632280
30135847
9402728
9722404
16478033
19692974
2151996
15655640
8453197
25025580
6619757
22375321
14727532
3442835
4695180
8252014
5138799
23646834
21748635
29505893
9812997
9104690
8919251
9876125
2102630
17715993
12505996
1206939
14483855
10236829
20453903
13666309
12219589
27381196
5782152
7184760
12544015
3981829
19206932
9931836
4643822
30242568
10549249
4751537
12830921
11440257
5118280
24299265
514884
6725873
5337015
5673273
2874810
10715369
3528902
18431153
2896617
27886662
7057406
29753561
433862
19587260
5988016
9924688
995856
6850165
16360480
5208539
3790461
17885228
24459
18869235
994602
21343478
4952162
5894926
8755004
30314282
4064521
8076550
4427898
19327580
21990001
8419339
18778494
10452525
12722474
29372110
17657382
9205324
23778089
23870243
6661499
1622547
11266555
8567872
31388692
21743579
7332663
1987291
21191067
14024642
12051429
1446572
444476
6603681
9669212
4868852
25029145
2397989
590884
6980655
26034550
14790236
6542986
7154333
1119825
11172940
8630234
15530916
6217226
6252599
18492964
10772101
6310857
778506
23359575
16450940
26262891
11332535
1319357
163804
123589
28881634
4121940
7709997
21820933
15568725
15443448
2662862
7874463
9929861
4440828
9800649
30675256
553113
3627631
11707536
18911628
779186
11236545
26050735
18052889
7243231
17429271
5011616
484484
22177468
17884732
5842934
11290783
14315216
3141790
23638150
14707994
16923621
2845798
9633541
6168549
12393016
12879150
5014295
1748354
5019881
2934871
26123833
3320507
20843226
10383980
18074309
26169476
8916336
17842799
1904618
18925570
11261763
7975931
12337342
4901272
2951559
17869677
15811777
13854650
2705534
15405869
4791903
17018795
18205286
18370663
2006169
29210033
79402
18747300
4043481
28777728
4684698
8516466
2270052
17511201
9416889
8091103
7341958
25786318
1059450
1168812
2401542
16468605
2410611
6086338
12934617
1225325
1469289
11727291
21684115
8832978
21865037
7958486
1031203
4341720
18137121
17358090
2563879
3383459
12351283
18996042
6683025
10588346
3402807
19749921
8992299
6560569
16871111
4568091
14751507
28321488
1454930
8870542
1774127
1348933
1504311
6320862
15358174
2944641
17668026
10300935
8254101
11337255
28110434
5844940
2188691
6006657
6222835
17827242
18684312
12967002
1064567
1505950
1886226
19776506
11169724
4441670
10035627
22428665
12158431
3858260
5750737
12741974
13641439
655101
21139695
8417596
26189929
24151899
27829577
6318214
17710313
582875
15146412
9545044
12937330
12079136
3269885
202875
7962193
3359844
1024067
3738790
8284102
3771420
18955985
599145
3629438
5728797
26262595
28721174
4950490
7281547
10967688
18696070
9998073
8646495
7663973
692485
2484917
50221
6020644
851398
18232131
2072064
7522724
4896494
4428429
3476560
3123615
22188950
4636125
2064640
3904451
16551354
16092299
3495003
12758400
4215923
5028899
19749535
22675423
21379746
11213453
8991163
8540438
5536611
11431779
6513263
15178535
7886036
77642
11076059
24094395
10249878
26207083
10751072
5876588
8358184
19855599
1953136
24655250
18386597
17640615
1266511
4781959
11736995
1267297
14891753
10915802
5267458
8722569
7713072
11733764
811953
4345365
27398679
22948148
13026321
28492950
23845813
17763414
21270218
13066887
11354687
8376991
26692713
10954179
766872
8988752
6103661
18784080
17081093
1186242
5213601
18169336
7432771
13162267
7727001
15123332
4548039
7074335
8112924
21579421
17134083
18068763
23007867
637510
13513292
19178125
3402914
3354000
2972806
15539511
19044923
4424655
13705713
24525591
25149814
16366772
1123718
9300899
18468861
4468353
27301640
8638175
14226491
11710149
31428004
9089588
20427968
22347351
13671862
25789828
9148289
5801870
3266721
1981602
5183710
8582879
11018228
3783489
19342239
4379432
16239156
4491872
366056
18203580
9648919
12092667
172961
7699829
2258671
3492777
1850021
8398672
5552526
14510142
2081801
18183519
16551658
9098916
6959173
11036535
6550219
8085647
6840446
30858290
4023903
12315393
6387253
15515004
8205394
26620855
6836941
7400878
16488416
9352262
2538110
12475580
2783446
3726937
2077587
7902594
23705563
12403707
1610536
9133370
1025975
13173557
14755969
13850843
24674410
16518554
18396052
703870
13556551
16186101
21574288
5147007
9881214
6000343
6608074
18935593
5165167
12037946
27453141
11012094
2371003
672384
13183496
8496710
24429338
7757870
26766752
7241787
3792827
1078991
13764023
12924992
6508333
14341292
3067788
13567801
56815
1286238
5807516
7574174
54203
2332302
11765985
14448729
6675933
8837863
8510269
20695951
18930964
20069194
17782959
2441549
1832423
6790141
5652495
7753532
2994603
16892481
27432339
12397988
3336154
4006970
14460624
17241747
18368
10913853
7938260
5849405
4918275
5572332
3953448
15737432
20725240
8028937
18480862
22618014
11021377
23974072
12540895
786824
6370187
3118579
7176144
11818502
19795778
17900654
2432352
26043991
8524412
5258777
117878
26392841
6491235
2477707
3918916
5663429
2521237
445961
1616453
2343751
16931685
27362445
6672645
8321684
545175
19598500
13057058
9681987
26411051
13873590
5816249
19945222
487695
10783785
1604836
7784763
5097894
2447713
5086707
4317730
224924
627100
10327838
22857640
8750598
12240500
5400011
15437457
13416845
9515197
4252566
3242419
10600188
16316789
3571418
769324
17001903
25681847
23045101
21944188
9150459
455154
3657901
9881017
7546530
4029376
2952321
13543641
946336
583593
4825663
26576275
12345476
25063670
5128730
12438166
25032916
10490821
9746049
24808121
8595291
21982134
19532122
12267747
7511007
13651367
11380414
12845324
3947236
19821576
21904685
15387185
6996364
8850768
5864700
11482317
23428234
4802600
12897685
774092
15141051
7849677
22895
15905806
23570818
8098404
7780841
773209
18005509
16309603
12236518
7257630
18385014
7185315
77043
2615725
26141121
12456518
1814488
2658605
7511892
19840102
11121216
22573980
6395349
995263
11582449
11279236
10105941
6031362
3301058
25806958
21531899
7560274
6705426
3080336
22085595
21217751
5560441
1870397
4105072
14533998
21684976
7548040
7930447
13506519
10651296
4919413
196159
28807897
1622084
2543151
20477676
18191617
4083346
40953
14223122
7971771
4044297
17189130
13968160
22547843
20710171
2320108
1292751
27945070
19463738
6185334
5961133
6253961
10022265
4417028
5151786
21253037
11406975
18632605
17733267
130276
10439467
23294298
14354688
12601699
4237941
18431429
11813569
5993257
3957770
14753185
13252171
17968222
16581218
2730795
14524960
4035222
18960279
22156863
3630091
9030787
11848895
10183549
4166672
7312701
8896753
8965521
12451683
8716818
23675958
10948043
18295858
6400804
3605825
14272006
12165210
25021333
10157779
16539530
15121993
3169973
26944031
4356345
20838220
5266968
11600792
4893379
4231636
9218262
1758936
5640836
4891488
16674983
1029828
1445524
22481104
5090693
1032328
7048437
8259257
5330335
4952290
13789788
7490513
23703796
22051221
10407694
6912710
17737891
16813154
8755182
6617492
19935971
6963528
6604238
26272906
26738592
9986045
5189462
25856644
16241768
10672446
7503427
23109789
27946324
25363543
8257594
8475610
13171318
29326018
26398963
16134094
6143929
20028020
2502515
4516186
5680587
5456734
2881464
29337241
9443193
18333969
16925789
14382454
7998827
27101648
4244683
4259071
25085911
1614493
11034375
27555187
6716968
8167388
7054962
6542535
16432512
927377
28497588
19245177
2285045
14969971
16805989
4846982
3210720
21756066
21378425
14626484
7783788
2316336
5675043
6477606
2948055
1857697
2861966
23326065
1307571
20751428
13991718
24916196
3194590
1293324
19209344
10143732
13220433
20488529
5350302
10411562
2243226
22763662
12835536
3649842
5713569
1677932
24418967
2457239
2896637
26992099
10941353
3083585
13509206
21820272
26976579
13109623
26579927
13206245
2912640
21595464
6354673
2498653
1386098
6309303
3672176
2621400
9967617
20467280
29881180
2689751
8674065
17340123
1123314
23250048
1020062
6553033
9754322
5113767
7304315
16868476
9726291
9451898
18993854
11899040
7181871
16590460
11142990
26766555
20644293
15366928
19037874
14461903
17020905
9036329
13742308
10270845
4938616
10426350
12624343
23365300
25413945
5460183
16013324
7039475
5138171
14622851
896404
26623482
4827606
13819886
10668380
16634616
13767775
13503387
13074689
19182798
10280191
390899
19796680
4905245
1278310
16181934
6559274
3269328
1797524
1917895
14993765
12785982
2895719
24499728
2049903
11947717
4317891
10357256
2923130
26669241
29898897
7041803
4505938
5476650
3025280
9916462
897037
4082184
9370151
128427
5773812
8905220
9745834
20057468
28305967
1381955
27906892
116831
4341826
26208967
14653536
5031051
1135002
14782708
21830202
3679670
9803341
2052885
798973
7252727
6148766
7943928
1482849
4894510
25520444
6563694
2660269
5675236
7760791
14203372
20280505
1608679
8610294
4347609
23752919
17146720
6179881
4905438
2439758
5623664
14489814
3085523
2953619
14997208
28521078
175025
11877684
6343070
9130344
14310035
1679136
3687633
20338059
22498956
14809129
8288675
7465165
12692380
24594797
21661830
10730096
17607600
6366537
8528768
8740842
25735999
10146930
17804064
25093541
11970267
6694403
29383286
17332822
29493736
16553594
19707707
7386587
7821658
2455116
12456165
7337357
10141777
828488
10775721
24647774
10682161
8375238
18810198
6446566
16005500
1677424
5109976
28137571
29309452
2760558
2919516
4464959
12851221
17721559
25340145
14680298
8584444
16706187
17950205
1184298
11426259
8993351
10331768
12357938
23464105
3985574
14384880
18944586
17537633
8908159
20619875
16328109
7664416
14245913
7349630
10564656
13820854
8224256
9170387
7141279
2241530
13911086
21868738
21422610
15349883
12869451
11511064
23232266
8931845
2497217
20672308
9920315
3218110
14463536
17889531
20281835
3392799
8739627
7007432
5954058
6024404
323492
2677374
15602656
21937379
2494982
1942180
12727351
9340078
5206535
11576156
22162597
23314610
13329264
5722092
11509033
23516780
13332368
24189992
501045
19072014
18461613
11372755
12976845
174338
20425486
24899931
17161510
11868663
911182
5777402
13755034
1507592
18001547
2293032
8483477
3847498
13865915
5484699
19895817
16580149
19462575
16126184
13600030
3170475
17618838
3692445
13259517
11138841
1250472
11266567
8108514
17600857
2475150
8505258
769119
6328670
24410206
1165413
20984375
7731143
10344709
4150935
25921
5408869
8403353
4084345
11269601
27432477
3143568
23345196
12245815
27574853
9762213
18489937
1929591
6342161
9642160
10684174
10760029
9504709
483637
8632361
452613
2609786
7273494
19748662
12546639
10177429
4454149
2980752
12197426
6496207
10297777
2061781
1251819
2324572
5274895
8348090
22269878
17466144
11770289
10039728
4476839
5414550
10330405
2521829
11533846
3906437
10892234
2362306
11571988
20406589
3586171
3008385
8394210
18464986
6236979
23378026
10840705
23959005
9246546
9141639
15309256
13616436
9594502
1879382
1299089
15457929
13237579
13111583
26651444
17286703
13035031
17391108
9005087
10524907
7105061
817334
407513
10442373
18002319
17833788
627318
10724122
11760505
3675737
7972842
11848683
17614055
20044592
20505303
9594861
4322054
1683802
11906054
6576066
17315515
7733624
2583959
4174568
28194330
797380
5010378
267338
805962
5718434
2970564
11631805
5734115
5253848
2473335
6817732
121322
17857558
20296235
3551994
16273101
6367238
12672286
22649292
580892
2653407
10129814
14244148
21580641
6562001
5952466
6698725
6237192
18371093
2917628
16707008
12969404
2354806
19403554
18219739
15724594
1487170
27370371
4628526
12687883
11712634
18865240
745110
11256853
15144902
6254147
2805941
17037131
1024347
8401832
20824016
8469493
4975902
11094467
1426262
4117681
14812409
1905223
3430308
1269784
9647148
20779283
3879377
7037493
14723828
8990588
10449046
15839097
7166495
20523492
10570721
15412037
30106457
15291009
7898623
13265238
16101386
8551869
7243450
6181359
6950581
20013243
6751263
7876050
5963494
16728612
20976862
13407029
6772612
18773178
9994604
4055105
2212368
28062840
11181303
4788693
6770899
12454243
3709317
16160913
7937406
13157479
18260534
681728
1166417
12530513
5358231
28886685
3316875
23279154
19299350
2175600
115773
10804774
10989878
8212080
9020046
7644443
8122202
1502781
26683316
14411775
20575097
645445
14131764
9198943
2740702
7928822
27652449
7325834
13379957
3772355
18631774
17454761
15985514
5720067
2683434
16945040
22143277
25280892
21863210
26105455
11427683
21471263
10740657
1044429
3951609
29565046
3738364
20057049
1127148
5908960
20245448
24415081
15850867
5423128
16788723
17744050
18016141
1605447
5494641
6179330
1935868
2212551
24303343
9813853
9070909
9400460
3110392
20818903
4183248
3457026
1928311
17448805
26171731
5145870
22266149
4400888
6422717
4716556
3980105
11691318
30086294
21871287
3973520
18824534
19904741
13167770
7322890
1532231
9479474
6804145
11038280
3479798
3522895
12390943
15543950
10176051
18896829
12791230
11601720
12685844
18827740
2538299
18221492
29347231
14647341
13560598
85072
12569390
17619974
10289811
1899892
12332468
6233851
6424250
23262014
18758319
22606692
19038482
2199899
9833967
766920
264856
14109962
28002705
20770068
2875111
10868794
6588453
4606846
19316426
12730629
13830377
9608426
3360710
4651708
11885191
24134719
3038580
1281476
17986862
28367348
9409700
126200
5832785
15587925
17342571
15423217
4499244
5986169
7622228
5586324
811320
7566662
9312200
21451877
8548611
23044689
20198606
17041581
3168094
3154845
6350830
10095216
4805418
15669986
17407560
6356979
25231950
6321859
11297596
14808166
481634
9661933
21741362
3100802
6238785
21155446
9481608
8621846
1072153
2452990
14457740
15941108
2780346
10462300
22003317
15007880
4943643
12515758
770493
296802
6283972
10800806
10771525
8464643
5618561
6912974
13869067
2395256
5957479
26346350
964099
16858877
10360977
24957250
19786629
15484829
23861895
7250445
9754905
23103327
8025222
15472739
11026268
14067312
23216417
12535102
9601551
1031202
20974774
19689221
7615402
15080914
9628127
21252
15659660
7719600
15761681
26817723
12984241
14967106
9935572
7463039
15159068
7197610
21931829
14293451
1833592
18521508
622395
9199608
10128831
20509545
514967
20718437
3315948
8460807
750947
4156229
19649586
18126437
17913284
16006925
11289510
11078921
2190452
18194528
11754311
26120723
6802370
8801070
11506932
7412191
12828026
31249562
2087450
6362096
13364845
6073626
17169927
19588170
5969918
14860631
8590909
16631768
8321753
23633121
16423177
3479226
25631144
8996419
3328947
23695153
10139886
6892498
3863630
5258191
15426567
6817704
24918501
14352334
1986351
25477209
10516614
5103745
2199622
4516892
24676038
3475363
971400
3445275
23615238
15271330
25100496
12243778
13160148
10093483
6963680
1612891
3773366
9117399
7587824
6177062
7412955
4377750
19506502
3420765
5963323
3663935
15567654
21584671
602354
19265672
3274314
9805385
15833572
2612447
9041998
10322146
14475616
1262067
6800128
25612953
6991152
2532081
4136278
18524989
9838950
12097128
6582032
4113713
3530404
9660959
9963007
19698290
2151445
1767218
11819791
16567362
19372224
7076746
14476246
23198568
2133945
6062080
27979795
5270782
11124825
17305069
654993
9066063
15691800
18888180
3023663
26762315
2928158
10751650
659820
9118338
19616426
3838279
16748529
10380992
780013
10210401
13788870
3796913
10498012
6469051
16738102
3078319
12008322
1989682
23577613
2170737
20689158
11049860
7403790
18729773
6464632
11927333
2144726
7741998
14644122
11781268
4334891
27458412
12409992
2383111
1549888
6549937
12837102
11654944
5837399
2722957
18677404
272889
3683017
6359574
19466862
21524552
13507576
10601703
12065650
9268542
14086716
8841070
14087321
26156039
3462385
5076297
28457130
11250598
3439618
19325784
14798138
9731472
7600877
3685748
13834952
2098869
3139219
7090179
12411689
16477629
18083141
16818508
23245436
10945254
18306686
6950189
20380706
9752260
10858175
6325394
14342400
13933262
15565486
2175620
19511797
5621870
1787816
7355111
6792464
11039361
25976675
2059846
1290446
4165875
24717387
28580750
10376373
7250868
15663735
11272428
16330734
20594023
9496078
13313699
17854492
23571645
15689253
18162619
11584057
428869
3593871
3794801
11579309
1513400
12855978
14689181
5571885
27159315
13838413
6015076
9834342
3388926
10598223
3851998
4285330
9340987
13649517
8017900
23333710
12704826
22556250
12345062
26714631
4203311
13674631
9206714
9382818
8619170
17618395
11491524
6330880
14150632
7243518
5454796
26764631
3388881
4980441
808674
3321135
4238356
19493488
13979072
14670931
15183161
18651172
19079096
15708601
13421453
13023163
4039447
14910288
7976549
21062845
6957994
13821004
8910986
12787756
1674290
2113851
6004535
11708177
8129262
20866022
17855970
1541310
11033265
11702039
12526262
5535897
1030086
6570366
3743549
7051113
1040197
7540581
5621171
18833469
10414605
18947368
24512477
17044284
10626284
9832987
8951004
30761496
18092883
4235054
1777932
4558307
1667106
13292624
11822152
3615767
2564396
25391154
5694895
17118523
26584841
2054677
7475755
25492974
10683977
9459038
10332539
15037710
13428963
24309854
12597607
4943436
7302461
10265552
6778059
8988974
2784830
10284512
1113763
17453417
1109842
5735187
5260559
11246490
23401490
18627913
22404790
82033
8930559
10047209
13044801
26363417
18326149
23502451
17089252
4863510
20969804
2267532
3041888
6815178
11222981
4625633
5460745
6451994
687091
13512557
14383519
20053238
6589667
19915442
7361111
24203762
17277257
16951587
11989057
1368609
3312133
11231592
9442110
26338168
9103177
10928685
523449
18580755
9365216
19751844
12914091
18558589
13059763
11558970
2034646
4683494
11986070
3388328
17551238
28972402
12135619
19062541
19227473
28863465
5768983
7105619
10200536
10644613
5644378
10115147
8898526
23468728
17347449
19243382
309659
26704
18810896
2461892
14318243
17630289
4689473
15199006
10414086
11487689
10060243
15646031
22996793
26132248
12294572
12554437
2718692
6226447
28040734
10308494
18049626
7086063
19494765
5717303
17006056
12440985
27306176
13714581
3936622
22094839
15714861
7985309
1051501
7181976
6621440
28072716
10972284
279030
14921168
13386305
8625436
6574965
20983613
15499858
12265340
2366713
4394214
20410686
10729415
12975858
16319467
6583310
6724715
15001604
4044562
204547
6967489
9362603
9935252
980265
6358506
16403594
8099982
8476860
6841028
4244820
5717808
3108697
3931883
23736778
2250707
18795826
9193017
5267274
18591054
2685025
15604531
11648656
8824588
278769
212901
1880709
6577167
20714746
783441
13716498
19080369
16770812
124337
10897636
8310293
12074522
24680083
7707238
10143557
18078636
11301605
10868504
3443052
25688385
11060873
11568216
2631804
22552593
25922156
1786169
15112619
19180010
2262072
1711452
3252395
311689
8196578
3652776
18772579
5125234
4242876
4459180
1754760
19299555
17787798
10297360
26121163
15854861
15894972
13685670
7314305
767225
9948268
14706993
6541014
13178780
9893695
9760243
17209450
9701351
5314168
24620923
5504155
11384431
2201701
14695717
4796686
3946913
6987371
1096307
2172490
1022108
8758098
16370066
7460537
26195740
17251225
14369701
708147
8087180
443808
2653156
12007971
562147
1101291
16807751
22399198
13166130
24971479
13233068
7733461
1372203
11053389
5700958
6378159
2359271
13039633
22753965
16731893
4977975
1940322
10682243
25700844
14154862
27468175
193968
189618
21326396
12934150
25412143
245540
8283745
5643886
20103291
7428016
1377063
9182856
6369725
3936937
8435648
575252
6564697
12878475
4600997
2139590
3342315
3233675
13092896
730429
2287344
8254996
14351726
22877724
10680146
3538236
7993580
5926399
3698032
8266523
2621893
3299859
15732504
25229783
5808532
1866040
3943352
4667408
986203
15822370
9812934
8576707
6586427
478982
30505747
19734666
6648847
9098363
250976
19041727
19683875
9916227
10456301
5794214
7158353
15725796
23130607
15668339
15633141
5137697
7893923
5045172
1198655
2233661
10637190
13043088
28498969
14694203
15805187
3148661
1007175
2206622
1758268
4086310
2350419
22543779
28583156
11402031
572441
4590063
10705199
3817388
24411942
3715629
5670926
15716491
3207673
5838115
15761234
24082435
6890692
1492640
20504662
1152737
21549376
5741346
2222777
16215063
3609565
9804669
7108958
1385694
5570606
1888789
4486442
15811698
1099982
1414844
10633139
12676281
20584742
22210973
2365728
14223178
6671493
9334011
27182985
1645855
8808878
29184
6648447
28019350
12279631
11590292
7620191
8394799
16359007
8585999
14915652
11103185
8872382
