10372359
12737539
518984
3762779
14624968
9374425
5850269
6836335
11644896
1254288
2494179
7228338
10554605
5206511
16456822
6668189
14657706
5142930
1966255
7204380
441754
869440
2120487
1772096
9093063
1045292
450769
16361136
9238942
13415040
790667
1702397
8792357
12188689
11753
9168756
10323973
2744663
6493429
5383376
7075528
14147414
5246576
9624679
5408945
10660340
12192272
8437143
4597754
313357
9022613
5868443
876514
11797315
6406821
533295
4601417
3691981
3597559
10158114
9678746
3537120
4839634
11635110
6194754
16115542
16839093
14368640
9667680
3490111
1884307
13419777
1517865
1135069
4329614
3957647
800795
11155071
3392350
10990884
1691692
912222
3229108
9419013
10943158
6750236
3528218
396400
367608
1355828
13375695
7044870
278049
828185
4888221
6128006
12437081
7584019
2097499
2344072
3949793
1825332
12801930
7046659
143296
6108320
188754
2450461
3708495
6049845
6553108
12230871
794008
10593940
2378300
7927830
12839468
11449113
5831582
13054477
1270975
6339073
3730803
1323604
2095649
5141170
12832308
4988452
9884222
7819684
2865411
16293080
5562042
3587718
3014616
3558996
10611222
6915069
169077
158409
1893848
6990218
10195326
3190927
386395
6588827
11971224
1579797
1866106
4375601
8032276
1320439
4932709
3484898
335896
4563569
11189601
11789248
6503590
6592493
2432399
204897
7288149
288777
6788022
5605865
6818768
6284316
4642235
5584628
726677
4234046
4407000
2573870
8854823
13239578
9333427
13440216
8368345
2200069
15873926
1052400
1095758
9496842
7599484
16428172
4909949
6770943
3308982
5220091
166617
12995706
3934041
8790644
5331415
8749657
9681298
6081943
12015530
12930974
6047378
3705255
3332320
8735587
9350048
10829914
7245314
2080642
10613463
6885238
2304427
4721550
6446326
9385604
6756585
1642222
7682443
396409
12567028
1814453
6148794
13163281
1134317
9665769
5876802
2913465
12357100
2809484
10788630
5504671
2790619
8884598
1342004
203500
3481350
13914207
4416421
6696218
5283727
1494732
14205879
9257986
1561713
11074839
4393995
2037466
12885083
4544060
7514197
7457398
2801889
10211594
1943754
4304093
7928808
8608562
1326162
1290666
4883098
24824
7458622
4256925
9511297
6671474
12477752
357926
8995022
7918364
8273363
15230751
4174414
13235601
6093575
383530
2682608
168783
3360734
828414
221008
9099614
12533104
587929
5820972
7304303
4984207
3583512
3080573
10061237
974111
2071789
2499883
2150430
9335968
13297190
7431079
5350178
12611516
5922927
2955502
10222067
3495970
7379363
7151417
5777015
5475465
306878
748439
103690
1635536
2737000
11461853
4634336
5997638
2252096
3402636
8216499
8492765
4170494
13461472
10530848
192628
7879392
14062118
6755274
4803277
1599177
9704917
4550849
7710092
14096437
1753080
14155913
9136284
4382855
13750345
8802091
15010007
6245865
15874027
7513732
8635272
8941433
1537028
4244834
12882239
670015
1043854
632346
5334587
1326358
1827553
4626459
6329646
570262
6291686
11099723
2837884
3686915
2911371
8335123
12765541
5711377
4994837
11670359
901194
2125913
10032463
12601523
494883
1948596
5277801
11839854
164007
1063609
10497019
759118
790117
932118
3011058
5921556
3844015
3028616
5374961
12394747
6493122
7586220
3641248
3097484
3303996
7348950
9125676
9897395
454055
4179966
534889
7332955
8755385
932572
5073505
3177037
4644592
11552824
4423426
8173827
452519
1093611
2241945
1004096
1518863
4537045
424186
11457896
6298888
11154825
9600844
5849211
2900995
8800901
16597305
6123715
8268824
4043326
7168148
1615502
7705969
9342076
9811574
12868776
9224334
7621876
4848918
12540975
5812189
727238
7776178
3823831
5282575
7008977
13208748
3538671
2515146
5550084
14035707
153541
9104727
2527167
2876850
1665729
9844508
4574560
13484133
5013905
1363054
1791822
2392390
6606841
12805351
6633334
12219009
873464
1822744
1145179
2113029
12692830
6200615
2633141
676061
1579111
8569401
2253684
2573662
5766883
12168767
8985146
3897012
5622058
16743856
7645108
13679808
2408784
8818024
2387031
2891804
3538799
7701141
4840545
7365162
2658990
10290018
4259456
4095031
9334662
6782070
10203989
9215716
15028965
7944385
5681659
7168121
4889690
7594696
108757
5043609
3537385
9095200
3982551
2529717
3195623
6208150
4061224
10742473
13498725
8034708
3325828
1267846
1265480
7132776
8538325
4510684
3265715
6527520
5439545
10832066
7338552
2002321
924376
4287742
1769506
6369101
687607
3447299
9590571
2096621
1662580
8954109
2382129
2926006
12166654
9196880
3647983
9443164
490057
9131991
3373697
9052742
1364823
3216893
1095064
8555034
7027070
647308
12264668
9409000
6230888
2680448
2475868
1778668
10485267
5702102
3893224
9652968
3720617
12041186
14930552
215862
832223
4763632
16219817
7939004
11983032
1471516
923075
6261376
12049632
56072
2187777
9903501
8861145
12630604
1020308
1253667
7707184
1497528
4135594
4078881
2817873
3510257
2964489
10478048
6330582
4400776
11025663
3797827
1112801
186973
3582150
7829211
14662558
14340946
4983015
2288725
6238002
4004219
1992120
13128580
6818030
5604229
1588426
379473
6897544
10985641
3953082
4319925
2769723
1221253
4806529
7314620
3723649
3607698
8869345
10206515
2480637
3485430
8274866
5172741
9000200
3564999
7881401
3859426
566112
6345998
422593
1493517
781434
16381672
7064714
2403878
9477671
2719105
779766
3358092
9965204
4634439
5288216
10346434
4282937
1487720
9653981
10373846
9690713
11149782
3525897
1779631
7210717
5573059
5719301
3508454
9293621
219566
1238516
10456648
9440568
2417453
1556806
9847590
591550
2551735
3110771
2682515
12854777
6751398
2143659
5939050
438687
9816033
709832
2446940
1626002
1249472
13246033
852423
1422875
15500179
8147299
5414449
4862608
6257591
4537114
10744675
8216849
13981935
6797352
8049630
3060665
11786969
1566401
1939765
3782993
6872175
2419665
15099479
7855965
288121
3765945
4311517
9824763
7881333
765624
7813424
1142429
2029331
1975803
1742146
4203298
3436346
6950508
3711064
7695851
8898711
6202165
8874327
1436985
3092390
4652223
785361
2818607
2204985
7899769
3472657
11289591
10555021
7651157
2165762
6525765
3165803
7003714
1065993
2660743
7889465
9720881
8343188
8792297
16245922
6709750
2512935
6667695
2106172
605812
2612115
13260940
3912943
9245217
4580595
6250117
7851526
9251387
638963
6720362
1306441
1435030
217372
3220535
1228530
4608138
8739342
597045
2023998
2624294
1115556
1214870
2350904
1209363
10375455
3875423
11958323
6496657
2690062
12102606
13782705
372951
5228324
4837440
2269128
7318383
8794278
6043855
690539
613814
9669720
11053923
6285870
3173555
11235994
3047733
11364563
10187666
227413
6083502
10332458
12942003
10625981
1828493
1050959
1506813
9932939
9153340
1897747
509880
1833502
5187888
4329092
645207
2571449
826124
15381714
4377310
996982
8824339
9997268
2861968
8346521
5381937
7793079
4083766
3016380
1583794
12488505
3327274
9995013
326105
9101747
1224295
2657278
829181
487992
2591649
1082426
3510987
4065335
9797548
12372331
4328406
2913002
5840906
3380742
3799001
5093909
7630569
549802
9028245
8441805
16498432
6045892
3236323
2234671
8452939
14482785
1664746
11980388
12776916
5498606
674301
3415880
2642684
3223470
2348775
3290487
1653741
848833
8793257
5250479
127936
1101998
9368728
1892901
5266191
1129407
4756771
3089583
2307577
9264046
9459025
6007915
153777
3923348
3553792
7493281
9566471
13787322
11429622
15901984
73546
787563
10741090
241132
15435376
5342435
915880
4534912
6445171
3064865
9375771
2308932
713673
1509067
2449111
1923681
3818964
14865583
3089284
1674827
4390922
11855501
10657233
4939846
3944712
9196464
1308700
12084422
208050
3528413
8252351
13771273
14503420
13505679
7261996
3350143
1219364
2426729
10978131
14270456
686799
6706964
14507711
519946
5830611
5877114
15017249
5935682
5894501
3341506
1816797
2274267
12915085
7952956
11997420
4042609
6956374
4651346
1874594
4458211
1157801
4325431
13146092
6743065
5531925
11296522
6823287
4740663
354567
7908172
2616349
7025821
7162034
3937225
2041582
601205
2588423
708404
5235346
577860
776135
10178742
11926620
6246950
752753
2623792
16283718
12610929
5714037
1695830
5761336
3210202
2433419
200297
5170730
94470
3664889
12272977
8049418
834581
4514844
5915919
5051901
3651723
12367203
5739533
938917
3571452
8658957
2771825
2458055
571617
976781
1717317
9874641
12768924
1490082
4439802
3197027
645015
2101009
7376545
6347664
3694070
1485955
5361303
8670041
1438206
9868580
9436732
6646193
4272648
182651
15699429
12976875
3403426
3190464
152174
4480422
12816944
1430621
7054464
8039606
11610177
4175384
14419668
6607866
655633
5829189
9568092
11094766
12065369
2059883
324650
10201544
1133678
1336238
3438198
4829094
3884125
8054507
7320436
2047076
14583949
5859809
4517424
5325400
3237769
2247793
5551945
3806299
5156784
6907467
11844907
16632575
381724
15151122
5953334
5843125
8028895
6793707
3039851
2766877
6310128
8692933
10147660
4404740
9451170
6468369
1006965
6873526
2286062
3249922
3929881
236086
1140126
137991
1470181
3449854
106539
16522375
4445570
7623429
1566888
2833712
13242333
689570
810736
13921041
5959327
7916926
2002908
4236285
467314
6964803
12472981
3271515
10044380
4606482
2500698
7187252
3940904
3444191
8922143
533740
5421663
2319042
5517247
5900644
75657
3424829
557916
6118313
1259369
2976091
5717275
14535882
2408527
15242352
14829914
4929357
11333860
5158274
7689162
10535140
13445910
12276352
2758524
12868329
8303151
763005
12369808
12088105
4661704
16473864
8969712
12962331
5080221
2228419
9091535
10531058
289142
6870385
13134376
4989529
6125869
5942247
190413
6538963
3287239
9735757
17388215
7961896
10606305
14942277
5329520
2062868
4315822
13108517
2389671
1586590
2876542
2565133
2942311
9077529
376548
4749113
658956
2153407
4194972
10115983
5294152
8091918
10974766
10394316
7879001
1043080
5813119
1788240
2972225
2718829
426075
7018479
7290704
3384025
15580316
772597
994444
1041754
1716564
6523157
11465230
10000855
1692821
28407
5593034
1328450
2426567
2181486
9617253
5276484
11349539
4993524
12767171
3788968
8494174
6253780
2174383
3874848
7363850
9305770
2558309
3374914
11428788
11827402
8331224
307474
2156689
1080959
5812428
1021743
11871914
7517768
8866467
289736
15069427
2816539
1319550
4895648
7130417
1020402
3052966
8991113
10706666
5012277
3076840
2471539
5335551
14659319
7535940
12821059
183810
838114
8481462
551055
8728466
3964604
17554278
6113797
213356
8039491
3251403
4482159
2406483
793391
5463194
8697328
5141139
5310422
2653695
292261
164588
5582857
10907734
5057433
2710742
813805
11871614
2573176
7707208
5818712
1794849
2517076
9390121
503122
12947518
2153133
123983
7101175
2754360
8378322
4466663
13777441
6192608
4813187
7176516
169397
7029697
6835225
969333
944539
3191427
11944363
10243219
8410403
4058876
1054766
3632222
182405
5541508
12676555
3743009
8661721
2711324
6449805
4760414
4733121
6927986
13433482
5603606
8019705
10195525
10631847
8675860
2229371
4947691
14215167
5855851
10706122
11150214
1955953
8442827
4925249
12775226
11845349
7703938
374894
1123879
5905095
4776358
475402
3850023
10601297
6142941
8520981
5520667
10551409
9420687
5728622
2244685
9967291
3534310
8212027
8784805
5285120
4330599
5229737
1075014
12126601
1368799
9546362
5842843
971599
14407187
14622017
492940
192198
2660069
1364223
4956885
8573688
6470850
11526624
432527
6638274
4589446
13274913
286375
6469948
11218170
5005390
1212721
803049
8583466
7488489
2928025
5821980
1387872
16731832
3436373
442855
5302482
13666354
3277277
2494635
1333666
2510623
4939531
11412761
1095637
1331223
3086026
529693
9696343
6730789
8456650
8157660
11472644
3143424
1798622
5443965
11884682
12718233
1487204
390733
2443414
4833320
12203583
2671072
4649535
1694760
10109270
22209
2005979
853285
6407340
2558984
15789169
2227836
7061727
6625167
5275959
925370
4786832
2462772
199115
10471761
2260620
5689992
677094
9057525
13212654
368976
2851730
318506
9551912
5967596
6511159
2501159
336979
11453631
11348933
6195393
8983105
5724209
5442337
6018353
5902085
1537714
11271432
1301842
6421662
3233991
5312789
5896972
7985447
10873372
9409273
5763953
6460678
3850275
4576550
3256326
10378742
5557679
2947230
11265048
10926926
508970
2084372
8267603
63173
6448912
10924819
1366159
265679
5341015
993726
5739009
6357588
471877
4101653
3034596
10276146
10866667
1443223
13037944
10341460
10058372
3371908
10541196
678456
16311293
4622836
8206010
4473109
15685153
592133
1145377
7065122
6105812
1900954
7541130
2576538
1605673
381794
8694315
4094860
619467
1947720
3999045
2235768
10395780
7278498
14504972
11659969
7593555
1352080
3157242
3560500
7557769
3916469
6922166
2165784
5048157
7250837
235050
23539
1096428
6719371
4696965
7439522
13413130
6903098
14816772
3389219
1045193
325326
1683205
2658224
4092808
9637692
1680998
4266464
1888592
2455141
8278731
9368393
10993374
6620129
7082946
3878144
11064056
1068995
11760944
4780580
5610382
13176776
7611788
297414
991267
11918903
5393987
2084868
14878455
720841
3380412
1824490
15135925
6422862
7781242
511464
480035
9529027
2420503
3731146
7697760
3848418
2066694
8398328
3211509
7453898
2106973
1545654
3914348
4963976
7459071
4364686
11167938
1951888
2980489
12520462
3144035
5160218
16164381
4187165
4675176
1254728
948339
14503409
7177500
4186089
6955765
4067089
2213346
639631
4590954
4581164
7787312
1853471
12561976
761867
2299409
1285206
7781984
10565161
959268
6810445
2084474
1321463
3345785
8036776
11332033
6233529
7656107
152142
13440556
5667160
2747311
1520654
12987666
7500445
2413463
9188330
6346154
3508974
1131352
4819295
1005532
5647244
6887076
15925976
1048399
306952
10016593
7385803
9293076
937776
13416696
661702
1755998
12039422
11054151
322600
10071748
8020441
2645408
4349037
6056796
1147190
3084472
2419801
2740796
11625873
2773969
363643
1603580
533462
7894148
9637696
15499191
7461398
4846254
6694880
8636211
6270144
4823356
4199957
1266266
9658755
3512254
9341763
5420336
8587692
4425702
1847539
5382643
10723821
5328189
772459
6802643
16587085
6164214
500890
6461730
8649930
11383565
3259684
1952663
6553289
1704136
9656090
4392918
3466709
10605383
13957904
1681499
8700024
10567146
4431987
3348569
8156883
4261891
6721169
12997212
5645530
2689066
11597631
3477059
1625047
2641515
9506588
1213284
1768980
1175365
12405344
7173825
10422611
1870016
5537223
8070265
4736081
13594380
8949219
14678235
182188
11151907
7643650
1734179
5315168
6067437
198406
11449236
3664877
12383478
5688465
7727926
654254
93350
15953220
16489518
10185913
47194
8752739
166346
2989965
13241205
6041242
12654551
1317153
2666607
1028331
14175881
7301187
6187734
9073813
11252089
2726148
14063139
1455362
3106698
4061524
6629586
9890483
11252282
8281127
5554202
8807017
11477314
10148528
4093745
7985900
31493
1907735
7175979
12277096
7631241
5149298
196715
17079088
6573063
12044984
3818453
3060313
11633686
5906612
384351
3967853
686576
10049032
843677
5610467
6603479
10754057
1651330
3053671
8609951
3568514
11046602
2109273
592501
9452635
214863
12452243
2164558
5845428
8585561
9430185
11853623
5768717
3873477
3279264
427697
8727
3109716
374490
4877107
893784
1862204
6523151
12214298
4196534
9528805
209747
7337699
1123143
3536073
17002210
149151
10731044
357302
1542764
8568695
6648381
2911309
1213728
5705690
7715242
4488438
8523658
4325876
1617000
6127700
1631741
8080830
39327
8862395
2907255
5926897
2538948
3575653
3560071
11027194
5202685
1067736
1547480
10267340
9099052
5968425
9513558
8399702
351037
11400584
5563256
8478380
6917106
1425925
14894415
7230200
859842
11532344
11210257
8618304
560293
3634118
8740225
10090757
4364208
11674087
4456928
6606091
8812066
648167
12312081
11632617
12167268
8773272
2175158
2971528
5580548
88309
9209492
13259259
2276313
5870457
2051402
3311867
3364642
5419031
2024198
14695855
5249489
1744305
216871
4023687
1003743
7831006
52196
2074652
8362048
445824
7671763
7054342
1729216
2690793
13083418
615048
9073553
9975759
4166247
2322966
7670039
4237294
1092158
4233338
5125399
1919776
8026591
2087811
2448303
897563
4093102
3798409
4710247
933631
16494687
8081175
5224717
11766354
3583656
5575519
13423600
10040885
9150887
9537637
5550604
1031403
58689
2879272
11250433
2374148
753553
4508666
1954077
9915850
8755694
2369328
9530773
482520
4682671
2415590
7205094
12697116
15312406
2528721
8159130
9538781
425527
15838
4583634
6146554
638602
4346091
6653677
157838
5747408
7920381
3614586
323473
10118018
12293361
635908
5194206
5684267
14616728
7981077
8621322
1710817
1237175
11526817
7968500
3489408
6737751
9138674
1396988
285425
3854938
16228268
2270608
1592678
883459
2944114
619888
7504462
2511096
14596950
5728798
16284076
12793698
11055056
3696820
12284891
8916554
2210467
3277100
5715250
1456915
11718918
1365260
3675389
8122313
3910273
12938893
1273006
7211857
2836179
9357661
14644552
12577037
14688359
284076
5983382
6997250
2735966
4772551
5479833
5068183
4526067
6166169
9778511
3049075
11641340
9740394
5212462
7346472
6643980
6474571
6423857
1980776
1140285
2736174
5157767
1869127
334564
271588
6364653
1040670
358976
4502672
8239506
15737506
6108691
4159053
3141182
7525148
16154886
11833268
2389459
593582
7738809
2429724
5355780
1155954
1280194
11216117
5804975
1959052
681292
9521431
5862334
12276461
7897229
4405476
13146752
3844556
3265861
4379306
474309
7801300
5423987
13481772
3448358
954026
3481175
9947
5184236
4363551
1819922
3195386
51503
11612113
1155903
6904778
885065
836222
10485675
11932807
1754292
3030849
8342628
1018740
212908
9068562
8721499
4938938
14708853
2213703
808560
10960507
582911
13495710
9527193
14375262
518318
1422275
13086833
8910377
11407337
1099062
1716710
13963592
3242654
11985026
3699306
5134990
13042255
4430394
8325508
4243155
672786
360659
3939977
1500786
9256727
1954948
1803172
10442461
2974939
166491
810119
5534835
5799142
663978
8669063
5518988
4569956
10800892
5338510
9978944
1251280
10757171
3133870
6226518
3183339
1470827
2944480
4057208
1837790
3565333
7707416
1728406
1752731
225424
3547171
6411748
253015
188065
413173
784071
6856791
4313633
6374793
12621320
5316426
3835636
15129739
4907667
3680411
15417187
2581236
10943766
12786149
6530329
1149778
5417442
423514
1535878
11143486
1361808
4255163
8905345
5527607
722845
6574210
2210172
5656458
4931559
4505539
2316929
13126783
13860357
7734142
5166686
183219
4593482
1689676
6960656
1670073
7324938
10398115
11742694
3123545
2741803
1043175
11304464
3245674
11583074
13181233
7853497
8713910
10090915
1624698
5247671
1256244
14648478
8954856
1568127
6341553
14194577
536566
2769027
13074140
4762010
6278836
4609432
1139621
7735277
3868932
4951213
5923377
13630812
4281166
618611
772261
2665821
6164882
7450642
4194951
9688098
9551992
3429079
2152636
6371439
6937527
1317763
2504524
3095053
9396549
958250
3132005
5430644
2510999
11285876
5336208
3346242
2664692
10715630
3529466
3920717
10620441
14421031
965620
5243534
3800304
5594119
4652286
3580586
1119475
7322034
6682529
12067031
742563
10393351
9348086
10614051
72757
6720598
935135
6207614
13840088
10771317
10096737
5506372
9058349
10738045
3789376
10219621
2043068
11079843
7509313
13159762
6330147
3403688
9317170
16833068
1640270
6227593
8838081
5910244
222880
7812934
8609111
14274744
2834098
206115
14042914
15062187
4590801
2790127
9123484
3076449
9018182
4627282
4087135
4003088
7146689
2575496
627568
14481757
1704147
4093897
8950690
745980
9913658
12383534
983181
266541
7143112
14202831
1404433
9202627
13940519
13779181
4205285
5820233
3674446
15371360
10351145
7912389
8009960
6299630
11294970
2659848
4276307
927489
9074356
1722746
3506734
3619639
11233139
17018280
5324289
6213100
846309
7001732
10453703
1778894
12816197
2802586
4140405
6110302
6307129
2771157
14125071
2188047
9416161
1700684
573776
7639551
5790310
9432060
4700811
12266961
17177533
307795
12665625
11565519
2680254
4960391
6044031
694769
2905972
1385829
6328356
4175594
10721177
4073750
9965668
116929
2982153
5344012
4558055
5277822
1659626
16344592
868238
8379530
4798334
6085252
8683975
2709088
14747552
2003209
2882062
2161432
5272262
2887511
1516829
7237695
10487801
6341827
7306857
3725100
13480994
9909769
3858232
1702589
2305040
9956896
4147720
1872613
2003411
8958955
14117655
2398628
3906601
3230289
12329071
10242244
5595792
10849218
3381959
3670317
724527
1777833
12040449
12851525
5115663
8873761
13003497
2575253
2114808
3729507
11639118
16737331
6014333
1521338
1884071
7379037
14664738
6468838
15941591
16195942
2460485
8775159
10316441
4598738
854956
8862676
3615325
4236927
7120903
998958
842126
8375822
7706558
5268078
1631451
2194891
2497447
2290347
4216434
12900466
5120066
15542000
6104354
5022362
9068755
8806044
5876775
1782422
2825031
559150
1294041
669263
2298252
10361474
5860175
2937720
3006161
3747241
5971655
7243567
5001742
4613214
1535167
6267601
8818885
654001
307555
8749917
4683844
3010873
571625
13470564
4766352
207631
2642002
11390544
572614
4012625
8637359
5894265
7704994
11892941
140418
8079168
122954
8325688
7201706
3032233
1698986
9193007
7852002
15407323
7826338
4115997
6858360
1035951
10366861
1837969
3801712
6850659
3852975
998690
7699466
6856763
3325390
2319736
11158968
5066202
9698869
1979071
8689465
1862559
4955244
6079056
2523612
1182017
6408856
2613165
2219507
2041397
2921205
12931083
4374136
1875519
8184318
7602547
4042365
204615
4594386
5275256
7506020
4318470
12381883
15431054
13650088
9422007
3367369
5013263
1926299
2897590
3392546
10016912
7175375
1376476
13746514
8590131
5376766
750607
6807798
42901
7720942
3181412
8658777
1550725
12259351
7335460
749300
5343630
4057091
4795227
1343795
11234005
4421214
3816895
12817396
1094163
4652667
12197674
4525745
2584148
2876731
6135809
296004
7646800
8459620
2054009
3449575
6107181
4590334
11477262
6205481
1856102
9109669
5737463
1879746
6518869
6983266
145003
4624897
4812909
6393142
2645669
6449288
9794728
605416
3589886
6837280
16513098
3265700
13541324
7422989
7305862
13890206
13865813
880208
7160893
2073718
8957359
1785804
3028959
5282908
5482490
3713452
8835579
4830915
1696696
993115
7134635
11291833
2029832
6192514
297196
2860150
3894589
1578719
1049836
30307
6667310
382723
4234142
5089006
5445102
3164216
4959822
3642345
8091767
381118
491009
2290165
2877364
1377965
769791
4570590
3222161
14891403
2275001
272127
2570315
7251882
8786215
3948393
6949889
4366410
10900688
8668395
1916853
10395220
634117
7585281
6451959
3449488
2315471
12067636
1837950
10030215
7236419
5028955
9314280
1732270
7330686
6131697
8764944
9092096
8295667
5610275
1434656
15328435
11547192
11551269
4245256
7659172
852711
5859820
11697789
4827590
7418505
2223582
2347104
3375627
9972508
2249915
7331624
12018747
1680624
879972
16219624
8775208
15198619
13436849
3767667
5560998
8223410
264632
971857
2127575
13568905
6030065
921620
8229319
8493502
4412242
3411017
9094518
300766
11323376
12101565
724864
15074381
4929088
718504
2806826
1481838
4115005
2295802
4619626
10926392
11668097
233608
10901374
14003738
15275706
5158322
538990
3236824
5369141
6154557
5016645
6708485
4843904
1289358
5141635
13049465
3359142
2419677
8311965
1217353
856810
7744411
3576808
5664697
9197523
286863
2461976
6857084
5107202
5891746
90863
5275660
9803337
2359162
8997826
16517181
7609436
192695
3176523
9041238
6537795
788265
11550441
1137885
4192919
16745153
2099740
9991798
7293132
7496823
12339195
10961501
14072003
11085538
13625865
369339
1921793
8100940
3363455
11331708
1915500
14175130
2515263
14061947
8991696
10412379
9300717
571675
2048268
2002885
9320032
6054821
3530740
5537532
2702782
10014561
7247559
1730067
3309173
8519200
1108551
481118
6221730
16055762
9368711
1202202
9575266
9427792
14975280
1012944
2377746
7517506
5530553
12035778
3600568
1893213
5587688
4821277
9694638
11735552
4345273
37578
5557666
7464658
10339071
2549152
10381297
4198899
5841637
882184
620764
3132614
3530093
4014948
3572435
2129973
5477028
2899214
3530208
3917892
9071884
5518390
6938239
2042579
8938021
5709838
769446
347641
7220512
2482324
3255886
1530056
1592178
7714429
17067820
2877114
6817018
1577979
9469860
2085820
929299
3460898
3990943
7394287
9160420
234171
233118
7683970
3681563
2957474
4805799
1771171
11119062
3637203
1200789
14355080
4124056
4881970
634296
305227
146535
3062327
1440413
10254312
957153
15405061
534678
3795377
790837
8967339
7553719
192188
1730563
5751841
2916926
13004333
8944184
7141755
10127076
5887983
4677402
5478133
5059392
3473084
2524992
2249995
3232616
9783945
147734
3269579
14292824
2039623
8390863
12069220
1726758
404629
1771704
4958862
8409330
5063392
8353044
2543859
7109578
2434451
7681329
3277636
7361323
10196773
3702988
4656239
1029589
3280187
4177812
3630907
12883926
8806548
6168373
10387741
6379905
2660344
17502743
6798285
5043411
1826992
3325543
3601596
7987315
2172304
12021105
5207440
5478278
9594443
1290886
211174
6481802
9794331
9997326
7544811
9149352
7064729
3932122
1555888
8947921
4538773
14199226
1491679
11505400
9504083
4321570
9567629
3761288
995957
659606
1509772
3249104
2869308
4747369
3790153
8759784
5133874
8172442
13931473
203931
2511565
4113933
14864803
9967885
941164
10983858
3919532
3799525
3840999
10113512
9979611
4549953
15330848
1632495
2537956
3043683
363077
7129803
8485002
1419102
3547370
471685
12114610
10824027
1279660
6557195
11223408
13311091
5530454
8178931
10490195
2453028
4207014
3483147
6617881
4308841
2509793
2069979
6651903
4059241
12132884
6157045
16566071
4670237
560189
9518953
10469908
5909976
9260366
7779802
1519012
7874817
11814463
2809918
1757945
1359961
1630077
9951213
3176260
12095431
3739972
10698806
2168227
14635327
1320253
6274012
7701720
10727061
152064
10289898
1599756
10805615
10373335
3782830
2682834
13336243
1342535
3202871
3416951
12524024
12558133
13083871
1596236
11615304
6708809
974343
15125328
6416685
1918099
13855133
10261315
4019633
1097400
4296125
1674761
12973934
4285460
174594
7276797
4379896
10788233
67167
12678370
2888094
10701802
2518294
6531237
12861994
1641916
4955011
4151616
5719326
418516
2880360
1065512
1162232
1245699
1797370
10596180
6435084
7708815
14139625
11220674
5987610
11655978
1207175
8041433
6693526
7287919
6602577
1905481
6195448
207037
13051469
6830093
1556670
5849282
6512942
4046959
10970069
201312
12977559
8487453
7476520
8467191
3238980
1199015
732593
4145932
4155166
5040232
1005326
5213183
692145
2812504
508924
10391860
3435669
8052659
2530582
9284771
6193099
5857543
12126212
3864744
7015752
1112367
8619501
2268254
12011782
9450557
7421795
1371740
1284029
6717397
11345435
12067560
1720720
5138432
14897709
9888295
9803588
9367818
4295023
12161219
4177540
4596721
969069
5411298
1086682
10534304
11582744
4820839
2600945
1897147
12923974
5859345
2184205
1753473
583981
5345819
14916308
6319490
9337755
2123349
4514257
2443901
12027915
7094344
2890422
6833231
13349935
4870869
445622
1720080
5595708
1964753
1885617
2615669
1648553
10418946
5725841
12477914
1629184
2076384
3471431
3716312
3454317
4493063
1006107
4171223
2329793
5020359
542900
4932464
758057
1072401
13581827
3642859
7962815
5674222
2341150
11070423
2496316
10543021
8361560
5827113
9660439
6801124
3711249
3865821
121415
550261
2181659
7646205
10802614
1864079
8138034
4580478
1774237
10121850
9891472
9493706
265163
836362
2481904
8358048
4722243
5071519
7100287
13107243
1304841
7930066
8653975
2803694
1971188
5105079
5946665
2075528
2017932
10262184
14944458
9558972
1445990
19055
6637241
3677010
323555
13620020
1665469
8308394
970689
1799107
6069999
15551043
15764175
285419
6366832
4947077
8493882
2111801
4664490
8340865
7226437
7633821
1218041
9930718
5436483
9078706
2288797
1265152
7549989
12921549
250664
3121826
1425071
2456418
5904264
11638533
7141415
14691286
12846336
8849135
15836351
9843341
51525
588967
4444720
1298736
7162430
6064908
2681004
3409570
7298146
530282
4204358
5543795
1793031
6548753
4007214
1959930
8010894
1856591
1717329
3843551
3201561
2758754
7622443
5667541
7913113
1467340
128112
1839040
1524940
13369560
13045802
10040221
10882173
2561868
940233
2211361
10452170
997208
13599160
6454560
9655087
10339702
13967635
8696442
6649896
16435289
10467970
2078749
2502260
10654124
4933975
7916647
15581669
10271606
4011930
7304809
544963
4608937
15904039
5034903
11660601
5175364
7745226
8140102
4017200
3964751
1624956
6223437
2460517
521108
8391993
762575
13419869
2668291
13143930
2284679
273671
712104
13004396
3527814
9197099
6675924
4055934
6399099
3522057
3266953
5872536
4701552
180245
8225156
6468097
703233
3853381
11652944
7520
4831410
760817
13225967
3320840
286513
8168988
12000585
753914
11853144
8209070
89890
10954621
12280585
4135401
13762535
12796609
8841318
10288960
14599190
2712729
1962877
5206820
276297
11286725
183274
13143737
12251139
7590359
2670998
11699048
3910246
8187141
1942475
8545368
10084481
2763165
6315123
3786808
836584
6289587
730523
13189686
2188610
10645659
2976712
2260287
2959544
4951642
10564673
185164
1404580
70740
1831747
4909171
4754795
3311033
11254343
363910
5836006
439681
4210503
4286070
7293028
1549194
1715625
1698657
14614810
4384511
6252297
7773395
10516114
1389436
1800733
4600888
701963
2070953
1478998
11853498
8400836
5848996
12369030
3778806
3737503
6057497
12207063
3806261
4315327
4558318
3097727
4837146
1464965
7259063
6910582
5005004
12949876
3837221
7932269
3970583
2857843
2570144
5895980
1455338
10253758
5981345
1553751
1777596
4676131
7392061
4011240
849115
516741
7840334
5703233
7831540
12890122
12387757
1370605
10318847
7972879
10859390
3120424
5635299
1918348
7217549
10803432
6649455
2574749
1400211
4475363
11356597
13641295
4511391
9894691
7752657
10834342
35432
3445812
7861040
4578026
4191420
9141222
8258657
7470957
15251763
7314986
7359022
7038471
4533650
996467
16061238
3239208
10766974
10674039
7149996
414786
6175995
4569207
8929529
9588126
906566
5791469
3445604
6144752
9222012
140498
238660
9962819
6755219
1033042
15457345
2859497
2948185
2188866
12297102
349278
6130664
7035818
3550918
1703488
12695974
2562865
1558426
2157370
3833544
9825201
14461912
11832745
7412169
4463878
5937842
5597128
3149270
12832606
4412492
12670498
2455752
8487425
3069076
6803310
3554469
2479630
2817440
3840188
2959047
699603
6536979
2493687
1757054
1678605
10977499
10116408
5545721
4799397
4273534
7410466
10636886
2035413
1003974
4398260
1452834
3283395
5872480
915623
8224439
12453830
12690570
1029847
5289998
4686218
5190737
12251685
9966940
14239291
10074977
3219896
15637144
11106935
8596390
5965514
4462570
229847
8567357
7524587
939122
12781247
4725594
330368
583792
791726
7790068
8359675
13684283
12947533
9084687
3481874
669382
6703857
1922035
9621621
8338977
5194843
7102636
3011024
244006
13191350
444610
8164719
2070953
7638041
6836845
6401691
850911
8311784
5841870
7808102
9449689
1415563
3740652
3959266
11586824
15265981
9647264
7323563
1248902
2125121
6258344
1023573
13880575
2253202
6672453
4181237
10834141
6338557
13088554
10753276
3539393
3392494
4138048
6300523
131561
7418700
10476017
5300273
2497473
16871400
4417778
2363692
4815363
681066
9219829
1497964
1037298
9408581
11890862
4099693
1318733
2061848
15474401
7158716
9166828
2075683
3668977
5888535
15468494
5812459
5121028
1241322
4683648
4804720
5851349
10895512
12861783
2081075
9047986
3531110
5492414
920821
4911224
4357703
5953802
11384910
2345109
6149410
13690258
12730592
9584511
6398373
1186688
15662337
9036646
8436964
5953985
4170026
12374279
14571921
903489
11407983
644316
3199085
6027775
1468960
5279664
5651949
11019472
2456842
3552360
7576926
10482897
7612009
4257
1565821
2033776
6011477
4249915
2138749
5911036
6901188
6711794
2424955
7820083
5128948
745908
13845913
9611778
9829479
6793959
11833353
10483655
616286
1166492
1933421
4833988
3776546
9747641
12135225
12141779
10277234
11385618
9453020
3010771
854678
8622638
323805
3871321
8279458
3751571
7442632
370598
13836590
2023742
2940185
8844433
8524905
11618526
10225635
7826161
11268608
11606732
6069056
5817610
3039869
15921216
12802897
5021090
1846290
5568569
14711771
3909851
5310756
7361624
6265379
4149679
3289992
781572
2364607
12900943
1963799
11621529
2898500
11066920
16461797
2751152
9424132
5591570
3953513
7425026
7621599
4263713
16982018
475520
3372517
8964213
1084932
4165005
12042380
1157630
12614531
2070962
3060412
839797
15202143
467679
13771224
1770986
2596231
325737
2033483
4325623
2571522
1192746
707921
4432694
854606
13612768
3334827
1687642
3736551
2215195
7340519
3652196
12910668
10811215
12681487
538182
2291526
1627057
8731198
16727714
4768351
10927626
288224
9778718
2190034
8685601
4389309
182678
2697841
3317074
7839161
2845816
5918068
924952
9563241
15326915
4798604
7204401
12049861
4457797
10441911
12000997
2669823
6326051
9516026
12381992
212135
5566986
819990
1558200
2825436
5160140
6136688
3003982
5013796
4309002
15282459
14428699
2956294
13495345
4905300
10716291
14784872
942619
6717081
759570
3590933
759452
3575420
9780734
3515188
359633
12429930
5723916
2788748
2836214
6304511
771067
5645220
8287159
14337376
7889275
14271058
2530887
5488778
6837454
3795224
5389624
966963
6563516
10569785
3152444
2134492
1199729
9711132
50844
10304226
5251185
8017543
3253625
9255194
235219
3154187
7808113
13646556
4726570
8599918
168839
474359
5519600
2626673
10260021
3177833
4391119
5779740
1685107
5419221
1314458
5373041
3042644
2082523
8129043
13452600
1629089
1316405
8191318
7780494
3812328
8938230
5494102
9718275
5961832
6548989
6534482
14824415
188300
3083746
4601091
3455687
7719140
4379633
5087616
11420067
437559
2538315
8399923
5669197
8196512
1284913
2218234
3498581
7042220
7135023
1430642
1866506
7081197
6366362
8411820
12641658
5816805
1562154
2732962
786228
775325
4114437
1843799
6586080
7075979
11974340
2069734
6792360
4995941
8329239
5514152
991207
6641312
11654659
6441699
848428
1779853
13646376
1887702
5215305
4429552
8152453
4382666
4039072
6915034
5346591
6811581
6364960
3898447
6405091
4780715
1391739
4279511
4474714
2370786
4269473
1601873
4239884
12863644
5043382
3386396
6611195
4972628
3085389
3988146
14574478
645145
13469352
1364028
4581336
5329870
1166987
2470170
2844965
7036237
7688314
3804605
5203060
3620317
3511571
1550197
591200
2235084
9154820
2402403
229827
4058628
13820295
5396137
5405924
1756402
8201547
2100115
5265372
6637405
1179818
8523049
7147856
12349125
4063077
7074404
3343272
197642
8133795
6754792
4785840
4793470
13477429
8036446
1908308
548106
282566
2216748
5844486
4534455
6427458
13240615
7351830
12285082
8396336
2325884
7676589
7725608
8587
87628
5994160
1203224
8001404
11461801
9984179
10201897
12638315
10130333
5318535
7228344
1592209
2170868
2698337
9692045
2502049
3005940
8721445
1177799
2772500
8295789
12227697
8991123
1223952
5714305
5704774
5472648
6376627
1398963
4469462
8549204
4537965
15971190
4933012
13148498
3630410
1447319
10253068
2249477
3345716
3955734
2997867
4897014
1061353
1059634
11444156
7235635
809724
6667076
4056092
200427
2673083
5387551
4097505
10982826
13081553
3608321
5351082
10131593
1852478
3371873
3188449
12263478
4474303
8634817
1217773
11646390
16589991
1581869
4421092
7402582
6067272
5646258
12241143
8466109
3220549
6235561
991592
8693218
8230272
5304742
7924966
9497939
5001126
488875
9185704
5383341
3440610
4481040
4637443
6888833
583692
4088666
1913547
1611614
2814869
14001804
2715764
3952133
5887354
4710850
13514605
5565851
2667423
11311325
727753
2307167
6778339
12310776
7574611
9428290
2316741
2030554
4897492
5206056
6101583
7017989
1079101
9966085
6729944
10529906
4416214
1020079
12291153
4555154
7966756
14945374
8989769
6267496
389884
9636610
11086321
5099965
8510315
2253735
1946024
6988965
2092103
1416929
1875028
11983150
9949311
5563649
5962877
9400949
11513572
5495167
11434391
8879632
9590912
2561235
9548014
12637115
12961216
7904341
16248097
4154725
8436679
5058009
8801150
3001855
5365359
65197
4957878
9144617
5348225
4570047
14922312
4950718
14323919
4401339
331506
184265
10199780
10459892
8545443
16094804
14409172
5634820
1949655
3429535
7859013
515473
8859968
723483
6594506
704420
4845965
9625858
1981680
3074100
11954399
10590699
4527933
8441364
529110
7515704
12980428
14825864
3129537
16223133
8722134
5455522
2401274
6783897
6396901
639252
1044031
1870817
3696737
15526660
3936232
7245076
11698828
731896
2119448
12965680
865752
3410733
2626379
3550678
754162
4286225
6245924
9713754
8691578
5641971
12729877
12316982
2248863
3221012
12101514
7522472
5191572
5395391
11223228
15756028
4687447
12787356
5079844
10712804
2083696
10730735
10779789
1457557
3978444
6275914
2111668
6504676
7855616
6783331
5645987
8755829
435414
9275659
9231723
14618344
1308224
12220712
14306686
5333289
16045091
8664781
7467898
4407147
7517252
6561604
9380791
2886873
8866067
487197
5108724
8806858
2549980
2719502
15383611
7396127
6699741
11040904
1468511
2957206
11460341
9849516
14837750
2111839
8056386
5105852
6281840
14541988
9797520
3320469
254126
5939156
943390
2505173
316330
7608546
5970701
4654752
15227962
15092501
3617174
6203799
6631572
16170861
428599
12988273
441207
2834398
4653166
8202891
4138271
2018992
7499709
8398435
1852137
4749902
13959248
15621962
2011217
1798992
8275288
12205777
521290
1033572
6586436
3404372
5118575
2396409
6420451
12016612
3832978
7183120
216636
6234411
6572689
6947132
2648932
4030624
5051131
4760515
3583320
12432520
8656896
1836910
2684136
9919629
5806988
4336484
6524924
1782228
4897145
3624833
6429803
6532666
14186064
4313873
9849576
10342281
14291093
10799479
4497250
276703
6052355
3283685
3894484
2930732
2757610
18034
2732220
10489373
2292645
2314101
4683553
3762327
78282
13251318
7496410
6271878
9197602
4378024
1405172
11933056
6553667
7454283
13271494
9003381
7512547
16433442
4003615
14442693
6428596
7313475
323896
7651921
5827516
473502
1520749
9832688
3192358
7047956
8575177
660024
2928312
1457356
5972974
10982087
2553124
1202914
6977838
3412126
2258077
353895
5964764
5423570
8845101
1730914
251997
272371
8089938
2182966
10089649
15857569
6736363
7860696
1871574
6868589
7613003
13752684
139376
12467645
3236953
6681127
14047516
9724841
1077160
9857730
10193269
5410757
15951801
1946725
3962260
9102041
6932641
14126056
15548300
4738656
10501138
6174148
6801163
85076
2754302
2866352
7158260
14982
9376266
1257737
3716372
4565910
5696188
4363018
5879523
14243170
3185400
1291583
8924423
2414526
3052931
16957000
7677382
334432
490404
10080205
1370020
9294344
4495230
9140128
5158113
203799
5029019
4847187
3713926
1060195
1284236
1880722
7428519
692846
7119159
10565329
3265576
13858180
962151
2642895
15940896
786041
6426316
3137657
3051604
3867069
5274790
819781
8843953
501281
4908798
4749515
9159048
12015234
4801543
9449694
4617350
9242375
7919578
7893615
998436
5790377
101740
12402615
5953741
5773744
468275
3183039
2239639
12593720
3346454
12219236
4861835
3789185
6451177
1198886
7990552
9045536
4431089
2457706
3489859
8825174
10507761
6637376
10410238
5306813
5873375
6827862
3771350
482354
2594996
2054689
3273399
7753849
14412960
8519769
1924322
10432260
4280241
3665365
5848996
1620503
2531064
12009652
1559057
8987791
7114242
4762468
4364334
2921203
8632670
6393213
6862900
7940833
8082073
11248973
5160413
7193085
14332019
2042589
7130463
6808509
13053845
4472181
4729048
4242462
5249828
11035198
8410140
1628140
6628674
6745059
2469185
6059990
1402362
4981816
1603666
5986717
1363208
5799760
5264737
4946439
10151953
1017490
2675480
1822488
7888286
8346291
2497206
5573508
8034399
12486398
7310752
13046305
5785556
7700406
4159661
2030738
9914106
2176131
4209061
579015
12107492
2754744
8703560
273337
13071590
13308158
4249889
1575603
12687468
2647428
8201667
215286
7676813
13801495
9439111
2888553
4568881
11448260
5375071
556825
7563562
1326095
7756621
14030805
8217794
6028757
9276582
3625551
3248498
8039043
1497904
6816897
10417004
13760051
9909497
2920565
9151118
2807054
5021284
5588556
12859755
6705964
3267421
11510328
790093
1776062
2686849
8592104
7483570
5980451
846911
521576
9465718
7969853
6734061
8531452
4418068
588453
5870827
5527460
10315367
13184434
9816650
9124872
1520662
5256403
1070435
5657922
8897902
12384981
1245014
9480065
2234457
11406718
3901877
4564068
8175489
3556648
9084877
1602084
1368925
2325320
1103833
10756329
4428626
2461771
51563
2457185
1053289
5012547
5196017
11119813
378015
3749909
6815402
14073061
5503223
1543134
3848674
3988226
2615306
15136410
857082
2598292
2689471
339435
8733849
5027846
4671979
2334407
13074722
1781860
8612753
15052958
6130009
1452248
7352255
5337418
1119510
14420297
6959539
663222
4800481
6821452
5655132
3049893
1834463
4206742
6700494
9445084
6636225
11816468
2052611
9382387
1210702
3202440
6368803
11371460
7872992
143118
9095348
1490414
823760
43563
5250759
8413516
10773600
3830072
4102301
6001362
3507943
3804259
14820884
883980
7393584
12843481
15214678
5321917
5264552
9915460
3125439
1241202
5808300
181363
5375272
3203858
3593719
3039059
1134769
5399006
4339087
1972368
28389
832353
13020737
6802643
664712
10086886
1616588
317386
9211139
14590971
10082370
7905314
2684290
8515280
1318615
8125218
6030484
3800053
306151
493412
2939192
2632558
11116717
5882462
211133
4055509
13985472
11941555
4235743
2445141
4676492
4996674
4113803
10581349
4335862
11063538
12221783
5104261
1032192
3313404
5288070
8700692
9246717
10798464
3455340
5141997
6857491
12041968
256065
11397203
3132564
11734737
1696121
8182409
3033282
6231356
6914848
8090423
4340541
8498781
198044
351450
1862016
1914241
12968736
12723081
2111316
13344090
4308044
8164278
8139318
4879271
4838656
3377534
11411838
11690745
4403478
2070070
3546782
889866
4706273
3959710
3693394
1589250
13455660
4700057
378590
682303
68116
16349043
7968080
11891009
9919013
8563576
3913708
13973
663748
12631740
876964
6814741
2772237
12534065
1124869
11619759
4337017
1721142
2456444
245183
7755328
5039230
2314820
2344952
494846
11269035
3858137
9717768
3505908
2572889
8432345
6788535
470062
9833860
8301286
12930934
2185406
6394855
166365
4090135
13582071
7967924
2917172
8267583
7811270
5931736
396959
6449240
6222602
6885589
3464505
3655701
8603124
14550430
11318501
6263421
9088760
3221126
10369025
3627472
1299796
7387352
2940171
1879715
5277372
9509202
628923
3066538
8212717
2196527
4148393
3235312
8869126
8167239
11114911
913780
7476899
3310974
2727707
4189725
8543006
418865
13547538
8274162
2559212
5915915
1087339
11733292
2513102
7420704
15928462
5370355
2120280
10071189
377226
9773098
4540871
3064495
3133901
563041
1974979
3475003
1364994
5467160
1106102
4520323
9358276
7386978
9184987
14428183
3798437
5794933
211546
4051632
4557054
876479
3918525
8407409
2572007
2543067
10106809
5434284
8347871
4515403
3439496
4624779
3024250
682462
7884621
1976748
7701408
11731042
2780660
2825793
14012050
5226214
16692161
6879058
5400092
6266608
8576337
109572
11771251
10866090
12436570
1580927
5980968
6480955
702744
2569157
9648449
1077866
4377492
5724834
588355
2161157
2030131
5941181
7738870
15093438
6350314
10964770
3480482
1361745
1817459
2085224
596088
110152
4549974
1884219
9147407
7605995
373061
1903732
1457403
5899084
8617198
8012811
4689844
3944921
8776765
9790129
3188759
9394429
4728568
6022239
2528240
11700966
15990190
11791228
590617
14953275
10186230
5779741
12718549
483847
4756854
3299110
5530482
10385631
4396575
4982496
1926430
1131740
1890993
9826947
4184811
1317293
120789
3946479
4785869
3493137
12800095
4275841
5434575
16043920
1747985
3126174
213926
3548064
7920360
1792310
2394313
457137
3102081
14615796
10963933
10068516
6276653
13236595
4662130
6435300
15829918
5859745
1323046
12542567
10645316
434627
7702731
5191643
1601645
4182446
11502150
1890586
8172967
5665692
4308732
10030148
4993876
4437918
14804070
334165
15060912
2797105
8879253
2863463
7579165
40752
7142051
4329162
43371
5588837
3956843
3165205
4430911
13479042
10650013
15168391
7688385
2312987
2440701
10695480
12688604
4149567
13702025
2025667
1544966
42505
2078055
8989159
7056249
1015201
15649884
12196928
4709735
6959236
8175372
7209166
2402306
2292859
5382178
3884075
12319559
5751772
154360
3395046
4311595
779107
1871259
282358
5220907
4292621
4012258
7134028
893424
1193084
2289150
4669459
2332746
9115669
4578792
10667904
5999043
4370784
10480252
12870340
2267638
4488678
600044
3662437
6981526
7093732
2921174
10748954
5848751
3239535
5339618
9577873
7105361
6964217
10599116
5130429
8493484
8921944
9764330
9355212
15817057
3421383
1940324
4264370
6326114
7704683
12388541
16584291
14013915
415057
6248017
311005
6354468
6531137
6664516
5676022
1300141
4466906
1217986
1931888
5733493
6686454
9243913
8306110
10263654
3311308
3573243
3267821
2687073
8886663
14822900
2638238
10162084
3437114
7021097
7792621
10338972
1438964
863079
2592823
8383726
3935289
2021993
12939484
4445641
342256
5769983
619927
1360262
8152209
1769096
7758624
332699
4258872
1078002
238126
170295
8079334
2826816
4378968
14878517
1889937
6760525
8938476
318760
4810184
4542189
1343897
3806092
10682103
6793327
15677906
2587243
9098623
291535
3107697
13136297
7151947
4909558
2642251
3417803
3414726
11423880
6106577
1581490
7346472
9131865
2435748
12313732
2739271
7504340
7157794
12182713
4675206
4738891
3424324
3486948
2848691
3735198
337192
2234236
1033902
11227699
2649453
4800898
1409443
566062
1535473
2726368
12298567
14969593
640394
48210
2890097
10367484
12517443
4040331
2965036
11377366
8631411
3821309
2432660
6359575
13147258
6572873
6446674
7786132
12677331
9256900
9482216
10810879
5353614
3189973
13529726
17058690
1458740
6338254
1166787
4915095
12755433
2701178
3979980
2388133
716412
3472508
7975325
694159
3848657
7374588
2453727
6342686
2886484
9102890
2096729
4968799
9631647
13035218
11390662
9883302
7862649
11041706
6859576
10820349
6670720
6035386
2549424
5304565
3033084
921627
1469745
3130439
8056110
7603314
14199353
3644622
7394477
8632167
1015254
12189076
8147645
10517319
1914783
6084699
7281147
6164528
4305337
13775243
7267630
2349677
2530248
1715095
3647679
2283431
8166817
7436064
3424206
6482593
897829
4060926
7062232
14076302
202053
743804
1841519
9175116
1535933
5400728
3402966
7926132
5980170
5328227
447255
2662484
1831429
1626760
2473185
8451705
7637846
450844
5669186
8444130
9117357
8392294
2770398
11248144
934561
2324985
10243367
1089307
3788867
2557089
7578733
13200785
5366627
814160
12205225
10991121
12169858
12572189
10584488
6788178
8027726
9692824
162507
10654496
9297702
1880321
11140824
14891839
2214892
6307399
5991949
735572
6492563
1313328
1698956
6432150
9511470
10061652
907116
5414603
13103417
10140662
2126761
450963
1803921
13230163
5052984
6981674
9174079
10329574
8118246
3018094
8661978
2277573
421173
424024
9598901
5522523
11303418
1171229
1163273
6851935
4815621
9149047
14768008
8500324
8236578
11683459
3168432
4609350
3838992
6745266
3329638
11948120
10017079
11540382
7684717
9630196
1630183
7813648
8893506
13649652
4583135
12803574
8877529
3657984
3054932
3146010
405704
5053218
3581264
826697
1243927
3774833
27127
2252482
8865420
1614037
3904437
12202727
8958675
3226977
8482335
14112301
8966769
3294896
2060258
9656535
12849343
3335466
1000119
840413
8521577
6216325
4504508
3304355
1383598
9126486
3924222
10691264
2548180
4621721
16118899
3601589
4164718
1295535
2086501
6277537
11240108
908367
1604358
9039715
3893512
855890
4225408
11773539
17909
4338772
7320637
14640447
16539110
8465230
6095171
1505594
8760282
1599187
2185006
11956358
5641904
5810316
138698
11026715
8656044
1991689
12378104
593882
3195260
12609886
8030652
15821223
2935475
8642673
2660884
8349286
2111326
51505
3639083
15261403
7672015
1297708
7040154
8580128
834494
11895996
3384619
1149651
3811594
5451239
5527837
10669427
7422631
3730261
10771638
14927005
8171844
13555317
4746942
14080539
1079478
362641
1520636
8164993
1318233
3824415
3480215
12373187
7205874
8713227
8521803
2099173
6137668
5206602
5333552
9665130
6789326
1442195
3067937
3767959
4941884
1870491
2193642
1147211
3816067
1434608
5977439
3206156
4868906
13399921
2362803
5002944
1280850
11665473
5941238
1167106
4194292
112515
3296259
3210258
6775839
1167128
1284213
5781330
702742
12594201
4489867
1507209
7679385
2867898
2331126
66988
126493
14310799
2508419
13499836
7789067
10549188
1163735
1570244
815548
9783700
12801526
12396884
223224
10790631
11308734
7683097
10522539
1024700
3570356
1110889
3371387
2547305
11747221
3411104
16606882
4090693
9985509
2383939
8631259
886799
2525925
20234
10050090
466206
2676766
5724724
12600956
4426221
12636158
8870574
10310731
694894
3645178
12654106
11184884
2377308
1845725
9887284
12053655
10545398
10784380
10911004
5577768
3542529
844380
6378591
1660689
1629312
6428072
12861255
7308154
6187231
11571500
10104238
6448001
3604294
6938130
7003803
3317183
2766480
1735949
5707484
2913670
1929482
9561989
1554115
3334272
1518072
90990
4958493
570063
3029854
12518853
8075731
12875218
5501401
5779225
3631693
10633675
169417
11270800
1742878
7358119
2462943
1871014
1866907
8469101
140422
5443895
2844731
3214687
10787307
8489104
2863733
5215449
6730216
10195300
1459487
6593858
10492841
4636881
354441
14313686
1164838
10457978
276675
4907904
5381033
3301986
3051548
6595858
1760693
5253907
234342
4660093
9929426
9626035
15806078
2640721
11367430
6919767
1678206
2902550
11874126
734988
8070400
5260906
9562312
1305013
2673927
1676234
4471432
958450
941966
10803571
5692561
10952032
8789608
10147449
8433724
324611
6864422
1340912
15171263
2310936
6151201
8088285
13886908
11374763
8861665
7138855
5219702
3697830
1543376
10318055
3355794
1474681
4412191
4274042
11755143
6965110
5893601
4495589
6175650
12559876
8049756
429563
4318091
5564777
13875154
9237185
4561529
5447052
4455435
6586696
5037129
14311995
3152443
322396
4546781
1034126
7379330
481288
8402546
4857830
2107662
12464522
3839514
3840015
4996232
6545701
8551166
1669570
1315129
4226350
262060
3124454
13329209
9999826
7342469
3333548
1263621
11189687
5142690
5655639
9000272
11315472
8680264
2528743
13179541
3814011
11156039
6486390
8839707
8378143
5455750
10234826
9841287
2803896
9419894
6395821
762434
1553017
8779152
2141544
4914839
716480
2578817
2973508
2318400
8548394
1171612
8050760
6826753
296115
3184019
2470019
3785429
11541963
5708662
3868720
5566321
6991206
3745836
3407433
3314095
6186408
14447222
12370325
11853957
15590361
1479376
566490
3187104
16744094
1820353
4849420
5790675
4584140
4573085
16450082
9585858
7014627
13507088
9210043
3283196
6177874
1222236
8903824
2523336
4592186
13028779
10022195
12301606
2471476
2295479
824834
1225294
5723210
13069619
730266
13843430
1305217
12337418
1736670
1379524
5712570
6243108
3540647
7362058
5607329
4423386
9321548
7776423
102850
3825607
10303180
3758478
5256144
2889516
7232717
17158976
7745254
6277153
10684242
3700133
3431991
1619406
12537596
1928704
249855
10112786
14251238
9190909
6020455
3225467
1084933
4358903
6162869
853148
3989379
6383165
95214
8348707
7286899
8375228
5638727
1191576
7786932
2107658
8442578
61184
6434024
2206193
459020
6062505
9179437
11846626
4527266
7425353
8626283
2539387
6278390
8343601
2378432
3736974
2793218
5853240
164362
13167236
12738302
7618816
1458897
7331387
13237849
1167487
1461866
2225798
2807760
2860977
2816057
3072216
4682048
2986153
7641514
4343682
11587048
4429929
7829208
4860809
11777414
7308405
8002711
4067253
534377
5266316
2134724
4684769
12934198
9108844
1642341
494543
13209924
14601539
4443482
4044172
8714475
3238713
2443013
5794940
6902293
2902007
3192638
9929012
10833475
4382929
12117527
1099012
10438590
7456838
1203596
6853995
3135781
4096416
8170595
656352
4126089
10844071
3225045
4638378
7816632
6019883
7596178
9752282
6253193
6364357
8692511
5393706
354161
13423315
1946779
771471
1450235
7295291
5027576
1442685
12143787
14111504
6249123
943146
12639540
2556683
2179103
468711
2696047
5989601
6568492
11220145
10909809
12527465
4686465
8580789
577688
1697795
323427
7062681
95071
7741158
8664663
2423517
8359132
5050945
361030
3738115
2252022
3162601
3056270
6386938
3025631
14205211
5144144
5861197
3141881
10378808
2685603
5195381
7198314
4635810
2967217
2126222
294131
2420373
2681646
4957026
6830868
9190263
3087982
1923662
731749
13251761
3631955
5450256
6285883
882342
15649232
2660471
11827495
10889303
1352829
2533429
877690
4573830
964879
6237166
7033407
766791
1780003
2465662
3555020
14240953
1035291
2495214
462494
13413127
5376854
3610978
13079
9810846
15298225
3756704
7631904
6533611
4073687
589814
774106
5276599
1271173
3995712
13432699
2750368
3586135
7977601
95892
5291027
1585691
4213559
7885350
3030652
10656395
3993477
2592229
12067977
1342159
1258927
814234
10660453
619426
1511735
11587734
13140634
10808336
12153271
5560813
12634934
9417231
1814569
507947
2009091
8354639
3432269
9720408
840414
5690534
3917489
6909345
2679582
2375966
4539378
12513659
520168
763142
3585789
11106594
7287743
341852
7249821
6609827
7980369
2921883
963707
5910207
1678198
7999968
703006
1358840
4588025
12476712
6005603
6845812
1841517
1300597
1784818
4726365
2261229
967923
9961864
14925364
671942
5063959
1675980
5326062
848450
13022561
7563007
12531701
5675429
16690790
10268838
10658863
10807540
5028448
3089451
13907746
1179840
562172
482297
3077217
914609
11278038
6768467
5067005
2544454
6125135
9749135
11125795
7845522
3717397
9629086
9129248
2070229
6945774
6040162
7952221
3227070
104093
655037
5127919
10004619
4777596
8695423
3519095
3318954
5428902
681933
3105528
2690964
3328484
1703372
8341148
751301
6647956
2534298
12820237
14766732
13073467
7947328
1739323
8604218
3928338
7729980
7828466
6678855
6785310
14183195
5198801
7950900
6583473
16748016
13027358
6008380
5978433
3653705
4576489
4917372
3023210
11792717
688511
4081034
3342424
5753129
7507122
3324361
15552804
9095935
11782326
2936002
5319241
3617442
3208691
1332327
2892973
15274211
4901623
6987452
11829228
5544853
13147648
3735256
8133038
9213730
2133338
7901502
5417210
3967684
5260858
17352983
5224716
12153294
9028515
1065235
5867516
8156738
2823056
2954952
6916068
12966698
7862698
10015788
4006145
7017360
2742022
1953931
754083
6883048
5348387
1636557
8611598
14725128
12633554
1135627
2370304
674219
4304596
2247728
5063576
1880961
719797
9095631
15269114
10463415
983843
4204648
3847898
1805143
5880785
1462518
2006016
2726558
3425553
9315005
10180711
8792290
2729000
7099862
8599616
3065391
11289417
2297980
1961857
9206127
2890807
13247492
672566
1887924
8285270
11688661
10970903
2491643
599525
14090927
129328
1320895
2687983
13499305
16620851
6671533
5132900
2435980
4717222
6650278
1629835
2279233
6460630
1041977
4883576
2360356
9515206
13273085
316930
7634513
4623960
2412932
5636205
2022374
2730445
17330864
6461267
8583280
2737872
10987119
11356506
6295700
4521274
9204513
11987688
15026574
4371255
3296127
452094
13840677
681532
7635758
2822097
715384
2824287
509138
3517498
65802
685650
3951970
6190267
13226672
7892058
5917369
14709793
2229340
12092298
877522
1266108
13320
9526431
8084169
7403425
4151773
957448
2008483
7404869
3025416
11580065
6083714
444761
3561120
4763395
5170121
12683365
14000414
4536399
2548385
6062992
9872214
5578960
838425
8961436
3687027
3313999
953440
7512093
2458373
4836370
6194552
8112856
3150031
3741660
4582382
7053909
5099777
415114
20370
4191880
4450322
5031832
3783175
1012830
9447901
4783688
2492174
12082269
16350651
11497915
4704190
639181
3621291
7380993
8838654
6958993
6352672
6355803
8026938
11498215
3485308
681611
7811286
3813680
12975872
4611984
1089853
1229806
9243443
12045615
1206916
1305167
7847013
3661291
8702394
2426919
5107324
6089053
2599340
16245006
5417119
1695700
1333365
7409382
673475
633634
10177262
12902567
1067753
746191
1201589
16267059
4332368
3891027
7182584
88009
6914422
6941214
10365506
1406545
5690837
3622108
14214868
1033829
2993712
2090707
9236448
8921539
15855618
6762441
2156575
6665937
1124307
8474762
1658561
12850478
6197975
5930565
11146303
113571
3569030
6208809
4172209
7511264
1518579
2790070
14194616
8168012
7008346
1988627
388243
1894722
6833251
1118311
1115960
4076570
9393106
7617034
4503394
7667228
4644185
3988289
1980272
5973219
3332369
4726904
10945655
462663
13807759
16441485
868160
5957321
14837520
15473067
5357330
6027672
1922746
60447
1272166
1269350
3970258
2302097
8654952
11551895
2489020
8242851
14602999
1480795
4403439
1500644
410562
7220812
1744938
3277955
3479552
2604143
6552606
85866
96630
4296713
5364392
5056544
3938476
8660877
8499151
5437319
5218903
5797038
12954413
11428003
7278126
10929788
2953820
706868
8196497
5352870
13933047
2170650
8831246
9535746
12351629
6100528
8305146
3899359
4669348
374102
2796920
4952988
4730314
7505877
2090458
495865
8987249
1771607
1034360
3853233
5148425
4282197
2469378
546727
5144792
688040
258578
2057045
2070127
7801717
9934749
4884706
4856407
6949323
13403754
1532941
12686691
12090359
2390230
4507670
9849755
1112815
12826038
13029469
187877
413593
853533
1241729
8207045
1378061
3752547
9112960
10455745
1522524
10634070
9952913
10276444
9979300
10282432
12055146
9726579
9141796
5209724
5564598
3234151
4950501
7038353
3804508
13770276
363128
15157514
7262268
1126134
8547677
6370061
156153
5897334
1186958
9596031
11271094
5851537
1422261
6034537
11462523
1004194
11082951
10212886
2877103
3695436
733282
15819917
3006821
5598032
7339540
2166316
6268808
3904732
5058170
3625704
560469
5377878
1734824
12421066
9806244
1486332
1030575
625342
7777375
7105337
9951369
5044314
4694701
3978581
7796980
3594070
10142934
1209781
10620855
1877486
1335342
4053175
522186
8119493
17394682
7730280
11949216
5819144
6846363
3410408
2775821
4384059
470757
805488
178503
10091285
5547574
7980096
15219902
9357839
13333932
3701666
3062358
4841149
4853011
1168757
10370647
18016
480231
5862699
14591377
4433833
13699891
983316
12053774
172686
4139737
348830
2910230
4241100
8489649
11137169
10444156
10301158
5985514
8669580
8229046
9610574
3004852
2420962
3380321
135553
7144717
15088246
270763
4098414
2047570
7713518
10292320
3024963
266187
12375550
4252525
4121348
7802493
4631804
2107154
14321730
8608379
2499900
3192081
4422379
315883
7433146
11628230
5682930
924192
11546364
11164109
6232647
2078417
3607420
4478108
888702
7280887
191618
3526826
1178150
5067790
2486475
3511455
13940398
7672954
4311919
8389328
1040515
2663207
4421687
3382460
7394000
2421587
5386047
8497439
258081
6960147
9490976
6438736
6651964
5900822
8965593
3772368
10661204
2560529
3287216
2139129
1680706
4615929
3058019
3140291
5361415
13324388
430498
8342201
3674094
12331072
7788770
3423310
3078266
592692
226105
2367067
6528622
1963613
12051981
1800842
13073080
781387
6990191
12031605
4507364
1154256
4685605
7865245
12747417
12465524
1471797
8017893
7122174
10952512
16754732
11400808
9008640
10424350
11681049
437649
8340665
4016622
5603573
8307060
2802292
2892887
2703779
11631087
6768518
1259000
16178662
6132008
6375919
3430354
6484362
11076149
1755344
5588801
14688928
14592906
12521885
2665790
4727362
2106241
15288107
8546603
4034049
6378554
9468833
6684269
2134053
9032567
13727247
12570544
10398648
1509047
9622407
8818191
1384576
9280671
8487256
3764606
13778531
3592606
7471913
2635771
13854328
14014353
3268548
3228471
16633750
722988
11420775
12038719
6446450
8119104
6794953
10705038
8227844
20060
8592134
2996396
2374377
13848448
1146468
7722282
7146822
1715256
5381912
7430506
8582971
1918345
16016382
673706
16116227
2046345
3888410
5909137
3390471
2791355
6479129
5232800
10677155
11970870
1892255
759333
623128
2709860
2945889
16263891
2644148
3220848
5431083
11307850
5921704
1543693
2418493
2263182
4233049
9914903
6798091
14066341
9529059
2049081
2867867
3623229
11759070
552792
25898
453820
854267
9177901
6408646
1962833
12000350
1076613
9233159
9453101
3754499
10554393
239699
6662713
2578561
6438997
450181
733440
233462
14259509
7350038
4414103
13768659
3371352
7083207
4283509
4896446
5579128
5401471
696458
2578114
3720455
1302521
1031066
7313661
11262392
1211971
2264314
4305920
10776484
13462859
7902516
7565489
5948511
13324106
1918135
3669861
12777960
2784905
5227899
8779148
8120272
7117796
4172966
12831106
3803589
2784053
13910900
3949517
12112839
5236199
4617301
15297463
5154958
9797410
10401857
7746012
3615290
11458057
3279501
5750308
5194798
17003405
1191205
16019067
1029080
8180981
123180
718079
9659340
5315631
1478689
3717213
5054091
1617661
2953336
11078390
562510
12126897
9668432
11590285
8306529
9486679
7493247
10341880
5479904
3946458
2521846
2707986
6678478
14458186
1169108
2389245
3647367
1927604
5688526
3061610
3958894
2558208
7683340
1477813
13637711
10260878
10013733
3964804
4612359
9049420
9180069
9972003
12815035
16073774
2030841
3068601
10385538
4019221
1308096
3407029
892657
9818268
12593547
189367
448693
4611568
6539607
8506636
5478598
1924037
12072655
2192455
10344072
7976154
5180758
1840977
14049061
5035362
3295302
10773913
1615831
13430419
11672979
10900151
2374314
9324092
1145071
821868
416905
4739519
12380425
6049201
5017485
4965229
10193407
862543
1280485
955380
1126988
9818758
6681259
3068209
10603608
11776117
1071603
13029047
11047910
3338118
6631891
8050540
5937339
1714687
10804458
1708647
1060783
319874
6303293
1705942
3265025
1517428
3451351
1080402
15091316
3572075
5744902
3267548
8802326
10374556
2636539
7501330
555424
756386
6765033
6654425
987405
3088349
3042633
10742950
7178753
3734121
5181901
11128575
4854834
8717340
208997
14195617
8465080
8076854
7781185
5329495
7281417
4650827
11996101
11520585
2599090
9986751
3317148
415508
13430858
3244894
11300296
1426534
10272050
8354501
123261
11251989
5698557
2821682
10966875
12586563
3364542
1886379
4363121
8159764
2280279
5794755
12904532
8946058
8493083
1566149
11024880
10199069
16385356
2859155
350096
2984579
441549
13053482
9142719
14085243
10282953
8737578
7458554
34656
9554410
9864496
13961429
4337299
10436778
4562805
3472498
6368994
16238359
6380921
5098679
2477049
8877527
3163758
4075319
6268842
8529654
4338492
15860616
2911956
7127499
13205802
344900
4031733
2076363
3350784
14374213
7463630
4144561
6888416
4836807
4897980
12765393
7432873
3737055
4314619
6876698
2358330
2586192
6264624
10194
4653490
9489442
10778214
2715938
491360
6304722
180154
10342783
5349069
5593596
12891505
13090877
2851099
1405439
13828933
12602225
1708215
9694680
14023543
1766503
1480237
251627
8636535
14703106
1278362
16769304
3737497
9952927
12364008
5264736
8058243
11101369
2959730
6354850
3045269
12029300
1970600
3178240
5310749
3074705
4880706
2451529
506229
2820146
14252395
5048281
6406270
4760173
2560830
14120106
8050438
12564043
8608658
2137810
10375997
1070537
6055296
8973727
5945287
11324111
2986316
12408318
151088
4436619
6886124
2395159
5988003
6300313
5368347
1851782
8051856
2019844
6239369
13311083
25806
393024
2129637
10820750
6975536
6036861
3693311
7480087
11331348
3244571
9949519
12560
6101462
15691972
15064667
10772597
627203
14102217
3423837
10524316
12461691
8056807
6721895
3466141
4831769
7187053
4315014
3998093
5452265
108545
202189
2219211
6876459
5440451
4493926
9392038
1891434
6836016
11029711
5529389
12634522
13653867
615662
4286624
11064462
2931581
11318148
3204496
5434734
6085551
11477796
14681000
2366561
5885169
892087
2439072
1468839
9840165
1972981
8088916
7094864
11254157
6794483
11431217
2644158
10992355
6816321
4896015
6701563
3290048
6031497
3512537
1797959
610819
697581
2152614
1250011
9840956
13602661
4179214
3795453
2344158
9898068
239709
15038371
4629977
938537
8094486
3270431
4327310
3195270
2151177
7728659
4313642
8849710
13554898
774630
6303226
9302274
6442736
6866773
7772893
844199
11355407
2825399
9249539
1268024
5112137
10600226
3710192
1493108
14818240
3761531
1161867
7669687
8879392
9737624
989863
14847442
4214365
13897459
3793612
2532530
1871106
8456718
6537123
10798765
2522724
2619775
9561003
9147391
7266018
3880603
10240361
2564004
1610681
4984892
776139
4055804
10642725
2058627
1520071
5714587
6136861
9414866
805677
15451733
14795231
7158858
10600781
2034488
5401028
9254437
3680583
577102
7000656
13234
502778
8769326
8343251
7565011
4247936
1729368
2120512
7602940
10636534
14999930
2891031
6532686
5786570
11415612
8577882
14240992
3551428
4058361
68776
8738867
6785256
1203410
2735172
4158535
6859334
2053614
6365091
7922140
1764122
10920667
7790741
8073226
7008834
1718114
4662461
4092070
11140866
9917093
570706
6205528
8445991
12090088
3643082
577040
5530969
13206979
13299864
2551608
7244187
16981678
123073
9813913
6387987
366045
3831377
6768732
3419527
2515184
10057778
6415566
14540506
3469979
6673104
2993715
6972897
5156316
10378271
6748154
5309539
440239
5688698
15502457
13505951
4825884
12562692
10460226
2555381
1282246
47847
376110
6547886
11252843
4682918
117270
1444060
14152486
11787490
7631794
1321819
3539520
620278
432421
4451555
412725
2897918
3584041
439422
6560835
3031625
3117150
9578083
1287554
8945739
5521423
3997707
4508935
458273
3527326
9794745
4943207
12492778
3986529
9517492
4063357
3798374
372219
362017
3933572
4840110
3373375
5260652
1433047
392216
9525649
14060792
8553220
2607540
10182618
7539243
5913929
5390240
4015757
4074008
16803192
14158423
5008453
745797
1279649
3639796
12902394
3381837
3891530
4082321
15182238
4022639
7612188
12618721
399249
1663430
1736515
622841
8242426
2011466
2959194
14184659
8359259
1611518
5679697
2038392
1759443
11699250
8539266
128956
3600887
2567423
6121990
9467964
727553
4038408
2761522
7976521
6092449
10156220
1400771
1119494
331355
6764548
3672903
9802556
10146741
85668
7116919
1530321
3007784
11336935
6944485
6208888
9843918
1071960
5349243
11054178
7179205
4866528
13140997
6976774
433651
457019
2263236
7816360
5122336
4030607
5159872
10273517
5161983
3813720
10875402
989492
6716269
5845151
11910231
3914314
8069947
4230725
4437472
8357114
1801854
12495749
10843298
4502235
7614377
4619153
10773707
3329388
3625053
6583280
5722090
14508422
318326
3241700
2995857
3049738
3613460
5258314
2824678
2875462
12865958
1444549
4119991
8819872
7441722
50527
6398901
228412
9296402
2705986
5648425
42810
6073288
7691144
11150139
464092
5566482
4090845
1569738
5444964
853456
107464
590860
2150886
7831489
8714695
2270780
8329432
3641688
4690080
5366330
15028130
2228352
13546629
1125579
9415206
1177015
13182070
3824393
7454922
15412198
5029814
13326725
3244253
11290412
1502337
246707
2089449
2301719
11353659
8665344
6425944
6271090
8124780
1073874
7575085
5505043
13318517
998759
15682276
5979538
5264226
10169870
5708430
3086977
6624624
53532
6935575
7516234
1445038
1101182
5593903
5220792
1079338
11839775
1525872
9651995
5293367
1535468
3673452
3209417
1525829
7130696
6548581
1944224
8917236
12011358
2273963
7587796
387201
3815713
3437914
7598316
13140506
6394276
4622532
774906
4484469
2942584
9206481
2925002
2474955
10625107
13307489
6813406
8122413
1164720
114746
15061419
10509864
9508263
15906724
7550692
10254367
5382932
2100911
7851724
2702688
10418936
6936034
2320242
11720885
863472
12576936
2232882
8593737
14957544
14767107
860103
4981797
264911
2643446
12963070
171498
1067345
3349485
11476523
13626990
193440
5642970
113171
1587816
6809213
3181840
5621888
6527815
755624
4039784
5183210
2625486
10864139
5568151
2538616
5712286
10437967
8066024
4977820
3703317
4546103
10702620
4044979
2893209
3144816
6554096
5700069
12587731
5130012
523513
9319959
285904
6766355
2948038
8059166
3425051
1687914
7874645
949910
342041
3699330
14190750
103544
5756517
4786880
3749911
10443355
1943778
6019368
11808911
15174282
12762356
11673818
7339141
3618633
1454323
4963214
7463121
4717294
6603255
150647
11377879
7047510
3431118
2513507
9257610
3790692
4543600
5415092
7291934
5302221
8343896
8329726
8040770
1156990
15065469
7968658
2782913
10293348
4557969
5076194
10657275
13541090
3067180
2823632
904199
8300690
6141519
7027310
3592646
1688251
601012
2284944
12155132
2495679
5415128
7477655
3810321
1240947
13552760
2570745
9033035
9985354
3336553
2296897
8561436
1342008
6508261
974397
4019253
4886075
8437711
7876163
2941461
12934051
15566842
4399914
7279423
219334
1767486
7542471
4340156
1441301
14641394
465934
9190296
1660909
312315
8331249
4723065
7267817
14714357
8713016
2404663
5698393
36184
3719027
8429682
5014563
3919718
7033765
3494601
8283098
178464
2102642
4904893
13171152
3995463
1326945
13287832
321336
13285038
10404606
5251852
14254896
10411741
7647882
3008282
5693813
8682426
10417939
13655730
373229
6731105
5344276
8675803
710405
3834542
10085304
11796639
12417856
4387632
6240921
5647775
6147864
10094749
9153230
1786730
8571550
1390928
8058067
220557
11276909
279338
13202005
6597936
3085512
2404702
7372947
504561
3346351
814633
10735636
13348798
5420340
2706870
9584040
2376328
3030934
2866693
6056940
1022556
4379513
4144122
14083531
142884
4436610
12219168
1633946
1862116
3686558
7774565
14154009
3391026
1813737
6993029
13888322
9544279
7037776
806125
2879821
13966800
5119151
4938678
3090920
6343319
11716723
5949795
11945870
1538214
6568863
574490
3359480
14217478
7193227
3690153
3707854
5326265
1913459
675915
17018026
6232434
4602091
4011327
5323024
5232205
6016049
1748346
2987312
2390435
10807314
15577639
3040563
14971820
9763079
164085
1328415
12077343
279535
108281
1918252
8846866
10102642
12238288
8000917
1777351
2984120
5352922
3007856
2243964
8187931
2581689
11945907
6940795
3416747
2136808
1272295
6087114
7401715
2167749
2096449
12593389
3125610
1959800
5824289
7638489
6908553
2874964
2766717
7060887
2974687
9210728
13035240
11102162
5439214
9416928
2538088
5565603
7097944
7842760
13461836
9069810
14228862
3576433
1046420
6202165
4769800
6922755
2514782
16503447
4329897
6572172
5297449
6411926
1466287
14237307
4364104
13763545
8058751
8420320
12503319
12520282
326386
8948534
10239217
12770943
670854
123192
11518102
15666559
817138
6543892
13312028
998588
3826801
6283409
4794468
5252964
9884370
8191301
787899
4822482
4029368
3751131
7675232
5207158
14058293
9775172
5528617
13012947
4627591
2893575
7538064
12690923
11043497
5547824
7127913
730911
12954796
11708769
8266778
1910694
3944623
9447850
16283849
2323132
1097509
3436940
1873981
9471379
6262423
3558532
225530
973190
4274673
6490820
5936387
1571684
11297499
2086274
6763363
3476338
163854
13125359
11927360
5299665
3986247
176566
11922285
3411111
9022662
9267930
9486758
2292156
12343369
2198193
7803871
8559719
409551
14888827
332434
15448307
1659390
1511378
1545163
11963151
7464561
3285663
12605614
2518203
3017182
6234711
2403314
3951327
5970314
12965175
7100472
3356526
11697246
909592
5882075
5543168
994104
3126720
12517397
10195253
10934366
9912390
7560885
1618672
10090162
6787029
3179216
2881055
10702750
5811278
6869755
15516579
4072222
3350906
2387591
12572109
7665372
2553644
6844197
5733844
4763683
6386326
1805671
7663195
6631877
10899751
469995
1459823
4928209
7529109
14364123
10943455
1430078
6026198
12966426
5720966
948443
657219
3009778
11829125
4135021
2749956
3270508
307394
5732883
12938422
12791879
8586756
2737036
2260932
1093055
7357409
2970560
7166326
4475453
1648298
218261
1072448
10218991
9888718
4055867
5487862
8461291
5729858
260213
2385866
1862137
2785584
7000611
3684586
3722486
835450
11621369
4965920
2860210
16556996
2435277
1740307
2392593
4085048
8323236
4196948
11292769
1082590
5272707
3355535
3391128
7814609
5290606
4606129
11760790
3383819
578714
5926409
8363809
4080268
5055026
454610
997398
1263453
4719791
12725661
14708853
1167948
10187234
6589033
9349667
7805919
4931014
5790989
946843
2221316
7054458
1350054
9899575
7454347
11456784
2803174
2034466
3632450
97871
3939054
13857195
12215520
10079927
4323651
6661689
318605
7269420
4317671
14343096
1399554
1989359
5832819
14484899
9614442
2727901
8410500
414045
14027312
2327035
403483
7045687
2058604
5167582
1503335
4810692
5150071
13515741
12913848
1517702
970420
10285516
713489
4560895
7724226
4499087
14114084
11196178
8532817
2610803
8054177
461057
4255474
5106254
7728670
8745870
2395564
1745505
11311352
3711620
10585393
1964484
14531003
15417002
2378709
6804859
9201959
7266578
4083986
296399
8764656
5130802
13333363
12708743
7046993
10556066
3717039
155349
11618260
10515525
9784040
880645
229255
2801598
3047278
6713306
7384715
1976476
9979709
4606921
6034
2968127
3642715
665778
11887097
1962738
9548151
2238729
13335665
10076747
13974831
5354663
1080297
1712899
13211704
1497233
4264420
1075455
1412055
9520379
279912
2388663
14839791
9015571
4413861
16393956
3906957
4411248
3401805
1568993
4520059
2724593
15865062
5070800
1233903
12177680
9764327
5307994
1017054
5179645
2601743
529622
9136896
4264983
1610053
9086294
13406392
2839772
3776005
923522
1873569
4954563
6224815
10003229
1227206
3644456
2585181
3287151
2202414
2280094
680874
2681465
6436704
10593590
2943758
3594530
2257299
1258162
8027262
2953773
6163861
5977252
11682428
14629744
698077
1701856
11609950
13936132
12629780
3721337
8171885
10838788
11053296
3983065
3801618
10483893
2072269
14708911
7567784
6666505
805394
8983009
6473450
3008363
12129162
8730067
2867483
13025519
8222049
4910917
12141513
124849
9351313
8521522
159106
12987532
12972454
14063901
7829777
5268351
3058290
6189385
1763008
12901060
12074474
9489049
2632368
163874
3234203
1658413
4401726
10481415
1995218
10019342
11745540
5817446
2314233
9624766
2926193
722186
13539231
1553479
9197956
12928239
7964963
5349921
6099654
327734
5175912
2553153
1864144
11485392
2522220
4717725
4779764
6623170
1562170
14489649
4085154
9973010
5223480
3323997
4539375
2166008
1169896
568967
2085309
2436222
3229882
976875
3086438
2089752
7213542
7679441
1101289
2172875
4130439
149694
6573187
6771425
2663543
8877229
8910518
17267113
4954958
4460617
5713376
1397965
8506761
5439460
808384
7146020
5313352
13747852
8164995
10736288
12042477
2419634
4484171
5935872
10647171
15846046
7226845
7314888
3329876
1573759
8570366
2089725
2743027
10367243
12482495
2744772
2790035
4745004
1327448
10049513
1072857
2470565
6299757
3984390
3947280
3537572
1246620
11768403
2311784
7457970
7698722
7752201
7972942
5885612
6860113
6622623
387572
3902759
6231576
1347828
9809025
2259534
11458293
1372765
7893836
8892874
450230
10500172
6545493
478665
9294775
4868981
9976159
667536
3750111
4662456
9689006
6582277
15398328
9150412
13903383
14222351
3133726
11513755
595038
679432
7263247
14301611
6630935
1666595
1081706
7293116
5521816
5653126
10218413
11824395
7036975
13700677
9890647
8762467
13897688
162071
3193157
9691372
5262850
4768388
9462062
3959929
12804018
9301369
8968476
12688659
15533893
2026603
11552550
4738118
12257836
4491429
2340041
8008151
8731683
8770312
5532598
11363307
5152281
9641620
8291167
758920
6635334
7665286
1649223
2175291
1702566
788535
2393272
7506029
9031280
13848187
396486
5745960
4565925
3335933
1402184
2612984
2637174
309348
3323228
4544723
3439654
1038554
3551494
332002
730471
3344833
2994534
8024092
1468110
10201327
1845263
8445912
2556560
16557915
25043
7579336
1515948
3502896
4518538
13998918
5932381
884371
3617382
7431595
11043310
15516429
13837296
5094946
4507611
1889080
5148
14484426
31543
17020726
14496961
5161642
13822241
506009
35971
6649947
14312984
9490426
5076058
6087025
6465642
3413726
3253195
2286058
9455967
13791323
1224716
4172696
4956340
4203583
3674025
3345841
1669035
2171190
5286423
6215890
5317689
2523471
80412
2471879
5469920
3001230
99901
4758868
15354579
12948944
9167404
4310607
322167
5638233
13299777
4475128
5601049
8206753
9588203
5859892
9850990
10666980
3605301
7024550
7656063
11124617
2158497
5676342
10639793
3610627
3165178
3320697
2488271
14251800
10130823
14577536
6969955
4445788
10116733
9594759
6730597
10897077
5404
1694534
5102686
15497307
1258998
1038487
9080747
9648720
9197119
6330834
2698134
11115256
5958372
12597369
5081825
4022079
5250370
9194715
4069283
12985523
12263059
9647443
5937235
3971365
3156574
1090759
667757
798920
3537108
5026040
1030221
302258
6050915
1265209
9019977
9223136
6704700
9925421
4664083
2417796
3089508
4092958
3429321
5002008
5551778
4433581
813252
11480851
11665290
9027664
1430649
7781410
7580060
2091916
12444853
2352358
4907565
16939691
4255648
9985098
82637
1388355
12130804
5181013
13986525
9957193
12126298
10452530
12435456
3317693
7515606
15917150
8330812
4006197
2237147
3635641
8679078
2846607
410594
715763
14150488
15359366
1252938
3623577
3695433
2451563
5228730
1334211
12705529
1066391
7124297
7987183
5988794
2219652
2609287
4795433
414320
6025083
2731860
10549018
2780076
5604027
8127735
7079154
1458147
2243586
15370335
1143641
4080046
1749902
50855
5274726
3902371
2841775
4210482
8145111
3565165
4055750
6662889
4939843
5870140
442986
7730202
12354487
1499921
3223638
13178011
4522773
2987095
6432951
3630716
9774813
12850597
2130168
4919842
2383242
8632728
3930452
8751524
6722758
13324658
4193184
7522387
3144287
2985390
479402
8571078
1384986
13288800
10489829
15905372
8906189
5462565
3705769
3736773
1272093
8812148
11916951
3170900
10380831
8720249
6216299
15783631
11347990
2620398
263942
4432792
103771
1602404
7117663
10742784
8935516
5478283
1792693
7769978
7238589
7194587
7728003
1525781
1000496
773028
784613
9219968
6180955
6690126
322871
12736062
6484729
13628623
4175152
2813695
10162886
1855947
9339401
13248333
4957654
6988396
2308577
8305139
4329676
447309
73226
6200050
5815009
2069957
986590
1388874
32004
6027789
5404614
6731520
3109859
5407817
9401284
4352720
3373587
5152052
6072402
2317689
4649943
805107
6259525
4070343
5630604
8066613
3368019
2386872
769288
5489164
1663284
6586722
3927298
4267879
12054772
14199184
16203057
11332457
7017599
9634671
2693373
14716621
4611505
14939926
10397132
5858882
6779781
6751199
1825790
11429274
277500
3677967
10813700
78926
9867171
677610
1125327
3056034
4393807
2791463
5654958
13400039
7869452
1191037
8776306
3083510
1530589
2167013
4422060
7952843
10331286
1729643
1139936
11814722
4211361
667691
5026684
9246850
1541840
10541750
2325859
11167190
465139
8850748
3929885
1988935
4336181
1702213
14672254
6609154
9504403
2506804
3134194
11624935
15297812
1859571
10965384
10756922
5309297
5893271
1756982
9074736
13679156
2990604
1140975
8615708
3091893
869749
2764284
7603148
908018
6788795
16205430
3745153
14990431
8077225
8869330
1553448
13547689
598247
5436710
2423151
7388272
11522863
1369088
7690651
2524341
2345258
2570492
5785468
9293228
13779131
9061813
5487263
9522141
1990499
3761733
895685
7862498
16158106
2057359
523207
2105178
2308817
430550
6088369
2108331
4542517
3425300
6563978
2772462
1802105
282517
11404906
836327
8138394
10781772
9773713
10925669
10679375
1813801
10200131
10331104
14303631
4851841
5784445
1858368
4169427
117437
2009811
7369959
10908653
6002525
7674728
6313367
11389561
13443515
1450976
4022896
7168862
3335243
7720720
1221715
5996004
3506244
1371434
12840414
2528301
2425633
1784845
6110901
12573734
6302888
1269404
8326080
8061183
7570231
12916496
10824039
15826678
6034692
8054397
10743492
2930173
12895578
10018724
11702983
7225412
6839271
3600971
6637688
11187514
15050858
3075852
7842672
4183038
2386314
2107595
7643709
9738410
21572
5667782
1790811
5691672
623418
2637105
7984717
6391656
14089097
5343123
7526055
3877996
8707444
9171287
5746888
6716259
6302818
6391404
4118561
9445955
7095999
4421118
16590988
2991472
4956173
10042147
2822396
1088734
8792886
7809852
9014306
2596635
11518332
98824
1537931
10530557
6000656
5097183
85485
611659
1672505
12315003
4653928
2194464
348527
644442
974619
13887841
9012754
15502635
1305456
8575060
3099960
2880963
12324398
6600678
883558
3654133
1946731
11371948
6698995
10763093
9379032
4848678
5975068
4664109
2675032
2461106
5364729
1060290
6911783
1544305
10452933
11193303
8994780
979847
4498994
655668
9923129
4162214
7805249
2134680
14877607
8188014
1336104
5064616
728729
10489189
5415000
2994451
11192383
1654339
3582324
1270340
1809613
11103360
8019301
11693974
7656629
11018894
4277587
12796023
8087657
988856
3769315
3020958
3290513
4191843
9396337
967211
7007406
821300
3834541
886838
15276094
585846
8037683
6255720
2013128
826792
3466626
2275963
5699941
1797367
6722801
2611764
7508745
1901450
2578868
293056
2263323
1119475
15526986
5713160
9748016
7430170
12449056
7761256
10034265
821374
6837043
2341725
7371206
173447
9877121
4359452
13852181
2133288
840006
2230853
15852356
5508563
57929
5287687
3076138
9587896
11018599
3147751
2775230
13250435
102350
2693417
3388159
4963913
10427473
6457531
5068552
9784781
540897
8436009
7679314
11751580
7864557
7633218
4173081
8789685
15433094
9330863
11855647
6455010
2265860
1048459
16184960
5670854
3189070
178038
10203454
5631980
7888751
12663270
1062690
1235289
7479894
6985766
2304158
1524076
4451822
3263709
13888293
5504076
15513235
5033799
6594673
5850175
11477626
946240
2066809
6521514
2896665
9889852
6512092
8981382
8388263
3695704
11295133
13767000
639097
14611012
2950529
556403
10296170
8496711
5619083
5083524
2369784
4029698
2229078
6729535
3640085
2665994
7747079
5748017
3007194
6731685
1640588
5491189
11944225
16635190
5241107
4218228
6503183
1824216
1011750
5833346
10258185
389925
2093764
4809336
13039227
9482318
3085327
640739
2616718
1723108
14400454
844665
3267080
87648
1188116
255823
4848245
5231780
11979313
4498011
5445140
4468671
5240809
9340024
925903
11174280
5584740
1375833
12951366
1858223
3354464
7799514
14866241
7327601
5697214
4068739
5447051
1092737
4357266
11342790
9277365
3381863
4896157
1634802
6972939
10423516
9313512
2400132
2888298
717941
480527
6939064
1272143
11575345
673872
931662
9730227
8337824
638584
4694851
62899
296308
1361097
6078594
11050347
3770374
17575293
6092496
3483402
23378
8661948
1533561
1377082
4610443
159936
3888398
4756562
460748
10002991
8339447
8580158
11745286
754181
3220410
1799089
1977272
109601
998800
4824478
73293
991783
