28244481
27400075
30112080
30330139
27502077
29270258
28454255
31303339
29994067
29307726
27935066
29276574
29430608
30876946
28919171
29177730
28130738
28216144
26792295
30464536
29554494
27721743
29578799
30511879
29645575
28654597
28496652
29213584
29219352
28649874
27209847
29259805
30500367
29522231
30399959
30254175
27350875
27681636
28182904
29311691
31116209
28455079
28169865
27473006
27188714
29906691
28887042
30863226
29952702
31538412
30010433
27342060
28548420
28305175
30380656
27545216
27868163
29499995
31446189
28447998
26860118
27940314
29352401
30275857
26977570
31072207
26404104
29320454
31157439
31315032
29198007
29208369
28787596
28272648
27735599
28133161
26068485
29004560
27463507
28732299
31390621
28488984
29094750
31389901
30054618
27383758
29069277
26519889
27986665
29118395
27333285
28366774
28308831
31239299
27823227
30066304
29300676
29828881
30173845
27489219
26747734
26828655
28490496
29405409
28231317
28655685
27449535
27796500
28906484
29852634
28865528
28767322
31170442
28664224
29150137
29188572
29384726
28627391
31284650
29125403
30170347
28448485
28048968
29815089
27510932
28492018
27764639
29776050
27266752
27839641
28370714
29913257
28742175
28567099
30977789
29739218
29334563
30617044
30581751
28663372
28494184
28904493
29589949
30271258
29249746
29418566
26223213
28470709
26560228
29242416
28161322
29548991
26492374
29207947
28761182
29413453
28236554
26821352
29906282
31102941
28645822
29447704
29284194
30226209
30616191
30398675
27843666
28447069
30844155
28154335
28314045
26838173
29459289
30792593
29154064
27026040
27743160
27402520
28665250
30930939
29656200
27393101
29571456
30715291
28021848
31452972
28904913
28368223
29456003
26363860
30131107
28592065
28763314
30471720
26965359
31955492
26558917
29896130
27146187
31251691
29005479
30284773
30937043
30194765
28072205
29001491
29077219
29642843
31388691
28214404
28320082
26261907
27378148
27932533
31268333
26717265
26596146
27677581
28185119
29440106
29803062
29530164
29899564
28488618
28358100
30130546
31684116
30964489
28962995
31546689
26649683
26827430
26254419
30635809
29683597
29603789
28838050
29049757
26711665
28365085
27413072
27182758
29238453
28412446
26955773
30017235
29570971
31053779
31002447
29447035
29746922
31147257
29524606
30108043
30762354
31228177
28795376
28688632
28637481
30000418
29023850
28591471
28283008
28114726
28808467
26683438
30898161
28924987
27464814
29873460
28387733
26464601
29107428
28312712
30102017
29844335
28177954
28392812
29624372
29316470
28836472
27427108
31003422
27187135
30558750
29942133
28774554
29145776
28485838
27522970
28334149
27666954
30276550
29634826
27715057
30302109
30105640
30268265
29970112
29585842
29544233
29347795
28832762
28858128
31331909
29618837
30472729
26127621
30386927
28348041
26772860
25905285
26836358
28023893
29935085
28667216
30708706
26058730
27897668
29795445
29171863
26807571
27419658
26345506
28895754
28463281
29272890
28716452
29423143
28600894
30282650
29482987
26911095
28322924
30889701
31265937
29076301
27865225
29843504
29238182
29038404
31541454
28300694
28033532
31437318
30662199
27978603
30145720
27681493
29679773
29041283
26547768
27529245
28880038
28171098
30672102
29716140
27972557
28093626
28305378
27607932
30462693
29007576
30547137
29472175
28834363
30962017
29377464
26792939
28319271
28313917
30643413
29663293
30303422
26007793
26528226
27113382
27966531
28203166
30031585
29586158
30829045
29425588
31420386
28449291
30281424
28863358
31724825
29639858
26156487
29851560
31300394
29199348
30188826
28332073
28636192
29276383
28747498
27198984
28999133
28618478
29506198
29078616
28040413
28606639
27705493
28376367
27184804
27556277
28897602
29756617
29273051
30185251
29316878
30217050
28956089
27496231
30412742
29397669
30420625
27851542
30804838
29074295
31037662
27142336
28335820
31042734
28897835
28885056
27352176
30111233
27858463
29197768
28717705
28738150
27915407
28951929
30768204
27908583
29428807
27506170
31540058
29561162
28232686
27067175
30777467
27397054
27926173
27508698
28992702
27261349
30989678
28111386
28422085
29303227
28609605
28959731
27175419
29027407
28957640
27584649
31268208
28572687
30378874
31296122
31737917
30966134
29278019
28559482
29038742
27584605
28748706
26506955
29204175
29352221
28955714
27517963
30111195
27117274
28892514
29078816
29653056
27306976
27991741
28571709
27023247
29048544
28447248
26486795
28019733
30226046
27521454
27667798
31295574
28744931
29060316
31521404
29113493
28487619
30197821
29516182
30321524
29328023
27670974
29424803
27310796
29936541
29420752
29486569
28489002
29410567
29207010
27563402
30068525
28586342
30057640
27052514
29727115
29159952
29665770
28814814
30205137
27309977
29091842
27167344
28279863
29340926
29865427
28636567
30379244
27904479
28699738
28549767
29420787
30101031
28465775
29081274
28000848
27219486
29756682
28927430
30313087
31153377
28313195
28714631
29392339
28811815
28385762
28530417
28984918
29456612
28037644
30369773
29521921
30294687
28727032
29517785
26957588
30533726
28548321
28961837
29953323
29320983
29481255
30960896
29949057
29082444
29228805
27592069
28487412
31269731
28618199
30161734
29508762
28513072
29189253
29572800
28328602
28127156
28307704
28473085
29542186
31969813
29264939
27671067
27602164
29319287
28614807
29373399
27749092
28871875
29381943
28779768
28434720
30858309
29450674
26737726
26821086
29959586
30464725
29483181
30850373
30983699
32031941
28942516
29662582
29826934
30266818
30795324
29290930
28733005
30292388
28836663
31122664
30286237
28733731
28149373
27392281
26337274
31597612
27506981
27185812
28968622
27535832
30173338
28357877
26527608
27661966
30687540
28164825
29671748
27674597
28623017
31289866
26281295
28872168
29583023
30190255
29447895
27515508
29677998
29123014
28810390
30393065
27576419
30012759
29900941
32024001
27362698
31216083
28743708
29295207
28659741
27679072
30080114
30237026
30668245
28990914
28258162
31359443
31479947
30860510
31379570
29641056
27688782
30450003
27745295
29858284
28453512
29553754
31981569
29663700
29508743
30008888
31631811
27607727
27051891
28969772
27755522
30592437
26724925
27669250
29031014
29799101
29400439
28177998
28863914
29234603
27989253
28323841
26340160
27490930
27044868
29841816
30443256
28569962
31962056
30188363
29701259
29305448
29692012
31098058
28765360
28546951
28684658
27739179
29666704
27570949
28988873
30425692
28365286
29823836
30647612
29899815
28668550
30616806
29485910
29136138
31799826
28413770
29690354
27585934
30048001
28032718
29117626
29036401
30730676
27826868
30332701
29721182
28405800
30980243
28747500
29671481
29457634
26824725
29539335
29672811
30588021
29152469
31074585
29671360
29790956
28617679
29143680
30095207
30329123
30276952
27945098
29208659
27960523
29571501
31053304
26521323
30237807
27642066
29891611
28264887
30568811
27788583
30474252
28990379
28898447
28440162
29347484
31093397
26674614
30052009
30187863
29088885
30700373
29877367
30936322
31460813
28485771
29451058
26287809
29878248
29402310
27259477
27417024
31166853
29908210
30122157
29710856
29390551
29747768
30476111
30256798
30837677
30110283
29137691
27671465
29101241
26452560
30810154
29459995
30421551
29078619
30616432
29905331
29200715
30562861
31122464
29522139
27518714
30062279
28794237
29875404
28777382
26345898
30154140
28052965
30357667
28664935
26755205
28124580
27383234
29417843
31609659
30587989
30548507
28469013
29127782
29595925
28805321
28107391
29486392
29344439
28127648
28824562
29282134
26927016
30137857
31074515
28453881
29788265
30126069
30841847
30174564
31315472
29478831
27740092
27402609
31515470
30735731
27871987
29474572
28609882
30434445
27301504
30687938
29576784
28054955
29205496
28715178
28709218
27964279
28807188
30150934
30437870
28762280
27289732
28370817
31437877
28206165
30477264
31048567
28606558
29025885
26636563
31778427
29054270
29746457
28448566
29896820
27837553
28703301
28416003
29091286
28933145
29158142
29115288
27519795
30511631
29354390
27714252
28402008
27261393
29136282
29710232
28009867
31101560
29236667
27934621
28054304
31288714
28249218
28465501
29602584
27973993
28688531
26061592
27939623
29638524
30098482
28804755
26765128
29384961
28794679
27780695
28132449
29074320
28107531
26071966
29587799
28602046
29071976
29006862
28853373
28462303
27118680
30773299
26965915
29974464
30108062
29219051
28742691
27040791
29745445
28920090
28590672
28147887
29107438
28904956
28159489
30557058
29815992
28165935
28937287
27603933
29777334
29292063
27601864
29511612
26172897
28118624
27063239
30534614
27557424
29127474
29705648
28962032
28883556
27855170
28563419
31404214
29914627
28710605
27032068
28685769
27423055
29547699
28813852
30814937
31138107
29438795
29068970
31584294
28965022
31207433
28304224
27848083
27933325
27081252
29091229
30154094
28682110
30020053
29013897
26502140
28798117
29350883
28771425
30006627
26791778
30808854
28760780
29778850
31004603
29230179
28561245
27284629
31927935
31016869
30096413
28953534
30339049
29962565
27337444
29078321
27257376
29172212
29059485
26873119
28547828
29002750
30067942
29584736
31258901
28471379
29986826
30231687
30020574
27988225
26823353
30509175
27789006
27714032
28757400
27379023
29626776
29302532
27951811
26290953
29232322
29210812
29071991
30192877
28772783
26015469
28163531
28345415
28342371
26778298
30601174
28985062
30388939
29309762
29590889
31115894
29030701
29322839
29184861
28768160
27148760
27508540
27383498
27956444
31123513
31595612
29703046
28156946
28896607
29618746
28546251
30762914
28835423
29612304
31098064
29773096
29718471
29819631
29780562
29128512
28933065
26619144
29356230
29948300
28733997
29123111
28711692
28844256
30291628
30522190
27707728
28409293
28858174
28722550
29356114
31697989
28880215
28805470
28504427
28287926
29560751
29465725
29198829
27945981
28327788
29220006
30025087
27075925
30052694
31573395
30392231
27639448
30855732
28356225
27618946
28095643
28722152
29982339
28554626
28190002
31308318
28232958
31037793
27790015
29949992
28845129
30025869
30121901
29111891
31288494
31014782
27838544
28401852
28660442
29788941
25965010
29395441
29136006
28890867
30259912
27457744
30027142
27039579
31484795
27790411
30607084
29813541
30020511
28263910
31553877
29850778
28350490
29871923
29314490
28230316
28564293
25993273
28083991
28354361
30269230
27430441
29724256
30117085
29101811
27943829
30169320
29907074
31725948
29340234
30617902
30088437
29050024
28270595
27066437
26483974
28921313
30490070
28988681
30822723
27113766
30670858
30361892
31656611
28156351
30671706
29757560
29133623
27947649
31604324
28485766
27555786
29477394
29796211
27339879
27515209
27811288
31190631
28031886
28231596
27860035
29978525
31091543
26110728
27222244
28144424
28025287
26880948
29642382
29963348
28636460
28737495
27932611
29971920
31500178
28871327
30675830
28973146
29287536
30772583
29014713
27764462
31099948
29914532
28484173
28689863
30550635
28933398
29253108
30060808
29711257
30832017
28706452
27683316
27833791
28652275
29771913
28919651
28298283
27817379
28088533
28677366
29834762
27411591
29853509
29848126
30099598
29253567
27520573
29662225
29417221
28476489
27815695
29338453
29427461
30565955
28719115
29064850
29635394
28286005
30496893
29564643
28842968
27247546
27536363
27948413
28609898
30086774
29544623
27277132
29998652
29606082
29947674
28973694
29332117
26541760
28850684
29148940
29481726
29012737
28449029
29560226
29364252
29972947
29685172
29015744
30193737
28065578
28956168
27452417
27282688
30929210
26636339
30661218
29137664
29034691
30420643
28762658
27686937
27823311
28706800
29356878
27063299
30574053
30870842
30667641
30250893
30703783
29412342
30520153
28371636
30870394
29701622
29199295
26497040
26494544
27630690
30508248
27960640
29334865
29166226
29314334
28912800
28682661
27141427
28935202
30812657
28735657
28642842
31394576
29533596
27326748
26856345
27617496
28935543
29630515
30811856
30713986
30244937
28431737
26222082
28814380
28710456
26883873
29130438
30824347
29077042
30151596
31049641
29287155
30314760
28035944
29133177
26963329
29487826
29621314
28185897
30797820
30636510
27894258
30041646
29016226
30698960
29901340
26946114
29041427
27021736
28670943
28516560
31053816
27585651
30832300
30656429
30330954
27070718
28303457
28424114
30281083
28917808
29706871
28595498
27256099
30578759
30016173
28107052
30661647
28134338
27347454
31169540
28415971
30369832
28298676
29708391
28454147
28042615
30037359
29310863
29421960
29416463
30867376
29723756
27577271
29424508
27273237
29753782
30559225
28325304
30812207
28792344
28428194
27341815
28494618
27914687
31172789
29040476
26327007
31500493
29862210
28730255
29140279
30070631
29957352
26701139
26950283
29733344
30290617
28193447
30503540
30859178
29420036
31705486
29001019
28978412
31090416
29103965
27438970
29343953
27111294
29340593
28626945
28675797
30126812
30933895
29617237
29594524
28519453
27742259
29397724
29717473
28929693
30946911
30196347
30887372
28796379
28297910
28853553
29968126
28409150
29015454
26991201
28195431
28841731
29691936
31131282
29022502
30813220
30260785
30748832
28714190
30490638
27992635
26305118
27977144
30474404
28906980
31101947
29925937
26512373
26035692
29497091
28562432
30429862
29041282
27709636
28162661
26149998
29782296
29887568
26003612
31038253
30789003
29739603
30304896
29901255
28481757
30000621
27418844
28951708
30317828
30116299
26823403
27408382
29395215
30157526
26713473
29735414
29226660
30216131
28571263
28125994
28836752
27145178
29026233
29140823
27766113
30289872
28516531
26729847
26684047
29282913
28340244
28365255
31020257
28731955
29067709
29749523
29448567
29931820
29403932
30088461
26996764
26316408
28053519
29366899
28518130
29003732
27538937
26580012
30051178
28389731
29101300
28875928
30457571
28122754
27412503
30778267
26475090
31628592
28033913
29259204
27254195
29981632
29695592
27800191
30529540
31788419
26411696
28660094
29044435
27097373
27892696
29922587
26400315
30120110
30448565
28837369
30631222
29539189
29242561
27887649
30275711
30803280
29272565
30579572
29031790
29434287
30474801
31170943
27045672
29509956
28640413
29391333
30672375
28560888
31556603
27998844
30855307
27780546
27829236
28013313
28199519
28690882
28822287
28622594
28941845
30763145
27704652
26835009
28904812
26340082
27474573
29343292
28610941
29379866
30178794
28784136
29542421
28760028
27660213
28631440
29161425
28257319
25937556
29040410
30084312
28311888
31446943
28403223
30138926
27364860
29541331
29089877
27032241
31235758
29004131
27813371
27857649
30682359
26590081
28951799
29266751
30368011
31873721
29674412
29761358
28327116
30515241
28729995
27323530
31672701
30126852
29673767
30163349
29912046
30982432
29087771
31001761
27993475
30230954
28875047
29190821
28325910
30852842
30019842
27633219
28733352
30334769
29906713
30937560
26478663
28968146
28575352
27879934
29459988
31327211
29611277
27760043
27874454
27015847
28705607
29623972
30392196
28065946
28603345
28614959
26300251
31494774
27703821
30308226
28166896
27959511
29079376
27629551
27934360
27838994
28846885
28629124
27796499
30261865
29351909
30079889
29082174
28970150
26679730
31115019
29426837
29102942
30243835
26973988
26550890
27498907
30840770
31196339
28522997
28022284
27401389
29914975
27298379
30841048
27109336
30729154
27569396
27260581
28464320
27102217
27726239
29885092
30415202
30987547
27869998
30909071
29644537
29001488
30157673
30536428
28257067
29820083
28065820
29321531
28863822
28966086
28550150
28277450
29166159
29216338
30122232
27762030
31014362
29855546
28311887
29288070
30490608
29032936
27716849
29859303
28284691
30533185
28999217
30464111
27617296
28929596
28228836
28524438
28614315
28472832
29054099
29304917
26527310
27748861
28227509
29113785
29262499
28133870
28387784
29808595
29117034
28255576
30017909
27483825
28599083
29429188
29496131
28786208
27848217
26865596
29928462
27215443
28934529
29038399
28969100
28263071
28703874
29857933
29477589
31243829
29606503
26589751
28122825
29801056
28736523
28243793
29290196
30391456
26912121
27249223
31403008
29086570
27193813
27563634
28890453
28062764
29256430
31520041
28037058
29898377
31683643
27797408
27496166
27603848
31128620
28441820
29158898
27874576
29325548
27189751
28832510
30154198
28315366
28978168
27587558
30752776
30840404
28843335
27554300
27192648
27134119
29491752
28178178
30917795
29341285
28099270
30394653
28419492
29629279
29619574
27920048
30284335
29198472
29965590
30630456
30374107
29910483
26479587
27945384
30068698
29594934
30015516
27634382
27996243
29069042
30922596
30058755
28101713
28532814
28793079
29624910
28362384
27636637
29793663
28849705
29160611
29402392
28928011
29999234
29699003
31447398
28380712
29473470
28910862
28014735
30083025
27805841
29022258
29847357
27891633
29781249
32136854
29702945
29757950
31434380
31481399
28943777
31462441
28851980
29498698
28854907
29442328
26957465
30795640
28651017
29807020
28758791
28303667
29584383
27830781
29186586
28602427
28436035
29428300
27204886
29742827
29778577
29729998
28727770
29390918
27886514
28438312
29239312
29841869
27926366
27437828
29989039
28235222
28784100
26607172
30504375
29797401
30238533
30710663
27098265
30288161
30321186
28528524
29268646
30503756
31123840
30364598
30422200
28964709
27548155
29201904
28672125
29420588
28302022
29786976
27140352
29147831
27375764
30028103
28942021
30963208
26605399
26526912
29121658
28956494
29833738
29885751
27016492
28439708
31175435
30384780
25834794
27011408
30388332
28847439
30428146
29025321
28411610
28584862
29484487
29850657
29250927
31547116
30637827
26206101
29516011
30722580
29967383
28783241
29664876
30237010
29057356
28849502
30463226
28505153
30311496
27515754
27900542
31121073
28030043
28042601
30447886
29852767
29134720
27950481
28876782
28041525
28864449
28561150
29030862
28411276
27305942
30240582
27156800
29318980
28040879
30526405
28435583
30740998
31563907
27985692
27387637
27216429
29950035
30937928
30350639
28620230
27842383
28995735
32028967
29758669
28382219
28895193
30047587
29549210
29098855
26632230
29955701
28680157
27441241
27956305
30492234
29027621
27979510
30504535
28223663
30204435
27144509
28055595
30282916
26640816
27962627
29454440
27111337
28803137
27010258
29396719
30246058
31182402
28967879
28464885
28341360
27679917
29747258
30986244
29261113
29449729
30255465
28183467
26452286
28216588
28575441
28970985
29256126
29194253
28808893
27782238
28858949
26931883
29920525
29145908
27944445
29706111
28319871
27335168
26753757
29133477
28328825
29072786
29068774
30344858
28424435
29405482
30470843
28529612
27446541
30794605
25941264
28285316
29445779
26785200
28219484
29336738
27816068
26686150
28299732
27572247
27510423
26002434
28429855
27747360
31267438
28819757
29629416
27882319
30140148
31467581
30129806
30231100
31188229
29804107
30010582
28854502
29319697
30019332
30991204
27361934
27883715
29575866
29385536
29398077
26299731
27273536
28174905
27256452
30754214
28088340
28629103
29090780
29748064
30043747
28807967
29092467
27623407
30755536
29728212
30660562
30597746
27393278
30941731
29830300
29235693
29738624
28918176
29258577
29045820
27100594
28228465
30443615
28945770
30742474
29142766
27292912
28661956
27936478
28680400
30766666
30322789
29421732
27522177
27036567
29115803
28387831
28874574
30653483
29932308
30935686
28950485
28740311
27866052
27713065
30911829
31062582
26382706
30868777
27412944
27418805
28401907
28971059
30692691
28699411
29011845
31523767
29975060
29877553
28704032
27794001
31387758
29093681
30873438
29286784
28608668
29214305
31873725
30698434
28169008
30406737
28860793
28813595
27713191
28088956
28586812
27729939
28596334
28061558
30345711
29546653
28618221
29572702
27485276
27267728
28116725
30224784
29583923
29021220
26880158
27814060
30388796
27098708
31043162
28091665
31177131
29483715
27467978
26586281
27851911
31202438
29719651
29935826
28115040
29984966
27449561
27799747
30387756
29156210
30158300
29944232
30573624
28171693
29374813
27767065
28443739
28725819
26421297
31264693
29604278
29200395
26295265
30294721
30720404
27762366
28856656
28682452
29793599
27280488
26110903
28687485
27428722
29297936
28796895
29066339
31191103
28334737
29779828
27622707
28984645
30247933
29390799
28063171
30070505
28840706
29246216
29142687
28331678
30771556
27830543
27585377
30283742
28405236
29414909
27085077
28453606
31851781
26902090
30152524
30227818
29039210
30504770
28469967
30024379
31464741
30945190
28967098
28205028
31553650
28662887
29383529
29519059
29163653
28435001
28195861
27940643
31079358
28604227
27306819
28079300
27910174
31677328
29168797
29681883
29158665
28947581
28511134
29827667
30147045
27877291
27976763
29347819
29062325
30361957
29470564
28201588
28764794
28212668
27033876
28738774
29749251
26897890
29757635
30206662
29037389
28503342
30686155
28123458
28782048
26353497
30171688
30068244
29864691
28431662
29202326
29238004
28985989
28203175
27289530
29244080
26693803
30584932
26846530
28112342
27165957
28688465
29522724
27509355
30003270
31173224
31589586
30953793
27501685
27502435
28873733
31289682
31974094
26625115
28131408
31114899
28049077
26762595
29584737
29554937
27413661
30332776
27592081
30348702
29854211
28434281
27173551
29097686
29069540
30346644
28439690
30358443
26969866
26610022
28084711
28223027
29453953
31176515
30295646
29405596
28545056
29279103
26488026
30887682
26713598
30242848
28620767
28686186
29532348
26662628
27590348
28979741
28672082
31148932
29237471
27965890
27297392
28309078
28249570
26336061
27155437
27969322
29692199
29307669
29137088
27385902
29642753
28581651
26652971
29082742
29375200
28673767
30437587
31673729
31828170
30064106
28565561
29687634
30998351
29520760
29317054
30081867
31526361
31296408
30322633
29064289
27401362
28819768
29947023
28775800
28435279
27990100
28078955
29861382
29909285
28538369
28789293
28961551
28662341
30027282
28351970
29657201
27645742
26576595
28216196
30975064
29817867
29821256
29393085
28466271
29554526
27194518
31108344
26840965
31199007
28026624
27522306
28159954
26319097
26824528
26620936
27568858
30581847
30212617
29239391
28516131
30801893
31630411
30645336
27217602
27301112
27514355
28868411
30557832
26523880
28429895
27281388
26896225
27799802
26657468
29815353
29557398
28754549
31218532
27333972
26544711
28180227
29134037
29863349
29424565
28488216
27743163
28751990
28927669
27680770
29770015
30226975
30210822
29428897
28332286
29932941
27695165
29184306
29705600
29108139
30494357
31135226
27309598
30259392
30587366
28950832
28652190
29264576
27022657
27052113
27088196
27617978
29604262
27996151
29044298
28014699
28216097
30148377
29175206
28612572
30337235
29054233
30038848
29227334
29292971
26698584
26489416
29266781
29652881
28200982
31423508
28477590
28863504
29850298
29711307
26742127
30654428
30204227
27480460
30570368
27405159
30309080
28519398
28413898
28277254
29194174
27617088
30586631
29415398
26546599
30319843
29965356
27619469
29710873
29135741
28221438
30485408
31795308
29057279
27520149
29505842
29026842
28637198
31111832
29382069
30405363
26916075
29938841
28796227
29071505
28958871
29563000
27811600
30115356
30392444
26607761
30098937
30653320
31529337
29704504
28894834
31019567
29843488
27816925
27846140
29580494
26842473
30775500
28670327
30276699
29336668
28382176
30563757
28611924
28567368
26717451
29825299
30100890
26297935
29776297
30592078
26837525
28724854
31855740
27645364
29021342
28693570
29322790
29358970
28900584
29430903
29947421
28463866
30070780
27202172
30600710
30275226
28994117
31129177
29439144
30879527
29362077
29010295
29955382
29762920
30146199
29034750
31483746
28815348
27298752
29008729
28882676
30795203
29130838
28622993
29277143
26288512
30614132
30285562
28365011
28776860
28832961
30680305
30048882
30483686
30050317
28588525
28418399
27490855
29383645
30254515
26782056
30906252
29827965
28214244
28649956
27890026
30112311
29080571
30263780
26082068
31391360
30240291
29150877
30254483
28314834
28398629
30904240
28069083
27305748
31626612
26476605
29573889
28378065
29281291
30139698
30526107
31330215
28084716
27815629
29056102
27029678
27521497
30037128
30874812
27522070
27953408
26843328
28440351
30386886
30605442
26969067
30156127
28650422
28865047
28572115
31561937
29542834
29626153
29989188
28904690
30446678
27662707
28893782
28964089
29656065
28781217
29758215
28588147
27812274
27039253
28867612
28771607
27624152
28472507
29739432
26313229
30037684
29022301
29268903
29165864
30379595
29262906
28800633
27573357
28132249
28619572
27696121
28493242
29721384
28589414
29166695
29950985
27240697
29386675
30301158
31411436
30623894
27557288
29076129
29270754
29387864
28002003
29941342
29016425
28610596
28031784
31750311
31196981
30409663
28412637
31338333
28159890
29854922
27230484
28190905
27656481
26519423
27209570
30344933
30112970
29948663
27377138
27103796
27203681
26943487
29220060
28824113
31766654
28856924
28108926
26778497
29649338
30005694
30537929
29501833
29319568
29587447
27608302
28577704
28662545
29286232
30312865
27357519
30728588
30949899
28879221
28658999
29235844
28056149
29139879
30403668
27333302
29034240
30922363
27579281
26930215
28358796
28482491
30517171
27487339
28024034
30015069
28443466
29521809
30218785
27561993
28827528
28330330
27976921
29006681
30539090
27405888
28551297
28757703
30048834
28803494
30964745
30899435
31000593
28230817
30253626
30248081
30068231
31188126
30024982
28929515
28452929
29133373
27831700
27752837
27723114
27951134
26309132
31308566
27679818
28609162
26980285
30675901
28386777
28737439
30300253
30219651
31144762
30165170
28033602
27606951
29366468
28217236
30371064
28466611
28961693
26909662
30991031
29646364
30884484
31462635
26816719
28111243
28511460
29090414
27197551
28857105
26874532
31589901
30182654
31599751
29913044
30134556
28274533
31775031
30968429
27379672
31297594
28347297
30374588
26131440
30610650
29906874
29013966
30067670
28769740
27702297
28444333
29328139
30453093
28312776
27719444
31371839
29391634
27230063
31274065
31278854
29016383
28766884
27206033
28031438
30848358
28129783
27555480
28535484
29863938
27664733
28762373
28106577
27703044
28838834
27811279
27503518
30167874
28784984
29192195
30812724
30008267
26353779
28268702
27489082
28707490
29053515
30608706
28247067
26084979
30408227
28292221
27956207
26399997
29576946
27327468
27897814
29506231
31956761
29059669
28324784
29181776
30408129
27491931
28655022
28057049
28813827
30312129
27947490
27612642
27365525
29387603
29837200
28457639
26918950
26628094
26993904
29992700
28243237
29364653
31941988
28993630
31065516
29441879
29835682
31412649
29818147
26901649
30452250
29442691
30970777
31252150
28970821
28623481
29301269
28541963
28090085
26991293
28471968
29923865
29410086
27604667
31338027
27690013
28900768
27776511
29887934
29912920
28004970
28448219
27227309
28265327
27952523
27357336
27976543
30132821
30557061
30820158
30241197
28921307
28534549
28573917
29788229
29638184
29354343
29396934
30120875
29823750
28317230
29442455
29494063
28334171
30794669
30338497
27355500
28185148
28773329
30143401
29052144
26285039
26731214
26361610
31362479
30299278
29238997
29658370
27687652
26850038
28650650
27652437
31281427
29951170
29044771
27837688
27558111
27143521
28767524
28916359
29668055
27724029
27737848
27741309
27449924
30068429
28616136
29227298
31811462
27210709
31030402
27596946
29487839
29010715
28791741
29078030
29640853
30034934
27832136
27050178
29228566
29405037
29584445
30020868
29355294
27408766
28908890
30153749
29216321
28873796
29656844
30241585
27729441
29925249
29290396
29552641
28730843
30234633
28582401
29279838
30390464
28801864
29910339
27865305
28224896
27237624
26610021
28907184
30717419
26245118
27412407
31617335
28258826
29300499
29375150
28357627
29326103
27191425
29117000
30090170
29329536
30768598
28856641
30822123
28823797
27507016
29737414
27984901
30106037
29151033
30288680
28497518
30953035
29723197
30420374
30716047
30392974
28029533
29308654
28869912
27728421
30182203
29005081
30162638
30391166
27726311
30868457
29627541
31186896
30372628
30533650
30783468
28991239
28317561
30026667
29572018
28185598
31712778
29553997
29279535
29659531
29675715
31497745
26977740
28594136
28152278
27124547
30841307
27206732
30271494
28428294
30797242
29545057
31860263
28921079
26323267
26906193
29008619
29724492
27106579
28341998
29350565
30954545
26226805
29765746
28742145
29189304
27792413
30216948
28506801
27292814
28385830
30098325
29619972
26713382
29938944
26093378
29954914
27720202
29011008
29431300
27691409
29415004
28432390
27768132
29520206
28311952
30641224
31010563
27112043
30610776
27026570
29023721
28348449
30410510
30101026
27935992
28016491
28832747
30178460
28673881
29883155
28404617
29950162
26378078
27222338
29574838
27948953
31101921
30145922
29906614
26156458
30185347
31574297
29271599
29722018
29397473
27812817
29050254
27901352
29169034
31047701
30795033
27272077
28121301
29896073
29352662
29532144
31019404
28908388
26622963
29802323
29373943
29451660
26849152
27965830
29781513
30935457
31599650
28634253
28170476
29371378
29519998
29267943
28881994
28691975
29627111
28529311
29020464
29088671
26988647
27304914
26601119
28685905
30372692
29156912
28886574
29916061
31725714
29318893
31349339
27691699
30362995
29423597
27358347
28950437
27970856
27627916
31392810
29982074
27431316
30443665
28863262
31426889
26461080
26376246
28495114
27728481
26669223
31350727
28165145
31489059
27859042
27628428
31689558
29106790
29790838
26849879
28740611
28866560
26964246
28095773
27193072
29105082
30141965
31008316
27846382
29948377
30756033
28276753
27239957
28098988
28320391
30807462
29846897
28821358
29627959
27847212
28615286
30003060
30080224
27203409
29003537
28668751
30108575
30499467
29506797
27836836
29186545
30453298
28247097
27458174
27831603
30774782
29562599
30471473
29022627
27792805
29795255
28394815
29280640
28056441
28039799
29602850
29672743
28254700
31020544
27977782
26199243
30417785
31055115
27930423
27943124
30613751
26270872
26579684
28785552
29504403
30596646
31321467
28726600
29861346
28859850
26362887
28091622
31137680
29671629
31473863
27923986
27918056
28439497
29687000
28084153
31196328
27934333
26581722
27508242
28721167
29292632
27553897
30787074
27167940
26629836
29067485
29809893
27308780
27095637
29161150
30550827
28889402
27452847
28512916
27790849
27534728
29025792
30470936
30868252
28909679
29424996
29184768
29940001
26976158
28657547
30234949
31701809
28161831
29425841
30199962
26729769
29057372
27525041
30502031
30322931
28862292
30228497
30956401
26926077
27288210
29172569
30006583
26662899
27984271
27776628
28651315
26828228
27713274
26738888
29434325
30778620
28879172
28036742
28029130
29203755
28648083
27031769
27640020
30805833
31364511
28726677
26115223
28462268
27834555
29321116
31151636
30876835
29821064
27703478
29292912
27498280
29072463
30245519
27706366
30586432
28718505
29339446
31459875
30270619
29306462
28463073
28381016
31033906
28075634
28360841
29572897
28939297
27595753
29107413
28430770
29976183
31131015
31506263
28013201
26992533
31082795
26134337
28171507
27391940
28657425
29425726
27910039
28267761
28440206
29601624
29294835
27538654
29880592
27870490
27348978
32017445
27967615
31116973
29001240
27085240
30893209
27057965
28142105
28276213
25850558
28310362
30269379
28334428
30201757
28631087
28620306
27426216
26539424
29702136
26974542
28273831
27736748
30717569
29940123
31284277
29511069
29934102
29722583
29817889
28927209
25969840
27599387
31235256
29172966
28514471
27875018
28840806
29369718
30417589
26058763
28249282
28219690
27977361
28674614
29274823
28313152
26315825
30806184
28284676
31157653
27713395
29345617
27668483
30071100
30539393
31007241
30651333
28429674
28196301
27698715
27181144
28865768
28912830
26769291
29643641
29098900
29360876
26975518
29423944
27612088
29973647
28811921
29639473
27196269
30909721
27835563
30712331
30418157
31170891
30340621
30302340
28434783
29658125
29269766
27838996
28415461
28064703
29609309
26074898
31195537
29123019
27757726
27488397
26649071
30209275
29589064
27247882
29139131
31789279
30482405
30086440
29841878
27511850
30344521
28344786
26977759
27306867
29839972
30935822
27148735
28670084
28037980
29483409
29041209
26163744
29460591
30565070
26736106
28091828
30230151
28571356
29042587
27083367
28441880
29311065
27486947
27588678
28456727
28017340
27520430
27379237
29253213
29488960
29990901
26736056
28267548
29403246
29658549
30677027
27511705
30302442
27209400
27275230
29343764
31240537
29853861
27466246
28585266
29716659
30734043
29318414
30129861
27910688
30988184
27552176
27871556
29144648
28646528
29378886
26459167
29004386
29900531
29819352
31026047
28057931
29203469
29514798
26750347
31235213
28699758
26031060
28163529
27896441
29447468
28562626
30239309
29988178
28313944
31266375
29484080
27905166
28267033
30525621
30198393
30301977
28199220
30812099
28258404
27520505
27464673
28220141
29693010
28053019
26675544
29346891
29999630
28111585
27414442
27737783
27059623
31277846
28304054
26434858
29105104
29984015
25899970
30721999
29698428
28030395
30133626
28499652
29864816
27316148
28255641
31136519
29292219
27543750
31135813
31560692
27079903
28552829
28981840
28743143
28483385
26708122
27605166
28907524
28973141
28194416
29874299
29646213
26926462
29181989
26181876
30709564
29288442
27857077
28920672
31475297
28856396
26597607
31369623
27925108
26918556
29116512
28522099
29260840
30721110
28753813
28686853
27084355
28783590
27948656
27886866
30492603
30584427
27872302
29333943
29580263
29340214
30796035
30421668
28978385
27557642
27585885
29074472
28934443
31611184
27891281
30467145
29027364
27723375
29665211
28409909
30679369
29175892
28443290
28882249
28181276
28979522
29481126
28577275
30475715
31074159
28159245
30727250
29960017
29551852
27690640
28203929
29214982
29940619
29527924
29975441
27068138
28302786
29603521
26970946
27243657
29564694
28669548
28785468
29598609
27688613
28498212
31980835
26004783
31451341
27137515
27220828
28625377
28271646
30323098
27618977
29473515
26517546
29231062
30001102
26740382
29955283
26428747
26815352
29315273
30026810
27446106
28859982
26579621
27630846
28677868
30463305
29161056
29110777
30127869
28738671
29014253
28516536
28203902
29076491
29821603
28415714
26696100
28623861
27782446
29608321
28582680
31237165
29055735
30229474
30243004
30924107
27208413
28824286
28051122
26234789
27047733
26990471
28957469
31265799
26409367
27985572
28048565
29318516
27433475
29089977
29407212
28597818
27960043
30424447
29472663
27626865
28500090
27775592
30677737
27499882
29720886
30501059
27795402
28817025
28734946
28156810
30036462
26975805
29590184
29982291
29510201
28435864
30033029
26818992
28530587
26271448
27492850
29020661
27786742
29262219
28618408
29648733
28595867
28549622
27344736
27783845
30615233
28861553
28735025
29433320
30651225
31871870
28805371
27649022
29178825
28280094
28091226
29519245
28767589
29347192
27659710
29136589
28542142
29234722
29475272
27347608
29312856
27752501
31077246
28492782
26389562
28750297
30953103
29063325
29582624
29602374
31369721
30211304
30597860
31342590
30570853
29240730
29032592
29472958
27434340
29311512
28328486
28927668
30550828
29517414
27413576
28493342
31067070
31215283
28682551
27070003
28208930
26873727
27404492
29805673
28830098
28480288
26621138
28059644
29083405
29530986
28073594
29943308
29498564
29500957
28749637
30898041
27186776
29716917
26709216
29531948
29334774
29367867
28576771
27859544
27768095
27526972
29983120
26944362
29032731
27959834
29549108
28123094
26545969
28301399
28066354
27403839
28295169
28062509
27440621
27402327
30262059
30722427
28116846
28005201
30730511
30095712
27197735
30201746
30543546
29905478
29655667
29317261
29657325
26723352
28995636
26776820
28797999
26938482
30350463
30824219
28761879
27678274
30484603
31018124
28505167
27566504
29112036
28424270
28096837
29617533
30892046
28224330
28129241
28865753
27329586
31289370
29163150
28285837
29638756
29450776
29981680
29229507
29748413
28684880
28780046
26762942
27289758
29412329
29248420
28702048
27648217
29510818
29065091
29636569
31575970
31081085
28813568
27979721
30791887
28122826
31141364
29213710
29882981
27975749
26765733
27886407
29424892
28420870
28527650
29987261
30173419
29086722
30915787
27603146
30173735
31161760
31417848
30257484
29970032
28540530
30249475
29323217
31235899
29918598
28082468
28389119
28944569
30994268
27758287
28050197
29788771
31037209
27708030
28304333
26784409
30657608
28889184
28543916
28826647
28503311
28630365
27913373
30498688
29762558
29405406
27845127
31160735
29196553
31135720
31037703
27725782
29208562
28280823
30238509
30666930
27186637
30380989
27596736
28839349
26496592
27709319
27266281
27573526
28602083
28689437
30509828
28610221
29089570
26808120
32054952
28561024
28014670
28685482
30086810
26640924
31340773
30040867
29208642
30606925
29527523
27511663
28631042
28468705
29527292
26168277
27474761
26749326
28483210
31827516
29113907
27933671
29917103
30375774
28718348
26413355
29360942
27747587
27720582
28829265
30617476
28764436
31406634
29553138
28027928
28269352
28139097
27593885
28986109
28653497
30161224
30661458
29303731
27061408
28806564
29331008
29227797
30734892
30203850
28703285
30209869
28944054
29571263
28643212
26396437
28088993
29958396
30308680
27870433
27018895
28408914
28212804
26454239
28151583
29420399
28904652
28245717
27811159
28151208
30508996
28328412
28340114
27319945
28268583
28853954
29950787
27934783
29528706
28894237
28617547
28507761
30040144
29663969
29257486
26607243
28438829
26277867
29377295
30449715
29230343
28446735
27626569
27093799
29738194
26997795
29293013
30211981
26919736
29045332
30825193
29754119
27377623
27772282
29548706
28468591
27317244
31490032
29013573
31136715
27574945
27888734
28614082
28323302
29460591
30978415
29139945
28503027
31663743
29888059
27941215
28939688
29585138
29847334
29803556
29969213
28157325
27739759
28463340
29441003
30537646
29785420
27995433
29711858
28796824
29912842
30778126
28398947
26900942
28602349
27355820
26021087
28535868
30279364
31020488
29381667
27387699
29920518
28032724
28033713
26131783
28526305
30384028
29201294
27363149
29932724
28172297
28848845
28732478
28588069
28321170
28894169
27986141
28497296
30628371
26916191
28354859
27600606
29048508
28258603
29973402
28489897
29550884
27112296
28924331
30077982
31266714
26673957
27772373
30940377
29464248
30787833
27894005
29486517
30821288
28724084
27512003
29800103
28847395
30867601
28028123
27924901
28686474
30546832
29023656
27352137
30866185
28183814
27514114
27637010
30902066
29314074
29337249
30099757
31813774
30651362
29288002
29094165
28815697
27704050
27689593
28260237
29264796
29018657
27864240
28928420
28476815
28897422
26526636
27395211
28585290
28727210
28788055
26892046
29381534
27724919
29948258
29231082
25907843
28719515
28442704
30577745
30352394
26761104
27910484
26874434
29118632
26502292
29001464
30705836
30323790
29063818
29235136
26876734
28806223
28235777
29231742
30305023
30018706
28567808
29371110
28470835
27411652
30046977
28858050
29114686
28422926
29350464
27723224
29597355
30995822
28375885
30258571
28291736
28121768
28664007
29039439
27651148
30615961
29638065
31470155
29591302
31906328
28879798
30102566
29912354
26913185
30888665
27730150
30891014
27995544
28879838
29506130
28801783
29803253
28819426
30561833
27324631
27897938
30389519
27230533
30048803
29052177
29117808
29079409
31853341
29289210
28899260
30604464
28085534
26722077
29844563
31064881
29657354
28614767
27322511
29243650
29172099
29233121
26583604
27792875
29192293
28132624
28595689
29158955
28628086
29053849
29341578
28210941
30349808
29187665
30971782
29193830
26485403
29599973
29023555
28872135
29737738
27097533
28948460
31417144
29260364
29141012
26594770
28214478
29553480
28688901
29363234
27212851
28525599
28407543
29630304
29152833
29432264
28462377
27307507
31278022
28331312
27380874
28318450
27340633
29325176
28635024
29003492
27969811
30632192
28231479
28292508
27835807
29801346
29215695
32076097
30409846
30787359
29035164
30804977
28710069
28512955
28270724
32033516
30003510
27558499
31760103
30507275
28226016
28619934
28022815
28262270
27562711
28508872
30134011
30238113
28701369
29582575
27537809
28973079
30127873
29377521
30370944
30000322
29301087
30039725
27314488
28382545
30348920
29181940
27377839
29479747
26321926
25986072
30219222
29288310
28575876
27014777
28223946
27066359
26866416
28005176
28570146
27873352
28617123
30443939
30185230
28401342
26817527
29742796
28778202
28284816
30556311
31438848
27514116
29469662
28011588
27316299
28462911
28081759
28401443
27646828
29682298
29462193
27310812
28452846
30468755
27262020
30120627
29204264
27348589
27990054
27701000
31760525
27158531
27848209
27270681
30250393
30724875
29997869
27708895
28694619
29009300
29350924
27062809
29493124
26681643
30933509
27740605
29886218
29748178
28084362
27632450
28952976
30371616
26964279
28965105
29403753
27965736
28444061
28293200
29015040
29264766
29144812
26777675
28994391
28324134
28183773
31357613
28263473
27636342
28027505
31625915
28562757
28581322
30199303
30245128
28739228
31033290
28450393
30804365
29480944
29126635
30589639
27738777
28311867
31383079
27512478
29194880
26417589
27262119
28762587
27187170
29578532
29155442
27542265
27786105
28061883
29274535
30591541
31432790
29957536
28573695
27653294
28047321
29589558
29226842
29727384
28681190
31640695
29473950
30095548
30781412
30631971
27942072
26986589
27657825
29234371
28973246
29178173
28743238
28985671
26513421
30579426
28189794
30058282
28112069
29374248
30110321
27559522
30062617
28479633
28209757
28700915
30608772
28083545
26608323
27048371
27326748
28897955
28696210
30573630
28050806
26741479
27374666
28892308
29235609
28938428
29999249
27964568
31144993
28441902
29492938
30673297
29116265
31458481
28717579
29886508
30370382
30322649
30129076
27012211
30126052
29216004
29957459
27180929
29223891
30766127
30005615
28352860
26593879
31454371
28376689
29678595
29684573
31738508
31062954
28788543
27019311
28587188
30178405
26150384
29520182
31384062
30074483
31319861
29233563
28479265
28781247
29548769
27240325
30173957
29964414
29220352
31466121
30644369
29072749
27212228
27943752
29386484
28101246
29977312
29361034
28100190
28814317
28506342
27058480
29039326
29069105
27523314
29446451
29772681
29904482
29842999
30388293
30936801
31444331
29529492
26601325
29072260
31269019
31294146
30348506
29724793
29399904
28399535
27682897
30693174
31628444
28656518
29212326
30557750
29117565
26799022
26263518
29281037
29685929
28208449
28342199
28919184
31026861
29986246
28644399
27453107
29744469
26932026
28310886
27788351
30164517
29017356
28922342
29885601
29472276
28693456
26436211
29998825
27574900
29592416
28934606
29811201
29402833
28968760
29326481
27779574
29476608
26593501
29899387
27425919
29467193
30592597
29650040
29544645
28033391
30210914
27762437
28470601
29624123
28666791
27017348
27978590
28638167
28268872
28704803
30492906
29438918
30350565
29812180
28907469
28232601
27619912
29591558
29496653
29179895
29937347
28527380
27524155
27342339
30587272
28895048
30419738
29228479
28868498
26595500
28347048
28821637
27921395
28888779
30164830
30776890
29019778
30577061
29029049
27980000
29476067
28983894
31165207
31197843
27088229
26451587
30080895
30830990
27278168
29575468
29468911
27378869
28629505
29660386
28196380
29301440
26192124
27933928
28970292
30590933
28519694
28709726
31649653
29327418
29097022
29790341
28127594
27236072
27869504
28040128
29426038
29285628
27549953
27192770
28694757
29950929
27759162
28508325
30075325
28488479
28784163
30464899
29253951
29424469
28829186
28236181
27885324
27910120
29104677
27251821
29042832
27883421
29221250
29598006
29590277
26392374
29906653
29219800
29008524
28594662
28838715
27516390
29929889
30182915
29628532
27921314
30523453
28484066
29047798
28302523
30498384
28520645
29363304
28007137
31084843
28755473
26389412
27952986
27732378
29216623
27544694
30523134
28091836
29004010
29474521
29052102
27128715
28018502
28856310
27241450
28329067
28858419
30571308
30442690
29264282
31727863
29653798
28469261
31439144
29123463
28981463
30110497
29767334
29061823
30166203
29099240
30276938
28862419
30040287
30493851
27354710
29481600
29246818
28504718
28121669
28984414
27639665
28621317
27874264
29837551
29737976
26631788
29245728
30281797
27781418
28013222
28850226
31130283
26904530
28902824
30719998
28664591
29365167
28982418
29704510
27183468
26714066
26775361
28831908
30043072
30651784
28454592
30653796
29129694
28778308
27534916
29302036
28909321
28787263
29900851
27637113
28601977
29404685
28743340
27334753
28089380
29270212
29425922
30470464
29877142
28709159
27017722
28258123
29345064
29669309
28652470
31263843
28800313
31576150
29099405
28799810
29691212
30724474
31111855
28550450
27428149
29437713
27633476
27299747
29953675
31147842
29521032
28215871
28623832
31452644
29269300
28477136
29890680
26336358
29229599
28526965
28685577
30004432
29574739
27313165
29547424
26459074
29464478
29099192
27927796
31007683
31790910
28818880
29674365
26842277
30983092
28275687
28506573
30036243
27634348
27352473
29151717
29856531
28794969
28758799
27869730
28740732
26804138
29606963
29484433
28946679
30371027
29401199
27720935
26321628
29485290
31308841
26895693
28245321
30411166
29161499
28531192
29184934
30196333
29831911
29583467
31976468
28940880
28998334
27346327
29554051
29064782
28662177
31721074
28051525
30542333
31213981
28998602
28512755
30109364
31917478
27576497
27282101
27429706
28069374
29237412
28571561
28348657
30389625
28239555
26535425
27881496
27722975
28286490
28469580
28849003
28113632
26265319
29052368
28980379
31196659
29933549
28317889
29200073
27873873
28408138
28061459
29774558
28916602
27301452
27783671
28058214
28767017
30560101
28848928
29675272
28958837
30443973
27526095
28794658
29490863
28396856
28541706
29854841
27983305
28897214
29388947
29191372
28900716
27777801
29199269
29360998
27413005
26905295
31276078
29235638
28003715
29240584
28265770
26702086
29178467
29608456
28568248
31783697
28292413
30329413
30945885
29351967
28158964
27529541
27971473
27352966
30072502
29469583
28499250
28627707
27159111
28793026
29807776
29703797
29475963
32053762
27142236
29247909
28250173
29829476
30790925
29198403
30631685
30393690
28332247
27300971
31152351
30824515
29844295
28488383
27990423
27671610
26757656
29500163
29939050
29786124
29538765
27763512
30521869
26458846
27286047
27772781
26756037
29990631
30273147
27177906
29619684
29008853
31241238
26619412
29460678
29836909
27906810
30045956
27793995
29486259
29987686
28846708
30427846
30054990
27048633
28200702
27451822
30989293
30854728
31103484
28310794
29683191
28252800
30451190
28504457
29388711
27769472
28323550
29983686
29488329
28688677
27953672
31149028
31026619
27616711
27166728
29471712
26173979
27591048
30024460
28293210
27220646
30418939
29332189
27849832
30394095
26879039
28088387
28906398
29792896
29809006
28897828
28011770
28222234
31203212
29019455
29296224
30761291
29702675
28632089
29838596
29839918
30368141
29080364
28798963
30413254
26340594
31343412
28517508
30113551
30014057
30039136
30621751
27232201
26157053
29261144
28648079
27203563
28139361
28162524
29102630
26353732
28999300
28885379
28659477
30660984
27025400
29454680
28096644
30015764
29432184
29768813
27917405
30466376
27564782
28118386
30467269
30111332
27219189
30105622
30612917
31176819
31721751
31615890
28417134
28462999
31284921
30093333
27316025
28564979
28817520
30309847
31258452
28731068
29873025
30600836
28190277
28624567
30485900
28430007
27725613
26978848
31126011
26564316
26197137
28519515
30143408
28433393
29334251
27351224
27983618
28486084
28430180
30875337
26471838
31045747
28576792
30799983
30586533
27575748
28240314
28249843
28478689
30755286
28234824
29464198
28373549
28431873
29843378
29358767
29279178
29387631
31263745
29648236
29486792
30279881
28278773
30388983
30819098
29138325
29980867
30822843
30926180
28315663
28642705
28394018
27006307
30186168
29288924
28227445
31541810
29538299
28579233
29533184
28648623
30713851
30768011
28953812
29456821
29492529
27515294
29624118
27366180
31242509
29282217
29566976
30241563
27002574
29773980
27824728
28055297
27217240
30276819
29938984
26340385
31401211
26434605
27395851
29666392
29179648
29732716
28266936
29307960
29324215
28493670
25824877
26341652
30023527
29727443
28595745
28178755
31760843
28658823
29950239
30112067
31753493
28190484
28465875
28599902
29469660
30820618
27264705
29801675
31214106
26955690
28682368
29031189
26492622
27745903
29994478
28940106
28687942
29755249
29160257
28292271
28996580
29381421
30403133
28948157
30158736
29307779
30661073
30681865
30586824
28986005
26097820
28094686
27531159
26107101
28904667
30164311
30478828
30771011
27527219
30665422
27886730
28258841
27556621
29340329
30074685
28865156
30400006
26912666
27823954
29562751
30399535
29071816
27051870
30659696
28820939
28781078
29376815
26807991
28900468
29917163
28146192
29851937
30207797
31684176
29001521
30781196
29358551
29952497
28761960
27796169
28752989
31264034
30392847
30281864
29340219
31078760
29578100
30909519
30361967
28164548
28401872
29152646
28316037
29891837
28950983
27866380
26955720
28313846
30020583
28417351
30595769
28001569
27948792
30396530
28803794
30699774
28917545
27284143
29944513
28713433
29807024
30595078
29917160
28528709
28320772
29529786
28293032
28869966
30100946
30896315
29142708
29320363
28417078
28812097
30437724
29354323
31527633
28814853
30282195
27477879
27780198
29178818
28842783
29691496
29049126
29187455
31505417
27797712
28489851
27233405
27329412
30537602
28415765
31084312
29715058
28462617
28969013
27979924
29217312
28589099
27936971
27890159
31448422
28176404
29777679
29290184
31513132
27662560
28755112
28571400
27387051
29507543
29257904
30049395
31788173
28334911
27453954
29813170
30127793
27883668
28375659
29344421
27060835
30945430
28821452
31116760
30978114
31009609
29454090
29394639
30021693
31270658
29785164
29879570
28521811
28794135
29994655
30352498
28650642
27875064
28002543
27046605
31192160
29189115
29287019
29694052
31493113
30647383
28143938
28258677
27849067
28200584
27780859
30537930
29556022
29886545
27772570
28164467
27746231
28581650
28542578
28861498
31113380
29095411
27459258
30053520
28522615
26665464
29039102
30254529
27791536
28169381
30010741
26955534
31164411
28753609
27300072
29766645
26409067
28701707
27505537
28040621
30948748
29889856
31342487
28052794
29073702
26393175
30070402
27239916
27530374
28529274
29736822
29865605
29794341
26355112
29367200
29402960
30565515
29544279
28624021
26575011
31232403
29087227
30579608
28735016
28357670
27590583
28911576
29352562
31689619
29561299
27692882
28188760
28375507
28976503
28316585
27421989
29828174
27289003
28433988
29288335
29318510
28201742
30262806
27748134
29456892
30079851
28821141
29433366
29819718
27809626
29035689
31177731
28253867
29376525
28783521
27568554
29472157
27167555
29414070
31017076
31215423
29333827
29720988
27583620
30802224
29803932
28194239
28966488
28594613
30033878
29403849
29271306
29511249
28475369
29389528
27700663
27358373
26390944
26909758
30352205
30614565
28378369
30128387
29200936
27242295
31914336
26236622
27551422
28236239
29579979
30675166
28903898
31176485
27751377
26825925
28571568
27506629
27361731
27374561
30284201
28990496
29347568
29245691
27388633
29347582
30001025
27829169
27496360
28874986
28887422
27672080
30136498
29132267
27584933
28719888
31449358
28156626
27340154
29461293
29460546
31355166
28443998
28540382
29304692
30538508
30287151
31489548
30820273
26981405
28750554
29086996
26089104
31174444
28749787
29498049
28559907
29038794
28530779
27303853
27112595
30976698
27723395
28567621
27825186
30207045
27537650
30784759
30761968
29856742
27725759
28541412
28215469
28835899
30290843
31741784
26642833
28815628
29113012
29695321
27445948
27610754
28203870
26450630
29426820
29111741
30560640
28831008
29882407
28562429
29289190
28197274
27083661
29511887
28189420
29276827
31712290
29161624
31405853
29851736
28182365
31402100
29055485
28225992
29349938
27709037
26395730
26666338
27743308
30892417
28368786
29262221
29575228
29616312
28612544
31541865
27170687
27286198
27746504
29082240
30036596
29560288
28659043
29599138
30412011
27630312
28210021
29427758
28027808
28145464
29761024
27938020
26866570
27886106
27417760
30758231
26501452
30288605
30903051
28037564
27282259
28913131
28583687
30580492
28103407
28265842
29072348
28028065
26752020
26482226
27954339
27657197
28961103
28378439
29581168
31011256
29441021
29294032
30289467
29364929
31332847
30367249
29496816
30121456
27080643
28663633
29246612
30582631
29383177
30338486
31720677
30315298
29814545
31283039
30956624
30778139
26461762
27823301
29626996
27260506
28917627
30377093
30846184
30319589
26180230
29645053
31815622
29333672
30874992
28826544
29933989
27489326
28756581
26940611
28842167
27844088
28129476
29249649
30121069
29217563
28192281
26470810
27697552
29328974
27258534
26584377
29515931
27499959
30280034
30037630
28246485
28165519
27858487
31463980
29409999
28024842
30664974
26408277
30025840
27606253
31569501
28593272
29039659
30993289
29018275
28742371
30545127
31967028
28695521
30421908
27535056
28841126
28412318
27920295
29813872
30397426
29902649
29902837
29298181
28706737
28830514
28263336
27542466
29284546
29631660
26843932
28984683
27142503
28605633
26722761
26971943
28636714
28456534
28832737
29684338
29766879
29928542
27666457
28470661
27422272
29312924
28205351
27738253
26782236
31716359
28886411
29899872
28941360
30772299
29482066
29769000
27860162
28733971
27866801
28795595
29173237
28395503
28244429
28073860
28299430
30660905
28682160
31257937
26973800
29200458
29796536
28277743
29278548
28265534
29386684
30957898
27617309
27721122
30737482
27618208
30337488
28200128
27973969
30472817
29904557
26456295
28613827
26690133
27088495
29441557
29534711
30263573
30892655
27778655
30687251
28040044
28908752
27153880
28128124
27352564
29102131
29616753
29066374
28563898
29464948
28209709
29844577
30607724
27523399
29538181
29211459
28067729
29340098
31271591
29714111
29716176
28232354
30140264
29843888
29917396
30400176
30459722
28314382
31157871
29291594
26896030
29992910
28884004
31158850
28241534
28154515
26345137
30631147
29742726
29051638
28178023
29189441
28527334
30220863
28363495
29322318
28393253
27977663
28864944
30379775
31591814
29082800
27985017
29894207
26196748
31171916
30888814
30067904
31749738
28450774
27512997
29563653
31295194
26367674
29699973
28714061
28848047
27290932
28736679
29874308
28806909
29562604
30610750
29303159
28893567
32023334
29838357
29835187
28163567
27443854
29300009
27770689
29137882
28634908
29028898
28963099
30254173
28746052
28189916
28523984
30404295
28481626
31965409
28904916
27370233
28250210
26877798
27943764
30252499
28790990
26330290
29114247
28242711
28868833
27135749
26087513
28147249
29884084
29546870
30651513
30711248
27565685
29990646
28045415
28455878
29050945
30689748
30087853
29795179
30484691
31877644
27723863
27500954
30330341
27727458
28201713
28211499
30612598
31183178
31951557
29362631
27910973
30861675
29293415
28417757
25952420
27410494
27797930
27947133
30212210
28121210
31160778
28932047
28183013
29756283
27315931
27320748
27913838
29786900
29408871
28457696
26991424
27860781
27980020
27697865
27255243
29111093
30513953
27454895
30715610
28565929
31729485
28866604
29708893
31380787
26560650
27590859
29574636
30588923
28981455
26862635
29635786
29947789
26990325
28894976
26733596
29231006
29381257
26332831
28644386
31676239
28428777
29819855
30998936
28875814
28829550
28917227
31936836
28094517
27940179
26602769
30392475
30797561
29244440
30466937
26827678
28272389
26625179
27244114
27759083
27152016
28075650
28305347
28893064
28024486
29041642
30322279
31031109
31439104
28939986
28717221
26888126
28856321
29526472
30460670
29457487
27979155
28394711
28303568
28591830
29194442
29825942
29876422
30283689
30022008
29297160
26620887
29134756
28023480
29724136
27286363
29364804
27018660
30470897
31402395
29177718
25879126
28639321
27510710
29530075
28470315
28519773
27098755
29110148
27806612
28912484
29173843
30536402
30668642
30468921
28823723
28802312
30352440
29790544
30173979
30751369
29610302
29891069
27803424
28211941
27714152
26903747
28509789
29558977
30906051
28364977
29791862
26512988
29316026
28951851
28534218
30076165
29956283
29613497
30947472
31141057
29754842
30056985
29674429
27912018
29574746
26171557
29158509
27712675
28297261
30422421
28167490
28770549
30757797
28300775
28268096
27474054
26736751
27050857
30582836
26283005
28070885
27636136
30913824
27508710
31659239
28766843
28881487
30813869
29977531
27180958
26082144
29964784
26176963
28476665
29814435
27398781
27994472
30751682
29924036
31431227
28959250
26377237
28761211
27662588
30291035
29689564
31007828
27115287
29063626
29250482
26643912
29470522
28305723
29520219
27863891
30006213
30330135
27695994
30239619
27363359
28327448
29833104
27817001
28817896
29215575
29147007
29268274
27211881
28483263
27769670
26307861
30386463
29143852
27210964
27137144
28323346
31288486
29113550
28014124
27849816
28249525
27901838
29264426
28039382
31749029
28145161
30366419
30862407
29862700
30584851
29914646
27541917
28936081
27503636
30592810
29673685
29716374
28022914
27421232
28991096
26503498
29613744
28897223
30725027
31378105
28114165
29964439
29852127
29476111
31193366
27277615
27339548
27604764
29714532
27900925
29246782
29100051
30846409
28657653
29510851
29723186
28669102
29634878
28783393
30260222
27526000
29365133
30388368
29968767
29027512
29571606
26988138
27891102
29715032
28619186
30036686
31635507
28192437
30207504
29560314
27662584
27434941
28859915
28933367
29065507
29065371
29576730
29553838
27298048
27386110
28159287
28002979
30285995
29957457
31137982
30718029
30911638
28611242
27741707
29723974
27497090
29104636
31755485
26191482
28541179
29373129
26333906
26936766
27346955
30731791
31379730
27752230
30359910
29589555
28454461
28200024
29928373
28650268
27816694
26979378
27752792
27965176
28843287
29013952
27433884
27863228
28528029
30200530
30023429
30136071
31108330
27310312
28009474
27624366
29197526
27834260
28899544
28439255
28633685
28940372
30464421
29802366
29025903
30993935
30278374
31593357
28449773
27910529
27730191
28350669
27574727
28838291
30134719
30286121
30730952
28566100
29328726
31547712
28724067
29359132
28624777
30143373
30060877
28991100
28911611
30590518
28843797
29221658
29347129
28571869
30290918
27727004
29183500
30713861
29644766
31375473
29361044
28393863
27775727
29035927
29235933
30812416
29098804
29173789
28828549
30956313
27951440
28426260
25890526
27259862
29115821
29782301
28437555
26866605
29174429
27448664
29149857
28098799
27935503
30048981
31062863
29854647
30688239
26597016
29403213
28272055
29527744
30337270
28323159
27179505
28467120
30244995
28551146
28177557
26681253
32046502
27782137
28157717
31283758
29434403
27416855
29115755
30110023
31046096
30198787
29000351
28682968
27792152
29207148
30360409
28931486
29285438
29246885
31457201
28933007
28256659
30603807
30126438
28892606
28015012
29189061
28361384
28714441
27364668
26926984
28410133
30630642
28397079
29134756
28037690
27749721
26681854
29061708
28879359
28119973
29767522
27624010
28351300
29023103
30138179
29261920
27070803
29587494
28463255
27414569
29542202
29202506
28458066
29530546
28151316
26390505
28914711
29132363
29887975
27583628
30574085
28886118
30174915
30070453
29454028
29126099
28323531
29011859
26746608
29109900
31239930
28862234
27589911
27547665
31011710
30654879
29505443
29728611
29213998
27003903
28058367
29891042
26132036
29030345
28463904
28447160
29885485
29870822
30256674
30165200
30203429
28910065
29030877
29368615
27700411
30930011
30415615
30163394
31705433
28050643
28496040
26467144
29661989
29003884
30922637
27302981
27895450
29205798
28235845
29517832
31639711
27718139
29587461
29106065
28883390
30736373
28143852
27934403
28123059
27427532
30793583
30497390
29546945
26910502
26631318
29268535
28849980
28737669
28409296
27915574
28140520
29543445
29914420
26530402
28704302
28166366
28378779
27181712
30227588
28775717
28816947
27667554
27876653
30068649
29820049
27427835
29313951
28773244
27743262
30871795
29223226
29406659
26334706
29720346
31476057
29367880
27132369
30536818
25958988
28796084
30596005
28734748
28611857
31722507
29196753
30851963
26661549
28560050
29203846
28314317
30424106
28474843
26228908
30190089
29221218
29320436
26381620
29007591
28913856
28820682
27640954
29690837
30752940
29215796
29479897
29047257
29958181
29305988
27727074
31392272
27470534
28117024
29084739
29395292
27642955
27808562
30611586
31416134
28149966
27374774
28348064
28350449
27284772
30332747
28367314
28407835
27494926
27274558
30220536
28114306
29968313
29881701
27419604
28668419
28201602
29430876
30025514
28835296
31408504
27202838
29586579
28128789
28640797
28779319
28723313
28860010
27780868
28285491
27996019
29052427
28508075
30823093
27165810
27755504
28611789
27236999
26058850
28753159
29274835
29682733
28432048
28438962
27725087
27840417
28102379
29053547
29958855
28072796
28822289
30532185
27929491
30240714
28824450
29124662
30153899
28839318
29398769
30203805
27519243
27413839
27437810
29374050
28275295
31476364
31383613
29352887
27632114
28932980
28965822
28794900
30697125
29736233
30241799
30625773
29572846
28515640
28087842
27841856
27437791
26210954
28593802
30418778
28355011
27051242
28291896
28575915
28676572
29556701
25934089
29629869
28704604
27906699
27986520
27568307
30547739
27235238
31573505
30923880
28647302
27951678
28342511
31020131
29991352
30422947
29016644
28207457
31550171
31033303
29535786
30031406
27807466
31489522
27722801
28865281
26430333
26356813
29485281
28195234
27406555
31176981
30858927
30585633
28513323
28467209
26363597
28365219
30142546
31232852
29819698
30764802
29335917
28630849
26481456
27960530
27645394
29247811
28141601
29544507
29901594
28885496
27764355
30014433
28388977
29737290
26645924
26790790
29062135
30547900
29489694
29069643
29130808
28832322
28294844
30209005
29190251
27368992
30999633
29147661
30536151
29245851
25975736
26326861
27740411
28985723
30363835
28737582
28675336
30156374
29308662
28862883
28878939
28175253
29268327
29855939
29796980
28490714
27734535
28396756
30636244
29404894
28322796
29740797
29708552
28205797
30817740
29135558
28887303
27075789
30020046
27665698
30293691
27091409
30252060
29365814
28599107
27038698
30157813
30455858
28142209
30771437
29350040
29492502
28552631
29967114
27975980
27115449
30357507
27590327
31682115
27772783
30678296
28397347
26947880
29338871
29010856
29328513
31225325
29305035
26819563
30600025
30970567
31172702
28615249
27073465
30334939
30970563
27492373
28405597
28735528
27639265
29186515
30449576
29488031
27194375
28279304
29678661
26604507
25941538
28740381
26859519
30827946
26227033
27406326
29678660
28713854
28951263
30025392
31504597
27311061
28873640
26855041
28701041
29347606
26839080
30762413
28731416
29575825
27657266
27574469
30292405
27902306
29571871
31113788
30606788
31334230
28908556
28704461
30280452
29010686
29295374
27159485
29293628
28096816
28429931
29573701
29343067
27489837
31467721
30822299
29833274
28211769
26700145
28601352
29065513
27846391
28266308
29600269
30060417
30428604
26890229
29053750
29035722
30443038
28731519
27377940
30551356
30638156
29351832
30283135
31122000
29409178
27216865
28334362
29647984
29771105
27695934
27819225
28939777
30246864
27378023
28724579
29759523
29043644
28887902
31234232
31111690
29203762
30875276
28219437
29784597
30078869
31064756
29512072
30393339
29676022
29854683
30231976
27832859
29900855
30535552
29006859
27706155
29931930
29026748
28124419
29597408
30265725
27619639
27699709
29730600
29703668
27804999
27468784
27699867
30205305
29093195
30120563
28002276
28428385
30799447
28677495
28827199
27791028
30582967
28620123
28534087
28484873
27107100
29765538
30744194
30272901
28919712
26369635
28967602
31132066
27676843
29180148
27874685
28544148
27639704
31496497
29284752
26096165
28692499
27428177
29281571
26794019
29561302
28452994
27379571
27717283
30813017
27694701
29730729
27560277
28061045
27497955
27112313
30741779
30590604
29769237
29582636
30176340
28054840
29625609
26369586
29166075
31284809
26635627
31139510
30308175
29239310
27663897
28400341
28318160
27543518
26426914
29397737
30245430
29050728
30148006
27664502
28581697
28915550
30923805
28104477
28191898
28475422
29385501
26812236
27583178
30893416
27034360
29278899
26355589
31545378
28624097
28683573
29377660
30092720
27545540
26812158
26636483
27698576
31446619
26702130
28581816
28700360
28826222
29303661
27191590
28329007
30624373
31156047
28021033
29063850
28971252
32002889
27997095
30749073
27719237
31057273
29345466
29099988
26825933
30445751
30724641
29654569
30927481
28546595
28445650
30992315
29729395
27414767
26553174
29368954
26118130
28981138
30104777
29981477
30398604
29848832
28977996
27952852
27394931
28405300
31227807
26069781
28478329
27308924
29985848
26988876
29363122
31553998
28451730
28939601
29040968
31259238
29619885
30399680
28191062
31139475
28120477
28885027
29126627
27649837
28732021
28836689
30138510
26823171
27736499
28563524
28720838
28704549
29534151
29232379
27210769
28204589
29504557
28174077
28735831
28658786
31158765
30052741
26337584
30033611
28563598
30146337
29747390
30766440
29781645
29083628
27525779
28129374
31057071
26895553
29899720
29885621
28440847
30434541
27182214
28568872
30290427
29124831
26657631
28279687
30310308
27390908
27400712
28847567
30549602
27194941
28718701
28465744
29438325
30297012
29623489
30493349
28142189
29134565
28217943
30259640
27025048
26942743
30864495
31461728
28789059
29666335
31402416
29087731
29407313
29542820
28758499
29208706
29438507
30028211
31151916
30925650
28358970
27517169
30726623
29955847
28539311
29370637
27986481
28975585
30804591
28346242
27442421
30160348
28060139
31161758
28185523
27456211
31105357
29037453
29409705
27129896
28929394
28866390
30424560
30597066
28692439
28606115
29347170
29150643
30408766
29333925
31143864
29591475
28423225
27274540
30537357
31829941
29186239
29323774
26979815
30142251
27202982
29005916
30293035
29471414
29147406
31408910
28742289
29075272
30737673
30001862
30265119
27826273
31834955
29823568
28379802
27023268
27656781
29523919
27240036
25939298
28782339
28041086
28660735
30396242
29295528
30430844
30002959
29873142
28484062
30151969
30570758
29083608
29830956
26861382
26595274
30559290
29862014
28375862
28749216
29970955
30681522
30788812
28808013
28126294
30794467
28425604
28448218
30498249
29606887
30070824
29463357
29963148
26928072
29191771
28530425
27687923
26747392
29808752
28492751
28847856
27000926
29226727
26561205
28644427
31426939
29676842
29570060
27935324
29377494
28494983
30809470
28689816
28940972
28550408
29777610
27887025
28993463
29931194
27975635
28536604
30142497
28323106
26373175
28150454
29186178
29540759
30546446
28915568
27965644
29018371
30823375
27062717
30327010
31166154
30448316
30654304
30116882
30201752
30032479
27595471
27893691
30550018
27989680
28068081
31921175
27816237
31856644
28623471
30684074
31265220
30124762
28205218
31144259
27514435
31194874
28072243
27542940
28172097
30250503
28590072
26984467
29349207
28318450
31406960
30239317
29004861
29312341
26378085
29493843
26744086
29290103
28887896
28083210
30279423
28988639
29452954
29119922
30273915
28608060
28393287
29333534
28787297
29564837
28109052
29828843
27729243
31831857
30310948
29115404
29611224
28965553
29268383
27934548
29740242
30641026
28611779
27979371
27565706
28039093
30367230
29989973
28874297
27741215
28967298
30327037
26782455
29373157
30282108
28843917
28911730
27653752
27409517
27398169
30707239
30663395
31005268
29926193
30010569
28396791
29690755
28524079
29720383
28849183
30038997
30049522
27328448
29066313
29378292
30553726
26552612
26870724
28688272
28102445
29264748
29085313
29763301
29597473
27981276
27350082
29930124
30471553
26746571
28735829
30151231
27973466
32020913
28534912
28600755
29127221
28630453
30892539
28532264
27828165
30614518
28514744
28181147
27616876
30532452
29192878
27872735
27766020
29170947
27834410
28338685
29393007
29674397
29377656
28225118
29252481
29572701
29002411
31242295
28545468
28079323
29850870
28318216
28019373
28748430
28110422
29707817
28540492
29491278
29651101
30178457
29208554
28971838
30371308
28419764
28785654
29212211
30541870
29287029
27958729
27190915
26290242
28179492
27977687
26332868
30318652
31518420
28922177
30808567
30931903
30736137
27918472
29217523
28962495
29163098
30869393
26209085
28458051
27060917
28649409
29077261
30014340
29214603
30125763
29601660
28559377
28623169
29232999
28634548
29298103
29628521
31129245
30352852
29283640
26148531
30558075
29352185
29981809
28425703
28406634
29904373
26830067
31179962
28432608
28299226
28094203
28309199
29519708
27894510
31304071
30399647
30477587
28689560
29312501
28145769
28833253
28381446
28001381
28430909
28742058
30308405
28453848
28720697
27000329
29804735
29878665
28290349
27347011
28652600
29090827
27464736
28600107
28736038
28969376
27510293
27295994
28094137
27467454
31494303
31491930
30408815
30779846
28794747
30090767
29818770
31294187
30061165
28094842
27615838
29625555
29195332
29414035
30927911
29420167
28154055
29914857
30354550
30544418
29845896
31470855
30966568
30938185
29421465
28704541
30358122
29034172
28593025
30802052
31386013
28952176
29973234
27368824
29049616
27264892
28485202
29039144
30337955
30761863
30422475
28201015
30788381
28299505
27157757
28802888
27794691
26107283
29015421
27297144
28527740
31185547
30217912
28236861
31031358
29449674
27780569
29959606
28369716
28436024
28931635
28469950
27321291
29254871
27416356
29782840
29155433
29540164
30616671
30405768
29871676
28126519
29976556
28784882
28335985
29965298
28760165
30973430
28025091
29315815
29198326
28414924
30631504
29613052
29420070
28256654
30611452
30718273
29313039
28438726
29888122
28125308
27205466
27036874
30344522
26811053
28969542
27583955
26366562
30887401
29526911
28150309
29673342
31294420
30482493
29019132
29321355
29649072
28650522
29083109
30483657
29944134
29367262
29965168
27854754
30063201
27019241
28711331
29094727
27224455
28343026
27761650
28603518
29423699
28950775
29797134
28311406
26938809
26980500
28164914
30267123
29666518
27611332
28668108
28141039
28696206
29028927
29077033
28329837
30202335
27455464
30354240
30050093
31398431
29870358
28266147
27488276
27724135
29508933
31017056
28626455
28353093
29232297
31312499
29794754
29328184
28894541
28678726
30321309
30148000
28991798
27832014
29415428
29266896
31197155
28791603
31527248
29998397
28762141
29691408
30525444
29316720
29996616
29211072
29339093
31495086
27537410
26928210
29595214
29926379
30012182
28306282
30014237
26997319
27779711
27254720
28450532
29720663
29316851
30199618
29201926
29369223
27506112
30778457
28548011
29401589
30131549
28012918
29170360
28524247
27767746
27395684
28649638
27680960
27306870
26891008
28808231
29938044
29438242
27763280
28518166
28403326
27650132
30736976
27765803
30877545
29123520
30395951
29421932
28262866
28932495
29423853
27128623
29286623
29811223
31118055
28484827
29662422
29643283
27439175
29065038
30543625
28981034
30163047
26457342
28625620
27186767
28458586
29580686
30371561
29935643
28405491
27845524
28288583
29090026
27893913
28858645
27232620
28488120
30757466
28175865
31277469
27784710
29029187
31710289
29195284
27957204
31387023
28269728
30758572
31150123
27351982
29924065
28884313
28029275
30330528
27606633
30498989
30408337
29506613
27108888
30762564
31064876
30510962
28765399
30744900
29508392
30133783
28591398
27677633
28900342
27743882
29431682
30249788
29173750
29158862
27808784
30248759
30714314
29500090
29054448
29410060
28312706
30162317
29790148
31497312
27790395
29415743
29781164
27077452
29870472
29927625
26722553
31200175
31717554
30509796
27632603
27685954
30308627
26686739
28288260
28782204
28796846
31407568
30007157
29058824
30291332
28605371
27990093
28564497
29464483
28506799
28427479
28427866
28359527
27704736
25981869
29650189
30701055
28647400
32066795
29643803
28551836
27749164
27917632
27443746
30744356
26772906
28305011
29026357
30179348
28245300
30022743
26987834
29044659
26955167
29266153
29870364
26779807
28993265
27413249
29445876
28233505
26421165
27868393
28496512
27538866
26801434
30069579
27097959
28798317
28512367
27796210
28987532
27209596
29886316
28421791
29481515
28069717
28703043
28218856
29273427
29918956
27034496
29950654
29743318
27347760
27678569
27982878
27455272
28863083
28156294
28011643
30728472
30086636
31125527
27397164
27756889
28928152
29727460
28054923
29296117
29618274
28743600
29585358
26768438
27568479
27682905
29851686
28887664
28126997
28992114
29051184
27960589
30031126
30446396
27457844
28701227
30046086
30503998
27882199
26931997
28209664
30331175
28363859
29231805
27610550
31800557
30032184
26587356
26842816
29625646
31273129
29852170
28503856
28669368
26450473
29324633
30604652
31450841
27070878
29020138
29382102
30902773
29652477
31016584
28893400
26553388
28212670
30796684
30277491
27234276
27628831
28709799
31822625
29589068
28624870
28765782
29692476
26027012
28572139
28163854
27827551
30764863
27307037
25980645
27897266
28276469
28751087
26280712
28243666
28932703
27756127
31995940
30271008
27073842
31469712
30055941
29633949
28607648
28453531
29734613
29320067
26992549
30250851
30991464
31713326
28046249
30515184
28723588
29017522
28982378
28583189
29360510
28215088
26767690
26534004
25819714
29973188
27825501
28532385
28711698
31586067
26794770
29291898
30090739
30147325
29508835
27857644
27909040
28497267
31614570
27536822
28882078
31561440
28550780
30966883
30503922
29582236
26897571
30726576
31350364
27498454
26916039
28364541
30553952
31579945
29759861
28785604
28083161
29851951
27891497
30234837
29231305
29500203
30270143
27929741
28265492
29761828
28468754
29968272
29114323
30699965
27198264
27840029
27648173
30241213
30253880
29724256
29333578
28610655
29243718
29852457
30823359
27668423
26814087
27786328
27857554
28968219
31500965
30132300
26046680
31094669
29631531
27612752
29285706
30573192
29010703
29463980
31822839
27543440
27310189
27308887
28954313
27751741
30895576
31308448
29778031
30351970
29509260
31270490
29701660
28467482
29723000
27597369
28923353
28667747
29285729
29012563
30139301
30376081
29148520
29052504
30774010
28066763
30448188
28842952
28265315
29617071
28064251
29194435
27758724
30397234
31380094
28791092
27910811
27142916
30322418
31726960
30424771
29184739
30698657
26867231
30733224
27400029
27199539
29372328
28687533
31156607
28137351
29286229
29752095
27160270
29278958
29820344
28776179
28845558
26856458
29713278
28324405
30183879
29227342
30359398
27869113
29824253
29428179
31883646
29059407
25914544
28521431
28404016
28465332
27099260
26820765
30917573
29702110
28119103
30846939
27011389
26483777
27173662
26799211
27627679
30271231
28484013
27879575
31069482
29285061
30101859
28343749
27541785
30582597
29734566
27718433
29584515
29381242
29438036
29289597
30425034
28380933
29894336
28619777
28051109
27981512
30028106
31014170
28799434
29110752
30912869
29437554
30335747
27068121
29552340
28710441
29860921
28679501
28088692
28604150
28880880
30293102
30528756
28173207
29385089
29487481
31071324
27639570
29203261
28268188
26952644
27893268
28476487
28366965
28994379
30066703
29749440
28719132
29473697
28369401
31280915
29084563
31426604
27148049
28566026
29160296
28180333
29850032
28645714
26349417
28154530
30841138
29848328
28999530
29122859
29004042
28973344
28001116
28768954
30523034
28603892
30124712
30800252
28606073
28438308
28112858
29548523
28608983
28333465
27572150
28217407
28586844
31216347
28949484
28026262
30199865
27602044
28647863
28889444
26244523
29301636
30611364
27751168
29186082
28731456
30511930
31491337
28874920
28862838
29531547
28541780
29562747
27983801
30027293
31497284
28847862
29473026
30046321
27812832
27395100
28233634
29320132
30343253
29564264
31229856
30005109
28875061
28734738
29055610
29957476
27512532
30518114
27797349
31383660
29803038
28835010
31629944
30079606
26331464
27537565
27792762
31106530
27959923
29643249
28614279
28598490
28330780
27179503
27757863
29499446
28279747
28090263
29848339
29994011
28677736
30151351
29571726
29622884
28109918
31763414
30399897
30803561
26982400
31259514
31398581
29927047
28150135
28275496
29052715
27916554
29843847
31046630
29124479
27657589
30662247
31168525
26946250
27100747
26907820
29575383
28259098
28323794
27750960
27071232
28136109
30574794
27434065
27565334
30518568
31713460
26689439
27081495
30662409
29527468
27360103
26435736
29530980
29881482
28151179
29020838
31420471
27059866
29245519
26548932
30978368
29896670
28382933
28305047
29923171
30179524
28626112
26602191
27283802
28478909
29684560
27119034
29134240
28413808
30073226
28969913
30737289
31343327
29543451
27476348
28129426
30321081
31599585
28995896
27560808
28488071
30588837
30177828
27202509
27895220
29014120
29090183
29042135
30317614
29017908
27215767
27870777
29482362
29695038
29156172
29158940
29482114
30793964
27376835
30262548
28619203
27657886
28179957
29227254
31489675
25869121
27484117
29309979
31163688
30253963
30155445
28310060
29257895
30961416
29236109
29210579
29208741
29718426
28270572
30375463
30733013
30586271
28445574
26916711
26530320
28921650
31449027
27236111
30765402
31590353
27273119
28973138
27403922
29566993
30596677
27640695
27927222
28736418
28126767
28856397
29815928
29185232
30024937
29008210
28724720
28164344
29033253
29681083
28844025
30843690
28525968
28560791
29125143
29883518
28298397
29132995
27094449
26808938
27956598
28549584
28471572
28786931
29222384
29573898
27291269
29129834
27983885
27493219
29682097
27914477
28954780
31069952
27280676
27015161
29559296
30505951
29463906
29088976
28311421
28116275
31121228
31612295
28435885
28591264
26875634
28992473
27337551
31567407
27833190
28357892
29157593
30768210
28091165
28736430
28813251
26424688
30975541
26999377
30570369
29006099
29343174
27023933
30883747
29661742
29864085
27840816
31235484
31079849
28078430
30028330
30646501
30203556
27323344
30158564
30286290
27877988
29686401
28951393
29451567
29095716
29092916
29825119
29974891
31061759
30050116
28805220
30799505
28592681
31178413
28656811
30173959
31454202
28312369
26737462
30203180
27565821
27369473
29797097
29609975
30237190
29425450
29554545
28768032
28694015
27795869
28161626
30406924
30065573
29774869
27115578
28376214
27438408
27947708
28516489
28090057
30685233
28058247
27363823
28452202
28075170
29124651
28101385
29113600
28753609
28009059
30618073
29389589
28708725
28271890
31248490
29601968
30631584
27517117
29420343
27482100
29763662
29264700
27116356
26922984
27722983
29254477
28422394
27935572
26934787
26847460
28847086
29627361
27961730
29606918
29008658
28378499
29912774
30755148
30499491
28706811
28939107
29899716
30046221
26197290
28751124
29573431
29325550
29309365
30469497
27120062
28403524
27879633
28208152
28143479
28004368
28282785
29454173
29566224
31461602
26335311
28952804
27958261
27855373
29273247
28878849
29199403
31519184
27744925
29915178
29071933
28148451
27442068
28559359
26623641
28657995
30009364
27529408
29445485
29262495
31131593
29927176
27208279
30797146
30449950
28650250
29219510
29291272
28110988
27660418
27385170
29630561
27225985
29134300
28770064
29099632
29967593
29282454
29289727
30869484
27441960
27975798
29177108
29997513
29928928
27778614
31184654
26554550
28414850
28063241
30368488
29508313
30688672
31432331
28401308
29334625
29782324
31194333
30411273
28682563
28502344
29374516
29121556
29881700
27341378
30360569
30470880
29847775
29330674
27897149
26967330
27974897
28679900
28925762
28857622
29253021
27914758
28885489
28988468
28781149
28839701
29517320
28000969
28447247
30058299
27577561
31649350
29077056
28695317
30922253
27159031
27105845
28041771
28516682
28711904
29255741
28630531
29328100
29439771
26825588
28910001
28763915
30309768
28001129
30111793
28468448
31117336
29493914
26502017
29886823
29211542
28350133
26767111
27705593
26944008
29158497
28663649
28791976
26793831
29495431
29877237
27678840
28848260
30293858
26492456
27629332
30158238
28994861
30994572
28535048
31007861
28470201
29000986
30626207
27550152
29513484
30238162
27989558
29267622
29108199
29156738
28819388
28332842
29422975
29029686
28596083
27679175
28071464
31037579
28761991
29628154
30385852
27458276
30768696
27370970
30586558
28986989
26941385
28014787
30480038
29042679
30812737
29600822
28803355
29120433
27431307
28559575
30486572
31611248
29838292
31072798
26804011
26192633
29075113
30446540
29649662
29462787
28105435
27529841
28475737
27190534
31492832
26959958
28377514
29300333
27874368
28807352
28994649
28270305
28236290
28225676
26315174
28680355
28533223
29215351
29162822
28365931
28385590
29161508
29552735
29287771
28944805
30382323
27741817
28872532
28449177
26030153
27913941
31507370
28601086
28713146
30143897
28266110
30180337
28797823
26905170
28442145
28491673
29710647
26089184
27678279
29512936
29459371
26723909
27945912
31256375
27542124
30059520
30052523
29421254
29687201
27980184
31551878
27519697
30317266
30483719
29690709
29027024
30292536
31730412
29428026
28664844
28832202
29097996
28209573
30893956
30287483
28677918
27554592
30340947
31871334
30072341
28059975
28631271
29963025
29995500
28658967
28772138
27159034
31221385
31361915
31344423
28874530
28805768
28252168
30283977
29154097
29392047
30243933
30838566
27510010
27048260
26340437
30731729
26594281
28227570
30364174
29275108
28630878
31578746
29998843
28289666
30016284
29225903
28862059
30524864
26438285
31122510
27239635
27148082
27752197
28057464
27338598
28782012
29152895
31951007
26977277
26250079
30798527
29653667
25969608
28346234
30255177
31035994
27345404
29670602
28776227
27139989
29385801
30681534
31574983
28248120
27841886
29776649
29141623
27060645
27175376
29168163
29648938
28417051
27853490
31387524
27780251
26238990
29044648
27538036
28981087
27476875
27131471
29704328
27664811
27471309
27506734
30866958
28253292
27960877
30011978
28104504
30233146
25973034
29100066
27849001
31311433
31451064
29907315
27048832
27004961
30128962
27781433
26477769
27318601
29455164
26944192
26834599
27115001
26460761
29186826
29665759
30422236
29247894
29438193
29135694
29767081
27358991
29307943
30101798
27866738
29134690
29637124
30450595
29773351
30735742
30057283
29994458
29255372
28872332
28278855
27174322
28382557
30187908
28228951
30735705
30827686
31148097
27503833
30051547
29480171
30104987
30213532
29174315
28446328
26748111
29226680
30333624
29394437
27263620
29605046
28228941
29619431
28737768
30532087
29845114
29952417
30014869
31303046
27283243
30293501
26336666
26261096
28583815
27438582
28965773
29657045
27438139
28234767
30403348
31429657
29978910
29278804
26101707
28335194
27418593
28195302
28807861
29377511
27850408
28916501
28437585
31323317
29372104
30734440
28999616
28505999
29151556
30859977
28694867
28676958
27451313
27741481
31521560
26745940
26804466
29576252
27597606
28144472
30430598
31179872
27844588
31202250
27685883
31711175
28915049
31056741
26791007
27492245
30196111
28801604
28571727
30129966
31122974
26407330
31223849
27948069
27096456
26788282
30241654
29876994
29205280
30360050
29526663
26869056
29157554
28303025
29183421
27581791
29097044
31060702
29548529
27982577
28537479
28958557
29857480
28808234
28919387
27170450
27363050
28203342
27505085
27725400
30158395
27289863
28939986
28252970
29238089
27644582
29624767
29220729
29735780
29638269
29636913
29575876
28898758
28249639
27664382
28662952
29229159
29215564
30706282
27913197
28781562
29683572
30680355
30112390
30566192
28787972
29758501
26182683
28860225
28594822
29154690
28411057
28434934
30145754
31520974
30000078
27556354
29617917
26570736
28403294
28861645
29147566
31124781
27746177
28182558
28418103
30817891
27932086
30212863
27743015
27719627
26493607
28758860
30449863
31845238
28149592
29841848
30181386
30431168
29102544
28044714
26462348
28003204
29625745
30322643
29067313
29988426
29633494
27573447
27373402
31075877
28764584
28923527
28471711
29428564
27296347
28820816
29883483
30290895
28338678
30098464
28505529
27362185
29467893
28191928
30892786
29962475
27446838
26892425
28533429
31641201
27501942
30639063
27477255
29247678
28502223
30596757
28916400
31233274
30747056
27704418
26810788
28048744
30412625
26656857
27855266
29060902
29016208
29134436
27327854
31516651
28404944
28499120
30638612
27937172
28690018
28570225
28750275
30607537
28140878
31164843
28404316
31799104
29943693
30162640
28930395
29508117
28993099
29109238
28070371
28899615
25990568
29204305
28839694
27946519
29640127
30176930
29176315
29737262
29484898
27819235
28153414
29119521
29248844
29729552
30043878
30556753
26868226
28622044
27530871
26705738
29628884
29664796
29638284
28956189
28253064
29453520
28479116
29604285
27349032
27740277
28142163
27100231
31149799
29247250
29325527
30081689
28662446
26389532
26841120
28206890
27885127
30962268
28682286
30981370
28939782
27280804
29017498
27834122
29403254
28484919
27076100
30955673
27999239
28960923
27942955
28277375
26900073
29584873
30246551
27683969
28527472
30543315
26728300
26687158
31375781
29077222
29570282
29872333
29445957
28699546
28121711
31206154
28583506
27651491
29246155
28132939
28720155
27950926
29586785
29350546
29058599
28884530
26344262
31476286
30057428
28131609
30928736
28090213
29782173
28963160
29242280
27674802
30933293
30732562
27273626
25942322
29073656
28958131
27290681
27456368
29009622
28668144
31001279
30782598
31107310
29854008
30978444
27135556
30697442
30905471
29148511
27715134
29651997
27674176
31365768
28289013
29086873
26285516
27967206
30144060
29247640
30263171
29850380
29267871
30640479
30408373
27848785
28442049
29957021
27608328
29649134
28567053
27835270
31229095
28149782
30319989
27568008
28270219
29659368
28751822
27884127
30997463
27603111
28049339
28562264
30211567
29365681
31390293
27733078
30333546
28498247
29379483
28379361
29131283
29711607
29259866
27616068
25968458
28358706
27837093
27504935
30088587
29463983
28855267
30502133
31896224
27920170
29863076
29794265
30122640
28993941
31518715
27650404
31194583
29790330
29187894
31054839
31620320
28799784
27921352
31356723
26302802
26162782
27531615
26221394
29691492
26941172
27943024
30788709
27990107
29693591
31191326
28141063
31181372
27373966
29594232
29781776
26838884
29082986
29458115
27020763
27102109
27717146
29676351
27512704
28446536
28319251
27271020
29253559
30199601
27436328
30906134
29506943
31944653
30527722
28554449
28129162
29761561
30308176
29682680
25930179
31932604
29555874
27836272
28433685
29115244
30528302
28289169
29418948
29608633
31284553
30482048
29070823
28955365
27791424
30477798
30212095
28542376
30531543
29530142
28281028
29652550
28150052
28753414
29450318
31069654
28469598
30033571
28386103
30167620
30657243
28875085
29212563
27988298
27460138
28872073
27270317
27531427
28378049
30229258
29702654
28385967
27922713
26991266
31270704
31523285
28486387
30208687
28764118
28270736
30015773
27230373
27044471
31148728
27362596
28012990
26218911
29668633
29221214
26666097
26283391
31362883
29981680
27063553
30115705
27642874
30126802
29982917
29135957
29325494
26693863
28956714
25917095
26840901
29612817
27641224
26519860
26954777
29092272
26197216
29199623
29245376
27216475
28848799
29493091
27208270
30036139
28504610
27777046
28876514
30849072
31380144
28027683
30801312
29062678
27766421
28965457
29331793
28533815
30440356
28779190
28901169
28185311
29046033
27995065
30825095
28282750
29342666
30082927
28775558
30832624
31013481
27555164
31907593
29003789
28886213
30716768
28105537
28841452
28123261
29324427
29880498
30665553
27597733
29390469
29416007
31245450
30263798
28593100
30118038
28244858
29162001
30003545
28221653
29447238
27380486
26918445
27208905
30170421
31301358
27804785
29894739
30386290
28150298
29455739
28476214
30113424
28308914
30575352
29662967
30048765
27627882
29863323
30792902
30946322
28997541
27979213
29017206
29172596
29006720
29928295
28993807
29766774
30414679
30628463
28461058
25860742
29528812
28820258
28583507
28076514
29812345
31323425
28248697
29053503
28455296
27595895
29484273
26492136
27906684
30138364
29214244
27909478
30668883
31444382
26740109
29158322
28871837
29674078
29685173
28464692
28619269
26281887
27889465
27349786
28983366
28850473
29622693
29769306
28354580
26350755
28202269
31107767
29862504
30119559
28197080
29905050
26887610
26453057
28452437
31169116
28554195
31047868
28276053
27604466
29927593
29937761
29433906
29849824
28890669
27957960
27478860
29408899
29414472
28367064
28612036
27527680
26941716
28204189
29499331
27402408
29656865
29463469
28589444
29648947
29004949
29794272
28884981
27597650
29298713
29234203
28389802
27740607
28929949
29769026
28642496
29398492
27964667
31669983
29544450
28604312
30903745
29187013
31564987
30485309
27678140
30136594
26753442
27208735
30654085
30804300
29400759
29802127
31026283
29636809
29084062
27700137
26237193
29437227
26912453
29006063
28895402
30649867
27314414
28859066
28385552
26996727
29676988
26115302
28025883
27928617
29266628
26750248
30134284
27630393
27405778
28823460
31498433
28680278
29288920
29233241
31129870
29534661
26039427
29289665
30853855
27500477
29947187
27574146
29588969
30799639
30827394
29556125
31292762
28670658
30961617
26908481
30425193
31026243
29540838
28643692
28602732
27098527
27308768
31703814
28997224
28903200
28898567
29400243
28667222
28980421
28816541
30589364
28778775
30740162
29194898
29952696
27303632
26994076
28613871
28721864
31482613
30349906
30300617
29923068
28242486
30450121
29257144
28271672
32016648
26885792
30189632
28234816
31089825
27948070
28876082
28137143
29890138
29283944
28599107
29045031
28641750
30997674
29394750
28437208
27034213
28100325
29739290
29011863
31285505
29393926
28939947
29239085
28929212
29135711
27134100
29230185
27493083
29927344
28425737
26341303
30985632
28446798
29868472
30986505
28350600
29204622
29924816
26776761
28460140
28830467
26805314
30959041
29461917
27349469
27677589
28770715
