5000 2
1 1791
1 4343
2 2031 1630
1 286
2 4788 1978
3 847 2364 4193
2 88 1614
1 3321
1 1441
1 1098
1 1547
1 318
1 4939
1 697
3 1335 3973 2092
1 3700
1 3959
1 4582
2 2907 3324
1 364
1 4868
1 1406
4 1827 3291 2215 4513
2 1303 2448
3 3699 2272 775
4 3113 1333 2670 1991
2 2450 3615
4 3825 2008 1100 2938
4 1652 3826 100 1772
1 3539
1 2512
1 578
1 4175
1 537
1 3827
2 4046 2362
1 4499
1 2939
1 442
3 4019 1862 4081
2 701 1346
1 4163
1 2405
3 2388 1362 1961
1 3418
4 1167 3113 2585 3416
2 3756 1491
1 3609
1 1280
1 2315
1 2332
3 113 2957 939
1 274
1 1756
2 2236 4031
1 998
2 2090 1544
1 2726
1 3662
1 4596
1 3226
1 767
5 506 2172 3451 4560 1221
2 2735 1784
4 2269 367 3937 4308
5 3446 3212 4264 530 2835
1 598
2 3576 4915
1 110
1 1470
2 241 3911
3 4087 1558 4458
3 2294 2070 4047
2 1249 2164
4 3211 2017 101 4170
1 4590
1 1579
2 2115 2278
1 4394
5 2890 3756 4184 3732 1099
1 3722
1 745
1 3825
2 3670 363
2 3965 1157
1 4829
2 1342 2303
1 396
5 416 989 6 3241 1208
1 1773
1 4361
2 2740 2043
3 713 3022 965
4 3706 2573 2446 3553
1 2942
1 1934
1 1573
2 3457 4058
4 4914 3849 2788 4295
1 4197
1 28
2 74 239
3 666 987 1292
3 3954 2285 4272
3 731 3836 2180
1 2728
2 3522 388
3 1554 1582 3680
2 4341 2083
2 1104 4657
3 1353 68 4884
4 1294 1497 3130 2745
1 4628
4 4355 4692 1062 51
1 1400
1 2351
1 2818
1 704
1 879
2 4664 2141
1 1390
2 4527 150
2 4429 4698
1 2602
1 959
1 1169
2 770 3981
2 1252 4388
3 2451 329 4806
3 2352 2536 1589
1 1688
1 3178
2 2585 1385
2 3553 3373
3 2712 1503 807
1 613
1 4097
1 1509
2 435 252
5 2307 1306 3564 4043 2927
1 2818
1 3541
1 2352
1 2831
2 3767 3152
4 2315 1905 242 3929
2 4835 1254
1 4247
1 1165
2 4868 3638
1 121
1 4749
1 831
3 1798 3395 2335
2 2326 2396
2 1547 4823
2 315 4879
3 3111 3213 2432
2 4043 3189
2 4824 1816
1 1946
1 4914
1 2454
3 1120 1866 3438
1 2256
1 4763
1 1809
1 611
1 2901
4 2935 1184 3012 563
2 2034 3942
1 4979
2 2310 1865
1 3029
1 468
1 1115
1 2995
1 3763
1 951
1 1010
2 1409 1375
3 2192 2645 322
2 1471 2808
3 3973 952 3521
4 1601 509 3872 553
3 3120 4195 2495
2 4517 2682
1 2634
1 3860
1 2289
3 3713 1440 1328
1 4165
2 1287 4004
2 1171 3043
2 2882 331
7 1654 1357 2258 390 3470 4933 3617
5 3023 4048 1653 2106 3085
3 1654 4242 537
1 1990
1 4554
1 4433
1 1242
1 2467
4 3446 681 4509 1684
1 1198
7 4445 520 3329 4660 3007 703 684
4 3825 2603 3483 4787
1 3603
1 1662
1 637
4 3405 3192 4114 3286
5 3695 4735 860 4742 1838
3 4785 3072 1998
1 3589
3 2261 3817 4957
4 4862 4565 1974 2688
1 3118
1 1702
1 3727
3 2451 278 240
2 283 247
5 2794 3983 905 3004 1141
2 1422 1356
1 2726
1 1284
1 4813
1 2296
1 3459
3 4268 4947 3882
6 4132 4083 2511 2452 1314 3271
10 3455 3871 3879 432 2190 3606 3178 4411 4949 291
2 2191 426
4 4877 2856 2342 2510
1 2460
1 2969
1 1758
1 901
1 4967
3 3980 717 2717
2 101 4179
1 219
6 3829 3157 2532 4214 70 4410
2 145 3016
1 593
2 1709 3775
1 840
1 1991
2 220 2731
1 752
4 908 2830 1656 3442
2 2439 472
2 2017 2171
4 138 4177 1877 3441
5 305 1745 4788 396 2048
1 1956
2 2589 2063
2 2021 2240
1 1663
1 3574
2 660 3527
7 1798 2307 2672 2412 2540 1768 1881
4 3572 2868 4125 2872
1 3909
1 1303
2 2346 3306
3 2755 1518 4510
1 1056
2 3270 1732
1 1759
2 2294 1320
2 2446 697
3 612 4630 4950
2 3741 4575
1 738
6 3645 3752 3609 4625 446 52
2 3678 403
2 1167 2595
1 3431
4 219 292 2697 729
1 329
3 449 1960 4992
1 2297
4 3389 1131 4422 1424
2 1932 220
1 3828
1 3447
2 529 3
1 1013
3 3670 1431 4097
1 678
2 722 3822
1 230
1 278
1 4034
1 1622
1 2107
1 3357
1 4307
3 1712 4527 4397
2 1279 1174
1 4630
1 1467
3 2999 1928 822
1 4442
1 2804
5 4482 866 253 1900 2227
4 1219 341 3512 748
1 2589
2 4427 3377
1 3347
2 2887 1758
2 3186 1052
1 3351
1 3494
1 4034
6 2431 2598 3284 4552 2720 156
4 4112 3541 4783 2791
1 1783
3 652 11 2443
5 1194 4142 3933 494 3631
2 4573 4891
1 3873
1 181
2 3907 3410
3 4554 1689 3924
2 680 2003
1 1247
2 3428 4290
2 3784 970
3 128 279 4506
4 4606 1590 1954 4881
2 194 2767
1 2501
4 3550 1272 1515 1760
2 4248 2116
1 3053
1 4530
1 2645
2 2120 888
5 3879 4233 3374 3905 4050
1 2902
3 306 2098 3531
2 456 3944
2 1119 2086
1 1349
1 3708
3 2616 3341 4126
2 4533 4591
1 2778
1 3583
1 2158
1 4367
1 1842
2 2066 3234
3 3674 4749 3138
3 2037 2282 2021
1 2922
1 2574
1 3887
2 3599 2469
1 720
5 410 2222 4189 2155 4503
2 2395 3064
1 83
2 1791 19
2 4413 4106
2 3705 4243
2 64 687
2 4664 988
2 3858 4390
1 2473
3 4328 4038 1232
3 3120 627 2111
2 3220 3474
3 666 1570 1383
1 3982
1 1324
1 865
1 1596
2 3247 2519
2 4534 3949
2 395 1811
2 3734 4425
2 3919 2728
1 1602
1 3706
1 2697
3 2535 4227 1371
1 106
2 2144 2711
1 195
1 4830
3 4002 2925 3269
5 2283 2431 1217 3688 1005
4 4287 2049 1389 3544
2 1789 381
2 253 87
1 605
1 2540
2 514 1776
2 3725 4319
2 4887 3948
5 2464 1114 1195 854 3185
1 275
1 1177
1 1879
5 1449 1167 2570 4911 2361
2 3178 964
2 543 2173
2 3825 2966
5 2191 4542 3281 1209 361
1 3613
1 1773
1 2458
11 3455 1827 568 3127 4068 4601 2945 1625 1107 2974 3597
2 4683 4946
4 4601 88 4702 1676
2 779 1282
1 3374
1 627
1 1621
1 4156
1 446
1 4032
3 2632 4333 4771
2 738 2252
3 231 1618 3487
3 2496 2115 4587
2 473 1180
1 3571
1 3566
1 3104
5 230 4158 847 2318 2031
3 2639 1318 4695
7 4234 2786 4123 2678 3761 1817 2524
8 4669 4606 4919 138 4571 1091 2333 2953
1 2720
1 1567
1 3123
3 4079 2389 3447
2 4723 3035
1 4987
3 1537 2623 38
1 4545
1 2954
1 1807
3 274 422 3533
2 1528 4828
1 3798
5 1856 2239 280 542 582
3 2464 937 4525
2 2754 1074
3 4521 3733 610
3 4610 3383 3919
3 4280 4666 4902
3 1808 674 2538
2 612 342
1 1340
3 1958 4371 3435
4 2645 1498 654 1113
2 2638 4615
5 4680 1972 2658 1638 4766
3 3416 1613 1624
1 4894
4 2395 3516 4117 4478
1 3412
4 2289 1989 3266 4983
1 2571
4 4156 1352 174 3652
2 4366 735
1 4001
1 1329
2 250 2544
5 3351 1084 428 3727 1575
4 576 4870 4010 4416
1 2601
2 1567 4837
5 3581 3037 2228 3678 4826
1 628
1 1303
2 625 3103
3 2178 4908 3031
2 1196 3173
1 862
1 2925
1 2343
1 3863
1 2265
3 3662 3479 3717
1 2339
1 2533
1 4607
4 3963 1664 649 1010
1 4739
1 319
1 1054
1 705
3 604 2878 1763
2 4716 4099
2 3966 1110
2 4001 3243
1 3814
1 4121
1 1797
1 1266
1 3214
3 510 2269 62
1 2459
1 3446
2 184 4926
3 2121 810 506
2 3167 930
2 3550 4412
1 3457
2 4862 399
1 3845
1 1333
2 4400 819
1 3658
1 4448
3 205 2699 4843
2 4655 3772
3 1773 1791 3776
1 672
4 4716 3562 3887 4612
1 4986
1 2030
1 2363
2 2217 1457
5 4761 286 1065 1018 4428
1 65
1 4882
1 4089
2 4716 733
1 2719
1 2431
3 2786 3844 1153
4 197 601 33 1348
1 612
1 3179
3 4662 4301 3193
1 937
1 449
4 2245 3468 408 784
1 1881
3 4271 1719 3620
1 2883
3 3547 3645 843
1 3264
5 4355 3630 4165 1425 4178
1 4616
3 4966 4805 1125
3 2375 3245 2498
1 184
1 588
1 4336
2 4692 1999
1 2401
1 4909
2 2540 1462
2 1748 877
1 2492
2 4932 2154
1 169
1 4558
1 4244
11 3455 3023 2121 2735 1449 611 4824 2024 1738 3940 2676
1 1471
2 414 3906
1 1352
2 3034 1885
3 3455 3440 1421
2 4352 3854
1 1875
2 4487 2323
1 2711
3 3858 2615 474
1 3840
4 2490 2769 4906 31
3 3374 2385 1707
2 3054 4121
2 4428 1927
2 449 1562
7 3347 4573 3710 2675 3132 3700 2775
1 1369
3 4056 4638 3478
2 698 4507
1 3707
7 2418 4442 4857 4151 4690 4629 554
2 865 3691
1 3461
2 2283 2940
2 3467 1876
3 2860 894 243
2 1284 3331
1 3598
1 1294
1 1580
3 3401 66 4762
1 2550
2 3320 1258
2 537 3492
1 700
2 4746 4772
6 4763 2730 497 1777 2575 3914
2 4342 397
5 2764 4991 1256 4943 852
2 3653 1581
1 3642
1 1979
1 452
8 566 2352 2755 3405 3090 3001 1077 167
6 4898 2234 456 538 271 2858
4 4785 3126 4663 135
1 1550
1 643
1 1434
1 3293
2 1575 1629
4 4903 4334 2119 4654
2 1729 3353
1 1269
4 1391 892 3676 3955
1 3257
2 2158 3430
5 1277 2480 1996 480 3498
2 1989 1945
4 372 2742 419 834
2 2986 478
1 742
1 3668
3 4259 1957 3258
1 787
1 1712
1 4869
1 1749
2 2503 2200
2 1968 209
1 4293
1 666
1 3244
3 3636 1466 4958
1 1611
2 814 615
4 3879 3970 1916 1522
2 4436 4600
1 2044
4 846 1808 2804 3074
2 791 1513
2 492 1368
4 4811 4756 4972 1588
1 3135
2 1280 318
5 4204 4968 2101 3536 4118
1 459
2 3901 3995
1 2077
1 673
2 2747 1164
1 3126
4 4669 259 1858 1246
3 3311 669 3046
1 4456
3 1350 943 2844
2 3777 1067
1 1147
4 2283 102 374 639
3 2804 4096 1461
1 765
4 661 3961 3574 4375
1 2643
1 2937
2 4899 523
3 1104 4273 657
1 455
2 3149 792
1 3758
3 1652 800 3545
5 3069 1918 2908 3424 289
1 1246
2 4282 325
2 203 2724
1 4366
4 2418 4420 2555 1526
1 205
3 4614 3481 3943
1 1894
1 367
1 3427
1 1349
2 2242 863
2 2006 3260
1 793
3 3067 1181 2752
3 3259 3162 3637
3 4666 3379 3063
1 1870
3 270 13 3160
4 2167 586 3249 3235
1 1338
2 3715 602
2 2524 40
1 3860
2 205 2905
2 4166 117
2 2937 496
1 3185
3 4176 4318 3172
2 3761 3889
3 3743 1550 3093
3 1194 1469 1840
2 2398 4859
3 3167 4136 2663
4 1238 92 1659 2250
1 2192
1 3346
1 3667
6 238 1199 1341 4250 4066 4572
2 1218 1746
2 1868 2604
4 4626 2319 2548 360
4 1654 1401 3682 1147
3 4887 3805 290
2 1331 1445
4 2942 1139 3495 1290
1 1559
1 3867
3 4392 4602 4238
1 3452
1 278
1 3033
4 2239 2124 104 2280
1 4601
1 533
3 3453 2127 897
1 469
1 2135
1 1299
3 2431 425 273
1 4573
2 3002 2161
3 2444 2912 3904
2 3706 629
1 3754
1 1587
2 3241 81
2 1405 4226
1 1768
1 306
1 2644
1 1891
1 4747
2 3458 248
1 4584
1 1029
1 1167
1 2062
4 3519 2087 4323 3008
3 4071 1313 3268
2 2686 2114
2 4004 4229
3 2864 2681 4990
3 4123 2206 1078
1 1492
1 1055
2 3882 668
2 877 1563
2 4573 61
1 950
1 1039
4 4963 2979 126 1024
1 2190
2 4187 4959
1 3163
1 3845
1 24
3 1954 2462 2391
1 3658
4 2585 4545 2461 2970
4 4326 4739 417 4076
1 4338
2 4232 2226
1 4753
1 4521
2 543 4863
1 2730
2 2560 4856
2 1360 632
1 2551
2 4502 4993
1 2515
2 984 648
1 675
2 1816 692
1 1106
1 4439
8 2735 2236 811 4079 3690 4325 2765 2888
1 2948
2 1105 1992
1 1034
2 677 4056
2 1526 3011
1 3481
1 3885
2 2401 1264
1 1673
5 2372 3429 1448 2095 1146
1 134
3 2375 3450 4605
1 1255
4 510 2383 3366 2294
4 796 3816 2150 1706
1 4792
3 4845 3965 3006
2 2632 643
1 1882
1 4702
2 4097 980
1 2454
1 517
1 2795
1 1578
1 302
2 1930 2781
1 3012
1 4553
1 4160
1 2763
1 4013
4 1872 3721 1782 4689
1 2862
3 2465 1855 152
3 840 1319 3316
1 2912
1 627
1 2749
5 3833 1188 3292 3977 3432
1 1203
1 3054
3 4103 4145 3107
4 2942 832 1103 245
1 3047
1 3451
1 547
2 1381 4391
2 1999 1220
5 2710 4065 647 2883 1309
5 432 3354 4124 5 2627
3 2786 2774 4108
2 2273 3106
1 4191
1 4539
1 606
1 4607
2 402 1239
1 1683
1 1068
2 3930 1690
1 1134
1 1149
1 211
1 1818
3 4897 4714 483
1 690
1 3078
6 4399 1465 3124 589 377 3888
3 305 1964 2564
2 3273 4665
1 2698
2 1013 1959
1 2137
1 1013
1 3182
1 4532
2 3709 1987
2 2570 4329
2 4652 2834
5 560 2367 766 1202 4303
2 907 3086
3 2249 2729 118
1 4967
1 3791
1 3304
1 3050
1 3509
2 2803 4200
1 1575
1 4466
1 338
4 3845 3859 4030 3735
1 4979
1 960
2 622 3910
1 1595
1 593
4 2383 1361 4406 3635
2 4716 1444
1 734
1 4273
1 4623
2 4889 2526
6 1766 3900 236 4604 2759 4780
1 1196
1 3294
5 2841 2369 3764 2976 1227
1 221
1 2993
3 3657 878 4712
2 3149 249
3 3023 3330 1731
2 2351 1123
1 2178
1 4578
1 1716
1 4939
2 1923 4945
4 1453 2132 2614 2514
1 2898
5 2024 4103 3087 1837 3722
2 2855 4130
3 4709 4609 2306
3 1040 4543 1338
2 3553 2473
1 3133
2 4187 3066
1 3650
1 1648
1 4167
2 3656 1121
2 3643 2825
1 511
1 1018
2 2428 3821
1 2066
1 4855
1 1830
2 2505 3731
6 450 2904 1198 1984 1578 541
1 3330
2 51 2998
1 1183
1 1583
1 3761
1 663
1 2013
2 4962 4451
1 2072
1 2436
2 3111 1921
3 1294 2885 4740
2 3320 768
3 1882 2074 178
1 183
1 4532
2 2512 2841
1 2512
1 1873
1 1422
1 3616
3 1120 124 2513
2 2713 891
3 2167 3830 1020
2 2289 4934
3 3005 2826 1970
1 407
1 92
1 1275
1 1620
1 1217
1 2287
3 328 3922 3704
4 2580 2935 1584 1370
1 4070
1 2737
1 4646
1 1462
2 1798 3853
2 2024 4372
1 3304
1 1516
1 817
1 1930
1 3812
2 3830 2543
5 3133 791 1216 2920 3309
2 2192 1830
4 2450 1774 2073 4291
5 102 4369 4868 3476 1757
1 368
3 88 4776 1426
1 4845
1 1115
1 4286
1 3091
1 4313
1 4068
1 1011
1 2891
2 4638 55
2 1664 3921
1 3231
1 2445
2 3410 3215
1 2895
1 3269
1 393
1 4116
3 4601 3740 1904
1 4325
1 4875
3 492 1343 179
5 4269 996 3454 3862 2762
1 3657
11 1219 3211 1122 3662 4522 287 3927 3449 869 3078 871
1 4099
4 2464 1041 4289 1884
4 3374 4485 2486 1124
1 2811
3 529 931 4965
1 3752
2 961 2059
1 3200
1 3877
1 1722
1 770
1 1718
1 1658
1 2772
1 1115
4 2712 2433 2286 754
1 2974
1 3962
1 4974
2 3304 4304
3 3723 3560 799
1 3547
2 2887 2926
1 4923
1 4087
3 3971 2376 769
2 1209 921
3 1015 2232 4384
3 4528 3267 1648
1 2987
1 4350
1 3425
1 4541
2 4811 4923
3 4056 2205 4409
1 3830
1 4352
1 2660
1 311
1 2039
2 1217 495
4 4821 4464 764 1754
2 4338 266
1 3149
1 3980
1 4459
1 3127
2 2586 3116
1 113
1 4979
1 2416
2 529 4889
1 3317
1 664
2 2922 856
3 1195 3068 3781
1 2956
1 4131
1 3179
1 2586
2 451 3114
1 4864
1 1214
1 611
1 762
2 3578 4872
2 2555 1460
1 1752
2 1644 2381
2 2574 2188
3 473 4330 2314
1 2672
1 4668
1 4186
2 2766 4471
1 2217
2 2740 3707
2 435 4721
1 4442
1 3192
1 3343
1 4389
1 3566
1 3453
3 1669 9 1812
2 79 4188
3 27 2372 3968
1 1293
1 1416
5 840 4557 4760 2128 3946
5 1694 109 673 3627 2584
2 4674 798
4 4046 4672 2350 794
2 414 3656
2 4847 2583
1 1303
2 499 3250
2 2928 2354
1 3758
1 459
4 402 4830 3619 1657
4 2773 1028 175 991
1 1179
1 3759
1 3425
2 3725 343
5 1951 2748 163 959 1628
1 928
3 1013 3115 1655
2 910 2493
1 1016
1 551
1 2696
2 4524 1489
2 3892 1848
1 3566
1 3952
1 282
1 2333
1 3027
2 1543 858
2 3905 1679
1 3616
1 3394
3 3829 4499 2659
2 724 3137
1 4481
1 221
2 3644 1829
1 3117
2 3104 4767
1 3756
2 806 3164
3 721 4547 665
1 4733
3 3177 4716 859
1 4334
1 2685
1 3247
1 536
3 3452 3239 1742
1 3781
1 3452
1 84
1 3635
1 3075
2 3011 1851
3 3731 1642 1520
1 3649
1 2120
1 658
2 4776 148
1 3599
9 406 2718 1654 45 276 3693 4940 2007 755
1 4092
2 2649 125
1 3680
3 2496 4809 193
1 3146
1 3555
2 299 1871
1 3776
1 1873
4 4751 1744 4883 404
1 2353
2 3426 1116
1 428
1 693
1 4243
5 1395 940 2994 4175 1261
3 169 4231 3290
2 1665 4166
1 2149
2 2711 1633
1 836
2 3647 4854
1 1983
2 1336 2528
2 1611 3651
1 1811
4 1712 319 710 3530
3 402 4256 1069
4 2562 4595 482 902
2 1294 4921
3 937 4095 204
1 717
1 2631
1 4119
3 877 4267 3319
6 3343 1739 3784 2588 837 2988
3 4690 1434 3110
1 2619
2 1894 2105
1 3884
1 88
2 410 1040
2 4753 2989
1 4716
2 4868 2784
1 4680
8 1254 2481 2459 2907 3823 4486 2509 1076
1 1254
2 984 4353
5 393 3075 1299 1054 968
5 4952 3760 4593 718 2494
9 3457 4445 1013 4674 306 4002 1310 1508 1879
1 845
1 62
2 1568 4960
1 1820
1 2864
2 2192 1785
1 3167
1 904
1 2090
1 1718
1 4293
2 3365 3824
1 371
3 4407 2030 4144
2 1310 2941
2 4554 4217
1 2204
1 4726
2 4732 713
1 854
2 2795 3608
1 3727
7 3494 3062 3954 2062 3667 2797 201
1 1629
2 1891 1245
1 1244
2 660 679
2 4313 326
1 4994
3 4639 4733 73
2 3330 3739
1 4147
2 3891 127
1 3682
5 146 4311 1214 2924 1215
3 3080 809 2617
2 606 3466
1 3960
1 600
1 4434
2 4113 2870
3 1183 4354 2906
1 4700
1 2394
2 804 1737
3 4196 2685 4159
5 2900 4970 2972 504 3381
1 2138
1 1330
3 4283 2419 621
1 2454
1 4943
7 333 4093 4880 2099 2690 2502 3526
1 4524
1 2524
4 2282 4192 966 2392
1 1789
3 4603 625 3649
2 1922 2790
3 2374 299 4021
4 1626 48 652 3392
2 3062 2915
2 417 1793
1 4319
3 3157 224 594
2 4568 2854
1 4684
3 4399 192 2359
1 2638
1 1290
3 724 3532 1289
1 3501
2 102 2066
2 2452 1101
10 1924 3712 2327 3705 1395 949 111 1197 3010 596
1 2071
2 4860 2569
1 4579
2 3217 1833
2 1217 737
1 4836
1 3637
1 1961
7 3371 1109 3205 479 1813 23 263
1 4116
3 2885 4224 3622
3 139 4706 1907
2 4603 3863
1 4666
1 846
5 1219 1568 4449 1234 1749
2 1887 4469
1 3853
1 758
2 229 4724
1 4991
1 4652
2 3983 1467
2 433 2520
2 832 1591
1 269
1 3262
2 3205 4812
1 3890
3 3366 1792 376
1 4419
1 3228
1 3401
1 190
9 3386 2315 1665 4664 3443 1419 4869 2328 471
3 3899 1566 1268
3 3408 4526 723
1 1996
3 25 516 3501
2 2456 4244
6 3452 2860 2084 14 3657 1743
3 4968 1191 3297
1 1921
2 921 699
1 3606
2 2288 457
2 717 3602
2 1663 86
1 1010
6 2679 4897 4703 4877 4279 3388
1 1527
1 40
1 2661
1 537
3 1546 689 344
2 3284 663
2 1390 4434
5 468 1396 2454 569 4481
5 1472 110 2770 2922 3083
1 4286
1 3712
1 222
3 195 2302 2460
1 2365
1 2219
4 4703 2288 4441 787
1 895
1 43
1 2754
2 4026 4255
1 2168
2 4271 4446
1 3901
1 649
3 1465 2985 584
1 971
1 387
2 3693 3361
1 2642
1 2379
1 180
1 3648
2 4880 1631
2 2730 3444
1 2573
1 4448
4 1702 3522 4741 844
1 3987
2 374 4641
1 4069
1 132
2 2372 2865
1 2062
4 3469 2636 2032 4705
1 394
5 4329 120 3020 1351 2692
3 3972 622 4685
2 2763 3753
4 3749 1836 4364 4284
2 2679 4241
7 1294 2255 1183 4517 3641 2999 4803
1 1352
1 3923
1 4196
2 3381 3009
5 2557 3236 114 1429 3230
4 721 3715 1846 3471
3 2307 2567 1551
1 3931
3 2328 4782 1643
2 2648 746
2 3097 21
2 3133 4209
2 2360 3459
2 2957 180
1 3606
5 3109 1857 3520 4784 2973
1 3399
1 1861
1 2560
2 2832 4098
3 4428 1102 3140
1 4254
1 4851
3 1329 2795 2763
1 4495
1 571
4 2058 222 1635 957
1 2434
2 282 3325
2 549 3799
2 989 2491
1 3633
1 4694
1 1400
2 4027 3348
3 288 4952 3952
3 4501 2489 3659
1 3338
3 1204 2297 616
1 2932
2 2900 3414
1 2538
1 4409
1 3771
2 190 2143
3 4795 8 4696
1 1758
1 4919
2 896 2504
1 723
2 3840 1560
1 3187
2 806 4281
5 566 3457 406 3670 2816
2 4924 3543
1 2196
2 3145 3122
4 3127 2427 916 2055
1 4500
2 2589 2506
1 1958
1 528
2 2451 4744
1 2093
1 1080
1 667
3 559 975 4453
1 4235
1 3169
6 865 2891 1903 4439 1369 4415
2 641 1911
2 1317 301
1 3813
1 710
2 4307 69
3 1472 182 567
8 2190 1353 4691 3974 3876 1471 2262 2671
1 4522
2 1909 4164
2 3421 2040
1 2090
1 1716
1 4423
1 4133
1 3692
1 4079
1 3021
1 4446
1 1492
1 3566
1 3142
4 3782 1875 1886 2468
1 4643
1 1127
1 2492
2 46 2847
3 4123 1484 763
1 3808
2 3933 2653
3 4963 2549 4754
3 2732 3573 3089
1 111
1 459
1 4995
1 1717
1 1702
3 2342 2911 4073
2 134 2455
2 2728 1600
2 1565 3737
1 3744
1 3023
1 1219
2 1803 137
1 4268
1 4378
2 2598 4910
1 648
1 4002
1 333
2 3231 979
1 4318
3 265 3658 4866
1 4543
1 1161
1 2729
2 644 1619
1 2796
2 2716 2954
1 3865
3 683 801 3843
2 3248 1345
5 2089 4423 447 4069 2666
2 3287 2982
1 3174
1 4139
2 4320 1695
2 4610 4221
1 3903
1 2364
3 3192 1609 4383
2 4715 442
1 4417
1 4286
1 1671
1 2555
1 4204
2 2352 1134
1 56
1 2084
6 3437 1349 1607 4895 3375 3912
3 4715 155 10
1 3667
1 3791
3 709 614 3884
1 1402
2 3972 1804
1 4256
4 3127 2429 107 4878
2 4292 2246
1 2270
1 4212
1 71
2 2055 725
1 1446
3 3453 3755 4584
1 582
1 766
1 4842
2 4003 1505
1 1330
3 1716 476 437
2 1310 1222
2 4294 4023
1 374
4 2458 3783 3328 2949
3 2959 3401 4020
2 3383 96
1 2228
3 473 886 618
3 1705 2026 1880
1 4966
3 937 3780 821
2 1721 76
3 4824 597 4276
1 607
1 107
2 4114 941
1 971
2 4963 2220
1 3549
3 4868 4846 744
2 650 4368
1 129
1 330
1 1319
1 4140
3 4320 3398 4730
1 4719
5 1702 3264 893 4515 2483
3 3614 4646 378
3 2328 4710 4321
1 2134
3 2059 3787 2160
1 1504
3 2088 184 3156
3 3233 384 1988
3 4670 1726 1867
1 4002
1 4252
1 2818
3 1546 3480 4890
1 3185
1 1536
1 3163
4 3963 2013 1192 642
4 3782 1839 3600 2664
1 462
3 6 3032 2635
1 2276
1 2524
1 4928
1 426
1 1522
2 2660 967
2 2904 420
2 3635 294
1 3167
1 462
1 414
2 2685 1280
1 4510
1 1120
2 618 1243
1 2
1 1377
1 2759
2 1187 4865
1 4574
1 1422
1 4715
1 4971
1 461
1 2428
2 4446 3390
1 2221
2 1161 4775
1 1404
2 3741 1082
1 3299
2 2269 1658
2 3774 1735
2 1042 926
1 3876
1 4157
2 1789 4094
4 4399 677 28 4681
1 196
7 1167 3743 721 195 197 1755 2426
1 1122
2 249 3203
1 1114
2 1646 1026
1 713
1 2365
2 3682 3588
2 4248 208
8 2283 1342 3347 2451 4034 4294 257 4137
4 492 4032 999 3873
5 1329 1185 4282 3593 1696
2 3909 2625
1 3914
1 4227
4 2458 2006 1783 1098
2 3566 3789
3 3017 3276 1540
1 4545
3 1702 805 2680
1 4468
2 2360 2042
3 416 4882 3084
1 4561
3 1856 4090 3771
1 1135
1 1729
1 4300
1 4599
2 3890 855
1 203
4 4166 1759 4928 3015
1 4598
2 2769 3303
3 3222 130 1831
4 324 4370 2560 2761
2 857 1733
2 4268 3832
1 4662
2 2239 2579
5 3706 1104 2732 4479 4155
1 1532
2 1665 2529
1 4136
2 4218 2061
2 3669 3255
1 3050
3 4241 1977 2978
10 4580 4521 1595 1789 1673 1381 3184 217 2961 1501
1 4830
2 4474 2492
2 2787 1576
1 811
1 579
1 3620
4 3782 3182 4480 244
1 4323
1 3330
5 4922 298 1194 2368 633
1 4738
1 4347
1 2640
5 3882 913 1567 3144 1477
2 4455 1500
4 4355 2322 1025 1229
3 545 4647 3835
3 1789 2406 4570
2 4177 1579
3 4067 1023 4769
1 4259
1 2088
1 2013
1 1603
2 3311 3355
2 2959 1771
3 2540 620 1680
1 2610
1 909
1 267
2 1690 3936
1 4811
1 1647
1 4919
1 1264
3 566 4675 3851
3 1203 1878 4337
1 2522
1 3850
1 1154
1 1335
1 1177
2 253 3567
1 718
2 3983 2311
6 3416 560 3750 4932 3962 4607
4 1310 635 4489 3558
1 4370
3 4851 2811 4589
3 3233 1081 4162
1 3351
1 1055
1 1654
4 4942 3232 53 3831
2 987 4798
3 310 1442 235
2 1685 268
2 333 3660
1 2524
1 3352
1 497
1 2277
2 4171 2312
4 3356 3058 1937 901
2 2672 3798
2 260 747
1 2561
1 3120
1 1728
1 28
7 3455 4651 522 4402 89 412 3987
1 986
2 3980 3493
1 399
1 604
1 2942
1 4967
2 4943 4822
1 3064
2 829 1975
3 1669 317 2293
1 63
1 1225
1 3948
1 2951
1 3968
5 1702 395 1720 1651 1276
1 2864
3 522 364 0
1 1324
2 1282 1800
1 4187
1 3347
3 3362 2151 1850
2 3477 503
9 3879 260 976 3320 2552 3870 2634 4848 153
2 2959 2122
1 1793
1 4268
1 2703
3 2793 1509 1983
1 1552
1 4373
2 3715 2815
2 3048 445
3 647 455 3827
3 1942 2618 166
1 2137
3 381 2417 1193
1 1098
2 1303 4265
3 2643 4810 3999
1 3884
2 159 793
1 434
5 2023 2450 4274 3109 861
1 2935
3 3178 1223 2213
1 3380
1 3614
2 4150 2880
1 4334
1 4719
2 2559 1901
4 414 3120 22 2863
1 4739
2 1142 4055
2 985 935
1 1688
1 1979
1 1298
1 4436
1 4339
4 1393 3951 3813 2370
1 918
1 211
1 1612
2 710 2397
1 3909
4 4270 2435 1940 352
1 3534
4 4423 4404 4263 4551
1 1946
2 1401 3289
1 4733
2 1128 4516
1 4821
1 1796
1 1160
1 2571
1 3925
1 2885
1 831
8 3871 3048 449 1678 1895 3418 2760 2629
1 1411
2 660 3677
3 1948 3161 1931
1 3001
2 4669 1413
1 39
1 3120
1 3412
2 172 4738
1 163
1 1603
2 3492 719
1 2662
5 4234 3578 3793 696 3265
1 1174
2 2965 829
4 4897 2113 1176 956
1 4046
2 1487 573
1 592
2 252 4717
2 1739 4344
2 1219 405
1 1576
2 260 544
5 3963 815 951 4212 2814
1 4113
1 1015
1 570
1 1487
2 2421 1311
2 3248 3839
2 3441 3864
1 2660
3 3751 1244 750
5 2887 4283 2438 4379 3188
2 3761 2802
3 2289 1206 686
3 1856 2749 3413
4 3829 4821 3425 3646
2 2871 2620
1 3368
1 2239
3 305 3590 2565
1 1826
2 3626 2203
1 1465
1 1007
1 145
3 4637 3723 4597
1 1306
2 4828 2661
5 4097 2557 1474 3121 3605
3 1936 2028 4084
1 1466
2 3150 3654
2 4433 2476
1 3058
1 3726
1 644
2 4545 2223
2 678 2407
1 3727
2 4552 2194
3 948 3852 1337
4 1951 4956 2821 1278
3 4423 2117 915
7 4897 1294 2270 4680 3592 2168 2665
1 3179
2 3967 3841
1 581
1 302
2 3434 3708
3 4311 823 981
1 1859
2 4967 283
1 4083
3 3833 3052 95
1 3452
2 2142 1910
2 1766 4896
1 3825
1 3297
2 1842 2231
1 3828
2 2334 1809
1 2356
2 4835 4898
1 626
3 1982 160 1845
1 4723
3 3830 3939 1859
2 2393 4637
2 4715 2422
4 4123 1120 1922 2253
1 2799
1 2481
2 330 776
1 3013
2 4329 254
2 631 2251
3 3247 458 1456
3 869 2619 2948
1 280
4 43 1302 4498 2163
1 4826
1 2087
2 866 3280
2 2580 2686
1 3168
2 3610 3358
2 4729 637
1 3239
1 963
1 2896
1 461
1 2433
1 215
2 1782 3612
1 3379
1 1701
2 4 3387
4 4123 609 4396 1832
1 3293
1 3624
3 4664 3458 1946
2 1803 1190
2 937 3623
1 4876
1 3320
1 874
1 1602
2 466 626
3 4654 198 3462
3 25 4540 246
1 798
1 2793
1 3909
1 4442
3 625 1332 3216
2 4811 2261
1 212
2 556 845
1 4196
1 3952
1 3785
1 325
2 4001 4598
2 3165 4874
3 1669 3044 691
1 1167
2 27 2975
3 4364 4996 2181
1 4573
1 4131
1 2175
3 1611 944 1725
1 2294
1 2697
3 2169 3256 3326
2 74 251
1 4312
3 3581 4395 3253
1 2377
3 355 256 3227
1 3199
2 3455 1818
6 566 918 2965 977 3618 2044
1 2439
1 1576
1 3527
1 1910
2 3053 4278
3 1233 526 2723
5 432 4205 2 2096 2182
1 1388
1 3524
2 3059 170
1 4673
2 4499 3785
3 3330 355 2541
4 3645 2649 4089 4599
2 4809 1053
1 1475
1 3428
1 1675
1 91
2 2024 646
1 4252
1 3759
1 3643
1 253
1 394
1 2363
2 2864 4275
1 4941
4 4070 4815 4001 2530
1 3312
3 1453 2353 1559
1 4512
2 3226 3076
4 4455 3624 1422 3549
2 1020 1599
2 3200 2177
1 1698
5 1242 2903 1387 756 4849
1 255
3 4624 2321 2901
1 3037
4 1292 3599 353 933
4 3572 4768 2743 2662
1 2250
1 4828
1 72
5 3044 2955 2881 1295 4640
5 3647 3248 2330 3049 946
1 986
1 951
1 4297
1 4004
2 2322 656
1 4740
3 4553 3237 3663
1 4448
1 3715
2 4897 2612
2 108 4873
3 1335 1545 2466
2 3849 3123
1 343
3 757 1963 4659
3 2557 1601 1724
5 3547 2326 1528 4455 3277
5 3351 1228 1476 4230 56
3 2512 3057 2800
1 14
2 4234 1459
1 3743
1 806
1 2031
1 2425
3 341 2715 4512
1 1272
1 3555
1 653
1 2367
1 2261
1 3905
1 1206
1 196
2 3952 295
1 2454
2 2757 3639
3 4182 3643 2478
2 372 4257
2 3402 2472
1 1873
1 759
2 427 77
1 334
1 1923
3 3647 4608 2339
1 619
5 4068 338 2320 2587 1163
7 566 510 3892 4187 2457 4148 3584
1 1799
1 4684
1 731
1 4113
1 4686
1 734
2 1103 2237
3 4072 2934 2829
2 2361 2933
1 2416
4 916 4320 4736 4296
3 3405 3556 4953
4 4835 3148 3857 1598
3 3503 4998 736
1 4974
3 2648 870 1810
2 2855 1267
1 3813
1 2840
1 119
3 4376 1936 2739
1 1440
3 4297 389 4488
1 2607
1 4845
1 4165
1 2531
4 3966 2424 3305 1186
1 811
1 1796
1 2405
1 4864
1 562
1 361
1 3077
1 4714
5 2776 3653 350 624 3802
1 2826
1 1599
1 740
3 4280 2310 2355
1 1961
1 73
1 4906
1 3757
5 3177 2248 698 961 2249
2 1924 1365
6 3736 4719 2470 2217 3896 2016
2 4521 3524
1 251
3 62 2357 2189
1 408
1 3680
3 4599 3349 2012
1 4247
1 2060
4 4101 3559 481 911
2 2623 4063
2 104 3019
2 2009 3604
1 2031
1 4209
1 4232
1 2282
1 4655
2 3754 4981
2 1083 2722
1 2172
6 230 2522 1472 4931 771 2813
4 3351 410 3829 231
8 2779 3446 3668 181 714 1225 2794 985
2 4479 4203
1 1920
2 2648 3534
3 2788 2593 1451
2 2505 2733
1 2492
1 4259
2 636 2624
1 3420
3 4233 4967 4307
1 1902
2 3334 1236
3 1048 3059 3800
2 762 4789
2 2352 4386
1 4606
1 3029
1 3814
2 2769 4332
2 2361 3694
2 1820 4817
1 3603
2 22 4054
1 4199
4 2169 528 1089 3372
1 3453
2 2351 1359
1 1585
2 2464 1641
1 361
1 1917
1 3129
1 4211
2 781 3848
1 305
2 477 1574
2 4411 3702
2 3177 4339
1 1940
1 1041
1 4535
2 612 3998
1 4931
3 796 54 2714
1 2128
1 4510
4 449 731 1693 1899
1 256
1 4909
4 4065 690 2910 2463
3 4729 2708 4105
1 4028
4 2779 3687 3293 543
2 1555 4688
2 2950 4171
3 2167 3749 2410
4 2167 2292 879 4176
2 713 2068
1 1957
1 425
1 1951
1 3901
2 1395 2806
2 4888 164
1 4972
2 195 3406
1 2277
2 3273 3465
3 1997 214 2103
1 1472
1 4952
1 3603
2 2287 487
1 4523
1 4038
1 3113
4 506 4287 64 1646
7 1924 2375 3343 4976 3598 1556 4927
1 4477
1 24
5 3809 849 4535 3169 3673
1 4872
1 2283
2 3281 1615
4 2716 3362 1764 2259
1 77
7 3712 3809 4500 2646 3928 4248 2897
1 731
1 3741
3 355 1275 2185
10 3455 3980 2779 393 666 1663 591 2275 2546 3681
1 3428
1 103
1 1029
4 4048 969 2265 2606
4 1360 2554 1340 4581
7 4355 3792 3300 466 962 1894 189
1 3931
2 2793 3510
1 2249
1 1783
4 810 72 269 2014
3 4845 2817 3350
2 2343 226
3 1434 3806 281
1 2668
1 2563
1 4779
1 3701
3 1357 4092 3490
1 86
1 4844
1 2862
1 920
5 260 3610 2523 139 1402
1 2574
4 3054 3893 4042 4555
3 2162 172 4285
2 1747 2551
1 1765
2 2503 3779
5 1084 4253 2787 3094 4367
6 1329 2674 145 2621 3231 49
1 2441
1 4342
2 432 3128
1 720
3 2120 4385 4585
1 2064
2 1718 2077
1 574
4 3662 2928 4907 2633
1 4344
4 2089 3177 154 2893
3 1294 2447 3563
3 1329 1597 1404
2 3935 4777
3 2072 4635 4336
1 4038
3 2420 3415 50
2 435 1132
3 2427 1942 4966
1 153
1 4270
3 4928 4208 2713
1 2900
2 2118 489
1 4815
1 4332
2 232 1502
3 3516 2296 485
3 3518 3628 2843
1 3744
2 4156 264
1 3459
1 2367
1 3323
2 1106 3225
6 4869 2384 910 3507 2219 115
6 611 4628 1543 129 2207 142
5 2055 1178 3791 2930 2592
1 1111
1 2162
2 3226 1943
2 2172 4051
2 4166 4999
2 1287 4530
7 4522 1408 4270 2394 4127 1675 3082
5 406 2937 2130 2212 3683
1 35
3 4415 527 2050
2 5 1535
5 2779 4352 2716 1660 1358
1 4428
4 877 2348 2102 4107
3 1712 3828 4816
2 904 2931
2 1836 3151
2 3108 3956
4 1100 806 1386 4726
2 2550 2936
2 3005 1279
5 2270 4862 552 4470 808
1 1039
3 2922 4201 2020
1 2890
3 3299 3224 1374
1 3786
1 1082
2 2603 3696
2 810 895
1 2351
1 579
1 4407
2 3336 4781
3 4280 3751 43
1 439
1 2487
1 776
1 1275
4 3761 2707 1949 4644
4 2360 3709 1263 3796
4 4196 362 464 3818
1 154
1 1840
3 3858 711 4269
1 4254
2 4152 4074
5 3871 4835 804 557 3437
3 4714 4569 3675
1 4627
1 4594
3 2563 42 2152
1 1720
1 1918
1 2459
1 2517
2 2248 2792
1 2939
3 260 4682 3071
1 4776
2 2464 4393
1 4370
3 3969 1064 2131
1 1811
6 3048 588 3782 683 3890 2899
1 1269
4 2554 3632 2332 3313
5 3566 3503 4673 2939 1887
1 1950
2 3477 3021
2 2149 4920
4 2795 4979 2874 2097
1 1654
3 1453 2334 2898
3 4622 932 1639
4 1554 3270 4302 3334
1 3885
7 393 315 738 4995 3758 535 3925
1 157
3 1029 1973 3797
5 4034 2963 3391 1423 3332
2 1842 3307
3 3010 3287 947
1 4378
3 1892 4814 2828
5 3351 2025 2871 4327 250
1 3082
2 3386 2316
2 4524 3378
1 318
3 2981 741 3461
3 2943 2599 1001
2 93 270
1 2327
1 23
1 3905
4 1818 986 3714 26
6 1663 219 1458 128 2740 4347
3 229 1293 4753
1 2944
5 1352 2108 818 1270 162
1 1503
4 3644 1334 3080 4683
1 2121
9 3879 1669 1571 3261 4876 4046 413 4280 3923
4 1214 3881 507 2408
2 1357 233
1 778
1 776
1 2242
7 3457 450 3494 2221 402 1015 2414
2 3961 831
1 2084
2 4970 202
1 1487
1 359
4 2169 2577 4704 3766
1 2716
2 2112 4802
3 922 3150 370
1 4362
1 3896
1 1913
2 4871 3419
1 2110
1 4750
2 625 3847
2 1214 1953
1 4187
1 1595
1 4262
1 3504
1 1016
2 3566 2390
1 2672
1 1432
4 3023 578 3155 4331
1 1426
4 1704 561 1490 2198
1 1123
1 1218
2 185 4743
5 3347 4523 1171 427 2916
2 3264 4954
1 552
3 3592 3134 3552
1 4013
3 3940 2704 332
1 1272
4 4297 2313 636 2857
1 1444
3 3644 936 2197
1 1455
4 4376 2773 4671 3310
1 4968
1 1214
1 232
1 229
6 3455 954 30 2091 4751 955
1 959
1 916
2 3505 790
1 2963
3 4485 2819 2409
2 3714 3219
1 379
1 1318
2 3744 3369
2 2190 1740
2 2307 3111
5 434 1761 701 1274 1616
3 3645 3972 4794
2 900 3996
1 3211
1 1191
1 1696
1 2053
2 3892 2148
1 241
3 3666 4786 490
1 4794
3 3690 387 2987
1 129
1 2608
2 455 1437
1 2993
5 260 4225 1729 559 398
1 2037
1 4043
1 983
2 472 3218
1 4772
1 2283
1 3531
1 720
1 1495
4 2903 2642 599 2373
3 2311 3971 788
1 1798
1 3458
2 2288 2420
6 683 1080 3323 4131 3915 1541
1 3124
3 1909 2088 1400
5 2903 3069 4490 2820 3679
3 4845 1826 2968
3 1689 786 1414
2 2816 1769
5 2943 1196 4045 4715 3757
3 4333 2405 2299
2 866 4430
1 1900
1 3843
1 1402
2 2712 3036
1 1296
4 406 4624 3898 875
3 4064 1852 467
2 3691 4036
3 93 2700 1379
4 4123 2308 1083 357
1 604
1 4753
1 2470
4 4973 3950 4240 4186
1 1693
5 3005 971 3744 1965 4709
1 4296
1 4667
1 1108
1 1104
4 45 778 132 2622
3 3858 1061 1073
1 2120
1 1203
7 3938 255 3734 4973 1455 307 3525
3 2649 4009 4213
1 3723
2 2353 3158
2 2196 3953
1 3184
1 276
1 2719
1 2887
3 315 4764 1512
2 2445 2837
1 3750
2 2891 475
2 3449 123
2 206 2382
1 719
1 4449
1 2287
2 2628 2145
2 3640 2537
2 3645 2946
2 4045 1730
2 3089 4454
1 2082
1 3899
1 916
1 576
2 3195 346
1 1255
1 1809
3 1959 1205 4115
1 1897
2 2315 3423
1 2585
2 442 2179
1 2200
1 1666
2 3362 3014
1 847
2 4121 2607
1 1856
1 3134
2 2993 1200
6 4114 4867 424 3626 814 4982
1 2324
3 1798 187 4401
1 1614
1 1388
1 4199
4 3179 2750 1288 460
3 2816 4185 433
3 4083 4546 1715
1 3312
2 2550 1373
5 4420 1814 3869 3404 670
2 4329 749
7 181 4937 4684 459 3434 3941 337
2 2279 3633
1 3414
4 3684 1405 2195 2137
4 2038 3774 2590 1169
1 4985
1 2847
1 3744
1 1494
1 2729
1 3948
1 2995
1 4783
2 461 4561
1 1138
4 4231 1620 1890 1051
2 1908 1347
2 2067 1869
2 712 3042
1 1612
2 1924 3579
2 1528 4886
1 4294
2 3909 2298
1 2995
1 25
1 1472
6 260 1767 2852 2488 1085 2785
1 4991
2 2315 2879
1 583
2 566 4361
2 3247 4653
3 434 2981 2956
4 3825 1344 1394 3166
1 1673
1 761
1 186
1 3446
1 2776
4 1265 1626 4246 1151
2 1965 759
1 3667
1 215
1 4666
1 1272
1 3806
1 1390
1 3733
1 3552
5 3705 3991 3217 3187 4110
2 4568 1126
3 278 386 2015
3 3548 868 4163
1 520
1 2573
1 3440
1 4122
2 3898 1802
2 2501 4997
1 3909
1 3674
2 2393 3535
1 2243
1 4139
3 3782 846 4871
4 389 575 1187 4317
4 3446 134 2568 1029
3 2337 3199 960
1 2236
2 2098 3143
5 2365 1524 2277 2471 4080
1 238
1 1167
3 3874 534 2596
2 315 436
1 3548
1 2188
1 2030
1 681
1 3220
3 3715 57 223
1 4010
3 383 1504 105
4 879 2654 1521 3886
3 604 1378 785
1 247
3 1694 1496 4594
1 2197
2 3345 3874
3 566 796 63
1 4194
2 4573 973
1 3460
1 2142
4 2451 1090 91 4737
1 3563
1 627
1 2067
1 4087
1 111
1 3286
3 4027 658 4583
2 1120 2823
2 1895 835
1 2638
1 4974
1 693
1 4855
4 4407 3382 451 1363
4 611 265 3642 4745
1 3640
3 4979 2109 2758
1 2757
2 901 1632
1 1856
1 1689
1 1011
3 1419 1392 827
2 3356 606
1 796
3 2864 3720 1088
1 331
1 3347
5 578 3858 4119 2211 1687
1 1353
4 4877 4220 4403 3038
3 2897 3664 1027
3 2507 1115 4649
1 848
1 583
3 4651 2158 2684
1 2802
2 4242 348
7 2283 3825 2192 3351 3005 2365 2245
1 4420
1 823
1 4288
1 4455
1 1212
1 2672
4 434 3338 848 536
2 2314 1705
2 98 2196
1 3176
1 1278
1 316
2 2410 4202
5 3443 3695 1803 2291 1993
2 2192 221
4 1419 2425 1240 820
2 3212 1523
1 1242
1 3005
3 4991 1952 3294
1 2091
1 2838
2 1893 2777
4 4068 3054 885 3868
3 647 667 304
2 4204 4463
1 2255
2 3892 3920
2 182 3175
2 3930 4748
1 4499
2 1751 1017
1 3747
2 2190 4687
1 1882
1 1806
4 1449 2639 3460 2561
2 2295 4147
5 3786 140 1606 4460 116
1 2517
1 2558
1 1922
1 3514
1 2748
1 2942
1 929
2 963 2159
1 3809
1 2438
1 2129
1 249
4 2922 4049 3551 143
4 3356 3167 4077 1415
1 3581
2 876 4377
1 65
1 3191
1 2599
4 4793 3389 3117 2801
1 4579
2 3048 2140
2 954 904
1 4548
1 2344
1 663
2 3337 4631
1 3556
2 1491 2651
1 2909
1 4932
2 4875 4116
1 4279
2 2672 4012
1 4120
1 1285
4 3293 3614 2138 919
2 232 3409
1 2503
1 612
1 4593
2 1335 593
2 4541 4314
3 3860 830 2305
1 1827
7 3120 1224 1790 761 2051 2766 4621
4 1386 3340 4211 4974
1 3509
1 4937
1 261
1 4464
1 1260
4 2439 1897 2977 4041
1 261
1 4607
2 2425 4492
1 3991
1 4977
1 3765
2 497 3698
1 2674
1 1823
1 2071
2 4302 194
2 846 546
1 4297
3 949 1854 1305
3 3927 4061 3426
6 3455 310 1036 1892 4747 2597
1 796
1 2902
4 4523 79 3926 2378
3 1465 997 2601
1 4943
1 2326
2 3935 4060
2 4797 1003
2 4031 1971
3 2279 2772 3989
2 2427 917
3 2418 4761 4847
4 3963 1266 1436 2338
2 2064 168
3 3984 340 2889
4 2062 2558 4942 2550
2 937 1621
1 703
1 1261
2 1214 18
1 678
2 3018 2848
1 2242
1 1502
2 741 833
1 4077
1 3222
2 1281 3101
1 2496
3 2986 4477 3026
1 4720
3 3907 3514 3427
1 984
1 3191
7 1353 2831 3312 356 1068 2377 4930
1 3456
1 1254
2 392 484
1 1036
1 139
2 2324 1111
1 4321
1 2353
1 2369
2 4222 1435
1 2130
2 2129 3279
3 971 169 1819
1 2373
3 2361 705 671
2 27 3053
3 2421 37 2411
1 591
2 1234 4755
6 3374 724 840 1778 2824 94
4 3642 2562 2445 4298
2 4402 2453
1 414
1 2609
1 3174
2 1959 797
1 1571
2 3351 2247
2 4028 1787
1 3431
1 435
4 1524 444 3238 3671
2 2071 4437
2 2678 1070
2 51 1409
1 3212
5 3687 1728 1572 3135 1799
1 3596
1 1702
1 4805
4 2434 2516 3661 3964
2 4861 4197
3 2024 4845 1872
1 409
2 3405 3629
1 2559
4 3546 4168 234 3575
1 778
3 4241 3337 3557
2 1266 3464
1 1411
2 414 1030
2 2008 2991
1 904
1 2871
1 1701
2 770 4143
1 3449
2 2678 2444
1 1529
1 3670
2 3948 4938
1 1369
4 4703 4101 2917 628
4 2535 3899 1043 4037
1 1203
1 1210
3 3044 3420 3229
1 2975
1 3262
4 4999 2631 906 2539
2 1183 3088
5 4553 2656 3724 176 2669
1 3983
3 4828 3467 3867
1 939
2 1395 302
2 4326 3692
5 611 4011 3640 3033 1860
2 4651 740
1 4944
1 221
8 2779 2580 4399 4196 963 2374 2798 3877
1 813
1 205
2 757 4443
1 1399
2 1294 2436
2 801 1160
2 169 824
3 4554 3726 1955
1 2626
1 1685
1 242
2 4283 1671
4 3023 4204 2909 3136
1 2180
1 1390
2 2423 1482
1 92
8 566 3566 3018 2490 3352 909 196 1507
1 4623
1 4395
1 2917
4 4166 3047 4431 1133
1 3440
3 3986 2209 173
1 3135
1 481
1 1614
2 3001 730
2 3963 570
1 440
1 2568
4 477 4362 3251 2065
1 2771
1 4612
1 4651
2 4426 3729
1 2663
1 193
3 2006 2071 2990
1 3597
1 661
2 3027 841
6 1856 2418 4413 4579 1807 2840
1 2072
3 3725 1700 883
1 3898
1 1934
3 2938 2029 335
5 2803 580 2309 838 4502
1 4959
1 4329
2 2091 3376
2 1766 1914
2 2205 2034
1 3411
1 3761
3 1242 4903 1281
1 695
2 362 1781
1 3124
2 924 4757
2 4399 693
1 1069
2 2558 678
3 4370 4027 4312
1 2412
1 212
1 3257
1 647
3 1217 4000 1159
1 2057
2 3209 2156
2 1013 864
1 4459
2 2456 1255
3 3416 3582 3834
2 2360 2440
1 1353
1 1676
1 196
1 878
1 918
1 2994
3 1496 3554 2611
1 611
3 4643 4969 993
1 4151
1 709
1 2314
1 3784
1 3869
4 4829 4072 1406 4028
1 3658
3 3267 4533 4160
1 4268
1 2915
1 4048
1 480
5 4610 1144 3529 431 3301
1 4915
1 849
1 839
2 3457 2371
4 1818 1411 4924 4306
1 1204
3 2523 948 157
1 3707
3 45 25 2268
1 1074
3 1122 3226 4836
1 1061
2 2838 1143
2 4880 216
1 3508
7 1827 3845 372 2864 185 1770 1863
1 1909
1 1452
2 2085 438
3 865 2556 3065
2 3475 3191
2 613 659
9 414 1554 4616 1453 3786 3901 3741 1060 3283
1 2318
2 4288 2224
1 111
1 4050
1 583
5 4558 4658 984 1407 923
2 2499 2630
3 2959 3030 651
1 3018
1 1139
1 354
2 3606 3278
1 1416
1 4477
2 4293 1486
1 2715
1 1716
2 4466 1452
2 3485 1172
1 4034
1 2134
5 3374 675 908 1057 3947
2 2473 1912
1 2370
1 144
2 3469 3546
2 3254 4356
1 2490
1 1601
3 241 1284 3210
1 2592
1 3311
1 697
1 1859
1 694
4 4068 1610 773 4494
2 1146 4825
3 3692 2005 4467
1 2679
6 2832 511 712 1226 4198 1623
2 4828 1966
2 2273 1464
1 3856
1 4080
2 707 4315
1 482
4 3177 2947 1530 4678
1 2808
3 4200 2789 3396
8 2326 2167 3472 3174 2230 1149 4566 3585
5 230 131 4765 1820 407
5 3428 1072 1925 539 2638
3 3333 4111 3511
1 3677
2 1709 872
1 3419
2 1702 2594
3 402 706 1608
2 3999 311
2 2695 1447
1 1892
2 158 3770
1 4288
3 3125 2921 2836
4 210 1536 3335 1093
1 540
1 4161
2 4706 2616
1 4097
1 4485
1 3281
3 2713 2022 4656
3 3678 1021 2060
1 3240
1 4068
1 1656
1 3776
2 1303 1322
2 4619 3209
1 3734
1 4035
3 3206 3997 3077
1 3157
6 1013 4161 4922 4206 74 2527
3 65 2796 2958
1 157
2 3782 505
2 1002 4722
1 1996
2 2695 1298
1 2544
1 2518
5 3261 373 2725 4725 3314
2 4077 4349
4 3329 1688 4026 2914
1 3892
2 2379 3242
1 2350
4 3115 2356 2057 60
1 2021
2 4474 1326
1 2990
1 1400
3 2315 1516 1000
1 1756
4 4580 1602 1752 4905
2 353 4053
1 698
1 1400
1 2079
1 2954
2 1154 1969
2 4732 3201
3 88 745 3773
1 3224
1 500
2 4180 640
1 552
1 3930
6 4875 2677 1958 379 1152 3580
3 2072 1527 1888
1 698
1 1110
2 3037 4951
1 3350
1 2019
2 4875 3154
1 1699
1 2016
3 3899 3073 623
1 631
4 3452 3408 694 3304
1 691
4 2458 4811 3894 3220
3 4871 2992 1321
2 3406 3607
4 1595 2497 548 3897
1 1870
1 466
2 1042 3099
1 758
2 392 1004
4 2429 3308 4524 267
2 229 3400
1 4728
3 4268 2260 867
1 3905
2 4988 4457
1 1671
1 2089
2 3139 3795
1 2934
1 1964
4 410 4586 2276 3198
1 3757
1 3127
5 315 1350 4668 4519 3364
2 4891 3666
2 210 2746
2 2436 1529
1 4619
1 1846
1 1184
1 22
1 836
6 2245 2855 4559 617 1980 4444
2 2799 903
1 4651
1 4238
2 1336 1939
1 4015
4 3405 2379 1645 3689
1 2289
1 3104
1 3716
3 1687 3359 4852
4 3259 882 978 1033
1 2149
1 264
1 2435
1 3270
1 984
1 2507
4 4376 1727 661 3159
3 2922 2641 2054
2 2420 4351
2 3220 4483
1 4531
1 832
2 4068 1066
1 3572
1 1202
5 1798 950 4514 600 1986
2 4830 7
1 4338
4 2555 4417 2349 4476
1 18
1 1424
1 2016
1 4333
1 1571
2 205 3222
5 909 2037 1250 938 1711
1 594
1 2434
2 4543 3180
2 2429 2204
2 3192 4727
2 4274 2387
2 2971 2845
3 2786 3583 1433
1 4822
1 2865
1 346
1 4222
7 2270 4376 1203 4247 4113 1094 3509
2 3413 4414
3 4860 2734 3975
2 4772 715
8 1663 3984 2496 3380 583 1795 309 2768
1 1430
3 2175 4262 4590
2 2295 3252
8 2779 2191 473 2090 2950 2439 312 1753
4 3023 1762 4989 4987
1 620
1 847
2 1727 3591
5 3457 2764 2832 1766 3992
3 3883 296 4052
3 1967 3979 3385
1 3303
1 4125
1 1372
5 2277 4154 2626 4139 1796
1 4697
1 3284
5 4101 1231 4172 3665 4661
2 810 1324
2 4292 4576
2 3640 1898
1 2521
1 4001
2 3684 1303
2 2217 4468
1 133
7 339 3149 2942 3647 579 1016 418
2 1546 3976
1 3057
1 308
1 2442
2 695 1976
2 3347 1821
2 1266 1399
1 2754
4 453 4232 4904 1573
1 3396
1 3358
6 4580 1329 3706 4153 2441 3572
1 1978
1 1344
2 2838 282
1 1640
1 2434
1 1280
2 4127 3561
3 4004 1137 4487
1 153
2 3176 3384
1 3566
1 1593
2 4860 1412
2 3271 3417
4 1572 598 1327 3489
2 4810 2112
4 3494 3515 4071 3586
1 2643
7 611 210 2967 3299 4293 2133 4472
2 2258 3263
1 4989
2 3259 1331
1 2856
3 323 1002 3540
2 4669 3060
5 3986 3428 4988 465 1864
3 1895 4855 3344
2 1436 2647
1 2332
5 45 462 3790 1748 3081
1 3400
2 1856 44
2 2477 3183
4 2990 4429 4102 2201
2 4352 1475
3 3939 4508 4620
1 2621
1 678
4 1896 1118 1045 4082
2 2886 1179
2 2919 688
5 3412 3179 2284 2041 327
4 806 4059 3650 4948
1 624
4 4291 2952 277 3568
1 836
2 4208 4531
2 2645 1929
1 458
1 4697
2 2401 1546
1 163
1 4342
3 571 3028 2701
2 252 1889
1 249
4 1329 2793 4138 3838
2 1378 4380
1 3727
6 2192 2683 65 203 2712 508
2 439 285
1 4548
3 1013 2602 2980
1 808
3 62 842 3542
10 4628 1335 3576 3259 1154 4980 1935 4971 1156 728
5 3760 1097 1561 734 2218
3 1011 4062 4210
11 414 2283 566 4580 230 3550 1773 2023 2512 2887 571
2 4553 2923
9 1449 1219 2464 3581 3356 3108 97 4078 513
3 1982 752 2553
3 1408 227 2347
3 2816 4134 2738
2 2444 590
1 1990
1 4194
1 2972
1 2260
1 1256
2 2997 592
2 543 3711
3 4824 3153 1388
2 195 4564
1 1401
1 3177
1 4325
1 373
2 4624 3125
1 987
4 3784 1797 4299 2423
1 585
1 488
1 1607
2 685 802
2 3581 4679
1 206
3 4237 4711 4057
2 4294 3146
1 3670
1 426
2 3905 4541
1 3401
1 2302
1 3702
2 601 1868
1 1775
6 2464 3403 3930 1242 313 3763
1 724
1 3932
1 4916
1 625
1 3838
1 4666
2 1333 1291
2 4518 4496
3 2421 3669 2135
2 4373 2485
2 4628 2515
2 4586 3846
2 2351 4150
2 3647 3119
3 3343 884 2866
1 2291
1 3180
3 306 4173 4382
1 4713
4 2919 2822 4752 4536
1 3403
2 464 2343
1 3553
2 4352 2344
2 4413 757
1 1411
1 183
2 1381 106
1 4171
2 2170 2033
1 2589
1 1272
2 259 2027
2 3725 3713
1 3104
2 1194 4929
3 341 2547 4447
1 1290
1 446
2 2195 1843
1 2707
1 653
1 3543
1 3983
2 3992 29
1 3410
3 316 4300 141
1 3451
2 1450 3537
1 394
1 677
2 3153 2969
6 4161 4556 2089 547 4268 1035
3 3905 2721 2698
2 2058 1586
5 3455 4407 333 512 4044
1 2831
2 2499 2694
5 93 4577 922 3517 133
1 3089
3 4119 2100 1173
2 2133 2846
1 2971
1 1749
2 2178 4799
1 1034
1 3393
1 524
2 2327 2741
2 139 3719
1 4947
11 3023 2421 2487 4779 1096 430 1485 1670 3397 1129 4199
1 1745
1 3431
2 3885 4746
1 3752
2 3809 429
4 3386 261 2067 3318
2 1496 3611
2 669 258
1 2969
2 3452 67
1 4042
2 1870 1079
1 2665
1 3247
7 3457 2019 477 4378 3963 3482 2833
1 3081
3 3338 4758 349
1 2121
1 3177
1 3403
2 4325 3686
1 1661
2 4860 213
1 1900
1 3355
2 1924 2499
1 1665
1 4699
1 4992
2 3983 2960
2 414 3045
2 2270 595
3 2066 359 1166
2 1612 3932
1 4716
1 1341
4 3724 207 2214 2264
1 2181
1 1909
5 230 1339 3139 1410 4807
2 3263 4100
1 1240
2 274 47
2 2307 1967
1 3573
1 1975
3 4923 4639 411
5 2855 1596 4146 4537 1822
1 26
3 4785 958 1136
1 195
1 2024
2 1114 4006
3 545 1708 3685
1 4658
1 1305
2 1984 4324
2 2058 1981
1 4565
2 2632 1902
1 1104
3 2344 3754 4245
1 2967
1 549
1 319
1 2420
2 2646 1427
1 4683
3 895 1158 1622
6 4101 4182 641 4003 4309 3988
4 694 3866 4770 1301
1 149
1 2109
5 3001 3958 2756 2608 3368
2 1395 4840
3 2755 2943 608
3 2110 929 2047
4 3736 2456 2505 1142
6 547 2038 2609 274 2525 3840
1 1896
6 3374 2118 2072 3508 4252 1189
2 4732 1376
2 1277 1162
2 3429 925
1 1192
1 468
2 2158 607
1 1912
1 4003
2 1107 928
3 1335 907 1012
5 1518 3098 777 518 4505
1 1432
1 1760
1 2963
5 1013 4482 488 2324 58
1 2079
1 2772
1 3365
2 3285 2533
4 1242 1548 2687 716
3 2192 3812 630
2 3503 1699
5 1449 288 2983 83 3486
1 2954
1 4080
1 2273
5 4500 354 3759 2706 3788
1 2402
1 622
2 1858 3181
4 477 3200 275 4461
1 2558
4 107 2174 4174 1170
1 2283
3 721 1661 1253
1 2361
5 3935 2648 3371 4568 4567
2 3620 4484
2 3587 4611
2 2245 2959
4 393 4292 3861 4655
1 3299
3 796 2535 3860
3 589 2572 4935
3 3000 3165 1480
2 1167 1372
1 2212
3 2793 211 4875
1 2382
1 4454
1 2878
3 4035 24 3865
3 583 15 4497
3 4943 2301 4839
2 2229 3491
1 4325
1 970
4 1294 366 2695 3833
5 3386 93 1694 742 385
3 1090 3112 587
2 1929 345
3 2394 4394 874
1 583
1 3468
3 1294 2279 1355
2 3528 190
2 2450 2518
6 1401 2726 4342 1806 700 2081
2 3792 3302
1 488
1 4614
2 3564 4899
1 2766
3 829 4701 4804
2 918 80
4 1906 1034 3916 2591
2 2995 3603
5 4068 3528 400 1119 3050
2 3013 1915
6 473 3445 4190 1241 218 1919
1 4940
1 3041
4 3972 4350 4235 4260
2 936 1161
1 79
2 452 2693
3 2589 382 3207
1 889
5 3980 2169 3644 4858 4258
1 1505
2 4439 4832
2 1250 4529
2 1007 4864
4 3127 1644 272 2281
1 4405
3 1654 2094 709
7 2580 1506 4326 4670 2652 2345 2521
2 4302 3994
1 4097
2 4102 2812
1 3833
3 2248 1393 4850
2 1748 2600
2 2388 1891
3 274 1019 3570
1 1392
3 3628 2187 743
1 1561
4 79 46 4237 1145
3 2562 3282 2166
3 2431 676 1112
3 3674 1117 2046
3 1218 3453 4104
7 434 4861 2393 942 1893 3061 708
1 4043
2 3494 177
1 904
2 4748 2877
1 2470
2 4835 144
1 4278
1 4301
1 3189
2 1678 1439
1 521
1 3241
4 2649 4901 4236 1647
1 244
3 522 1175 3204
2 4888 664
2 3891 4731
1 2313
1 1578
2 1069 1155
7 2418 2710 1709 1612 1487 3214 4667
2 1571 3885
4 1203 328 3477 3095
2 2036 2002
3 3127 2818 2380
2 1599 4249
1 3674
1 1670
1 3416
3 2353 881 1549
3 2289 3716 4838
1 1870
1 3879
1 3278
1 2394
1 2433
2 1767 448
1 1425
2 2205 4085
1 4402
1 2158
1 3890
1 4423
1 722
2 2297 2691
1 4019
2 4861 1493
4 2279 2273 2827 3571
1 4808
1 3948
2 3668 982
3 1836 1468 2139
3 4670 2210 501
1 3984
1 811
1 214
2 2395 4801
1 4034
1 4995
1 932
1 290
1 1214
1 1231
8 2779 2679 27 206 4029 409 1938 82
2 28 4622
2 1808 34
4 2368 284 1941 4033
5 2191 1896 241 4963 1138
5 961 1049 983 4518 1948
1 1756
2 1691 3978
4 3705 1934 836 3748
1 3081
1 1719
2 104 4194
1 4236
2 3443 3499
1 1888
3 3645 1446 577
1 1926
1 4851
2 1526 2566
2 536 4435
5 3120 4626 889 774 515
1 3506
1 2480
1 2226
2 98 2085
2 4790 1741
1 1738
1 1921
2 976 1312
1 572
1 4301
2 3885 3170
2 2134 4215
6 2769 576 2398 4013 369 2586
1 889
4 3690 2862 188 702
1 3688
1 1011
2 1307 486
1 1889
3 3699 1525 4964
1 3637
2 2997 726
1 2803
2 2643 3096
2 1798 4592
6 230 2401 4355 1856 4713 4207
2 184 3934
2 1664 321
2 2734 2719
1 3980
2 1472 1649
2 3005 1022
1 4603
8 230 4234 2458 339 1798 644 4191 3794
1 4423
1 2459
3 228 1716 765
3 4902 3357 4550
3 1550 1207 1815
7 3783 3856 4067 4345 3569 803 2430
1 2729
2 524 358
1 865
2 708 4008
5 2418 4340 1683 1323 3803
3 4567 1252 3778
5 2121 2807 1128 2531 3223
1 2309
2 3261 4015
1 4192
2 2169 2475
1 3264
3 2570 2703 3051
4 2987 3257 1330 2613
1 901
5 3127 2254 655 4634 1367
1 4731
2 4861 1534
1 741
7 339 3274 2104 3548 3488 1135 2449
1 568
3 4445 323 2919
1 4594
8 4580 2668 4553 262 1666 1841 2705 1994
1 892
1 70
1 1546
1 4517
2 604 1667
1 2555
1 3723
1 4971
1 4810
2 453 383
1 2807
1 999
1 970
2 2458 1397
1 324
2 2431 1853
1 2890
4 1013 2886 4328 4792
3 2279 4909 4520
1 145
4 3494 2809 857 3246
3 3973 2290 1403
2 3600 3496
2 319 1494
1 3872
4 4651 3684 2894 2329
1 1733
1 64
2 4542 2589
2 1948 3422
2 566 2501
1 2645
1 170
1 685
1 342
1 4411
1 1103
1 3149
5 401 2984 1786 2655 3811
1 380
1 2578
1 1836
4 1431 2107 1130 2001
1 2593
4 1242 103 4534 4360
1 622
2 2371 4834
1 4386
1 3640
4 4700 16 4346 4618
2 4125 1257
2 669 2465
2 1748 1031
6 3581 3034 1611 2900 1882 492
1 2963
3 813 84 4305
3 4891 2149 499
2 4374 1926
3 1100 4259 1788
2 4268 2416
2 644 4718
2 2551 1039
5 2525 3730 1552 1391 4642
5 14 183 3931 4574 4475
1 1472
1 3345
1 3375
1 836
1 3832
1 3358
7 2283 3736 4501 238 1058 3875 1775
1 126
3 4142 4022 375
6 221 1747 2996 1317 3538 3596
4 3347 4343 2902 3815
1 4119
4 4423 3412 3029 4005
2 1773 1382
1 3636
1 2897
1 4581
3 2695 2875 4363
2 3356 3539
1 4453
1 3745
1 655
1 2526
1 3209
1 2234
2 1814 3186
1 3075
5 2053 2004 470 3370 500
4 1219 392 1514 1604
3 3636 3655 1565
4 192 3394 760 2076
1 3986
1 3619
1 4161
2 3889 4913
1 2590
2 474 2727
1 3001
1 2852
4 3858 4645 828 2500
1 4226
2 3894 3298
1 4251
1 4456
1 4197
3 4187 39 3807
1 1572
1 1279
1 3982
1 1569
1 4911
1 4068
2 3222 1364
3 3070 1430 2747
3 3097 2951 2244
2 3825 4732
1 889
2 54 2896
3 1664 4734 423
1 3828
7 1663 2434 293 314 3147 3819 4588
3 4348 3699 3208
1 2572
1 2987
3 371 2331 2267
1 4916
1 4204
1 2871
2 2309 3577
4 139 158 3762 2542
1 3550
2 2562 2610
4 2458 1106 35 1874
1 72
3 196 2287 3102
1 2831
2 339 3131
1 2357
1 3357
1 3234
1 2215
1 1829
3 800 1048 585
1 3484
1 97
1 3429
1 2894
2 2886 4778
1 3454
1 2179
3 4518 2571 4632
3 846 4700 2242
1 717
3 3885 4088 1722
9 414 2803 3163 3725 2120 4025 995 3317 3202
2 1528 1384
4 4089 2053 4128 972
2 3403 758
2 3097 2129
1 1502
1 2400
1 4205
1 779
3 2832 3221 2913
1 3457
4 796 439 4707 1481
3 2716 3171 3672
1 39
1 3425
3 229 2640 1933
1 1910
1 3800
1 4870
4 4637 71 1038 2744
1 4067
3 2038 4070 532
1 1678
1 4971
2 2302 1168
1 1272
1 1651
1 1198
1 667
9 288 4558 1909 136 817 3196 3746 4925 4978
1 1415
2 498 1014
1 3607
4 2986 3365 3636 2178
2 3420 3747
2 918 839
1 3760
1 2243
1 365
1 2367
1 848
3 4869 4335 4941
1 2695
1 3180
2 4182 316
4 3343 1260 2125 1883
3 210 2632 1583
1 2619
3 2850 1304 1006
1 464
1 653
5 2769 4341 3985 3555 1201
2 4619 2853
4 580 2628 4795 502
2 4870 2702
9 434 1951 2574 1492 4844 1979 762 4774 4149
1 847
3 261 3360 3960
1 346
2 2360 3393
1 4070
2 4862 4316
1 919
3 2555 1071 2011
2 4522 229
2 4184 1479
1 3460
1 4339
2 712 1697
1 1663
1 3443
3 3362 1531 2709
2 4543 1592
1 4782
2 319 3982
1 2979
1 1233
1 839
2 3614 4432
2 2817 1251
1 2121
1 4123
2 3507 1823
3 588 4623 3092
3 4234 2400 4708
1 3386
1 3362
1 1694
4 4407 468 2346 421
2 4761 1650
1 432
1 1265
2 3099 826
5 3211 3547 4763 4007 3194
1 1752
2 2698 41
1 1474
3 549 191 2147
6 1185 2358 4793 1685 3027 704
2 4280 927
1 2969
1 4270
1 74
3 2247 1765 3523
1 3365
1 3512
1 3680
3 1183 4381 32
3 2249 707 4693
3 252 1721 4790
1 549
1 239
2 4447 3244
1 4898
4 3636 4112 2110 4893
1 4232
3 79 4885 4133
1 2639
2 2578 1087
6 2121 4019 924 1794 2482 772
1 1099
1 361
1 3727
2 3879 850
2 1275 3895
1 5
3 3836 3463 2736
1 185
5 3005 2395 1265 1398 2000
3 2964 4018 99
1 3167
3 3566 2216 2637
2 885 3176
1 2377
1 2792
1 2193
5 3018 653 2805 1542 4040
2 2031 4075
1 3211
1 3871
3 2337 4582 3433
2 1407 2183
1 3454
2 2865 2225
2 1882 1557
1 2590
1 241
1 3857
1 4554
1 1235
3 4586 4357 1698
2 4756 4261
1 2771
1 1533
3 4871 2932 3342
1 4655
1 1305
3 2540 4619 4800
2 746 4014
2 387 1668
1 4259
1 760
2 2090 4820
3 1184 2660 4892
4 3383 2184 781 4183
2 339 2202
5 3879 434 1870 2093 4152
2 3730 1463
2 3774 3837
2 3756 3484
3 727 3296 4452
1 4583
1 2578
3 1394 1701 2971
2 197 2778
2 366 1182
2 1334 565
2 3628 4984
1 2685
3 3343 147 2176
3 2279 334 1662
1 3787
1 717
2 4490 4016
3 3647 1605 2045
1 2314
4 4835 4627 2399 1417
1 1364
3 1195 4773 1553
1 2111
1 3736
5 3968 631 1723 2199 4228
1 3730
1 4219
2 3349 2484
1 1844
1 65
1 1813
1 4578
1 1202
8 3547 228 1510 3273 3969 1691 3100 1801
2 2398 1011
4 2360 1842 4169 2336
3 4876 1366 545
1 103
3 673 898 4438
2 1818 3336
1 2051
1 1580
1 4922
2 2029 3768
2 1344 2851
5 2458 454 2162 2388 4167
1 1448
2 1665 680
3 1892 3017 1269
1 1393
2 2310 4633
4 4857 992 1354 1539
3 2269 394 4440
4 4417 3129 3190 2782
1 1015
1 327
2 986 3431
3 3688 1555 3367
6 3405 4433 3142 638 4917 1230
5 1663 3485 1569 4697 2667
1 98
2 2132 2581
5 4366 2144 2503 2884 2075
1 2943
1 3477
2 3541 1681
3 540 3769 3855
3 2429 3745 2882
2 877 4916
1 1033
1 3965
1 3109
3 2202 1470 297
1 64
1 3636
1 4586
3 1254 1930 4936
2 3070 2018
4 4407 1247 4562 994
1 2861
1 3172
1 4129
1 2711
2 707 1517
2 400 1283
3 2132 1532 1593
2 1597 2929
1 4949
2 757 1710
1 3623
5 796 3587 1008 3703 3473
4 3744 779 3000 4750
3 2439 4985 4373
3 3927 371 4539
5 875 1390 1956 2644 3056
1 1084
1 2490
2 2211 2341
3 424 2563 3327
3 619 1150 1824
1 4109
2 2330 555
1 1739
5 4619 3322 1056 4918 780
3 2230 4135 1835
1 3890
2 4119 108
5 3715 605 4827 3439 2317
2 3984 1
2 1878 2325
1 3885
1 3959
2 2451 1714
2 4666 4035
2 3221 4676
2 3730 1044
1 3313
5 2365 3421 3518 572 1050
1 1216
1 1261
6 3871 2289 113 549 4613 1718
1 3154
1 4218
1 4930
1 4925
1 3954
2 2676 90
2 3037 2474
1 3991
2 1393 2009
1 4776
6 4580 4297 469 4643 4759 682
2 2314 351
1 1588
2 987 4888
4 1689 3070 2415 1750
1 458
2 977 4841
3 4327 3504 1805
2 4714 3967
1 669
5 3343 2142 2507 3311 4894
1 2834
4 3581 4694 2437 1511
1 1892
1 3444
2 4175 4962
1 3512
1 1536
1 1041
1 2320
2 2207 3957
1 4459
1 127
2 4463 1095
2 369 4912
1 844
2 4703 727
1 2414
2 3709 78
3 2019 4636 3025
1 1979
1 298
1 4619
6 3005 1287 865 4554 1652 3067
2 4848 517
1 2634
4 1773 4426 2944 3801
1 2771
1 1844
2 4682 3742
1 895
6 3550 4156 2754 1233 4313 2386
1 4420
2 1048 1438
1 241
3 230 2229 3945
1 512
3 3048 3519 365
1 3344
2 1465 2363
1 474
3 3323 4288 1538
1 4771
2 4658 1325
4 683 2643 2780 4408
1 4608
1 282
8 1528 3986 1478 4808 1923 3880 1844 3804
1 4442
1 382
3 4402 3041 4720
2 4517 308
4 529 1416 581 2366
2 3420 122
1 2564
1 3027
1 4146
3 4293 200 1913
2 1351 1259
2 3844 4977
3 4446 645 1834
1 2955
1 4273
3 1465 3738 795
1 4287
1 1360
5 588 1092 303 4424 1995
1 3008
1 3293
5 1219 4669 3907 205 4650
5 1366 4829 1640 4436 1483
2 3531 4180
4 4603 1380 519 2080
2 1310 2605
1 4541
1 945
1 4238
2 1462 3993
2 2611 3697
5 2089 2783 2058 1717 4975
3 4778 662 4017
1 3275
1 71
4 4801 3079 4387 1059
1 2818
1 3678
1 4753
2 2805 4389
2 1055 2869
1 4700
3 4829 3145 887
1 3165
2 3372 1674
1 1311
1 2375
1 1088
1 3405
1 4492
3 4610 3228 1704
1 3973
1 3323
3 2917 3141 2271
1 464
2 1694 2193
1 1709
2 1352 1140
2 3662 305
1 3314
1 3685
3 1016 3197 2517
1 1214
3 3394 574 4596
1 2144
1 1749
2 2558 4251
1 4799
2 2874 4473
1 4897
1 3163
2 4867 1420
1 3502
1 3700
1 1961
5 1138 4662 2810 2036 36
3 2279 3674 1454
2 3980 1432
2 3054 789
1 361
1 4693
1 3658
1 329
1 586
1 3422
1 203
3 265 1627 2238
1 4606
2 2098 2056
1 22
1 3320
1 1595
1 1848
4 1395 186 4427 3913
3 3830 4064 3502
2 3284 4853
1 3928
4 1702 452 783 2170
4 1013 2360 4132 1473
3 2496 2890 2266
4 3270 1273 1127 2442
1 450
1 1331
2 298 121
2 4554 1042
1 3739
2 2359 336
2 3433 3315
3 4844 873 953
4 3099 347 4652 4842
2 3954 380
2 2273 2233
1 3514
1 3614
1 4764
2 4328 851
1 1991
4 3488 4450 1046 2861
2 410 3938
4 921 3333 4140 1519
1 4939
4 778 1672 1917 443
1 2640
1 1147
3 4911 2842 3448
1 4608
1 3883
1 1844
2 315 1920
5 3909 2995 2079 3456 825
7 4399 324 4528 3013 1235 199 4216
1 2309
1 3547
1 1103
4 4097 3133 564 4944
1 3293
1 62
2 2658 1677
1 4313
1 4750
1 3470
3 215 4819 3625
1 3177
2 3684 3891
3 3684 1285 2696
2 2402 4813
1 1720
2 435 4729
1 717
6 583 2010 739 320 2737 767
2 3973 1634
1 272
1 3367
1 3553
3 4869 4266 912
3 3048 2839 1297
6 3455 3386 3909 4366 3233 1702
2 2288 3990
2 4208 17
2 2747 4239
2 1561 753
1 2320
4 3281 3506 4218 4310
1 427
1 4034
1 1751
2 3349 75
1 347
1 3870
2 1218 2859
3 2732 3908 2404
1 1196
2 4487 59
1 1906
2 2004 1686
3 2038 2175 1682
1 645
4 414 416 1007 732
1 727
5 4616 4448 1277 1307 3878
1 901
1 808
5 435 4860 4511 330 2208
4 1748 853 2873 491
3 2118 4549 4421
1 920
6 4897 453 4785 4474 3104 1533
1 3686
2 524 3039
1 4355
3 4949 685 3718
1 460
3 3127 4603 550
1 4806
1 3959
6 4225 4120 3206 4338 3288 4398
1 3422
1 2864
2 3826 2428
3 4151 3024 899
3 2570 2064 3475
1 274
2 3845 720
2 4254 2403
4 2352 3452 3505 112
1 588
2 271 300
1 2845
1 4064
1 4285
1 3901
1 2330
1 4395
3 1949 4087 1906
2 585 998
2 3613 1249
1 2071
1 1383
1 3972
3 4366 3091 1488
1 2393
1 4013
3 1596 4677 974
1 1719
1 4751
1 2773
1 4445
6 1773 3935 2776 3040 3002 3295
3 4533 876 1316
1 2677
3 619 4986 1990
4 3688 521 2186 4223
1 3199
1 109
3 3133 4419 3621
1 2087
1 205
1 3365
3 4499 540 1692
1 613
4 1329 1982 368 119
1 867
6 454 4348 2689 695 3500 1308
2 3782 2582
2 3284 1086
5 4445 435 660 1861 3411
3 3744 3814 1603
2 2507 4939
1 1106
2 2421 2035
2 1219 1105
2 1738 4791
1 4349
1 4646
1 3174
1 3482
3 1924 461 1213
1 1652
2 2412 4405
3 2456 3634 415
3 2645 1286 2123
1 1391
2 4932 2126
1 2813
1 2246
2 829 4833
2 588 1204
1 1472
3 113 4851 556
2 4176 4504
2 4378 1428
1 433
1 1441
3 4294 3363 3436
1 122
2 4998 3594
5 4065 4465 1262 3959 4900
1 3721
2 416 816
4 1344 2986 1360 4392
1 2470
1 1388
2 1306 3195
1 4079
1 4152
2 2580 920
1 1597
1 3484
1 907
2 3871 3513
4 862 2157 2402 4374
5 2562 1537 1547 1950 1636
7 1149 524 498 1211 533 896 3601
1 1877
1 3970
3 2169 1825 1594
2 4426 2918
1 1091
1 3215
3 4811 440 1947
1 1314
1 3220
2 2372 1237
1 3335
2 4910 3272
3 4571 1968 2243
1 1593
2 3778 3902
4 4029 1238 3648 3240
3 1249 1847 1148
1 4032
1 211
1 2132
1 2740
2 1865 1713
3 779 493 1828
2 949 2078
1 1381
1 211
1 2495
1 1458
1 2755
2 3569 603
3 2887 4994 751
2 2809 3765
2 354 151
3 4326 4563 2479
3 2512 1177 4648
1 3514
5 2452 4462 1210 2576 782
1 1495
1 2941
2 650 4219
1 3066
1 3583
2 4366 4831
1 1103
3 2899 529 4157
1 598
3 4161 604 165
2 2598 4538
1 3178
1 461
1 1144
1 2067
1 1722
1 3637
2 424 4418
3 603 2545 3346
1 4256
1 4123
1 1642
4 989 1165 4365 2413
1 2329
2 4061 4456
2 3566 2300
1 901
1 2387
2 1404 4141
2 316 2657
1 1411
4 4610 613 212 3616
1 2533
1 206
2 253 4
1 2206
2 4177 3850
1 4675
2 3927 812
3 4166 2838 4887
2 2525 2534
2 4121 1441
1 4868
2 4816 2895
1 1757
2 3559 4491
1 4225
2 3818 4459
1 2472
1 1395
1 3721
2 551 2962
2 128 4617
1 3606
2 4423 3810
2 1171 2039
3 1814 3402 3918
7 3261 4914 1047 1997 4723 1734 650
1 1322
3 4569 225 4955
1 2438
2 2053 2340
2 2368 4797
1 2213
1 4875
1 4565
1 4230
3 1896 1055 1849
2 1780 3339
1 155
4 566 3469 1580 159
1 3164
2 477 1962
1 4342
5 447 3168 2069 2997 1908
4 4446 4466 3097 85
4 1114 1703 3321 391
1 4759
1 3738
1 4689
1 3956
6 2401 1944 146 3767 2134 4254
2 3115 1300
1 476
1 3792
1 3701
1 3641
1 4372
2 4533 1564
1 520
3 4123 2304 4532
6 2965 813 2295 2559 990 2146
1 1587
2 2899 1108
2 1798 4400
1 2062
1 3749
4 4692 1751 3842 1418
1 3303
1 4519
1 1189
3 3413 2753 934
1 786
2 588 4286
2 3736 4961
1 711
5 4606 3345 3589 1296 3399
4 3761 2964 3903 3808
4 2375 514 215 4129
1 784
3 3740 2153 1075
1 1633
1 1518
2 2632 4495
6 987 1212 149 20 1587 4796
5 1329 2351 4109 4578 634
3 474 4086 4122
4 2710 4222 3262 2477
2 1079 2274
1 2083
1 2005
6 3695 1009 3247 3254 2850 4818
3 2458 4271 1985
3 1344 232 2771
1 1554
1 156
3 1272 3118 1377
1 330
2 1676 531
1 1177
1 110
1 4184
1 2666
3 4793 401 722
3 4369 3777 2256
2 1065 900
1 1607
3 320 3966 3285
1 4231
1 4182
2 4376 463
1 1546
1 1937
7 1344 1924 4610 2082 862 1873 4493
3 1944 612 4181
2 3719 672
1 4700
1 3774
2 454 3883
2 3062 619
1 3383
1 3233
2 578 2165
1 2324
1 481
3 3928 558 2241
2 1512 4728
3 406 4548 4024
1 4390
1 4008
3 4811 98 161
2 67 3105
3 4303 3497 4039
1 4293
1 4338
3 435 1736 1443
1 2424
1 1197
3 3211 1712 4277
3 1047 3613 1037
2 3109 1450
2 4097 4359
1 509
1 2270
3 1685 2337 1617
1 3530
2 2922 4358
2 2190 2235
4 1748 4686 562 2849
1 195
1 962
1 3691
1 4311
2 2645 2867
1 2984
4 4671 914 12 4544
2 1167 3728
2 4109 2052
2 2903 1756
5 606 1780 1271 3701 2892
2 4558 3003
1 915
1 415
2 228 3565
1 3429
3 230 4614 4322
1 271
1 3251
3 1431 1218 2263
1 2133
1 2497
1 4813
1 1922
1 214
1 641
2 772 3055
1 1222
1 4858
2 4381 945
4 3829 1585 770 1495
1 3865
1 1018
3 2334 551 1577
5 2202 1932 880 237 1779
3 653 2508 1336
1 3091
2 1266 2467
4 3452 1637 4091 3917
2 650 2257
2 2589 2578
4 2865 1032 2136 2751
1 4455
1 2270
2 4435 2876
1 4097
5 2425 890 1063 2757 171
1 3452
1 2187
1 2632
1 466
1 4245
2 4327 2650
2 4654 525
2 3352 441
2 3412 3275
2 3352 3407
1 761
4 606 1315 2799 2673
2 280 3595
1 789
2 4747 1248
3 2431 3820 1499
1 2009
1 2704
2 2135 4699
2 2358 2993
