5000 2
1 1495
1 4736
1 2861
72 2890 4002 3751 2434 4908 3707 1698 4275 2507 2625 1942 1452 1309 2552 4 3667 4794 289 309 3334 2996 3208 1001 2408 707 3200 4272 3343 4465 4748 1352 48 2894 4367 3534 4594 4433 4265 3168 2324 2681 4909 1986 501 2958 784 4138 409 2837 4999 3840 3654 327 3620 4399 319 3311 1670 1372 424 1048 1324 4949 753 2156 4530 2999 2898 4036 848 4750 1014
1 3
1 3073
1 2592
1 3947
1 4502
1 4502
1 3329
1 2977
1 3076
1 1903
1 966
1 3076
1 3947
1 3604
1 3716
1 4344
1 477
1 3974
1 4604
1 3076
1 3640
1 4056
1 801
1 2977
1 315
1 461
1 2861
1 4052
1 4736
1 2024
1 3304
1 425
1 188
1 303
1 188
1 4834
1 3076
1 188
1 3076
1 2592
1 3073
1 1101
1 1835
1 3960
1 3
1 1168
1 4604
1 2972
1 4598
1 4736
1 4502
1 3947
1 3076
1 4295
1 4295
1 3960
1 3329
1 2032
1 2024
1 1548
1 1882
1 4604
1 966
1 3604
1 3037
1 3769
1 1495
1 3037
1 4320
1 303
1 3974
1 3543
1 2977
1 2592
1 4598
1 4736
1 188
1 4260
1 3076
1 3329
1 188
1 966
1 1168
1 3590
1 3974
1 4052
1 812
1 1835
1 3543
1 3604
1 3295
1 4598
1 1451
1 1384
1 1495
1 4260
1 4056
1 1794
1 3728
1 1147
1 4344
1 1903
1 4056
1 4405
1 1903
1 3974
1 3728
1 2059
1 2059
1 3752
1 4464
1 3960
1 3602
1 3752
1 3073
1 4942
1 188
1 1147
1 2024
1 966
1 3543
1 3443
1 3304
1 4598
1 303
1 880
1 812
1 3073
1 3901
1 2059
1 4260
1 4598
1 865
1 581
1 4052
1 3304
1 1835
1 1835
1 3901
1 2972
1 801
1 1451
1 2032
1 880
1 4344
1 1147
1 812
1 4344
1 3716
1 1168
1 1384
1 2977
1 2024
1 2972
1 3752
1 4942
1 2032
1 4056
1 303
1 1902
1 4942
1 3037
1 1794
1 2972
1 461
1 4736
1 3604
1 1835
1 3640
1 425
1 4056
1 1147
1 4260
1 3716
1 3543
1 1147
1 3602
1 425
1 3752
1 4834
1 4295
1 3443
1 1384
1 3960
71 2890 3625 857 573 1175 708 287 36 120 768 689 4526 3125 3966 4089 4641 1164 1248 4563 1927 1364 3596 4314 2294 1550 474 4879 3154 2599 1642 4862 3298 3403 41 3834 4206 2909 4358 38 4532 84 3847 3161 80 607 3399 3333 3775 431 3324 723 268 4205 1977 210 1524 4896 2930 1699 3440 2213 2254 2201 3227 4142 3148 465 3916 1006 660 514
1 2972
1 4942
1 2972
1 3304
1 315
1 1903
1 2024
1 3590
1 4598
1 461
1 1101
1 4502
1 2059
1 1861
1 3295
1 4320
1 3769
1 2861
1 1384
1 2032
1 3752
1 188
1 880
1 3602
1 4604
1 2007
1 4056
1 2024
1 4502
1 3960
1 1384
1 4260
1 3073
1 2059
1 3295
1 3960
1 1902
1 3752
1 880
1 4052
1 4604
1 2972
1 4834
1 3037
1 1168
1 378
1 3329
1 3769
1 303
1 3329
1 3076
1 3329
1 2007
1 3960
1 3716
1 1861
1 2007
1 4344
1 4464
1 2024
1 2592
1 1358
1 1168
1 1495
1 1384
1 801
1 812
1 3590
1 880
1 3640
1 4405
1 3076
1 4736
1 1903
1 4405
1 3640
1 2059
1 1101
1 4942
1 188
1 425
1 3602
1 1168
1 4052
1 4295
1 4295
1 1903
1 801
1 3769
1 2024
1 3974
1 581
1 3590
1 3716
1 303
1 581
1 1495
1 1794
1 188
1 2977
1 3
1 1168
1 4464
1 3604
1 801
1 4260
1 966
1 4344
1 3728
1 1101
1 3752
1 1903
1 4260
1 1548
72 2890 1315 4090 2334 4122 3216 37 1582 311 3342 4522 73 4719 4411 2705 1516 162 4456 1027 3269 2727 1863 1000 3109 1803 1349 1537 2580 3599 3657 993 3348 283 2549 1173 2937 4817 2214 681 2767 483 3310 4157 2514 2628 1234 2865 400 2196 1700 1692 1473 3080 3450 2346 128 2676 2660 3906 1508 3583 1702 3692 541 2694 2194 2073 4233 237 3280 563 4775
1 3960
1 1903
1 3037
1 581
1 3076
1 3
1 3073
1 303
1 1903
1 4942
1 1495
72 2890 4076 2404 2105 4680 1894 1838 2683 404 781 1428 4425 338 706 1208 2710 3614 1565 28 4301 2516 1606 4414 1873 3376 2443 4895 4496 921 1878 1544 2098 2925 2904 2092 3347 823 1043 1295 3937 4786 1983 4864 752 1725 2853 1067 4337 979 2490 435 3146 3890 3675 2624 4239 2155 3083 1388 193 1905 3230 4837 574 4568 3717 2480 4850 1857 3260 2868 3477
1 3073
1 4260
1 2032
1 3
1 2592
1 1835
1 1794
1 880
1 1902
1 4834
1 4604
1 3
1 3602
1 4942
1 1101
1 477
1 4056
1 1548
1 865
1 2972
1 880
1 3901
1 315
1 2592
1 4056
1 4344
1 1794
1 581
1 3037
1 3752
1 2592
1 4344
1 2024
1 812
1 1358
1 1903
1 3076
1 1882
1 3295
1 2032
1 966
1 3769
1 3947
1 4052
1 461
1 3960
1 1882
1 477
1 2059
1 3073
1 3769
1 801
1 966
1 865
1 3329
1 3604
1 425
1 801
1 3443
1 2024
1 1147
1 3076
71 2890 902 2056 3044 1767 2333 3014 1339 935 1738 1684 1497 1273 4373 1060 4528 4014 1998 1074 2445 2742 3600 234 877 620 657 3525 3163 3756 631 3902 463 1904 3322 2338 1441 4841 1008 4697 2226 2497 3468 3351 2545 1237 1753 3231 1412 1070 3581 2520 3412 1795 1288 1279 2099 2761 3918 3114 664 2770 4996 815 4892 4980 2715 4935 1462 944 1362 4623
1 3604
1 4344
1 477
1 2007
1 3947
1 3304
1 1495
1 425
1 3974
1 4052
1 801
1 477
1 581
1 2861
1 3728
1 801
1 1147
1 1168
1 581
1 3590
1 3901
1 303
1 1794
1 4320
1 4464
1 315
1 3640
1 4405
1 4736
1 3329
1 3
1 3329
1 2059
1 1168
1 865
1 1147
1 581
1 3076
1 1451
1 812
1 4834
1 1903
1 4942
1 3752
1 865
1 3
71 2890 1117 1693 2752 3027 3137 2951 1969 3807 1939 4749 1258 181 4176 3551 3278 3576 940 4566 3491 4553 2235 917 1599 3380 4582 2146 4536 1331 452 3723 538 3015 3462 2293 2415 1149 173 4664 712 386 2738 3915 4116 1634 3291 372 269 1786 1017 3993 3980 4462 4977 2982 2539 1096 35 1943 4135 2556 3277 4964 3516 2807 3459 2270 3885 1681 1443 670
1 1495
1 1101
1 1903
1 3590
1 4502
1 188
1 3443
1 1902
1 4320
1 315
1 3443
1 2592
1 1495
1 3443
1 4834
1 880
1 3329
1 3947
1 2861
1 3073
1 461
1 4320
1 3037
1 1548
1 3716
1 2977
1 425
1 3604
1 3640
1 1882
1 4736
1 1835
1 1548
1 3974
1 3329
72 2890 4402 1719 647 1601 3629 2257 954 2054 2108 3386 675 4561 2790 4119 4019 2849 1690 701 2851 4192 1843 4371 3496 1591 1891 3378 4152 789 2484 360 1623 446 2172 4153 4983 1549 2708 2355 4756 3855 591 1964 2104 4270 2079 3612 1954 2583 2076 4737 198 4285 168 3726 1278 3994 1012 1115 4868 2488 1370 1303 4384 29 4611 1265 498 4240 3228 4068 4632
1 1358
1 378
1 2592
1 188
1 1902
1 4056
1 4295
1 4295
1 4344
1 2024
1 2007
1 1168
1 188
1 3604
1 4598
71 2890 1804 3555 2147 3762 2301 2623 2659 4903 1292 4473 945 20 3470 363 2210 1800 3122 941 2106 390 1319 1449 3688 721 553 3237 1965 4166 1050 885 571 4720 1133 4282 2449 4791 3829 3492 2600 1313 1577 3729 4674 4976 331 1378 1790 1229 4543 1032 3510 4886 1425 4427 3355 1747 1296 2697 2137 3501 2589 4865 4608 2145 1333 4182 3663 900 4734 381
1 1882
1 3604
1 1451
1 3769
1 2861
1 303
1 3295
1 4604
1 4052
1 812
1 3960
1 2977
1 1495
1 4502
1 2059
1 3304
1 3590
1 4942
1 3443
1 4405
1 461
1 4464
1 1358
1 3
1 3716
1 1451
1 1358
1 2861
1 4052
1 3947
1 3960
1 4052
1 966
1 3073
1 3073
1 2861
1 188
1 4320
1 3329
1 1384
1 3728
1 865
1 3602
1 3974
1 4405
1 3728
1 2007
1 1495
1 3304
1 812
1 3304
1 4598
1 3716
1 3728
1 3716
1 3329
1 581
1 3602
1 3329
1 4598
1 425
1 801
1 3901
1 303
1 4598
1 1902
1 3728
1 880
1 3590
1 3716
1 3604
1 4736
1 2059
1 4834
1 3543
1 477
1 3037
1 1358
1 1882
1 4405
1 1495
1 1147
1 2592
1 3728
1 2972
1 303
1 2024
1 966
1 4320
1 3728
1 2024
1 3604
1 1358
1 477
1 3329
1 188
1 315
1 4295
1 2861
1 1882
1 3602
1 812
1 3960
72 2890 1291 1636 2856 4108 998 3332 1155 4732 4967 2476 3564 2297 343 1867 1766 4818 284 2111 3549 3264 866 3418 280 2188 3664 534 811 2789 2100 2046 4555 2992 4628 4177 976 397 820 1593 756 1184 1083 2780 3819 3034 2822 391 3341 830 2509 2675 2783 2691 4114 3970 4315 2368 1482 3768 1829 1264 2308 1086 415 4144 137 4840 2063 4362 4639 4005 307
1 3329
1 1861
1 3960
1 1168
1 1384
1 1358
1 1902
1 4736
1 1101
1 461
1 4260
1 3602
1 1358
1 4604
1 4736
1 1903
1 3076
1 812
1 3329
1 4052
1 3304
1 3769
1 2861
1 3752
1 1548
1 188
1 3073
1 4834
1 3960
1 1794
1 3329
1 4405
1 1168
1 2059
1 4598
1 3304
1 4344
1 812
1 378
1 4260
1 4056
1 3295
1 1903
1 1548
1 1101
1 3295
1 4736
1 4834
1 4736
1 378
1 1548
1 4295
1 1451
1 1358
1 1147
1 3443
1 1903
1 4056
1 4942
1 1147
1 2977
1 4320
1 3947
1 865
1 4344
1 461
1 3752
1 966
1 4405
1 3752
1 2024
1 3073
1 4942
1 3295
1 3769
1 378
1 1903
1 966
1 188
1 3728
1 4502
1 3076
1 378
1 1835
1 2024
1 4320
1 1358
1 3073
1 425
1 4405
1 3974
1 3960
1 4942
1 461
1 4260
1 3073
1 3604
1 2972
1 4834
1 303
1 4604
1 3752
1 1168
1 1548
1 1358
1 4295
1 2592
1 188
1 3590
1 1358
1 3590
1 3728
1 3728
1 3974
1 3329
1 3602
1 1882
1 2592
1 3752
1 461
1 3076
1 4320
1 1384
1 3443
1 315
1 3
1 188
1 4942
1 3752
1 1794
1 425
1 3602
1 2977
1 4834
1 2977
1 4405
1 3304
1 2007
1 2972
1 477
1 3769
1 188
1 1794
1 1384
1 2032
1 3037
1 4598
1 1902
1 2024
1 3960
1 812
1 1548
1 2059
1 3728
1 1451
1 4736
1 2007
1 2024
1 4942
1 865
1 3640
1 2977
1 4942
1 812
1 2007
1 3716
1 2861
1 2972
1 880
1 3076
1 315
1 3
1 3329
1 2861
1 581
1 2059
1 2592
1 3960
1 812
1 1384
1 3543
1 4344
1 3295
1 4502
1 4052
1 1902
1 188
1 3752
1 3960
1 1794
1 3543
1 1861
1 1451
1 1451
1 3076
1 4260
1 4405
1 4598
1 3295
1 315
1 3543
1 1384
1 3
1 1451
1 3329
1 1882
1 3295
1 461
1 3901
1 4464
1 4260
1 2007
1 3304
1 1548
1 1451
1 1168
1 3443
1 3329
1 3304
71 2890 2185 4490 4625 1320 276 920 144 949 2914 1350 1464 1361 1460 2379 995 2971 3682 3940 4650 293 3145 2198 1416 4713 3226 3481 4388 3610 1465 254 1119 2701 805 2631 367 826 1146 2247 4348 1535 2593 2764 4365 1343 389 2931 2550 26 2897 3983 539 1254 2009 373 1202 394 4695 4396 1985 2615 4609 1624 4974 2375 1603 3878 1611 831 1376 4676
1 1384
1 1147
1 3947
1 801
1 3716
1 3947
1 2977
1 4260
1 1882
1 581
72 2890 4040 1062 3350 1780 2389 965 4724 2526 3206 3067 3571 4656 4136 3241 978 527 1789 999 1668 1269 2980 4269 4268 3475 3895 418 2612 487 1688 4410 1860 2661 1458 3749 1597 1991 4839 130 3005 1163 2174 943 1870 90 2711 4962 4576 349 4835 3897 150 1763 1937 4668 835 760 619 1657 3810 4631 3977 1726 255 579 732 2126 841 745 2152 599 4389
1 1882
1 1882
1 378
1 1495
1 2977
1 3640
1 3076
1 581
1 1147
1 4834
1 315
1 3901
1 3073
1 801
1 3602
1 4344
1 3960
1 581
1 801
1 4604
1 4598
1 1101
1 812
1 4295
1 2592
1 966
1 3716
1 3716
1 812
1 3590
1 4260
1 3076
1 4056
1 1861
1 2972
1 3
1 1548
1 4320
1 1147
1 4295
1 2007
1 3974
1 3543
1 4344
1 188
1 3974
1 3604
1 2977
1 4295
1 4260
1 3602
1 2972
71 2890 3900 3363 3156 1708 1377 3765 645 741 1393 3700 4513 2896 136 1317 2791 3687 1186 3837 4155 1809 2070 3375 1439 3447 4280 3635 3186 2448 1485 423 1910 2218 369 1976 413 334 1316 3153 4521 4107 2189 2952 3372 1150 3457 2886 4047 2915 2369 4931 3720 3127 4743 4085 3873 3193 3337 3656 4693 2220 4185 970 4048 4472 2175 519 1392 2806 3402 3712
1 581
1 3974
1 3037
1 3443
1 4320
1 2032
1 3602
1 4056
1 3901
1 3604
1 3752
1 378
1 4464
1 2059
72 2890 4057 4575 895 2204 3634 2044 4310 1975 4163 2163 3823 3639 4064 1793 3992 2828 1323 1102 3197 2261 1190 3641 1709 227 750 1094 4393 129 1414 4216 2812 1447 441 3660 147 2922 3845 1992 1764 1366 2019 1466 1871 2406 4780 2427 4444 1592 4304 2322 4637 336 1011 211 1675 1030 2096 257 3223 323 1955 1895 2160 3763 545 3508 2670 1598 3740 4694 1971
1 1902
1 3443
1 3590
1 3728
1 477
1 3769
1 3947
1 3602
1 2059
1 1101
1 1101
1 1835
1 3590
1 1903
1 880
1 4405
1 1902
1 3443
1 4736
1 477
1 1835
1 378
1 1861
1 4295
1 4344
1 3037
1 3543
1 1548
1 3543
1 4502
1 3640
1 3443
1 1451
1 1101
1 1101
1 4834
1 425
1 4052
1 4942
1 801
1 315
1 3728
1 1358
1 4464
1 4344
1 3037
1 3716
1 3728
1 1902
1 3590
1 4056
1 1548
1 4056
1 3974
1 378
1 3295
1 1903
1 4056
1 4260
1 425
1 477
1 4344
1 812
1 378
1 477
1 1168
1 3295
1 4052
1 801
1 3295
1 3960
1 1358
1 1451
1 461
1 2007
1 4320
1 1548
1 1384
1 1451
1 1902
1 4598
1 3960
1 3974
1 2007
1 812
71 2890 1116 1399 4797 4808 3236 4346 2265 2947 1779 356 2332 66 1968 3556 1525 3144 3505 4087 3059 2045 1256 1153 4457 3252 1566 3615 510 4857 3517 2453 4751 123 565 2916 368 3177 1854 3601 4653 2304 2312 3899 1282 2469 4551 4194 2336 2966 649 3742 2998 4175 4565 2719 1836 295 1218 3830 85 4933 14 3133 2747 1652 3535 1500 659 838 3160 2372
1 1794
1 4502
1 3443
1 865
1 3728
1 3073
1 1794
1 3295
1 2024
1 581
1 1794
1 812
1 315
1 3295
1 1903
1 1548
1 2007
1 3901
1 1451
1 4295
1 4405
1 2977
1 1861
1 1168
1 4052
1 1384
1 303
1 1384
1 801
1 4604
1 2007
1 581
1 812
1 303
1 3
1 3295
1 2977
1 1794
1 3602
1 188
1 2977
1 378
1 3604
1 1548
1 880
1 461
1 4344
1 3
1 1495
1 4344
1 425
1 3901
1 1903
1 4942
1 2977
1 1882
1 1384
1 3728
1 1168
1 3076
1 303
1 1835
1 1861
1 880
1 4464
1 477
1 3304
1 3716
1 4405
1 3640
1 3602
1 4320
1 1384
1 4056
1 3769
1 2024
1 315
1 1794
1 2032
1 1548
1 3037
1 3
1 1902
1 477
1 4295
1 1835
1 1384
1 3037
1 1495
1 3590
1 3590
1 4052
1 4260
1 378
1 2972
1 812
1 1147
1 4464
1 4736
1 1495
1 315
1 1861
1 4502
1 378
1 4834
1 3604
1 3073
1 378
1 4056
1 1101
1 4056
1 2592
1 4502
1 1384
1 2861
1 2977
1 581
1 4736
1 2007
1 581
1 3304
1 2007
1 1902
1 4502
1 4942
1 4464
1 4260
1 880
1 2059
1 425
1 1902
1 4260
1 3974
1 4320
71 2890 266 4256 199 4541 915 2474 3064 427 4531 4137 3258 2423 3012 4773 2495 4642 298 914 1494 2730 4474 330 2804 890 590 4660 45 1401 2071 3954 1665 3048 2306 1172 1807 2486 4201 3001 4912 1499 3219 1205 2933 2840 1427 1176 4498 3939 4225 4363 1076 1938 3858 834 891 4972 3813 2587 4408 4292 4878 626 1141 1144 3325 4162 1277 2963 1900 2459
1 880
1 3960
1 3443
1 4405
1 3974
1 2032
1 3769
1 3590
1 4942
1 4405
1 1861
1 3640
1 4736
1 461
1 966
1 425
1 4344
1 801
1 4604
1 4464
1 1495
1 3604
1 4052
1 3543
1 2592
1 1794
1 4502
1 3974
1 4344
1 4464
1 2977
1 477
1 3716
1 1147
1 3752
1 4260
1 4942
1 4604
1 2024
1 1101
1 3076
1 1168
1 1101
1 3752
1 801
72 2890 2015 376 4132 1257 3833 2541 3938 149 4183 3836 3178 4220 2805 2101 1504 2571 559 2414 1469 821 2314 1165 121 2471 3441 3158 179 3463 851 3870 2929 1620 1520 1492 2560 4824 2243 3950 4546 2269 3366 1922 414 3544 636 4359 2720 2629 103 1770 1306 4593 803 641 4504 1799 2834 2561 1588 4012 1135 3169 1883 1063 4051 4882 175 4326 4826 3676 395
1 1835
1 425
1 865
1 3329
1 4834
1 966
1 3974
1 581
1 4056
1 3037
1 4052
1 2007
1 3728
1 3901
1 3295
1 812
1 188
1 1147
1 1903
1 3769
71 2890 3238 2565 4398 86 3588 1996 1625 2381 1914 797 396 49 2182 1731 1909 684 4127 614 1988 2154 585 290 2932 1768 4929 4289 4520 4547 2037 3387 1723 1025 2340 473 4511 3774 4672 1585 3302 1916 233 251 1859 3149 2008 3805 4690 2563 3393 4554 271 1596 3832 4881 946 3618 3785 1562 1831 1143 990 3771 1498 412 1832 153 2863 2785 3650 4560
1 1835
1 2977
1 2059
1 1101
1 303
1 3604
1 188
1 1101
1 3295
1 1548
1 2861
1 3974
1 4295
1 3590
1 4502
1 581
1 3769
1 865
1 4260
1 3443
1 3640
1 880
1 3640
1 3329
1 3901
1 3329
1 3974
1 4604
1 2972
1 4604
1 3329
1 3640
1 4052
1 801
1 1902
1 1358
1 1101
1 4405
1 2032
1 315
1 3590
1 3073
1 1835
1 2972
1 3752
1 3960
1 3037
1 4260
1 4405
1 966
1 4464
1 1384
1 3602
1 1548
1 3640
1 4056
1 3716
1 3728
1 4295
1 1358
1 477
1 2032
1 4052
1 4942
1 1882
1 303
1 1495
1 3947
1 378
1 3769
1 3543
1 1882
1 4344
1 1495
1 4405
1 1861
1 4604
1 3728
1 2007
1 188
1 4320
1 3960
1 3037
1 4604
1 4295
1 801
1 4056
1 966
1 1147
1 425
1 3443
1 4736
1 3443
1 2861
1 4320
1 581
1 461
1 1902
1 4405
1 4320
1 812
1 3974
1 4320
1 3947
1 378
1 1384
1 4052
1 4502
1 1101
1 461
1 378
1 1902
1 4942
1 966
1 2977
1 3640
1 1861
1 3590
1 4604
1 378
1 3974
1 1861
1 581
1 477
1 1902
1 4736
1 315
1 477
1 2059
1 4834
1 3901
1 3037
1 2592
1 3974
1 461
1 1358
1 4295
1 1147
1 1903
1 3590
1 3
1 3960
1 3640
1 3295
1 477
1 2861
1 303
1 865
1 865
1 3590
1 477
1 801
1 4405
1 3769
1 880
1 3
1 4056
1 4320
1 1903
1 4052
1 1903
1 1835
1 425
1 1358
1 477
1 4405
1 4344
1 1835
1 3901
1 1358
1 378
1 3329
1 4502
1 3901
1 801
1 2977
1 2977
1 3037
1 2032
1 4604
1 303
1 801
1 3604
1 3
1 3752
1 4464
1 4260
1 1903
1 4598
72 2890 555 1908 2258 1332 1509 1812 587 3735 2325 952 2328 668 2976 3279 4148 3312 3522 1204 350 2965 1609 1530 2252 500 2706 3955 2396 1940 4151 1228 4838 2119 250 2839 2866 2781 2485 2458 1304 2022 570 4211 1404 2871 4648 4606 4249 1338 4940 3645 691 3754 504 4324 3353 3995 2440 4950 462 3746 2131 923 2003 2400 686 594 4105 2700 4222 635 3425
1 4736
1 3076
1 801
1 378
1 1902
1 188
1 4942
1 880
1 3037
1 3604
1 3769
1 461
1 1882
1 3
1 4320
1 4464
1 1794
1 801
1 865
1 477
1 4942
1 4344
1 3974
1 3974
1 3604
72 2890 207 2829 2242 3957 1080 1751 783 3721 4149 2656 1395 1039 3167 3040 517 97 3869 2075 802 3281 1023 994 2084 2161 4509 1220 3118 1759 1613 1559 3846 219 3192 2603 586 4876 958 1274 1727 4143 1716 761 1515 992 1053 2013 3532 3452 2256 186 4011 4083 3770 3166 4028 4620 3210 253 3973 4918 2439 4167 154 4853 725 3621 1743 4436 2610 3454 704
1 3443
1 2032
1 1861
1 315
1 4834
1 1882
1 3716
1 865
1 865
1 3329
1 1384
1 1861
1 4295
1 3901
1 966
1 2024
1 1101
1 2592
1 1548
1 1358
1 1835
1 4320
1 2007
1 3295
1 2861
1 3443
1 3037
1 378
1 2007
1 880
1 3295
1 801
1 4834
1 4260
1 4464
1 3974
1 4736
1 2977
1 4464
1 3590
1 477
1 3073
1 1101
1 315
1 3716
1 4344
1 4295
1 3543
1 3602
1 4320
1 4405
1 4260
1 3960
1 2032
1 865
1 2861
1 378
1 1451
1 425
1 2059
1 2024
1 3769
1 880
1 3901
1 477
1 3076
71 2890 736 3904 1760 2874 785 3213 4527 913 4591 145 4675 2202 3597 796 3747 480 3326 4920 1717 1885 503 4452 4758 4657 2170 4235 1750 2923 2380 2117 2221 3115 4586 2266 2809 774 2682 417 4377 4140 2385 1442 3096 775 1643 3112 2397 1536 3530 4952 3627 4333 3086 2674 953 1724 3299 3624 3893 1958 96 634 1646 3651 2921 985 2766 2978 959 2527
1 3
1 2977
1 1835
1 3329
1 2007
1 2861
1 812
1 2032
1 801
1 4604
1 378
1 3304
1 801
1 801
1 880
1 3073
1 3602
1 1147
1 4344
1 1835
1 3947
1 303
1 1882
1 4942
1 3728
1 4260
1 4320
1 2972
1 2861
1 3604
1 581
1 4502
1 3716
1 865
1 3295
1 3769
1 3640
1 3076
1 1902
1 1794
1 1147
1 3602
1 1101
72 2890 3170 4139 1568 3107 3575 3780 525 3132 3512 4124 0 70 4990 285 314 2981 558 4007 4374 1664 490 3563 3653 1990 1672 426 3808 3538 3965 3368 1122 2827 3594 1055 1928 385 2773 2873 4065 4092 3764 4744 4644 2049 3374 3392 816 4357 252 2523 2072 438 2517 1778 1510 1066 1242 1015 1641 3483 3365 3681 4131 2847 4820 4738 4491 4449 98 4055 1235
1 1794
1 378
1 1168
1 1101
1 966
1 3901
1 3604
1 3640
1 1147
1 3443
1 3329
1 2032
1 303
1 1358
1 1495
1 2032
1 3752
1 2977
1 4834
1 1384
1 303
1 3752
1 2977
1 4502
1 1147
1 2007
1 1861
1 1548
1 188
1 966
1 2059
1 3543
1 3295
1 4598
1 1358
1 4295
1 4464
1 3443
1 4604
1 801
1 1451
1 303
1 2024
1 3728
1 3901
1 1548
1 3960
1 1835
1 315
1 3604
1 4598
1 1882
71 2890 3436 1222 2646 1541 3320 2788 4018 849 1046 3108 1403 4733 449 1785 685 2551 3574 1963 3967 3854 606 4807 4319 3217 4699 4793 932 4915 3784 632 1776 733 2576 1010 908 3800 4017 63 4394 2605 4789 2158 1734 4663 1523 4461 458 1853 3203 333 3229 2698 3429 2735 795 1707 957 2879 4383 3390 625 3951 1178 302 3757 3952 982 2845 3259 3050
1 461
1 188
1 3443
1 3960
1 3304
1 3295
1 1902
1 2032
1 2032
1 3752
1 1384
1 4320
1 1882
1 1168
1 4604
1 1903
1 315
1 966
1 3960
1 1495
1 3295
1 4405
1 2007
1 2024
1 3443
1 3604
1 1794
1 4502
1 477
1 3640
1 4502
1 4502
1 4056
1 303
1 3304
1 3752
1 1168
1 4405
1 3604
1 1147
1 3443
1 3443
1 461
1 880
1 581
1 3728
1 3604
1 1168
1 812
1 880
1 425
1 2972
1 461
1 1902
1 801
1 1861
1 4344
1 315
1 3295
1 1835
1 1358
1 2032
1 801
1 3960
1 1384
1 4736
1 3590
1 2032
1 3974
1 3295
1 4502
1 1147
1 3604
1 3769
1 461
1 801
1 1168
1 4502
1 3543
1 2972
1 2861
1 1903
1 4320
1 4344
1 2972
1 425
1 1794
1 581
1 3295
1 2032
1 3640
1 3728
1 1495
1 188
1 1451
1 1794
1 3304
1 1451
1 3590
1 2592
1 3974
1 1835
1 3769
1 966
1 3329
1 4502
1 3076
1 3640
1 812
1 3543
1 2024
1 3901
1 3974
1 3602
1 3901
1 1495
1 1101
1 3543
1 4598
1 812
1 2059
1 3
1 1903
1 1495
1 2059
1 2032
1 880
1 3960
1 1902
1 4260
1 2007
1 3329
1 425
1 3640
1 3960
1 378
1 4604
1 2007
1 4598
1 812
1 2007
1 461
1 3960
1 303
1 425
1 4052
1 4052
1 4464
1 2592
1 3
1 188
1 303
1 4464
1 303
1 3076
1 4344
1 4320
1 4736
1 1548
1 865
1 880
1 3716
1 4344
1 4320
1 4260
1 4736
1 2032
1 1384
1 1451
1 3602
1 461
1 3443
1 4604
1 4295
1 1168
1 1451
1 315
1 812
1 1384
1 3590
1 4942
1 3901
1 1168
1 3590
1 3716
1 1548
1 3602
1 4604
1 4320
1 378
1 3329
1 3602
1 1903
1 1861
1 1384
1 1861
1 4604
1 4834
1 477
1 3443
1 2059
1 1451
1 1384
1 3037
1 378
1 1882
1 2059
1 2977
1 2024
1 4604
1 1384
1 1451
1 2592
1 3947
1 812
1 880
1 4942
1 581
1 378
1 1168
1 3974
1 1147
1 4502
1 4604
1 1882
1 3974
1 4260
1 1548
1 2972
1 1495
1 966
1 812
1 3752
1 1794
1 3960
1 1903
1 1548
1 425
1 3076
1 2032
1 812
1 477
1 3543
1 2972
1 880
72 2890 2272 3821 2068 4671 286 101 2940 1375 4154 3164 2799 2760 4821 3790 3696 1644 4221 1575 1127 2088 4647 1635 711 1960 3698 3804 2291 724 2310 2816 4247 2833 2129 977 3301 2403 2908 3865 4101 1782 322 3155 4535 3336 3394 3121 4779 3930 973 1491 4443 1496 4023 3360 1044 1004 2487 166 1814 3207 401 611 342 2093 2286 4583 4313 2139 2309 967 771
1 378
1 2024
1 4604
1 4834
1 1147
1 477
1 2861
1 4834
1 303
1 477
1 4942
1 4736
1 1101
1 3728
1 865
1 3604
1 1903
1 1358
1 4942
1 1794
1 3960
1 3960
1 4056
1 1835
1 3076
1 4056
1 3329
1 3443
1 4052
1 1902
1 4604
1 4320
1 3329
1 2059
1 581
1 3076
1 1168
1 1168
1 4604
1 3037
72 2890 3685 457 4973 1211 4088 3345 4829 3648 3945 2794 1650 4447 4852 1608 3018 3172 1148 3984 2653 1169 2893 171 1405 4328 3709 901 3079 3313 3247 1818 4451 1330 4126 3909 3113 2429 2751 3827 140 1454 4146 1972 2136 4029 4372 3400 141 3056 2690 91 1543 4098 1471 665 46 1336 3204 1052 3416 892 2095 2290 4353 1984 2134 2588 2399 4118 1028 321 3552
1 966
1 1902
1 315
1 3752
1 4942
1 4260
1 4834
1 461
1 3602
1 2592
1 2032
1 4056
1 4320
1 4736
1 3901
1 3304
1 4834
1 1548
1 966
1 4052
1 3329
1 315
1 3037
1 1168
1 812
72 2890 2279 3523 989 4466 4095 3382 4360 4453 3585 3642 3929 1068 2461 2094 2417 3533 202 4030 2784 1936 4322 2350 4495 2438 3007 3245 1967 3486 4475 3791 773 4917 2729 1396 903 1387 846 244 3184 1112 4610 3051 2803 4482 3438 2110 2586 2462 2122 1244 4572 1285 3340 583 1522 2078 1604 4629 1744 1029 3958 3982 3743 1290 4638 1742 4459 3282 3214 2786 4514
1 4604
1 303
1 4344
1 3304
1 4598
1 581
1 2592
1 4056
1 812
1 880
1 4320
1 315
1 3295
1 3947
1 2592
1 3947
1 315
1 2977
1 2972
1 3076
72 2890 4311 1371 813 1022 1390 1754 4261 3582 577 3628 556 1240 3606 4434 3921 698 4332 64 3159 455 2241 3622 2948 3598 4413 4069 3607 810 3162 3499 2477 1773 362 1474 3464 2689 3364 478 3978 787 3134 3384 4722 2391 2880 4294 3713 1933 2511 1233 2274 1547 2753 4718 2030 4529 1973 4181 3683 814 4072 2473 2065 2650 353 3831 4109 2288 1561 2211 4727
1 1147
1 2032
1 1451
1 3073
1 4604
1 1903
1 2861
1 3769
1 461
1 2977
1 3901
1 315
1 880
1 3769
1 3590
1 2592
1 2592
1 1101
1 2007
71 2890 1824 4627 2034 4147 1989 2228 3427 3371 2503 897 2944 1049 1266 2212 2757 163 1602 1363 3124 960 729 4102 1837 466 4994 4416 2797 881 4913 4160 3128 929 1677 3941 4729 1293 1097 767 2732 4274 2496 4224 3509 4180 3090 4489 2854 1089 2465 1280 588 3194 3968 1490 433 1203 543 2648 3246 3150 1555 2553 2327 4150 324 2667 225 3920 3116 2455
71 2890 4330 13 1888 2743 3283 351 312 937 3536 3636 4951 3592 624 305 1741 2844 4469 4814 300 981 4442 2162 3864 2900 2538 3630 4827 1019 194 1166 4354 420 894 3917 262 1630 3565 275 2402 3913 3199 1564 3435 638 3818 1307 108 4241 4684 428 105 1327 597 1671 3616 658 2824 1356 3179 3686 3081 4792 1784 4615 3991 4288 2820 1329 2536 1811
1 378
1 315
1 2007
1 3752
1 1358
1 1168
1 865
1 3640
1 2592
1 3295
1 1168
1 3602
1 1168
1 3543
1 3604
1 4464
1 2592
1 4320
1 1147
1 4405
1 2059
1 2024
1 3728
1 188
1 1495
1 3947
1 3974
1 3076
1 2861
1 1882
1 3076
1 3752
1 1861
1 812
1 1101
1 425
1 1358
1 4464
1 3
1 425
1 4405
1 4502
1 4344
1 3037
1 3604
1 3304
1 3728
1 4056
1 4295
1 3716
1 461
1 880
1 3295
1 4295
1 1451
1 2592
1 1794
1 2977
1 3974
1 1548
1 461
1 477
1 2972
1 1861
1 966
1 425
1 3329
1 880
1 1835
1 1882
1 4260
1 880
1 865
1 188
1 4604
1 3304
1 3716
1 2861
1 3602
1 315
1 1835
1 801
1 3
1 4736
1 1168
1 1902
1 1495
1 812
1 880
1 3752
1 4405
1 4260
1 1168
1 4502
1 378
1 2972
1 3604
1 3901
1 4834
1 1358
1 4464
1 3037
1 4056
71 2890 4700 4858 3100 245 472 3694 1407 524 3942 2444 4458 2881 214 2973 2222 3781 1679 4635 1085 2577 4948 241 4213 1247 2569 2237 1906 3990 1901 3420 1088 3407 719 738 955 2413 4723 1689 3093 4766 1413 2860 3294 3379 1456 4921 4273 3964 997 1521 793 3187 1571 2187 3591 853 4645 3062 2591 746 983 382 2284 1686 3451 1159 3850 4395 2911 964
1 1168
1 801
1 4604
1 4464
1 3304
1 1384
1 2032
1 1147
1 2059
1 2977
1 2972
1 880
1 3304
1 4056
1 1358
1 2861
72 2890 666 2755 278 4097 3798 2642 216 4009 4815 2296 4681 4696 2666 4015 1925 2249 730 2758 2959 122 2602 4440 2363 4866 2250 1757 3905 564 2779 1445 4033 4158 4778 975 2859 2323 348 248 568 1400 1796 2884 4351 4331 3039 3074 1572 62 652 195 4784 375 2315 4493 156 4960 4923 1538 2171 3835 1042 739 4965 3528 471 1659 1140 4246 33 4193 2995
1 3329
1 2977
1 3640
1 3728
1 2861
1 1882
1 3329
71 2890 3305 1556 3828 1884 2207 3043 4424 1107 1045 3439 2542 3926 3719 1347 3584 3431 2872 726 4200 4832 160 1557 2036 1459 4524 2069 355 2195 1438 4049 146 2141 2796 3344 1610 871 3339 4169 1230 1715 61 2376 1638 4883 1616 1507 318 1788 1846 1511 2014 4250 3296 4932 4946 2041 2596 1386 4409 3017 2374 1207 2033 4096 2609 4558 1674 208 4044 4589
1 2032
1 1902
1 3769
1 2032
1 1168
1 4736
1 3947
1 4052
1 2032
1 4320
1 4942
1 880
1 966
1 581
1 3602
1 2592
1 1495
1 4604
1 3728
1 4598
1 3728
1 461
1 3960
1 378
1 3947
1 3076
72 2890 2199 4887 3853 2436 757 2357 1673 3198 3359 133 3414 734 3489 3473 2736 4043 3424 2313 1749 1297 1526 889 1669 4121 3300 3248 3458 111 201 2317 1444 2696 550 4486 2537 112 4776 1924 3143 2016 4523 1755 2986 2672 1095 879 4026 2724 2627 4203 3515 222 2303 364 3867 411 265 3922 492 2062 615 4027 4308 4810 3422 1171 3753 2912 3944 3737 1828
1 4405
1 2972
1 2059
1 581
1 4052
1 1882
1 3728
1 3716
1 1794
1 2032
1 865
1 1101
1 1495
1 303
1 2861
1 1384
1 461
1 4464
1 1861
1 461
1 3076
1 4344
1 4344
1 3716
1 1384
1 3602
1 3716
1 3716
1 1794
1 4604
1 3076
1 4464
1 315
1 1794
1 1861
1 1835
1 880
1 3590
1 315
1 378
1 581
1 1147
1 4320
1 3769
1 461
1 315
1 477
1 3960
1 461
1 3037
1 1861
1 581
1 3901
1 4464
1 4502
1 4834
1 2861
1 1451
1 3543
1 1358
1 3769
1 4604
1 1861
1 3716
1 2977
1 3543
1 812
1 3543
1 3960
1 1794
1 2861
1 1358
1 3295
1 4260
1 1835
1 4834
1 1835
1 477
1 4736
1 1794
1 3543
1 2032
1 3295
1 3640
1 3590
1 477
1 425
1 477
1 3728
1 4598
1 3974
1 2972
1 812
1 3974
1 1168
1 315
1 3
1 4320
1 1548
1 4052
1 880
1 1384
1 1903
1 880
1 4260
1 4942
1 2977
1 4052
1 4056
1 3590
1 1451
1 2024
1 461
1 3295
1 812
1 865
1 3974
1 3073
1 3443
1 4598
1 3073
1 3304
1 1168
1 3543
1 3543
1 801
1 3073
1 2007
1 581
1 865
1 4834
1 3304
1 4502
1 2977
1 303
1 2032
1 303
1 3329
1 801
1 2059
1 3073
1 188
1 1451
1 4604
1 880
1 3752
1 4052
1 2032
1 3295
1 4834
1 477
1 1882
1 1902
1 188
1 303
1 3947
1 3076
1 3543
1 865
1 3728
1 865
1 1451
1 2007
1 2972
1 3073
1 2972
1 378
1 4056
1 1902
1 3947
1 3716
1 3543
1 3960
1 3037
1 4344
1 425
1 3640
1 2007
1 4604
1 4834
1 2972
1 1882
1 1384
1 1147
1 4834
1 3640
1 3543
1 801
1 2592
1 2024
1 2024
1 3037
1 1358
1 4736
1 188
1 3960
1 1384
1 461
1 1358
1 2977
1 3640
1 880
1 3604
1 4834
1 4598
1 966
1 1451
1 3604
1 4598
1 1147
1 425
1 3728
1 1794
1 3752
1 1882
1 4295
1 3304
1 4344
1 3716
1 1861
1 2592
1 3304
1 3037
1 3640
1 2007
1 4344
1 1794
1 4295
1 1882
1 3076
1 1835
1 1794
1 4260
1 425
1 188
1 3947
1 2024
1 581
1 3960
1 4834
1 4320
1 477
1 2592
1 2059
1 966
1 3716
1 1101
1 3295
1 581
1 1794
1 1794
1 3443
1 966
1 2059
1 1147
1 2024
1 3602
1 2059
1 3769
1 2977
1 4598
1 2972
1 880
1 2024
1 3
1 1358
1 4052
1 1902
1 1358
1 2972
1 2592
1 4502
1 966
1 378
1 303
1 3329
1 966
1 3974
1 378
1 4464
1 1168
1 4502
1 3640
1 3752
1 3602
1 3295
1 303
1 3304
1 3728
1 4942
1 1861
1 3329
1 4598
1 3037
1 4942
1 461
1 4834
1 2059
1 3602
1 4942
1 3329
1 3073
1 4604
1 2024
1 2861
1 3947
1 3604
1 3295
1 581
1 865
1 2972
1 3543
1 966
1 3037
1 2032
1 801
1 2032
1 4598
1 4056
1 801
1 1451
1 1168
1 3752
1 4502
1 3073
1 1451
1 3076
1 3901
1 3728
1 812
1 4052
1 1882
1 2972
1 4736
1 4344
1 3543
1 1358
1 1451
1 4260
1 1835
1 1358
1 3295
1 1903
1 1794
1 315
1 3076
1 880
1 3295
1 3
1 4502
1 3947
1 3604
1 4834
1 2007
1 1147
1 425
1 3901
1 1861
1 3543
1 3769
1 4598
1 4942
1 3543
1 1101
1 3543
1 4834
1 3329
1 880
1 4736
1 1835
1 2972
1 3295
1 4502
1 4056
1 3
1 3974
1 2059
1 4598
1 1861
1 1384
1 1358
1 3602
1 3974
1 315
1 2007
1 378
1 3769
1 3543
1 865
1 477
1 2977
1 3073
1 3769
1 966
1 3960
1 1902
1 3752
1 2861
1 1358
1 1101
1 3716
1 1861
1 1861
1 3037
1 2977
1 1902
1 3604
1 2861
1 4320
1 966
1 4736
1 1147
1 3901
1 1882
1 1101
1 4736
1 581
1 1882
1 3329
1 2972
1 315
1 4942
1 3590
1 3640
1 461
1 1358
1 1101
1 1794
1 461
1 3716
1 315
1 4344
1 4598
1 4942
1 2977
1 1101
1 1902
1 378
1 4295
1 4598
1 4598
1 3960
1 2861
1 1902
1 2861
1 3960
1 4405
1 3
1 4604
1 581
1 4260
1 1882
1 3543
1 3974
1 303
1 4502
1 315
1 1495
1 4260
1 2861
1 378
1 3769
1 3640
1 1495
1 2972
1 3752
1 812
1 1451
1 4598
1 4295
1 4464
1 3752
1 3443
1 4056
1 3304
1 4405
1 1903
1 2059
1 1903
1 425
1 4344
1 1147
1 2032
1 3295
1 3752
1 378
1 3329
1 4344
1 4052
1 303
1 801
1 1548
1 3
1 1902
1 4464
1 4736
1 425
1 4056
1 4295
1 3901
1 1147
1 1147
1 3073
1 1168
1 3076
1 1168
1 2972
1 4464
1 3037
1 2007
1 2977
1 1147
1 4295
1 4320
1 3037
1 3974
1 1548
1 2007
1 4942
1 4502
1 303
1 2861
1 3769
1 461
1 3716
1 4056
1 1861
1 1101
1 1835
1 477
1 3073
1 2007
71 2890 4262 4352 249 3849 4605 77 1402 3225 3886 2248 4448 1845 4654 1697 320 4970 1899 4947 464 2762 1912 2864 1959 4731 2920 1876 3725 2048 699 3266 346 560 2882 1868 4659 1898 6 2330 339 2877 1648 2302 43 437 4658 1920 2635 1078 2644 3841 1126 3689 3969 3539 2722 4390 1761 3053 2769 758 3573 3820 2671 4928 688 4763 1301 837 2280 4971
1 801
1 4295
1 3769
1 2032
1 3329
1 3304
1 188
1 477
1 3602
1 2024
1 1384
1 3769
1 1548
1 3752
1 3590
1 2861
1 2032
1 1384
1 3769
1 812
1 3974
1 4942
1 801
1 2972
1 3076
1 3037
1 3947
1 3295
1 4598
1 3947
1 477
1 315
1 3
1 4942
1 2059
1 303
1 1147
1 3974
1 801
1 3295
1 4295
1 3329
1 2592
1 3640
1 4598
1 4942
1 3769
1 2977
1 3752
1 2024
1 4056
1 2592
1 4260
1 1548
1 4834
1 1902
1 3590
1 1882
1 3037
1 3640
1 1835
1 3590
1 4502
1 1384
1 3543
1 4736
1 477
1 303
1 812
1 3604
1 4056
1 3901
1 3604
1 2024
1 1902
1 4464
1 3590
1 880
1 2592
1 2059
1 4834
1 1451
1 581
1 303
1 3752
1 3037
1 3602
1 4320
1 3
1 1451
1 315
1 3602
1 3728
1 3728
1 4464
1 3304
1 1882
1 1835
1 581
1 2861
1 4052
1 303
1 3443
1 2059
1 477
1 1548
1 3543
1 1358
1 801
1 3640
1 3602
1 4320
1 303
1 1358
1 3304
1 461
1 3602
1 315
1 812
1 3960
1 3443
1 4502
1 378
1 3640
1 2861
1 4056
1 966
1 1147
1 4320
1 2592
1 4598
1 2059
1 3728
1 4405
1 303
1 3947
1 1861
1 1101
1 3947
1 1902
1 3295
1 4344
1 1548
1 2059
1 3947
1 425
1 4502
1 4942
1 3443
1 378
1 1903
1 4052
1 3037
1 4502
1 966
1 3640
1 3901
1 3543
1 1835
1 425
1 1882
1 4942
1 2024
1 3604
1 1902
1 2024
1 4320
1 1794
1 378
1 2592
1 4736
1 801
1 3752
1 1451
1 303
1 4260
1 2592
1 378
1 4295
1 3728
1 1495
1 4295
1 3752
1 3752
1 2861
1 3037
1 2024
1 581
1 1358
1 2972
1 581
1 1861
1 1168
1 1861
1 3590
1 1548
1 581
1 461
1 865
1 3947
1 3947
1 1835
1 4598
1 2032
1 1902
1 2972
1 1794
1 3329
1 3037
1 3590
1 1861
1 1101
1 1147
1 865
1 425
1 3543
1 1451
1 3728
1 4834
1 880
1 3073
1 3076
1 4604
1 1794
1 4405
1 4260
1 4052
1 1903
1 4405
1 581
1 3769
1 1903
1 3640
1 3590
1 1495
1 880
1 1384
1 4502
1 3947
1 4052
1 1794
1 1147
1 2972
1 4736
1 3
1 3752
1 1358
1 1101
1 4464
1 4736
1 3728
1 1903
1 1548
1 3716
1 1495
1 3076
1 461
1 4502
1 461
1 3073
1 315
1 1902
1 4502
1 581
1 3716
1 4604
1 2024
1 2007
71 2890 2504 2502 2130 3021 1889 3009 4058 2777 604 4063 513 2 1440 2519 2581 3215 1081 2608 3000 4094 3851 1981 1409 1932 30 3701 3789 4969 4309 1801 3925 2467 2029 4621 748 4919 2457 3815 444 4603 2692 3388 4106 2984 4145 1314 3732 3826 392 2364 1179 1262 3244 1629 206 2907 3876 4369 2023 2116 2074 2717 4134 1457 755 505 3953 576 482 1480
1 3901
1 1168
1 2592
1 303
1 1358
1 4052
1 315
1 3037
1 3543
1 1358
1 2032
1 1495
1 1451
1 3716
1 2977
1 2592
1 3604
1 1548
1 1882
1 2007
1 2592
1 3329
1 2024
1 4464
1 865
1 3295
1 4736
1 4834
70 4834 1882 4052 303 2059 3 461 3295 315 1861 2977 880 3329 1358 1835 1384 581 4604 3590 3604 3901 2024 1794 812 3602 1147 3073 1495 3640 1101 3543 425 2972 3947 3769 1902 4056 865 2592 3974 4320 4464 3304 3752 4598 3960 378 188 4344 3443 1548 3728 4260 4942 3076 2861 2032 1451 801 2007 3037 4295 4736 966 4502 1168 477 1903 4405 3716
1 4464
1 4405
1 1835
1 3
1 4736
1 865
1 801
1 3
1 3604
1 1903
1 3640
1 3752
1 4056
1 315
1 3602
1 2972
1 2861
1 1794
1 188
1 4052
1 2007
1 2059
1 3590
1 801
1 865
1 966
1 3974
1 3076
1 3947
1 2592
1 1451
1 880
1 1451
1 3304
1 315
1 2972
1 3295
1 3947
1 1147
1 188
1 801
1 1168
1 1101
1 3037
1 4405
1 4502
1 303
1 3901
1 4056
1 1794
1 4736
1 4502
1 4052
1 1902
1 4604
1 3640
1 966
1 1882
1 3304
1 3304
1 425
1 865
1 3443
1 3901
1 4295
1 4052
1 4598
1 3
1 2024
1 4834
1 4598
1 4056
1 1101
1 3037
1 1358
1 966
1 3329
1 4056
1 2977
1 3543
1 801
71 2890 3579 2566 847 2061 230 167 3518 2329 1212 157 562 720 4439 2524 4747 2240 4833 2223 3787 3632 4104 2151 335 1777 2430 1479 1792 3265 2370 1628 3647 3786 4432 864 4579 3903 2798 4569 2835 4117 3802 2616 2225 51 2479 2926 191 2782 2018 4073 1966 3426 4323 1600 2906 2321 749 3674 2392 3537 4954 143 4202 1880 1061 1633 1197 189 679 1999
1 2007
1 3602
1 3604
1 1358
72 2890 451 4497 1756 4669 2876 4370 4380 3931 716 489 1879 288 4988 3309 2017 2640 1170 3346 3453 1344 1283 1513 988 76 2450 4762 4186 714 1132 4013 2193 1021 2026 3157 642 155 3415 2494 2319 3273 4191 1003 860 3068 1892 1422 3077 1345 817 1453 1082 4781 2969 2259 4557 1007 808 3680 4870 11 2464 4078 27 1518 2166 4924 2124 1961 4581 2570 743
1 1451
1 3604
1 812
1 1495
1 425
1 3443
1 2861
1 3901
1 2059
1 4502
1 3947
1 4052
1 4295
1 3329
1 581
1 4604
1 3295
1 2024
1 3
1 3076
1 966
1 3
1 2861
1 1101
1 3769
1 3960
1 3901
1 812
1 4052
1 1861
1 3716
1 2861
1 3076
1 3543
1 1101
1 3640
1 378
1 425
1 4405
1 2032
1 1835
1 4834
1 3947
1 2861
1 4295
1 3640
1 4604
1 4295
1 3960
1 425
1 3329
1 4834
1 4464
1 4502
1 3304
1 4295
1 581
1 3974
1 3073
71 2890 3105 1300 727 4199 306 68 2651 926 2005 2109 4587 1054 4985 2251 4938 4242 1251 3643 2373 1047 1752 4428 906 554 1346 71 2678 1834 4710 3777 2745 2463 2964 232 2934 4624 1367 1947 2233 1215 3361 2574 2869 4754 4874 1157 868 4171 4770 3267 448 2568 4441 2618 165 344 3095 3101 2282 2801 4619 2353 3888 4350 2778 1411 1858 4861 3782 4429
1 4260
1 2024
1 1384
1 4295
1 4295
1 2032
1 378
1 3960
1 4604
1 4502
1 1101
1 3076
1 1548
1 1861
1 3960
1 2592
1 4344
1 4260
1 1835
1 3716
1 3769
1 966
1 3329
1 4405
1 2007
1 4598
1 1101
1 3543
1 3543
1 812
1 2977
1 3295
1 4320
1 4604
1 3073
72 2890 2180 3706 3036 310 3316 2852 2384 3595 4898 365 4978 44 3369 4255 677 653 2361 4128 3352 316 118 4894 511 3271 1467 608 2224 4112 3072 2451 4966 4533 669 825 3611 4567 3123 1886 4364 4854 3233 512 1426 2590 4197 5 2186 1210 2177 2562 972 3772 3466 4297 4728 4387 3370 4580 4376 3877 3693 2200 131 445 4217 4662 1073 221 3972 2813 3234
1 2024
1 4295
71 2890 3471 819 3335 3010 1881 2058 4190 2289 2564 4877 3485 2090 1142 663 4385 2814 1489 751 3479 4788 56 4618 2405 82 1931 3856 12 4714 42 1450 1026 1819 2617 3488 3914 377 1360 1934 3887 308 4174 3293 2918 416 352 4236 702 4649 260 598 4343 2386 3767 2848 776 1830 3863 23 239 1655 3049 2080 40 2216 2997 4702 15 1703 1787 844
1 2977
1 4598
1 1835
1 303
1 1903
1 4942
1 315
1 3947
1 3590
1 1451
1 4344
1 4834
1 4598
1 1902
1 4052
1 3295
1 2007
1 3901
1 3037
1 1451
1 3752
1 3590
1 3716
1 2007
1 3037
1 4052
1 4502
1 4295
1 3037
1 4942
1 1495
1 1548
1 303
1 3590
1 3974
1 1451
1 1835
1 378
1 1451
1 1902
1 3974
1 1384
1 3769
1 4604
1 1794
1 477
1 3073
1 1902
1 188
1 4736
1 865
1 1902
1 3728
1 4056
1 3728
1 1495
1 966
1 1882
1 3728
1 3728
1 425
1 4598
1 3974
1 3602
1 4834
1 4598
1 2059
1 966
1 801
1 315
1 4598
1 188
1 1168
1 1902
1 4502
1 4598
1 865
1 188
1 1794
1 865
1 2977
1 1147
1 1882
1 966
1 188
1 1882
1 378
1 1794
1 3602
1 1384
1 1384
1 3
1 1147
1 1495
1 4295
1 1835
1 4320
1 4320
1 3443
1 4295
1 966
1 1147
1 1903
1 4295
1 3947
1 3443
1 3769
1 1861
1 3974
1 865
1 2007
1 3640
1 3947
1 3974
1 4598
1 1384
1 865
1 1902
1 4502
1 3728
1 880
1 2059
1 1903
1 3
1 4834
1 3443
1 1548
1 1835
1 4260
1 812
1 1794
1 3
1 3304
1 1384
1 4502
1 3716
1 1451
1 1861
1 2861
1 303
1 1548
1 4260
1 1101
1 4056
1 3329
1 4052
1 880
1 4260
1 2592
1 801
1 188
1 461
1 1548
1 315
1 378
1 4295
1 3073
1 3073
1 4464
1 966
1 477
1 1168
1 4604
1 4056
1 812
1 3304
1 4052
1 2861
1 1861
1 1902
1 1835
1 2059
1 3716
1 3602
1 3602
1 966
1 4598
1 4604
1 3640
1 4942
1 4052
1 1101
1 1548
1 315
1 3716
1 4405
1 3960
1 581
1 2972
1 2592
1 3037
1 3295
1 303
1 3590
1 3073
1 3443
1 2977
1 3769
1 3769
1 4736
1 425
1 425
1 1358
1 303
1 1384
1 1861
1 1903
1 4405
1 4056
1 3901
1 3543
1 4320
1 3728
1 4598
1 425
1 4736
1 3076
1 2007
72 2890 354 3069 2431 2927 3792 1956 2733 4661 780 3879 627 2994 2208 2345 2887 1618 2620 3448 764 2132 1408 3514 1874 3985 1415 4471 2407 2307 623 950 1569 3092 3638 4419 1528 4168 2401 3690 223 3866 1913 1312 1607 936 974 2367 1177 1554 2632 2142 2173 4243 788 3303 2543 947 655 1486 1162 4987 980 203 4120 3652 94 1002 4717 1637 3268 4869 484
1 2032
1 3602
1 188
1 1451
1 2059
1 1794
1 1168
1 3295
71 2890 2347 3755 3411 3480 4339 4584 1979 4596 4959 1949 34 2924 2191 3307 4381 617 794 2949 1087 2688 4934 4004 1865 4305 139 2181 2281 4059 1645 3209 493 4517 4760 4251 192 2020 4281 528 602 384 1851 2598 2707 4872 1553 4701 126 3724 3362 3358 1033 2534 4989 1463 4922 3469 1583 718 3032 2950 4382 4231 4499 2012 526 800 3242 3963 2276 4355
1 2032
1 3543
1 3304
1 4295
1 2977
1 303
1 3
1 1358
1 1835
1 4295
1 3640
1 3073
1 4056
1 3947
1 3543
1 1548
1 4052
1 378
1 4736
1 188
1 1101
1 1451
1 3329
1 3443
72 2890 4926 4318 4172 2478 2634 2335 238 2546 2360 460 1506 2800 240 2426 3349 410 408 2967 4703 1739 2883 3665 2197 1394 2031 1856 4564 1192 1455 754 3691 600 1194 3028 799 536 235 3221 83 1653 3670 1151 1680 2351 516 2025 2597 786 582 10 3766 533 612 60 1340 4165 4525 3060 1199 696 3327 2991 4008 370 1821 4982 1970 1827 442 4571 572
1 4604
1 4052
1 581
1 188
1 3
1 3076
1 1794
1 865
1 4295
1 2032
1 1861
1 581
1 303
1 3
1 2032
1 1835
1 2977
1 315
1 303
1 3329
1 812
1 378
1 3073
1 1358
1 3769
1 477
1 3901
1 4736
1 3304
1 2059
1 1794
1 3037
1 3304
1 865
1 1882
1 1495
1 1147
1 4464
1 1495
1 3073
1 3073
1 1902
1 865
1 4942
1 1495
1 865
1 315
1 4056
1 461
1 2007
1 425
1 4260
1 1861
1 3728
1 1882
1 3960
1 461
1 1168
1 2861
1 4056
1 1548
1 4260
1 1495
1 1168
1 1794
1 4260
1 3602
1 4604
1 3590
1 188
1 1835
1 4056
1 865
1 188
1 4344
1 4598
1 3901
1 2007
1 3640
1 3716
1 4942
1 3304
1 378
1 3590
1 2059
1 2977
1 1835
1 3543
1 581
1 4405
1 2007
1 3960
1 2059
1 3590
1 2059
1 1358
1 2972
1 1902
1 4598
1 1548
1 4405
1 2032
1 3604
1 4736
1 3640
1 1903
1 1548
1 3602
1 1861
1 2032
1 188
1 1147
1 3443
71 2890 4740 4843 4961 3328 1188 1822 3175 2741 4927 374 1410 4616 4179 1551 3671 912 432 4404 4042 898 4218 2178 1385 882 1589 3852 2713 4822 1533 3971 969 185 1261 637 705 2311 4577 1748 2695 4537 4418 4549 3758 1573 4955 2532 436 4103 1104 4968 2953 1505 4062 1259 3809 4423 439 3442 1590 1720 4431 496 3272 125 3608 869 3182 2983 3202 798
1 4056
1 4052
1 3602
1 865
1 3295
1 4405
1 303
1 2007
1 1384
1 2977
1 1384
1 3543
1 3728
1 865
1 2059
1 425
1 3602
1 4834
1 425
1 1147
1 1882
1 3752
1 3073
1 3728
1 378
1 3304
1 477
1 3076
1 4320
1 2059
1 3716
1 812
1 3752
1 315
1 4320
1 3076
1 3304
1 801
1 4295
1 1495
1 3604
1 3076
1 1861
1 4056
1 3076
1 2059
1 4052
1 425
1 477
1 3590
1 4736
1 3728
1 461
1 4834
1 4405
1 1882
1 4502
1 477
1 4464
1 3960
1 3947
1 966
1 4344
1 3769
1 880
1 1902
1 477
1 3602
1 1495
1 3716
1 3295
1 2059
1 425
1 966
1 2972
1 4464
1 3901
1 3728
1 1358
1 1861
1 4464
1 378
1 4320
1 3604
1 2024
1 4295
1 1451
1 4295
1 1384
1 1861
1 3
1 966
1 1903
1 2972
1 1495
1 2592
1 3974
1 3590
1 3752
71 2890 4232 4873 772 782 2184 2125 2231 4904 855 3455 4003 3699 1125 3644 1791 4891 92 2750 2970 2371 4735 3011 2512 2140 2217 3936 2183 4856 4397 2657 2395 75 762 2447 2422 2127 4204 3066 3065 2699 2246 1917 3988 3417 3306 4401 2418 2808 3623 907 2424 3319 909 1658 1432 1527 3287 124 552 178 1666 3759 4655 1627 2118 3705 2870 4327 1239 4705
1 1147
1 4056
1 3960
1 3960
1 4464
1 581
1 3752
1 425
1 1835
1 3901
1 3960
1 477
1 966
1 3716
1 3752
1 3901
1 3901
1 3728
1 3901
1 1495
1 581
1 1903
1 4320
1 4464
1 4736
1 3769
1 4320
1 812
1 4502
1 2592
1 1548
1 1495
1 425
1 4502
1 4834
1 2972
1 3947
1 378
1 1882
1 303
1 2032
1 1861
1 3901
1 3716
1 1168
1 4405
72 2890 1647 1182 2787 2169 1057 4677 398 3493 196 281 1615 1109 4338 883 1209 2482 1732 3659 3423 3822 2654 3098 4673 87 1286 3986 4753 546 3744 1318 3714 4478 494 4445 690 2649 3110 3270 1056 2826 4244 3541 2097 4084 1897 1424 842 4226 429 930 2607 4412 4768 4037 2669 4636 1308 256 4061 893 3398 2144 3085 692 4995 3413 1728 2913 4379 2802 4156
1 2007
1 1903
1 3947
1 1495
1 3073
1 188
1 1451
1 1882
1 303
1 378
1 966
72 2890 4683 713 4799 3695 4022 1915 1005 328 1037 535 1433 520 1221 3297 2703 1982 2684 2085 2974 1740 3446 2601 3981 3460 578 3613 3961 3658 3437 3626 3250 212 2709 4767 4075 2316 2047 2905 3617 863 872 3511 3251 3962 1844 827 270 888 1662 4830 3898 1468 3396 1735 180 4692 3165 3140 4407 4823 2344 1718 697 4715 2679 4286 116 2441 1493 2358 593
1 4464
72 2890 1918 3946 2262 2662 4252 1545 875 4045 1072 1621 2899 371 2878 2411 569 548 1174 379 1481 678 4880 93 2756 2466 1587 1383 4053 67 2975 1574 1502 4944 292 4772 4306 4691 2267 2665 2979 3932 479 4688 1948 3949 4742 17 1009 3948 4450 2000 4300 1810 170 2366 4626 4341 3527 4860 4215 4237 4761 4293 859 453 3484 1123 1595 1368 3432 1351 475
1 4502
1 1882
1 1882
1 3443
1 4405
1 801
1 3073
1 461
1 3602
1 315
1 966
1 1903
1 3602
1 1168
1 3752
1 3
1 1384
1 1882
1 3543
1 1451
1 188
1 3602
1 1451
1 1882
1 461
1 1903
1 4056
1 2972
1 3974
1 880
1 865
1 1903
1 4405
1 3295
1 880
72 2890 4712 1036 1311 1284 2027 3434 2483 2748 2825 3255 2716 3013 172 2636 4986 2702 2946 4259 4956 4790 4016 2901 1113 2260 258 1189 3188 1578 2236 454 4800 4614 1503 4035 3408 4844 2342 2283 742 4291 4813 2245 818 911 4417 4435 1488 2143 3875 1191 2522 1639 1656 24 4686 3023 4848 1682 4060 264 405 4516 4290 3315 1223 4368 4494 1200 1911 4302 2652
1 880
1 1861
1 3037
1 3543
1 1358
1 3716
1 2972
1 1835
1 4834
1 1168
1 1451
1 3295
1 1495
1 3
1 3716
1 865
1 303
1 3602
1 3590
1 880
1 4604
1 4464
1 477
1 581
1 3329
1 3901
1 3
1 3901
1 3947
1 3329
1 3443
1 4405
1 3716
1 2972
1 315
1 1147
1 3901
1 4604
1 3960
1 2977
1 1495
1 801
1 1882
1 4260
1 1835
1 1903
1 865
1 477
1 2592
1 3295
1 3329
1 303
1 3073
1 2007
1 3602
1 1794
1 4604
1 1794
1 3543
1 865
1 2861
1 3728
1 4320
1 4320
1 3543
1 3073
1 3
1 4320
1 1835
1 3716
1 3769
1 865
1 1882
1 3590
1 4464
71 2890 4266 177 3557 3673 3803 2086 840 2087 243 2489 2305 2278 3646 530 3513 502 152 4024 4911 1733 2584 1429 806 4342 2846 1134 3008 3261 4325 2875 2067 747 3655 1391 4093 4079 3474 3099 1225 4651 1484 1034 3587 3842 450 839 2857 2083 547 4539 3212 4622 4812 1980 18 2230 3057 927 2460 3710 3409 4588 282 1953 4993 4356 2123 1710 532 3249
1 315
1 4736
1 2032
1 865
1 1384
1 4464
1 425
1 3304
1 2592
1 461
1 4260
71 2890 531 2219 2271 971 393 1926 2148 567 3702 3521 2053 3467 884 4889 3760 928 3289 523 2348 693 1808 1226 4685 1246 3561 3934 3996 297 4299 922 4164 2843 561 4540 4071 4907 3129 2772 3495 1476 2686 1640 1024 3135 3456 1950 110 2685 2725 3131 2810 1594 518 1160 2388 544 3383 661 4500 3136 3196 102 735 2051 4538 4550 694 2066 2028 1539
1 477
1 4464
1 4598
1 2861
1 4464
1 4320
1 1358
1 4464
1 2059
1 4344
1 3947
1 880
1 3974
1 966
1 1861
1 3590
1 4736
1 1358
1 1451
1 3769
1 812
1 4736
1 3
71 2890 4184 299 3987 3558 2456 2343 2776 876 651 1517 3550 1935 1584 769 648 4312 1558 4503 4113 605 209 2544 2677 1512 2902 1136 2838 2531 1993 3465 683 1145 226 3976 113 182 2775 4899 2525 1353 4916 4480 2765 1781 700 4885 117 158 2641 1213 3097 4334 2606 3619 1839 2205 4198 3542 3476 2273 422 2382 1907 3889 4196 345 710 3935 4501 4066
1 2059
1 1358
1 3304
1 378
1 1548
1 3443
1 3543
1 3728
1 3901
1 477
1 880
1 1495
1 865
1 3329
1 3076
1 581
71 2890 886 4741 4726 3859 3119 4077 3507 4307 4805 4556 2419 4849 4426 236 3183 366 1369 69 1108 4283 4806 4884 357 1167 1896 722 3275 1651 2452 481 4271 603 2582 2103 4115 2446 3569 205 2595 4086 3748 1446 3711 3923 2823 2318 277 2604 2120 3002 1041 3354 656 2639 2611 3956 3801 4485 1622 3274 3058 4801 1185 2521 1487 4141 1238 1322 1890 2035
1 1384
1 1168
1 3073
1 4295
1 1168
1 188
1 3974
1 3037
1 4320
1 4736
1 1495
1 2007
1 3037
1 3960
1 1548
1 1168
1 2972
1 2972
1 4056
1 2861
1 1794
1 1861
1 3295
1 3901
1 4464
1 4604
1 4464
1 3974
1 2024
1 4736
1 1548
1 3769
1 2972
1 3716
1 1794
1 1168
1 4320
1 425
1 1495
1 3443
1 812
1 3901
1 3947
1 1101
1 3974
1 2861
1 3974
1 4598
1 1903
1 581
1 2592
1 1794
1 3590
1 880
1 4834
1 4344
1 2861
1 1835
1 2032
1 477
1 966
1 1882
1 1168
1 1147
1 188
1 2024
1 1147
1 865
1 4295
1 4405
1 3
1 2592
1 3716
1 4736
1 4405
1 880
1 1384
1 188
1 4598
1 2592
1 2007
1 2861
1 3443
1 2059
1 1548
1 461
1 3076
1 4344
1 1101
1 3769
1 3974
1 4598
1 4405
1 3076
1 1903
1 1794
1 3295
1 2059
1 4834
1 1384
1 1147
1 4502
1 4834
1 865
1 3947
1 3640
1 2861
1 3073
1 801
1 3295
1 4736
1 4052
1 4052
1 4834
1 4344
1 425
1 2592
1 3076
1 3037
1 3752
1 315
1 4260
1 4736
1 1451
1 4260
1 812
1 4942
1 812
1 3602
1 966
1 865
72 2890 3811 790 3520 3559 1850 1893 1299 2862 132 1018 3560 2001 2664 4391 1448 337 2387 2985 4871 1660 2559 3356 3562 3586 3406 4130 4400 3094 4600 4020 824 984 2112 399 4633 874 4902 3793 3761 1730 2749 1540 2938 2472 4276 4787 3668 4730 4415 540 4544 3286 4219 1663 4936 4403 1342 142 2416 3677 1398 1161 2954 1337 1501 3666 3553 3004 1193 4984 4774
1 378
1 2972
1 1451
1 2024
1 303
1 4598
1 4405
1 1835
1 3974
1 4834
1 4405
1 1903
1 3076
1 425
1 188
1 1903
1 378
1 4056
1 1902
1 1882
1 2059
1 3769
1 4295
1 2861
1 2032
1 4942
1 4834
1 1861
1 1794
1 2977
1 3604
1 4464
1 3728
1 3752
1 3543
1 315
1 1147
1 1101
1 801
1 1902
1 2007
1 3974
1 2059
1 1835
1 3604
71 2890 4545 383 4682 2793 4548 16 2619 2792 804 4512 3739 2365 2731 2928 2831 2737 4264 3959 2410 2295 3580 4267 2229 4646 1929 443 3318 3669 1272 2039 507 2988 4562 4809 3593 4091 644 4476 1875 3189 2919 2728 4210 3181 3084 887 4257 4665 4602 7 2057 1877 2622 807 4785 4510 4467 3020 55 4488 3504 3874 358 1762 2215 4195 3812 4229 1236 1472
1 3604
1 3604
1 1147
1 1548
1 1548
1 2861
1 1101
1 1358
1 3769
1 1384
1 1861
1 3947
71 2890 2501 4483 3385 1310 1683 3263 224 759 1103 3546 1815 115 304 2055 2712 3026 4570 731 2255 4234 3503 3421 4021 4847 3783 1612 1816 59 770 829 1250 4345 2128 1214 242 610 1542 361 2505 187 584 673 1676 3003 2232 1691 580 951 47 3045 1437 4574 218 3052 3547 962 4454 4477 2107 508 2298 1783 2454 1552 4238 1567 3554 3998 3679 488
1 3602
1 3602
1 3304
1 2007
1 1495
1 188
1 1548
1 1902
1 2592
1 581
1 3443
1 3073
1 1384
71 2890 3117 1195 3035 2150 459 109 1962 672 4437 867 1381 1106 934 21 4765 1129 1617 1774 3910 1930 2337 88 387 1289 1649 2153 1382 3943 2575 521 1099 1661 1154 1302 4906 3860 3776 4519 2442 4189 854 2630 3139 2613 3797 1420 3633 4508 2435 1270 2513 963 2917 74 3185 3111 3741 4329 279 1769 2176 3816 3190 3540 858 4601 695 1180 4507 3814
1 4344
1 3752
1 812
1 1882
1 4344
1 425
1 3602
1 1861
1 801
1 1835
1 3295
1 3590
1 3752
1 3543
1 4052
1 2007
1 1903
1 880
1 425
1 461
1 1358
1 3728
1 4604
1 3960
1 4604
1 4320
1 4942
1 3
1 3543
1 3304
1 581
1 4052
1 1495
1 3329
1 2024
1 4598
1 1384
1 1147
1 2977
1 378
1 2024
1 3640
1 1548
1 1548
1 461
1 3901
1 3960
1 3602
1 1794
1 3716
1 4295
1 2059
1 2059
1 1384
1 1835
1 1861
1 4942
1 4052
1 2024
1 4464
1 3640
1 3
1 3590
1 4320
1 4464
1 812
1 4502
1 3443
1 2059
1 2032
1 3604
1 4502
1 865
1 865
1 2032
1 4052
1 1147
72 2890 3882 2167 4901 601 1275 2943 4050 2159 2206 1694 1231 2989 4303 1201 2819 1158 2326 991 1695 2832 2744 388 272 2910 4032 3006 4783 1823 31 3989 4842 1328 3490 2956 89 4081 359 2693 486 4711 2040 4846 4006 2867 3091 948 3243 4187 3331 2390 1855 2064 3102 2548 3257 4245 138 4958 3222 918 4100 3321 3881 4481 1058 1124 3445 228 509 766 506
1 3604
1 4598
1 1495
71 2890 106 100 2557 1820 4678 340 1075 3919 3130 2903 332 2378 933 4910 3788 3389 4336 4492 938 3401 1325 622 4470 1156 1847 1951 4687 1255 4595 3240 3317 931 2643 467 2663 639 1077 3487 161 873 4518 4340 2006 845 2433 3545 174 215 1817 2718 1869 2533 3377 3285 25 3444 2021 1581 2968 4667 2585 4739 1224 3220 2227 3631 1040 2168 2939 2962
1 880
1 2861
1 3304
1 3640
1 3590
1 3443
1 2861
1 880
1 1495
1 3752
1 4344
1 461
1 1882
1 4604
1 3728
1 1882
1 2972
1 4320
1 3602
1 315
1 3769
1 2977
1 3716
1 4598
1 4052
1 4344
1 1384
1 3590
1 865
1 3769
1 966
1 1835
1 188
1 303
1 3947
1 1495
1 3716
1 2861
1 1861
1 2032
1 2024
1 1835
1 4942
1 4052
1 1794
1 1902
1 3443
1 2972
1 1358
1 2861
1 865
1 581
1 1882
1 4502
1 4320
1 3073
1 3752
1 581
1 3769
1 425
1 2972
1 1835
1 461
1 3295
1 2059
1 303
1 4320
1 1495
1 4260
1 1835
1 1168
1 3073
1 4464
1 3901
1 1495
1 1147
1 4260
1 2861
1 425
1 812
1 1101
1 3
1 1495
1 1451
1 3769
1 188
1 1384
1 581
1 2861
1 1835
1 1902
1 1358
1 1384
1 1902
1 1358
1 461
1 461
1 1794
1 865
1 3590
1 303
1 2024
1 4464
1 1902
1 4344
1 1101
1 880
1 3728
1 3329
1 477
1 1384
1 3295
1 2032
1 4942
1 3037
1 3329
1 4598
1 3076
1 966
1 425
1 581
1 4598
1 3443
1 1902
1 1882
1 477
1 1147
1 3752
1 865
1 2977
1 4052
1 4344
1 3974
1 3076
1 2977
1 461
1 2024
1 966
1 3947
1 3752
1 3073
1 3752
1 3037
1 2032
1 1101
1 2972
1 2059
1 3543
1 188
1 188
1 4598
1 4344
1 4320
1 3947
1 1358
1 4598
1 2007
1 4502
1 3604
1 880
1 3073
1 3443
1 3901
1 1147
1 1794
1 1358
1 4736
1 1902
1 1101
1 3590
1 4260
1 4942
1 3947
1 4834
1 3304
1 3543
1 303
1 3960
1 1451
1 3076
1 3604
1 3960
1 315
1 461
1 1903
1 3037
1 3295
1 3590
1 4052
1 2024
1 1794
1 4736
1 1358
1 2032
1 3304
1 3604
1 4344
1 4502
1 3073
1 1101
1 3947
1 4405
1 3640
71 2890 3205 2398 4133 1098 1974 1137 4803 301 4227 1418 4890 2510 792 220 1995 3684 3894 3395 1477 862 809 317 1841 81 176 3055 1775 3224 939 2133 4284 1436 843 1713 4125 1187 3891 621 777 4607 294 4689 3727 4484 2645 4707 134 3038 592 1355 676 4706 4998 1678 3391 4888 99 2292 2518 3381 3218 1093 2164 4599 2768 4347 2818 1216 1059 4679
1 1882
1 2592
1 4405
1 3947
1 3
1 3716
1 3947
1 812
1 812
1 461
1 3769
1 3
1 2007
1 1902
1 3
1 3901
1 4598
1 4464
1 4736
1 865
1 3304
1 477
1 3769
1 4260
1 461
1 3602
1 4942
1 1903
1 1168
1 3640
1 3640
1 1101
1 3604
1 1882
71 2890 4590 1253 468 2990 3075 1397 4859 3838 861 2275 2529 2774 3529 904 3041 986 469 2633 852 3033 4804 2594 4755 2287 58 3042 3104 3171 3314 273 4811 4317 3025 3531 1305 1952 4746 3176 4025 3482 575 1722 4438 3180 2572 1051 3232 1957 57 3022 3338 4979 274 633 1531 2558 2955 4802 3773 1431 2771 3924 687 2498 3308 1227 836 4643 184 1181
1 4604
1 3073
1 4405
1 3728
1 3604
1 315
1 3640
1 4052
1 880
1 3304
1 3604
1 3769
1 2059
1 2861
1 880
1 1882
1 3752
1 1794
1 188
1 581
1 4834
1 4295
1 3329
1 1548
71 2890 1631 1737 4578 4725 3708 1478 3778 3566 3173 667 1268 3472 1249 1826 850 3734 643 204 515 4000 1263 2157 1560 2468 3570 1712 4074 2300 1406 1100 3478 2704 1373 4992 2102 434 1848 72 2759 4111 4867 1921 2680 447 956 402 566 3070 1434 1038 1326 4209 3703 1705 3174 2721 4845 4953 4038 4123 2042 3806 1271 870 1872 3704 3288 703 3526 2573
1 4405
1 1861
1 2972
1 1358
1 3716
1 1147
1 3543
1 1835
1 3974
1 1903
1 2024
1 1882
1 1451
1 3752
1 4464
1 4056
1 315
1 3590
1 3304
1 4056
1 3604
1 3716
1 3076
71 2890 2081 646 4253 4455 296 2234 2277 470 1016 1335 1130 4997 4406 3825 3857 4534 347 763 1704 4939 380 4819 1430 2082 4630 4161 856 4188 2285 1380 2734 1118 828 104 3404 1470 2394 19 246 4505 2491 1605 1864 618 1241 3054 2547 925 4468 942 905 3975 3738 1711 4208 2540 1946 1013 4082 3087 3506 3979 341 151 148 4957 1632 3884 4067 4487
1 3960
1 966
1 4260
1 801
1 4405
1 3037
1 2024
1 2592
1 1835
1 1903
1 3304
1 3716
1 1495
1 188
1 1147
1 1861
1 4502
1 581
1 1101
1 3073
1 801
1 4464
1 3
1 3640
1 2861
1 2977
1 461
1 1835
1 378
1 1495
1 4405
1 3073
1 1451
1 4464
1 3590
1 2977
1 3304
1 3304
1 1548
1 461
1 3076
1 4942
1 3073
1 801
1 812
1 2592
1 3901
1 4502
1 880
1 1548
1 2007
1 801
1 3543
1 1168
1 3
1 3901
1 3543
1 461
1 3901
1 3443
71 2890 3498 2060 3430 987 1035 4945 263 3844 3637 778 3449 107 4771 2506 2892 717 3839 1217 1435 4258 3672 613 3912 3061 1111 3016 4463 4349 4479 1105 3284 4298 3862 1321 1994 3908 671 4975 522 4421 4321 4640 4263 4937 3589 1206 3419 1267 4752 2821 557 4963 4375 259 1944 1334 2935 650 1570 2726 2817 1923 2535 896 3262 1243 1586 3609 497 406
1 4344
1 3602
1 1101
1 2032
1 812
1 303
1 3590
1 1882
1 315
1 3901
1 1902
1 3640
1 3443
1 3295
1 4604
1 4405
1 4464
1 3443
1 2032
1 315
1 3769
1 477
1 3037
1 3037
1 4942
1 3443
1 2972
1 3
1 1882
1 3640
1 1384
1 3974
1 4295
1 2972
1 2024
1 3037
1 1903
1 1794
1 880
1 3590
1 4464
1 1835
1 2592
1 1495
1 3604
1 1835
1 1451
1 1861
1 3960
1 4344
1 303
1 966
1 2007
1 1861
1 4464
1 1548
1 425
1 4405
71 2890 3603 4278 1701 291 1354 3722 4378 3524 878 2668 3519 3030 1092 3567 114 2077 2841 3548 3933 4034 4914 1919 4446 1131 4460 2687 2530 1941 4422 4039 247 499 1423 2011 2891 1532 2885 4597 2567 2091 1419 791 3733 3736 3367 3796 3730 1374 3715 2113 4129 2004 4552 1696 1064 4366 3235 403 4769 1031 1219 2339 4335 3662 924 4159 3794 2554 1121 3502
1 3
1 1861
1 3947
1 4344
1 1903
1 4056
1 3295
1 865
1 477
1 1101
1 1861
1 3947
1 3960
1 3590
1 4405
1 3752
1 4052
1 1861
1 3960
1 4260
1 3769
1 2059
1 4344
1 3947
1 1902
1 801
1 1495
1 4056
1 2024
1 3640
1 1861
1 315
1 2977
1 1101
1 3304
1 3728
1 3752
71 2890 1654 910 3031 3500 4392 2746 1341 968 765 2192 1276 1997 217 3047 1183 2655 2739 3195 2383 2341 4214 4573 1079 200 1580 3103 2409 4361 2114 2936 1626 3572 3151 2830 491 4506 1579 2432 4254 2850 2942 54 1771 3211 2855 1069 4041 3577 1945 2579 2515 3871 662 1619 4110 4825 1128 1519 9 1576 2714 4046 8 1483 4795 3605 2987 430 2331 1090
1 3752
1 1147
1 4344
1 4502
1 3974
1 3974
1 1384
1 3947
1 1168
1 3947
1 865
1 1861
1 4604
1 3640
1 3304
1 4056
1 3974
1 1168
1 865
1 303
1 2059
1 2032
1 3329
1 188
1 1451
1 378
1 1882
1 3
1 1101
1 188
1 3073
1 4344
1 1794
1 425
1 3443
1 3728
1 3716
1 3728
1 1101
1 4598
1 477
1 3901
1 3947
1 1147
1 1168
1 3947
1 3443
1 3728
1 966
1 4464
1 425
1 1168
1 581
1 3769
1 2977
1 2032
1 4604
1 1168
1 461
1 3947
1 188
1 3329
1 966
1 425
1 3073
1 315
1 2972
1 3960
1 3329
1 1861
1 4502
1 3960
1 880
1 812
1 3443
1 4320
1 2972
1 3073
1 2977
1 425
1 1794
1 3304
1 4834
1 1451
1 3037
1 3716
1 2032
1 4295
1 1451
1 4604
1 1147
1 3
1 4056
1 3304
1 4464
71 2890 2149 476 3142 3152 616 2499 961 78 537 3078 1667 542 1529 4173 52 135 2621 1546 2179 3138 3253 2437 4542 779 1357 3428 3147 2957 3089 2377 2352 3861 3848 4277 2264 3405 4759 3731 2961 2795 3191 529 4178 4054 2052 127 4721 2637 4708 197 2500 95 4207 2320 728 3063 3907 2528 1866 4080 833 4010 2492 4212 2420 2268 2723 3817 3290 1687
1 4260
1 3901
1 3974
1 3947
1 2861
72 2890 213 3239 3254 3795 3661 4592 1252 682 4634 1772 2238 1120 1736 1862 2362 4925 1196 4296 4515 1348 3997 4666 1721 1198 1978 2050 595 1287 1685 3071 2993 3999 1461 3330 4070 2858 1563 326 3678 3397 485 1745 65 22 1797 2010 832 3046 50 2508 1139 2089 2121 4855 4420 4559 1887 4875 1534 1833 2815 2945 3697 3120 2203 996 229 1825 3024 1245 1758
1 2592
1 1358
1 4260
1 477
1 801
1 1861
1 461
1 4834
1 4736
1 3640
1 1903
1 3443
1 4834
1 3076
1 3037
1 1384
1 2861
1 3716
1 378
1 3037
1 801
1 3604
1 1902
1 581
1 1861
1 4344
1 812
1 461
1 3901
1 4604
1 2007
1 3590
1 880
1 1861
1 581
1 4405
1 188
1 1101
1 4295
1 1495
1 2007
1 3947
1 1794
1 1358
1 3076
1 801
1 3716
1 4736
1 966
1 2592
1 3543
1 812
1 1451
1 2592
1 2592
1 1101
1 3295
1 3073
1 1548
1 425
1 3947
1 4604
1 4056
1 812
1 2977
1 4942
1 1794
1 1168
1 3590
1 477
1 1451
1 801
1 3590
1 4056
1 4260
1 315
1 2024
1 3947
1 3602
1 1903
1 3728
1 3640
1 4056
1 3604
1 4260
1 1168
1 3604
1 3602
1 865
1 880
1 801
1 2024
1 378
1 4834
1 1548
1 2007
1 3304
1 3076
1 3329
1 4834
1 3543
1 4260
1 4260
1 4598
1 4942
1 3037
1 4052
1 3640
1 801
1 3076
1 3602
1 4736
1 3295
1 1882
1 303
1 477
1 4598
1 1882
1 2007
1 812
1 4320
1 3769
1 1882
1 3073
1 1902
1 3901
1 2592
1 581
1 1548
1 477
1 3543
71 2890 2428 3880 4716 169 589 630 549 407 1065 1421 2475 899 53 1294 2763 1987 3750 2895 1849 2393 4757 4248 1706 596 3718 2888 456 4279 3357 3494 3323 79 737 1359 3292 3276 1114 2941 4652 2038 4828 1714 3892 2138 3568 3799 1260 4613 4831 1614 2836 3843 3779 2253 3745 1084 4745 261 2470 4981 2658 628 3126 2555 4223 32 1806 1 2842 3433
1 461
1 1495
1 4056
1 3443
1 3769
1 3604
1 865
1 1495
1 4736
1 4295
1 2972
1 3
1 425
1 3
1 966
1 4405
1 3590
1 3037
1 4295
1 461
1 4736
1 1451
1 4598
1 3304
1 3604
1 2977
1 2592
1 4942
1 3974
1 2007
1 3602
1 3590
1 4464
1 3037
1 4405
1 3604
1 1101
1 3901
1 303
1 2059
1 4942
1 2024
1 1794
1 880
1 2977
1 4942
1 4052
1 2024
1 3947
1 315
1 3901
1 3076
1 1548
1 3640
1 477
1 1903
1 1548
1 3
1 4502
1 4834
1 966
1 4834
1 3602
1 3640
1 3769
1 4295
1 4260
1 4295
1 3769
1 3769
1 1548
1 966
1 3947
1 2059
1 4295
1 3716
1 3640
1 1903
1 2024
1 4834
1 303
1 581
1 4344
1 1495
1 1794
1 3443
1 3602
1 1147
1 4502
1 1147
1 1903
1 4736
1 1835
1 3602
1 4736
1 2032
1 2972
72 2890 1417 4943 4612 3824 39 2425 2889 629 3497 3461 680 325 440 3911 2115 2190 4230 2299 2239 1389 183 3141 1842 3201 3928 3029 2811 4851 4798 1746 4617 822 916 3649 1852 1514 2960 4585 2356 1298 2209 4991 231 3088 4704 4863 2647 3578 715 2412 2135 2673 3872 3019 2244 419 2263 4698 4941 4816 1802 1152 609 2002 4316 1798 1071 3868 551 3883 4796
1 812
1 4942
1 315
1 1358
1 812
1 581
1 378
1 4052
1 3443
1 3640
1 4320
1 4052
1 3960
1 3640
1 3769
1 315
1 4834
1 1835
1 1384
1 3073
1 4604
1 3543
1 966
1 2007
1 4295
1 3604
1 3037
1 188
1 4834
1 315
1 477
1 2024
1 4320
1 461
1 3295
1 2977
1 3901
1 3304
1 3543
1 3037
1 4604
1 1384
1 3076
1 1101
1 188
1 3604
1 1168
1 1147
1 2032
1 3769
1 3752
1 477
1 2059
1 4260
1 3728
1 4260
1 3543
1 378
1 4942
1 3073
1 315
1 188
1 4942
1 3073
1 3752
1 4942
1 4052
1 3901
1 477
1 3543
1 4942
1 3974
1 3728
1 3
1 3
1 4056
1 3716
1 1101
1 1902
1 4464
1 1548
1 3752
1 1861
1 1384
1 2861
1 1451
1 2007
1 3304
1 2024
1 2977
1 4604
1 3329
1 3443
1 2592
1 1168
1 4942
1 865
1 2032
1 966
1 3304
1 378
1 3901
1 4405
1 3037
1 4344
1 1358
1 4834
71 2890 2740 2626 4709 4031 1813 119 1765 1138 313 3106 4897 1379 1805 2754 4836 4287 4386 3896 2165 2349 2638 1365 1281 2359 2043 495 1840 1232 4170 2421 4099 421 3410 1091 654 740 2481 4670 190 4777 4430 919 2578 674 1729 4905 4228 329 2614 1475 3256 1020 4001 1110 4930 709 267 640 3373 164 4900 2493 744 4893 159 4782 3927 3082 2354 4764
1 4834
1 3604
1 4405
1 2032
1 2592
1 2007
1 3
1 1358
1 1903
1 1451
1 4320
1 2972
1 3443
1 3640
1 4344
1 4052
1 3304
1 2024
1 3443
1 812
1 4405
1 425
1 2024
1 3073
1 581
1 3443
1 2861
1 2592
1 2592
1 1101
1 1835
1 801
1 4405
1 477
1 425
1 3073
1 4295
1 378
1 4736
1 3329
1 461
1 3901
1 3037
1 3640
1 3295
1 2977
1 3304
1 1495
1 4834
1 4320
1 3716
1 1902
1 3590
1 378
1 4344
1 4260
1 3
