10000 1000 1000
1 2
1 3
1 5
1 10
1 20
1 418
1 798
1 819
1 949
1 1102
1 1298
1 1317
1 1389
1 1458
1 1634
1 1788
1 2144
1 2164
1 2213
1 2218
1 2248
1 2252
1 3347
1 3693
1 3695
1 3716
1 4068
1 4101
1 4920
1 5044
1 5206
1 5327
1 5616
1 6161
1 6567
1 6583
1 6695
1 6790
1 6946
1 6977
1 7128
1 7595
1 7919
1 7959
1 8109
1 8173
1 8388
1 8486
1 8777
1 8830
1 8890
1 9152
1 9458
1 9820
1 9891
1 9932
2 4
2 18
2 21
2 43
2 111
2 415
2 578
2 847
2 1271
2 1548
2 1679
2 1772
2 1814
2 1983
2 2224
2 2374
2 2881
2 4210
2 4324
2 4343
2 4400
2 4811
2 4866
2 4963
2 5222
2 5284
2 5361
2 5497
2 5586
2 5589
2 5604
2 5760
2 5869
2 6099
2 6279
2 6587
2 6850
2 6967
2 7346
2 7613
2 7779
2 7790
2 7842
2 8196
2 8267
2 8390
2 8424
2 8434
2 8540
2 8557
2 9221
2 9632
2 9759
3 6
3 7
3 8
3 11
3 27
3 76
3 80
3 114
3 153
3 237
3 360
3 521
3 796
3 875
3 876
3 891
3 905
3 1117
3 1167
3 1383
3 1473
3 1569
3 1603
3 1718
3 1885
3 2059
3 2071
3 2245
3 2335
3 2583
3 2686
3 3033
3 3046
3 3099
3 3113
3 3188
3 3304
3 3488
3 3494
3 3823
3 4055
3 4964
3 5534
3 5710
3 6202
3 6225
3 6367
3 6386
3 6400
3 6772
3 6847
3 6864
3 6918
3 7303
3 7770
3 8188
3 8666
3 8686
3 8794
3 9247
3 9358
3 9644
3 9937
4 17
4 37
4 42
4 125
4 350
4 1056
4 1233
4 1618
4 1817
4 2024
4 2261
4 2428
4 2569
4 2746
4 3019
4 4091
4 4179
4 4863
4 4881
4 4935
4 4959
4 5055
4 5145
4 5919
4 6169
4 6328
4 6718
4 6771
4 7033
4 7338
4 7632
4 7768
4 8047
4 8052
4 8102
4 8576
4 8942
4 9171
4 9357
4 9683
4 9755
5 12
5 19
5 150
5 333
5 378
5 573
5 595
5 630
5 721
5 810
5 969
5 1221
5 1326
5 1436
5 1606
5 1734
5 2009
5 2060
5 2183
5 2582
5 3138
5 3272
5 3383
5 4016
5 4175
5 4330
5 4613
5 4692
5 4945
5 4978
5 5428
5 5550
5 5714
5 5954
5 6269
5 6298
5 6332
5 6348
5 6775
5 7008
5 7165
5 7567
5 7659
5 8018
5 8231
5 8658
5 8967
5 8986
5 9002
5 9009
5 9044
5 9535
5 9610
5 9753
6 70
6 189
6 884
6 895
6 965
6 1276
6 1430
6 1529
6 1911
6 2184
6 2250
6 2368
6 2584
6 2722
6 2830
6 3094
6 3135
6 3221
6 3351
6 3517
6 3717
6 3861
6 4069
6 4270
6 4431
6 4665
6 4748
6 4796
6 4837
6 5122
6 5243
6 5312
6 6018
6 6234
6 6251
6 6405
6 6486
6 6934
6 7000
6 7043
6 7170
6 7523
6 8090
6 8260
6 8373
6 8939
6 9080
6 9444
6 9617
6 9750
6 9981
7 9
7 13
7 30
7 146
7 320
7 471
7 615
7 640
7 724
7 744
7 836
7 887
7 943
7 992
7 1195
7 1304
7 1329
7 1573
7 1713
7 2058
7 2081
7 2155
7 2441
7 2518
7 3273
7 3498
7 3547
7 3706
7 3950
7 3951
7 4093
7 4114
7 4310
7 4487
7 4575
7 4846
7 5092
7 5215
7 5631
7 5632
7 5792
7 5803
7 5810
7 5864
7 5971
7 6164
7 6205
7 6243
7 6325
7 6539
7 6559
7 6844
7 6923
7 7258
7 7350
7 7467
7 7756
7 7873
7 8372
7 8586
7 8621
7 8675
7 8883
7 8916
7 9255
7 9338
7 9469
7 9880
7 9935
8 83
8 168
8 385
8 548
8 565
8 901
8 1051
8 1078
8 1168
8 1637
8 1790
8 1929
8 2063
8 2104
8 2590
8 2619
8 2796
8 2949
8 3182
8 3242
8 3393
8 3648
8 3769
8 3837
8 4087
8 4100
8 4250
8 4451
8 4493
8 4622
8 5065
8 5087
8 5190
8 5363
8 5435
8 5453
8 5571
8 5693
8 6049
8 6374
8 6463
8 6684
8 6753
8 7057
8 7265
8 7568
8 7623
8 8026
8 8168
8 8221
8 8405
8 8766
8 8795
8 9175
8 9611
8 9634
9 38
9 161
9 262
9 413
9 794
9 1465
9 1483
9 1753
9 1786
9 1833
9 2417
9 2546
9 2611
9 2758
9 2903
9 3015
9 3053
9 3377
9 3414
9 4062
9 4220
9 4345
9 4468
9 5127
9 5255
9 5376
9 5408
9 6347
9 6515
9 6591
9 7204
9 7516
9 8133
9 8209
9 8605
9 8846
9 9113
9 9163
9 9196
9 9203
9 9256
9 9324
9 9642
9 9726
9 9760
9 9915
10 31
10 41
10 77
10 221
10 326
10 369
10 562
10 626
10 1046
10 1112
10 1294
10 1615
10 2017
10 2023
10 2074
10 2121
10 2234
10 2520
10 2549
10 2606
10 2770
10 3029
10 3093
10 3201
10 3416
10 3763
10 3931
10 3972
10 4036
10 4097
10 4392
10 4732
10 5043
10 5275
10 5721
10 6146
10 6190
10 6216
10 6260
10 6300
10 6334
10 6408
10 6615
10 6837
10 7321
10 7439
10 7519
10 7534
10 7575
10 7734
10 7886
10 7946
10 7978
10 8053
10 8251
10 8440
10 8444
10 8555
10 8618
10 8805
10 8919
10 8928
10 9011
10 9035
10 9278
10 9399
10 9548
11 14
11 15
11 16
11 40
11 56
11 364
11 750
11 818
11 1119
11 1505
11 2188
11 2416
11 2493
11 2673
11 2811
11 3236
11 3718
11 3894
11 4257
11 4457
11 4702
11 4725
11 4831
11 4834
11 5380
11 5500
11 5505
11 5680
11 6119
11 6612
11 6635
11 7023
11 7247
11 7438
11 7812
11 7898
11 7948
11 8232
11 8590
11 8731
11 8837
11 8868
11 9161
11 9209
11 9325
11 9348
11 9580
11 9812
11 9824
11 9827
12 124
12 160
12 443
12 699
12 732
12 1005
12 1259
12 1689
12 2138
12 2315
12 2339
12 2457
12 2579
12 2618
12 2751
12 2805
12 2921
12 3068
12 3540
12 3581
12 3684
12 4082
12 4112
12 4707
12 4859
12 5086
12 5323
12 5362
12 5397
12 5777
12 6021
12 6116
12 6218
12 6474
12 6498
12 6558
12 6783
12 7147
12 7307
12 8190
12 8483
12 8765
12 9028
12 9187
12 9714
13 33
13 82
13 343
13 988
13 1127
13 1607
13 1625
13 1688
13 1710
13 2171
13 2655
13 3081
13 3811
13 3829
13 4050
13 4182
13 4302
13 4416
13 4559
13 4565
13 4684
13 4804
13 4842
13 4951
13 5377
13 5391
13 5513
13 5719
13 5842
13 5862
13 6322
13 7052
13 7342
13 7434
13 7473
13 7578
13 7796
13 7853
13 8224
13 8323
13 8494
13 8701
13 8702
13 8812
13 8908
13 9192
13 9226
13 9264
13 9400
13 9706
13 9831
14 23
14 32
14 52
14 209
14 321
14 650
14 715
14 722
14 823
14 850
14 1074
14 1628
14 2133
14 2142
14 2564
14 2804
14 3605
14 3915
14 4151
14 4207
14 4228
14 4269
14 4483
14 4531
14 4922
14 5336
14 5522
14 5886
14 5975
14 6292
14 6596
14 6825
14 6917
14 6956
14 6971
14 7353
14 7359
14 7646
14 7706
14 7967
14 8123
14 8321
14 8350
14 8496
14 9401
14 9406
14 9598
14 9733
14 9921
15 34
15 329
15 334
15 359
15 365
15 903
15 928
15 1572
15 1584
15 1892
15 2806
15 2812
15 2941
15 2959
15 3196
15 3198
15 3495
15 3754
15 3838
15 5279
15 5716
15 6664
15 7513
15 7545
15 7626
15 7718
15 7889
15 7962
15 8083
15 8284
15 8392
15 8432
15 8799
15 8980
15 9621
15 9743
16 25
16 75
16 91
16 179
16 222
16 373
16 475
16 1101
16 1103
16 1299
16 1764
16 2096
16 2372
16 2401
16 2647
16 2745
16 3142
16 3374
16 3426
16 3472
16 3571
16 3753
16 3924
16 4369
16 4739
16 5319
16 5872
16 5944
16 6114
16 6150
16 6156
16 6318
16 6326
16 6807
16 7177
16 7380
16 7533
16 7870
16 7943
16 8044
16 8538
16 8552
16 8796
16 9114
16 9999
17 48
17 457
17 493
17 529
17 870
17 1180
17 1220
17 1401
17 1419
17 1719
17 1800
17 2056
17 2398
17 2402
17 2451
17 2664
17 2886
17 2971
17 3171
17 3289
17 3428
17 3991
17 4422
17 4671
17 4686
17 4803
17 5426
17 5931
17 6294
17 6611
17 6798
17 6875
17 7079
17 7198
17 7412
17 7481
17 7905
17 8716
17 8809
17 8958
17 8979
17 9031
17 9108
17 9482
17 9491
17 9647
17 9724
17 9974
18 26
18 59
18 62
18 99
18 536
18 663
18 881
18 941
18 986
18 1108
18 1194
18 1309
18 1327
18 1357
18 1417
18 1653
18 1954
18 2099
18 2396
18 2490
18 2872
18 2898
18 3342
18 3429
18 3851
18 3906
18 3954
18 4092
18 4098
18 4132
18 4194
18 4366
18 4504
18 4505
18 4630
18 5084
18 5171
18 5266
18 5570
18 5908
18 5972
18 6159
18 6363
18 6365
18 6488
18 6657
18 6986
18 7088
18 7365
18 7415
18 7430
18 7460
18 7495
18 7616
18 7695
18 7738
18 7892
18 8156
18 8215
18 8305
18 8491
18 8568
18 8572
18 8819
18 8865
18 8885
18 9279
18 9280
18 9352
18 9361
18 9409
18 9555
18 9615
18 9805
18 9961
19 57
19 104
19 238
19 633
19 661
19 694
19 728
19 776
19 843
19 1023
19 1344
19 1396
19 1543
19 1816
19 2035
19 2329
19 2414
19 2632
19 2756
19 2818
19 2950
19 2963
19 3803
19 4038
19 4206
19 4318
19 4602
19 4857
19 5256
19 5270
19 5316
19 5551
19 5587
19 5695
19 5809
19 6008
19 6233
19 6345
19 6387
19 6754
19 6805
19 7036
19 7080
19 7149
19 7175
19 7256
19 7522
19 8130
19 8316
19 8362
19 8648
19 8759
19 9291
19 9504
19 9593
19 9651
19 9918
20 22
20 63
20 346
20 423
20 979
20 987
20 1188
20 1330
20 1498
20 1658
20 1662
20 1868
20 1962
20 1987
20 2267
20 2312
20 3358
20 3368
20 3646
20 3678
20 3818
20 3922
20 4102
20 4133
20 4333
20 4417
20 5584
20 5845
20 5910
20 6600
20 6975
20 7255
20 7275
20 7769
20 7935
20 7949
20 8025
20 8287
20 8804
20 8833
20 8989
20 9014
20 9449
21 39
21 94
21 569
21 597
21 806
21 1435
21 1501
21 1611
21 2091
21 2170
21 2295
21 2354
21 2394
21 2565
21 2906
21 2925
21 3008
21 3096
21 3150
21 3220
21 3299
21 3330
21 3399
21 3475
21 3572
21 3992
21 4079
21 4096
21 4521
21 4783
21 5020
21 5123
21 5263
21 5665
21 6690
21 7212
21 7447
21 7759
21 8060
21 8100
21 8212
21 8356
21 9218
21 9238
21 9526
21 9986
22 45
22 53
22 54
22 123
22 769
22 1311
22 1408
22 1462
22 1635
22 1693
22 1843
22 1858
22 1863
22 2307
22 2437
22 2541
22 2933
22 3097
22 3136
22 3207
22 3255
22 3643
22 3694
22 3715
22 3809
22 4014
22 4183
22 4396
22 4446
22 4802
22 4977
22 5174
22 5347
22 5535
22 5594
22 5866
22 5879
22 5889
22 6110
22 6135
22 6155
22 6320
22 6562
22 7148
22 7980
22 8089
22 8429
22 8951
22 9083
22 9587
22 9776
22 9899
23 24
23 64
23 120
23 132
23 400
23 862
23 1081
23 1171
23 1497
23 1604
23 1760
23 1789
23 1836
23 1932
23 2073
23 2228
23 2591
23 2775
23 2784
23 2848
23 2862
23 2946
23 3030
23 3232
23 3319
23 3388
23 3534
23 3539
23 3949
23 4088
23 4167
23 4239
23 4469
23 4587
23 4765
23 4767
23 4779
23 5051
23 5517
23 5904
23 5920
23 6157
23 6195
23 6261
23 6476
23 6572
23 6732
23 6889
23 6921
23 6939
23 7169
23 7206
23 7333
23 7405
23 7411
23 7683
23 7791
23 7917
23 8138
23 8220
23 8400
23 8947
23 9141
23 9214
23 9251
23 9347
23 9464
23 9620
24 29
24 35
24 49
24 71
24 205
24 338
24 421
24 482
24 826
24 925
24 1118
24 1150
24 1525
24 1557
24 1598
24 1850
24 2325
24 2334
24 2460
24 2554
24 2730
24 2962
24 3040
24 3422
24 3675
24 3691
24 4125
24 4272
24 4352
24 4421
24 4458
24 4663
24 4743
24 4754
24 4801
24 4819
24 5047
24 5400
24 5438
24 5873
24 6327
24 6694
24 6701
24 7202
24 7242
24 7422
24 7425
24 7514
24 7647
24 7663
24 7726
24 7833
24 8255
24 8526
24 8715
24 8717
24 8954
24 9023
24 9105
24 9199
24 9306
24 9382
24 9479
24 9530
25 60
25 194
25 432
25 553
25 645
25 692
25 741
25 1137
25 1236
25 1345
25 1450
25 1461
25 1478
25 1582
25 1902
25 2119
25 2128
25 2576
25 3092
25 3125
25 3604
25 3751
25 3944
25 4041
25 4061
25 4509
25 4520
25 4564
25 5034
25 5386
25 5940
25 6077
25 6610
25 6643
25 6659
25 6763
25 6836
25 7301
25 7466
25 7728
25 7794
25 7872
25 7908
25 8065
25 8154
25 8197
25 8258
25 8276
25 8517
25 8562
25 8945
25 8962
25 9012
25 9529
25 9689
25 9786
25 9843
25 9847
26 58
26 79
26 270
26 282
26 498
26 714
26 1245
26 1387
26 1398
26 1515
26 1580
26 1620
26 1714
26 1729
26 1756
26 1862
26 1933
26 2003
26 2031
26 2269
26 2666
26 2668
26 3322
26 3649
26 3740
26 4124
26 4192
26 4387
26 4660
26 4713
26 4840
26 4931
26 4936
26 5114
26 5158
26 5277
26 5689
26 5992
26 6083
26 6196
26 6319
26 6395
26 6409
26 6418
26 6502
26 6877
26 6904
26 6933
26 7007
26 7028
26 7095
26 7138
26 7228
26 7776
26 8422
26 9001
26 9051
26 9060
26 9309
26 9407
26 9931
26 9949
26 9952
26 9962
27 28
27 226
27 231
27 253
27 442
27 566
27 571
27 1181
27 1273
27 1555
27 2043
27 2167
27 2296
27 2472
27 2563
27 2644
27 2723
27 3045
27 3395
27 3465
27 3776
27 3899
27 3921
27 4026
27 4071
27 4294
27 4740
27 4784
27 4928
27 4970
27 5280
27 5447
27 5485
27 5568
27 5993
27 6094
27 6542
27 6813
27 6961
27 6994
27 8594
27 8647
27 8671
27 9594
27 9709
27 9741
27 9890
27 9923
28 69
28 87
28 203
28 991
28 1228
28 1643
28 1867
28 1978
28 2233
28 2537
28 2631
28 3024
28 3110
28 3291
28 3317
28 3700
28 3902
28 4295
28 4325
28 4439
28 4466
28 4618
28 4850
28 5360
28 5528
28 5887
28 6428
28 6796
28 6885
28 7878
28 8040
28 8043
28 8213
28 8386
28 8428
28 8514
28 9146
28 9193
28 9283
28 9569
28 9638
28 9662
28 9713
29 36
29 67
29 73
29 86
29 117
29 625
29 951
29 1424
29 1520
29 1661
29 1942
29 1950
29 1972
29 2045
29 2086
29 2145
29 2496
29 2691
29 3153
29 3360
29 4090
29 4219
29 4281
29 4511
29 4557
29 4573
29 4736
29 4885
29 5090
29 5257
29 5756
29 6050
29 6085
29 6148
29 6323
29 6524
29 6619
29 6863
29 7062
29 7496
29 7587
29 7771
29 7880
29 8078
29 8152
29 8358
29 9059
29 9292
29 9485
29 9841
30 81
30 149
30 355
30 395
30 424
30 460
30 598
30 755
30 1001
30 1019
30 1116
30 1257
30 1489
30 1778
30 1871
30 1991
30 2089
30 2209
30 2283
30 2375
30 2757
30 3379
30 3824
30 3925
30 4040
30 4424
30 4746
30 4908
30 5204
30 5371
30 5420
30 5489
30 5663
30 5672
30 5946
30 6052
30 6424
30 6459
30 6482
30 7024
30 7266
30 7370
30 7490
30 7507
30 7525
30 7668
30 8179
30 8448
30 8456
30 8739
30 8773
30 8817
30 9094
30 9414
30 9434
30 9630
30 9863
30 9893
31 65
31 279
31 300
31 683
31 812
31 872
31 1460
31 1577
31 1631
31 1821
31 1922
31 1992
31 2153
31 2186
31 2399
31 2661
31 2900
31 3090
31 3243
31 3270
31 3470
31 3598
31 3783
31 3995
31 4004
31 4878
31 5066
31 5348
31 5358
31 5419
31 5466
31 5618
31 6680
31 6940
31 7012
31 7038
31 7093
31 7156
31 7201
31 7540
31 7655
31 7710
31 7824
31 8612
31 8650
31 8751
31 9021
31 9066
31 9424
31 9432
31 9467
31 9571
31 9614
31 9912
32 74
32 162
32 248
32 416
32 641
32 1355
32 1499
32 2079
32 2189
32 2514
32 2894
32 3172
32 3318
32 3451
32 3833
32 3886
32 3976
32 4233
32 4358
32 4856
32 4897
32 5004
32 5309
32 5436
32 5837
32 6299
32 6555
32 6682
32 6801
32 6997
32 7129
32 7238
32 7245
32 7395
32 7506
32 7551
32 7591
32 7856
32 8087
32 8113
32 8454
32 8983
32 9005
32 9025
32 9050
32 9456
32 9462
32 9761
32 9859
33 1174
33 1263
33 1358
33 1595
33 1724
33 1926
33 2452
33 2473
33 2491
33 2744
33 2958
33 3076
33 3127
33 3245
33 3271
33 3564
33 3961
33 3989
33 4064
33 4382
33 4637
33 4836
33 4875
33 4919
33 4923
33 5166
33 5229
33 5454
33 5676
33 5749
33 5807
33 5970
33 6071
33 6098
33 6136
33 6458
33 6673
33 6932
33 6964
33 7092
33 7821
33 7942
33 8381
33 8387
33 8418
33 8662
33 8668
33 8748
33 8851
33 8878
33 8996
33 9208
33 9313
33 9367
33 9505
33 9576
33 9800
33 9829
34 44
34 50
34 734
34 854
34 999
34 1342
34 1738
34 2191
34 2560
34 2785
34 3004
34 3292
34 3350
34 3759
34 3923
34 4232
34 4370
34 4437
34 4984
34 5096
34 5143
34 5213
34 5394
34 5473
34 6304
34 6531
34 7319
34 7427
34 8029
34 8041
34 8347
34 8435
34 8776
34 8791
34 9240
34 9317
34 9600
34 9636
34 9646
35 118
35 259
35 377
35 502
35 1004
35 1206
35 1399
35 1914
35 2136
35 2314
35 2500
35 2841
35 2849
35 2896
35 3087
35 3670
35 3724
35 3942
35 3969
35 4306
35 4595
35 4787
35 4937
35 5119
35 5390
35 5481
35 5531
35 5643
35 5704
35 6084
35 6240
35 6388
35 6421
35 6443
35 6636
35 7059
35 7100
35 7413
35 7637
35 7805
35 7868
35 7903
35 7969
35 8086
35 8121
35 8309
35 8536
35 8600
35 8704
35 8857
35 9120
35 9302
35 9311
35 9416
36 72
36 490
36 555
36 584
36 752
36 852
36 1085
36 1587
36 1898
36 1925
36 1938
36 2178
36 2214
36 2380
36 2561
36 2624
36 2687
36 3204
36 3443
36 3611
36 3911
36 3994
36 4032
36 4147
36 4154
36 4534
36 4678
36 4849
36 6712
36 6760
36 7071
36 7087
36 7227
36 7455
36 7643
36 7719
36 8001
36 8096
36 8120
36 8263
36 8266
36 8665
36 8918
36 9111
36 9168
36 9425
36 9512
36 9568
36 9985
37 46
37 462
37 1007
37 1025
37 1282
37 1291
37 1594
37 1900
37 2127
37 2344
37 2724
37 3085
37 3262
37 3265
37 3446
37 3735
37 3982
37 4149
37 4444
37 4624
37 4742
37 4795
37 5029
37 5210
37 5384
37 5417
37 5644
37 5647
37 5988
37 6755
37 7151
37 7278
37 7448
37 8414
37 8437
37 8498
37 8936
37 9394
37 9412
37 9516
38 66
38 96
38 186
38 448
38 476
38 591
38 662
38 672
38 1107
38 1289
38 1687
38 1838
38 1876
38 1886
38 1960
38 2287
38 2824
38 2974
38 3060
38 3206
38 3276
38 3732
38 3897
38 4255
38 4450
38 4677
38 4917
38 5105
38 5159
38 5554
38 5961
38 6088
38 7218
38 7569
38 7859
38 8077
38 8088
38 8141
38 8147
38 8825
38 8949
38 9902
39 55
39 341
39 827
39 902
39 1140
39 2411
39 2481
39 2488
39 2545
39 2871
39 3128
39 3376
39 3542
39 3898
39 4141
39 4237
39 4266
39 4490
39 4818
39 5089
39 5231
39 5605
39 6171
39 6371
39 6628
39 6905
39 6909
39 6915
39 7114
39 7322
39 7464
39 7993
39 8027
39 8111
39 8142
39 8365
39 8450
39 8634
39 8684
39 8965
39 9072
39 9162
39 9285
39 9688
39 9905
39 9973
40 204
40 465
40 590
40 738
40 757
40 863
40 924
40 963
40 1014
40 1123
40 1138
40 1433
40 1921
40 2161
40 2227
40 2381
40 2947
40 3022
40 3073
40 3208
40 3480
40 3617
40 3652
40 3708
40 3807
40 4399
40 4455
40 4478
40 4662
40 4711
40 5046
40 5423
40 5617
40 5682
40 5916
40 6264
40 6740
40 6893
40 7187
40 7221
40 7280
40 7409
40 7432
40 7907
40 7945
40 8036
40 8076
40 8210
40 8302
40 8525
40 9042
40 9055
40 9242
40 9341
40 9468
40 9736
40 9869
40 9907
40 9970
41 129
41 488
41 541
41 1017
41 1563
41 1974
41 2355
41 2423
41 2471
41 2489
41 2614
41 2697
41 2707
41 2990
41 3326
41 3552
41 3806
41 3855
41 4160
41 4176
41 4453
41 4755
41 5196
41 5483
41 5499
41 6311
41 6419
41 6532
41 6614
41 6626
41 6776
41 7054
41 7056
41 7061
41 7159
41 7459
41 7487
41 7511
41 7625
41 7765
41 7936
41 7989
41 8011
41 8713
41 8931
41 9194
41 9231
41 9542
41 9676
42 61
42 113
42 437
42 751
42 763
42 879
42 983
42 1092
42 2097
42 2210
42 2230
42 2627
42 2672
42 2816
42 2928
42 3163
42 3165
42 3636
42 4138
42 4347
42 4491
42 4967
42 5023
42 5445
42 5491
42 5722
42 5773
42 5923
42 5936
42 6055
42 6265
42 6356
42 6450
42 6530
42 6714
42 7209
42 7279
42 7621
42 7692
42 7810
42 7882
42 8194
42 8322
42 8632
42 8925
42 9073
42 9402
42 9556
42 9658
42 9913
43 106
43 833
43 904
43 1132
43 1432
43 1559
43 2132
43 2162
43 2362
43 2501
43 2640
43 3071
43 3365
43 3577
43 4419
43 4452
43 4494
43 4632
43 4651
43 4695
43 5111
43 5412
43 5543
43 5674
43 5776
43 5989
43 6047
43 6360
43 6647
43 6898
43 6919
43 7581
43 7664
43 7951
43 8085
43 8274
43 8395
43 8446
43 8478
43 8591
43 9008
43 9017
43 9270
43 9691
43 9715
43 9730
44 88
44 97
44 356
44 375
44 739
44 975
44 1142
44 1671
44 1999
44 2102
44 2120
44 2352
44 2540
44 3051
44 3364
44 3550
44 3773
44 3828
44 4076
44 4327
44 4415
44 4855
44 4868
44 4874
44 5278
44 5320
44 5329
44 5352
44 5504
44 5565
44 5775
44 6244
44 6464
44 6622
44 6859
44 7091
44 7144
44 7183
44 7299
44 7509
44 7535
44 7840
44 8144
44 8268
44 8294
44 8493
44 8688
44 8829
44 8831
44 8856
44 8934
44 9471
44 9559
44 9819
44 9840
45 47
45 180
45 506
45 570
45 675
45 704
45 837
45 1072
45 1441
45 1609
45 1822
45 1869
45 1891
45 1920
45 2033
45 2331
45 2369
45 2397
45 2534
45 2783
45 2945
45 3225
45 3510
45 4039
45 4285
45 4528
45 4873
45 5110
45 5234
45 5249
45 6009
45 6030
45 6663
45 6707
45 6906
45 7117
45 7164
45 7189
45 7306
45 7645
45 8520
45 8582
45 8606
45 9013
45 9016
45 9046
45 9155
45 9519
45 9959
45 9982
45 9988
46 51
46 190
46 878
46 927
46 1036
46 1380
46 1574
46 1731
46 2266
46 2410
46 2626
46 2646
46 2684
46 3059
46 3147
46 3397
46 3620
46 4018
46 4297
46 4322
46 4485
46 4551
46 4673
46 4737
46 4751
46 5032
46 5480
46 5668
46 5741
46 5858
46 5952
46 6045
46 6076
46 6293
46 6308
46 6704
46 6953
46 7135
46 7273
46 7294
46 7326
46 7343
46 7363
46 7429
46 7921
46 8694
46 8708
46 8930
46 9006
46 9082
46 9098
46 9413
46 9695
46 9846
47 100
47 102
47 178
47 196
47 244
47 311
47 394
47 499
47 1129
47 1308
47 1995
47 2015
47 2174
47 2198
47 2285
47 2364
47 2642
47 2731
47 2810
47 3080
47 3126
47 3444
47 3556
47 4304
47 4362
47 4465
47 4583
47 4594
47 4939
47 5061
47 5161
47 5216
47 5437
47 5526
47 5625
47 6411
47 6501
47 6541
47 7271
47 7605
47 7657
47 7760
47 8124
47 8352
47 8891
47 9648
47 9667
47 9672
48 534
48 572
48 1414
48 1856
48 1896
48 2007
48 2522
48 2529
48 2568
48 2920
48 3154
48 3359
48 3794
48 4142
48 4394
48 4649
48 5646
48 5744
48 5857
48 5867
48 5926
48 6258
48 6305
48 6310
48 7215
48 7328
48 7773
48 7961
48 8079
48 9197
48 9627
48 9987
49 171
49 223
49 523
49 670
49 916
49 1094
49 1269
49 1536
49 2357
49 2359
49 2599
49 2643
49 2694
49 2792
49 3249
49 3403
49 4361
49 4570
49 4718
49 4786
49 4902
49 5036
49 5085
49 5148
49 5395
49 5656
49 5692
49 5763
49 6172
49 6177
49 6381
49 6672
49 6715
49 6765
49 6788
49 6936
49 7022
49 7045
49 7076
49 7126
49 7308
49 7603
49 7751
49 7817
49 7823
49 7896
49 8008
49 8015
49 8122
49 8150
49 8237
49 8518
49 8548
49 8767
49 8957
49 9000
49 9220
49 9622
49 9833
49 9925
50 294
50 450
50 549
50 805
50 1151
50 1196
50 1334
50 1379
50 1411
50 1614
50 1815
50 1957
50 1958
50 2025
50 2157
50 2392
50 2580
50 2602
50 2888
50 3047
50 3369
50 3790
50 3863
50 3877
50 4073
50 4127
50 4188
50 5341
50 5459
50 5622
50 6003
50 6074
50 6147
50 6275
50 6606
50 6708
50 7046
50 7240
50 7334
50 7407
50 7620
50 7656
50 7680
50 7828
50 7861
50 7922
50 8110
50 8310
50 8351
50 8821
50 9237
50 9437
51 479
51 579
51 720
51 760
51 764
51 1055
51 1506
51 1556
51 1566
51 1586
51 1589
51 1865
51 1990
51 2084
51 2337
51 2665
51 2689
51 2710
51 2760
51 2827
51 2854
51 3160
51 3462
51 3502
51 3737
51 3771
51 4120
51 4184
51 4414
51 4572
51 4634
51 4833
51 5074
51 5283
51 5300
51 5356
51 5912
51 5959
51 6067
51 6111
51 6209
51 6799
51 7155
51 7381
51 7474
51 7763
51 7975
51 8879
51 9063
51 9123
51 9145
51 9490
51 9541
51 9796
51 9872
52 85
52 212
52 255
52 337
52 629
52 655
52 767
52 793
52 816
52 1113
52 1678
52 1746
52 1906
52 2057
52 2311
52 2610
52 2973
52 3468
52 3584
52 3698
52 3760
52 3768
52 4229
52 4423
52 4548
52 4580
52 4654
52 4717
52 4860
52 5019
52 5077
52 5285
52 5651
52 5669
52 5718
52 6142
52 6245
52 6321
52 6570
52 6881
52 7025
52 7172
52 7234
52 7290
52 8081
52 8132
52 8774
52 8781
52 8869
52 9442
52 9544
52 9680
52 9732
52 9792
53 68
53 109
53 292
53 374
53 456
53 540
53 660
53 742
53 899
53 926
53 1207
53 1455
53 2018
53 2034
53 2037
53 2137
53 2172
53 2653
53 2982
53 3028
53 3323
53 3588
53 4356
53 4383
53 4472
53 4608
53 5012
53 5281
53 5305
53 5364
53 5525
53 5678
53 6023
53 6068
53 6302
53 6314
53 7081
53 7336
53 7383
53 7700
53 7857
53 8281
53 8404
53 8442
53 8808
53 9130
53 9415
53 9641
53 9978
54 484
54 689
54 889
54 1177
54 1457
54 1503
54 1798
54 1964
54 2010
54 2277
54 2280
54 2861
54 2987
54 3177
54 4202
54 4481
54 4525
54 4582
54 4757
54 4776
54 5018
54 5035
54 5160
54 5410
54 5614
54 5818
54 5860
54 6230
54 6289
54 6563
54 7094
54 7233
54 7236
54 7400
54 7753
54 7893
54 8363
54 8793
54 8882
54 9029
54 9033
54 9109
54 9515
54 9603
54 9629
54 9823
54 9938
55 105
55 481
55 768
55 1043
55 1232
55 1254
55 1449
55 1578
55 1646
55 2150
55 2403
55 2425
55 2605
55 2820
55 3011
55 3180
55 3241
55 3673
55 3699
55 3770
55 3853
55 5060
55 5295
55 5621
55 6655
55 7002
55 7566
55 7727
55 7844
55 7910
55 8436
55 8501
55 8691
55 9070
55 9139
55 9470
55 9606
55 9826
56 78
56 138
56 182
56 183
56 242
56 539
56 669
56 867
56 877
56 886
56 954
56 1110
56 1205
56 1377
56 1651
56 2054
56 2273
56 2542
56 2671
56 3440
56 3524
56 4021
56 4089
56 4249
56 4566
56 4591
56 5427
56 5563
56 5657
56 5974
56 6250
56 6453
56 6658
56 7121
56 7500
56 7619
56 7912
56 7940
56 8300
56 8464
56 9332
56 9419
56 9591
56 9679
56 9707
57 101
57 403
57 441
57 1216
57 1627
57 2370
57 2562
57 2817
57 2832
57 3246
57 3509
57 3541
57 3557
57 3703
57 4529
57 4639
57 4675
57 5211
57 5626
57 5640
57 5649
57 5697
57 5797
57 5856
57 5877
57 6043
57 6081
57 6534
57 6553
57 6571
57 6803
57 6927
57 6982
57 7078
57 7118
57 7173
57 7576
57 7764
57 7890
57 8551
57 8630
57 9024
57 9261
57 9381
57 9782
57 9909
57 9950
57 9964
58 90
58 167
58 398
58 682
58 1009
58 1184
58 1770
58 2075
58 2585
58 2604
58 3039
58 3361
58 3478
58 3933
58 3975
58 4148
58 4407
58 4449
58 4872
58 4971
58 5144
58 5149
58 5172
58 5228
58 5247
58 5464
58 5758
58 5868
58 5955
58 6283
58 6601
58 6651
58 6720
58 6725
58 6891
58 6981
58 7792
58 8034
58 8048
58 8252
58 8299
58 9385
58 9500
58 9509
58 9737
59 503
59 664
59 866
59 961
59 1047
59 1202
59 1230
59 1255
59 1346
59 1384
59 1558
59 1641
59 1743
59 2126
59 2168
59 2279
59 2432
59 2566
59 3035
59 3050
59 3095
59 3140
59 3600
59 3623
59 3733
59 3867
59 3893
59 4315
59 4798
59 5357
59 5548
59 5892
59 6006
59 6178
59 6505
59 7167
59 7310
59 7472
59 7874
59 8004
59 8119
59 8265
59 8460
59 8516
59 8664
59 8673
59 9037
59 9533
59 9572
59 9605
59 9789
59 9813
59 9966
60 121
60 314
60 758
60 853
60 932
60 1013
60 1279
60 1280
60 1464
60 1608
60 1673
60 1859
60 2340
60 2467
60 2512
60 2765
60 2825
60 2912
60 3044
60 3184
60 3306
60 3431
60 3668
60 4145
60 4544
60 5414
60 5634
60 5805
60 5905
60 5930
60 6175
60 6257
60 6337
60 6375
60 6406
60 6432
60 6668
60 6726
60 7257
60 7364
60 7399
60 7470
60 7925
60 8046
60 8368
60 8952
60 9366
60 9439
60 9551
60 9655
60 9764
60 9873
60 9946
60 9967
61 336
61 439
61 543
61 711
61 725
61 813
61 1082
61 1121
61 1514
61 1648
61 1910
61 1955
61 2123
61 2477
61 3179
61 3381
61 3546
61 3935
61 4344
61 4456
61 4903
61 5015
61 5107
61 5188
61 5566
61 5638
61 6060
61 6423
61 6623
61 6748
61 6768
61 6809
61 6902
61 7098
61 7584
61 7811
61 7939
61 8187
61 8735
61 9041
61 9131
61 9342
61 9376
61 9455
61 9619
61 9870
62 84
62 316
62 451
62 561
62 982
62 1039
62 1217
62 1723
62 1963
62 2005
62 2046
62 2190
62 2200
62 2341
62 2550
62 2801
62 2809
62 2834
62 3354
62 3685
62 3721
62 3723
62 3820
62 4028
62 4049
62 4241
62 4644
62 4835
62 4882
62 5154
62 5315
62 5645
62 5823
62 5901
62 5903
62 6122
62 6270
62 6271
62 6852
62 6965
62 7160
62 7302
62 7431
62 7489
62 8118
62 8887
62 8975
62 9076
62 9478
62 9547
62 9705
62 9775
62 9832
62 9874
62 9881
63 174
63 176
63 229
63 291
63 379
63 511
63 1153
63 1324
63 1340
63 2072
63 2139
63 2160
63 2232
63 2625
63 2733
63 2738
63 2936
63 2964
63 3018
63 3021
63 3401
63 3530
63 3749
63 3864
63 4058
63 4909
63 4946
63 5016
63 5431
63 5490
63 5609
63 5671
63 5902
63 6090
63 6103
63 6140
63 6242
63 6359
63 6713
63 6883
63 7379
63 7388
63 7604
63 7709
63 7758
63 7909
63 8038
63 8080
63 8581
63 9048
63 9084
63 9303
63 9322
64 284
64 414
64 972
64 1560
64 1722
64 1908
64 2053
64 2064
64 2082
64 2098
64 2326
64 2609
64 3281
64 3442
64 3913
64 3968
64 4218
64 4821
64 5131
64 5450
64 5666
64 5725
64 5732
64 6569
64 6759
64 7031
64 7186
64 7377
64 7479
64 8193
64 8849
64 8915
64 9122
64 9371
64 9721
64 9867
65 107
65 131
65 154
65 175
65 258
65 301
65 368
65 384
65 408
65 665
65 917
65 953
65 1454
65 1480
65 1518
65 1841
65 2151
65 2165
65 2629
65 3167
65 3661
65 3873
65 3883
65 4198
65 4477
65 4655
65 4668
65 4750
65 4825
65 5731
65 5828
65 6128
65 6204
65 6349
65 6351
65 6561
65 7096
65 7225
65 7253
65 7288
65 7547
65 7837
65 7904
65 8003
65 8546
65 8564
65 8670
65 8968
65 9032
65 9349
65 9552
65 9768
65 9854
66 115
66 452
66 708
66 749
66 765
66 842
66 1229
66 1315
66 1475
66 1583
66 1749
66 1779
66 1826
66 1832
66 1931
66 2365
66 2612
66 2839
66 2954
66 3293
66 3521
66 3612
66 4615
66 4744
66 4921
66 5238
66 5385
66 5392
66 5415
66 5422
66 5821
66 5939
66 6123
66 6369
66 6491
66 7050
66 7261
66 7920
66 8219
66 8312
66 8461
66 9328
66 9452
66 9585
67 213
67 617
67 808
67 968
67 1260
67 1362
67 1655
67 1709
67 1855
67 2116
67 2292
67 2552
67 2603
67 2883
67 3197
67 3622
67 3637
67 3812
67 4679
67 4789
67 4816
67 5170
67 5297
67 6341
67 6343
67 6429
67 6584
67 6980
67 7492
67 7588
67 8167
67 8330
67 8511
67 8726
67 8832
67 9663
68 429
68 684
68 727
68 835
68 959
68 973
68 974
68 1028
68 1064
68 1160
68 1208
68 1316
68 2243
68 2353
68 3192
68 3603
68 3679
68 3752
68 3817
68 3974
68 4135
68 4311
68 4406
68 4542
68 4627
68 5042
68 5245
68 5338
68 5369
68 5770
68 6033
68 6096
68 6278
68 6416
68 6475
68 6597
68 6598
68 6876
68 7224
68 7287
68 7424
68 7536
68 7699
68 7750
68 7953
68 7986
68 8332
68 8575
68 8646
68 8707
68 8970
68 9200
68 9336
68 9596
68 9735
68 9969
69 509
69 582
69 801
69 804
69 892
69 1073
69 1333
69 1797
69 1904
69 2094
69 2101
69 2221
69 2386
69 2461
69 2525
69 2859
69 3145
69 3367
69 3390
69 3404
69 3589
69 3980
69 4338
69 4380
69 4418
69 4815
69 5026
69 5184
69 5367
69 5601
69 5774
69 5881
69 6396
69 6920
69 6955
69 6972
69 6974
69 7263
69 7416
69 7611
69 8254
69 8261
69 8384
69 8859
69 8913
69 8999
69 9127
69 9296
69 9460
69 9712
70 172
70 207
70 620
70 883
70 1685
70 1866
70 1870
70 1875
70 2456
70 2507
70 2645
70 2865
70 3189
70 3437
70 3796
70 3885
70 3998
70 4105
70 4189
70 4268
70 4359
70 4728
70 5381
70 5836
70 5962
70 6054
70 6059
70 6165
70 6210
70 6489
70 6773
70 7277
70 7440
70 7565
70 7649
70 7829
70 7887
70 8030
70 8223
70 8286
70 8396
70 8495
70 8654
70 8697
70 8709
70 8875
70 8897
70 9189
70 9739
71 130
71 191
71 269
71 405
71 485
71 679
71 723
71 1016
71 1198
71 1535
71 1916
71 2255
71 2276
71 2330
71 2628
71 3036
71 3511
71 3596
71 3613
71 3843
71 4099
71 4171
71 4177
71 4227
71 4276
71 4293
71 4314
71 4316
71 4360
71 4658
71 5217
71 5301
71 5502
71 5607
71 5652
71 5698
71 6041
71 6144
71 6153
71 6926
71 7146
71 7488
71 7570
71 7634
71 7705
71 8143
71 8629
71 8711
71 8738
71 8755
71 8966
71 9269
71 9674
72 315
72 492
72 668
72 790
72 1552
72 2016
72 2263
72 2404
72 2677
72 2678
72 3057
72 3213
72 3385
72 3441
72 3561
72 3566
72 4174
72 4385
72 4412
72 4549
72 4555
72 4586
72 4598
72 4771
72 4781
72 5140
72 5308
72 5346
72 5511
72 5539
72 5717
72 6581
72 6630
72 7289
72 7402
72 7855
72 7864
72 8155
72 8566
72 8641
72 8802
72 8822
72 9077
72 9081
72 9117
72 9121
72 9147
72 9248
72 9333
72 9489
72 9860
73 367
73 516
73 568
73 613
73 737
73 1111
73 1187
73 1799
73 1813
73 1935
73 2239
73 2977
73 3077
73 3115
73 3375
73 3523
73 3713
73 3896
73 3993
73 4015
73 4143
73 4389
73 4538
73 4638
73 4916
73 5258
73 5416
73 5516
73 5559
73 5767
73 6107
73 6198
73 6521
73 6535
73 6700
73 6716
73 6879
73 7027
73 7327
73 7356
73 7494
73 7691
73 7725
73 7897
73 8031
73 8348
73 8480
73 8904
73 9036
73 9266
73 9433
73 9539
73 9960
74 95
74 110
74 533
74 709
74 783
74 1158
74 1421
74 1447
74 1591
74 1741
74 1945
74 2078
74 2890
74 2956
74 3013
74 3155
74 3324
74 4000
74 4224
74 4273
74 5069
74 5113
74 5237
74 5488
74 5599
74 5754
74 5914
74 6015
74 6112
74 6115
74 6231
74 6246
74 6544
74 6625
74 6821
74 7152
74 7375
74 7475
74 7748
74 7761
74 8037
74 8217
74 8747
74 8884
74 9276
74 9384
74 9865
75 89
75 112
75 559
75 666
75 935
75 980
75 1341
75 1692
75 1941
75 2029
75 2463
75 2670
75 2978
75 3072
75 3214
75 3412
75 3491
75 3847
75 4168
75 4261
75 4712
75 4822
75 4862
75 5003
75 5461
75 5567
75 5661
75 6434
75 6566
75 6662
75 6787
75 7214
75 7348
75 7368
75 7390
75 7477
75 7501
75 7557
75 7696
75 7713
75 7786
75 7830
75 8114
75 8200
75 8441
75 8535
75 8772
75 9148
75 9215
75 9326
75 9785
76 302
76 459
76 552
76 792
76 807
76 851
76 1035
76 1247
76 1388
76 1597
76 2040
76 2051
76 2070
76 2597
76 3311
76 3427
76 4284
76 4891
76 5306
76 5337
76 5340
76 5378
76 5404
76 5411
76 5449
76 5686
76 5709
76 5783
76 5801
76 6173
76 6201
76 6689
76 6806
76 6831
76 6834
76 7032
76 7426
76 7457
76 7585
76 7676
76 7815
76 7834
76 7902
76 8058
76 8554
76 8577
76 8611
76 8682
76 9169
76 9295
76 9408
76 9678
76 9734
76 9914
76 9980
77 92
77 108
77 137
77 467
77 576
77 938
77 993
77 1120
77 1633
77 1837
77 1880
77 2103
77 2217
77 2356
77 2498
77 2630
77 2863
77 3203
77 3250
77 3707
77 4280
77 5054
77 5097
77 5822
77 5894
77 6019
77 6104
77 6272
77 6477
77 6508
77 6734
77 6845
77 7344
77 7538
77 7670
77 8095
77 8180
77 8279
77 9064
77 9101
77 9228
77 9254
77 9549
77 9685
77 9769
78 254
78 265
78 947
78 1395
78 1981
78 2247
78 2294
78 2649
78 2943
78 3384
78 3943
78 4046
78 4539
78 4682
78 5025
78 5071
78 5147
78 5496
78 5673
78 5751
78 5855
78 6017
78 6223
78 6285
78 6730
78 7090
78 7231
78 7397
78 7970
78 8115
78 8204
78 8401
78 8753
78 8992
78 9103
78 9281
78 9305
78 9446
79 602
79 657
79 747
79 754
79 913
79 970
79 1091
79 1467
79 1493
79 2019
79 2211
79 2487
79 2658
79 2789
79 2790
79 2869
79 2874
79 3014
79 3267
79 3562
79 3709
79 4110
79 4222
79 4606
79 4895
79 4899
79 5053
79 5124
79 5240
79 5555
79 5957
79 5969
79 6029
79 6120
79 6162
79 6286
79 6573
79 6589
79 6766
79 7009
79 7376
79 7615
79 7631
79 7849
79 7928
79 8098
79 8313
79 8371
79 8374
79 8745
79 8926
79 8974
79 8978
79 9052
79 9198
79 9845
80 122
80 159
80 272
80 297
80 612
80 841
80 985
80 1481
80 1510
80 1829
80 1982
80 2021
80 2229
80 2737
80 3164
80 3260
80 3516
80 3528
80 3711
80 4057
80 5021
80 5115
80 5173
80 5181
80 5205
80 5253
80 5264
80 5557
80 5796
80 6124
80 6158
80 6163
80 6937
80 6938
80 6963
80 7883
80 8246
80 8301
80 8469
80 8770
80 9235
80 9609
80 9628
80 9652
80 9746
80 9842
81 126
81 152
81 250
81 271
81 388
81 726
81 746
81 1089
81 1234
81 1373
81 1905
81 2351
81 2444
81 2922
81 2998
81 3545
81 3631
81 3999
81 4137
81 4556
81 4838
81 4929
81 5079
81 5596
81 6389
81 6397
81 6693
81 6731
81 6903
81 6984
81 7124
81 7332
81 7351
81 7778
81 8510
81 9138
81 9211
81 9578
81 9601
81 9654
81 9745
81 9797
81 9996
82 98
82 417
82 600
82 610
82 733
82 930
82 1076
82 1610
82 1624
82 1847
82 2012
82 2734
82 2843
82 2934
82 3391
82 3658
82 3772
82 3872
82 4003
82 4066
82 4248
82 4568
82 4623
82 4636
82 4657
82 4810
82 4858
82 4877
82 5000
82 5335
82 5726
82 5820
82 5891
82 6118
82 6339
82 6468
82 6794
82 7065
82 7296
82 7311
82 7560
82 7740
82 7746
82 8057
82 8128
82 8244
82 8250
82 8502
82 8627
82 8783
82 8933
82 9140
82 9217
82 9301
82 9561
82 9725
83 103
83 230
83 466
83 743
83 799
83 957
83 1381
83 1571
83 1576
83 1585
83 1848
83 2105
83 2272
83 2659
83 3290
83 3296
83 3386
83 3537
83 3582
83 3725
83 3840
83 4252
83 4258
83 4578
83 4672
83 4720
83 4734
83 4794
83 5208
83 5299
83 5451
83 5720
83 6333
83 6427
83 6582
83 6604
83 7034
83 7270
83 7555
83 7559
83 7633
83 7644
83 7720
83 7781
83 7850
83 8009
83 8547
83 9219
83 9420
83 9426
83 9511
83 9687
83 9835
84 151
84 298
84 299
84 323
84 468
84 537
84 551
84 554
84 1147
84 1175
84 1338
84 1526
84 2278
84 2378
84 2415
84 2511
84 2752
84 2815
84 2910
84 3300
84 3327
84 3500
84 3533
84 3653
84 3778
84 3947
84 4307
84 4426
84 4445
84 4517
84 4581
84 5017
84 5117
84 5133
84 5471
84 5493
84 5730
84 5771
84 6024
84 6139
84 6277
84 6493
84 6594
84 7026
84 7205
84 7282
84 7601
84 7933
84 8184
84 8235
84 8714
84 8719
84 8723
84 9249
84 9396
84 9523
84 9574
84 9916
85 393
85 409
85 433
85 700
85 849
85 1086
85 1472
85 1477
85 1645
85 2384
85 2617
85 3411
85 3473
85 3789
85 4390
85 4464
85 4506
85 4709
85 5130
85 5197
85 5317
85 5353
85 5470
85 5523
85 5747
85 5789
85 5943
85 5990
85 6145
85 6212
85 6280
85 6313
85 6329
85 6433
85 6942
85 7085
85 7113
85 7398
85 7866
85 8013
85 9321
85 9612
85 9889
86 1440
86 1575
86 1782
86 2092
86 2148
86 2319
86 2544
86 2904
86 2965
86 3139
86 3175
86 3259
86 3283
86 3400
86 3882
86 4012
86 4298
86 4305
86 4496
86 4723
86 4918
86 5225
86 5413
86 6284
86 6317
86 6346
86 6393
86 6792
86 7197
86 7291
86 7848
86 8377
86 8394
86 8580
86 8862
86 8984
86 9461
86 9794
86 9810
87 93
87 187
87 353
87 1000
87 1613
87 1616
87 1630
87 1827
87 2199
87 3067
87 3117
87 3173
87 3583
87 3659
87 3712
87 3929
87 4346
87 4364
87 4391
87 4463
87 4500
87 4694
87 5296
87 5533
87 5648
87 6070
87 6108
87 6392
87 6564
87 6590
87 7067
87 7454
87 7552
87 8033
87 8039
87 8452
87 8499
87 8870
87 8903
87 9493
88 170
88 558
88 1029
88 1057
88 1065
88 1079
88 1084
88 1173
88 1416
88 1448
88 1540
88 1592
88 1626
88 1792
88 1899
88 2225
88 2308
88 2430
88 2470
88 2706
88 2916
88 3455
88 3576
88 3822
88 4159
88 4231
88 4334
88 4461
88 4526
88 4753
88 4773
88 4814
88 5194
88 5195
88 5207
88 5967
88 6036
88 6061
88 6186
88 6189
88 6214
88 6344
88 6366
88 6579
88 6666
88 6737
88 6912
88 7105
88 7158
88 7449
88 7498
88 8174
88 8847
88 8853
88 9380
88 9565
89 894
89 998
89 1214
89 1318
89 1353
89 1854
89 1944
89 1959
89 2001
89 2755
89 2772
89 3070
89 3082
89 3089
89 3336
89 3802
89 4107
89 4576
89 4806
89 5118
89 5169
89 5478
89 5569
89 5700
89 5938
89 5958
89 6040
89 6238
89 6338
89 6470
89 6547
89 6617
89 6669
89 7178
89 7211
89 7638
89 7733
89 7806
89 7955
89 8695
89 8762
89 8873
89 9030
89 9115
89 9258
89 9369
89 9531
90 305
90 1012
90 1136
90 1155
90 1278
90 1451
90 1533
90 1750
90 1774
90 2446
90 2676
90 2919
90 3010
90 3111
90 3518
90 3767
90 4033
90 4397
90 4460
90 5083
90 5100
90 5102
90 5442
90 5685
90 6781
90 7104
90 7203
90 7254
90 7295
90 7714
90 7755
90 7983
90 8032
90 8375
90 8593
90 8712
90 8893
90 9125
90 9212
90 9225
90 9229
90 9343
90 9550
90 9595
90 9757
90 9774
90 9857
90 9894
91 128
91 142
91 278
91 444
91 449
91 809
91 885
91 900
91 1044
91 1058
91 1204
91 1410
91 1507
91 1599
91 1601
91 1795
91 1845
91 1883
91 1967
91 2795
91 2981
91 3016
91 3131
91 3531
91 3765
91 3927
91 4030
91 4388
91 4443
91 4969
91 4995
91 5011
91 5287
91 5739
91 5753
91 5841
91 6031
91 6276
91 6646
91 6653
91 6857
91 7068
91 7341
91 7543
91 7558
91 7906
91 7944
91 8175
91 8198
91 8248
91 8408
91 8779
91 8991
91 9172
91 9287
91 9345
91 9362
91 9474
92 352
92 361
92 463
92 648
92 976
92 1031
92 1052
92 1452
92 1541
92 1758
92 1791
92 2181
92 2182
92 2431
92 2690
92 2779
92 3266
92 3313
92 3506
92 3520
92 3639
92 3834
92 3957
92 4056
92 4190
92 4629
92 4976
92 5072
92 5260
92 5484
92 5515
92 5591
92 6026
92 6439
92 6998
92 7520
92 7782
92 8091
92 8340
92 8792
92 8977
92 9018
92 9540
93 215
93 261
93 447
93 623
93 731
93 997
93 1034
93 1427
93 1443
93 1479
93 1539
93 1542
93 1720
93 1810
93 2193
93 2383
93 2400
93 2502
93 2533
93 2683
93 2788
93 2889
93 2891
93 3231
93 3258
93 3277
93 3492
93 3745
93 4060
93 4404
93 4432
93 4438
93 4550
93 4563
93 4955
93 5200
93 5286
93 5342
93 5424
93 5460
93 5482
93 6001
93 6200
93 6420
93 6472
93 6966
93 7035
93 7502
93 7582
93 7716
93 7802
93 7860
93 8064
93 8623
93 8639
93 8898
93 9104
93 9142
93 9310
93 9917
94 530
94 782
94 1069
94 1303
94 1351
94 1423
94 1466
94 1516
94 1546
94 1975
94 1997
94 2044
94 2535
94 2578
94 2692
94 2726
94 2842
94 3222
94 3286
94 3634
94 3743
94 3858
94 3962
94 4201
94 4242
94 4428
94 4522
94 4558
94 4949
94 5067
94 5120
94 5723
94 5784
94 5871
94 5991
94 6072
94 6652
94 6654
94 6774
94 6779
94 7192
94 7456
94 7661
94 7717
94 8106
94 8269
94 8285
94 8453
94 8615
94 8736
94 8921
94 9056
94 9119
94 9158
94 9862
94 9910
95 147
95 501
95 515
95 918
95 1133
95 1212
95 1274
95 1367
95 1968
95 2176
95 2696
95 2831
95 2961
95 3061
95 3219
95 3328
95 3363
95 3568
95 3618
95 3640
95 3746
95 3880
95 3890
95 3904
95 3987
95 4042
95 4181
95 4384
95 4508
95 4641
95 4876
95 4990
95 5325
95 5379
95 5441
95 5512
95 5854
95 5947
95 6228
95 6447
95 6507
95 6565
95 6602
95 7355
95 7374
95 7675
95 7862
95 7954
95 8103
95 8331
95 8602
95 8620
95 8703
95 8803
95 9144
95 9213
95 9702
96 527
96 880
96 1021
96 1780
96 1879
96 2503
96 3027
96 4204
96 4402
96 4454
96 4516
96 4730
96 5530
96 5542
96 5829
96 5929
96 5979
96 6004
96 6046
96 6063
96 6160
96 6303
96 6391
96 6415
96 6586
96 6637
96 6987
96 7297
96 7589
96 7775
96 7914
96 8051
96 8718
96 8902
96 8923
96 9417
96 9494
96 9567
96 9579
96 9920
97 382
97 472
97 514
97 761
97 871
97 1066
97 1090
97 1284
97 1363
97 1600
97 2532
97 2951
97 3302
97 3398
97 3590
97 3601
97 3619
97 4130
97 4476
97 4790
97 4892
97 4989
97 5024
97 5093
97 5104
97 5242
97 5600
97 5610
97 5611
97 5772
97 5817
97 6149
97 6361
97 6426
97 6499
97 6723
97 6741
97 6832
97 6869
97 6935
97 6949
97 7055
97 7163
97 7484
97 7491
97 7504
97 7702
97 7721
97 7957
97 8045
97 8247
97 8519
97 8607
97 8733
97 8737
97 9027
97 9045
97 9058
97 9132
97 9185
97 9222
97 9233
97 9275
97 9350
97 9443
97 9666
98 140
98 165
98 197
98 621
98 940
98 1022
98 1053
98 1134
98 1523
98 2026
98 2048
98 2346
98 2698
98 2844
98 2851
98 3020
98 3083
98 3176
98 3256
98 3458
98 3569
98 3609
98 3665
98 3697
98 3744
98 3988
98 4240
98 4482
98 4808
98 4889
98 4958
98 5198
98 5293
98 5655
98 5684
98 5850
98 5949
98 6307
98 6537
98 6618
98 6629
98 6640
98 6679
98 6761
98 7015
98 7044
98 7136
98 7139
98 7243
98 7298
98 7876
98 8093
98 8481
98 8640
98 8788
98 9631
98 9710
98 9936
98 9971
99 119
99 228
99 386
99 469
99 671
99 936
99 1163
99 1471
99 1681
99 2011
99 2109
99 2135
99 2159
99 2202
99 2293
99 2484
99 2573
99 2648
99 2721
99 2867
99 3202
99 3667
99 3889
99 4203
99 4353
99 4659
99 4845
99 4944
99 4999
99 5106
99 5224
99 5326
99 5350
99 5552
99 5983
99 6028
99 6057
99 6291
99 6778
99 6820
99 6888
99 6978
99 7194
99 7200
99 7480
99 7609
99 7780
99 7875
99 8166
99 8385
99 8455
99 8550
99 8631
99 8700
99 8824
99 8876
99 8912
99 9100
99 9592
100 335
100 366
100 430
100 489
100 505
100 1534
100 1674
100 1769
100 2069
100 2076
100 2090
100 2179
100 2373
100 3106
100 3484
100 3553
100 3660
100 4029
100 4048
100 4213
100 4374
100 4378
100 4433
100 4513
100 4552
100 4830
100 4911
100 5244
100 6192
100 6207
100 6494
100 6527
100 6862
100 6911
100 7208
100 7272
100 7977
100 7995
100 8471
100 8828
100 9170
100 9236
100 9422
100 9787
100 9853
100 9968
101 116
101 525
101 784
101 1075
101 1124
101 1192
101 1250
101 1984
101 2158
101 2270
101 2275
101 2309
101 2838
101 3226
101 3362
101 3380
101 3819
101 4094
101 4264
101 4579
101 4681
101 5272
101 6187
101 6331
101 6452
101 6609
101 6721
101 6819
101 6840
101 7145
101 7672
101 7741
101 8161
101 8290
101 8297
101 8814
101 8818
101 9475
101 9942
102 1422
102 1581
102 1647
102 1812
102 2185
102 2220
102 2412
102 2657
102 2972
102 2985
102 3239
102 3287
102 3357
102 3592
102 3845
102 3930
102 4260
102 4980
102 5246
102 5457
102 5832
102 5906
102 6709
102 6717
102 6762
102 7074
102 7111
102 7268
102 7349
102 7793
102 7851
102 7938
102 8234
102 8308
102 8729
102 8763
102 8813
102 9320
102 9729
102 9828
102 9852
103 240
103 339
103 399
103 419
103 577
103 896
103 1040
103 1237
103 1579
103 2212
103 2258
103 2366
103 2455
103 2505
103 2662
103 2675
103 3193
103 3371
103 3919
103 3953
103 4205
103 4527
103 4626
103 4685
103 5076
103 5334
103 5349
103 5359
103 5585
103 6005
103 6181
103 6671
103 6681
103 7006
103 7180
103 7723
103 7803
103 8315
103 8489
103 9518
103 9722
103 9727
103 9900
103 9934
104 249
104 508
104 822
104 984
104 1504
104 1517
104 1754
104 1805
104 2117
104 2367
104 2551
104 2650
104 2714
104 3247
104 3852
104 3966
104 3979
104 4024
104 4650
104 5288
104 5477
104 5677
104 5781
104 5899
104 6191
104 6449
104 7049
104 7150
104 7292
104 7417
104 7767
104 7956
104 7984
104 7997
104 8206
104 8211
104 8487
104 8537
104 8896
104 9062
104 9095
104 9395
104 9599
105 497
105 1190
105 1283
105 1290
105 1438
105 1524
105 1737
105 1918
105 2196
105 2739
105 2970
105 2996
105 3425
105 3666
105 4085
105 4499
105 5091
105 5125
105 5462
105 5487
105 5670
105 6219
105 6422
105 6528
105 6822
105 6931
105 6995
105 7185
105 7562
105 7729
105 7929
105 7931
105 7958
105 7963
105 8415
105 8425
105 8427
105 8449
105 9316
105 9431
105 9602
105 9633
105 9951
106 309
106 909
106 1191
106 1300
106 1766
106 1919
106 2257
106 2450
106 2679
106 2774
106 3017
106 3334
106 3392
106 3409
106 3512
106 3594
106 3645
106 3738
106 3878
106 3971
106 4603
106 4785
106 5103
106 5443
106 5501
106 5506
106 5703
106 5885
106 6086
106 6634
106 6810
106 6842
106 7251
106 7396
106 7505
106 7573
106 7606
106 7785
106 7814
106 7832
106 8189
106 8336
106 8567
106 9116
106 9174
106 9300
106 9428
106 9450
106 9839
106 9953
107 531
107 770
107 967
107 1145
107 1937
107 2253
107 2937
107 3034
107 3187
107 3252
107 3497
107 3580
107 4226
107 4459
107 4791
107 4823
107 4827
107 5108
107 5383
107 5425
107 5472
107 6087
107 6274
107 6438
107 6471
107 6478
107 6495
107 6992
107 7066
107 7269
107 7433
107 7452
107 7526
107 7788
107 7795
107 8165
107 8585
107 8608
107 8901
107 8940
107 9711
107 9945
108 188
108 318
108 638
108 873
108 1545
108 1659
108 1695
108 1940
108 2146
108 2268
108 2390
108 2447
108 2601
108 3781
108 3887
108 3900
108 3985
108 4214
108 4253
108 4263
108 4667
108 4960
108 5037
108 5073
108 5075
108 5373
108 5540
108 5582
108 5830
108 5863
108 6222
108 6253
108 6519
108 6705
108 6757
108 6793
108 6907
108 6958
108 7267
108 7831
108 7879
108 7923
108 7924
108 8509
108 8541
108 8888
108 8998
108 9191
108 9370
108 9495
108 9639
108 9815
108 9818
108 9848
108 9849
109 177
109 893
109 1370
109 1568
109 1683
109 1716
109 1928
109 1996
109 2147
109 2682
109 2913
109 2969
109 3210
109 3549
109 3563
109 3726
109 3937
109 4140
109 4165
109 4519
109 4547
109 4782
109 4907
109 4915
109 5081
109 5475
109 5498
109 5612
109 5779
109 5790
109 5922
109 7222
109 7406
109 7527
109 7571
109 7666
109 7685
109 7784
109 8097
109 8597
109 8663
109 8929
109 9010
109 9043
109 9085
109 9613
109 9778
109 9834
109 9875
109 9919
109 9957
110 139
110 307
110 1027
110 1083
110 1420
110 1434
110 1444
110 1502
110 1512
110 1726
110 2022
110 2530
110 2595
110 2911
110 2991
110 3038
110 3212
110 3662
110 3682
110 3705
110 3970
110 4075
110 4144
110 4620
110 4952
110 4998
110 5101
110 5290
110 5588
110 5602
110 5619
110 5890
110 5966
110 6203
110 6698
110 7075
110 7367
110 7421
110 8062
110 8205
110 8337
110 8558
110 8687
110 8778
110 8881
110 9071
110 9178
110 9223
110 9257
110 9717
110 9738
110 9903
111 144
111 252
111 921
111 934
111 1336
111 1476
111 1853
111 1994
111 2080
111 2557
111 2574
111 3349
111 3394
111 3477
111 3629
111 3938
111 4053
111 4614
111 4797
111 5151
111 5239
111 5467
111 5882
111 5927
111 6154
111 6510
111 6613
111 6678
111 6930
111 7216
111 7624
111 7635
111 7642
111 7684
111 7964
111 8609
111 8644
111 8932
111 9499
111 9770
111 9808
111 9943
112 264
112 510
112 616
112 695
112 1011
112 1354
112 1366
112 1733
112 1823
112 2108
112 2274
112 2305
112 2427
112 2681
112 3043
112 3343
112 3419
112 3483
112 3599
112 3624
112 3810
112 3917
112 3932
112 3981
112 4173
112 4722
112 4763
112 4775
112 4832
112 4898
112 5078
112 5389
112 5794
112 5963
112 5982
112 6058
112 6168
112 6182
112 6648
112 7030
112 7131
112 8360
112 8544
112 8810
112 9353
112 9545
112 9570
112 9703
112 9767
113 143
113 990
113 1080
113 1319
113 1386
113 1890
113 2166
113 2284
113 2288
113 2322
113 2485
113 2495
113 2515
113 2702
113 2747
113 2749
113 2940
113 3469
113 4083
113 4321
113 4342
113 4398
113 4515
113 4604
113 4981
113 5057
113 5116
113 5598
113 5658
113 5913
113 6350
113 6603
113 6951
113 7058
113 7134
113 7387
113 7465
113 8002
113 8131
113 8199
113 8228
113 8272
113 8367
113 8570
113 8578
113 8619
113 8750
113 8872
113 9520
113 9562
113 9623
114 141
114 148
114 235
114 256
114 420
114 611
114 634
114 937
114 950
114 1030
114 1258
114 2281
114 3088
114 3119
114 3373
114 3415
114 3499
114 3832
114 3871
114 3912
114 3918
114 4059
114 4537
114 4854
114 5368
114 5834
114 5956
114 5981
114 6220
114 6364
114 6394
114 6858
114 6979
114 7184
114 7220
114 7518
114 7563
114 7762
114 7891
114 7901
114 8214
114 8346
114 8917
114 9355
114 9373
114 9386
114 9752
115 135
115 500
115 848
115 864
115 1185
115 1439
115 1612
115 1767
115 2047
115 2435
115 2829
115 2918
115 3479
115 3714
115 3934
115 4065
115 4126
115 4403
115 4612
115 5226
115 5402
115 5558
115 5635
115 5691
115 5846
115 6446
115 6574
115 6577
115 6578
115 6580
115 6616
115 6729
115 6744
115 6866
115 7013
115 7109
115 7207
115 7354
115 7442
115 7529
115 8014
115 8017
115 8311
115 8366
115 8512
115 8681
115 8863
115 9227
115 9466
115 9473
115 9696
115 9754
115 9995
116 134
116 163
116 434
116 599
116 729
116 865
116 1521
116 1666
116 1701
116 1765
116 1930
116 2345
116 2517
116 3054
116 3476
116 3487
116 3490
116 3565
116 3642
116 3815
116 4246
116 4540
116 5486
116 5702
116 5768
116 6399
116 6608
116 6675
116 6823
116 6887
116 7312
116 7682
116 7766
116 8203
116 8303
116 8383
116 8490
116 9389
116 9405
116 9564
116 9645
116 9822
116 9906
117 773
117 814
117 1061
117 1270
117 1285
117 1302
117 1672
117 1677
117 1705
117 1761
117 1980
117 2030
117 2418
117 2719
117 2847
117 2905
117 2967
117 3166
117 3338
117 3529
117 3638
117 3799
117 4287
117 4486
117 4941
117 5233
117 5370
117 5495
117 5637
117 5687
117 5802
117 6034
117 6518
117 6599
117 6817
117 6839
117 6945
117 6991
117 7048
117 7744
117 7827
117 7987
117 8136
117 8403
117 8463
117 8521
117 8549
117 8565
117 8955
117 9298
117 9327
117 9337
117 9624
117 9728
118 127
118 289
118 347
118 1463
118 1532
118 1704
118 1917
118 2175
118 2538
118 2877
118 2878
118 3049
118 3194
118 3305
118 3309
118 3463
118 3474
118 3538
118 3905
118 4158
118 4661
118 4664
118 4961
118 5050
118 5354
118 5521
118 5573
118 5932
118 6151
118 6215
118 6551
118 6575
118 6627
118 7020
118 7174
118 7366
118 7999
118 8314
118 8416
118 8911
118 8990
118 9173
118 9307
118 9351
118 9410
118 9692
118 9992
119 133
119 225
119 370
119 550
119 946
119 1352
119 1638
119 1787
119 1808
119 1861
119 1888
119 2006
119 2049
119 2087
119 2093
119 2271
119 2407
119 2571
119 2615
119 2782
119 2797
119 3278
119 3669
119 3835
119 3920
119 4337
119 4554
119 5409
119 5510
119 5681
119 5729
119 6179
119 6290
119 6352
119 6473
119 6674
119 6804
119 7335
119 7530
119 8071
119 8378
119 8732
119 8820
119 9134
119 9477
119 9507
119 9514
119 9618
119 9653
119 9851
119 9878
119 9922
119 10000
120 285
120 607
120 618
120 654
120 933
120 1407
120 1684
120 1708
120 2240
120 2422
120 2494
120 2633
120 3032
120 3143
120 3337
120 3457
120 3780
120 3808
120 4533
120 4914
120 4997
120 5009
120 5236
120 5430
120 5826
120 6062
120 6069
120 6127
120 6330
120 6503
120 7382
120 7548
120 7869
120 8419
120 9165
120 9390
120 9438
120 9510
121 344
121 372
121 435
121 759
121 989
121 1485
121 1490
121 2013
121 2028
121 2299
121 2445
121 2577
121 2873
121 3037
121 3310
121 3316
121 3558
121 3777
121 3825
121 3868
121 3948
121 4045
121 4067
121 4113
121 4118
121 4371
121 4530
121 4545
121 4577
121 4652
121 4669
121 4793
121 4993
121 5201
121 5572
121 5800
121 6056
121 6355
121 6645
121 6706
121 6993
121 7881
121 7899
121 8012
121 8126
121 8182
121 8393
121 8815
121 9061
121 9067
121 9224
121 9506
121 9508
121 9528
121 9954
121 9975
122 224
122 422
122 594
122 1350
122 1567
122 1759
122 1781
122 1998
122 2242
122 2587
122 2600
122 2688
122 2781
122 2864
122 3133
122 3240
122 3486
122 3688
122 3786
122 4162
122 4211
122 4262
122 4497
122 4700
122 4777
122 4979
122 4983
122 5183
122 5307
122 5509
122 5553
122 6247
122 6353
122 6517
122 6901
122 7226
122 7742
122 7800
122 7976
122 8277
122 8445
122 8638
122 8906
122 9245
122 9330
122 9979
123 332
123 410
123 601
123 857
123 1248
123 1253
123 1295
123 1310
123 1491
123 1745
123 1762
123 1948
123 2050
123 2361
123 2387
123 2433
123 2509
123 2720
123 2980
123 2986
123 3339
123 3387
123 3663
123 3692
123 3729
123 3797
123 4108
123 4680
123 4699
123 4749
123 5366
123 5653
123 5762
123 5865
123 6025
123 6485
123 6546
123 6745
123 6758
123 6828
123 6969
123 7017
123 7512
123 7737
123 8019
123 8191
123 8651
123 8784
123 9107
123 9492
123 9762
123 9801
123 9806
123 9864
124 319
124 358
124 517
124 522
124 587
124 730
124 858
124 1412
124 1487
124 1785
124 2008
124 2134
124 2300
124 2651
124 3156
124 3352
124 3420
124 3551
124 3964
124 4005
124 4553
124 4844
124 4965
124 5082
124 5112
124 5742
124 5780
124 6287
124 6383
124 6483
124 7004
124 7101
124 7451
124 7846
124 7911
124 8617
124 8769
124 9003
124 9304
124 9372
124 9677
124 9896
124 9956
124 9984
125 157
125 218
125 454
125 609
125 646
125 868
125 1045
125 1139
125 1179
125 1213
125 1495
125 1538
125 1839
125 1849
125 2204
125 2241
125 2420
125 2556
125 2589
125 2836
125 3579
125 3585
125 3632
125 3844
125 3916
125 4121
125 4290
125 4309
125 4332
125 4350
125 4647
125 4987
125 5041
125 5187
125 5345
125 5399
125 5597
125 5831
125 6166
125 6170
125 6316
125 6557
125 6692
125 6719
125 7083
125 7323
125 7652
125 7704
125 7916
125 8222
125 8579
125 8941
125 9340
125 9447
125 9481
125 9524
125 9537
125 9928
126 136
126 219
126 390
126 487
126 788
126 1037
126 1062
126 1100
126 1156
126 1287
126 1405
126 1884
126 1949
126 2290
126 2586
126 2907
126 2952
126 3078
126 3116
126 3288
126 3332
126 3452
126 3496
126 3559
126 4011
126 4152
126 4193
126 4373
126 4518
126 4826
126 5136
126 5592
126 5900
126 5937
126 5985
126 6038
126 6267
126 6461
126 6827
126 7107
126 7157
126 7385
126 7408
126 7618
126 7974
126 8104
126 8354
126 8369
126 8574
126 8674
126 8842
126 9397
126 9584
126 9673
126 9809
126 9830
126 9904
127 156
127 198
127 247
127 542
127 691
127 735
127 1281
127 1337
127 1939
127 2114
127 2313
127 2713
127 3074
127 3627
127 3842
127 3926
127 4349
127 4683
127 4985
127 5135
127 5138
127 5328
127 5556
127 5870
127 5978
127 6199
127 6282
127 6357
127 6520
127 6549
127 7077
127 7259
127 7852
127 8016
127 8282
127 8601
127 8649
127 8895
127 8937
127 9089
127 9179
127 9263
127 9472
127 9989
128 348
128 606
128 678
128 1015
128 1105
128 1264
128 1375
128 1663
128 2131
128 2572
128 2663
128 2700
128 2750
128 2899
128 3421
128 3965
128 4080
128 4169
128 4244
128 4413
128 4489
128 4524
128 4628
128 4676
128 5177
128 5302
128 5387
128 5469
128 5536
128 5590
128 5679
128 5705
128 5759
128 5825
128 5995
128 6092
128 6605
128 6784
128 6854
128 7103
128 7317
128 7539
128 7841
128 8241
128 8624
128 8905
128 9057
128 9136
128 9190
128 9259
128 9308
128 9740
128 9783
128 9856
129 155
129 426
129 575
129 820
129 825
129 1048
129 1162
129 1169
129 1453
129 1593
129 2510
129 2728
129 2753
129 2885
129 3001
129 3104
129 3382
129 3456
129 3628
129 3676
129 3734
129 3774
129 3910
129 4117
129 4156
129 4561
129 4883
129 4887
129 5027
129 5157
129 5180
129 5292
129 5757
129 6129
129 6180
129 6213
129 6818
129 6880
129 7133
129 7213
129 7372
129 7572
129 7602
129 8112
129 8157
129 8159
129 8178
129 8484
129 8614
129 9160
129 9273
129 9532
129 9582
129 9804
129 9955
130 1235
130 1262
130 1301
130 1537
130 1700
130 1894
130 2112
130 2129
130 2173
130 2318
130 2988
130 3009
130 3990
130 4886
130 5028
130 5339
130 5532
130 5853
130 6281
130 6342
130 6677
130 6686
130 6711
130 6747
130 6789
130 6914
130 7097
130 7191
130 7669
130 7690
130 7965
130 8264
130 8379
130 8756
130 8764
130 8874
130 8877
130 8889
130 9118
130 9288
130 9626
130 9731
130 9788
131 185
131 712
131 1141
131 1239
131 1561
131 1682
131 1783
131 2041
131 2343
131 2413
131 2459
131 2588
131 2660
131 2708
131 2895
131 3120
131 3149
131 3303
131 3353
131 3464
131 3607
131 3656
131 3798
131 3841
131 3874
131 4106
131 4474
131 4510
131 4800
131 4925
131 5095
131 5212
131 5269
131 5544
131 5874
131 5965
131 6525
131 6959
131 7143
131 7358
131 7361
131 7798
131 7885
131 8339
131 8341
131 8561
131 8728
131 8866
131 9135
131 9588
131 9589
131 9657
131 9997
132 464
132 778
132 1032
132 1099
132 1176
132 1193
132 1307
132 1649
132 1776
132 1809
132 2454
132 2531
132 2638
132 2767
132 2852
132 3181
132 3536
132 3608
132 3654
132 3801
132 3839
132 3848
132 3901
132 4084
132 4086
132 4129
132 4161
132 4254
132 4560
132 4584
132 4735
132 4766
132 5282
132 5815
132 5986
132 6826
132 6833
132 6924
132 7286
132 8099
132 8430
132 8652
132 8685
132 9445
132 9581
132 9701
133 567
133 786
133 955
133 1063
133 1243
133 1332
133 1418
133 1531
133 1570
133 1952
133 2083
133 2623
133 2778
133 3821
133 3941
133 4217
133 4447
133 4640
133 4880
133 5514
133 5688
133 5812
133 6211
133 6816
133 6868
133 7324
133 7808
133 7863
133 8153
133 8253
133 8459
133 8488
133 8528
133 8622
133 8720
133 8852
133 9038
133 9090
133 9344
133 9607
133 9885
133 9990
134 184
134 322
134 619
134 855
134 1226
134 1527
134 1712
134 2516
134 2654
134 2729
134 2786
134 3274
134 3356
134 3372
134 3785
134 4216
134 4326
134 4401
134 4761
134 5545
134 5849
134 5875
134 6027
134 6249
134 6263
134 6401
134 6543
134 6676
134 7019
134 7276
134 7339
134 7347
134 7371
134 7735
134 7772
134 7934
134 7941
134 8278
134 8943
134 8988
134 9207
134 9253
134 9418
134 9536
135 327
135 706
135 1203
135 1266
135 1286
135 1793
135 1872
135 1946
135 2219
135 2523
135 2639
135 2712
135 3056
135 3109
135 3280
135 3602
135 3862
135 4471
135 4607
135 4648
135 4841
135 4843
135 5022
135 5261
135 5452
135 5650
135 5852
135 5933
135 5950
135 6297
135 6631
135 6795
135 6849
135 7053
135 7082
135 7283
135 7304
135 7973
135 8050
135 8307
135 8473
135 8861
135 8924
135 9334
135 9359
135 9364
135 9487
135 9720
135 9817
136 376
136 882
136 1775
136 1796
136 1874
136 2002
136 2338
136 2474
136 2652
136 3091
136 3215
136 3402
136 3436
136 3505
136 3677
136 3978
136 4368
136 4379
136 4475
136 4913
136 4930
136 4986
136 5014
136 5045
136 5099
136 5139
136 5186
136 5365
136 5847
136 6022
136 6039
136 6101
136 6102
136 6131
136 6176
136 6227
136 6229
136 6259
136 6301
136 6362
136 6402
136 6440
136 6742
136 6808
136 6838
136 6990
136 7070
136 7115
136 7458
136 7461
136 7639
136 7686
136 7708
136 7816
136 7981
136 8067
136 8129
136 8324
136 8328
136 8361
136 8531
136 8677
136 9234
136 9661
136 9850
137 513
137 643
137 981
137 1149
137 1170
137 1199
137 1368
137 1400
137 1730
137 1976
137 1988
137 2289
137 2711
137 2915
137 2957
137 3269
137 3445
137 3460
137 3501
137 3554
137 3720
137 3761
137 4037
137 4157
137 4172
137 4236
137 4495
137 4541
137 4605
137 4932
137 5163
137 5251
137 5446
137 6066
137 6376
137 6800
137 6802
137 6896
137 6916
137 7168
137 7340
137 7612
137 7660
137 8229
137 8391
137 8542
137 8721
137 8845
137 8850
137 9096
137 9102
137 9128
137 9181
137 9250
137 9388
137 9844
137 9882
138 199
138 201
138 260
138 777
138 1087
138 1135
138 1349
138 1413
138 1459
138 1757
138 2100
138 2203
138 2349
138 2448
138 2475
138 2742
138 2743
138 3062
138 3234
138 3325
138 3346
138 3489
138 3689
138 3977
138 4010
138 4331
138 4621
138 4926
138 5330
138 5547
138 6073
138 6511
138 6585
138 6649
138 7329
138 7373
138 7497
138 7648
138 7678
138 7703
138 7732
138 7754
138 7972
138 8042
138 8151
138 8192
138 8240
138 8376
138 8497
138 8504
138 8553
138 8598
138 8744
138 8823
138 9034
138 9091
138 9272
138 9335
138 9577
138 9637
138 9858
139 276
139 313
139 483
139 647
139 652
139 780
139 971
139 1551
139 2052
139 2282
139 2442
139 2754
139 3170
139 3742
139 4001
139 4035
139 4128
139 4470
139 4688
139 4738
139 4890
139 4894
139 5192
139 5220
139 5294
139 5331
139 5527
139 5935
139 6016
139 6032
139 6093
139 6256
139 6413
139 6414
139 6736
139 7503
139 7549
139 8344
139 8944
139 9069
139 9078
139 9150
139 9206
139 9392
139 9719
139 9924
140 206
140 211
140 775
140 1050
140 1267
140 1728
140 1828
140 1915
140 2163
140 2222
140 2265
140 2732
140 2822
140 2875
140 3257
140 3687
140 3956
140 4002
140 4017
140 4034
140 4479
140 4484
140 5056
140 5182
140 5202
140 5241
140 5313
140 5827
140 6100
140 6133
140 6947
140 7063
140 7235
140 7284
140 7574
140 7577
140 7867
140 7894
140 7927
140 8208
140 8238
140 8275
140 8280
140 8457
140 8573
140 8786
140 9383
140 9563
140 9798
140 9816
140 9887
140 9983
141 145
141 698
141 1104
141 1696
141 1755
141 1882
141 1895
141 2363
141 2736
141 2955
141 3514
141 3779
141 4020
141 4072
141 4180
141 4187
141 4212
141 4536
141 4543
141 4597
141 4706
141 4861
141 4947
141 4996
141 5332
141 5529
141 5538
141 5595
141 5880
141 5928
141 6184
141 6194
141 6403
141 6480
141 7162
141 7285
141 7531
141 8069
141 8333
141 8359
141 8475
141 8637
141 8811
141 8843
141 8907
141 9166
141 9391
141 9421
141 9693
141 9790
142 267
142 912
142 1126
142 1241
142 1361
142 1511
142 1742
142 2115
142 2192
142 2262
142 2327
142 2634
142 3333
142 3439
142 3681
142 3702
142 4357
142 4448
142 4988
142 4991
142 5230
142 5629
142 5795
142 5915
142 5921
142 6037
142 6089
142 6193
142 6444
142 6522
142 6550
142 6650
142 6702
142 6767
142 7188
142 7260
142 7300
142 7435
142 8028
142 8059
142 8171
142 8225
142 9099
142 9331
142 9387
142 9476
142 9901
143 406
143 914
143 2216
143 2465
143 2669
143 2870
143 3107
143 3121
143 3123
143 3264
143 3467
143 3508
143 3574
143 3870
143 4381
143 4503
143 4724
143 4813
143 4901
143 5398
143 5581
143 5641
143 5675
143 5715
143 5752
143 5835
143 6241
143 6431
143 6830
143 6892
143 7161
143 7318
143 7651
143 7950
143 8458
143 9153
143 9195
143 9284
143 9356
143 9521
143 9566
143 9911
144 251
144 821
144 1098
144 1197
144 1219
144 1691
144 1752
144 1834
144 2226
144 2321
144 2323
144 2476
144 2508
144 2570
144 2764
144 2793
144 2884
144 2983
144 3007
144 3132
144 3148
144 3447
144 3644
144 3680
144 3750
144 4009
144 4013
144 4166
144 4296
144 4610
144 4768
144 5707
144 5788
144 5848
144 5876
144 6020
144 6138
144 6354
144 6536
144 7137
144 7182
144 7517
144 7598
144 7884
144 8262
144 8291
144 8357
144 8451
144 8527
144 8642
144 8722
144 8775
144 8780
144 9167
144 9286
144 9463
144 9543
144 9670
144 9699
144 9837
144 9876
144 9972
145 158
145 1186
145 1406
145 1445
145 2065
145 2180
145 2306
145 2527
145 3048
145 3285
145 3396
145 3747
145 3831
145 3859
145 4019
145 4155
145 4265
145 4355
145 4420
145 4633
145 4697
145 4906
145 4927
145 5033
145 5167
145 5785
145 5911
145 6126
145 6335
145 6724
145 6855
145 6878
145 6943
145 7199
145 7250
145 7554
145 8094
145 8524
145 8560
145 8782
145 8946
145 9106
145 9205
145 9354
145 9484
145 9496
145 9643
145 9765
146 233
146 303
146 713
146 740
146 772
146 838
146 1067
146 1095
146 1394
146 1404
146 1751
146 2042
146 2088
146 2095
146 2497
146 2594
146 2693
146 2762
146 3069
146 3141
146 3329
146 3461
146 3625
146 3651
146 3940
146 4146
146 4200
146 4905
146 5052
146 5333
146 5455
146 5630
146 5727
146 5808
146 6097
146 6436
146 6545
146 6667
146 6746
146 7001
146 7593
146 7607
146 7847
146 7998
146 8218
146 8257
146 8298
146 8678
146 8993
146 9686
146 9784
147 227
147 701
147 915
147 1183
147 1314
147 1331
147 1391
147 1484
147 1486
147 1656
147 1744
147 1852
147 1985
147 2768
147 2791
147 2794
147 3485
147 3493
147 3575
147 3630
147 3650
147 3856
147 3955
147 4081
147 4095
147 4274
147 4643
147 4690
147 4719
147 4780
147 4851
147 4884
147 5048
147 5121
147 5142
147 5262
147 5268
147 5311
147 5606
147 5840
147 6456
147 6497
147 6996
147 7556
147 7594
147 7845
147 7952
147 8049
147 8186
147 8407
147 8507
147 8603
147 9451
147 9486
148 268
148 357
148 693
148 785
148 860
148 964
148 1385
148 1564
148 1686
148 1748
148 1807
148 1889
148 1947
148 1961
148 2443
148 2931
148 3162
148 3331
148 3573
148 3610
148 3857
148 3895
148 4562
148 4619
148 4867
148 5031
148 5068
148 5711
148 5997
148 6197
148 6248
148 7003
148 7041
148 7064
148 7219
148 7436
148 7674
148 7799
148 8061
148 8137
148 8216
148 8447
148 8740
148 8953
148 9151
148 9277
148 9453
148 9483
148 9747
149 349
149 446
149 856
149 888
149 1382
149 1446
149 2130
149 2301
149 2486
149 2504
149 2715
149 2953
149 3152
149 3282
149 3370
149 3405
149 3595
149 3881
149 4027
149 4507
149 4716
149 4864
149 5733
149 6368
149 6516
149 6548
149 6588
149 6661
149 7116
149 7132
149 7309
149 7360
149 7485
149 7499
149 7688
149 7918
149 8054
149 8066
149 8162
149 8345
149 8660
149 8757
149 8806
149 8956
149 9004
149 9503
149 9590
149 9766
150 290
150 438
150 586
150 673
150 960
150 1093
150 1321
150 1343
150 1528
150 1727
150 1806
150 2020
150 2328
150 2482
150 2622
150 2685
150 2716
150 2850
150 2992
150 3012
150 3031
150 3168
150 3449
150 3544
150 3635
150 3696
150 4197
150 4223
150 4313
150 4574
150 4599
150 4611
150 4962
150 4994
150 5696
150 5708
150 5765
150 5799
150 6382
150 6560
150 6846
150 6894
150 7039
150 7394
150 7468
150 8398
150 8523
150 8589
150 8710
150 8886
150 9039
150 9553
150 9649
150 9933
150 9939
150 9994
151 166
151 266
151 563
151 845
151 966
151 1088
151 1339
151 1468
151 1494
151 1857
151 1887
151 1893
151 1951
151 2348
151 2350
151 2360
151 2376
151 2506
151 2761
151 2860
151 2930
151 3002
151 3186
151 3229
151 3597
151 3690
151 4044
151 4853
151 5001
151 5185
151 5291
151 5859
151 5964
151 6035
151 6296
151 6340
151 6378
151 6479
151 6710
151 7419
151 7493
151 7508
151 7801
151 7836
151 7991
151 8117
151 8256
151 8355
151 8610
151 9126
151 9244
151 9339
151 9448
151 9718
151 9723
151 9744
151 9886
152 173
152 340
152 512
152 1157
152 1164
152 1189
152 1547
152 1927
152 2249
152 2855
152 3294
152 3320
152 3345
152 3606
152 3891
152 3960
152 4022
152 4023
152 4070
152 4122
152 4303
152 4435
152 4656
152 4953
152 5063
152 5080
152 5218
152 5298
152 5324
152 5494
152 5564
152 5791
152 6106
152 6481
152 6593
152 6851
152 6941
152 7241
152 7418
152 7450
152 7701
152 7711
152 7818
152 7990
152 8170
152 8233
152 8389
152 9252
152 9697
153 455
153 627
153 717
153 834
153 1211
153 1225
153 1227
153 1325
153 1364
153 1675
153 1706
153 1973
153 2118
153 2254
153 2449
153 2703
153 2704
153 2740
153 2845
153 3075
153 3191
153 3211
153 3248
153 3389
153 3413
153 3513
153 3526
153 3736
153 4670
153 4698
153 4788
153 4948
153 5403
153 5456
153 5907
153 5960
153 5984
153 6075
153 6254
153 6377
153 6529
153 6691
153 7154
153 7320
153 7722
153 7966
153 7979
153 8185
153 8243
153 8539
153 8698
153 8727
153 8768
153 8844
153 8910
153 9093
153 9156
153 9825
153 9958
154 220
154 283
154 473
154 667
154 890
154 1077
154 1152
154 1161
154 1166
154 1522
154 1657
154 1969
154 2027
154 2085
154 2405
154 2536
154 2667
154 2846
154 3218
154 3417
154 3450
154 3641
154 3775
154 3850
154 4376
154 4410
154 4512
154 5128
154 5199
154 5214
154 5851
154 6079
154 6130
154 6167
154 6554
154 7930
154 8961
154 9097
154 9177
154 9201
154 9268
154 9294
154 9538
154 9773
154 9780
154 9883
155 164
155 277
155 677
155 840
155 1667
155 1777
155 2197
155 2236
155 2858
155 2876
155 3284
155 3434
155 3657
155 3710
155 4234
155 4467
155 4616
155 4666
155 4703
155 5690
155 6064
155 6221
155 6441
155 6592
155 6952
155 7073
155 7210
155 8160
155 8183
155 8202
155 8530
155 8616
155 8667
155 9015
155 9143
155 9650
155 9777
156 383
156 637
156 674
156 748
156 762
156 766
156 846
156 1305
156 1842
156 1913
156 2320
156 2439
156 2521
156 2717
156 2741
156 2976
156 3084
156 3503
156 3614
156 3814
156 3888
156 4103
156 4164
156 4235
156 4351
156 4473
156 4596
156 4760
156 4942
156 5007
156 5040
156 5273
156 5811
156 6398
156 6812
156 6867
156 6884
156 7069
156 7099
156 7120
156 7843
156 7968
156 8075
156 8327
156 8522
156 8692
156 8754
156 8785
156 8838
156 8909
156 8959
156 8971
156 9454
156 9940
157 232
157 381
157 605
157 653
157 797
157 908
157 1268
157 1275
157 1907
157 1924
157 2125
157 2244
157 2799
157 2800
157 2938
157 3023
157 3195
157 3314
157 3459
157 3633
157 3782
157 3787
157 4691
157 4731
157 4752
157 4817
157 4888
157 5039
157 5094
157 5615
157 5778
157 6306
157 6621
157 6696
157 6835
157 7248
157 7249
157 7345
157 7386
157 7476
157 7579
157 7654
157 7783
157 8073
157 8318
157 8364
157 8636
157 8920
157 8976
157 9020
157 9368
157 9429
157 9597
157 9779
158 286
158 676
158 771
158 1006
158 1068
158 1288
158 1320
158 1496
158 1590
158 2032
158 2251
158 2332
158 2866
158 2917
158 3065
158 3169
158 3423
158 3548
158 3784
158 3836
158 4286
158 4442
158 4567
158 4715
158 5062
158 5129
158 5146
158 5203
158 5318
158 5382
158 5388
158 5396
158 5439
158 5764
158 5838
158 5897
158 5945
158 6078
158 6552
158 6568
158 6871
158 7042
158 7047
158 7337
158 7378
158 7393
158 7404
158 8230
158 8492
158 8599
158 8758
158 8964
158 9086
158 9267
158 9749
158 9771
158 9908
159 295
159 328
159 526
159 859
159 874
159 1049
159 1244
159 1482
159 1562
159 1632
159 1736
159 1956
159 2067
159 2256
159 2480
159 2780
159 3042
159 3366
159 4238
159 4277
159 4705
159 4770
159 4792
159 5372
159 5518
159 5537
159 5712
159 5740
159 6014
159 6082
159 6262
159 6358
159 6890
159 7315
159 7564
159 7586
159 8326
159 8334
159 8338
159 8438
159 8534
159 8827
159 9583
159 9665
160 411
160 491
160 718
160 753
160 944
160 1125
160 1312
160 1602
160 1715
160 1811
160 2342
160 2763
160 2826
160 2856
160 2929
160 2942
160 3055
160 3279
160 3340
160 3827
160 3936
160 4215
160 4354
160 4592
160 5310
160 5574
160 5576
160 5683
160 5883
160 6044
160 6407
160 7040
160 7102
160 7108
160 7122
160 7123
160 7141
160 7190
160 7617
160 7985
160 8335
160 8370
160 8532
160 8914
160 9230
160 9758
161 181
161 217
161 243
161 659
161 831
161 996
161 1306
161 1360
161 1636
161 1771
161 2379
161 2393
161 2555
161 2994
161 3098
161 3122
161 3251
161 3674
161 3892
161 4756
161 5209
161 5374
161 5405
161 5623
161 5660
161 5738
161 5861
161 6224
161 6255
161 6425
161 6727
161 6777
161 6856
161 6908
161 7195
161 7482
161 7707
161 7724
161 8201
161 8426
161 8467
161 8543
161 8689
161 8801
161 8995
161 9993
162 169
162 495
162 556
162 707
162 978
162 1148
162 1544
162 2143
162 2316
162 2388
162 2462
162 3671
162 4317
162 4523
162 4631
162 4646
162 5254
162 5549
162 5706
162 5806
162 6273
162 6373
162 6404
162 6430
162 6624
162 6782
162 6948
162 7445
162 7510
162 8023
162 8134
162 8149
162 8399
162 8476
162 8696
162 8864
162 9068
162 9149
162 9660
163 241
163 354
163 681
163 828
163 977
163 1071
163 1106
163 1200
163 1500
163 1660
163 1680
163 1711
163 2039
163 2636
163 2979
163 2989
163 3672
163 3792
163 3876
163 3907
163 3945
163 4291
163 4367
163 4532
163 4585
163 4900
163 4974
163 5013
163 5355
163 5418
163 5624
163 5736
163 5934
163 6232
163 6454
163 6465
163 6699
163 6897
163 7237
163 7610
163 8163
163 8293
163 8329
163 8466
163 8472
163 8653
163 8699
163 8760
163 9088
163 9682
163 9897
164 330
164 817
164 922
164 1431
164 1768
164 1877
164 1897
164 1970
164 2207
164 2409
164 2833
164 3000
164 3555
164 3860
164 3986
164 4074
164 4123
164 4320
164 4704
164 4839
164 4865
164 4943
164 4966
164 5321
164 5429
164 5476
164 5724
164 5743
164 5925
164 6125
164 6174
164 6697
164 6824
164 6929
164 7011
164 7153
164 7420
164 7444
164 7650
164 7749
164 8158
164 8259
164 8412
164 9803
164 9866
165 192
165 214
165 389
165 631
165 1054
165 1617
165 2106
165 2464
165 2575
165 2803
165 2853
165 2887
165 2935
165 3591
165 3626
165 3816
165 3826
165 4111
165 4809
165 5546
165 6457
165 6632
165 6638
165 6752
165 7086
165 7239
165 8000
165 8382
165 8485
165 8500
165 8533
165 8798
165 8839
165 9465
165 9498
165 9814
166 202
166 580
166 651
166 716
166 923
166 958
166 1554
166 1650
166 1802
166 2187
166 2317
166 2499
166 2695
166 2773
166 2777
166 3102
166 3118
166 3344
166 3378
166 3884
166 3946
166 4007
166 4031
166 4323
166 4940
166 5508
166 5642
166 5713
166 5843
166 5895
166 5917
166 5998
166 6095
166 6217
166 6268
166 6500
166 7021
166 7246
166 7391
166 7463
166 7926
166 7992
166 8343
166 8592
166 8743
166 8800
166 9133
166 9182
166 9365
166 9398
166 9440
166 9671
166 9884
166 9977
167 208
167 324
167 518
167 658
167 1020
167 1026
167 1038
167 1222
167 1369
167 1403
167 1470
167 1605
167 1840
167 2124
167 2429
167 3263
167 3664
167 3719
167 3755
167 3758
167 3793
167 4870
167 5276
167 5664
167 5766
167 5769
167 6315
167 6512
167 6954
167 7437
167 7561
167 7743
167 7787
167 8072
167 8092
167 8125
167 8317
167 8635
167 8655
167 8880
167 9157
167 9180
167 9374
167 9393
167 9534
167 9681
167 9895
167 9941
168 407
168 428
168 461
168 1390
168 1644
168 1721
168 1860
168 1986
168 2479
168 2528
168 2558
168 2620
168 3307
168 3348
168 3454
168 3683
168 3756
168 4799
168 4975
168 5134
168 5303
168 5433
168 5994
168 6012
168 6141
168 6417
168 6492
168 6644
168 6665
168 6750
168 6922
168 6988
168 7331
168 7583
168 7630
168 7677
168 7698
168 7747
168 7777
168 7960
168 8411
168 8645
168 8679
168 9360
168 9502
169 234
169 287
169 402
169 504
169 546
169 710
169 948
169 1003
169 1041
169 1252
169 1261
169 1328
169 1372
169 1835
169 2038
169 2152
169 2524
169 2769
169 3005
169 3151
169 3178
169 3341
169 3407
169 4196
169 4208
169 4335
169 4625
169 4674
169 4759
169 5088
169 5252
169 5304
169 5575
169 6002
169 6109
169 6132
169 6523
169 6735
169 6764
169 6985
169 7084
169 7443
169 7804
169 8007
169 8169
169 8410
169 8506
169 8515
169 8556
169 8749
169 8807
169 8854
169 8938
169 9176
169 9604
170 897
170 994
170 1059
170 1242
170 1256
170 1296
170 1694
170 2061
170 2264
170 2593
170 2902
170 2932
170 3003
170 3199
170 3312
170 3315
170 3805
170 3813
170 3967
170 4052
170 4131
170 4150
170 4178
170 4377
170 4741
170 5109
170 5734
170 5824
170 6312
170 6506
170 6576
170 6728
170 6733
170 6843
170 6861
170 6983
170 7140
170 7410
170 7462
170 7900
170 8063
170 8834
170 8860
170 8894
170 8960
170 8972
170 9074
170 9246
170 9436
170 9527
170 9927
171 524
171 592
171 593
171 719
171 929
171 1033
171 1114
171 1115
171 1215
171 1223
171 1739
171 1820
171 1993
171 2246
171 2718
171 3144
171 3433
171 4008
171 4134
171 4696
171 4726
171 5030
171 5178
171 5250
171 5746
171 5813
171 5980
171 6266
171 6410
171 6687
171 6791
171 7060
171 7193
171 7244
171 7281
171 7362
171 7658
171 7681
171 7715
171 8176
171 8245
171 8295
171 8752
171 9040
171 9184
171 9625
171 9877
172 246
172 478
172 622
172 1096
172 1154
172 1488
172 1830
172 1846
172 2000
172 2014
172 2122
172 2154
172 2177
172 2759
172 2766
172 3130
172 3216
172 3297
172 3963
172 4365
172 4893
172 5351
172 5579
172 5833
172 5909
172 6236
172 6390
172 6469
172 6595
172 6873
172 7667
172 7673
172 8005
172 8070
172 8397
172 8545
172 8596
172 9513
172 9948
173 281
173 519
173 520
173 545
173 803
173 1224
173 1409
173 1642
173 1703
173 1747
173 2297
173 2310
173 2453
173 2513
173 2543
173 2808
173 2901
173 3764
173 3788
173 3866
173 4186
173 4256
173 4319
173 4729
173 4762
173 4933
173 4992
173 5164
173 6188
173 6384
173 6513
173 6685
173 6872
173 6970
173 7130
173 7515
173 7822
173 7826
173 7947
173 8195
173 8296
173 8325
173 8669
173 8787
173 9049
173 9159
173 9188
173 9262
173 9554
173 9557
173 9656
174 236
174 470
174 583
174 603
174 779
174 811
174 920
174 931
174 1042
174 1172
174 1397
174 1623
174 1725
174 1912
174 1923
174 2066
174 2194
174 2302
174 2406
174 2735
174 2821
174 2909
174 3235
174 3578
174 4163
174 4195
174 4292
174 4341
174 5002
174 5058
174 5223
174 5468
174 5541
174 5603
174 5667
174 5782
174 6295
174 6442
174 7176
174 7325
174 7590
174 7671
174 8626
174 8836
174 8927
174 9289
174 9640
174 9871
175 310
175 325
175 649
175 687
175 861
175 1437
175 1670
175 1707
175 1794
175 2062
175 2291
175 2559
175 2581
175 2613
175 2616
175 2857
175 3481
175 3519
175 3903
175 3952
175 4279
175 4340
175 4645
175 4912
175 5059
175 5179
175 6051
175 6490
175 6504
175 6743
175 7352
175 7641
175 7757
175 7774
175 7809
175 8105
175 8207
175 8858
175 8985
175 9319
175 9378
176 312
176 624
176 686
176 688
176 869
176 907
176 1218
176 1365
176 1469
176 1652
176 1697
176 1818
176 2004
176 2709
176 2837
176 2975
176 3137
176 3174
176 3227
176 3453
176 3570
176 3830
176 4115
176 4328
176 4847
176 5227
176 5519
176 6152
176 6660
176 6670
176 6738
176 7171
176 7428
176 7694
176 8022
176 8420
176 8969
176 9290
176 9323
176 9821
177 431
177 632
177 956
177 1165
177 1393
177 1492
177 1629
177 1844
177 2055
177 2324
177 2798
177 2835
177 2840
177 2868
177 2960
177 2997
177 3112
177 3134
177 3217
177 3301
177 3408
177 3741
177 3795
177 3996
177 4043
177 4329
177 4348
177 4434
177 4502
177 4710
177 4747
177 4812
177 4871
177 4934
177 5006
177 5137
177 5401
177 5613
177 5728
177 6000
177 6007
177 6010
177 6751
177 6829
177 6925
177 6944
177 7051
177 7106
177 7316
177 7544
177 7614
177 7871
177 8657
177 8790
177 9329
177 9659
178 210
178 397
178 564
178 588
178 696
178 1588
178 1804
178 1901
178 2206
178 2607
178 2893
178 2944
178 3244
178 3525
178 3616
178 3739
178 3869
178 4025
178 4275
178 4425
178 4427
178 4501
178 4745
178 4956
178 4968
178 5049
178 5156
178 5407
178 5434
178 5636
178 5816
178 5924
178 5999
178 6013
178 6206
178 6886
178 6976
178 7369
178 7389
178 7599
178 7865
178 8140
178 8588
178 8676
178 8867
178 8987
178 9019
178 9137
178 9404
178 9488
178 9802
179 544
179 680
179 830
179 911
179 1246
179 1249
179 1474
179 1864
179 2424
179 2727
179 2993
179 3108
179 3482
179 3515
179 3757
179 4078
179 4119
179 4336
179 4441
179 4774
179 5038
179 5193
179 5577
179 6105
179 6143
179 6639
179 6860
179 6962
179 7521
179 7596
179 7597
179 8433
179 8628
179 8741
179 9293
179 9314
179 9423
179 9748
179 9791
180 363
180 496
180 535
180 781
180 824
180 1143
180 1251
180 1668
180 1717
180 1763
180 1803
180 1881
180 2303
180 2377
180 2776
180 2882
180 2926
180 3058
180 3183
180 3532
180 3875
180 3973
180 4409
180 4514
180 4642
180 4714
180 4879
180 5344
180 5458
180 5479
180 5562
180 5761
180 6137
180 6749
180 7223
180 7486
180 8227
180 8482
180 8529
180 8604
180 8656
180 8690
180 8724
180 8734
180 8746
180 9054
180 9708
180 9965
181 257
181 1109
181 1122
181 1272
181 1425
181 2156
181 2304
181 2748
181 2879
181 2927
181 3586
181 3593
181 3704
181 4047
181 4139
181 4251
181 4593
181 4982
181 5465
181 5787
181 5839
181 6379
181 6451
181 6509
181 6722
181 7125
181 7179
181 7453
181 7982
181 8082
181 8107
181 8139
181 8249
181 8304
181 8353
181 8439
181 8505
181 8705
181 8730
181 8848
181 8935
181 9079
181 9318
181 9459
181 9517
182 193
182 304
182 371
182 392
182 736
182 919
182 942
182 1265
182 1392
182 1665
182 1669
182 1878
182 1953
182 2802
182 2807
182 2823
182 2923
182 3041
182 3079
182 3101
182 3983
182 4051
182 4301
182 4375
182 4904
182 4954
182 5463
182 5580
182 5627
182 5888
182 5976
182 6053
182 6462
182 6900
182 7110
182 7229
182 7478
182 7627
182 8084
182 8145
182 8319
182 8470
182 8683
182 8742
182 8835
182 9053
182 9299
182 9807
183 458
183 795
183 962
183 1130
183 1873
183 2140
183 2237
183 2548
183 2596
183 2999
183 3026
183 3238
183 3321
183 3410
183 3522
183 3727
183 3984
183 4247
183 4288
183 4693
183 4758
183 4848
183 5189
183 5259
183 5314
183 5694
183 5973
183 6435
183 6496
183 6780
183 6853
183 6874
183 6913
183 7119
183 7230
183 7264
183 7739
183 7820
183 8239
183 8273
183 8563
183 8761
183 8816
183 8892
183 8900
183 9075
183 9861
183 9929
184 380
184 387
184 507
184 703
184 745
184 1097
184 1178
184 1277
184 1513
184 1596
184 1735
184 1773
184 2036
184 2259
184 2391
184 2426
184 2948
184 3224
184 3958
184 4054
184 4136
184 4185
184 4230
184 4308
184 4405
184 4535
184 5010
184 5141
184 5165
184 5393
184 5507
184 5633
184 5819
184 5918
184 6448
184 6703
184 7196
184 7528
184 7636
184 7745
184 8021
184 8035
184 8074
184 8661
184 8855
184 8922
184 9112
184 9202
184 9312
184 9690
184 9700
184 9772
184 9811
184 9888
185 263
185 280
185 401
185 547
185 596
185 945
185 1376
185 1640
185 1977
185 2674
185 2819
185 2828
185 2897
185 2984
185 3158
185 3335
185 3748
185 4109
185 4278
185 4363
185 4386
185 4462
185 4910
185 5168
185 5440
185 5699
185 5942
185 6815
185 6865
185 6928
185 6973
185 7112
185 7592
185 7600
185 7988
185 8006
185 8421
185 8613
185 8840
185 9129
185 9239
185 9781
186 391
186 494
186 585
186 756
186 1182
186 1293
186 1622
186 2068
186 2201
186 2336
186 2438
186 2469
186 2608
186 3064
186 3254
186 3261
186 3424
186 3567
186 3621
186 3997
186 4429
186 4440
186 4807
186 4828
186 4829
186 5265
186 5620
186 5737
186 5884
186 6514
186 6811
186 6848
186 7313
186 7731
186 8135
186 8571
186 8948
186 9065
186 9241
186 9635
186 9684
186 9930
186 9976
187 306
187 396
187 404
187 574
187 608
187 791
187 844
187 1292
187 1356
187 1415
187 1508
187 1530
187 1740
187 1936
187 1966
187 2110
187 2382
187 2466
187 2492
187 2771
187 2813
187 2814
187 2968
187 3100
187 3209
187 3223
187 3275
187 3471
187 3527
187 3909
187 4243
187 4271
187 4300
187 4395
187 4820
187 4950
187 5175
187 5271
187 5289
187 5421
187 5878
187 5951
187 6080
187 6437
187 6445
187 6641
187 6895
187 7010
187 7037
187 7542
187 7736
187 7789
187 7913
187 8283
187 8417
187 8443
187 8633
187 8643
187 8982
187 9243
187 9375
187 9427
187 9525
187 9558
187 9560
187 9668
187 9704
187 9879
188 195
188 362
188 532
188 1060
188 1159
188 1209
188 1335
188 1664
188 1903
188 1934
188 2223
188 2298
188 2333
188 2701
188 2880
188 2939
188 3448
188 3615
188 3655
188 3762
188 3849
188 4153
188 4689
188 4772
188 4824
188 4896
188 4924
188 5432
188 5520
188 5593
188 5654
188 5735
188 5948
188 6455
188 6870
188 7232
188 7423
188 7469
188 7662
188 7712
188 7854
188 7895
188 8020
188 8172
188 8409
188 8583
188 8693
188 8797
188 8997
188 9216
188 9260
188 9403
188 9573
188 9586
188 9616
188 9926
189 200
189 308
189 425
189 445
189 581
189 604
189 656
189 702
189 802
189 832
189 1313
189 1426
189 1698
189 2113
189 2395
189 2419
189 2547
189 2787
189 3105
189 3200
189 3435
189 3535
189 3701
189 3731
189 4289
189 4339
189 4408
189 4600
189 4635
189 4764
189 5008
189 5953
189 6309
189 6372
189 6385
189 6960
189 7029
189 7274
189 7330
189 7414
189 7877
189 7994
189 8056
189 8108
189 8116
189 8380
189 8423
189 8503
189 8559
189 8569
189 8625
189 8659
189 9154
189 9315
189 9411
189 9575
190 528
190 614
190 815
190 939
190 1210
190 1402
190 1676
190 1831
190 2358
190 2478
190 2635
190 3063
190 3355
190 3418
190 3438
190 3914
190 3928
190 4209
190 4492
190 4571
190 4617
190 4708
190 4778
190 4869
190 4957
190 5152
190 5232
190 5322
190 5448
190 5755
190 5893
190 5898
190 6065
190 6237
190 6239
190 6288
190 6533
190 6620
190 6642
190 7005
190 7072
190 7293
190 7471
190 7838
190 8055
190 8146
190 8148
190 8342
190 8826
190 9457
190 9669
190 9836
191 453
191 474
191 480
191 898
191 995
191 1322
191 1323
191 1348
191 1965
191 2924
191 3161
191 3185
191 3647
191 4225
191 4569
191 4588
191 4590
191 4609
191 5267
191 5786
191 5804
191 5987
191 6048
191 6134
191 6487
191 6526
191 6769
191 6950
191 6968
191 7384
191 7403
191 7524
191 7550
191 7608
191 7640
191 7679
191 7932
191 8024
191 8271
191 8306
191 8477
191 8680
191 8706
191 8725
191 9092
191 9164
191 9363
191 9377
191 9795
191 9799
191 9947
191 9998
192 296
192 440
192 697
192 774
192 787
192 910
192 1024
192 1128
192 1359
192 1456
192 1549
192 1979
192 2149
192 2208
192 2215
192 2385
192 2458
192 2567
192 2995
192 3025
192 3129
192 3233
192 3587
192 3722
192 4077
192 4245
192 4393
192 4733
192 4769
192 5005
192 5343
192 5503
192 5560
192 5639
192 5750
192 5814
192 5896
192 6656
192 6683
192 6999
192 7262
192 7441
192 7541
192 7622
192 7628
192 7807
192 7835
192 8292
192 8406
192 8465
192 8871
192 9022
192 9124
192 9186
192 9742
192 9763
192 9838
192 9963
193 216
193 274
193 351
193 538
193 589
193 636
193 644
193 1131
193 1371
193 1553
193 1943
193 2169
193 2205
193 2389
193 2468
193 2526
193 3006
193 3466
193 3543
193 3766
193 3846
193 3908
193 4282
193 4546
193 4721
193 4973
193 5132
193 5235
193 5748
193 5977
193 6042
193 6121
193 6739
193 6756
193 6785
193 6841
193 6882
193 6899
193 7580
193 7697
193 7858
193 7937
193 8289
193 8508
193 8595
193 9274
193 9297
193 9430
193 9501
193 9664
193 9698
193 9751
193 9898
193 9944
194 412
194 427
194 705
194 789
194 800
194 1144
194 1374
194 1378
194 1429
194 1442
194 1509
194 2286
194 2440
194 3124
194 3237
194 3268
194 3295
194 3865
194 3879
194 4199
194 4312
194 4411
194 4498
194 4805
194 4852
194 4938
194 5064
194 5126
194 5153
194 5274
194 5444
194 5524
194 5561
194 5941
194 6467
194 6688
194 6797
194 6910
194 7629
194 7687
194 7752
194 7819
194 7839
194 8413
194 8513
194 8789
194 9007
194 9110
194 9346
194 9716
195 239
195 342
195 436
195 486
195 1146
195 1565
195 1639
195 1654
195 1702
195 1801
195 2195
195 2235
195 2238
195 2347
195 2371
195 2421
195 2434
195 2483
195 2519
195 2539
195 2621
195 2656
195 2966
195 3230
195 3298
195 3959
195 4221
195 4589
195 4972
195 5219
195 5492
195 5793
195 6091
195 6370
195 6538
195 6633
195 6786
195 7016
195 7181
195 7217
195 7314
195 7446
195 7730
195 7888
195 8462
195 8468
195 8672
195 8963
195 8994
195 9204
195 9991
196 293
196 317
196 560
196 635
196 639
196 642
196 690
196 1018
196 1070
196 1347
196 1699
196 1825
196 1989
196 2077
196 2107
196 2111
196 2408
196 2598
196 2637
196 2680
196 2699
196 3730
196 3791
196 3804
196 4170
196 4436
196 4701
196 5375
196 6113
196 6235
196 6252
196 6540
196 7537
196 7693
196 7797
196 7825
196 7915
196 8226
196 8288
196 8349
196 8402
196 8584
196 9047
196 9183
196 9480
196 9694
196 9868
197 288
197 477
197 1008
197 1621
197 1690
197 1824
197 2231
197 2725
197 2892
197 3103
197 3159
197 3406
197 3432
197 3507
197 4063
197 4104
197 4259
197 4488
197 4601
197 5070
197 5098
197 5155
197 5162
197 5176
197 5221
197 5474
197 5996
197 6011
197 6117
197 6185
197 6412
197 6814
197 7018
197 7127
197 7392
197 7401
197 7483
197 7653
197 7996
197 8068
197 8236
197 8587
197 9265
197 9608
198 345
198 557
198 628
198 685
198 906
198 952
198 1010
198 1201
198 1238
198 1240
198 1428
198 1851
198 2260
198 3157
198 3504
198 3854
198 3939
198 4480
198 5406
198 5583
198 5659
198 5662
198 5798
198 6226
198 6336
198 6484
198 6556
198 6607
198 6770
198 7014
198 7305
198 7357
198 7553
198 7665
198 8010
198 8127
198 8474
198 8841
198 9087
198 9232
198 9271
198 9379
198 9497
198 9522
198 9756
198 9892
199 245
199 331
199 839
199 1231
199 1519
199 1550
199 1619
199 1732
199 1971
199 2141
199 2436
199 2705
199 2908
199 3052
199 3066
199 3086
199 3114
199 3190
199 3308
199 3430
199 3560
199 3728
199 4267
199 4299
199 4372
199 4430
199 4727
199 5150
199 5191
199 5248
199 5578
199 5968
199 6324
199 6957
199 7089
199 7142
199 7532
199 7813
199 7971
199 8177
199 8181
199 8242
199 8431
199 8899
199 8950
199 9026
199 9282
199 9441
199 9793
200 273
200 275
200 829
200 1002
200 1297
200 1784
200 1819
200 1909
200 2553
200 2592
200 2641
200 2914
200 3146
200 3205
200 3228
200 3253
200 3686
200 3800
200 4006
200 4116
200 4191
200 4283
200 4653
200 4687
200 5608
200 5628
200 5701
200 5745
200 5844
200 6183
200 6208
200 6380
200 6460
200 6466
200 6989
200 7166
200 7252
200 7546
200 7689
200 8101
200 8164
200 8270
200 8320
200 8479
200 8771
200 8973
200 8981
200 9210
200 9435
200 9546
200 9675
200 9855
2 53 6075
2 2172 8185
2 53 153
2 53 2704
2 2172 6254
2 5012 7966
2 53 1325
2 4670 9010
2 68 153
2 1325 7336
2 121 1065
2 121 1173
2 344 1173
2 121 1592
2 3825 4753
2 88 6993
2 88 4045
2 1057 8182
2 5967 6706
2 121 8174
2 192 3486
2 422 3129
2 2781 6683
2 122 9963
2 422 697
2 5553 7622
2 192 2864
2 122 2385
2 122 4245
2 774 8638
2 1363 6257
2 7925 8519
2 60 3619
2 1284 6175
2 5600 5805
2 5242 5634
2 6869 8368
2 97 1859
2 1280 8519
2 60 97
2 26 197
2 26 197
2 26 9608
2 4601 6904
2 26 197
2 26 6412
2 5098 6319
2 197 1862
2 197 7095
2 26 197
2 102 160
2 1602 2185
2 2657 7123
2 12 6709
2 1312 5457
2 160 2185
2 160 8813
2 102 160
2 1312 5832
2 160 5832
2 6817 9756
2 198 8136
2 1201 4287
2 198 8565
2 1285 5659
2 5662 5687
2 1677 3504
2 6226 8521
2 117 198
2 2967 8841
2 5314 9467
2 3598 8563
2 3243 7119
2 7739 8612
2 31 877
2 183 7038
2 8751 8761
2 31 183
2 7093 8563
2 31 183
2 825 9498
2 41 165
2 129 165
2 129 7239
2 165 4156
2 165 6213
2 426 2887
2 129 631
2 1453 8000
2 129 2887
2 46 6402
2 46 6742
2 136 4673
2 2474 7326
2 46 7816
2 1775 5952
2 136 7921
2 46 136
2 136 1731
2 1036 2338
2 112 8458
2 112 7651
2 112 3121
2 143 3419
2 143 264
2 4763 9911
2 112 5581
2 406 7131
2 112 5835
2 112 3508
2 7219 9630
2 81 9483
2 1234 3857
2 114 9211
2 148 6693
2 148 8510
2 2998 3895
2 148 6731
2 7219 9745
2 3895 6903
2 197 3190
2 197 3560
2 199 6117
2 199 5098
2 7483 7813
2 197 7532
2 6011 9282
2 197 199
2 197 5578
2 197 5968
2 143 9145
2 51 5835
2 2760 9521
2 6067 9195
2 51 2465
2 4381 4414
2 3123 9063
2 143 6067
2 3467 3771
2 4724 7474
2 76 184
2 184 851
2 3224 5449
2 184 9295
2 76 5819
2 184 8554
2 76 6703
2 184 5783
2 76 184
2 76 184
2 4101 7594
2 501 1634
2 8049 9458
2 5606 5616
2 418 9486
2 2794 3693
2 1 1744
2 5142 7595
2 147 8890
2 227 2252
2 53 4672
2 1381 4608
2 2034 3582
2 53 7555
2 5012 6333
2 83 456
2 53 4578
2 83 2137
2 53 83
2 1381 5281
2 9 196
2 196 262
2 1347 2824
2 196 413
2 9 2680
2 3015 4170
2 196 5376
2 560 3377
2 196 262
2 9 9047
2 1597 4553
2 76 124
2 76 9372
2 124 5337
2 517 1597
2 76 8769
2 76 9896
2 124 1247
2 76 522
2 1597 6287
2 7136 7404
2 1068 3956
2 3956 4567
2 7042 9563
2 158 4002
2 158 9563
2 140 2251
2 2732 3423
2 6871 8573
2 140 158
2 999 4105
2 3350 3796
2 70 9240
2 6531 8709
2 4105 5394
2 999 7887
2 8875 9636
2 70 3051
2 5213 8875
2 70 999
2 106 170
2 3312 7573
2 170 2679
2 106 4741
2 1256 8189
2 897 9953
2 1065 3594
2 5734 9174
2 6983 7814
2 309 1242
2 74 7655
2 2078 7824
2 709 5618
2 74 3783
2 1945 3995
2 74 7012
2 31 5754
2 2661 5113
2 31 74
2 783 7824
2 1 8044
2 2144 7466
2 25 6161
2 3472 9932
2 1 8044
2 3142 4068
2 4101 8552
2 1102 3924
2 16 6695
2 5 3847
2 198 4895
2 6162 8127
2 79 198
2 79 1851
2 79 5406
2 970 6484
2 4110 5583
2 970 5798
2 79 5406
2 79 198
2 123 9767
2 123 3981
2 1248 2681
2 1354 5653
2 112 123
2 123 5794
2 112 7737
2 510 5653
2 112 332
2 112 2387
2 1589 9348
2 11 46
2 46 9161
2 3208 4018
2 6076 7438
2 11 46
2 11 3620
2 11 4322
2 11 4018
2 46 3236
2 183 4560
2 183 8685
2 2140 4084
2 2531 5694
2 132 5973
2 132 183
2 3984 4254
2 183 4735
2 4766 4848
2 2767 3321
2 90 8392
2 8432 9229
2 15 90
2 15 4397
2 3196 6781
2 15 90
2 6781 7962
2 15 8032
2 15 90
2 1572 2446
2 125 8348
2 73 3633
2 4817 6716
2 157 1935
2 73 9020
2 73 157
2 73 7345
2 157 4143
2 157 516
2 73 3782
2 187 6915
2 187 3128
2 187 7114
2 39 187
2 187 6371
2 2968 6371
2 6371 7542
2 39 187
2 396 8634
2 4141 9704
2 3165 6455
2 42 4896
2 1060 6356
2 7232 7692
2 42 188
2 42 2880
2 42 3849
2 3615 4491
2 61 8020
2 3615 5773
2 18 8199
2 18 7465
2 2801 4321
2 990 3954
2 1108 5598
2 18 4981
2 18 6350
2 62 143
2 1417 2940
2 18 113
2 1942 3839
2 2454 9485
2 29 132
2 86 6826
2 29 1193
2 8099 9841
2 3153 4129
2 132 1598
2 778 1709
2 29 132
2 74 129
2 74 4883
2 74 1453
2 5027 9276
2 533 8484
2 74 3628
2 4887 6246
2 74 7133
2 74 7372
2 129 2078
2 127 1010
2 198 1532
2 118 127
2 118 952
2 198 2175
2 198 6151
2 198 9992
2 3049 3939
2 4158 5659
2 198 3538
2 4321 5152
2 5057 5755
2 6350 9669
2 5913 7072
2 113 9836
2 4342 5232
2 113 190
2 4083 4571
2 815 8578
2 1319 2358
2 2357 9006
2 49 4485
2 46 1094
2 46 49
2 916 6704
2 5395 6308
2 49 5858
2 49 9796
2 4485 8548
2 5858 6381
2 100 138
2 100 3234
2 138 6862
2 1413 4911
2 3234 7208
2 1757 8471
2 100 6649
2 100 138
2 138 4374
2 138 4830
2 163 7106
2 3907 7106
2 163 1393
2 177 3792
2 163 4329
2 5013 9329
2 177 7237
2 163 7106
2 163 1393
2 1200 2835
2 107 8840
2 2674 7452
2 107 185
2 6471 9781
2 107 185
2 4910 9945
2 2253 7600
2 6087 9129
2 185 3497
2 547 967
2 2785 5688
2 34 786
2 34 9990
2 34 9090
2 34 133
2 133 3923
2 5213 9990
2 1531 8347
2 34 133
2 34 9090
2 4190 9745
2 1373 7782
2 92 3545
2 8091 9996
2 81 92
2 3631 8340
2 81 92
2 250 2779
2 81 5515
2 81 92
2 185 2030
2 6815 6817
2 185 8521
2 117 5699
2 185 9624
2 185 2905
2 1672 5942
2 945 6817
2 117 185
2 3874 9327
2 14 137
2 14 137
2 1368 9921
2 650 1400
2 14 137
2 137 5975
2 137 823
2 14 137
2 137 209
2 14 4037
2 171 8231
2 5428 6791
2 171 333
2 171 4978
2 171 2183
2 524 595
2 573 7193
2 5 171
2 6332 7681
2 5 1115
2 46 6810
2 106 1036
2 4018 5103
2 51 106
2 46 106
2 2679 8694
2 46 7505
2 46 4603
2 106 4737
2 3147 3738
2 106 4416
2 4684 9953
2 106 4684
2 3334 8701
2 13 1919
2 3409 3811
2 13 106
2 13 106
2 13 309
2 106 6322
2 604 8444
2 189 5043
2 10 189
2 189 2217
2 10 5953
2 10 9315
2 189 7321
2 10 189
2 4408 8618
2 189 5721
2 161 4460
2 2446 5209
2 90 5405
2 161 7983
2 1451 2379
2 2919 6777
2 161 8252
2 161 7714
2 243 1774
2 1774 7724
2 4624 4812
2 1025 9329
2 1291 4434
2 177 8437
2 37 6010
2 1492 7448
2 4043 4742
2 7544 8936
2 177 7448
2 3446 7614
2 74 3501
2 513 7421
2 137 1083
2 5602 6896
2 110 4157
2 137 9223
2 137 1502
2 110 8391
2 137 4144
2 110 137
2 108 8309
2 108 5390
2 377 4214
2 35 6793
2 35 7923
2 108 9120
2 108 1917
2 71 5863
2 35 108
2 35 3900
2 6757 8877
2 4667 6342
2 130 7267
2 7965 8509
2 108 9626
2 108 9626
2 1894 7267
2 108 6342
2 130 9849
2 6914 7831
2 158 9539
2 1187 7047
2 158 2977
2 73 5388
2 3523 6078
2 3713 9267
2 3115 5945
2 158 4916
2 2977 5439
2 73 3784
2 162 1810
2 93 2316
2 93 162
2 997 7445
2 93 8476
2 162 4438
2 6404 8639
2 1479 9149
2 495 6200
2 93 8134
2 6789 7835
2 130 9022
2 192 2129
2 130 192
2 774 1235
2 192 8764
2 3009 7628
2 130 192
2 1016 2149
2 2567 8379
2 171 9619
2 61 719
2 49 1121
2 6266 6809
2 171 6714
2 171 5107
2 6060 7281
2 8245 9870
2 1115 8187
2 61 719
2 181 5089
2 39 8505
2 181 8965
2 902 6722
2 181 8365
2 181 6915
2 161 6371
2 6909 8249
2 181 9688
2 8365 9318
2 5222 7016
2 4221 4695
2 195 4452
2 2434 6360
2 1565 9730
2 195 5506
2 43 2371
2 2 195
2 2 1801
2 2 2483
2 12 1140
2 2856 3376
2 3898 7307
2 1412 4237
2 12 39
2 2339 9905
2 39 732
2 39 1221
2 124 8965
2 12 2488
2 155 1332
2 133 155
2 7210 7324
2 277 8153
2 133 3657
2 133 840
2 3284 4447
2 8667 8720
2 4616 6211
2 5429 5688
2 1227 5383
2 770 3191
2 107 153
2 153 1937
2 153 4823
2 107 5960
2 5383 7966
2 2937 6075
2 1325 3187
2 107 153
2 91 6437
2 91 187
2 91 187
2 91 4950
2 91 187
2 91 187
2 91 187
2 91 4243
2 1845 8643
2 3067 9362
2 130 3103
2 130 8236
2 8068 8379
2 3103 9626
2 130 197
2 3009 5996
2 1537 3507
2 4360 7401
2 1894 7401
2 6185 7669
2 4756 4960
2 161 9818
2 2447 5861
2 2146 3586
2 108 161
2 5582 5861
2 108 161
2 3985 7707
2 3122 3900
2 1940 6727
2 136 4188
2 3877 4986
2 50 9850
2 136 3047
2 136 8310
2 6131 7407
2 1775 7861
2 136 7240
2 136 450
2 50 6742
2 5971 8573
2 140 6205
2 7 8238
2 140 5803
2 2265 5792
2 6133 9203
2 140 471
2 4846 9983
2 140 6923
2 3458 6539
2 8010 9029
2 54 3157
2 54 9892
2 198 8363
2 54 198
2 54 198
2 198 484
2 6484 7233
2 1503 1851
2 5818 6607
2 1459 6338
2 2772 9272
2 5478 8744
2 2755 5547
2 89 1413
2 1854 6511
2 8497 9030
2 5169 8744
2 138 2755
2 89 138
2 187 6909
2 7789 9072
2 7542 8365
2 39 187
2 39 791
2 39 187
2 9560 9688
2 4490 8633
2 39 2110
2 396 2545
2 192 7138
2 26 9838
2 26 9838
2 1979 4660
2 26 9742
2 26 192
2 26 165
2 26 4393
2 192 2396
2 1515 7807
2 4993 6373
2 162 3868
2 121 6430
2 121 162
2 1544 7881
2 121 9660
2 169 9528
2 121 4317
2 2143 5800
2 121 6624
2 6038 8692
2 126 4351
2 674 3496
2 126 156
2 7099 7157
2 126 7968
2 126 4942
2 762 5985
2 156 5592
2 126 156
2 701 7475
2 74 147
2 147 7748
2 147 6112
2 74 147
2 147 2956
2 3568 7748
2 5268 9865
2 147 5488
2 74 147
2 199 5657
2 56 199
2 7500 9441
2 242 3052
2 1205 5578
2 7532 7619
2 56 4299
2 539 777
2 56 7971
2 199 9707
2 904 1026
2 167 6919
2 43 167
2 1559 7561
2 5412 9941
2 2 1605
2 1559 2124
2 324 8446
2 43 9180
2 167 8446
2 179 481
2 179 9070
2 179 1918
2 55 6860
2 55 8796
2 1246 3673
2 1249 3770
2 481 9293
2 1864 3673
2 9070 9314
2 3716 4459
2 1 107
2 1 6471
2 107 7919
2 7433 8890
2 1 7269
2 1 107
2 798 5425
2 1 3187
2 107 2164
2 102 7471
2 102 1676
2 102 3418
2 190 3239
2 102 5322
2 102 190
2 7838 8308
2 939 2972
2 2220 3355
2 102 7293
2 159 1016
2 2256 8874
2 7564 9269
2 4238 8738
2 71 159
2 295 4314
2 159 9306
2 159 6926
2 71 4238
2 71 5537
2 53 93
2 447 2137
2 93 2653
2 53 9104
2 1720 2172
2 22 4955
2 53 2788
2 53 4432
2 5460 6068
2 1427 9641
2 48 3983
2 182 7079
2 182 7215
2 1669 3154
2 7110 7481
2 48 392
2 3154 4249
2 3794 8470
2 4649 5580
2 48 4051
2 135 8463
2 135 4287
2 117 135
2 117 4648
2 1266 1705
2 4607 6599
2 4941 7082
2 117 135
2 117 135
2 115 9298
2 113 1948
2 2433 4604
2 123 2702
2 123 4083
2 2720 4604
2 3469 3797
2 6951 9762
2 113 123
2 113 2986
2 4749 8002
2 2016 8100
2 21 72
2 21 4549
2 21 7855
2 315 597
2 21 4781
2 21 72
2 21 3057
2 72 1501
2 21 72
2 139 9483
2 139 860
2 6032 6197
2 148 2282
2 139 148
2 114 139
2 139 860
2 148 780
2 148 780
2 139 8953
2 3398 5582
2 97 4263
2 108 9275
2 97 6793
2 97 873
2 1066 7267
2 97 3900
2 1284 1940
2 97 7879
2 108 1066
2 3987 7954
2 95 2176
2 3061 3363
2 95 6228
2 3618 7954
2 918 5854
2 95 501
2 3880 6602
2 3880 7862
2 147 1367
2 172 183
2 172 6780
2 172 3410
2 183 622
2 2548 7667
2 4365 4758
2 183 622
2 2154 2548
2 172 7739
2 2014 3321
2 78 3770
2 78 9070
2 7002 9103
2 254 5621
2 78 2425
2 55 56
2 55 5025
2 2649 5621
2 1232 2649
2 78 9139
2 72 199
2 199 8822
2 72 199
2 790 1231
2 72 199
2 1971 5539
2 199 790
2 3308 7864
2 790 8177
2 72 1349
2 7103 9229
2 90 128
2 2585 4489
2 128 9229
2 1533 7841
2 90 128
2 128 1774
2 1105 7104
2 90 128
2 1278 5469
2 177 197
2 5996 6010
2 177 1008
2 3432 6000
2 9265 9329
2 177 4488
2 177 197
2 177 4601
2 4259 4502
2 1621 2840
2 39 6939
2 132 6371
2 1140 2531
2 39 132
2 3128 4161
2 132 7464
2 4560 6628
2 7114 8099
2 39 132
2 132 1140
2 7 3955
2 1304 1744
2 1852 6539
2 7 3630
2 1985 5803
2 5864 8186
2 7 4274
2 147 8133
2 3650 9338
2 147 1713
2 193 9231
2 9194 9751
2 2471 3846
2 274 7459
2 193 2614
2 41 193
2 41 7697
2 3326 9664
2 2614 6882
2 216 7459
2 451 9467
2 31 2809
2 1577 9396
2 1922 2005
2 872 6122
2 2186 7489
2 1217 9066
2 84 4878
2 2399 9076
2 31 62
2 2966 9983
2 6947 8994
2 206 1565
2 1639 9816
2 3687 7446
2 140 2966
2 2822 8468
2 5313 7888
2 140 195
2 140 9991
2 4358 8635
2 3886 5769
2 32 7561
2 2124 5309
2 6954 8113
2 6948 9681
2 32 9180
2 6954 8087
2 1499 9180
2 2124 3318
