10000 1000 2
1 2
1 4
1 5
1 7
1 12
1 17
1 41
1 43
1 46
1 54
1 57
1 84
1 85
1 91
1 98
1 110
1 116
1 119
1 122
1 127
1 138
1 144
1 147
1 161
1 173
1 182
1 185
1 195
1 199
1 211
1 212
1 218
1 228
1 239
1 245
1 283
1 299
1 310
1 347
1 362
1 366
1 404
1 409
1 420
1 435
1 460
1 482
1 485
1 493
1 507
1 513
1 518
1 521
1 526
1 528
1 548
1 555
1 559
1 573
1 574
1 580
1 589
1 591
1 603
1 610
1 617
1 632
1 634
1 658
1 662
1 664
1 678
1 679
1 699
1 707
1 712
1 714
1 725
1 727
1 754
1 761
1 785
1 787
1 797
1 819
1 824
1 840
1 852
1 857
1 878
1 888
1 902
1 906
1 908
1 914
1 925
1 935
1 945
1 949
1 952
1 954
1 970
1 972
1 984
1 989
1 994
1 1010
1 1017
1 1030
1 1045
1 1046
1 1058
1 1061
1 1066
1 1068
1 1072
1 1075
1 1084
1 1097
1 1101
1 1115
1 1189
1 1204
1 1223
1 1229
1 1230
1 1245
1 1258
1 1268
1 1279
1 1292
1 1294
1 1317
1 1318
1 1319
1 1334
1 1337
1 1343
1 1345
1 1347
1 1348
1 1356
1 1364
1 1369
1 1378
1 1379
1 1388
1 1392
1 1408
1 1423
1 1428
1 1481
1 1484
1 1485
1 1528
1 1531
1 1535
1 1538
1 1551
1 1563
1 1588
1 1606
1 1608
1 1611
1 1627
1 1635
1 1653
1 1665
1 1667
1 1672
1 1678
1 1686
1 1691
1 1715
1 1730
1 1736
1 1737
1 1743
1 1746
1 1749
1 1778
1 1779
1 1798
1 1807
1 1824
1 1831
1 1844
1 1848
1 1850
1 1851
1 1860
1 1865
1 1882
1 1894
1 1907
1 1926
1 1931
1 1937
1 1949
1 1950
1 1954
1 1972
1 1982
1 2014
1 2021
1 2039
1 2043
1 2050
1 2057
1 2062
1 2064
1 2073
1 2088
1 2122
1 2124
1 2128
1 2135
1 2142
1 2144
1 2146
1 2174
1 2184
1 2186
1 2187
1 2191
1 2205
1 2226
1 2229
1 2244
1 2250
1 2252
1 2257
1 2266
1 2274
1 2284
1 2287
1 2303
1 2311
1 2324
1 2340
1 2367
1 2370
1 2374
1 2380
1 2389
1 2430
1 2439
1 2475
1 2478
1 2485
1 2490
1 2497
1 2503
1 2527
1 2529
1 2548
1 2550
1 2564
1 2569
1 2572
1 2582
1 2611
1 2613
1 2636
1 2642
1 2646
1 2656
1 2671
1 2686
1 2695
1 2697
1 2705
1 2714
1 2728
1 2736
1 2743
1 2745
1 2753
1 2754
1 2765
1 2791
1 2822
1 2829
1 2839
1 2840
1 2844
1 2858
1 2863
1 2884
1 2895
1 2900
1 2907
1 2908
1 2922
1 2950
1 2963
1 2965
1 2982
1 2993
1 2996
1 3000
1 3016
1 3017
1 3018
1 3035
1 3047
1 3048
1 3058
1 3079
1 3085
1 3091
1 3102
1 3104
1 3145
1 3159
1 3164
1 3167
1 3172
1 3179
1 3214
1 3219
1 3251
1 3261
1 3282
1 3321
1 3322
1 3343
1 3376
1 3393
1 3394
1 3403
1 3418
1 3421
1 3435
1 3463
1 3492
1 3509
1 3510
1 3529
1 3541
1 3555
1 3557
1 3567
1 3568
1 3579
1 3609
1 3644
1 3645
1 3660
1 3667
1 3686
1 3694
1 3705
1 3711
1 3716
1 3734
1 3761
1 3765
1 3775
1 3794
1 3797
1 3801
1 3808
1 3810
1 3818
1 3823
1 3829
1 3852
1 3855
1 3858
1 3867
1 3871
1 3896
1 3902
1 3906
1 3942
1 3947
1 3955
1 3958
1 3965
1 3968
1 3988
1 3999
1 4026
1 4038
1 4057
1 4064
1 4069
1 4077
1 4083
1 4086
1 4094
1 4112
1 4115
1 4139
1 4146
1 4164
1 4171
1 4179
1 4188
1 4196
1 4210
1 4211
1 4223
1 4227
1 4229
1 4259
1 4268
1 4271
1 4273
1 4287
1 4290
1 4294
1 4299
1 4310
1 4318
1 4324
1 4331
1 4340
1 4349
1 4355
1 4362
1 4363
1 4365
1 4378
1 4387
1 4400
1 4409
1 4412
1 4427
1 4440
1 4444
1 4449
1 4492
1 4510
1 4517
1 4531
1 4535
1 4539
1 4549
1 4560
1 4563
1 4578
1 4579
1 4584
1 4600
1 4618
1 4638
1 4674
1 4675
1 4677
1 4680
1 4695
1 4697
1 4710
1 4737
1 4744
1 4745
1 4751
1 4758
1 4767
1 4772
1 4782
1 4791
1 4794
1 4820
1 4822
1 4828
1 4829
1 4833
1 4845
1 4855
1 4862
1 4886
1 4923
1 4944
1 4953
1 4957
1 4959
1 4967
1 4981
1 4987
1 5022
1 5027
1 5038
1 5039
1 5045
1 5049
1 5076
1 5096
1 5100
1 5110
1 5117
1 5119
1 5121
1 5122
1 5139
1 5150
1 5154
1 5161
1 5162
1 5171
1 5172
1 5182
1 5190
1 5194
1 5202
1 5219
1 5226
1 5231
1 5260
1 5267
1 5270
1 5282
1 5284
1 5295
1 5305
1 5320
1 5321
1 5334
1 5356
1 5362
1 5391
1 5404
1 5408
1 5436
1 5445
1 5446
1 5465
1 5472
1 5473
1 5491
1 5575
1 5579
1 5580
1 5599
1 5626
1 5639
1 5642
1 5646
1 5705
1 5711
1 5716
1 5731
1 5748
1 5767
1 5795
1 5797
1 5803
1 5808
1 5813
1 5822
1 5826
1 5833
1 5842
1 5852
1 5866
1 5867
1 5878
1 5885
1 5891
1 5896
1 5903
1 5907
1 5925
1 5935
1 5965
1 5971
1 5997
1 6005
1 6010
1 6028
1 6037
1 6044
1 6049
1 6054
1 6069
1 6072
1 6081
1 6091
1 6105
1 6114
1 6136
1 6158
1 6169
1 6170
1 6181
1 6192
1 6210
1 6228
1 6233
1 6246
1 6249
1 6279
1 6291
1 6307
1 6308
1 6318
1 6319
1 6323
1 6333
1 6337
1 6342
1 6350
1 6367
1 6371
1 6375
1 6391
1 6410
1 6412
1 6420
1 6429
1 6449
1 6476
1 6486
1 6488
1 6492
1 6512
1 6523
1 6526
1 6539
1 6545
1 6549
1 6552
1 6562
1 6570
1 6600
1 6623
1 6649
1 6654
1 6661
1 6669
1 6689
1 6708
1 6749
1 6756
1 6758
1 6759
1 6778
1 6790
1 6796
1 6817
1 6818
1 6823
1 6825
1 6864
1 6868
1 6869
1 6884
1 6888
1 6900
1 6902
1 6925
1 6928
1 6933
1 6940
1 6942
1 6949
1 6960
1 6961
1 6963
1 6968
1 6980
1 6983
1 6990
1 6993
1 7015
1 7071
1 7072
1 7100
1 7113
1 7122
1 7128
1 7130
1 7132
1 7133
1 7146
1 7147
1 7149
1 7168
1 7173
1 7188
1 7190
1 7200
1 7216
1 7218
1 7219
1 7246
1 7248
1 7273
1 7286
1 7290
1 7309
1 7321
1 7332
1 7339
1 7349
1 7357
1 7365
1 7368
1 7378
1 7384
1 7389
1 7392
1 7405
1 7408
1 7444
1 7465
1 7469
1 7487
1 7500
1 7502
1 7508
1 7539
1 7547
1 7569
1 7572
1 7576
1 7578
1 7585
1 7593
1 7598
1 7620
1 7624
1 7631
1 7640
1 7662
1 7664
1 7680
1 7683
1 7685
1 7694
1 7707
1 7710
1 7715
1 7724
1 7732
1 7733
1 7748
1 7750
1 7754
1 7756
1 7765
1 7767
1 7774
1 7775
1 7789
1 7791
1 7807
1 7814
1 7840
1 7844
1 7845
1 7849
1 7871
1 7877
1 7879
1 7893
1 7910
1 7914
1 7918
1 7929
1 7932
1 7952
1 7991
1 7995
1 8002
1 8028
1 8036
1 8050
1 8058
1 8065
1 8068
1 8071
1 8096
1 8103
1 8111
1 8116
1 8127
1 8128
1 8133
1 8149
1 8150
1 8155
1 8173
1 8187
1 8207
1 8221
1 8224
1 8256
1 8261
1 8275
1 8298
1 8305
1 8309
1 8312
1 8327
1 8334
1 8341
1 8343
1 8348
1 8359
1 8360
1 8374
1 8377
1 8401
1 8418
1 8421
1 8423
1 8444
1 8448
1 8450
1 8451
1 8452
1 8457
1 8465
1 8474
1 8480
1 8490
1 8498
1 8507
1 8521
1 8522
1 8529
1 8533
1 8539
1 8543
1 8544
1 8568
1 8578
1 8592
1 8599
1 8602
1 8607
1 8616
1 8625
1 8634
1 8642
1 8645
1 8647
1 8651
1 8672
1 8705
1 8714
1 8722
1 8733
1 8738
1 8749
1 8757
1 8771
1 8786
1 8790
1 8795
1 8808
1 8832
1 8837
1 8849
1 8855
1 8856
1 8863
1 8869
1 8875
1 8892
1 8904
1 8913
1 8926
1 8931
1 8932
1 8933
1 8935
1 8962
1 8969
1 8993
1 9003
1 9007
1 9023
1 9040
1 9057
1 9069
1 9070
1 9073
1 9083
1 9091
1 9095
1 9099
1 9118
1 9126
1 9128
1 9144
1 9153
1 9156
1 9167
1 9177
1 9178
1 9183
1 9209
1 9210
1 9220
1 9221
1 9229
1 9238
1 9252
1 9255
1 9270
1 9272
1 9274
1 9283
1 9305
1 9306
1 9309
1 9315
1 9320
1 9335
1 9356
1 9357
1 9375
1 9378
1 9402
1 9403
1 9412
1 9451
1 9474
1 9475
1 9485
1 9489
1 9497
1 9498
1 9502
1 9504
1 9520
1 9523
1 9525
1 9528
1 9538
1 9539
1 9555
1 9558
1 9576
1 9591
1 9601
1 9605
1 9606
1 9609
1 9627
1 9635
1 9649
1 9652
1 9653
1 9660
1 9670
1 9676
1 9688
1 9691
1 9698
1 9707
1 9720
1 9721
1 9728
1 9735
1 9738
1 9743
1 9749
1 9758
1 9776
1 9779
1 9785
1 9790
1 9798
1 9820
1 9828
1 9829
1 9833
1 9848
1 9857
1 9877
1 9879
1 9897
1 9903
1 9916
1 9918
1 9920
1 9933
1 9944
1 9950
1 9956
1 9958
1 9969
1 9983
1 9999
2 3
2 9
2 30
2 64
2 71
2 90
2 112
2 132
2 149
2 154
2 156
2 162
2 174
2 180
2 181
2 184
2 201
2 214
2 235
2 243
2 247
2 251
2 257
2 263
2 282
2 287
2 298
2 302
2 309
2 311
2 319
2 322
2 326
2 327
2 353
2 357
2 358
2 394
2 410
2 411
2 423
2 434
2 444
2 453
2 466
2 470
2 471
2 486
2 492
2 505
2 514
2 527
2 532
2 551
2 569
2 571
2 588
2 590
2 608
2 609
2 641
2 653
2 670
2 696
2 697
2 722
2 734
2 737
2 764
2 765
2 776
2 779
2 798
2 805
2 808
2 809
2 813
2 818
2 825
2 849
2 850
2 863
2 869
2 877
2 882
2 892
2 915
2 941
2 958
2 975
2 978
2 982
2 1000
2 1003
2 1011
2 1012
2 1026
2 1028
2 1051
2 1052
2 1070
2 1077
2 1094
2 1104
2 1119
2 1120
2 1128
2 1142
2 1147
2 1150
2 1155
2 1158
2 1174
2 1188
2 1194
2 1195
2 1219
2 1224
2 1228
2 1232
2 1233
2 1234
2 1243
2 1247
2 1262
2 1265
2 1269
2 1273
2 1288
2 1299
2 1306
2 1325
2 1327
2 1332
2 1339
2 1342
2 1346
2 1357
2 1372
2 1377
2 1400
2 1418
2 1424
2 1426
2 1432
2 1433
2 1461
2 1463
2 1465
2 1472
2 1478
2 1491
2 1492
2 1498
2 1504
2 1536
2 1545
2 1549
2 1575
2 1577
2 1581
2 1595
2 1607
2 1626
2 1636
2 1637
2 1640
2 1642
2 1645
2 1652
2 1656
2 1658
2 1662
2 1664
2 1669
2 1671
2 1674
2 1675
2 1683
2 1697
2 1701
2 1713
2 1744
2 1751
2 1756
2 1760
2 1783
2 1784
2 1793
2 1796
2 1804
2 1806
2 1817
2 1823
2 1837
2 1838
2 1843
2 1847
2 1852
2 1863
2 1885
2 1886
2 1892
2 1895
2 1906
2 1916
2 1921
2 1953
2 1962
2 1966
2 1978
2 1989
2 1993
2 2003
2 2022
2 2027
2 2029
2 2032
2 2063
2 2067
2 2141
2 2143
2 2151
2 2155
2 2164
2 2169
2 2171
2 2176
2 2193
2 2200
2 2204
2 2206
2 2210
2 2213
2 2225
2 2230
2 2236
2 2241
2 2242
2 2261
2 2281
2 2289
2 2291
2 2304
2 2307
2 2308
2 2309
2 2322
2 2323
2 2343
2 2358
2 2369
2 2390
2 2407
2 2408
2 2411
2 2415
2 2417
2 2427
2 2428
2 2442
2 2447
2 2449
2 2455
2 2477
2 2482
2 2522
2 2526
2 2571
2 2584
2 2585
2 2588
2 2592
2 2595
2 2597
2 2633
2 2649
2 2655
2 2669
2 2673
2 2688
2 2721
2 2723
2 2732
2 2737
2 2741
2 2742
2 2749
2 2750
2 2757
2 2769
2 2782
2 2789
2 2809
2 2816
2 2834
2 2837
2 2845
2 2859
2 2861
2 2878
2 2879
2 2883
2 2905
2 2915
2 2918
2 2919
2 2930
2 2955
2 2984
2 2985
2 2994
2 3005
2 3008
2 3021
2 3022
2 3027
2 3068
2 3074
2 3076
2 3081
2 3093
2 3103
2 3110
2 3111
2 3119
2 3161
2 3169
2 3170
2 3175
2 3192
2 3197
2 3233
2 3242
2 3244
2 3249
2 3252
2 3255
2 3256
2 3290
2 3292
2 3299
2 3301
2 3305
2 3307
2 3308
2 3327
2 3328
2 3337
2 3390
2 3417
2 3427
2 3431
2 3432
2 3433
2 3436
2 3441
2 3445
2 3452
2 3454
2 3459
2 3474
2 3475
2 3476
2 3480
2 3498
2 3500
2 3501
2 3503
2 3505
2 3507
2 3531
2 3536
2 3540
2 3545
2 3571
2 3574
2 3577
2 3583
2 3588
2 3590
2 3595
2 3603
2 3620
2 3625
2 3650
2 3662
2 3670
2 3675
2 3678
2 3682
2 3692
2 3693
2 3703
2 3707
2 3713
2 3721
2 3729
2 3732
2 3736
2 3737
2 3748
2 3782
2 3798
2 3803
2 3812
2 3816
2 3838
2 3843
2 3849
2 3873
2 3875
2 3885
2 3891
2 3892
2 3895
2 3908
2 3919
2 3920
2 3925
2 3936
2 3950
2 3951
2 3954
2 3964
2 3966
2 3967
2 3973
2 3981
2 3982
2 3986
2 4002
2 4009
2 4023
2 4041
2 4044
2 4052
2 4066
2 4088
2 4090
2 4091
2 4098
2 4101
2 4110
2 4111
2 4119
2 4132
2 4138
2 4143
2 4145
2 4151
2 4154
2 4158
2 4159
2 4168
2 4182
2 4185
2 4186
2 4187
2 4213
2 4230
2 4241
2 4250
2 4267
2 4270
2 4305
2 4329
2 4332
2 4354
2 4356
2 4358
2 4364
2 4367
2 4370
2 4373
2 4374
2 4376
2 4383
2 4389
2 4391
2 4426
2 4430
2 4431
2 4445
2 4447
2 4457
2 4460
2 4461
2 4472
2 4495
2 4502
2 4506
2 4529
2 4540
2 4543
2 4559
2 4575
2 4589
2 4593
2 4599
2 4604
2 4608
2 4609
2 4616
2 4635
2 4639
2 4640
2 4645
2 4651
2 4657
2 4661
2 4662
2 4667
2 4687
2 4688
2 4696
2 4708
2 4715
2 4717
2 4724
2 4729
2 4753
2 4765
2 4769
2 4779
2 4795
2 4805
2 4811
2 4819
2 4837
2 4844
2 4849
2 4882
2 4890
2 4902
2 4907
2 4919
2 4920
2 4921
2 4925
2 4929
2 4940
2 4941
2 4950
2 4958
2 4962
2 4969
2 4975
2 4978
2 4980
2 4995
2 4996
2 5017
2 5041
2 5050
2 5053
2 5054
2 5073
2 5074
2 5089
2 5091
2 5102
2 5107
2 5127
2 5130
2 5134
2 5155
2 5175
2 5181
2 5196
2 5208
2 5212
2 5217
2 5221
2 5228
2 5233
2 5241
2 5242
2 5246
2 5250
2 5268
2 5273
2 5277
2 5286
2 5310
2 5314
2 5324
2 5335
2 5340
2 5341
2 5393
2 5396
2 5398
2 5410
2 5434
2 5452
2 5460
2 5462
2 5468
2 5483
2 5521
2 5526
2 5530
2 5533
2 5546
2 5558
2 5582
2 5584
2 5597
2 5600
2 5606
2 5608
2 5609
2 5613
2 5619
2 5623
2 5624
2 5638
2 5688
2 5690
2 5723
2 5734
2 5751
2 5753
2 5757
2 5761
2 5763
2 5783
2 5850
2 5862
2 5868
2 5877
2 5897
2 5901
2 5902
2 5910
2 5916
2 5919
2 5929
2 5937
2 5944
2 5951
2 5967
2 5979
2 5999
2 6008
2 6032
2 6038
2 6060
2 6061
2 6062
2 6065
2 6084
2 6098
2 6101
2 6108
2 6116
2 6117
2 6159
2 6165
2 6193
2 6197
2 6201
2 6204
2 6205
2 6207
2 6209
2 6232
2 6235
2 6243
2 6244
2 6250
2 6268
2 6282
2 6286
2 6292
2 6298
2 6302
2 6312
2 6313
2 6315
2 6316
2 6322
2 6324
2 6340
2 6348
2 6351
2 6354
2 6357
2 6358
2 6369
2 6377
2 6383
2 6389
2 6390
2 6396
2 6398
2 6400
2 6402
2 6406
2 6425
2 6459
2 6485
2 6496
2 6501
2 6508
2 6509
2 6515
2 6519
2 6535
2 6541
2 6553
2 6560
2 6566
2 6573
2 6582
2 6596
2 6601
2 6606
2 6607
2 6613
2 6615
2 6617
2 6624
2 6629
2 6631
2 6668
2 6670
2 6681
2 6697
2 6700
2 6715
2 6722
2 6728
2 6742
2 6760
2 6775
2 6788
2 6791
2 6816
2 6819
2 6824
2 6850
2 6851
2 6852
2 6858
2 6861
2 6866
2 6886
2 6890
2 6909
2 6913
2 6953
2 6975
2 6978
2 6984
2 6997
2 7011
2 7013
2 7017
2 7018
2 7019
2 7030
2 7034
2 7048
2 7060
2 7067
2 7083
2 7084
2 7099
2 7104
2 7105
2 7106
2 7110
2 7114
2 7141
2 7144
2 7151
2 7158
2 7163
2 7170
2 7174
2 7196
2 7221
2 7274
2 7280
2 7299
2 7306
2 7307
2 7308
2 7312
2 7320
2 7337
2 7391
2 7395
2 7396
2 7401
2 7402
2 7435
2 7455
2 7485
2 7486
2 7489
2 7498
2 7516
2 7525
2 7527
2 7532
2 7549
2 7553
2 7566
2 7575
2 7588
2 7600
2 7623
2 7645
2 7677
2 7691
2 7698
2 7716
2 7719
2 7749
2 7784
2 7805
2 7812
2 7825
2 7830
2 7851
2 7857
2 7858
2 7865
2 7867
2 7872
2 7880
2 7889
2 7919
2 7922
2 7930
2 7963
2 7992
2 8025
2 8039
2 8047
2 8052
2 8056
2 8076
2 8084
2 8120
2 8121
2 8122
2 8136
2 8138
2 8143
2 8159
2 8165
2 8176
2 8182
2 8183
2 8191
2 8195
2 8202
2 8212
2 8219
2 8260
2 8265
2 8267
2 8331
2 8333
2 8358
2 8365
2 8380
2 8392
2 8398
2 8420
2 8433
2 8443
2 8447
2 8471
2 8476
2 8483
2 8488
2 8494
2 8504
2 8530
2 8534
2 8537
2 8550
2 8552
2 8553
2 8558
2 8571
2 8587
2 8597
2 8612
2 8614
2 8624
2 8628
2 8644
2 8658
2 8663
2 8670
2 8673
2 8679
2 8681
2 8697
2 8701
2 8708
2 8728
2 8761
2 8769
2 8797
2 8814
2 8817
2 8825
2 8850
2 8851
2 8852
2 8860
2 8862
2 8893
2 8895
2 8896
2 8907
2 8909
2 8918
2 8934
2 8940
2 8946
2 8950
2 8953
2 8964
2 8965
2 8978
2 8982
2 8985
2 8998
2 9035
2 9048
2 9050
2 9054
2 9064
2 9065
2 9068
2 9075
2 9096
2 9098
2 9101
2 9103
2 9105
2 9111
2 9130
2 9147
2 9174
2 9175
2 9191
2 9206
2 9219
2 9228
2 9239
2 9244
2 9260
2 9277
2 9281
2 9290
2 9292
2 9294
2 9301
2 9314
2 9322
2 9323
2 9344
2 9353
2 9366
2 9367
2 9381
2 9384
2 9387
2 9396
2 9404
2 9405
2 9408
2 9410
2 9419
2 9425
2 9448
2 9449
2 9455
2 9477
2 9481
2 9484
2 9490
2 9507
2 9535
2 9541
2 9543
2 9559
2 9570
2 9577
2 9578
2 9579
2 9581
2 9583
2 9604
2 9607
2 9615
2 9621
2 9637
2 9639
2 9646
2 9655
2 9659
2 9667
2 9680
2 9686
2 9690
2 9692
2 9696
2 9697
2 9709
2 9713
2 9716
2 9730
2 9742
2 9761
2 9775
2 9794
2 9797
2 9799
2 9804
2 9821
2 9825
2 9827
2 9832
2 9861
2 9863
2 9865
2 9872
2 9883
2 9891
2 9895
2 9905
2 9911
2 9921
2 9924
2 9936
2 9943
2 9947
2 9953
2 9954
2 9967
2 9971
2 9974
2 9976
2 9984
2 9989
2 9993
2 9998
3 24
3 27
3 32
3 49
3 52
3 53
3 59
3 67
3 72
3 79
3 80
3 86
3 87
3 94
3 108
3 126
3 128
3 139
3 146
3 151
3 170
3 176
3 183
3 190
3 203
3 219
3 240
3 260
3 276
3 278
3 284
3 289
3 314
3 315
3 337
3 352
3 356
3 359
3 365
3 372
3 376
3 379
3 382
3 402
3 403
3 433
3 436
3 449
3 450
3 455
3 469
3 474
3 497
3 502
3 531
3 537
3 556
3 563
3 587
3 601
3 607
3 611
3 640
3 644
3 655
3 669
3 671
3 685
3 688
3 715
3 717
3 728
3 749
3 768
3 796
3 804
3 814
3 821
3 832
3 835
3 842
3 847
3 865
3 874
3 885
3 896
3 900
3 907
3 926
3 932
3 934
3 938
3 968
3 985
3 997
3 1021
3 1036
3 1060
3 1093
3 1113
3 1126
3 1130
3 1143
3 1153
3 1154
3 1156
3 1160
3 1162
3 1173
3 1190
3 1196
3 1198
3 1200
3 1211
3 1212
3 1213
3 1216
3 1225
3 1226
3 1231
3 1240
3 1242
3 1249
3 1251
3 1259
3 1263
3 1267
3 1277
3 1282
3 1305
3 1316
3 1336
3 1363
3 1371
3 1374
3 1380
3 1403
3 1409
3 1422
3 1427
3 1429
3 1444
3 1460
3 1474
3 1482
3 1499
3 1506
3 1517
3 1526
3 1540
3 1547
3 1550
3 1559
3 1568
3 1570
3 1571
3 1572
3 1574
3 1583
3 1585
3 1589
3 1590
3 1616
3 1634
3 1641
3 1654
3 1659
3 1676
3 1688
3 1690
3 1695
3 1698
3 1705
3 1721
3 1728
3 1732
3 1738
3 1759
3 1771
3 1774
3 1789
3 1794
3 1799
3 1814
3 1825
3 1845
3 1867
3 1890
3 1911
3 1922
3 1930
3 1934
3 1935
3 1941
3 1942
3 1952
3 1956
3 1974
3 1977
3 1979
3 1980
3 1988
3 1992
3 1994
3 2002
3 2012
3 2020
3 2034
3 2046
3 2049
3 2052
3 2054
3 2056
3 2076
3 2087
3 2112
3 2134
3 2136
3 2137
3 2147
3 2157
3 2159
3 2172
3 2181
3 2185
3 2196
3 2223
3 2232
3 2238
3 2258
3 2268
3 2271
3 2276
3 2278
3 2279
3 2288
3 2298
3 2316
3 2317
3 2327
3 2330
3 2335
3 2347
3 2365
3 2377
3 2382
3 2388
3 2393
3 2416
3 2429
3 2448
3 2473
3 2486
3 2491
3 2495
3 2506
3 2518
3 2538
3 2573
3 2578
3 2579
3 2587
3 2594
3 2600
3 2607
3 2624
3 2625
3 2628
3 2631
3 2637
3 2638
3 2647
3 2670
3 2674
3 2678
3 2691
3 2696
3 2700
3 2701
3 2702
3 2704
3 2709
3 2717
3 2729
3 2744
3 2759
3 2768
3 2771
3 2776
3 2777
3 2778
3 2790
3 2799
3 2810
3 2814
3 2842
3 2843
3 2849
3 2854
3 2885
3 2888
3 2892
3 2893
3 2894
3 2929
3 2934
3 2947
3 2951
3 2962
3 2969
3 2980
3 2983
3 2991
3 2998
3 3002
3 3011
3 3032
3 3036
3 3040
3 3062
3 3078
3 3080
3 3083
3 3107
3 3114
3 3120
3 3135
3 3160
3 3162
3 3168
3 3182
3 3195
3 3199
3 3218
3 3220
3 3231
3 3266
3 3272
3 3279
3 3289
3 3297
3 3306
3 3311
3 3314
3 3316
3 3326
3 3334
3 3340
3 3346
3 3362
3 3363
3 3370
3 3389
3 3440
3 3451
3 3464
3 3479
3 3484
3 3495
3 3511
3 3512
3 3513
3 3533
3 3548
3 3584
3 3585
3 3587
3 3591
3 3605
3 3634
3 3655
3 3656
3 3669
3 3688
3 3689
3 3696
3 3700
3 3704
3 3709
3 3720
3 3753
3 3771
3 3773
3 3785
3 3820
3 3832
3 3859
3 3861
3 3877
3 3879
3 3887
3 3911
3 3921
3 3922
3 3940
3 3956
3 3985
3 3992
3 4006
3 4012
3 4036
3 4051
3 4070
3 4076
3 4081
3 4085
3 4097
3 4118
3 4124
3 4125
3 4128
3 4133
3 4140
3 4142
3 4149
3 4152
3 4163
3 4167
3 4170
3 4176
3 4181
3 4189
3 4195
3 4206
3 4224
3 4238
3 4251
3 4260
3 4272
3 4285
3 4296
3 4300
3 4338
3 4341
3 4342
3 4344
3 4360
3 4386
3 4390
3 4405
3 4422
3 4424
3 4425
3 4429
3 4442
3 4446
3 4448
3 4451
3 4455
3 4464
3 4469
3 4475
3 4480
3 4481
3 4488
3 4494
3 4512
3 4514
3 4518
3 4520
3 4538
3 4561
3 4570
3 4576
3 4583
3 4586
3 4595
3 4606
3 4610
3 4613
3 4620
3 4622
3 4650
3 4652
3 4655
3 4664
3 4666
3 4668
3 4669
3 4671
3 4685
3 4690
3 4700
3 4707
3 4721
3 4738
3 4746
3 4754
3 4768
3 4780
3 4784
3 4789
3 4802
3 4803
3 4835
3 4840
3 4863
3 4866
3 4873
3 4876
3 4880
3 4883
3 4894
3 4901
3 4912
3 4917
3 4931
3 4932
3 4943
3 4977
3 4982
3 4986
3 4992
3 5000
3 5008
3 5012
3 5019
3 5043
3 5044
3 5052
3 5056
3 5068
3 5077
3 5078
3 5081
3 5084
3 5098
3 5106
3 5108
3 5153
3 5157
3 5158
3 5168
3 5173
3 5189
3 5191
3 5209
3 5218
3 5271
3 5280
3 5288
3 5290
3 5296
3 5298
3 5300
3 5302
3 5304
3 5306
3 5318
3 5327
3 5350
3 5360
3 5365
3 5367
3 5392
3 5418
3 5420
3 5424
3 5435
3 5448
3 5457
3 5464
3 5474
3 5500
3 5503
3 5511
3 5515
3 5538
3 5542
3 5545
3 5566
3 5572
3 5583
3 5586
3 5587
3 5605
3 5607
3 5616
3 5620
3 5625
3 5647
3 5649
3 5654
3 5658
3 5670
3 5678
3 5694
3 5699
3 5703
3 5707
3 5721
3 5725
3 5732
3 5735
3 5744
3 5764
3 5774
3 5777
3 5785
3 5787
3 5794
3 5798
3 5805
3 5810
3 5829
3 5831
3 5857
3 5860
3 5861
3 5887
3 5890
3 5893
3 5905
3 5918
3 5933
3 5943
3 5950
3 5970
3 5977
3 5986
3 5994
3 6004
3 6017
3 6020
3 6025
3 6026
3 6056
3 6059
3 6063
3 6083
3 6096
3 6099
3 6119
3 6143
3 6146
3 6160
3 6161
3 6164
3 6172
3 6174
3 6178
3 6196
3 6202
3 6203
3 6212
3 6218
3 6223
3 6224
3 6227
3 6242
3 6247
3 6251
3 6253
3 6255
3 6262
3 6266
3 6270
3 6276
3 6281
3 6305
3 6325
3 6359
3 6373
3 6382
3 6438
3 6441
3 6446
3 6448
3 6458
3 6463
3 6464
3 6473
3 6489
3 6491
3 6497
3 6498
3 6502
3 6503
3 6507
3 6513
3 6521
3 6531
3 6532
3 6544
3 6559
3 6561
3 6584
3 6589
3 6608
3 6632
3 6634
3 6656
3 6682
3 6690
3 6703
3 6730
3 6734
3 6737
3 6738
3 6741
3 6747
3 6766
3 6768
3 6776
3 6781
3 6789
3 6795
3 6797
3 6799
3 6800
3 6805
3 6811
3 6820
3 6821
3 6829
3 6836
3 6843
3 6863
3 6873
3 6878
3 6879
3 6891
3 6931
3 6941
3 6946
3 6967
3 6988
3 6992
3 7010
3 7020
3 7021
3 7037
3 7050
3 7057
3 7058
3 7059
3 7063
3 7070
3 7087
3 7090
3 7098
3 7107
3 7117
3 7119
3 7134
3 7179
3 7180
3 7182
3 7186
3 7187
3 7191
3 7209
3 7222
3 7224
3 7230
3 7231
3 7242
3 7259
3 7266
3 7270
3 7287
3 7288
3 7310
3 7325
3 7343
3 7350
3 7355
3 7360
3 7367
3 7377
3 7380
3 7394
3 7397
3 7416
3 7432
3 7451
3 7464
3 7473
3 7503
3 7515
3 7518
3 7543
3 7551
3 7562
3 7570
3 7573
3 7581
3 7590
3 7596
3 7602
3 7605
3 7618
3 7622
3 7633
3 7634
3 7637
3 7665
3 7672
3 7709
3 7717
3 7730
3 7735
3 7738
3 7759
3 7763
3 7768
3 7799
3 7811
3 7818
3 7834
3 7837
3 7839
3 7862
3 7864
3 7884
3 7894
3 7897
3 7902
3 7905
3 7916
3 7926
3 7927
3 7936
3 7943
3 7958
3 7959
3 7961
3 7967
3 7976
3 7984
3 8000
3 8012
3 8013
3 8023
3 8027
3 8037
3 8040
3 8057
3 8059
3 8062
3 8073
3 8083
3 8086
3 8090
3 8097
3 8098
3 8101
3 8114
3 8123
3 8126
3 8139
3 8144
3 8147
3 8154
3 8172
3 8184
3 8188
3 8209
3 8211
3 8242
3 8250
3 8255
3 8266
3 8268
3 8274
3 8278
3 8280
3 8283
3 8287
3 8307
3 8317
3 8323
3 8324
3 8349
3 8364
3 8376
3 8407
3 8412
3 8413
3 8417
3 8426
3 8428
3 8434
3 8454
3 8456
3 8470
3 8473
3 8475
3 8478
3 8481
3 8489
3 8502
3 8510
3 8532
3 8541
3 8547
3 8548
3 8566
3 8570
3 8572
3 8596
3 8603
3 8604
3 8617
3 8626
3 8635
3 8654
3 8669
3 8706
3 8707
3 8711
3 8721
3 8734
3 8753
3 8773
3 8774
3 8787
3 8805
3 8809
3 8812
3 8824
3 8831
3 8843
3 8870
3 8898
3 8911
3 8914
3 8919
3 8922
3 8930
3 8954
3 8955
3 8971
3 8972
3 8984
3 8995
3 8996
3 8999
3 9006
3 9020
3 9024
3 9025
3 9031
3 9044
3 9046
3 9049
3 9056
3 9061
3 9062
3 9088
3 9090
3 9107
3 9114
3 9127
3 9133
3 9134
3 9143
3 9146
3 9161
3 9163
3 9169
3 9179
3 9180
3 9188
3 9190
3 9197
3 9201
3 9205
3 9208
3 9234
3 9235
3 9251
3 9257
3 9284
3 9318
3 9324
3 9330
3 9331
3 9345
3 9359
3 9362
3 9364
3 9391
3 9392
3 9399
3 9407
3 9426
3 9441
3 9445
3 9447
3 9460
3 9462
3 9466
3 9471
3 9473
3 9478
3 9487
3 9495
3 9503
3 9508
3 9510
3 9513
3 9554
3 9556
3 9584
3 9603
3 9612
3 9634
3 9640
3 9702
3 9706
3 9712
3 9719
3 9723
3 9734
3 9748
3 9755
3 9765
3 9778
3 9791
3 9807
3 9816
3 9818
3 9834
3 9843
3 9844
3 9850
3 9855
3 9867
3 9869
3 9874
3 9892
3 9904
3 9914
3 9923
3 9942
3 9946
3 9960
3 9973
3 9994
4 8
4 10
4 15
4 22
4 25
4 56
4 63
4 70
4 76
4 99
4 152
4 155
4 159
4 167
4 198
4 206
4 217
4 224
4 237
4 252
4 261
4 264
4 268
4 270
4 272
4 277
4 332
4 342
4 346
4 355
4 360
4 377
4 386
4 393
4 399
4 429
4 442
4 461
4 475
4 479
4 480
4 487
4 498
4 500
4 504
4 508
4 522
4 524
4 536
4 542
4 567
4 576
4 586
4 592
4 614
4 615
4 635
4 643
4 645
4 646
4 647
4 651
4 652
4 654
4 663
4 677
4 680
4 703
4 716
4 726
4 729
4 730
4 735
4 736
4 744
4 752
4 758
4 759
4 792
4 794
4 807
4 855
4 886
4 898
4 905
4 910
4 913
4 919
4 921
4 929
4 930
4 933
4 937
4 963
4 973
4 988
4 995
4 1002
4 1006
4 1024
4 1031
4 1037
4 1043
4 1053
4 1057
4 1059
4 1064
4 1074
4 1076
4 1087
4 1090
4 1108
4 1111
4 1151
4 1159
4 1165
4 1166
4 1172
4 1175
4 1187
4 1191
4 1208
4 1272
4 1274
4 1289
4 1293
4 1320
4 1330
4 1333
4 1351
4 1362
4 1367
4 1381
4 1385
4 1397
4 1458
4 1511
4 1513
4 1523
4 1546
4 1567
4 1569
4 1576
4 1587
4 1591
4 1600
4 1621
4 1666
4 1673
4 1681
4 1685
4 1696
4 1700
4 1716
4 1725
4 1729
4 1740
4 1741
4 1745
4 1754
4 1764
4 1766
4 1770
4 1785
4 1813
4 1819
4 1833
4 1853
4 1884
4 1896
4 1910
4 1920
4 1923
4 1924
4 1939
4 1947
4 1983
4 1985
4 2004
4 2023
4 2037
4 2090
4 2104
4 2109
4 2110
4 2115
4 2133
4 2145
4 2149
4 2175
4 2179
4 2182
4 2217
4 2280
4 2290
4 2292
4 2302
4 2326
4 2331
4 2333
4 2346
4 2349
4 2356
4 2376
4 2401
4 2405
4 2445
4 2454
4 2456
4 2466
4 2474
4 2493
4 2507
4 2509
4 2510
4 2514
4 2516
4 2524
4 2534
4 2535
4 2545
4 2552
4 2557
4 2577
4 2590
4 2598
4 2603
4 2610
4 2614
4 2618
4 2627
4 2644
4 2663
4 2687
4 2698
4 2699
4 2724
4 2727
4 2730
4 2735
4 2772
4 2773
4 2787
4 2795
4 2803
4 2805
4 2806
4 2815
4 2823
4 2836
4 2838
4 2847
4 2850
4 2851
4 2857
4 2866
4 2874
4 2876
4 2886
4 2890
4 2897
4 2910
4 2936
4 2949
4 2959
4 2966
4 2971
4 2977
4 2979
4 3001
4 3003
4 3006
4 3015
4 3020
4 3041
4 3044
4 3056
4 3065
4 3069
4 3090
4 3105
4 3112
4 3125
4 3139
4 3144
4 3149
4 3151
4 3152
4 3163
4 3171
4 3173
4 3190
4 3191
4 3206
4 3229
4 3237
4 3240
4 3243
4 3262
4 3264
4 3267
4 3281
4 3285
4 3302
4 3303
4 3323
4 3325
4 3331
4 3336
4 3349
4 3351
4 3352
4 3353
4 3355
4 3364
4 3368
4 3371
4 3373
4 3375
4 3385
4 3401
4 3419
4 3425
4 3437
4 3438
4 3450
4 3453
4 3458
4 3470
4 3528
4 3532
4 3542
4 3561
4 3562
4 3563
4 3565
4 3582
4 3586
4 3593
4 3597
4 3602
4 3621
4 3629
4 3635
4 3637
4 3651
4 3666
4 3671
4 3674
4 3676
4 3683
4 3698
4 3701
4 3728
4 3739
4 3741
4 3742
4 3743
4 3759
4 3777
4 3778
4 3786
4 3790
4 3795
4 3796
4 3806
4 3807
4 3830
4 3839
4 3853
4 3869
4 3876
4 3882
4 3897
4 3901
4 3910
4 3912
4 3914
4 3929
4 3935
4 3962
4 3963
4 3970
4 3980
4 3993
4 4005
4 4016
4 4017
4 4019
4 4027
4 4034
4 4058
4 4072
4 4093
4 4096
4 4108
4 4122
4 4135
4 4148
4 4155
4 4160
4 4169
4 4174
4 4192
4 4193
4 4194
4 4214
4 4239
4 4246
4 4253
4 4277
4 4280
4 4289
4 4297
4 4312
4 4317
4 4319
4 4323
4 4325
4 4326
4 4335
4 4351
4 4369
4 4380
4 4395
4 4399
4 4403
4 4404
4 4411
4 4415
4 4421
4 4428
4 4436
4 4443
4 4473
4 4482
4 4504
4 4509
4 4545
4 4552
4 4554
4 4574
4 4588
4 4594
4 4601
4 4623
4 4625
4 4670
4 4672
4 4684
4 4702
4 4743
4 4748
4 4757
4 4770
4 4787
4 4788
4 4790
4 4804
4 4814
4 4824
4 4832
4 4843
4 4846
4 4847
4 4848
4 4852
4 4887
4 4888
4 4893
4 4895
4 4897
4 4908
4 4909
4 4936
4 4937
4 4965
4 4971
4 4985
4 5001
4 5018
4 5020
4 5021
4 5040
4 5042
4 5072
4 5092
4 5097
4 5120
4 5124
4 5144
4 5145
4 5149
4 5163
4 5164
4 5177
4 5197
4 5198
4 5199
4 5211
4 5213
4 5222
4 5230
4 5249
4 5259
4 5276
4 5287
4 5312
4 5322
4 5325
4 5328
4 5333
4 5336
4 5337
4 5349
4 5372
4 5381
4 5385
4 5399
4 5423
4 5429
4 5438
4 5453
4 5466
4 5467
4 5469
4 5476
4 5477
4 5499
4 5502
4 5505
4 5512
4 5516
4 5525
4 5527
4 5550
4 5553
4 5561
4 5564
4 5565
4 5585
4 5610
4 5627
4 5628
4 5636
4 5643
4 5645
4 5648
4 5651
4 5659
4 5666
4 5668
4 5672
4 5673
4 5681
4 5685
4 5702
4 5704
4 5714
4 5720
4 5727
4 5768
4 5778
4 5804
4 5835
4 5836
4 5845
4 5863
4 5870
4 5913
4 5914
4 5915
4 5924
4 5948
4 5956
4 5962
4 5969
4 5974
4 5990
4 5993
4 6051
4 6053
4 6057
4 6058
4 6067
4 6071
4 6077
4 6085
4 6089
4 6095
4 6104
4 6128
4 6141
4 6145
4 6148
4 6182
4 6183
4 6186
4 6190
4 6191
4 6195
4 6219
4 6226
4 6274
4 6275
4 6285
4 6294
4 6295
4 6314
4 6328
4 6332
4 6346
4 6366
4 6368
4 6370
4 6392
4 6397
4 6403
4 6411
4 6419
4 6432
4 6433
4 6443
4 6453
4 6457
4 6470
4 6484
4 6534
4 6537
4 6543
4 6546
4 6556
4 6567
4 6572
4 6575
4 6586
4 6587
4 6594
4 6605
4 6616
4 6619
4 6621
4 6625
4 6639
4 6644
4 6652
4 6678
4 6724
4 6731
4 6735
4 6762
4 6798
4 6801
4 6803
4 6809
4 6810
4 6814
4 6822
4 6835
4 6837
4 6839
4 6853
4 6857
4 6871
4 6876
4 6883
4 6897
4 6906
4 6914
4 6922
4 6930
4 6932
4 6934
4 6935
4 6939
4 6956
4 6964
4 6971
4 6972
4 6973
4 6976
4 6977
4 6986
4 6987
4 7001
4 7004
4 7022
4 7035
4 7038
4 7042
4 7044
4 7061
4 7068
4 7076
4 7131
4 7135
4 7140
4 7148
4 7153
4 7155
4 7156
4 7161
4 7164
4 7183
4 7203
4 7205
4 7227
4 7260
4 7261
4 7267
4 7275
4 7277
4 7291
4 7313
4 7317
4 7328
4 7330
4 7354
4 7356
4 7359
4 7363
4 7376
4 7409
4 7430
4 7441
4 7442
4 7457
4 7461
4 7499
4 7505
4 7513
4 7520
4 7524
4 7546
4 7554
4 7555
4 7560
4 7583
4 7586
4 7591
4 7606
4 7621
4 7628
4 7636
4 7641
4 7653
4 7661
4 7675
4 7688
4 7700
4 7703
4 7708
4 7718
4 7739
4 7743
4 7752
4 7762
4 7777
4 7783
4 7800
4 7823
4 7831
4 7833
4 7843
4 7855
4 7887
4 7888
4 7892
4 7925
4 7933
4 7938
4 7971
4 7979
4 7980
4 7982
4 8003
4 8005
4 8007
4 8046
4 8066
4 8082
4 8115
4 8131
4 8137
4 8164
4 8178
4 8181
4 8192
4 8197
4 8204
4 8217
4 8225
4 8226
4 8245
4 8254
4 8270
4 8276
4 8277
4 8296
4 8355
4 8357
4 8370
4 8381
4 8395
4 8403
4 8415
4 8445
4 8463
4 8464
4 8467
4 8485
4 8491
4 8536
4 8545
4 8554
4 8557
4 8584
4 8619
4 8631
4 8650
4 8657
4 8660
4 8662
4 8674
4 8676
4 8677
4 8686
4 8699
4 8717
4 8719
4 8736
4 8740
4 8745
4 8779
4 8782
4 8783
4 8806
4 8810
4 8826
4 8827
4 8829
4 8835
4 8844
4 8853
4 8877
4 8882
4 8887
4 8889
4 8891
4 8894
4 8905
4 8925
4 8937
4 8944
4 8948
4 8951
4 8974
4 8992
4 8994
4 9001
4 9017
4 9028
4 9041
4 9042
4 9052
4 9053
4 9072
4 9085
4 9089
4 9094
4 9113
4 9115
4 9116
4 9119
4 9120
4 9121
4 9124
4 9136
4 9148
4 9150
4 9159
4 9162
4 9168
4 9181
4 9186
4 9189
4 9198
4 9202
4 9215
4 9225
4 9226
4 9236
4 9248
4 9254
4 9273
4 9276
4 9303
4 9312
4 9316
4 9319
4 9337
4 9340
4 9341
4 9352
4 9389
4 9395
4 9409
4 9430
4 9434
4 9436
4 9446
4 9450
4 9463
4 9467
4 9469
4 9476
4 9491
4 9509
4 9548
4 9560
4 9611
4 9628
4 9633
4 9644
4 9666
4 9669
4 9674
4 9684
4 9685
4 9700
4 9710
4 9722
4 9745
4 9747
4 9752
4 9754
4 9762
4 9769
4 9771
4 9786
4 9787
4 9800
4 9803
4 9823
4 9826
4 9876
4 9886
4 9889
4 9898
4 9912
4 9919
4 9945
4 9959
4 9961
4 9962
4 9966
4 9968
4 9979
4 9985
4 9987
5 6
5 13
5 16
5 20
5 23
5 28
5 34
5 38
5 60
5 66
5 95
5 100
5 103
5 105
5 106
5 113
5 115
5 133
5 137
5 171
5 175
5 178
5 186
5 194
5 196
5 213
5 220
5 222
5 225
5 249
5 255
5 256
5 262
5 269
5 280
5 281
5 293
5 295
5 321
5 323
5 330
5 369
5 370
5 371
5 375
5 389
5 398
5 400
5 406
5 417
5 445
5 462
5 464
5 473
5 495
5 509
5 511
5 520
5 523
5 525
5 529
5 534
5 538
5 544
5 579
5 582
5 599
5 619
5 623
5 624
5 637
5 639
5 648
5 656
5 657
5 667
5 674
5 681
5 692
5 701
5 710
5 721
5 732
5 733
5 751
5 763
5 772
5 777
5 786
5 791
5 801
5 802
5 848
5 860
5 867
5 870
5 872
5 875
5 880
5 909
5 927
5 942
5 947
5 956
5 960
5 965
5 969
5 977
5 993
5 998
5 1004
5 1039
5 1050
5 1065
5 1086
5 1099
5 1107
5 1109
5 1112
5 1116
5 1118
5 1122
5 1129
5 1141
5 1149
5 1180
5 1181
5 1184
5 1197
5 1202
5 1235
5 1237
5 1252
5 1270
5 1275
5 1284
5 1286
5 1287
5 1295
5 1302
5 1321
5 1329
5 1394
5 1412
5 1414
5 1416
5 1425
5 1436
5 1437
5 1438
5 1449
5 1450
5 1452
5 1457
5 1462
5 1475
5 1477
5 1512
5 1520
5 1524
5 1578
5 1582
5 1597
5 1601
5 1605
5 1609
5 1610
5 1617
5 1624
5 1625
5 1629
5 1643
5 1648
5 1650
5 1655
5 1660
5 1693
5 1726
5 1733
5 1739
5 1742
5 1747
5 1768
5 1773
5 1810
5 1811
5 1816
5 1835
5 1840
5 1841
5 1854
5 1864
5 1873
5 1883
5 1887
5 1891
5 1902
5 1919
5 1928
5 1932
5 1943
5 1944
5 1959
5 1973
5 1987
5 1991
5 2010
5 2042
5 2045
5 2047
5 2069
5 2071
5 2083
5 2085
5 2102
5 2116
5 2119
5 2123
5 2125
5 2148
5 2156
5 2161
5 2163
5 2183
5 2194
5 2202
5 2203
5 2207
5 2208
5 2218
5 2219
5 2221
5 2224
5 2245
5 2262
5 2265
5 2273
5 2286
5 2294
5 2299
5 2306
5 2325
5 2348
5 2366
5 2368
5 2381
5 2387
5 2391
5 2398
5 2399
5 2418
5 2424
5 2425
5 2426
5 2431
5 2434
5 2438
5 2483
5 2500
5 2512
5 2520
5 2525
5 2532
5 2533
5 2541
5 2543
5 2547
5 2560
5 2563
5 2567
5 2568
5 2576
5 2608
5 2626
5 2632
5 2634
5 2651
5 2657
5 2665
5 2706
5 2725
5 2726
5 2733
5 2734
5 2738
5 2748
5 2760
5 2766
5 2780
5 2784
5 2792
5 2794
5 2801
5 2819
5 2820
5 2832
5 2835
5 2873
5 2881
5 2896
5 2901
5 2903
5 2920
5 2925
5 2932
5 2942
5 2943
5 2945
5 2946
5 2987
5 2995
5 2999
5 3007
5 3009
5 3010
5 3024
5 3038
5 3043
5 3055
5 3064
5 3072
5 3077
5 3109
5 3118
5 3131
5 3138
5 3147
5 3148
5 3158
5 3165
5 3177
5 3189
5 3196
5 3207
5 3210
5 3222
5 3223
5 3225
5 3228
5 3239
5 3247
5 3273
5 3276
5 3300
5 3312
5 3313
5 3317
5 3318
5 3338
5 3339
5 3344
5 3345
5 3350
5 3356
5 3361
5 3369
5 3374
5 3384
5 3388
5 3398
5 3411
5 3442
5 3449
5 3471
5 3491
5 3493
5 3496
5 3517
5 3518
5 3535
5 3547
5 3552
5 3558
5 3560
5 3566
5 3573
5 3601
5 3611
5 3614
5 3619
5 3622
5 3623
5 3626
5 3631
5 3636
5 3639
5 3646
5 3664
5 3695
5 3708
5 3712
5 3735
5 3740
5 3744
5 3749
5 3762
5 3781
5 3787
5 3788
5 3793
5 3802
5 3819
5 3822
5 3857
5 3864
5 3870
5 3883
5 3886
5 3888
5 3904
5 3915
5 3917
5 3923
5 3948
5 3949
5 3961
5 3972
5 3983
5 3998
5 4004
5 4014
5 4029
5 4031
5 4107
5 4129
5 4137
5 4144
5 4161
5 4191
5 4200
5 4201
5 4207
5 4232
5 4258
5 4266
5 4269
5 4292
5 4293
5 4295
5 4301
5 4309
5 4315
5 4320
5 4343
5 4345
5 4361
5 4384
5 4393
5 4432
5 4454
5 4456
5 4462
5 4466
5 4476
5 4486
5 4519
5 4522
5 4523
5 4546
5 4567
5 4569
5 4580
5 4587
5 4592
5 4596
5 4626
5 4632
5 4633
5 4647
5 4648
5 4660
5 4663
5 4673
5 4682
5 4698
5 4719
5 4720
5 4731
5 4734
5 4735
5 4750
5 4752
5 4756
5 4759
5 4761
5 4773
5 4775
5 4781
5 4786
5 4807
5 4816
5 4827
5 4838
5 4853
5 4854
5 4864
5 4871
5 4877
5 4884
5 4899
5 4904
5 4914
5 4916
5 4927
5 4945
5 4951
5 4952
5 4956
5 4960
5 4963
5 4970
5 4990
5 4994
5 4997
5 5014
5 5046
5 5061
5 5063
5 5064
5 5069
5 5071
5 5079
5 5090
5 5095
5 5099
5 5101
5 5109
5 5131
5 5132
5 5146
5 5151
5 5178
5 5185
5 5187
5 5195
5 5203
5 5204
5 5214
5 5225
5 5229
5 5245
5 5247
5 5269
5 5272
5 5291
5 5292
5 5313
5 5315
5 5326
5 5342
5 5368
5 5374
5 5375
5 5378
5 5384
5 5390
5 5400
5 5401
5 5405
5 5406
5 5415
5 5426
5 5427
5 5433
5 5451
5 5458
5 5471
5 5475
5 5486
5 5489
5 5498
5 5519
5 5522
5 5528
5 5534
5 5535
5 5539
5 5541
5 5574
5 5588
5 5596
5 5601
5 5604
5 5621
5 5634
5 5664
5 5671
5 5679
5 5682
5 5691
5 5710
5 5712
5 5718
5 5719
5 5722
5 5726
5 5736
5 5745
5 5747
5 5752
5 5781
5 5788
5 5800
5 5801
5 5811
5 5812
5 5817
5 5825
5 5838
5 5851
5 5853
5 5855
5 5879
5 5880
5 5883
5 5892
5 5908
5 5911
5 5920
5 5922
5 5945
5 5953
5 5958
5 5978
5 5983
5 5984
5 5988
5 5991
5 6003
5 6006
5 6031
5 6043
5 6045
5 6046
5 6076
5 6109
5 6111
5 6126
5 6130
5 6134
5 6138
5 6177
5 6194
5 6221
5 6222
5 6241
5 6267
5 6273
5 6288
5 6304
5 6326
5 6327
5 6338
5 6343
5 6344
5 6352
5 6364
5 6380
5 6388
5 6399
5 6424
5 6450
5 6452
5 6454
5 6456
5 6461
5 6472
5 6480
5 6493
5 6504
5 6516
5 6518
5 6525
5 6548
5 6558
5 6568
5 6569
5 6574
5 6579
5 6583
5 6591
5 6612
5 6626
5 6648
5 6660
5 6674
5 6677
5 6679
5 6684
5 6688
5 6705
5 6710
5 6712
5 6713
5 6716
5 6751
5 6752
5 6754
5 6761
5 6772
5 6773
5 6777
5 6794
5 6804
5 6807
5 6813
5 6832
5 6841
5 6844
5 6847
5 6872
5 6881
5 6892
5 6899
5 6910
5 6911
5 6915
5 6920
5 6926
5 6937
5 6952
5 6954
5 6965
5 6998
5 7000
5 7032
5 7052
5 7073
5 7074
5 7079
5 7101
5 7118
5 7124
5 7126
5 7137
5 7142
5 7192
5 7194
5 7206
5 7214
5 7236
5 7238
5 7249
5 7251
5 7258
5 7264
5 7279
5 7282
5 7289
5 7315
5 7338
5 7348
5 7352
5 7375
5 7381
5 7410
5 7411
5 7421
5 7431
5 7437
5 7439
5 7454
5 7470
5 7472
5 7474
5 7475
5 7484
5 7511
5 7517
5 7537
5 7545
5 7548
5 7563
5 7567
5 7595
5 7601
5 7604
5 7607
5 7609
5 7610
5 7613
5 7619
5 7625
5 7627
5 7630
5 7643
5 7652
5 7668
5 7670
5 7676
5 7693
5 7705
5 7706
5 7713
5 7728
5 7741
5 7744
5 7745
5 7788
5 7795
5 7797
5 7808
5 7835
5 7841
5 7846
5 7854
5 7868
5 7870
5 7874
5 7900
5 7906
5 7908
5 7911
5 7940
5 7954
5 7955
5 7962
5 7966
5 7973
5 7983
5 7988
5 7990
5 7994
5 8020
5 8026
5 8061
5 8077
5 8092
5 8093
5 8094
5 8108
5 8110
5 8135
5 8142
5 8161
5 8163
5 8190
5 8213
5 8216
5 8230
5 8237
5 8238
5 8240
5 8241
5 8244
5 8253
5 8271
5 8282
5 8293
5 8299
5 8336
5 8382
5 8397
5 8400
5 8408
5 8416
5 8440
5 8466
5 8468
5 8469
5 8479
5 8501
5 8505
5 8509
5 8513
5 8516
5 8517
5 8524
5 8540
5 8561
5 8574
5 8589
5 8590
5 8598
5 8608
5 8609
5 8620
5 8621
5 8629
5 8638
5 8641
5 8648
5 8653
5 8659
5 8664
5 8667
5 8678
5 8689
5 8700
5 8720
5 8727
5 8732
5 8742
5 8746
5 8751
5 8752
5 8763
5 8770
5 8775
5 8785
5 8792
5 8804
5 8811
5 8838
5 8841
5 8858
5 8867
5 8868
5 8873
5 8878
5 8885
5 8897
5 8899
5 8903
5 8908
5 8920
5 8945
5 8947
5 8949
5 8979
5 8986
5 9005
5 9015
5 9039
5 9076
5 9077
5 9079
5 9084
5 9092
5 9109
5 9122
5 9137
5 9142
5 9165
5 9170
5 9176
5 9182
5 9185
5 9207
5 9212
5 9218
5 9222
5 9250
5 9278
5 9288
5 9296
5 9307
5 9321
5 9347
5 9351
5 9363
5 9371
5 9413
5 9442
5 9443
5 9458
5 9488
5 9493
5 9515
5 9517
5 9521
5 9526
5 9550
5 9557
5 9561
5 9562
5 9567
5 9572
5 9574
5 9582
5 9631
5 9638
5 9641
5 9645
5 9650
5 9651
5 9654
5 9661
5 9673
5 9689
5 9695
5 9704
5 9714
5 9717
5 9718
5 9732
5 9739
5 9741
5 9759
5 9760
5 9773
5 9780
5 9793
5 9795
5 9796
5 9808
5 9813
5 9815
5 9830
5 9866
5 9878
5 9881
5 9893
5 9926
5 9937
5 9957
5 9980
5 9990
5 9996
5 10000
6 21
6 31
6 33
6 51
6 69
6 78
6 82
6 83
6 92
6 107
6 120
6 125
6 136
6 153
6 158
6 164
6 215
6 223
6 227
6 229
6 233
6 236
6 242
6 246
6 248
6 258
6 275
6 286
6 290
6 301
6 325
6 331
6 335
6 340
6 348
6 349
6 367
6 368
6 392
6 395
6 419
6 446
6 463
6 465
6 476
6 477
6 481
6 484
6 490
6 515
6 541
6 545
6 553
6 554
6 565
6 578
6 581
6 584
6 585
6 600
6 625
6 650
6 687
6 689
6 691
6 706
6 709
6 711
6 713
6 718
6 719
6 755
6 757
6 762
6 770
6 781
6 793
6 810
6 827
6 828
6 830
6 837
6 844
6 873
6 879
6 881
6 903
6 912
6 916
6 920
6 922
6 924
6 948
6 950
6 983
6 986
6 1001
6 1005
6 1008
6 1014
6 1020
6 1022
6 1033
6 1035
6 1038
6 1040
6 1042
6 1082
6 1098
6 1103
6 1134
6 1136
6 1138
6 1164
6 1168
6 1201
6 1207
6 1210
6 1217
6 1218
6 1222
6 1253
6 1257
6 1271
6 1276
6 1308
6 1331
6 1352
6 1360
6 1361
6 1368
6 1370
6 1383
6 1393
6 1396
6 1405
6 1413
6 1415
6 1420
6 1430
6 1441
6 1442
6 1447
6 1469
6 1473
6 1501
6 1502
6 1505
6 1516
6 1518
6 1521
6 1539
6 1541
6 1552
6 1557
6 1560
6 1573
6 1596
6 1613
6 1618
6 1620
6 1623
6 1631
6 1632
6 1633
6 1639
6 1651
6 1682
6 1702
6 1703
6 1711
6 1723
6 1755
6 1765
6 1801
6 1803
6 1805
6 1815
6 1820
6 1856
6 1857
6 1866
6 1878
6 1888
6 1900
6 1901
6 1927
6 1933
6 1938
6 1940
6 1951
6 1961
6 1970
6 1971
6 1995
6 1998
6 2009
6 2019
6 2038
6 2059
6 2074
6 2077
6 2079
6 2080
6 2081
6 2120
6 2130
6 2158
6 2162
6 2170
6 2180
6 2188
6 2209
6 2240
6 2243
6 2247
6 2248
6 2267
6 2282
6 2295
6 2300
6 2301
6 2312
6 2321
6 2342
6 2351
6 2354
6 2360
6 2361
6 2372
6 2378
6 2392
6 2394
6 2400
6 2404
6 2406
6 2409
6 2410
6 2420
6 2421
6 2436
6 2441
6 2480
6 2489
6 2494
6 2501
6 2502
6 2508
6 2511
6 2537
6 2556
6 2574
6 2586
6 2593
6 2605
6 2616
6 2629
6 2640
6 2650
6 2662
6 2679
6 2707
6 2708
6 2710
6 2716
6 2719
6 2722
6 2731
6 2746
6 2755
6 2785
6 2800
6 2804
6 2812
6 2821
6 2826
6 2827
6 2831
6 2852
6 2868
6 2872
6 2889
6 2898
6 2904
6 2906
6 2912
6 2914
6 2923
6 2927
6 2928
6 2933
6 2935
6 2941
6 2953
6 2961
6 2972
6 2973
6 2988
6 2990
6 2992
6 3031
6 3033
6 3049
6 3052
6 3060
6 3073
6 3094
6 3098
6 3100
6 3115
6 3121
6 3126
6 3127
6 3140
6 3187
6 3200
6 3203
6 3216
6 3221
6 3230
6 3254
6 3260
6 3263
6 3274
6 3295
6 3309
6 3319
6 3320
6 3341
6 3342
6 3347
6 3357
6 3365
6 3366
6 3367
6 3372
6 3377
6 3391
6 3395
6 3405
6 3416
6 3423
6 3424
6 3426
6 3430
6 3439
6 3455
6 3466
6 3485
6 3488
6 3494
6 3514
6 3516
6 3522
6 3526
6 3539
6 3569
6 3572
6 3598
6 3617
6 3633
6 3638
6 3643
6 3654
6 3668
6 3710
6 3745
6 3746
6 3769
6 3783
6 3792
6 3809
6 3813
6 3815
6 3817
6 3824
6 3826
6 3827
6 3834
6 3836
6 3862
6 3868
6 3878
6 3880
6 3884
6 3893
6 3898
6 3899
6 3900
6 3907
6 3918
6 3928
6 3930
6 3934
6 3939
6 3989
6 3997
6 4001
6 4020
6 4035
6 4047
6 4049
6 4054
6 4055
6 4056
6 4061
6 4075
6 4078
6 4087
6 4095
6 4121
6 4131
6 4134
6 4136
6 4141
6 4156
6 4172
6 4183
6 4197
6 4209
6 4219
6 4228
6 4231
6 4242
6 4247
6 4249
6 4255
6 4256
6 4278
6 4298
6 4302
6 4303
6 4306
6 4308
6 4314
6 4327
6 4357
6 4368
6 4371
6 4372
6 4381
6 4388
6 4406
6 4413
6 4418
6 4437
6 4439
6 4452
6 4471
6 4474
6 4477
6 4483
6 4542
6 4547
6 4548
6 4553
6 4568
6 4571
6 4585
6 4598
6 4602
6 4603
6 4619
6 4629
6 4678
6 4689
6 4699
6 4701
6 4703
6 4704
6 4709
6 4722
6 4723
6 4733
6 4740
6 4747
6 4778
6 4799
6 4801
6 4818
6 4836
6 4842
6 4858
6 4859
6 4874
6 4881
6 4885
6 4896
6 4905
6 4924
6 4934
6 4948
6 4955
6 4983
6 5003
6 5005
6 5006
6 5007
6 5023
6 5024
6 5030
6 5031
6 5035
6 5059
6 5082
6 5085
6 5087
6 5088
6 5136
6 5152
6 5156
6 5159
6 5166
6 5176
6 5205
6 5215
6 5227
6 5232
6 5235
6 5236
6 5252
6 5258
6 5262
6 5289
6 5308
6 5323
6 5331
6 5346
6 5348
6 5353
6 5359
6 5369
6 5377
6 5388
6 5395
6 5402
6 5411
6 5413
6 5428
6 5432
6 5441
6 5444
6 5480
6 5487
6 5492
6 5494
6 5504
6 5509
6 5523
6 5524
6 5531
6 5540
6 5555
6 5557
6 5573
6 5576
6 5589
6 5592
6 5618
6 5629
6 5630
6 5632
6 5637
6 5652
6 5660
6 5667
6 5669
6 5684
6 5708
6 5713
6 5717
6 5724
6 5742
6 5746
6 5762
6 5772
6 5773
6 5784
6 5790
6 5792
6 5806
6 5819
6 5821
6 5823
6 5830
6 5832
6 5834
6 5841
6 5848
6 5865
6 5875
6 5876
6 5886
6 5888
6 5904
6 5939
6 5940
6 5957
6 5982
6 5989
6 6013
6 6024
6 6042
6 6052
6 6055
6 6075
6 6088
6 6090
6 6106
6 6115
6 6127
6 6129
6 6133
6 6162
6 6175
6 6184
6 6188
6 6199
6 6215
6 6217
6 6230
6 6231
6 6239
6 6256
6 6257
6 6261
6 6263
6 6272
6 6277
6 6287
6 6311
6 6336
6 6353
6 6387
6 6393
6 6407
6 6437
6 6447
6 6455
6 6471
6 6474
6 6475
6 6490
6 6499
6 6511
6 6517
6 6522
6 6538
6 6564
6 6581
6 6593
6 6614
6 6620
6 6622
6 6635
6 6659
6 6671
6 6680
6 6691
6 6692
6 6718
6 6719
6 6721
6 6729
6 6753
6 6757
6 6771
6 6774
6 6783
6 6784
6 6812
6 6898
6 6907
6 6917
6 6951
6 6958
6 6970
6 6979
6 6994
6 7025
6 7029
6 7040
6 7047
6 7049
6 7051
6 7064
6 7066
6 7082
6 7094
6 7095
6 7116
6 7145
6 7152
6 7160
6 7162
6 7175
6 7178
6 7185
6 7223
6 7235
6 7247
6 7250
6 7271
6 7276
6 7283
6 7284
6 7292
6 7294
6 7295
6 7303
6 7316
6 7319
6 7324
6 7335
6 7342
6 7345
6 7346
6 7347
6 7353
6 7358
6 7379
6 7388
6 7393
6 7407
6 7427
6 7433
6 7434
6 7438
6 7445
6 7449
6 7458
6 7471
6 7479
6 7483
6 7491
6 7492
6 7493
6 7504
6 7519
6 7528
6 7529
6 7533
6 7550
6 7558
6 7568
6 7571
6 7589
6 7592
6 7612
6 7614
6 7615
6 7617
6 7626
6 7646
6 7649
6 7660
6 7663
6 7674
6 7678
6 7689
6 7712
6 7721
6 7746
6 7747
6 7761
6 7772
6 7781
6 7787
6 7793
6 7794
6 7798
6 7804
6 7813
6 7816
6 7822
6 7863
6 7876
6 7882
6 7890
6 7913
6 7915
6 7935
6 7945
6 7948
6 7949
6 7965
6 7970
6 7975
6 7987
6 7993
6 8001
6 8004
6 8011
6 8014
6 8015
6 8016
6 8022
6 8029
6 8032
6 8048
6 8049
6 8063
6 8069
6 8070
6 8081
6 8091
6 8105
6 8118
6 8125
6 8134
6 8141
6 8156
6 8166
6 8177
6 8193
6 8203
6 8205
6 8206
6 8218
6 8227
6 8229
6 8232
6 8243
6 8248
6 8292
6 8316
6 8350
6 8361
6 8362
6 8363
6 8386
6 8393
6 8402
6 8411
6 8414
6 8431
6 8436
6 8449
6 8461
6 8472
6 8487
6 8499
6 8503
6 8515
6 8518
6 8523
6 8563
6 8577
6 8585
6 8632
6 8643
6 8649
6 8652
6 8671
6 8691
6 8696
6 8704
6 8712
6 8723
6 8725
6 8730
6 8737
6 8743
6 8744
6 8750
6 8760
6 8762
6 8765
6 8772
6 8781
6 8784
6 8789
6 8801
6 8818
6 8828
6 8834
6 8840
6 8859
6 8879
6 8881
6 8890
6 8921
6 8938
6 8961
6 8963
6 8968
6 8988
6 9000
6 9011
6 9012
6 9013
6 9016
6 9018
6 9022
6 9078
6 9087
6 9117
6 9129
6 9155
6 9157
6 9164
6 9172
6 9184
6 9195
6 9199
6 9213
6 9214
6 9232
6 9249
6 9256
6 9263
6 9285
6 9297
6 9298
6 9300
6 9326
6 9328
6 9333
6 9334
6 9346
6 9360
6 9361
6 9365
6 9368
6 9377
6 9388
6 9397
6 9398
6 9400
6 9424
6 9428
6 9429
6 9431
6 9438
6 9440
6 9454
6 9479
6 9482
6 9501
6 9532
6 9542
6 9552
6 9569
6 9571
6 9594
6 9624
6 9662
6 9663
6 9665
6 9668
6 9677
6 9701
6 9731
6 9756
6 9763
6 9767
6 9770
6 9789
6 9802
6 9814
6 9831
6 9835
6 9842
6 9854
6 9873
6 9888
6 9899
6 9900
6 9906
6 9922
6 9925
6 9931
6 9963
6 9970
6 9977
6 9978
6 9986
7 18
7 39
7 40
7 44
7 55
7 58
7 81
7 97
7 109
7 118
7 124
7 140
7 141
7 142
7 163
7 165
7 187
7 188
7 189
7 191
7 192
7 193
7 208
7 209
7 216
7 231
7 244
7 253
7 265
7 273
7 288
7 292
7 296
7 304
7 307
7 308
7 329
7 333
7 339
7 344
7 350
7 354
7 374
7 387
7 391
7 405
7 414
7 416
7 421
7 425
7 454
7 456
7 458
7 468
7 472
7 491
7 499
7 503
7 517
7 560
7 564
7 568
7 570
7 593
7 595
7 596
7 602
7 605
7 616
7 620
7 628
7 631
7 636
7 649
7 661
7 684
7 690
7 693
7 708
7 720
7 743
7 746
7 753
7 756
7 760
7 766
7 767
7 774
7 780
7 782
7 783
7 789
7 799
7 816
7 839
7 851
7 858
7 861
7 864
7 866
7 876
7 884
7 887
7 893
7 895
7 904
7 936
7 939
7 957
7 961
7 966
7 967
7 974
7 980
7 981
7 990
7 996
7 1015
7 1023
7 1032
7 1034
7 1049
7 1055
7 1079
7 1080
7 1085
7 1095
7 1114
7 1123
7 1135
7 1152
7 1205
7 1206
7 1209
7 1236
7 1239
7 1260
7 1285
7 1290
7 1291
7 1296
7 1300
7 1303
7 1309
7 1311
7 1312
7 1328
7 1349
7 1350
7 1354
7 1355
7 1366
7 1384
7 1387
7 1389
7 1390
7 1398
7 1399
7 1421
7 1431
7 1435
7 1445
7 1464
7 1466
7 1471
7 1487
7 1490
7 1494
7 1509
7 1510
7 1519
7 1527
7 1529
7 1542
7 1544
7 1555
7 1564
7 1584
7 1592
7 1593
7 1598
7 1602
7 1619
7 1647
7 1668
7 1687
7 1699
7 1706
7 1707
7 1709
7 1714
7 1719
7 1734
7 1750
7 1767
7 1777
7 1791
7 1792
7 1827
7 1828
7 1832
7 1834
7 1839
7 1849
7 1870
7 1874
7 1876
7 1881
7 1889
7 1915
7 1936
7 1946
7 1969
7 1975
7 1986
7 1990
7 1997
7 2008
7 2015
7 2033
7 2053
7 2058
7 2060
7 2072
7 2084
7 2086
7 2096
7 2097
7 2100
7 2126
7 2127
7 2129
7 2139
7 2152
7 2165
7 2168
7 2173
7 2195
7 2198
7 2201
7 2216
7 2222
7 2228
7 2234
7 2269
7 2270
7 2296
7 2310
7 2313
7 2314
7 2315
7 2344
7 2350
7 2352
7 2353
7 2357
7 2359
7 2363
7 2364
7 2384
7 2386
7 2396
7 2397
7 2412
7 2413
7 2437
7 2440
7 2443
7 2450
7 2452
7 2458
7 2462
7 2463
7 2467
7 2470
7 2481
7 2499
7 2519
7 2544
7 2551
7 2554
7 2581
7 2589
7 2591
7 2619
7 2635
7 2648
7 2652
7 2666
7 2676
7 2677
7 2684
7 2685
7 2693
7 2703
7 2712
7 2720
7 2751
7 2758
7 2763
7 2764
7 2783
7 2798
7 2808
7 2811
7 2813
7 2817
7 2818
7 2825
7 2841
7 2848
7 2853
7 2855
7 2856
7 2860
7 2864
7 2877
7 2891
7 2913
7 2924
7 2938
7 2952
7 2954
7 2974
7 2975
7 2978
7 2986
7 3004
7 3023
7 3051
7 3053
7 3054
7 3063
7 3066
7 3082
7 3086
7 3087
7 3097
7 3123
7 3124
7 3129
7 3134
7 3141
7 3146
7 3150
7 3157
7 3166
7 3178
7 3180
7 3186
7 3188
7 3194
7 3201
7 3211
7 3217
7 3227
7 3250
7 3265
7 3271
7 3293
7 3294
7 3296
7 3333
7 3354
7 3380
7 3381
7 3383
7 3396
7 3397
7 3404
7 3406
7 3407
7 3409
7 3412
7 3422
7 3434
7 3457
7 3460
7 3465
7 3467
7 3477
7 3482
7 3483
7 3497
7 3520
7 3521
7 3527
7 3534
7 3538
7 3549
7 3553
7 3581
7 3592
7 3596
7 3604
7 3607
7 3608
7 3612
7 3613
7 3627
7 3628
7 3640
7 3648
7 3652
7 3657
7 3659
7 3681
7 3691
7 3699
7 3702
7 3722
7 3738
7 3755
7 3756
7 3758
7 3763
7 3770
7 3779
7 3780
7 3805
7 3854
7 3865
7 3866
7 3890
7 3913
7 3933
7 3937
7 3953
7 3957
7 3960
7 3971
7 3977
7 3978
7 3987
7 3996
7 4022
7 4024
7 4028
7 4030
7 4048
7 4053
7 4071
7 4082
7 4117
7 4123
7 4127
7 4130
7 4153
7 4166
7 4173
7 4175
7 4180
7 4198
7 4203
7 4221
7 4233
7 4240
7 4283
7 4316
7 4353
7 4392
7 4407
7 4408
7 4435
7 4467
7 4485
7 4491
7 4497
7 4498
7 4501
7 4505
7 4534
7 4565
7 4573
7 4577
7 4581
7 4612
7 4621
7 4628
7 4643
7 4656
7 4691
7 4692
7 4693
7 4705
7 4713
7 4736
7 4741
7 4771
7 4777
7 4785
7 4792
7 4813
7 4821
7 4826
7 4910
7 4928
7 4930
7 4939
7 4974
7 4988
7 4999
7 5011
7 5013
7 5051
7 5065
7 5075
7 5114
7 5115
7 5125
7 5133
7 5138
7 5140
7 5160
7 5193
7 5206
7 5207
7 5223
7 5238
7 5240
7 5248
7 5255
7 5256
7 5263
7 5265
7 5293
7 5297
7 5317
7 5329
7 5330
7 5332
7 5339
7 5347
7 5361
7 5363
7 5376
7 5386
7 5419
7 5421
7 5437
7 5439
7 5443
7 5463
7 5470
7 5488
7 5490
7 5493
7 5496
7 5501
7 5517
7 5518
7 5536
7 5537
7 5562
7 5567
7 5569
7 5577
7 5581
7 5594
7 5602
7 5611
7 5612
7 5617
7 5633
7 5655
7 5665
7 5683
7 5698
7 5709
7 5729
7 5737
7 5738
7 5739
7 5766
7 5770
7 5789
7 5793
7 5796
7 5799
7 5802
7 5820
7 5824
7 5847
7 5854
7 5859
7 5869
7 5926
7 5931
7 5938
7 5947
7 5949
7 5955
7 5961
7 5966
7 5973
7 5992
7 5998
7 6011
7 6035
7 6036
7 6068
7 6073
7 6078
7 6092
7 6100
7 6110
7 6125
7 6131
7 6144
7 6147
7 6155
7 6163
7 6171
7 6179
7 6185
7 6198
7 6211
7 6214
7 6236
7 6252
7 6278
7 6296
7 6301
7 6303
7 6310
7 6330
7 6331
7 6334
7 6335
7 6349
7 6356
7 6361
7 6363
7 6376
7 6384
7 6401
7 6405
7 6408
7 6421
7 6422
7 6427
7 6430
7 6431
7 6439
7 6462
7 6468
7 6469
7 6477
7 6478
7 6481
7 6483
7 6533
7 6563
7 6571
7 6580
7 6611
7 6628
7 6636
7 6646
7 6657
7 6672
7 6706
7 6711
7 6720
7 6725
7 6727
7 6746
7 6748
7 6765
7 6767
7 6769
7 6787
7 6793
7 6802
7 6842
7 6845
7 6865
7 6903
7 6919
7 6943
7 6944
7 6955
7 6962
7 6969
7 6991
7 6995
7 7012
7 7028
7 7080
7 7085
7 7096
7 7108
7 7111
7 7123
7 7125
7 7136
7 7139
7 7172
7 7181
7 7193
7 7198
7 7207
7 7208
7 7212
7 7213
7 7217
7 7233
7 7234
7 7237
7 7239
7 7240
7 7253
7 7255
7 7272
7 7278
7 7281
7 7301
7 7302
7 7311
7 7314
7 7331
7 7334
7 7336
7 7344
7 7362
7 7364
7 7366
7 7385
7 7399
7 7406
7 7415
7 7420
7 7436
7 7447
7 7462
7 7467
7 7478
7 7495
7 7501
7 7507
7 7512
7 7530
7 7536
7 7542
7 7552
7 7565
7 7579
7 7597
7 7651
7 7659
7 7667
7 7690
7 7692
7 7702
7 7725
7 7729
7 7731
7 7734
7 7742
7 7753
7 7771
7 7773
7 7776
7 7779
7 7780
7 7785
7 7790
7 7801
7 7803
7 7820
7 7832
7 7842
7 7848
7 7850
7 7852
7 7859
7 7881
7 7885
7 7896
7 7909
7 7939
7 7941
7 7946
7 7951
7 7957
7 7968
7 7981
7 7998
7 8019
7 8035
7 8045
7 8051
7 8055
7 8060
7 8064
7 8079
7 8095
7 8109
7 8129
7 8152
7 8158
7 8171
7 8179
7 8180
7 8189
7 8194
7 8201
7 8208
7 8222
7 8231
7 8234
7 8279
7 8284
7 8285
7 8297
7 8302
7 8303
7 8311
7 8313
7 8318
7 8321
7 8322
7 8326
7 8337
7 8367
7 8368
7 8371
7 8372
7 8375
7 8378
7 8384
7 8385
7 8387
7 8405
7 8419
7 8422
7 8438
7 8439
7 8441
7 8442
7 8493
7 8519
7 8542
7 8555
7 8560
7 8573
7 8583
7 8588
7 8606
7 8618
7 8646
7 8656
7 8668
7 8680
7 8692
7 8693
7 8694
7 8702
7 8710
7 8718
7 8729
7 8731
7 8739
7 8764
7 8767
7 8798
7 8803
7 8815
7 8816
7 8822
7 8839
7 8842
7 8845
7 8846
7 8847
7 8848
7 8857
7 8874
7 8900
7 8902
7 8928
7 8952
7 8956
7 8958
7 8970
7 8977
7 8987
7 8990
7 8997
7 9004
7 9009
7 9014
7 9019
7 9045
7 9104
7 9106
7 9112
7 9138
7 9145
7 9151
7 9152
7 9171
7 9194
7 9223
7 9224
7 9240
7 9245
7 9259
7 9268
7 9271
7 9275
7 9293
7 9299
7 9313
7 9329
7 9338
7 9343
7 9370
7 9386
7 9401
7 9411
7 9415
7 9417
7 9422
7 9453
7 9459
7 9468
7 9470
7 9472
7 9486
7 9505
7 9516
7 9530
7 9536
7 9546
7 9549
7 9573
7 9580
7 9588
7 9595
7 9596
7 9597
7 9602
7 9617
7 9618
7 9626
7 9632
7 9656
7 9671
7 9672
7 9675
7 9679
7 9681
7 9682
7 9683
7 9693
7 9715
7 9724
7 9725
7 9736
7 9746
7 9757
7 9777
7 9782
7 9801
7 9809
7 9811
7 9817
7 9840
7 9851
7 9882
7 9907
7 9908
7 9913
7 9917
7 9928
7 9929
7 9934
7 9949
7 9972
7 9991
7 9995
7 9997
8 11
8 35
8 45
8 61
8 62
8 65
8 73
8 75
8 88
8 89
8 114
8 148
8 177
8 179
8 204
8 207
8 226
8 234
8 238
8 254
8 279
8 300
8 306
8 324
8 345
8 351
8 363
8 378
8 383
8 385
8 388
8 397
8 412
8 415
8 422
8 424
8 427
8 430
8 437
8 438
8 451
8 457
8 459
8 467
8 488
8 489
8 496
8 501
8 506
8 512
8 543
8 546
8 549
8 557
8 606
8 621
8 659
8 666
8 672
8 673
8 675
8 676
8 683
8 700
8 745
8 750
8 771
8 778
8 795
8 803
8 812
8 823
8 826
8 829
8 831
8 836
8 841
8 853
8 856
8 871
8 883
8 889
8 918
8 928
8 944
8 946
8 959
8 962
8 964
8 979
8 991
8 1009
8 1013
8 1025
8 1029
8 1056
8 1062
8 1071
8 1083
8 1089
8 1102
8 1110
8 1117
8 1125
8 1132
8 1139
8 1144
8 1157
8 1170
8 1177
8 1183
8 1185
8 1186
8 1221
8 1241
8 1248
8 1254
8 1266
8 1283
8 1297
8 1304
8 1314
8 1323
8 1358
8 1365
8 1386
8 1402
8 1404
8 1446
8 1454
8 1455
8 1456
8 1459
8 1476
8 1480
8 1486
8 1488
8 1507
8 1508
8 1515
8 1525
8 1530
8 1532
8 1534
8 1537
8 1543
8 1548
8 1554
8 1558
8 1561
8 1565
8 1580
8 1586
8 1604
8 1646
8 1657
8 1661
8 1663
8 1670
8 1694
8 1717
8 1724
8 1727
8 1731
8 1753
8 1758
8 1788
8 1790
8 1800
8 1808
8 1809
8 1812
8 1829
8 1859
8 1861
8 1862
8 1869
8 1871
8 1872
8 1879
8 1898
8 1908
8 1909
8 1913
8 1917
8 1918
8 1957
8 1960
8 1964
8 1968
8 1981
8 2001
8 2005
8 2016
8 2017
8 2024
8 2044
8 2048
8 2055
8 2092
8 2095
8 2099
8 2105
8 2117
8 2140
8 2154
8 2166
8 2178
8 2212
8 2220
8 2227
8 2235
8 2249
8 2255
8 2277
8 2297
8 2305
8 2319
8 2320
8 2334
8 2336
8 2338
8 2355
8 2371
8 2385
8 2403
8 2435
8 2453
8 2457
8 2464
8 2471
8 2488
8 2492
8 2498
8 2504
8 2505
8 2515
8 2517
8 2530
8 2531
8 2536
8 2546
8 2549
8 2559
8 2583
8 2596
8 2599
8 2601
8 2602
8 2609
8 2615
8 2622
8 2623
8 2641
8 2645
8 2653
8 2658
8 2659
8 2661
8 2664
8 2668
8 2675
8 2690
8 2692
8 2715
8 2747
8 2756
8 2761
8 2767
8 2770
8 2775
8 2796
8 2828
8 2865
8 2870
8 2871
8 2880
8 2882
8 2887
8 2902
8 2921
8 2940
8 2948
8 2956
8 2964
8 2981
8 2989
8 2997
8 3026
8 3028
8 3029
8 3030
8 3042
8 3050
8 3070
8 3071
8 3088
8 3092
8 3095
8 3106
8 3128
8 3132
8 3133
8 3136
8 3137
8 3142
8 3153
8 3174
8 3176
8 3184
8 3198
8 3209
8 3212
8 3215
8 3232
8 3236
8 3241
8 3269
8 3277
8 3278
8 3280
8 3288
8 3291
8 3329
8 3359
8 3360
8 3378
8 3392
8 3399
8 3408
8 3413
8 3415
8 3420
8 3428
8 3443
8 3446
8 3447
8 3448
8 3461
8 3499
8 3504
8 3506
8 3515
8 3523
8 3525
8 3543
8 3550
8 3554
8 3580
8 3594
8 3606
8 3616
8 3630
8 3641
8 3647
8 3649
8 3663
8 3677
8 3687
8 3715
8 3717
8 3723
8 3724
8 3725
8 3726
8 3751
8 3752
8 3776
8 3789
8 3825
8 3840
8 3842
8 3846
8 3847
8 3848
8 3863
8 3881
8 3916
8 3924
8 3927
8 3931
8 3941
8 3945
8 3946
8 3969
8 3979
8 3991
8 4007
8 4021
8 4025
8 4068
8 4073
8 4079
8 4080
8 4099
8 4102
8 4103
8 4106
8 4114
8 4116
8 4147
8 4165
8 4178
8 4184
8 4208
8 4212
8 4215
8 4225
8 4257
8 4261
8 4265
8 4282
8 4307
8 4333
8 4346
8 4348
8 4350
8 4366
8 4379
8 4394
8 4397
8 4398
8 4416
8 4423
8 4433
8 4434
8 4450
8 4459
8 4463
8 4468
8 4470
8 4484
8 4490
8 4493
8 4511
8 4516
8 4525
8 4527
8 4530
8 4536
8 4550
8 4557
8 4562
8 4572
8 4582
8 4590
8 4591
8 4605
8 4615
8 4636
8 4653
8 4654
8 4665
8 4681
8 4686
8 4712
8 4718
8 4725
8 4727
8 4728
8 4730
8 4732
8 4739
8 4766
8 4774
8 4793
8 4797
8 4798
8 4806
8 4810
8 4812
8 4815
8 4817
8 4823
8 4830
8 4839
8 4841
8 4860
8 4861
8 4868
8 4869
8 4875
8 4903
8 4918
8 4926
8 4935
8 4954
8 4966
8 4984
8 4998
8 5016
8 5026
8 5029
8 5033
8 5037
8 5058
8 5060
8 5080
8 5094
8 5104
8 5111
8 5128
8 5129
8 5137
8 5142
8 5167
8 5169
8 5183
8 5186
8 5188
8 5210
8 5243
8 5244
8 5253
8 5257
8 5261
8 5264
8 5274
8 5278
8 5279
8 5285
8 5303
8 5307
8 5309
8 5319
8 5338
8 5352
8 5355
8 5357
8 5358
8 5366
8 5371
8 5382
8 5383
8 5412
8 5430
8 5449
8 5478
8 5485
8 5495
8 5514
8 5544
8 5551
8 5570
8 5571
8 5591
8 5595
8 5598
8 5603
8 5614
8 5635
8 5640
8 5657
8 5663
8 5674
8 5676
8 5686
8 5697
8 5701
8 5741
8 5750
8 5758
8 5759
8 5776
8 5782
8 5786
8 5791
8 5815
8 5818
8 5827
8 5837
8 5856
8 5864
8 5872
8 5874
8 5884
8 5895
8 5898
8 5909
8 5921
8 5927
8 5928
8 5946
8 5952
8 5954
8 5959
8 5964
8 5972
8 5980
8 5985
8 6002
8 6019
8 6021
8 6022
8 6027
8 6033
8 6034
8 6047
8 6064
8 6066
8 6070
8 6079
8 6087
8 6093
8 6103
8 6120
8 6121
8 6122
8 6124
8 6139
8 6149
8 6152
8 6154
8 6157
8 6168
8 6173
8 6176
8 6187
8 6206
8 6213
8 6220
8 6225
8 6229
8 6238
8 6240
8 6245
8 6248
8 6254
8 6265
8 6280
8 6293
8 6329
8 6339
8 6347
8 6360
8 6365
8 6372
8 6374
8 6378
8 6381
8 6404
8 6413
8 6416
8 6418
8 6428
8 6434
8 6451
8 6479
8 6482
8 6487
8 6495
8 6505
8 6506
8 6542
8 6565
8 6576
8 6577
8 6585
8 6602
8 6645
8 6662
8 6667
8 6675
8 6676
8 6685
8 6699
8 6707
8 6726
8 6743
8 6744
8 6745
8 6755
8 6763
8 6764
8 6792
8 6826
8 6828
8 6840
8 6846
8 6849
8 6855
8 6856
8 6860
8 6867
8 6877
8 6889
8 6896
8 6916
8 6927
8 6948
8 6974
8 7016
8 7023
8 7024
8 7026
8 7041
8 7046
8 7078
8 7081
8 7088
8 7089
8 7102
8 7112
8 7120
8 7143
8 7157
8 7159
8 7171
8 7184
8 7189
8 7195
8 7197
8 7215
8 7220
8 7226
8 7243
8 7252
8 7256
8 7257
8 7269
8 7297
8 7300
8 7304
8 7326
8 7341
8 7370
8 7371
8 7383
8 7387
8 7390
8 7400
8 7403
8 7404
8 7418
8 7423
8 7426
8 7428
8 7429
8 7446
8 7450
8 7456
8 7466
8 7468
8 7481
8 7482
8 7488
8 7526
8 7534
8 7535
8 7540
8 7541
8 7556
8 7557
8 7587
8 7594
8 7599
8 7650
8 7656
8 7658
8 7666
8 7669
8 7682
8 7687
8 7696
8 7697
8 7699
8 7701
8 7736
8 7755
8 7758
8 7769
8 7782
8 7796
8 7806
8 7815
8 7817
8 7824
8 7827
8 7829
8 7853
8 7861
8 7883
8 7886
8 7898
8 7901
8 7920
8 7923
8 7924
8 7928
8 7964
8 7969
8 7972
8 7996
8 8030
8 8031
8 8053
8 8054
8 8072
8 8074
8 8078
8 8080
8 8088
8 8089
8 8112
8 8117
8 8124
8 8132
8 8140
8 8151
8 8167
8 8169
8 8175
8 8185
8 8200
8 8215
8 8228
8 8235
8 8239
8 8252
8 8258
8 8259
8 8262
8 8272
8 8286
8 8295
8 8300
8 8301
8 8304
8 8308
8 8315
8 8330
8 8332
8 8335
8 8338
8 8369
8 8388
8 8389
8 8409
8 8410
8 8446
8 8455
8 8458
8 8459
8 8477
8 8500
8 8506
8 8508
8 8520
8 8525
8 8551
8 8562
8 8579
8 8581
8 8582
8 8600
8 8610
8 8622
8 8623
8 8627
8 8630
8 8639
8 8655
8 8666
8 8684
8 8685
8 8687
8 8703
8 8735
8 8748
8 8755
8 8756
8 8766
8 8776
8 8777
8 8778
8 8788
8 8791
8 8794
8 8802
8 8807
8 8833
8 8854
8 8861
8 8872
8 8883
8 8886
8 8910
8 8916
8 8923
8 8924
8 8929
8 8936
8 8980
8 9002
8 9037
8 9038
8 9047
8 9058
8 9060
8 9063
8 9066
8 9071
8 9097
8 9100
8 9123
8 9132
8 9149
8 9158
8 9166
8 9173
8 9203
8 9204
8 9211
8 9217
8 9227
8 9230
8 9237
8 9253
8 9258
8 9262
8 9279
8 9286
8 9287
8 9302
8 9311
8 9336
8 9342
8 9348
8 9350
8 9355
8 9369
8 9374
8 9379
8 9406
8 9414
8 9416
8 9418
8 9421
8 9427
8 9444
8 9465
8 9480
8 9483
8 9496
8 9511
8 9514
8 9518
8 9527
8 9531
8 9540
8 9545
8 9563
8 9565
8 9585
8 9586
8 9599
8 9608
8 9614
8 9623
8 9629
8 9642
8 9658
8 9664
8 9678
8 9694
8 9729
8 9750
8 9751
8 9753
8 9766
8 9772
8 9781
8 9783
8 9792
8 9810
8 9819
8 9824
8 9836
8 9845
8 9849
8 9856
8 9859
8 9864
8 9868
8 9875
8 9890
8 9894
8 9901
8 9902
8 9930
8 9932
8 9935
8 9940
8 9952
8 9975
8 9988
8 9992
9 26
9 36
9 37
9 42
9 48
9 104
9 111
9 121
9 123
9 129
9 130
9 131
9 135
9 143
9 145
9 150
9 157
9 168
9 172
9 197
9 202
9 210
9 230
9 232
9 259
9 266
9 267
9 285
9 291
9 297
9 303
9 305
9 313
9 316
9 318
9 338
9 343
9 373
9 384
9 390
9 408
9 413
9 418
9 428
9 440
9 441
9 448
9 452
9 483
9 510
9 519
9 530
9 533
9 535
9 547
9 550
9 558
9 561
9 566
9 575
9 583
9 597
9 604
9 618
9 626
9 627
9 638
9 642
9 660
9 665
9 682
9 694
9 695
9 698
9 705
9 723
9 724
9 731
9 748
9 784
9 806
9 811
9 815
9 817
9 822
9 833
9 834
9 838
9 843
9 845
9 854
9 859
9 894
9 931
9 940
9 943
9 951
9 953
9 976
9 987
9 1007
9 1027
9 1041
9 1044
9 1048
9 1063
9 1073
9 1078
9 1088
9 1091
9 1106
9 1121
9 1124
9 1131
9 1133
9 1137
9 1146
9 1148
9 1163
9 1171
9 1199
9 1203
9 1215
9 1227
9 1246
9 1255
9 1256
9 1264
9 1278
9 1280
9 1281
9 1298
9 1307
9 1313
9 1322
9 1335
9 1340
9 1359
9 1373
9 1375
9 1376
9 1382
9 1407
9 1411
9 1417
9 1434
9 1439
9 1440
9 1448
9 1451
9 1467
9 1470
9 1489
9 1493
9 1496
9 1497
9 1500
9 1503
9 1562
9 1594
9 1599
9 1612
9 1638
9 1644
9 1677
9 1689
9 1692
9 1708
9 1712
9 1720
9 1722
9 1735
9 1752
9 1763
9 1775
9 1795
9 1797
9 1821
9 1826
9 1836
9 1846
9 1858
9 1868
9 1875
9 1877
9 1905
9 1912
9 1914
9 1925
9 1929
9 1945
9 1948
9 1967
9 1984
9 2006
9 2007
9 2011
9 2013
9 2026
9 2030
9 2031
9 2035
9 2036
9 2040
9 2041
9 2051
9 2061
9 2066
9 2089
9 2091
9 2103
9 2106
9 2107
9 2111
9 2113
9 2131
9 2138
9 2150
9 2153
9 2189
9 2192
9 2197
9 2214
9 2215
9 2251
9 2253
9 2254
9 2256
9 2259
9 2264
9 2275
9 2318
9 2337
9 2345
9 2375
9 2379
9 2395
9 2402
9 2419
9 2422
9 2444
9 2451
9 2459
9 2461
9 2468
9 2469
9 2496
9 2523
9 2528
9 2539
9 2540
9 2542
9 2553
9 2558
9 2562
9 2565
9 2566
9 2580
9 2606
9 2617
9 2620
9 2630
9 2639
9 2643
9 2672
9 2681
9 2740
9 2752
9 2762
9 2774
9 2786
9 2797
9 2802
9 2830
9 2833
9 2846
9 2867
9 2875
9 2899
9 2916
9 2937
9 2939
9 2957
9 2958
9 2967
9 2968
9 2970
9 2976
9 3013
9 3014
9 3025
9 3034
9 3039
9 3045
9 3057
9 3061
9 3089
9 3101
9 3113
9 3130
9 3154
9 3155
9 3181
9 3183
9 3193
9 3204
9 3208
9 3224
9 3226
9 3234
9 3235
9 3245
9 3248
9 3253
9 3258
9 3259
9 3270
9 3275
9 3283
9 3287
9 3298
9 3304
9 3310
9 3315
9 3332
9 3358
9 3379
9 3386
9 3400
9 3414
9 3444
9 3462
9 3468
9 3469
9 3478
9 3481
9 3486
9 3502
9 3508
9 3524
9 3556
9 3559
9 3564
9 3576
9 3599
9 3615
9 3618
9 3632
9 3642
9 3658
9 3665
9 3672
9 3679
9 3680
9 3697
9 3706
9 3714
9 3733
9 3754
9 3757
9 3760
9 3764
9 3767
9 3772
9 3774
9 3791
9 3799
9 3821
9 3828
9 3831
9 3833
9 3844
9 3845
9 3860
9 3903
9 3905
9 3926
9 3943
9 3974
9 3976
9 3994
9 3995
9 4003
9 4008
9 4015
9 4039
9 4040
9 4046
9 4050
9 4062
9 4067
9 4074
9 4100
9 4104
9 4105
9 4126
9 4157
9 4162
9 4190
9 4199
9 4205
9 4216
9 4217
9 4218
9 4220
9 4222
9 4226
9 4235
9 4236
9 4237
9 4243
9 4244
9 4245
9 4248
9 4252
9 4262
9 4263
9 4274
9 4275
9 4276
9 4281
9 4286
9 4288
9 4291
9 4304
9 4322
9 4336
9 4337
9 4347
9 4352
9 4359
9 4375
9 4377
9 4382
9 4402
9 4414
9 4419
9 4438
9 4478
9 4496
9 4521
9 4524
9 4532
9 4533
9 4537
9 4541
9 4556
9 4558
9 4564
9 4566
9 4597
9 4611
9 4617
9 4624
9 4637
9 4641
9 4658
9 4659
9 4683
9 4694
9 4711
9 4716
9 4742
9 4749
9 4776
9 4796
9 4851
9 4857
9 4865
9 4872
9 4891
9 4892
9 4906
9 4911
9 4915
9 4922
9 4933
9 4947
9 4949
9 4964
9 4968
9 4973
9 4989
9 4993
9 5002
9 5004
9 5009
9 5010
9 5015
9 5025
9 5034
9 5036
9 5055
9 5062
9 5067
9 5086
9 5093
9 5112
9 5113
9 5123
9 5135
9 5141
9 5143
9 5147
9 5165
9 5170
9 5179
9 5184
9 5201
9 5220
9 5224
9 5234
9 5251
9 5254
9 5266
9 5275
9 5281
9 5294
9 5311
9 5316
9 5343
9 5354
9 5370
9 5379
9 5380
9 5389
9 5394
9 5397
9 5403
9 5407
9 5416
9 5417
9 5431
9 5440
9 5442
9 5447
9 5455
9 5459
9 5461
9 5479
9 5482
9 5484
9 5506
9 5507
9 5508
9 5513
9 5532
9 5543
9 5559
9 5563
9 5590
9 5593
9 5631
9 5656
9 5662
9 5675
9 5677
9 5680
9 5687
9 5689
9 5692
9 5695
9 5700
9 5706
9 5715
9 5730
9 5743
9 5771
9 5780
9 5809
9 5814
9 5816
9 5828
9 5839
9 5844
9 5882
9 5889
9 5899
9 5900
9 5906
9 5917
9 5923
9 5932
9 5936
9 5941
9 5963
9 5976
9 5981
9 5995
9 6012
9 6015
9 6018
9 6023
9 6029
9 6030
9 6041
9 6048
9 6074
9 6080
9 6082
9 6097
9 6118
9 6137
9 6142
9 6151
9 6153
9 6156
9 6189
9 6216
9 6258
9 6259
9 6260
9 6289
9 6297
9 6300
9 6317
9 6320
9 6321
9 6362
9 6379
9 6385
9 6386
9 6394
9 6409
9 6414
9 6417
9 6423
9 6435
9 6442
9 6444
9 6445
9 6460
9 6465
9 6466
9 6494
9 6510
9 6514
9 6524
9 6527
9 6529
9 6530
9 6550
9 6551
9 6557
9 6578
9 6590
9 6592
9 6595
9 6597
9 6598
9 6599
9 6603
9 6604
9 6609
9 6618
9 6627
9 6630
9 6638
9 6640
9 6641
9 6643
9 6651
9 6653
9 6655
9 6663
9 6665
9 6666
9 6673
9 6686
9 6687
9 6693
9 6694
9 6698
9 6701
9 6702
9 6704
9 6709
9 6714
9 6732
9 6739
9 6740
9 6750
9 6782
9 6785
9 6786
9 6806
9 6808
9 6827
9 6833
9 6838
9 6848
9 6862
9 6875
9 6880
9 6885
9 6887
9 6894
9 6904
9 6905
9 6921
9 6923
9 6957
9 6959
9 6966
9 6981
9 6982
9 6996
9 7002
9 7003
9 7014
9 7033
9 7036
9 7039
9 7045
9 7054
9 7056
9 7062
9 7065
9 7069
9 7077
9 7091
9 7093
9 7115
9 7127
9 7150
9 7154
9 7169
9 7201
9 7210
9 7211
9 7225
9 7229
9 7241
9 7244
9 7263
9 7265
9 7285
9 7296
9 7298
9 7322
9 7327
9 7329
9 7340
9 7351
9 7369
9 7372
9 7382
9 7386
9 7398
9 7412
9 7417
9 7419
9 7422
9 7440
9 7448
9 7452
9 7453
9 7459
9 7463
9 7480
9 7496
9 7506
9 7521
9 7522
9 7538
9 7561
9 7564
9 7577
9 7582
9 7603
9 7611
9 7616
9 7629
9 7635
9 7638
9 7639
9 7644
9 7648
9 7695
9 7714
9 7720
9 7723
9 7727
9 7740
9 7757
9 7760
9 7766
9 7786
9 7792
9 7809
9 7810
9 7819
9 7836
9 7847
9 7856
9 7866
9 7869
9 7873
9 7878
9 7904
9 7912
9 7921
9 7937
9 7944
9 7947
9 7950
9 7974
9 7985
9 7986
9 7999
9 8006
9 8009
9 8018
9 8042
9 8043
9 8044
9 8067
9 8075
9 8087
9 8099
9 8106
9 8107
9 8113
9 8145
9 8160
9 8168
9 8174
9 8186
9 8198
9 8220
9 8223
9 8233
9 8236
9 8246
9 8247
9 8249
9 8251
9 8264
9 8269
9 8273
9 8288
9 8289
9 8291
9 8306
9 8319
9 8320
9 8329
9 8339
9 8340
9 8342
9 8346
9 8353
9 8354
9 8356
9 8373
9 8396
9 8406
9 8424
9 8427
9 8429
9 8432
9 8437
9 8453
9 8460
9 8482
9 8492
9 8496
9 8497
9 8528
9 8531
9 8538
9 8549
9 8556
9 8567
9 8576
9 8580
9 8586
9 8601
9 8633
9 8636
9 8665
9 8688
9 8690
9 8695
9 8698
9 8713
9 8715
9 8716
9 8724
9 8726
9 8741
9 8747
9 8754
9 8758
9 8793
9 8796
9 8813
9 8820
9 8821
9 8823
9 8830
9 8836
9 8864
9 8865
9 8876
9 8880
9 8884
9 8912
9 8927
9 8939
9 8957
9 8960
9 8966
9 9008
9 9010
9 9021
9 9027
9 9029
9 9030
9 9032
9 9034
9 9043
9 9051
9 9055
9 9059
9 9067
9 9074
9 9082
9 9093
9 9125
9 9135
9 9139
9 9140
9 9154
9 9233
9 9246
9 9247
9 9261
9 9264
9 9265
9 9266
9 9267
9 9269
9 9280
9 9289
9 9304
9 9317
9 9327
9 9332
9 9339
9 9349
9 9376
9 9380
9 9382
9 9383
9 9390
9 9423
9 9432
9 9439
9 9452
9 9456
9 9461
9 9494
9 9500
9 9506
9 9512
9 9522
9 9524
9 9529
9 9533
9 9566
9 9568
9 9587
9 9589
9 9590
9 9610
9 9622
9 9630
9 9643
9 9687
9 9703
9 9708
9 9727
9 9733
9 9740
9 9764
9 9768
9 9774
9 9784
9 9788
9 9805
9 9806
9 9812
9 9822
9 9837
9 9839
9 9846
9 9847
9 9853
9 9870
9 9880
9 9896
9 9909
9 9915
9 9948
9 9951
9 9955
9 9964
10 14
10 19
10 29
10 47
10 50
10 68
10 74
10 77
10 93
10 96
10 101
10 102
10 117
10 134
10 160
10 166
10 169
10 200
10 205
10 221
10 241
10 250
10 271
10 274
10 294
10 312
10 317
10 320
10 328
10 334
10 336
10 341
10 361
10 364
10 380
10 381
10 396
10 401
10 407
10 426
10 431
10 432
10 439
10 443
10 447
10 478
10 494
10 516
10 539
10 540
10 552
10 562
10 572
10 577
10 594
10 598
10 612
10 613
10 622
10 629
10 630
10 633
10 668
10 686
10 702
10 704
10 738
10 739
10 740
10 741
10 742
10 747
10 769
10 773
10 775
10 788
10 790
10 800
10 820
10 846
10 862
10 868
10 890
10 891
10 897
10 899
10 901
10 911
10 917
10 923
10 955
10 971
10 992
10 999
10 1016
10 1018
10 1019
10 1047
10 1054
10 1067
10 1069
10 1081
10 1092
10 1096
10 1100
10 1105
10 1127
10 1140
10 1145
10 1161
10 1167
10 1169
10 1176
10 1178
10 1179
10 1182
10 1192
10 1193
10 1214
10 1220
10 1238
10 1244
10 1250
10 1261
10 1301
10 1310
10 1315
10 1324
10 1326
10 1338
10 1341
10 1344
10 1353
10 1391
10 1395
10 1401
10 1406
10 1410
10 1419
10 1443
10 1453
10 1468
10 1479
10 1483
10 1495
10 1514
10 1522
10 1533
10 1553
10 1556
10 1566
10 1579
10 1603
10 1614
10 1615
10 1622
10 1628
10 1630
10 1649
10 1679
10 1680
10 1684
10 1704
10 1710
10 1718
10 1748
10 1757
10 1761
10 1762
10 1769
10 1772
10 1776
10 1780
10 1781
10 1782
10 1786
10 1787
10 1802
10 1818
10 1822
10 1830
10 1842
10 1855
10 1880
10 1893
10 1897
10 1899
10 1903
10 1904
10 1955
10 1958
10 1963
10 1965
10 1976
10 1996
10 1999
10 2000
10 2018
10 2025
10 2028
10 2065
10 2068
10 2070
10 2075
10 2078
10 2082
10 2093
10 2094
10 2098
10 2101
10 2108
10 2114
10 2118
10 2121
10 2132
10 2160
10 2167
10 2177
10 2190
10 2199
10 2211
10 2231
10 2233
10 2237
10 2239
10 2246
10 2260
10 2263
10 2272
10 2283
10 2285
10 2293
10 2328
10 2329
10 2332
10 2339
10 2341
10 2362
10 2373
10 2383
10 2414
10 2423
10 2432
10 2433
10 2446
10 2460
10 2465
10 2472
10 2476
10 2479
10 2484
10 2487
10 2513
10 2521
10 2555
10 2561
10 2570
10 2575
10 2604
10 2612
10 2621
10 2654
10 2660
10 2667
10 2680
10 2682
10 2683
10 2689
10 2694
10 2711
10 2713
10 2718
10 2739
10 2779
10 2781
10 2788
10 2793
10 2807
10 2824
10 2862
10 2869
10 2909
10 2911
10 2917
10 2926
10 2931
10 2944
10 2960
10 3012
10 3019
10 3037
10 3046
10 3059
10 3067
10 3075
10 3084
10 3096
10 3099
10 3108
10 3116
10 3117
10 3122
10 3143
10 3156
10 3185
10 3202
10 3205
10 3213
10 3238
10 3246
10 3257
10 3268
10 3284
10 3286
10 3324
10 3330
10 3335
10 3348
10 3382
10 3387
10 3402
10 3410
10 3429
10 3456
10 3472
10 3473
10 3487
10 3489
10 3490
10 3519
10 3530
10 3537
10 3544
10 3546
10 3551
10 3570
10 3575
10 3578
10 3589
10 3600
10 3610
10 3624
10 3653
10 3661
10 3673
10 3684
10 3685
10 3690
10 3718
10 3719
10 3727
10 3730
10 3731
10 3747
10 3750
10 3766
10 3768
10 3784
10 3800
10 3804
10 3811
10 3814
10 3835
10 3837
10 3841
10 3850
10 3851
10 3856
10 3872
10 3874
10 3889
10 3894
10 3909
10 3932
10 3938
10 3944
10 3952
10 3959
10 3975
10 3984
10 3990
10 4000
10 4010
10 4011
10 4013
10 4018
10 4032
10 4033
10 4037
10 4042
10 4043
10 4045
10 4059
10 4060
10 4063
10 4065
10 4084
10 4089
10 4092
10 4109
10 4113
10 4120
10 4150
10 4177
10 4202
10 4204
10 4234
10 4254
10 4264
10 4279
10 4284
10 4311
10 4313
10 4321
10 4328
10 4330
10 4334
10 4339
10 4385
10 4396
10 4401
10 4410
10 4417
10 4420
10 4441
10 4453
10 4458
10 4465
10 4479
10 4487
10 4489
10 4499
10 4500
10 4503
10 4507
10 4508
10 4513
10 4515
10 4526
10 4528
10 4544
10 4551
10 4555
10 4607
10 4614
10 4627
10 4630
10 4631
10 4634
10 4642
10 4644
10 4646
10 4649
10 4676
10 4679
10 4706
10 4714
10 4726
10 4755
10 4760
10 4762
10 4763
10 4764
10 4783
10 4800
10 4808
10 4809
10 4825
10 4831
10 4834
10 4850
10 4856
10 4867
10 4870
10 4878
10 4879
10 4889
10 4898
10 4900
10 4913
10 4938
10 4942
10 4946
10 4961
10 4972
10 4976
10 4979
10 4991
10 5028
10 5032
10 5047
10 5048
10 5057
10 5066
10 5070
10 5083
10 5103
10 5105
10 5116
10 5118
10 5126
10 5148
10 5174
10 5180
10 5192
10 5200
10 5216
10 5237
10 5239
10 5283
10 5299
10 5301
10 5344
10 5345
10 5351
10 5364
10 5373
10 5387
10 5409
10 5414
10 5422
10 5425
10 5450
10 5454
10 5456
10 5481
10 5497
10 5510
10 5520
10 5529
10 5547
10 5548
10 5549
10 5552
10 5554
10 5556
10 5560
10 5568
10 5578
10 5615
10 5622
10 5641
10 5644
10 5650
10 5653
10 5661
10 5693
10 5696
10 5728
10 5733
10 5740
10 5749
10 5754
10 5755
10 5756
10 5760
10 5765
10 5769
10 5775
10 5779
10 5807
10 5840
10 5843
10 5846
10 5849
10 5858
10 5871
10 5873
10 5881
10 5894
10 5912
10 5930
10 5934
10 5942
10 5960
10 5968
10 5975
10 5987
10 5996
10 6000
10 6001
10 6007
10 6009
10 6014
10 6016
10 6039
10 6040
10 6050
10 6086
10 6094
10 6102
10 6107
10 6112
10 6113
10 6123
10 6132
10 6135
10 6140
10 6150
10 6166
10 6167
10 6180
10 6200
10 6208
10 6234
10 6237
10 6264
10 6269
10 6271
10 6283
10 6284
10 6290
10 6299
10 6306
10 6309
10 6341
10 6345
10 6355
10 6395
10 6415
10 6426
10 6436
10 6440
10 6467
10 6500
10 6520
10 6528
10 6536
10 6540
10 6547
10 6554
10 6555
10 6588
10 6610
10 6633
10 6637
10 6642
10 6647
10 6650
10 6658
10 6664
10 6683
10 6695
10 6696
10 6717
10 6723
10 6733
10 6736
10 6770
10 6779
10 6780
10 6815
10 6830
10 6831
10 6834
10 6854
10 6859
10 6870
10 6874
10 6882
10 6893
10 6895
10 6901
10 6908
10 6912
10 6918
10 6924
10 6929
10 6936
10 6938
10 6945
10 6947
10 6950
10 6985
10 6989
10 6999
10 7005
10 7006
10 7007
10 7008
10 7009
10 7027
10 7031
10 7043
10 7053
10 7055
10 7075
10 7086
10 7092
10 7097
10 7103
10 7109
10 7121
10 7129
10 7138
10 7165
10 7166
10 7167
10 7176
10 7177
10 7199
10 7202
10 7204
10 7228
10 7232
10 7245
10 7254
10 7262
10 7268
10 7293
10 7305
10 7318
10 7323
10 7333
10 7361
10 7373
10 7374
10 7413
10 7414
10 7424
10 7425
10 7443
10 7460
10 7476
10 7477
10 7490
10 7494
10 7497
10 7509
10 7510
10 7514
10 7523
10 7531
10 7544
10 7559
10 7574
10 7580
10 7584
10 7608
10 7632
10 7642
10 7647
10 7654
10 7655
10 7657
10 7671
10 7673
10 7679
10 7681
10 7684
10 7686
10 7704
10 7711
10 7722
10 7726
10 7737
10 7751
10 7764
10 7770
10 7778
10 7802
10 7821
10 7826
10 7828
10 7838
10 7860
10 7875
10 7891
10 7895
10 7899
10 7903
10 7907
10 7917
10 7931
10 7934
10 7942
10 7953
10 7956
10 7960
10 7977
10 7978
10 7989
10 7997
10 8008
10 8010
10 8017
10 8021
10 8024
10 8033
10 8034
10 8038
10 8041
10 8085
10 8100
10 8102
10 8104
10 8119
10 8130
10 8146
10 8148
10 8153
10 8157
10 8162
10 8170
10 8196
10 8199
10 8210
10 8214
10 8257
10 8263
10 8281
10 8290
10 8294
10 8310
10 8314
10 8325
10 8328
10 8344
10 8345
10 8347
10 8351
10 8352
10 8366
10 8379
10 8383
10 8390
10 8391
10 8394
10 8399
10 8404
10 8425
10 8430
10 8435
10 8462
10 8484
10 8486
10 8495
10 8511
10 8512
10 8514
10 8526
10 8527
10 8535
10 8546
10 8559
10 8564
10 8565
10 8569
10 8575
10 8591
10 8593
10 8594
10 8595
10 8605
10 8611
10 8613
10 8615
10 8637
10 8640
10 8661
10 8675
10 8682
10 8683
10 8709
10 8759
10 8768
10 8780
10 8799
10 8800
10 8819
10 8866
10 8871
10 8888
10 8901
10 8906
10 8915
10 8917
10 8941
10 8942
10 8943
10 8959
10 8967
10 8973
10 8975
10 8976
10 8981
10 8983
10 8989
10 8991
10 9026
10 9033
10 9036
10 9080
10 9081
10 9086
10 9102
10 9108
10 9110
10 9131
10 9141
10 9160
10 9187
10 9192
10 9193
10 9196
10 9200
10 9216
10 9231
10 9241
10 9242
10 9243
10 9282
10 9291
10 9295
10 9308
10 9310
10 9325
10 9354
10 9358
10 9372
10 9373
10 9385
10 9393
10 9394
10 9420
10 9433
10 9435
10 9437
10 9457
10 9464
10 9492
10 9499
10 9519
10 9534
10 9537
10 9544
10 9547
10 9551
10 9553
10 9564
10 9575
10 9592
10 9593
10 9598
10 9600
10 9613
10 9616
10 9619
10 9620
10 9625
10 9636
10 9647
10 9648
10 9657
10 9699
10 9705
10 9711
10 9726
10 9737
10 9744
10 9838
10 9841
10 9852
10 9858
10 9860
10 9862
10 9871
10 9884
10 9885
10 9887
10 9910
10 9927
10 9938
10 9939
10 9941
10 9965
10 9981
10 9982
2 6593 9889
2 2140 6308
2 808 8909
2 2831 9691
2 7438 9300
2 3349 7532
2 1981 7987
2 594 1766
2 598 5211
2 1485 3600
2 6291 9953
2 575 6617
2 3426 6043
2 8811 9006
2 5518 8917
2 4711 7619
2 872 4711
2 2257 4005
2 5622 7258
2 2195 9822
2 5684 6042
2 392 8523
2 6161 6997
2 579 1872
2 5122 8428
2 2735 5928
2 346 7874
2 6083 9834
2 3092 7064
2 865 5512
2 2679 7986
2 2364 3041
2 8240 9922
2 5830 8820
2 827 4737
2 9360 9850
2 2681 4591
2 1378 8822
2 6327 9308
2 5593 9148
2 1769 8677
2 716 8128
2 4085 5246
2 2096 2767
2 2908 9144
2 805 1924
2 3811 4480
2 5124 6705
2 2912 6308
2 1860 5665
2 5266 6593
2 248 8675
2 735 3093
2 863 8203
2 1281 6158
2 846 3481
2 1370 1470
2 5229 5765
2 3105 9054
2 801 1286
2 1742 2015
2 3258 3576
2 3014 3362
2 6430 9064
2 2241 9115
2 4523 4899
2 3069 6254
2 2125 2545
2 782 1776
2 581 3595
2 3206 3214
2 2218 6262
2 2560 6756
2 6338 7745
2 8441 8993
2 3422 4349
2 1375 2430
2 6123 7121
2 3892 8558
2 4485 7351
2 6574 6646
2 487 3910
2 230 8359
2 4940 6285
2 4950 9175
2 5353 9753
2 2813 5706
2 2515 3684
2 8148 8408
2 5017 5052
2 4616 8721
2 3239 5101
2 7169 8655
2 5051 8546
2 1302 2032
2 3121 3227
2 2286 3220
2 3224 4481
2 2911 5041
2 4036 7474
2 5956 9125
2 4334 4698
2 2140 5159
2 6422 7568
2 7182 9273
2 353 1890
2 5459 8883
2 1591 5492
2 458 7344
2 5136 6607
2 5408 8112
2 4458 4950
2 585 3109
2 5482 6163
2 642 8412
2 4057 5731
2 3211 6606
2 5657 8530
2 9397 9897
2 7171 9746
2 7436 8704
2 205 5814
2 7391 8267
2 886 1648
2 3054 9368
2 2959 8394
2 3022 8982
2 6358 9944
2 1562 9352
2 2892 6690
2 4096 4268
2 1188 2448
2 4925 9897
2 4852 7629
2 493 2836
2 4510 9484
2 6448 8340
2 2800 4124
2 3886 4125
2 4131 8300
2 603 5360
2 176 9506
2 949 5734
2 6106 9207
2 8330 8394
2 2471 8159
2 1509 8256
2 1898 2219
2 4200 4303
2 4869 8879
2 6488 7980
2 54 7048
2 5301 7089
2 1337 5247
2 428 8693
2 4478 8112
2 1020 3587
2 4983 8158
2 5705 7862
2 616 4038
2 1773 9664
2 887 5013
2 7519 8240
2 487 3295
2 198 2176
2 9369 9395
2 4996 6234
2 5094 5492
2 2487 8244
2 5360 6749
2 1383 3053
2 4654 4939
2 766 4111
2 3334 5536
2 3598 4520
2 6936 8774
2 5592 6301
2 6807 7089
2 5136 9108
2 7553 9793
2 9620 9940
2 3379 4284
2 4007 4386
2 7062 7311
2 3831 4372
2 902 1775
2 2084 7066
2 459 1726
2 7160 7938
2 3506 3695
2 1761 2376
2 1271 5619
2 4821 7821
2 6794 8680
2 1263 4410
2 4427 8579
2 6592 8216
2 728 4782
2 4083 5064
2 485 4595
2 714 1524
2 281 5583
2 1045 4913
2 7628 8588
2 1741 4549
2 1374 9805
2 3307 7813
2 1162 9903
2 2658 7821
2 337 2193
2 6338 6871
2 2826 6329
2 2635 4577
2 1038 1964
2 2666 3138
2 7116 7981
2 5218 6841
2 5182 8686
2 7071 9604
2 7267 8439
2 1034 5055
2 6068 9707
2 8346 9864
2 4673 5314
2 7803 8456
2 3968 7697
2 2604 5118
2 6655 9675
2 6667 7650
2 1200 7714
2 7703 9454
2 3544 4361
2 3109 9333
2 1348 5448
2 500 4634
2 5221 9558
2 1508 7766
2 9959 9995
2 6061 6107
2 2683 7845
2 5947 6698
2 2446 5608
2 3560 7628
2 3409 9112
2 3011 5247
2 943 1463
2 392 9270
2 974 4988
2 4659 6098
2 892 9392
2 4932 7114
2 2567 9481
2 655 5259
2 1826 4586
2 7258 8320
2 5534 8586
2 2985 3589
2 5454 6010
2 3926 8315
2 1491 6151
2 701 7847
2 871 7832
2 7879 9287
2 712 2208
2 278 4732
2 2957 6554
2 1299 9034
2 2423 6028
2 661 1807
2 8341 8547
2 8623 9377
2 1783 3661
2 2399 3222
2 3260 6518
2 2217 8013
2 5162 6058
2 156 9584
2 4029 7894
2 4709 5290
2 2514 5924
2 1203 6423
2 6811 9529
2 1449 7320
2 5143 8067
2 3061 5561
2 6404 7079
2 118 4666
2 2284 7439
2 5037 5255
2 2195 3398
2 6295 7735
2 2791 6329
2 1963 4581
2 2550 8870
2 5331 8084
2 5119 9485
2 2872 5853
2 3989 6279
2 1035 4936
2 94 305
2 735 3762
2 3453 8226
2 2550 3583
2 4326 5759
2 1151 6097
2 12 8442
2 2857 5543
2 1392 9652
2 998 4722
2 459 1030
2 1047 8951
2 3761 4831
2 1960 4930
2 8577 9476
2 653 3117
2 2198 4147
2 3004 3177
2 7040 8923
2 3639 6398
2 496 7754
2 2401 8771
2 2911 8323
2 6483 7920
2 107 4943
2 467 8601
2 384 5146
2 1690 8788
2 2782 6878
2 377 9753
2 1611 9870
2 2588 2803
2 2725 7740
2 1742 1764
2 883 7076
2 4600 7345
2 545 7313
2 1 6870
2 2399 9478
2 1096 9687
2 2862 7275
2 2469 6129
2 5766 9705
2 3949 8192
2 1359 8296
2 3555 5617
2 4658 4814
2 3217 8857
2 2129 8332
2 3801 6005
2 1708 8991
2 7425 9944
2 382 5336
2 2108 3187
2 4450 6867
2 1422 1745
2 1717 8723
2 3187 5962
2 532 2276
2 3543 5773
2 6165 9812
2 1103 7835
2 4736 6159
2 2455 9466
2 2582 5664
2 1857 7475
2 3880 5415
2 909 2064
2 6041 6947
2 3677 7082
2 743 1427
2 3824 7687
2 1049 5513
2 2893 3947
2 1238 2855
2 1045 7701
2 2455 3027
2 6086 9908
2 1228 3350
2 1372 7460
2 3488 5925
2 715 7808
2 7068 9488
2 8527 8557
2 1574 2712
2 34 4723
2 6571 9733
2 4711 8665
2 4416 7725
2 3004 7508
2 1092 8707
2 587 1853
2 836 8927
2 1818 9794
2 2036 8779
2 218 1666
2 2413 8181
2 2297 3457
2 1822 4251
2 1635 4221
2 6862 8917
2 8214 9260
2 1152 2010
2 4372 5920
2 3051 9108
2 7842 9259
2 271 3710
2 9457 9605
2 7068 7951
2 2138 6656
2 6381 8288
2 3255 8038
2 4162 7152
2 5145 6288
2 1210 1876
2 37 7049
2 3444 8703
2 840 8574
2 6648 7642
2 2320 7353
2 672 7588
2 7024 8390
2 4797 5354
2 646 5798
2 366 1307
2 4464 6906
2 6400 8982
2 340 7064
2 1682 5711
2 826 8312
2 4455 5276
2 2281 7416
2 3039 4904
2 5643 6829
2 1326 4579
2 784 4600
2 5697 8194
2 7913 9578
2 1036 2194
2 575 4769
2 3150 7065
2 4174 9254
2 306 8063
2 7 8122
2 7 5165
2 4250 9329
2 2491 5014
2 4797 5121
2 579 2771
2 4378 9719
2 2192 8030
2 2688 6696
2 1909 2925
2 917 5817
2 3905 4871
2 6891 8386
2 123 6658
2 1152 6018
2 5776 5799
2 2399 3381
2 14 8231
2 6677 7528
2 6051 9819
2 1630 5154
2 6685 8474
2 3553 4377
2 4910 9252
2 7063 8476
2 173 2925
2 5044 8313
2 416 591
2 2296 3873
2 2523 8918
2 3907 9880
2 6199 9159
2 4272 7132
2 902 3989
2 2626 7342
2 2916 9504
2 4688 5997
2 4385 6003
2 1230 3722
2 2893 5671
2 1792 7312
2 86 4206
2 6076 9725
2 4064 8361
2 1725 8353
2 1362 9338
2 5322 8395
2 1097 8214
2 3605 8684
2 6601 9766
2 2041 7938
2 2984 6450
2 479 6288
2 1405 7352
2 8035 9314
2 6960 8507
2 455 1566
2 1180 2843
2 714 4288
2 2553 9128
2 806 7244
2 2661 6386
2 6924 9359
2 7098 7530
2 47 1262
2 1771 4956
2 2716 6955
2 448 472
2 2403 2503
2 608 720
2 7528 9121
2 1825 6225
2 2518 7734
2 4480 7643
2 4180 7602
2 8530 8842
2 1162 7636
2 1991 6498
2 2666 9673
2 3588 6973
2 634 8924
2 5516 7040
2 7159 7573
2 6691 7604
2 3563 6512
2 4655 5375
2 5152 5772
2 4355 8603
2 3517 7985
2 1609 3471
2 1931 9773
2 3913 6987
2 6798 9242
2 2782 7757
2 2058 5068
2 855 3707
2 6886 8543
2 5804 9371
2 7058 7263
2 1359 2127
2 3802 4525
2 5695 7513
2 499 6466
2 4669 7931
2 6187 8661
2 7916 8378
2 1919 8409
2 5598 6273
2 7049 8034
2 4810 7033
2 3487 7372
2 1601 4203
2 146 5760
2 3347 9404
2 3728 5375
2 1319 7933
2 2421 6162
2 2002 2755
2 834 6475
2 5836 7772
2 3834 8835
2 2662 4583
2 140 6606
2 3464 8015
2 4265 5557
2 3662 7661
2 5342 5933
2 1019 6526
2 1124 9648
2 2681 4099
2 2028 5714
2 7187 7648
2 1701 5774
2 6207 6734
2 4540 5679
2 7276 8668
2 4443 7440
2 581 7793
2 3888 9194
2 1821 3910
2 4214 6530
2 3770 5167
2 1705 9254
2 445 3635
2 5621 8015
2 5410 5636
2 8293 9104
2 654 6965
2 1733 3517
2 1765 7507
2 1830 2691
2 5056 7836
2 5362 9169
2 1121 6919
2 1139 8397
2 6891 7056
2 1831 7067
2 2834 9861
2 1334 9318
2 3338 5759
2 4513 4873
2 258 1171
2 3740 9761
2 1414 3076
2 2362 6162
2 2621 8914
2 90 947
2 1507 2908
2 564 760
2 5962 6177
2 2840 7017
2 145 8854
2 102 1694
2 338 7514
2 4904 5845
2 1061 9335
2 3241 4276
2 1573 2973
2 2251 3987
2 1271 4650
2 7705 9906
2 8568 9120
2 6663 7752
2 341 9971
2 1353 9782
2 3088 6007
2 3855 4072
2 1699 1805
2 6473 6797
2 869 3611
2 4 9572
2 4634 6087
2 3349 6097
2 2952 6044
2 1088 3456
2 4442 6470
2 1665 6324
2 3132 4562
2 8994 9735
2 4401 9887
2 3542 4254
2 3960 6141
2 2183 8787
2 7954 9114
2 4957 6914
2 4186 9522
2 3532 8473
2 2897 8287
2 3661 3999
2 5829 7854
2 3407 8810
2 7394 7982
2 3912 8923
2 1130 7788
2 86 2555
2 752 7773
2 3891 7056
2 8948 9303
2 910 7683
2 1264 8229
2 4557 8538
2 2941 6425
2 6 4599
2 1107 7935
2 1537 3928
2 5497 8654
2 6461 7927
2 5795 6277
2 1156 5705
2 6075 8798
2 3656 8215
2 390 6068
2 491 7608
2 4137 4330
2 238 9992
2 4345 8666
2 5807 7049
2 6478 7498
2 99 8310
2 3399 3720
2 1858 3185
2 5792 9385
2 9149 9515
2 3201 6448
2 4511 9403
2 4880 9007
2 4603 6754
2 3268 9255
2 949 4136
2 412 1304
2 3833 6326
2 5508 9688
2 277 2739
2 2654 4652
2 2238 7872
2 30 3087
2 706 2321
2 2215 5384
2 6916 8904
2 6162 8831
2 1394 2737
2 7510 9131
2 3000 5225
2 6251 8337
2 409 8255
2 1119 7143
2 5658 9866
2 2898 8839
2 7260 8212
2 6587 9031
2 2339 7604
2 1148 6600
2 2373 8620
2 3915 6680
2 6357 8820
2 2386 7584
2 4226 6030
2 3971 5891
2 4253 6695
2 3331 6367
2 3370 6036
2 3194 4727
2 1008 5390
2 2699 7304
2 4992 5063
2 4038 4051
2 2315 4847
2 1352 5047
2 1731 5376
2 3537 4651
2 5538 8437
2 685 5629
2 1183 2458
2 586 1260
2 1529 9541
2 1556 8243
2 90 7451
2 3353 5045
2 2791 5358
2 4411 7926
2 5434 7308
2 196 4659
2 1768 4776
2 1523 4561
2 1005 9816
2 372 6238
2 38 9766
2 4053 5198
2 2108 2584
2 3446 8675
2 305 7028
2 513 4864
2 3341 8584
2 8940 8983
2 8120 8424
2 3091 8824
2 1399 8302
2 4063 8039
2 1613 2899
2 4111 5356
2 5388 6015
2 743 6103
2 8255 8533
2 278 8046
2 4909 9039
2 3946 9805
2 4111 5013
2 207 1435
2 1225 1567
2 404 5575
2 2835 9621
2 3781 4805
2 4984 8292
2 2884 6022
2 8320 9715
2 5656 8516
2 5066 5413
2 8332 9690
2 7458 8417
2 5051 7562
2 3693 4970
2 3151 9722
2 2186 5144
2 5746 9848
2 4932 9024
2 9472 9787
2 4435 4995
2 2180 8480
2 2863 5539
2 1775 7472
2 5693 8277
2 1637 5754
2 3100 9902
2 2425 6267
2 2145 8642
2 7586 8158
2 3250 3820
2 3194 3772
2 7807 9672
2 6397 7210
2 1050 2487
2 835 6649
2 6075 8293
2 2382 3493
2 150 9050
2 6957 9741
2 1204 4686
2 1254 5479
2 1492 6125
2 2446 7456
2 775 7990
2 2053 2276
2 878 1995
2 4894 9928
2 2476 7005
2 3796 7062
2 8455 9074
2 3299 7507
2 591 1439
2 3971 7979
2 475 931
2 8304 8692
2 2108 5489
2 7418 7874
2 1186 5116
2 4984 5639
2 1136 5942
2 3784 8915
2 3686 8186
2 986 5463
2 5045 9757
2 8300 9440
2 4405 7597
2 207 4275
2 1763 1829
2 283 1442
2 744 7883
2 2078 7576
2 2945 9402
2 2454 7936
2 5802 5951
2 1088 1292
2 6788 9461
2 7648 8813
2 1097 7729
2 1138 2461
2 205 6638
2 5387 8953
2 674 6675
2 3312 9815
2 1980 6092
2 1144 8640
2 2494 7354
2 2793 2877
2 674 8899
2 1972 8206
2 5946 6208
2 4193 5581
2 7349 8839
2 241 7511
2 427 7909
2 1535 9514
2 2433 5369
2 444 654
2 2056 7090
2 6036 9849
2 5102 8119
2 1815 6304
2 472 9469
2 4520 7895
2 854 4841
2 4387 7509
2 1800 9072
2 5597 9073
2 2252 5852
2 2628 5886
2 1920 7561
2 2383 3542
2 988 2236
2 8591 9751
2 1908 4676
2 796 3344
2 5322 9500
2 123 1400
2 1596 4293
2 2956 6235
2 2076 8473
2 4400 8448
2 4181 8535
2 1371 6087
2 4232 7932
2 4732 7897
2 251 3411
2 8339 9450
2 5154 8810
2 6353 9423
2 1482 6990
2 1109 8776
2 2922 9834
2 265 8105
2 1232 5733
2 2472 6557
2 3175 9048
2 5539 6288
2 733 2625
2 4832 7733
2 2430 9436
2 2057 5903
2 4006 5842
2 4830 5450
2 3768 6663
2 2936 4137
2 2067 9326
2 1236 5522
2 2698 5341
2 4058 7076
2 1442 5527
2 3023 7332
2 1397 3661
2 49 1574
2 1092 7746
2 2114 5514
2 1538 9661
2 586 3960
2 757 2135
2 7226 8180
2 3704 9601
2 7207 9097
2 1976 3332
2 2103 7754
2 3918 6488
2 2029 9313
2 512 1796
2 946 5558
2 2729 7823
2 2783 4615
2 4786 7096
2 247 9386
2 569 8213
2 428 2162
2 2118 9166
2 1978 9310
2 3184 7809
2 5506 7619
2 3154 8160
2 7757 8696
2 6250 7919
2 244 1319
2 5411 5661
2 421 9414
2 6694 9171
2 1281 5671
2 725 7712
2 577 2121
2 6535 9062
2 1382 6267
2 2157 7435
2 3778 7691
2 4717 7219
2 1369 9247
2 5331 8934
2 3873 7961
2 7063 8243
2 4587 9136
2 7012 7406
2 371 5092
2 5820 8592
2 1017 5146
2 4059 8579
2 2298 7126
2 3437 8023
2 4909 5192
2 425 4502
2 2081 5731
2 7142 9080
2 800 8498
2 5663 9065
2 5503 6906
2 2803 6156
2 8985 8991
2 2862 5286
2 1906 4959
2 4126 5356
2 8367 9473
2 5821 7247
2 243 9881
2 7027 7258
2 2291 4926
2 1381 6863
2 6731 7292
2 663 2332
2 2473 8496
2 1708 6799
2 2780 4796
2 121 7800
2 3381 8164
2 8384 8895
2 205 8086
