4 1000 3187 3000
136 142 113
551 553 3235
865 871 5045
696 703 5112
877 881 6455
817 823 42
442 445 4229
440 446 8457
848 853 1466
174 176 6264
246 251 6480
856 863 658
399 403 2278
231 234 2581
814 817 1003
268 273 1866
355 357 423
350 354 5825
619 623 8596
166 170 6147
474 476 257
772 777 1717
927 929 7467
918 920 1937
185 190 813
225 228 5870
832 837 2173
817 820 3043
644 651 6257
389 393 1175
337 342 6601
575 579 7262
490 494 6117
607 608 5654
436 442 9135
701 705 2081
809 815 844
500 504 6810
949 952 8276
829 835 4867
177 181 6434
470 474 6510
416 420 2976
738 740 329
608 613 5683
798 802 4589
963 965 7587
505 510 3720
75 78 8829
200 207 5489
322 327 6004
851 854 4091
424 431 8062
989 995 8450
296 302 6031
772 779 7918
774 779 5169
602 604 8541
457 460 9100
40 44 5607
530 532 575
560 566 4993
443 447 5717
109 113 7630
157 162 9077
386 389 1268
392 398 3830
762 766 6845
804 808 948
280 284 7564
171 175 8832
509 514 7101
755 757 6057
385 390 2459
437 442 1476
747 751 8497
794 796 24
594 599 7989
580 584 1830
452 459 6030
242 246 3875
59 63 5652
667 669 1465
50 55 4845
616 622 8898
888 893 9621
98 102 943
864 869 3635
468 474 3682
498 502 1829
430 432 5494
587 590 2446
427 431 180
775 779 6809
369 375 311
726 731 8837
852 859 6643
931 935 1959
993 999 1261
92 98 1155
676 680 8580
110 115 6145
104 110 7431
83 85 388
366 371 512
734 738 346
320 324 9360
565 571 6582
677 682 9237
625 628 9208
752 758 8630
927 931 6092
904 911 6546
265 268 1508
741 745 8193
544 550 6484
9 12 1334
940 944 3486
685 689 4599
984 990 6555
246 249 9976
628 635 4270
823 827 7090
422 424 6316
609 612 9306
725 728 7019
598 600 3046
26 28 6160
844 848 5147
869 872 1029
534 539 901
713 717 7642
113 119 1432
583 585 599
476 482 3242
48 54 3961
24 28 9497
342 345 4300
248 252 5627
362 364 1454
241 245 5623
19 23 3683
539 540 2965
382 384 5471
458 460 9294
634 636 2190
153 158 5530
668 675 3343
688 692 4255
169 174 313
563 566 946
952 956 6023
518 520 5672
42 46 9272
324 328 6812
712 719 714
929 934 7465
970 975 3264
681 687 6982
529 533 6643
461 464 7334
778 781 219
479 483 6175
196 200 8159
62 67 230
85 89 2053
887 888 9729
185 189 6833
503 504 9551
319 321 9289
873 879 3941
279 283 5242
213 216 388
620 625 9090
127 131 6641
894 896 6328
787 791 1535
822 826 8595
153 159 9305
713 719 9104
815 818 5719
131 134 7231
162 167 1072
568 573 6404
929 933 4157
943 945 3529
192 199 411
914 917 4025
684 690 1577
812 817 3720
737 740 7518
764 769 5888
851 852 8897
432 437 3261
960 965 1128
766 771 101
213 219 1360
246 248 871
888 894 7938
109 114 4681
170 174 9571
543 546 6748
449 453 1389
897 902 9790
504 508 8929
366 368 5476
806 810 9054
808 815 2725
928 934 2097
673 677 3612
161 167 2872
610 615 591
976 982 7055
454 459 5071
94 98 3206
106 108 6956
616 621 8383
924 931 7085
370 375 3363
342 344 4275
324 331 8073
475 478 3564
225 231 6476
488 493 6623
516 522 7070
45 50 1273
913 916 4160
966 970 4329
704 709 447
334 339 5139
298 300 9905
47 50 3929
967 968 6128
567 569 717
241 246 6063
263 266 5117
780 784 1516
587 589 8092
288 292 9528
294 297 1739
374 376 8371
385 388 1451
300 306 7461
460 464 185
866 870 8781
56 60 7757
749 752 4012
946 951 8668
562 565 2621
577 581 2324
261 265 5126
279 282 4099
993 996 5376
750 752 1391
735 738 9633
6 9 9744
5 10 2655
434 439 8008
155 157 3730
5 11 9699
508 515 3876
585 588 8997
547 549 7965
904 910 417
136 143 9107
541 547 30
870 872 968
985 989 217
625 630 1243
278 282 9205
487 489 3938
535 537 7680
324 330 1402
112 116 5842
356 363 6182
606 608 2170
778 783 2340
151 152 4998
410 412 8691
847 849 7379
502 507 4221
276 282 3965
121 124 2751
603 605 3502
925 929 3782
861 865 2425
3 4 541
480 485 976
833 836 2589
241 247 1015
849 853 9275
175 178 2025
809 813 2959
589 594 9952
615 619 8869
619 621 8628
899 903 2544
149 152 6912
809 812 3254
868 874 6885
758 761 511
71 74 6239
24 30 6594
593 597 6604
372 377 3533
87 88 5123
429 435 4188
543 547 7742
274 279 7987
212 217 9723
336 340 8888
823 824 7597
623 627 4389
37 43 7226
573 579 7872
71 73 9761
364 371 6030
523 524 7962
179 183 4605
272 276 1404
343 344 3390
967 970 7754
172 177 3936
63 64 3039
916 920 1575
599 600 8862
35 39 7940
678 682 6713
522 524 487
880 887 9153
259 263 1451
875 879 8715
64 71 4219
295 299 1330
30 33 4925
548 552 6428
428 433 7466
416 422 1694
557 561 3136
936 942 4302
842 846 7376
508 513 2836
789 795 2812
463 466 5004
401 406 698
768 774 6704
589 595 1028
806 809 6787
558 560 1273
244 249 4280
946 949 7870
221 225 2520
80 85 8127
692 698 8975
649 652 4753
147 150 2998
898 900 659
339 340 7514
423 427 2155
869 874 3640
801 806 1060
639 643 3951
600 604 6223
938 940 4068
843 846 7500
471 473 4907
415 418 5061
575 578 7300
489 492 5107
751 755 8203
776 783 2221
776 781 5221
237 241 2036
166 169 5957
393 399 9257
945 950 5805
496 503 8247
348 352 1799
769 772 5117
687 688 4775
88 92 6290
446 448 2618
238 241 3479
463 464 9887
117 123 3061
685 690 5841
574 578 5970
263 267 3836
697 703 59
481 487 6941
481 484 5251
666 668 5444
638 642 2253
125 129 789
601 605 2998
219 220 2518
491 493 827
691 694 9437
906 911 3446
921 927 1261
746 748 5350
916 923 4711
470 473 2363
611 613 5770
613 616 5991
28 33 8307
245 250 8735
404 410 4423
592 599 5532
937 940 2897
236 242 6121
163 166 640
917 920 3771
607 611 7314
99 102 1786
784 791 6066
17 23 8270
947 950 1226
97 102 7279
17 21 184
305 310 852
144 151 8803
803 807 7803
793 796 650
237 243 4123
808 813 7167
457 463 2599
770 774 8322
247 248 1183
627 631 365
862 867 9249
69 73 8500
181 184 8765
685 688 168
795 796 8719
777 781 9850
436 443 3312
935 936 2280
839 841 5447
338 340 7312
391 393 6054
340 346 9731
874 878 6188
525 529 8332
614 616 3342
245 251 970
602 606 2697
403 406 8179
67 68 6337
862 864 4496
293 297 7685
382 385 5624
847 850 554
161 165 2395
309 313 8110
340 344 9921
900 905 998
970 974 1964
706 711 1784
577 582 940
323 325 561
610 613 9580
477 480 6079
226 231 2273
292 299 1535
744 750 3432
825 831 2790
334 336 6938
885 890 9653
707 710 9093
670 673 115
302 306 3567
272 279 1169
923 925 4499
840 844 8498
344 348 5027
692 699 4979
731 733 3888
103 106 8056
79 81 908
386 388 9474
898 903 4916
86 89 150
746 749 7909
319 320 9670
865 868 6296
265 270 7366
393 397 3323
947 948 235
96 100 1752
620 626 9963
519 523 9973
107 111 3557
843 844 1209
729 733 3803
694 697 46
211 213 3024
55 56 593
446 449 5718
883 886 1302
292 298 2216
306 309 5058
291 294 1677
326 329 8356
67 70 8853
792 796 6445
75 79 8174
472 476 5716
456 461 9946
256 260 1302
255 259 4117
360 365 2312
879 881 436
588 592 5898
694 699 4614
428 434 324
764 768 4027
204 209 5787
262 264 1463
847 848 5097
459 460 7836
747 750 2638
212 218 4152
792 799 1062
752 756 9292
125 128 4890
294 296 8937
785 789 9829
963 964 1678
989 993 1897
731 732 2285
515 518 5229
733 739 77
975 978 7087
338 342 4095
165 171 7797
601 604 6314
860 865 8217
929 932 6852
512 519 2493
924 929 8047
938 942 4937
773 779 8959
4 10 1157
272 277 2962
789 794 3349
680 687 2683
469 474 1816
553 558 4061
210 215 2224
333 337 2237
797 801 5421
566 571 6427
424 428 7176
850 854 2624
832 839 8902
183 185 1069
775 777 6776
574 577 4274
502 504 1893
525 531 1870
268 274 8261
170 172 1689
183 186 220
429 434 4363
464 468 4084
780 785 6798
961 967 4800
881 887 5728
148 155 8284
217 221 8531
313 317 1880
448 453 9324
699 702 4694
262 265 96
473 476 9999
56 63 4761
380 387 1229
194 197 9798
372 378 5350
232 237 4161
419 422 7888
632 638 6973
419 423 739
365 368 6513
133 139 461
152 156 5374
94 99 5590
501 504 5775
433 437 2044
627 628 1971
105 108 2878
683 687 2275
182 186 8123
568 574 5170
844 850 7936
941 947 4052
500 507 6977
826 828 8539
338 341 5274
703 704 5418
59 62 9858
128 132 7180
15 18 9014
968 973 4414
646 650 4104
529 532 8578
353 356 7934
878 882 7144
541 544 3951
994 997 3944
777 783 5901
497 502 9713
689 695 1688
873 878 9933
888 892 5873
437 440 5315
485 491 3176
227 230 7676
352 359 5273
365 371 9160
788 794 5350
190 194 46
892 896 2103
388 393 7154
269 272 6652
598 601 4058
903 905 1052
401 405 4992
315 319 6710
287 289 1459
399 402 2511
573 577 9609
296 303 2525
906 909 9020
434 436 197
36 42 4981
637 640 4821
463 467 1283
781 785 8657
551 552 1537
786 791 228
208 214 2984
123 127 2394
151 154 6388
357 362 3294
137 141 4685
680 686 1064
120 124 2447
797 803 2769
32 36 7192
691 692 24
173 179 891
716 722 7200
948 954 7522
564 570 4184
741 747 856
207 209 8279
616 620 6525
27 31 462
513 519 4157
408 414 8345
284 291 7119
663 664 224
893 896 2943
526 528 9856
637 641 6029
937 942 6183
588 593 7422
140 144 7215
671 675 81
792 797 7964
633 636 5122
874 876 918
60 64 4559
281 284 2509
430 434 7413
426 429 2042
108 114 7523
218 222 797
650 653 3967
464 470 5690
350 355 1645
63 67 3680
785 790 6701
484 490 8811
986 990 817
230 232 2035
181 187 8044
431 435 9313
41 46 3213
660 664 8582
883 887 3963
216 223 3209
239 241 5247
688 695 3456
158 161 9955
455 459 5542
632 639 2966
563 564 2582
57 61 9346
949 955 8546
681 684 6993
291 295 1579
709 712 5142
673 676 9037
795 798 1069
908 915 6944
132 136 2388
419 420 8214
773 778 7656
386 391 3159
910 914 2221
442 446 9676
578 580 7402
366 369 4772
714 716 9538
337 341 9777
349 355 1916
942 947 7159
678 680 4849
530 534 1786
129 134 7202
195 197 818
137 142 6986
650 655 4219
939 942 4164
214 219 1827
307 311 5998
982 987 4236
285 289 2384
12 19 2696
889 894 6549
901 905 2033
283 285 4857
332 339 7512
653 656 488
723 724 2254
839 842 8737
673 678 5083
522 526 7998
913 918 5900
603 607 3051
881 884 7670
639 640 4147
268 275 3319
467 471 9592
361 366 1276
446 450 6369
886 891 4008
890 894 1231
606 609 5031
431 432 7409
886 890 8541
570 573 8406
661 665 1891
976 980 7248
101 104 3612
165 170 6569
782 787 8172
853 859 7908
858 860 1850
560 567 885
200 204 1972
767 770 2742
433 438 5927
377 381 2430
143 147 8897
93 98 4812
418 421 3990
313 319 6961
932 939 1000
67 71 7657
265 269 2445
400 404 9353
869 873 3239
508 512 3751
18 23 4985
137 143 9199
893 899 7983
987 989 4345
840 847 1949
682 685 2893
819 820 6323
483 487 8589
465 471 1741
743 744 8748
379 382 1256
854 858 3287
450 455 2381
712 716 9021
510 514 319
880 884 593
412 416 8702
779 782 5657
415 419 2082
951 953 9975
126 128 1163
654 657 5859
143 145 4438
121 127 3796
95 99 9592
686 689 8743
501 505 2113
689 693 13
424 430 8899
661 667 7363
643 647 5726
725 729 7748
777 782 7626
913 917 4728
223 225 4929
54 59 1121
696 701 4627
726 729 5526
443 444 2748
161 166 7236
849 854 6899
540 544 9607
226 229 389
736 740 3308
595 599 6544
860 866 6549
55 59 9349
992 996 1759
249 254 1650
21 27 7917
832 838 5021
628 632 2570
247 249 146
935 937 7009
877 880 7850
202 204 8464
275 277 4022
96 103 2867
572 576 3980
546 548 1388
482 484 8407
812 819 1693
72 79 5832
833 837 175
989 992 6330
306 310 7839
76 83 8116
258 263 4158
129 135 4136
339 343 8237
118 123 1217
768 773 7677
969 974 8661
965 971 8355
499 501 6628
558 562 4870
809 814 1067
523 526 3595
86 91 4289
332 338 9861
991 995 5672
749 754 5578
156 161 2409
749 755 9356
58 63 1041
734 739 9039
873 876 8894
983 986 101
922 924 6382
742 745 3593
256 262 4719
378 381 8171
962 965 7878
96 101 3032
502 505 6560
334 337 116
150 155 8422
836 842 1047
814 818 3667
309 312 6290
754 758 5603
261 267 465
102 105 5394
524 529 3363
165 168 721
336 343 2009
223 226 6396
38 42 7879
23 27 5510
236 240 2687
354 358 2367
468 472 6020
375 379 3353
470 475 3898
538 543 8301
336 341 5900
304 308 7276
776 782 4409
517 520 6744
872 878 4710
867 871 6327
439 443 1021
455 457 648
622 625 9749
948 952 3736
163 164 1829
175 179 4871
500 505 3712
480 484 5039
284 288 5531
744 748 3836
326 328 4111
330 335 7704
235 237 2135
171 172 4236
828 832 2182
53 59 2354
601 606 4064
231 233 4260
786 789 970
333 339 349
13 19 1343
884 891 6118
42 44 5340
12 18 6445
75 76 6166
796 801 3851
564 569 9873
655 656 4465
243 244 4862
276 281 9261
831 835 3703
834 838 4237
895 899 4793
555 558 500
711 714 3176
278 280 3524
113 118 3444
840 846 1863
824 828 8577
439 440 9472
186 188 1902
981 984 518
25 28 2277
234 237 1759
577 583 6805
5 8 3648
394 399 811
583 586 408
596 600 23
483 486 8012
681 685 9907
303 307 4681
94 96 2597
414 419 4527
554 558 8785
204 208 4364
0 7 1862
224 229 4423
341 345 8203
519 522 8402
841 845 5263
542 545 6049
764 770 7993
683 685 705
116 120 5070
830 834 305
185 191 9299
18 20 6782
402 406 9641
260 264 3219
58 62 7067
955 959 2098
524 531 1399
964 969 2954
140 145 911
182 184 3605
690 694 2176
99 100 1139
810 812 1868
358 363 5462
571 572 478
489 493 2868
377 382 3393
304 310 7391
282 287 6030
799 803 2631
550 555 1316
261 264 1412
994 998 7405
830 835 9181
651 653 4023
269 273 5308
870 874 1867
964 971 9109
92 96 190
979 980 9342
197 203 1056
400 407 2572
252 259 6393
378 382 4948
426 428 8773
403 405 5816
51 53 6117
624 630 8267
383 384 3194
918 921 361
148 152 5555
686 690 2050
746 751 466
705 709 6725
805 811 4747
350 352 1375
99 103 472
880 886 4924
247 251 1737
784 790 6607
660 666 4887
461 467 6509
797 800 5658
922 925 499
516 521 6757
642 645 2172
154 158 8848
136 140 8320
696 700 9138
103 105 438
50 53 4617
11 14 5355
87 90 1441
931 933 1685
474 477 9639
772 778 7082
468 473 6632
15 19 426
122 125 3593
208 215 2690
545 551 6115
921 925 8171
190 192 1238
828 834 7868
376 382 2066
523 527 8713
456 462 5327
220 226 6159
774 778 8968
499 503 4098
8 12 908
827 830 8799
860 864 1568
200 206 7467
765 769 6056
65 71 2058
142 145 8168
507 508 6931
670 674 7473
521 527 1630
90 95 3588
31 35 2457
176 183 5391
888 895 2252
184 188 1506
654 656 4889
570 575 7716
391 392 4539
231 232 5720
478 480 4893
561 566 8123
731 735 4582
425 431 931
700 707 8438
991 994 6300
93 97 4445
292 296 3352
672 677 7387
515 517 8994
917 923 9728
975 977 923
197 200 7417
307 309 423
493 497 8005
297 303 2901
986 988 4492
709 715 1144
807 809 8652
120 126 8847
532 538 1992
205 208 5116
83 86 940
184 191 6710
6 11 5554
462 465 3203
908 913 5855
71 72 1951
944 949 3057
579 581 5994
565 568 5271
939 943 4495
632 636 7098
358 361 7327
821 825 562
384 389 444
160 164 581
905 910 9253
83 84 593
155 158 7884
205 211 1871
239 240 7104
822 825 9450
431 434 4080
416 423 8392
239 242 9574
389 394 9193
45 48 7130
229 232 4421
217 222 7378
197 201 9677
423 424 808
754 757 5895
489 495 2308
680 685 1245
761 765 6223
876 881 5530
812 816 3532
137 140 9410
591 593 4106
714 719 4589
432 438 6673
457 461 51
274 276 8082
553 559 6155
783 787 9025
154 159 5107
652 656 4935
250 253 5967
191 192 5416
889 892 3988
536 540 2646
569 572 5376
545 550 9562
171 174 9465
329 335 7489
605 609 607
495 496 8930
763 766 1537
383 385 3250
248 253 3926
95 96 9045
971 975 1222
201 205 158
764 771 658
369 374 5208
837 841 8065
427 428 7527
283 284 5729
957 962 8792
981 987 6009
321 326 160
432 439 6114
73 76 2242
30 32 1307
576 580 2473
43 46 4262
250 252 4372
251 255 5644
649 653 8146
886 889 5496
799 802 9669
74 76 5619
430 433 2258
910 912 8498
596 603 6365
649 655 7002
954 956 205
375 376 1443
534 538 2627
168 173 137
253 258 5523
373 376 544
668 674 6105
358 360 4357
519 520 6139
66 69 138
659 660 3943
141 144 9885
719 720 6057
93 99 7810
395 399 16
142 144 4374
79 82 8024
224 228 1956
38 40 7072
767 771 7081
755 756 5363
985 990 3714
232 238 886
408 413 4779
487 488 101
490 493 7223
991 993 9070
949 953 3132
347 348 6330
500 506 6400
835 836 799
153 156 4679
271 275 3018
147 149 3534
697 701 8533
312 316 6095
320 325 7445
710 714 8200
6 10 4798
842 847 8972
503 507 7325
368 373 9957
78 83 3829
571 573 7529
462 464 6462
444 448 8489
819 822 4404
824 831 9737
155 156 7855
427 429 1995
483 484 6489
886 888 4419
968 974 958
572 579 9167
191 194 5701
449 452 1910
106 110 8577
304 309 6601
902 907 1221
859 862 6913
233 237 4221
39 43 6
754 756 1682
633 639 8437
631 632 355
615 617 7661
757 762 186
236 241 5483
196 201 577
313 316 5427
955 957 9162
757 763 5741
596 601 7782
568 575 5813
717 720 4591
198 203 110
410 414 3705
471 475 9337
314 317 1478
587 591 7599
615 618 7697
924 928 9846
535 539 1639
875 876 3235
215 217 670
892 897 8701
396 400 9665
708 715 7958
434 437 4582
813 819 7822
392 399 4688
240 245 3555
492 496 8570
502 506 8131
193 198 3781
875 878 8556
913 919 6805
926 931 7740
257 263 6624
933 936 8065
947 951 7101
281 286 7861
74 79 9664
564 568 9
299 303 6686
256 261 1576
604 610 1517
184 190 6293
277 283 8225
589 592 1492
941 944 1443
199 202 9111
427 430 7167
761 767 9960
943 944 2035
57 60 2863
816 823 2805
455 456 1216
404 409 8625
221 227 4145
783 786 611
892 899 4602
1 5 5823
241 244 2996
402 407 2774
351 353 7534
547 548 1444
845 850 1909
994 996 7051
510 513 8718
518 521 6785
188 193 3765
748 754 3516
693 698 5897
443 445 1004
742 744 6463
76 81 538
433 436 8023
680 684 1101
398 402 8535
146 149 6151
852 858 9227
162 165 2118
541 546 7274
593 598 1560
186 189 4065
222 227 7099
561 565 7981
469 472 7472
412 419 7181
363 366 446
302 304 3805
598 603 8794
342 347 1953
608 614 6519
638 640 2102
804 811 3251
452 458 8669
260 265 3346
538 541 8170
590 593 7032
887 889 38
309 315 279
198 202 4631
940 946 3259
537 543 9162
232 236 4971
496 501 2252
255 256 5351
622 624 1918
973 976 2615
653 657 8468
664 669 1435
436 441 226
282 284 6175
803 806 3962
621 625 8311
665 671 2879
585 589 1379
712 718 9967
329 334 2835
738 743 3799
206 211 3602
920 926 8041
969 973 5185
57 63 2155
90 92 7555
459 463 4806
11 15 7232
549 554 8807
879 880 6688
760 764 9095
37 40 7807
899 900 8798
728 734 2392
46 51 3466
182 185 6763
157 160 5489
520 527 5086
794 799 5662
421 425 4135
739 742 9007
514 516 2819
752 757 5028
766 768 1124
706 708 3398
983 985 4228
861 867 5150
381 387 183
250 254 4865
458 461 4002
652 657 270
959 962 8358
164 169 2096
646 648 5165
673 679 3041
84 88 2725
776 780 871
210 212 2162
408 415 8580
264 271 6760
835 838 8231
967 969 4079
27 28 8957
521 526 1132
829 834 5559
814 819 2135
133 136 4031
407 409 889
403 407 1436
264 268 9197
702 706 3143
933 937 8712
203 206 3601
956 963 2985
475 477 1807
618 622 6248
957 961 9521
286 288 6215
382 387 7640
801 804 4552
802 807 1947
392 396 5115
306 308 1891
495 499 2296
979 981 8830
10 14 3095
89 94 6027
450 452 4985
13 17 2328
124 130 1801
102 106 8287
667 671 5972
118 120 7360
853 856 2225
657 663 8222
768 775 4726
360 366 9004
570 572 271
553 557 7259
640 645 2179
938 943 1533
53 57 3884
90 94 6016
316 323 610
114 118 7276
425 429 7271
597 600 9305
811 815 6287
825 830 8868
575 576 204
141 147 2217
596 602 6226
796 800 4577
74 78 6115
391 395 7832
310 314 3199
10 15 9227
722 727 1996
2 5 1998
38 41 1137
118 121 5106
259 260 6744
58 60 9807
790 795 6716
5 9 7901
438 440 1182
413 419 1533
791 795 2115
445 450 3539
240 244 6504
213 217 6590
758 760 9925
780 787 3531
973 978 6507
610 612 3081
198 200 2247
420 426 8917
492 499 1147
592 597 8947
289 295 5748
971 972 5575
564 571 5857
980 984 4732
493 499 4996
295 297 6263
120 127 2981
464 469 3088
969 972 3866
419 421 8047
201 207 3817
447 450 5214
355 356 782
657 660 60
958 961 7710
321 324 8563
291 292 5296
695 696 9601
160 166 1847
986 989 9450
32 38 1277
773 777 5846
982 984 660
735 736 4039
820 825 2141
25 30 4455
674 679 1221
805 808 4429
865 869 6403
60 67 2146
670 675 8139
951 955 4455
70 74 6951
832 836 7819
577 580 7300
411 414 3861
943 946 2308
796 802 13
937 943 5592
40 46 1958
645 648 5075
132 139 1913
207 210 2913
401 404 6221
27 30 7826
790 793 6014
36 43 6377
853 858 2219
737 743 5487
67 69 3399
100 106 1168
687 690 4761
348 353 2710
908 912 1123
800 805 5361
271 273 3788
122 126 3452
889 893 2515
527 530 425
750 753 9478
63 66 2538
215 218 2121
109 115 1712
907 911 7686
325 329 6568
452 456 9682
692 696 7944
100 107 2439
637 642 3858
145 151 8843
80 84 6897
138 142 2103
422 427 8166
283 286 796
516 523 872
561 567 2539
676 683 6790
365 370 8594
554 556 6015
662 667 6447
311 312 2087
56 61 372
166 168 7745
470 472 8941
57 62 1453
639 641 3462
770 772 559
901 904 5505
217 223 3036
460 466 21
221 224 6649
26 30 87
173 177 3763
339 342 646
315 316 6551
253 257 1159
222 226 5366
58 61 3665
298 303 9086
769 775 2951
547 550 1880
312 317 9369
110 113 4637
113 116 5514
746 750 4637
451 455 1415
862 866 7695
894 899 9364
899 902 87
756 763 1295
447 448 5610
711 712 2341
238 243 2224
111 115 7014
11 12 6326
723 726 6137
174 178 6648
303 304 1984
215 216 6727
174 177 6253
910 915 2914
176 181 5471
818 821 5682
49 52 2143
408 412 9956
240 247 159
399 401 7808
879 883 2762
897 900 9406
494 496 1379
542 546 2023
227 228 6443
359 363 7698
291 293 5681
984 989 6593
984 991 9703
16 22 1005
125 131 6620
14 18 1373
280 286 830
682 684 8654
810 814 4281
209 214 7652
4 9 2035
293 299 4547
287 291 3756
359 362 4500
793 799 8594
146 148 101
220 225 8661
572 578 1255
212 216 5918
542 547 4485
531 534 2231
677 681 3926
353 359 1914
942 945 8963
294 299 785
265 271 8518
719 721 6924
167 171 72
942 944 6858
454 457 6218
214 218 8362
484 491 256
923 926 890
395 396 9611
168 174 8974
857 861 6094
743 747 749
758 763 3753
383 386 5755
211 215 762
373 379 1965
600 606 2451
445 451 2695
609 613 6313
35 37 7664
475 479 1793
82 84 9935
50 52 5161
848 855 5647
658 663 3148
555 557 3240
627 629 3317
119 122 6806
971 973 5097
483 485 80
961 964 2825
78 80 1204
54 56 2197
106 111 8670
139 143 6938
332 337 4486
29 35 9737
635 639 2777
410 413 4443
225 230 576
62 64 9693
98 103 8420
177 182 2757
499 500 3065
513 517 7966
669 674 6562
337 340 8987
78 81 7790
68 73 5848
856 862 697
469 473 7414
219 223 5895
823 826 3343
10 12 3345
633 638 6634
251 254 2841
701 707 3845
225 229 4325
935 938 3044
245 249 6374
624 631 9951
328 333 8748
14 19 8351
573 578 6811
61 67 391
866 868 2711
88 94 6027
815 816 3853
161 164 2273
511 513 5462
411 412 6613
444 450 2679
557 562 8416
923 924 6365
605 608 3578
968 972 186
409 414 464
547 551 750
504 509 2756
771 774 7003
328 334 6139
308 314 818
52 58 1720
778 782 6905
101 106 838
490 495 118
418 422 6956
23 25 2856
505 509 4593
228 232 4918
920 927 438
474 478 1598
729 734 1578
29 34 9637
775 778 9346
206 209 5164
816 822 5548
289 293 1519
761 764 1384
703 706 7352
254 256 3317
410 415 3331
190 193 3976
974 978 7746
658 660 9896
816 821 438
196 202 2853
532 539 4361
900 906 2840
503 506 9801
394 396 1878
448 455 266
800 804 1290
17 20 7341
254 258 135
800 806 4588
724 730 8875
199 203 909
964 968 8307
916 921 9698
213 218 89
370 372 7958
682 686 1616
465 468 7341
43 45 5191
230 235 9620
850 855 9916
605 610 4511
35 38 799
405 408 8013
228 234 7174
735 737 4608
311 313 3729
504 510 2074
381 386 1382
420 424 120
452 457 7810
34 37 7097
9 14 4616
817 821 9772
966 968 8308
80 86 9456
882 885 1389
987 990 1614
226 228 4894
622 626 5006
49 54 9359
130 134 3438
257 261 9682
590 592 3929
345 351 3174
900 904 619
361 364 6896
748 753 3069
134 139 8001
357 361 5040
628 633 8639
347 349 3717
54 57 3052
18 21 2221
526 531 765
990 995 9986
643 646 2395
486 488 6220
308 312 7267
20 26 628
877 882 2517
579 582 9718
747 748 4747
944 948 1147
556 563 3632
550 554 6548
797 802 2516
488 492 6763
110 114 5899
642 646 6404
654 658 2116
476 483 9734
510 515 4000
915 919 6784
629 632 8432
73 78 3503
935 939 1230
548 554 3097
766 770 8346
374 377 7464
871 874 9155
376 383 2855
261 266 5438
77 80 5512
515 516 566
412 417 3449
486 489 8162
333 336 5578
310 315 7426
946 950 884
922 926 1453
600 605 5055
843 845 4268
131 135 123
760 767 9260
394 397 7024
249 253 373
762 765 3018
615 616 1385
95 98 8838
434 438 3985
741 746 2655
934 939 1408
438 443 7456
286 291 9236
313 318 6358
560 565 5804
112 118 4493
327 330 4417
636 640 1016
584 590 3957
34 36 2351
275 279 637
48 53 6244
472 478 4440
337 343 1834
891 895 6774
362 367 8910
311 314 9311
478 483 5491
755 759 6398
118 122 4546
355 359 370
556 562 5515
481 486 3057
830 833 4236
64 68 7692
782 784 2950
531 535 9031
453 458 4690
78 82 1381
126 129 5888
33 37 7029
898 901 1600
774 776 4611
667 670 3241
301 304 6145
982 985 9883
896 901 8034
54 58 4086
763 765 8469
447 451 6568
343 347 1531
912 916 5406
881 885 7472
335 338 131
567 571 4009
556 560 5743
918 922 6720
708 714 7081
314 318 704
305 308 4211
450 453 7322
554 557 8162
751 752 8812
210 214 7844
264 270 9922
767 769 6002
418 423 9241
49 55 4268
936 943 6071
258 261 6787
737 741 8398
960 967 2627
390 395 1091
983 984 9742
798 803 3415
760 765 828
344 351 9098
787 788 949
39 40 977
28 34 9396
839 840 613
424 429 134
932 936 5960
243 247 1305
910 913 1842
501 506 2520
879 882 4404
972 979 4902
346 350 7026
821 826 6749
929 935 4673
449 455 729
581 584 4159
466 470 9231
138 143 9366
807 811 3778
937 941 7470
286 290 8045
859 861 5512
133 138 9752
352 357 2343
682 687 7622
477 481 2730
477 482 4213
108 112 2417
897 901 938
831 833 3527
644 650 2121
494 498 8286
686 688 3373
167 170 4668
520 524 4656
297 300 1146
566 568 2958
491 494 2498
751 753 9130
0 4 8100
718 723 5304
368 372 9223
48 55 4580
626 630 979
498 503 769
953 959 6165
893 897 9042
631 633 1271
701 704 5801
761 766 2397
792 798 9913
907 910 2889
586 591 8757
209 215 944
967 971 4442
613 619 1303
908 914 4448
708 713 7873
340 347 8521
835 837 801
794 798 2520
869 875 8896
165 169 9791
518 522 3033
332 336 8518
510 512 8764
203 205 9593
871 873 2735
365 369 5020
618 620 3162
537 541 9852
330 333 3619
925 928 6025
647 648 7329
450 454 4288
39 42 3935
995 999 3885
469 475 4864
916 922 8544
788 793 7915
516 520 8407
645 651 4377
175 177 7460
824 829 1160
344 350 1146
438 442 2031
443 446 8013
92 97 8801
145 149 1932
293 296 7352
220 224 7540
807 810 4780
745 749 884
638 643 4918
684 688 7240
831 832 6263
965 970 2171
834 839 1808
641 647 702
121 126 3165
778 780 5716
928 933 4376
310 313 6673
363 364 9569
785 791 2249
868 873 5883
972 977 1046
254 257 8105
902 904 8899
762 764 1242
242 244 2907
659 662 3386
744 749 9525
485 489 9257
918 923 2562
662 666 9439
277 280 7179
36 40 6884
387 390 9658
33 36 7998
364 370 841
154 156 7528
813 818 633
782 785 1386
371 373 6031
404 408 9671
790 792 1697
657 662 5971
170 173 1188
33 39 3281
538 542 1329
667 668 1113
497 501 2592
607 610 9222
948 955 5570
496 502 7357
372 376 8356
687 691 4525
695 698 6562
286 289 8932
359 361 3635
81 84 4421
930 934 3480
354 359 2341
677 683 6444
961 966 6282
441 444 2202
176 182 6254
938 941 3931
12 16 1428
768 772 9595
357 360 148
968 975 1421
513 516 7057
392 397 2530
215 219 138
84 91 452
878 883 3315
285 288 2012
445 448 3838
205 210 8765
478 482 4661
216 220 5834
859 863 46
841 847 4925
4 8 6529
320 327 4757
592 596 9508
380 385 4062
451 454 5430
307 308 5002
562 567 938
674 678 5100
683 684 2142
574 579 5556
188 192 5345
101 107 664
37 41 3077
152 157 2536
533 536 8239
944 950 7267
273 279 9992
272 278 2238
705 710 108
589 593 7856
208 212 2400
387 388 3378
327 331 9736
498 500 4456
931 932 9965
204 211 3877
299 302 7314
726 728 8648
552 556 4483
367 371 7662
20 24 660
358 362 3475
626 629 4342
402 405 3042
572 577 2054
718 721 487
551 554 3488
520 525 4154
433 439 7475
814 816 9369
384 391 5428
688 694 7739
681 686 8026
220 227 9697
299 301 908
89 95 3533
965 968 3322
658 662 8123
179 180 1546
739 741 1612
979 983 5608
861 864 5832
957 960 8471
772 776 5130
753 758 1170
123 125 8054
114 119 8092
45 51 5714
566 570 317
727 729 2028
894 898 304
350 353 2772
559 561 7448
885 888 7491
136 141 370
390 394 749
248 254 1952
144 148 7933
826 830 6197
941 945 4865
650 654 3050
860 867 4632
642 644 2376
178 183 8820
191 193 3358
942 946 7140
287 290 6343
756 761 5416
331 332 6139
379 383 9632
679 681 8185
376 380 9003
664 670 4378
933 938 5350
527 531 9443
92 99 2918
173 178 1919
413 417 327
733 737 1323
665 669 7323
701 706 9443
480 486 9668
921 926 9678
267 268 9270
693 697 8107
325 331 2733
276 283 7185
180 187 9038
847 851 5489
896 902 1936
129 132 6101
44 51 8629
150 154 1533
786 790 6003
836 840 2294
454 458 7655
857 863 3038
668 672 8301
693 699 8040
167 168 5757
795 797 1029
269 274 3947
679 683 4086
268 272 4940
532 537 2345
328 335 5140
290 292 6371
867 870 9286
640 646 9585
725 731 5448
824 830 1001
280 285 5271
425 430 114
750 755 7113
574 576 4205
707 709 4511
721 727 5462
179 182 6159
159 162 3839
791 793 1312
551 555 2514
85 88 1612
22 24 878
142 147 5805
47 49 2460
205 209 4631
77 81 7437
461 465 7687
107 110 1956
331 334 2371
567 568 9384
710 713 8652
486 491 750
304 311 5083
100 104 997
60 65 9922
176 180 505
594 597 7274
666 669 9936
641 644 5667
378 380 7008
172 176 6251
160 167 3564
549 553 7563
511 515 5576
580 586 9135
103 104 6987
576 583 3957
9 15 243
349 352 5522
325 330 3327
458 463 7601
46 49 2979
740 745 8760
678 681 3574
2 6 2640
34 39 2340
263 265 1839
920 925 6613
197 202 4223
904 908 4145
697 702 1727
609 614 289
593 599 8080
235 239 7228
647 651 6028
279 281 8793
885 891 9264
385 389 6581
583 587 1993
640 647 4106
229 235 8259
958 963 2075
417 422 8953
79 83 5686
614 618 6075
562 566 4954
394 398 9678
499 502 1573
662 664 878
104 108 3730
883 885 8289
156 163 9747
671 672 8656
107 108 3229
657 661 5581
302 307 6996
911 912 4536
616 623 9362
71 75 558
453 456 3197
779 783 2092
850 853 8857
97 103 1957
234 236 6000
738 741 2210
730 735 4129
887 890 1309
168 172 9151
874 877 5461
14 17 5714
717 722 3727
707 708 209
597 603 5389
442 444 3292
905 911 9671
148 154 1699
709 714 7678
316 322 6638
610 614 6086
76 80 2244
952 959 3845
448 454 6184
629 635 7216
138 140 5936
301 305 6447
773 776 6803
266 269 6610
119 123 7285
722 725 290
476 480 7663
13 18 8811
152 159 7748
584 591 6352
479 482 9274
905 908 214
894 897 2712
94 97 8469
231 235 9337
699 701 3112
91 94 7364
256 263 3286
779 780 7836
943 947 3019
719 723 2543
444 449 6886
719 722 1790
878 880 1639
504 511 2151
770 773 775
733 738 7292
472 477 6329
453 459 2975
51 52 257
523 525 8298
543 545 4227
898 902 4042
222 225 9949
552 559 734
559 560 7075
612 616 7379
7 9 7769
580 585 4373
498 501 4741
896 903 5968
559 563 5570
218 223 4767
819 821 1020
525 530 2470
430 435 2728
815 817 3065
757 761 5388
481 485 7337
915 918 863
816 820 2215
399 400 3781
467 470 138
281 287 68
489 494 8542
484 489 8777
292 297 437
229 233 1956
297 302 5039
480 487 7881
715 719 3512
811 812 8911
845 849 5240
397 401 6084
306 311 2175
435 437 7981
240 246 5996
177 183 2357
611 615 441
389 392 465
156 160 3325
262 266 4859
690 692 6648
400 405 3268
736 741 5280
649 654 1611
122 124 1732
566 569 6023
102 104 4622
903 904 3388
895 897 4526
904 909 5198
97 101 2526
838 843 3332
933 939 2409
769 774 5973
310 312 474
414 416 4542
919 922 9250
857 860 5022
576 581 3959
346 348 8816
846 851 1849
620 624 5613
582 586 153
507 511 2741
275 278 321
724 728 2002
783 785 4608
921 924 7958
41 47 8582
648 652 384
100 105 964
62 65 6097
593 596 864
748 752 7410
527 529 7256
458 462 5401
277 282 2424
326 330 8249
397 402 7352
189 195 7640
846 848 4192
242 247 4153
32 39 7943
619 622 2007
945 948 4983
856 860 3117
115 117 5123
479 480 3819
12 17 8134
110 112 9552
871 872 6242
890 895 7952
806 811 257
850 852 3810
619 620 9303
178 180 7728
416 421 6745
826 829 9713
954 957 2806
909 915 6736
244 250 6196
230 234 3087
56 62 9681
936 941 6608
992 999 7718
724 729 973
714 718 8086
743 745 8677
605 611 3458
345 350 1444
709 713 6340
665 670 1766
104 111 4786
923 927 8848
115 118 8436
494 497 8092
912 918 461
178 181 8536
111 114 9522
128 134 4385
281 285 6873
941 946 2756
182 187 3259
953 957 4595
895 898 8185
134 138 7612
191 195 5758
721 725 5510
493 498 1231
957 963 4970
903 907 6523
404 411 3839
811 814 4897
822 824 7067
877 883 8426
89 93 3322
224 230 4047
977 983 415
164 168 2923
870 875 6748
644 648 9627
900 907 1583
467 469 5222
684 691 4003
456 460 1788
604 609 4392
22 26 5745
181 185 1874
255 258 9970
226 230 7808
385 391 487
303 306 2884
781 786 3137
852 857 100
531 532 4694
534 536 749
303 305 3828
103 107 2778
76 82 3200
406 409 8605
402 404 2744
154 157 323
794 797 7662
89 92 4908
934 936 5515
973 979 4582
884 890 8420
474 479 6022
354 356 7159
397 403 6209
694 698 9718
194 199 6754
535 538 5349
302 305 8794
856 861 50
925 931 5357
185 188 1953
352 356 4530
31 32 633
745 750 5861
143 146 8507
70 73 6380
364 369 8
641 645 8700
846 850 3832
928 932 5491
468 475 1411
533 538 2174
207 208 1812
723 725 6442
102 107 9132
482 487 6099
464 471 2954
883 884 7513
757 760 8029
162 166 62
506 508 4320
954 959 9627
812 818 7563
841 846 9501
774 777 8186
362 366 6848
440 447 4192
855 857 3295
690 695 4200
834 836 8371
732 739 1595
864 868 6221
671 674 4209
960 966 8682
146 151 5230
123 124 6434
1 7 2832
374 379 5400
914 916 7757
954 958 4487
29 32 614
85 90 8828
842 844 2651
21 24 1269
340 345 8870
909 912 8545
704 710 3178
541 545 5641
664 671 3587
503 505 8353
753 757 4303
360 364 8442
290 293 129
438 441 6601
972 978 7059
8 13 2754
858 861 5532
959 960 2552
595 597 8464
449 454 2791
575 577 9407
663 665 5589
0 5 9271
590 595 629
377 383 7586
798 801 8810
810 815 1573
635 638 7620
234 239 8827
658 661 3364
39 41 7046
422 426 9638
348 355 8682
479 481 4690
917 921 7816
537 540 2570
802 806 8707
359 360 1132
199 201 9186
364 368 8887
611 612 7638
157 163 2252
465 470 2650
569 573 5005
328 332 156
3 5 9068
868 875 8744
49 53 3503
642 647 7238
739 740 8838
546 550 3170
180 184 5661
420 427 9935
720 724 7997
494 499 3963
125 130 7943
314 316 6017
697 700 9040
409 413 1916
548 555 4165
978 983 5545
239 243 7859
705 708 2467
270 272 4012
845 848 5582
557 560 8154
506 509 4270
259 262 8210
335 337 6637
867 869 5428
496 500 8226
219 222 6625
813 816 7754
545 548 3358
390 393 5000
950 954 3224
728 732 2058
950 955 3481
82 85 6071
322 326 3684
228 235 3479
126 131 3902
169 172 2575
844 849 5836
375 377 3307
643 644 9513
735 739 2807
512 516 1761
854 857 3978
517 521 3635
651 652 9746
846 849 3394
887 891 6456
376 381 2915
253 256 7202
926 929 5631
584 588 542
192 198 8260
440 444 9118
287 288 1555
599 603 968
111 112 8838
88 95 3520
992 998 162
41 45 9778
21 25 5185
621 627 6093
688 693 6231
728 735 6587
732 737 5423
830 832 8232
962 966 578
630 632 6384
654 659 8886
693 696 8236
429 432 3003
513 518 779
604 611 2593
936 940 8774
77 82 1863
363 365 5871
190 195 3944
267 270 4546
560 564 3869
803 804 4525
639 642 6323
475 476 601
617 623 8145
183 187 7650
351 352 4685
840 845 2614
899 901 2431
634 637 5406
509 513 863
463 465 1740
45 49 2977
40 47 598
367 369 4590
361 365 946
734 737 1511
187 188 4366
672 676 8104
909 914 8319
269 275 7820
597 601 3147
445 449 8088
769 773 3680
827 831 4820
836 843 1331
294 298 9060
612 617 4340
683 686 7661
907 908 2755
151 155 9055
43 44 2928
435 438 7110
41 44 1709
115 116 6190
645 650 7900
264 269 8584
106 109 8366
903 906 7691
919 920 2402
31 33 4643
871 875 7147
295 298 8597
818 823 2207
13 16 9003
311 315 6794
223 227 2565
545 549 1394
187 189 3789
759 760 5580
917 922 2313
149 153 8439
451 452 8513
495 497 7601
173 176 4051
884 888 1482
271 272 7493
195 199 5388
536 543 697
565 569 5017
897 903 1909
714 717 7910
970 973 2631
901 907 7576
343 346 8512
550 552 4788
724 731 5625
413 418 8448
374 378 7976
193 199 6794
324 329 1519
770 775 1117
853 857 9815
485 488 4350
582 587 8739
206 210 2558
532 536 1167
882 884 477
415 417 8228
595 596 1592
34 38 8649
155 159 8738
758 762 9483
932 937 8453
783 784 9221
630 633 8779
713 716 8269
700 706 6771
218 220 5423
817 822 2786
384 388 9389
373 377 516
300 304 7455
19 22 4380
487 490 9815
662 665 9315
956 960 4325
586 590 4479
30 34 1649
180 186 2968
716 720 4015
393 398 1011
208 213 6177
285 291 4645
189 192 568
18 22 8397
531 533 4078
42 47 3261
655 659 3415
301 307 6767
144 150 2018
29 33 76
986 991 9160
81 86 4446
134 136 3396
512 518 4013
820 827 6280
727 731 3902
920 924 6500
995 996 6267
149 154 5159
715 717 2403
716 721 9860
46 48 2462
318 320 5874
756 762 5116
594 598 2383
648 654 8835
65 70 8251
872 876 1411
257 262 7768
952 958 1680
576 582 2533
753 756 6608
488 495 771
117 120 3286
521 525 5988
51 55 8635
512 517 6570
16 21 8242
395 397 9835
323 327 3166
951 954 3382
440 445 4543
878 881 8690
146 150 9261
831 834 8988
323 324 4191
808 814 9660
533 539 1371
193 196 6423
821 824 7173
93 96 8052
377 380 5651
638 641 7100
174 179 8257
112 119 22
273 276 9141
135 139 7951
282 286 7280
789 793 345
849 855 839
549 552 2948
597 602 1961
604 608 4770
87 89 8375
296 300 3879
147 151 5462
8 15 1722
953 956 8003
607 609 5409
228 233 3237
635 637 3181
891 892 3883
971 974 2311
782 786 8167
640 644 9762
258 262 9008
587 588 3851
352 358 2555
386 390 7790
247 250 7443
388 394 8977
863 864 9487
330 332 7177
200 205 6423
384 390 886
492 497 5702
874 879 9207
948 953 3708
528 535 9301
260 266 3257
80 87 6996
644 649 3962
690 693 6525
507 509 6736
319 323 5343
375 378 6762
159 160 2281
698 702 4417
552 558 7400
179 181 4536
121 125 5791
977 980 3719
96 102 9782
398 401 3691
679 682 824
198 201 5806
227 229 3622
678 683 565
276 280 139
383 387 2276
834 837 1970
235 238 6042
490 492 7630
598 602 6644
206 208 4259
418 420 6625
371 374 1150
369 372 7077
32 37 8834
82 86 5744
939 941 3958
429 433 204
7 10 1045
254 259 4664
387 391 5243
297 301 3999
950 953 2637
38 43 6677
317 323 2189
788 792 1790
139 142 2152
318 322 7378
741 744 3259
779 781 1117
224 231 9851
627 630 3011
338 343 7713
722 726 5791
959 963 8854
970 972 5870
26 31 2633
562 564 2520
288 295 6140
591 592 4394
455 458 401
345 349 6609
595 598 7628
420 425 9284
660 665 4046
659 661 1154
37 42 6499
238 242 8492
353 358 2300
837 842 7650
366 370 8452
152 158 242
535 536 7833
59 61 6197
312 318 8341
284 289 6051
756 760 3067
116 123 4023
314 319 6716
906 908 3223
526 529 2698
799 800 2472
298 302 3224
854 859 6434
189 193 2833
914 919 3992
949 954 3383
728 733 8521
454 456 1815
319 322 1578
675 679 4742
891 893 3239
517 523 3776
578 583 584
203 207 3913
552 557 7355
558 563 9675
973 977 3671
519 521 7117
505 511 5595
744 751 2957
237 240 2345
530 533 11
613 618 2904
47 51 4516
798 800 9506
694 696 8044
599 602 5737
765 768 9027
86 90 3434
613 617 5277
529 535 9416
791 794 5668
623 624 895
321 327 2271
267 271 813
691 693 3241
23 24 4425
168 175 637
543 544 925
765 771 5136
672 679 3783
621 624 5340
777 780 1534
784 788 2460
775 776 6354
708 712 6306
699 700 4568
111 113 6758
801 805 7993
128 133 8737
864 870 1463
759 762 745
211 212 473
524 530 9034
796 803 4183
763 767 9440
53 58 8915
663 667 1478
676 681 9500
473 478 1371
501 507 9863
570 574 1555
321 325 5060
539 542 9326
912 917 174
704 708 8032
829 833 3159
648 655 4480
864 871 7821
356 362 3591
59 60 8190
509 512 21
522 527 6153
963 966 6430
248 255 1532
969 975 3975
351 355 8559
331 335 1635
956 961 9790
466 471 9075
939 940 542
300 305 5066
278 283 3091
813 817 3955
162 164 5492
771 775 9718
180 185 8386
290 295 3470
702 704 1890
252 257 1574
465 469 8143
514 517 9713
459 461 958
342 346 2454
700 704 6277
87 91 3277
675 676 6234
72 78 73
229 234 6540
838 840 4746
901 906 9724
689 692 1966
950 952 7368
962 967 3866
995 997 3770
614 619 8834
751 754 8346
390 392 6721
476 481 4823
808 812 1259
763 764 3811
167 169 742
209 213 2646
132 137 1679
436 440 5865
559 562 1806
788 795 5874
799 801 2403
550 553 628
647 649 8723
555 559 2370
765 770 3673
911 913 3482
707 711 3526
188 194 6910
19 20 8843
140 147 9959
148 153 2025
82 87 4461
988 993 6688
548 553 1989
699 703 5923
164 170 3277
822 827 9811
843 847 8877
326 331 8654
388 395 3032
653 659 8051
522 525 4558
978 982 8381
927 928 198
685 691 9982
578 582 8952
617 620 461
582 584 4555
838 842 5210
689 694 5206
25 31 619
785 788 499
257 260 9295
647 650 2410
230 233 6793
806 808 9998
876 883 3114
20 25 5754
415 416 7384
538 540 6619
405 409 6252
666 670 5614
674 677 4825
75 77 9601
126 130 7707
906 910 512
934 937 2895
171 173 8889
836 841 7228
981 986 442
676 682 8298
101 105 3468
988 994 1023
233 239 7344
703 705 4447
138 141 1764
557 563 1377
762 767 8196
599 601 4622
911 914 2262
820 826 9161
169 173 1634
952 957 9901
729 732 3700
99 101 7287
793 797 4306
108 113 1542
807 808 759
341 347 8523
172 179 5809
423 426 22
624 629 4360
876 880 54
818 820 2212
851 853 6856
727 728 3347
525 528 4069
172 178 8712
995 998 503
64 69 2423
203 204 6284
771 772 6957
130 132 5117
737 742 5261
858 863 4456
626 631 3213
117 121 198
1 6 2422
341 346 8700
984 988 1480
52 59 5774
91 93 1754
863 867 8247
716 723 6157
656 661 2565
977 982 7446
857 862 6835
885 889 2007
733 736 2598
842 845 8761
15 16 42
131 133 6831
907 909 2739
348 354 9205
859 860 4401
69 72 7343
288 293 5248
482 485 2524
511 512 9928
651 654 324
448 452 3554
630 635 972
400 406 2911
298 301 9090
267 269 1235
675 678 8988
890 893 8111
692 697 8101
739 743 4027
881 886 8645
934 938 1742
361 367 8648
300 307 8428
622 627 265
990 994 6870
736 743 2996
569 575 2276
9 13 1336
852 856 9388
139 140 1243
421 426 539
720 726 2814
227 231 6735
631 635 5000
44 50 4020
884 889 1059
698 701 4410
563 565 8631
356 361 4907
28 35 5882
330 342
271 526
152 594
442 806
24 520
245 705
858 943
211 536
304 741
78 85
305 640
452 466
107 710
241 325
435 812
212 890
490 519
297 741
2 974
161 809
302 691
456 482
365 852
199 576
74 952
660 801
147 504
34 440
46 803
31 202
437 658
29 518
410 857
262 920
541 810
432 565
200 540
223 409
119 681
365 671
325 396
39 691
215 333
713 873
284 670
164 181
690 770
512 737
411 692
230 859
356 442
622 815
8 938
255 869
344 740
285 883
51 334
584 648
245 396
293 550
257 552
13 33
16 173
496 758
47 67
215 418
66 211
76 283
268 316
521 522
410 565
437 613
784 835
416 540
443 713
729 938
770 907
235 356
149 942
204 602
352 667
857 890
319 886
737 807
476 670
73 382
280 772
234 914
694 986
536 963
26 558
586 730
98 180
386 745
677 808
105 963
336 364
858 958
612 879
685 800
83 673
25 457
30 633
325 992
872 901
591 858
437 561
558 576
597 711
531 923
811 945
873 996
87 255
679 874
225 339
590 750
490 567
176 664
444 937
261 985
230 946
3 892
433 761
368 994
374 931
770 790
69 256
371 887
697 792
742 986
262 959
246 475
526 830
300 965
466 779
172 528
808 894
171 294
548 924
116 163
176 798
80 488
713 833
113 456
276 635
319 656
312 991
667 928
513 639
224 744
535 950
62 530
721 895
242 436
221 937
180 870
455 715
382 501
246 439
263 841
95 565
283 837
15 116
0 705
762 789
226 818
177 786
544 770
310 970
190 606
203 271
399 827
131 414
137 382
56 298
537 822
515 882
24 912
263 778
34 154
247 280
111 916
244 863
289 565
217 427
641 673
39 897
221 907
237 493
449 540
109 641
271 979
345 550
368 987
483 763
103 735
159 360
132 698
368 954
495 796
74 187
322 546
506 854
399 936
143 438
117 255
381 783
460 802
137 375
396 546
422 651
269 784
79 113
667 829
183 261
171 813
39 982
46 500
704 956
699 963
60 208
156 452
120 126
2 926
447 657
475 757
105 726
599 844
468 562
668 874
1 986
102 987
7 851
69 447
637 826
159 957
448 968
214 340
449 897
7 574
167 215
527 877
52 497
235 878
174 450
163 476
271 901
168 722
672 693
27 51
543 930
890 953
129 705
337 566
481 983
236 954
323 956
433 456
283 284
87 296
6 312
253 568
459 763
266 369
676 966
349 930
238 845
905 968
312 322
37 314
179 278
122 309
335 355
456 581
43 622
670 950
595 934
264 443
22 384
659 908
638 738
86 127
420 625
375 626
409 671
216 786
118 493
18 540
583 625
146 588
563 644
22 159
78 885
371 493
282 525
397 778
441 819
110 498
98 932
3 433
106 926
752 795
3 52
222 673
78 498
51 619
34 430
741 837
342 529
487 585
116 583
664 796
458 907
312 457
268 473
183 464
570 625
430 892
9 486
322 614
28 263
471 687
171 638
530 631
122 249
567 779
35 779
271 829
190 978
192 705
470 835
49 104
301 956
36 266
58 352
296 935
398 549
349 684
408 859
467 776
154 481
685 727
345 747
68 635
291 650
809 998
239 433
181 523
105 896
331 706
381 635
573 948
106 503
326 567
28 986
594 811
440 911
605 985
203 929
106 626
612 810
50 412
86 781
162 577
122 442
700 986
192 676
287 830
13 343
233 749
271 400
491 720
671 706
315 645
151 521
882 912
103 764
434 924
281 850
269 898
76 565
476 587
179 937
448 664
371 625
458 608
490 545
379 565
7 289
533 985
53 181
634 850
466 534
113 661
428 815
68 354
833 875
115 541
324 792
380 781
387 975
843 895
613 988
258 332
209 327
229 641
453 902
194 914
11 453
323 454
254 816
192 350
204 703
187 978
822 900
506 686
168 392
204 289
190 569
309 641
461 861
222 916
232 918
73 759
487 987
609 841
349 458
625 731
14 53
158 192
234 741
297 391
462 509
741 807
91 725
487 510
248 395
266 812
441 838
521 913
28 505
317 364
248 578
194 677
761 933
426 774
257 903
274 301
315 970
142 177
525 691
434 455
704 874
204 981
85 542
438 897
397 734
72 918
193 214
339 440
358 834
417 765
21 496
764 767
211 243
187 241
90 228
196 692
268 574
236 515
195 633
435 628
603 809
611 880
591 864
248 516
473 755
154 330
194 888
384 879
185 258
114 870
217 440
238 815
495 939
23 184
222 396
102 625
659 868
242 455
640 992
394 700
441 988
338 884
92 159
21 546
375 601
360 398
133 676
472 984
787 844
5 45
564 569
55 541
117 965
520 981
26 187
178 840
51 608
880 914
630 933
603 993
79 811
596 723
48 427
132 540
95 584
203 517
9 495
358 806
229 330
572 779
154 559
71 709
323 525
298 551
186 686
68 682
214 745
239 811
451 887
446 626
711 913
221 811
117 446
827 904
256 951
48 175
53 431
536 551
76 330
16 928
97 565
639 697
200 476
29 868
219 877
64 484
254 332
176 246
158 697
424 691
372 905
566 913
416 468
193 814
691 692
350 364
365 626
87 356
589 751
630 960
184 434
485 753
659 818
226 944
820 986
218 301
478 739
205 987
350 704
482 899
170 613
502 821
432 531
587 698
153 424
892 942
39 863
415 945
139 652
494 900
198 540
162 209
310 860
187 859
157 200
243 856
14 311
33 421
283 715
233 494
357 568
290 745
519 527
23 87
722 974
283 494
697 872
38 837
834 865
309 675
295 559
37 658
361 749
531 891
121 252
148 756
63 222
549 956
234 605
608 760
822 828
133 728
233 788
118 437
612 885
486 506
151 216
391 792
297 518
403 828
327 752
598 707
9 32
427 448
155 442
377 677
483 998
775 890
536 935
13 920
234 329
112 129
578 633
778 864
604 616
59 999
520 629
971 976
354 941
172 825
194 757
357 539
212 835
645 969
111 948
326 921
200 708
72 368
87 254
681 883
198 469
215 692
328 714
165 180
483 868
137 255
238 484
785 991
788 806
27 247
259 931
382 453
752 994
612 767
70 320
146 428
225 503
510 875
52 706
39 959
560 620
547 966
784 890
265 291
332 375
63 381
86 665
478 562
527 905
158 780
10 917
652 734
162 782
355 692
743 962
140 859
309 625
855 861
444 484
132 617
517 708
306 531
203 459
2 426
835 877
296 791
488 518
538 782
51 646
3 296
681 750
461 722
796 953
165 488
417 955
125 267
591 851
398 511
510 989
554 953
41 383
870 914
807 870
679 895
35 194
38 956
725 953
346 398
230 581
383 587
241 852
70 599
182 689
57 640
251 294
250 442
87 648
9 443
504 560
78 520
633 829
136 666
276 388
463 605
351 874
388 585
292 782
911 992
287 430
559 726
38 515
207 393
304 994
85 560
114 651
226 400
332 707
314 889
754 983
201 220
280 291
253 384
121 823
235 917
403 841
626 873
40 946
293 995
675 722
552 618
550 751
507 552
266 500
171 375
156 232
613 616
153 917
444 470
61 556
239 685
913 986
266 842
35 866
10 494
440 755
749 909
2 441
583 792
199 688
334 855
485 528
293 453
679 832
286 474
703 997
341 425
566 722
568 697
19 728
193 510
271 847
219 420
254 943
241 285
325 906
211 647
211 362
32 260
33 477
592 958
120 499
168 471
85 971
934 994
223 225
918 941
18 688
35 354
299 990
253 783
357 682
210 280
210 304
116 326
50 294
621 710
580 625
168 611
511 706
791 952
164 898
154 644
170 855
344 569
555 834
526 771
185 552
95 644
452 901
858 880
732 928
87 770
568 668
59 958
345 996
163 268
245 768
499 847
620 936
251 274
670 943
261 607
69 760
104 363
298 310
147 171
143 353
265 705
73 776
646 768
576 931
262 818
148 904
451 672
186 474
321 765
391 416
32 995
232 253
641 748
818 841
155 323
179 549
123 164
203 231
168 681
144 287
622 657
4 163
794 979
539 555
289 604
312 506
21 708
155 836
453 476
312 707
449 948
58 153
299 485
622 644
330 918
378 613
477 988
235 922
307 728
633 706
438 551
770 982
371 523
351 497
567 895
71 295
533 680
271 976
213 480
20 222
484 984
47 460
864 865
29 241
385 540
32 528
46 309
42 650
221 552
725 799
152 546
102 396
113 824
282 826
904 960
67 350
666 803
597 996
175 789
139 682
55 212
536 905
455 828
526 886
248 922
18 419
486 539
168 221
553 850
34 531
234 620
68 757
534 853
93 968
675 816
165 537
143 891
428 931
409 771
819 855
419 556
821 976
482 589
476 798
295 452
191 899
738 818
665 913
355 857
730 877
261 381
478 502
41 924
402 986
75 814
758 851
360 506
137 729
588 814
99 741
655 976
231 634
335 531
2 77
249 543
245 801
68 761
851 950
392 991
272 541
873 968
541 886
169 974
625 822
119 674
152 331
462 657
39 317
231 911
473 683
444 898
336 915
310 536
206 963
631 898
700 798
508 725
141 708
397 735
426 679
295 334
443 885
541 699
355 406
267 681
237 587
26 281
100 450
432 808
181 195
621 990
483 593
663 976
360 791
739 947
233 974
105 890
343 611
872 900
237 433
575 725
646 860
72 616
56 734
429 486
515 600
360 588
193 637
237 663
546 797
82 432
242 813
239 365
292 833
88 857
207 834
864 987
232 956
428 910
694 752
120 214
383 677
561 665
24 163
78 234
141 733
375 802
385 994
356 820
571 810
245 608
124 617
515 597
186 329
344 966
60 121
95 458
85 561
618 743
118 440
712 736
154 823
413 776
368 547
618 943
146 452
24 58
577 978
235 352
102 229
367 982
767 794
31 404
112 511
47 725
25 951
68 343
338 887
273 546
255 870
232 309
82 312
546 573
352 997
171 554
249 581
162 550
762 872
237 411
31 762
348 747
511 557
401 407
163 905
786 869
116 372
578 874
792 945
159 696
392 822
548 618
196 539
277 310
187 327
171 826
568 622
776 934
497 853
32 206
249 283
422 700
645 846
420 875
2 538
33 630
179 204
16 630
854 940
142 705
117 217
340 517
933 946
399 900
555 718
410 429
641 956
79 541
313 727
397 456
80 252
566 689
219 348
66 916
339 840
144 627
63 332
545 961
318 455
342 801
160 223
634 935
455 586
535 970
608 971
164 701
154 964
364 892
321 648
70 759
164 814
256 697
255 662
276 291
441 732
181 428
632 869
677 904
271 835
373 913
536 602
164 170
62 819
434 936
326 865
516 896
193 577
79 632
328 340
282 784
815 873
183 603
584 658
128 341
771 938
62 215
204 374
239 760
393 668
632 745
707 990
191 581
588 913
265 373
195 553
21 160
511 611
101 623
501 677
166 501
390 557
56 526
245 474
581 785
476 584
327 767
55 348
136 804
827 897
586 993
713 995
349 792
305 365
523 945
74 759
290 323
650 837
30 242
229 891
251 477
510 513
183 238
331 685
750 762
593 700
572 642
547 913
177 622
535 547
725 838
132 626
614 708
66 627
267 491
451 681
117 660
381 424
314 627
418 516
599 662
736 884
892 902
177 299
531 944
633 784
421 732
814 853
135 447
446 750
633 822
76 870
536 758
677 781
24 234
263 850
292 897
654 972
522 984
20 150
543 823
223 287
478 920
373 610
364 712
171 734
78 824
59 304
356 487
171 917
272 573
553 985
214 802
483 991
293 350
254 561
729 913
317 523
209 502
589 767
792 971
133 415
605 714
150 524
336 525
40 222
76 442
42 295
434 952
432 756
95 920
70 928
166 518
618 772
352 418
622 972
239 798
160 386
479 955
491 958
257 543
550 594
158 510
51 523
139 799
943 960
607 797
322 437
136 758
450 992
275 515
367 639
377 934
719 797
326 445
619 827
134 918
117 599
397 471
47 60
58 501
168 850
547 779
652 842
129 666
244 959
155 870
207 837
338 515
224 279
181 702
5 446
717 912
243 962
189 969
502 926
196 973
83 882
374 815
85 349
374 987
609 611
61 749
475 546
256 490
701 835
230 380
74 581
33 278
336 603
929 957
499 959
401 746
352 816
86 785
777 913
712 949
65 664
484 743
190 684
106 982
685 955
552 584
330 408
131 591
270 934
302 700
436 625
410 820
657 800
67 757
600 701
741 868
321 711
9 928
127 357
16 309
477 642
787 837
149 827
876 928
444 526
3 107
79 247
460 911
755 805
832 895
480 989
212 405
580 582
323 580
533 846
278 635
66 911
103 917
203 801
230 552
415 903
175 898
526 819
595 865
151 753
664 903
223 488
71 289
316 820
515 731
732 816
211 750
3 984
457 905
71 204
59 711
89 373
643 941
371 524
417 561
81 190
228 718
121 496
623 875
324 535
397 501
9 527
57 197
26 619
505 957
194 591
254 984
270 801
539 792
262 747
460 889
342 969
177 432
238 913
829 979
537 692
291 912
0 162
110 523
8 348
900 936
259 699
688 764
109 333
230 765
88 879
137 809
243 511
215 584
12 516
324 363
469 470
222 403
57 604
245 909
429 478
93 571
395 678
209 908
153 327
182 983
220 786
350 612
443 709
190 627
340 385
47 335
557 861
652 665
249 713
76 121
521 635
694 741
27 426
735 921
222 971
36 668
802 884
409 974
395 749
768 906
194 721
291 513
56 299
416 423
44 104
377 446
394 843
555 803
8 813
339 606
470 642
171 977
175 241
156 542
575 917
44 692
12 650
177 407
516 603
777 954
79 680
108 916
215 598
530 680
127 996
24 714
732 798
155 839
165 616
624 920
355 839
58 924
594 836
856 879
198 549
425 944
46 773
315 394
972 978
642 977
369 782
181 706
440 644
129 733
25 878
319 737
83 543
8 811
237 604
624 805
57 738
577 797
111 170
214 808
152 802
197 593
67 411
183 268
224 561
238 336
265 785
94 324
239 790
747 821
49 250
355 473
287 842
26 721
172 559
634 668
394 521
425 888
107 197
171 467
198 312
72 801
481 579
270 425
491 839
27 97
301 817
53 802
261 569
706 797
46 896
202 278
5 188
449 456
412 888
559 595
513 679
306 350
376 593
802 947
582 740
457 798
710 814
159 819
573 998
749 998
744 837
298 345
312 844
505 525
3 394
209 224
169 970
627 724
301 882
40 97
513 688
6 974
551 739
322 832
54 644
358 397
411 840
163 979
49 445
424 939
300 587
63 488
582 583
130 939
11 732
127 430
260 393
256 695
171 680
39 84
108 216
349 849
37 355
85 722
21 362
593 989
497 566
93 235
409 975
303 653
497 882
301 403
352 846
132 902
338 444
418 804
21 549
428 644
325 957
1 899
235 816
126 635
541 949
166 671
77 90
230 530
71 610
242 338
301 804
44 103
438 667
40 265
190 884
153 456
48 909
575 920
311 362
469 532
41 336
121 283
79 696
485 586
555 696
140 907
313 982
62 352
196 700
246 565
325 796
66 443
159 765
218 972
383 941
298 922
5 967
65 430
143 471
249 981
504 629
577 678
682 913
198 744
523 702
78 144
183 668
103 967
259 623
21 688
316 779
79 794
33 643
441 740
126 316
207 882
85 701
180 436
249 766
167 387
15 521
781 808
489 960
247 388
50 154
588 713
495 974
630 693
274 941
123 770
461 540
276 655
684 734
354 766
167 374
222 344
423 607
20 303
737 995
736 794
97 862
519 528
275 713
252 531
183 730
191 597
463 848
201 650
687 970
640 780
69 566
504 887
569 962
852 887
40 668
127 330
425 593
532 766
0 186
96 525
507 699
293 603
842 929
769 864
477 673
560 812
178 700
604 941
789 900
366 950
57 927
541 582
162 824
351 662
356 611
512 754
74 948
465 914
691 785
228 747
42 55
270 396
61 982
311 658
872 892
539 810
407 994
170 859
126 681
232 991
185 256
136 765
575 807
375 981
513 852
719 803
177 484
178 684
789 847
219 232
120 861
158 935
827 889
310 417
525 950
321 546
21 508
220 917
45 73
383 829
47 499
380 826
257 839
357 799
297 988
165 497
225 235
114 377
280 529
417 436
253 433
549 851
46 889
548 662
406 594
529 550
311 918
543 865
239 551
152 163
304 912
118 154
366 614
531 571
857 894
14 338
26 961
274 524
29 875
77 766
716 782
202 474
790 905
363 519
71 352
67 256
758 792
147 769
834 972
416 550
123 257
27 532
247 418
111 336
197 980
177 769
748 845
248 450
74 243
618 933
656 864
44 73
67 169
493 811
137 443
738 976
281 994
9 131
24 110
488 595
267 346
361 488
237 907
191 623
365 872
383 436
451 872
621 661
80 208
228 457
128 952
247 648
539 833
18 126
255 302
59 877
337 648
452 836
526 551
394 826
323 737
136 570
265 905
265 507
150 185
740 960
83 978
182 911
430 648
795 944
373 713
620 661
348 980
60 600
147 584
224 462
351 518
900 916
153 238
762 860
123 336
342 855
439 680
401 604
19 998
706 995
43 941
236 792
380 388
51 80
80 606
241 522
365 389
195 259
98 394
514 697
67 662
4 894
220 404
122 384
49 489
554 620
443 540
193 271
125 855
241 844
111 158
660 877
780 948
933 943
757 786
130 568
174 922
437 699
35 375
628 750
904 909
314 534
50 380
591 866
115 452
236 836
863 993
268 807
715 791
345 499
288 421
51 984
437 689
810 923
222 493
356 824
191 689
168 888
698 743
474 893
103 602
214 329
418 444
378 902
738 989
468 931
529 880
511 988
554 576
232 636
328 336
687 801
3 707
182 651
226 742
301 943
171 624
119 601
149 786
219 348
398 669
39 475
415 628
249 261
461 843
455 969
8 743
212 941
45 808
399 594
647 709
68 231
372 557
684 887
788 902
212 491
479 706
665 862
590 726
364 922
598 876
585 744
486 918
102 120
688 952
547 665
34 738
181 446
102 283
146 973
159 465
749 884
703 927
141 435
900 998
253 422
711 739
519 756
68 483
647 827
783 837
341 630
554 817
713 965
129 738
307 611
90 939
386 649
7 444
95 130
201 460
59 198
421 779
590 843
124 689
398 900
659 826
865 873
396 822
438 575
573 858
91 690
3 490
31 488
188 577
42 632
531 767
256 866
271 371
507 945
34 762
156 435
149 928
365 727
390 612
284 951
287 779
220 745
36 678
236 416
488 699
4 911
38 768
7 206
185 429
35 348
736 805
121 598
16 482
331 657
153 847
310 819
563 737
273 309
99 312
1 409
489 819
172 660
64 185
178 691
74 293
407 431
621 981
858 967
82 905
189 968
359 700
544 917
13 868
334 542
308 983
165 529
335 865
424 643
610 924
245 502
122 786
403 754
238 471
377 389
72 627
288 536
580 748
46 258
710 848
722 933
137 483
325 520
448 478
470 807
634 716
446 533
690 827
463 558
640 644
283 526
303 661
514 867
0 565
166 870
141 437
221 276
28 676
711 721
62 411
169 430
13 174
177 678
647 697
239 858
82 491
233 841
319 794
288 553
511 598
557 873
574 702
577 733
437 918
672 700
592 989
361 736
380 590
672 743
48 228
644 956
588 943
293 908
53 299
824 887
638 877
504 610
125 827
606 974
27 617
153 449
124 295
496 853
267 589
320 349
54 714
496 523
206 836
61 93
25 35
541 645
857 920
303 825
242 955
108 560
103 406
600 830
56 112
714 891
78 319
290 391
114 985
283 909
746 972
415 560
137 212
605 673
770 942
440 662
135 293
11 166
102 387
665 928
171 427
68 355
24 977
207 293
71 628
561 594
200 281
15 68
789 884
96 134
713 917
368 554
679 784
503 614
176 662
409 710
158 644
98 698
157 919
469 819
219 389
863 926
752 953
457 835
287 766
131 794
156 853
98 554
132 818
20 433
775 956
498 670
822 885
37 798
397 836
303 812
55 766
115 923
70 349
16 156
252 627
725 906
58 238
48 51
41 460
532 596
388 604
247 950
283 599
190 255
737 892
345 643
240 764
138 876
656 820
569 674
248 261
479 953
583 637
240 563
486 745
0 965
262 281
348 824
271 540
506 712
263 637
792 906
596 840
720 763
462 596
192 488
35 317
515 681
159 575
182 538
427 791
118 561
280 970
267 746
640 944
49 685
61 730
754 882
17 761
886 991
543 801
93 261
63 318
654 745
495 654
96 758
432 972
306 513
116 929
187 313
312 486
149 221
190 262
344 829
268 800
29 682
146 251
616 744
708 762
344 488
51 550
223 677
221 815
774 860
809 911
501 859
135 567
507 569
460 834
349 833
346 769
407 560
144 948
477 933
430 705
61 143
69 108
428 736
265 833
451 537
108 827
158 739
264 694
720 961
60 471
701 730
162 329
24 339
599 803
43 115
636 996
286 760
38 363
34 936
13 371
247 953
89 653
53 425
43 855
336 658
363 754
325 738
477 751
310 987
232 415
292 410
139 248
226 890
107 759
684 891
218 236
572 861
216 403
160 610
162 592
724 772
150 657
680 842
86 936
64 399
84 407
75 923
128 942
240 675
213 810
591 684
24 60
351 587
226 336
269 929
942 958
116 660
114 769
169 445
748 763
373 644
292 556
198 855
548 573
64 356
135 954
87 346
356 538
139 681
72 279
111 547
257 666
568 626
498 925
587 708
342 777
391 908
212 931
6 467
265 852
296 992
603 665
42 963
710 961
25 696
34 194
817 854
128 888
518 662
512 826
292 977
7 741
379 696
12 881
317 714
312 583
273 721
665 804
527 760
94 357
226 806
886 913
182 983
534 659
145 967
87 408
524 966
720 820
321 351
654 822
448 942
433 535
449 573
51 517
705 894
595 929
96 413
314 638
249 417
60 616
367 597
173 923
432 817
112 380
45 147
249 681
345 706
84 898
87 347
82 757
543 566
895 977
502 552
21 767
401 889
223 295
749 959
267 878
3 283
151 497
542 827
280 296
130 136
89 875
347 704
264 822
539 570
537 858
397 932
361 776
83 335
152 964
93 408
984 990
233 866
164 195
47 798
219 332
260 879
757 781
11 152
320 511
647 926
337 900
752 845
726 804
211 622
30 878
200 523
274 392
305 740
118 651
45 922
306 966
457 702
112 999
352 511
110 262
422 602
582 895
522 969
325 500
87 812
421 425
369 412
824 973
622 901
464 726
38 618
179 315
464 705
180 862
8 319
154 208
428 580
570 750
263 451
129 787
375 759
326 345
369 657
588 918
112 524
152 972
147 764
686 758
225 965
594 958
570 624
203 523
358 617
48 215
918 927
175 221
68 96
389 838
524 956
277 499
314 398
698 900
241 315
195 196
570 812
529 958
745 823
491 582
191 495
619 804
271 779
639 968
343 406
127 444
21 994
36 657
219 886
312 437
280 587
263 661
96 649
595 995
656 988
38 167
146 367
360 557
121 776
683 977
176 200
141 617
116 701
168 654
431 973
259 338
657 927
85 171
203 507
737 849
52 75
63 961
310 982
94 227
518 519
910 913
160 713
391 779
219 615
465 939
141 173
11 255
374 429
116 286
74 866
241 844
27 874
554 601
125 956
80 267
32 768
355 750
556 762
359 882
352 938
230 580
501 839
19 57
184 618
357 719
584 962
577 672
8 679
619 890
276 737
298 623
108 115
577 704
120 388
191 939
483 500
12 955
117 800
11 270
438 674
229 561
51 109
145 312
375 892
421 619
455 551
108 474
448 976
15 824
327 876
348 411
656 849
130 956
95 738
105 399
369 876
420 691
23 633
232 808
14 158
57 880
208 417
312 771
370 383
403 464
238 570
150 866
282 386
718 961
292 696
232 805
49 53
483 941
187 822
861 946
46 953
376 835
154 243
321 939
812 956
230 448
376 664
38 511
274 447
159 565
481 616
493 811
19 818
120 176
327 350
744 909
553 648
4 370
420 886
184 338
594 801
344 850
190 444
241 766
532 649
387 681
185 751
624 972
556 968
91 558
226 246
275 379
299 443
682 872
250 776
67 379
280 774
173 828
483 634
466 642
176 741
532 828
761 861
31 535
3 572
516 546
313 610
634 688
35 315
460 914
152 248
853 905
220 705
688 829
404 554
357 420
284 701
471 732
442 537
431 763
615 973
341 645
258 425
242 710
100 995
159 378
132 977
645 796
811 905
96 515
104 213
807 989
74 691
232 865
480 919
430 646
343 981
499 588
466 487
37 939
782 885
405 938
199 550
103 679
546 557
417 516
249 675
616 813
88 820
80 81
432 627
442 895
787 947
276 836
210 422
460 692
121 426
510 597
51 966
53 302
301 845
36 438
265 418
342 636
396 606
180 444
72 969
635 750
367 979
63 674
351 467
187 264
380 605
649 755
71 719
136 897
53 394
401 882
68 230
599 690
64 741
350 638
558 700
618 884
35 608
840 907
303 746
692 774
89 394
359 846
310 910
618 956
305 949
733 814
51 588
489 547
109 970
380 496
468 537
60 922
22 898
37 599
187 289
508 788
386 555
261 536
360 903
697 824
464 575
476 966
282 335
311 666
468 941
293 607
104 428
18 238
79 319
45 317
924 987
270 813
99 460
163 913
17 709
333 424
410 458
1 627
337 892
340 425
7 821
603 817
143 523
675 789
212 704
759 774
64 388
447 503
189 813
185 851
174 238
835 840
526 542
1 748
8 749
146 509
344 559
23 356
72 296
759 823
62 455
10 499
173 884
50 950
201 235
82 688
400 689
168 233
331 385
349 835
618 857
480 601
5 539
121 981
29 582
320 457
64 840
32 116
509 817
201 793
702 817
241 406
344 598
33 594
668 784
72 493
387 700
138 721
110 145
654 743
200 876
500 994
328 355
621 897
457 482
385 977
472 512
69 727
1 582
911 982
789 845
128 245
694 856
224 685
291 442
94 847
173 570
122 690
47 913
94 97
177 692
848 853
317 609
10 757
373 960
563 578
151 530
16 259
293 939
766 930
495 765
174 227
764 873
292 594
773 791
376 738
299 642
824 918
489 548
854 929
494 828
625 649
113 556
200 852
572 776
515 798
71 639
451 499
74 992
361 404
636 805
173 326
422 701
56 372
282 287
929 958
368 766
519 684
293 976
586 897
57 240
201 711
366 762
129 232
392 555
260 314
491 637
201 905
22 640
274 713
472 718
822 890
531 902
52 871
556 869
56 871
293 890
171 980
200 871
80 164
64 493
870 988
782 947
381 583
42 391
163 373
36 185
281 504
752 804
99 627
155 451
71 377
77 563
242 793
4 394
733 849
624 661
148 445
43 223
221 667
52 309
322 691
248 413
414 805
14 685
520 688
174 916
61 747
568 635
191 834
887 911
96 263
488 716
422 433
389 399
223 879
14 271
497 841
263 705
446 554
8 780
608 719
4 37
328 774
691 867
128 287
328 981
303 718
164 185
396 577
587 681
750 973
185 249
275 981
669 689
321 976
6 826
28 391
478 927
667 742
778 838
70 745
161 733
289 917
614 832
296 738
88 850
730 742
205 454
164 830
534 664
161 425
496 877
187 905
569 618
644 941
135 683
66 733
468 827
371 819
99 948
446 502
810 951
185 498
752 754
83 304
756 909
719 912
38 178
79 174
527 637
115 346
188 456
182 308
183 638
598 863
83 694
631 867
318 350
107 516
94 573
840 968
452 628
