-1
-1
11846367
13199421
8904390
1932276
-1
5118064
14205794
-1
-1
-1
-1
9098808
14066085
1817698
-1
2935142
-1
-1
-1
5862957
-1
-1
945505
-1
-1
6813094
18191426
1838844
15472855
8373666
8525513
-1
-1
13946827
80771
11643298
-1
5832919
-1
-1
3603072
1421190
-1
5827869
-1
4342305
3680506
15501372
12688246
-1
-1
-1
4974235
17052671
4784786
-1
8408905
-1
-1
-1
7334230
-1
13381861
11659127
5740397
-1
1914966
-1
2617614
7903179
9470934
-1
-1
-1
-1
13292523
6682802
-1
-1
19309572
-1
-1
-1
-1
-1
-1
-1
1194184
-1
10754465
-1
-1
7067371
-1
8774170
854805
-1
6392762
15591734
-1
2212856
2013979
-1
-1
-1
4744318
5147440
4596753
965638
3290268
10212028
10776996
8070767
1030643
10672829
7578144
53747
-1
571750
-1
16457921
-1
-1
-1
484312
393604
-1
4399310
-1
1574484
14444498
-1
7063894
-1
-1
-1
-1
-1
-1
-1
18126065
-1
-1
192062
-1
11697052
5457715
-1
-1
15862422
10612233
-1
-1
-1
-1
-1
-1
12182672
-1
4471083
-1
-1
-1
-1
20319915
12711159
-1
3649520
1799542
-1
-1
20309228
6332346
733277
11443913
5297192
-1
-1
-1
6047036
-1
2448185
-1
-1
-1
14462993
-1
-1
-1
3600358
8510048
-1
3357769
-1
7380915
-1
8257207
-1
1294996
-1
-1
6611651
3716443
-1
-1
-1
-1
15214240
-1
-1
-1
-1
3109955
-1
-1
4602278
-1
15259037
5071875
7223902
-1
8197988
-1
-1
-1
5756327
-1
-1
-1
20360436
-1
2013257
3625526
10710550
5742064
14723409
8120368
2470629
-1
-1
-1
-1
20850092
-1
13827855
3097423
2459282
-1
-1
-1
-1
-1
-1
9844522
8923655
9770536
-1
-1
-1
-1
-1
-1
615286
9565673
1913302
-1
6390145
-1
3181389
9555276
816844
5120559
-1
-1
-1
-1
4625601
4749444
4882294
-1
8208849
-1
-1
7683092
2774719
-1
482133
4063515
-1
3732892
2053732
-1
3214478
-1
-1
14388928
11703052
3165072
14114641
2740652
9503563
18033545
791542
20838005
11052825
727479
7706026
14776784
12996088
7121159
-1
3417095
-1
-1
-1
3406882
5272362
-1
8093627
3084973
-1
7137219
16939769
-1
8800770
4436226
-1
12851015
-1
12157737
-1
3424057
-1
-1
-1
-1
87929
-1
11942643
2263733
-1
12485239
4148626
-1
3304352
-1
9927562
-1
5577205
-1
533470
982486
7248816
755856
-1
15837857
5646635
9824304
-1
3259828
-1
679475
14981843
11071059
-1
19176525
-1
-1
-1
-1
16933488
-1
-1
-1
-1
10164059
17781857
8338535
2668331
14968880
7555529
-1
4088096
-1
4399242
18704834
14679611
-1
3206633
-1
-1
8580191
79578
-1
7876545
1093112
6543420
-1
2030745
-1
-1
10267895
-1
2585299
14748372
-1
5337922
-1
-1
1619479
-1
3017378
15017700
-1
4845608
-1
2407004
3281533
-1
17150073
7087132
-1
-1
5557842
470728
-1
7021592
-1
-1
-1
4999825
-1
-1
2705774
3555104
2245382
12259987
-1
15106697
18299545
13582958
-1
-1
6169004
10998078
-1
-1
1316455
-1
10272503
2674183
5385746
-1
6710475
-1
-1
18573542
-1
1619593
-1
5301512
4442094
1602742
-1
-1
3650327
17326949
17193254
-1
2481041
-1
61173
-1
3692946
7015340
-1
3092350
7996814
15142210
-1
-1
-1
2126055
-1
-1
4570407
1788804
4924301
1321969
4218066
1164129
-1
3359400
13096654
-1
-1
-1
-1
1034624
10058753
20883483
14040795
5037384
4834407
-1
3850117
18378283
-1
-1
-1
-1
6878054
4785336
-1
12028148
6631919
158052
8684529
5734917
6029686
5444707
-1
-1
675834
2772672
14570545
5901750
1349111
-1
9147961
6277815
-1
9299876
-1
-1
14350527
852284
14269907
-1
-1
-1
5636617
-1
-1
-1
10677709
272517
-1
154309
-1
49211
-1
-1
3125596
121544
-1
16032360
-1
5581177
-1
-1
2318047
-1
-1
-1
-1
-1
-1
-1
15863099
3812125
8124336
12537816
-1
-1
19600662
-1
3956221
-1
1414689
-1
-1
-1
1788217
7853237
4497673
-1
8917536
6021318
-1
-1
-1
2195976
3438918
-1
-1
-1
10873592
1844941
8955773
-1
-1
-1
20047215
-1
14411743
16363297
119759
10946711
11694591
-1
2608736
9477159
-1
-1
4453474
-1
-1
-1
1663211
-1
2302546
954351
-1
-1
-1
2891480
15161311
15222980
5205680
2521550
-1
9961702
-1
-1
-1
15179076
10234999
-1
-1
-1
2351964
-1
-1
290830
-1
15677599
4375104
-1
-1
10801687
-1
-1
-1
-1
2698879
4474627
-1
-1
-1
-1
2270575
-1
9882156
-1
-1
-1
-1
-1
-1
-1
-1
6479452
13824742
-1
-1
2244419
16894846
5987334
10115011
-1
12325437
-1
-1
-1
6386927
1881093
9362993
11633021
6425839
-1
2655791
-1
539508
8981595
-1
-1
-1
10523663
8548965
11281563
-1
-1
7915035
-1
2496798
-1
-1
-1
-1
11767301
656925
-1
6841139
15921411
20881235
6758669
345106
-1
1472860
-1
-1
-1
3912714
-1
-1
-1
-1
-1
18481468
-1
1610337
-1
-1
-1
13039354
-1
2618376
-1
15822085
1914672
-1
-1
3609941
-1
6497113
1708323
22484789
3757498
11780562
-1
-1
-1
182309
-1
-1
17393297
-1
-1
-1
13357087
6982078
-1
-1
1679010
-1
958868
6649937
-1
5101319
-1
-1
3994787
11289
-1
-1
10245919
5874472
-1
16771442
1290121
11247409
-1
6054697
-1
13665676
-1
11621384
-1
5423482
-1
11026670
7146731
-1
1405155
9703363
-1
21065685
-1
-1
2976041
1525066
13566422
7273514
-1
-1
-1
711700
-1
-1
308788
-1
-1
6104402
-1
11035518
-1
-1
7517453
3472990
7426546
-1
-1
2199835
5778860
-1
14389993
-1
1811519
-1
2453661
-1
2465153
14054967
9339248
17429326
-1
11340420
-1
6820118
10534493
9506415
9061134
-1
-1
-1
-1
-1
-1
9823608
-1
14416678
2001870
9596491
4414395
12811595
16093630
-1
12661430
2994853
-1
7616631
-1
9104460
-1
-1
-1
9398997
8147112
-1
-1
-1
-1
-1
-1
-1
-1
-1
7932887
3774392
-1
-1
-1
1393087
125709
-1
6566572
-1
16041969
-1
-1
-1
10740136
7733673
2375182
3751650
-1
-1
6803753
-1
2632155
1986969
3660528
-1
-1
1109444
3077895
5621883
-1
16286833
-1
-1
-1
3095258
-1
-1
1191479
2555343
11053724
12065418
3598989
-1
6197487
5803847
8602643
11533168
-1
5359728
-1
5742112
-1
-1
-1
-1
-1
-1
-1
1306672
-1
-1
15196810
-1
13341967
-1
-1
4685226
-1
16818808
1982739
7055920
-1
7603618
-1
5396306
-1
3236988
1380814
-1
4630282
-1
-1
4007956
2819859
1843938
-1
3284901
-1
2943580
3228474
-1
-1
-1
-1
-1
1528036
-1
-1
-1
1792860
-1
6329654
-1
13098758
-1
-1
-1
-1
-1
-1
-1
8002330
182409
5859519
-1
-1
-1
8680123
10374265
-1
4578200
-1
7037342
-1
-1
-1
6427340
-1
-1
5934811
3225600
2965783
-1
13195840
9260722
-1
-1
3966837
-1
-1
180469
-1
3979876
-1
3574993
580737
497781
-1
-1
4335235
-1
8671269
3422508
-1
15764980
-1
-1
28237
-1
-1
1066209
12985299
-1
-1
-1
-1
6975039
-1
-1
10105561
-1
1131439
3242805
9382655
-1
-1
-1
10259133
-1
5703112
5965616
529177
-1
-1
6936022
-1
5241413
4709048
6586816
10957308
-1
2462814
-1
6566423
1104118
-1
3993398
18768419
5317553
-1
7821882
5398714
-1
4972444
1570347
-1
-1
14909357
256644
5042581
-1
-1
-1
-1
-1
7590780
-1
-1
-1
3478502
3745984
7943506
2497331
-1
3133521
611196
-1
-1
-1
-1
-1
1684123
-1
4475487
-1
896846
2286429
-1
9575115
-1
3612052
-1
-1
-1
20096105
-1
16313275
-1
6802755
15585128
11408095
-1
-1
-1
-1
-1
11835009
358970
-1
-1
6108109
2728443
855280
2375176
11075916
-1
3200200
-1
594504
11170627
-1
-1
-1
3179771
-1
14212107
4686418
11396963
-1
4704012
20088424
-1
-1
12452457
14952726
5593012
-1
-1
-1
-1
-1
9137935
1653426
7228030
-1
1032297
11263138
9650604
-1
10775747
456072
-1
8916554
-1
10012328
12922039
-1
-1
598410
-1
-1
3633265
8801421
-1
8492541
3341128
14746206
17725971
-1
4260838
5051824
3751118
220636
-1
3895690
1852822
12705802
11844143
-1
8006312
-1
-1
9657836
-1
6426261
-1
16033020
-1
5608395
3833308
-1
16878611
8395201
-1
-1
270628
-1
-1
-1
-1
367940
13332497
855718
4485466
-1
-1
17039937
5460451
9254659
5323904
5233326
-1
-1
3026515
-1
4491916
-1
-1
-1
-1
-1
-1
-1
-1
5275692
5357240
1704876
15332980
2619422
-1
-1
7860672
17682007
-1
-1
1148541
9073007
-1
797918
6029473
3053489
-1
5874515
6191401
-1
-1
-1
9770110
-1
-1
-1
-1
-1
2280316
-1
2333030
3224918
-1
-1
-1
-1
577594
-1
-1
-1
-1
-1
-1
-1
6533031
-1
10132282
16470128
-1
111107
-1
-1
-1
17717580
16199544
-1
-1
10664374
6789696
6224245
-1
6587978
-1
5460982
2730016
-1
3316672
-1
-1
4606617
-1
-1
15440697
-1
-1
434249
9752706
-1
-1
-1
-1
12126303
7730603
1651367
-1
-1
-1
17465772
-1
-1
12439271
-1
9267046
-1
4737358
-1
16492770
8919832
2281411
563052
11328063
6812793
-1
3973440
-1
7068989
-1
-1
786604
-1
727253
-1
-1
7726952
7244290
-1
1328691
14576820
14675508
5095843
-1
-1
14784888
-1
-1
-1
7000388
-1
12671859
2569908
-1
-1
17513126
8851033
3680075
-1
10464414
-1
4702872
2614002
11800002
5158283
4367434
-1
10286570
-1
110699
-1
-1
14735730
-1
14445010
6086753
18387360
7214967
-1
11744391
6809677
-1
4192282
842120
-1
9005718
-1
-1
-1
-1
-1
2022728
-1
-1
3248594
12213493
-1
-1
15294260
12325151
8946581
-1
-1
6636881
-1
6385245
6370651
-1
17250555
-1
-1
17653561
-1
7064652
-1
-1
-1
-1
-1
-1
-1
-1
13460251
-1
1890990
9841792
-1
-1
-1
54801
-1
-1
1621084
-1
-1
6097856
12862024
-1
-1
9790425
-1
-1
-1
-1
-1
-1
969915
14131698
1758719
-1
-1
-1
-1
-1
1909179
9165812
-1
-1
9915134
15337345
1583061
16054833
7202305
5643083
-1
16797667
-1
-1
-1
3330345
15757714
11112185
13591479
4606226
4596589
-1
-1
10446645
13406873
6770504
-1
-1
4070446
-1
-1
-1
-1
-1
-1
3141221
-1
12913814
-1
-1
676095
2717514
-1
-1
16300389
1487074
-1
13072789
5102131
-1
-1
7433263
7895181
-1
-1
-1
895002
737363
8946079
14442774
6277645
2702405
981969
-1
-1
-1
-1
13475099
-1
-1
-1
-1
-1
9716441
-1
-1
-1
-1
-1
1590474
-1
-1
-1
5121600
-1
700087
1920948
10399212
-1
-1
-1
3417429
-1
5799637
4781248
-1
-1
7636754
-1
-1
-1
7816737
3896569
9551227
11671958
2905169
-1
5629755
8714739
713064
-1
-1
-1
-1
-1
-1
1073972
-1
13559845
-1
-1
4961378
8031273
-1
18129728
1850730
-1
14006235
4053508
4164705
14643077
-1
10270613
-1
-1
-1
-1
1165848
-1
-1
-1
-1
-1
2766278
-1
-1
13348992
1667268
10606534
6013725
-1
11294610
-1
-1
-1
918100
-1
3397205
-1
8317448
5224714
-1
-1
4888787
12242315
-1
17332940
2774195
-1
-1
11378261
11640989
-1
10418050
-1
8809024
1212828
-1
752774
327846
-1
-1
375338
-1
14263156
-1
-1
-1
19111920
-1
1423380
-1
592880
-1
18061742
-1
15164687
-1
-1
-1
10983378
-1
5391379
3726306
-1
4479420
-1
-1
-1
-1
-1
-1
-1
-1
1676138
3053703
-1
-1
13216843
-1
10821148
-1
3564772
1330192
14958472
-1
-1
-1
-1
7897102
1884026
-1
4589327
-1
-1
-1
10868784
-1
-1
-1
-1
-1
-1
-1
9200348
-1
-1
-1
12987544
9394357
-1
-1
-1
11376770
8946372
-1
8875700
-1
-1
-1
2216595
-1
-1
16583297
-1
6049424
-1
-1
2737720
-1
-1
-1
-1
-1
-1
5517693
-1
-1
11479683
8694285
16446508
-1
2632836
-1
2857036
-1
20593393
-1
6824952
17398922
-1
777209
2190316
-1
-1
5183116
-1
-1
-1
-1
-1
-1
6841365
-1
-1
-1
-1
2706577
-1
1154970
2021903
4822452
9492711
16266718
1521165
-1
-1
229147
-1
6665694
-1
1496066
-1
4662255
-1
16011103
-1
-1
13591839
-1
-1
-1
10488044
10888799
3738334
-1
8059472
-1
14630174
-1
-1
2433834
-1
-1
-1
6431864
-1
-1
2310375
-1
-1
4696912
-1
13256733
-1
-1
-1
-1
14249990
18524654
4226689
2000360
4801780
-1
-1
-1
12300527
-1
3979478
-1
-1
8712928
3693621
-1
627750
-1
10808670
15579044
2150464
-1
-1
-1
-1
682046
2060638
4716132
15537636
4086372
-1
3591742
-1
14396955
-1
4127603
-1
1719541
-1
-1
7370902
16631191
-1
-1
2499720
-1
1461452
-1
-1
7552989
2358301
-1
-1
-1
-1
1354544
2100773
432844
-1
5690938
12548044
-1
4325020
6921465
-1
-1
-1
12597376
587928
-1
8575105
-1
9738131
-1
3794418
16884405
-1
11138119
2678581
9181790
-1
2113812
-1
-1
-1
3384330
7613510
-1
12242607
-1
3939023
8254521
10605430
-1
-1
-1
887808
-1
-1
16255296
-1
3075193
12093612
9271687
7809136
11368714
1387257
-1
-1
19251502
-1
2655491
-1
-1
7047743
-1
-1
17091870
5046647
-1
7965326
-1
-1
11304529
-1
-1
15331559
2783184
-1
7899614
2489394
-1
1881879
4291320
-1
8194672
11378588
-1
-1
245242
-1
15581825
2905053
5686143
9119380
-1
-1
15964262
-1
12444077
-1
9500072
-1
-1
-1
1285547
8195560
-1
-1
4452301
-1
10831308
-1
-1
-1
-1
6621860
9867591
-1
-1
7873990
-1
12977442
-1
634394
1796721
-1
-1
1102481
-1
4838276
10900569
-1
9383330
-1
6748208
-1
1390369
-1
-1
5928043
-1
-1
-1
-1
3678584
-1
1990070
4025192
9848084
-1
160205
2350152
5706551
-1
-1
-1
-1
-1
-1
-1
-1
6969757
9687785
-1
8005003
-1
-1
3089448
1401465
15275434
-1
-1
-1
3442763
-1
3231950
8304373
-1
-1
-1
-1
-1
-1
-1
7558282
-1
-1
2107294
1100376
9121995
-1
-1
-1
-1
9568530
-1
-1
3710695
3013771
-1
-1
3781945
15489895
15665716
18210860
13196764
10098221
1241254
6682239
4404459
-1
-1
-1
-1
-1
-1
-1
24671
-1
-1
11750314
10552250
5487746
6281284
11284726
14350804
3575273
-1
-1
-1
-1
1996133
-1
9634987
8734660
5683444
-1
-1
3862471
14160718
2699949
15147163
-1
-1
-1
-1
529666
11110805
16903228
4985029
-1
9468847
-1
-1
-1
6297923
-1
-1
12093838
9794870
3428043
-1
2980352
-1
-1
10866220
5525469
4716815
-1
-1
14495898
-1
-1
-1
-1
15352618
-1
-1
-1
970630
67771
8460442
2743452
-1
-1
226205
-1
5686508
-1
3158145
-1
6969535
-1
-1
5773842
4152698
-1
1497007
1973445
7239918
-1
4818959
-1
-1
-1
-1
2430347
-1
-1
17803481
-1
7656420
-1
-1
15691211
10280007
-1
-1
16205174
-1
43214
10993823
-1
13752515
-1
11723335
1431070
5083021
-1
10033861
10548458
-1
-1
-1
284425
-1
6222892
-1
7442684
-1
1745946
-1
5851320
7054028
-1
-1
4775333
8662069
-1
-1
-1
6226372
5622420
-1
5205722
10072807
472334
3232412
11671310
-1
-1
17186704
2944018
-1
9022517
-1
6373833
745954
-1
10577676
7565648
9689537
3440075
8341259
-1
7128774
1762856
6600726
7388089
-1
16288784
-1
-1
-1
835763
17904522
-1
1904804
5522878
-1
-1
2027188
-1
-1
-1
-1
14404267
-1
-1
2666230
1465693
-1
-1
12489103
-1
-1
11828321
10721053
17591170
-1
-1
1213523
16020242
-1
-1
8644859
-1
-1
7320812
-1
-1
-1
4241138
14007778
-1
-1
-1
535354
-1
-1
16586776
16874525
-1
9077634
-1
1322221
15555117
14496653
-1
-1
-1
18158351
-1
14853104
8670125
250199
-1
10934531
-1
2205049
-1
7008134
-1
3854636
8184767
-1
-1
4399858
-1
-1
8792343
11157099
-1
114101
6564193
317382
3013979
-1
8398410
-1
-1
-1
-1
-1
1782463
7367743
1368331
1270339
12476282
2156257
7869172
-1
9817704
14579787
-1
3374792
-1
-1
-1
12583165
-1
5867559
14002200
-1
6768253
-1
3497062
3186055
-1
-1
-1
2540886
-1
-1
6316887
4211885
5900715
4244007
-1
-1
6893607
9166970
-1
7511772
-1
16581290
15861274
-1
2344849
1607165
21565649
-1
8040738
-1
4727778
2529412
8240052
-1
-1
38925
-1
14174587
-1
-1
-1
7558639
4005514
-1
-1
17116628
-1
-1
10396740
-1
-1
-1
-1
-1
-1
11333571
-1
2012769
1484018
-1
3234146
15150557
-1
117344
-1
6967505
14412883
14849909
-1
-1
-1
-1
-1
5624839
2224150
6103986
-1
-1
14545012
2512581
13920207
-1
7449292
-1
-1
-1
-1
-1
7847720
-1
-1
4929437
-1
18683697
9919734
2489034
-1
-1
9632029
4121005
5252030
3245852
3735322
-1
620660
-1
-1
717290
2377181
6735652
11742723
-1
1180709
-1
-1
17643229
3196828
-1
5265157
-1
-1
-1
-1
14477029
-1
7808105
-1
-1
-1
18448792
8363501
-1
6319968
-1
-1
-1
6404874
13496616
12452838
-1
2376524
5207585
12302487
-1
-1
-1
3190509
-1
5178793
-1
12364026
-1
-1
3127080
-1
8148233
4693156
20050894
1349244
-1
-1
-1
-1
466371
10614410
-1
-1
-1
-1
14257062
3947059
-1
9428503
8126289
16505099
-1
15641417
4762001
3684968
-1
-1
10599730
4375107
1772945
-1
9057893
7983215
8941484
4193443
-1
-1
13470422
-1
7645895
2686049
-1
10295247
16292754
-1
17795604
-1
-1
15034028
3821387
-1
4340125
-1
-1
-1
-1
-1
-1
-1
8551576
-1
-1
9277739
1961161
9194854
-1
2438560
-1
-1
-1
14508363
3835083
-1
222785
5564275
-1
-1
-1
5073090
6292800
-1
15698138
1696013
-1
-1
5923726
12656559
1114395
-1
-1
5828278
10109638
4788433
16131570
-1
12616562
12272344
11788665
-1
-1
-1
-1
6219272
-1
14057416
-1
7703902
-1
-1
-1
-1
2765377
11381125
-1
528181
-1
3127858
3010184
14697097
4296252
-1
5586814
3758407
-1
16255330
6606978
-1
7738565
4565676
-1
-1
-1
-1
-1
3023972
-1
5886177
-1
-1
286768
-1
-1
10791679
3552596
13910825
-1
-1
6407825
-1
352832
14605445
6462396
-1
7561117
-1
12567395
-1
-1
7988470
11299624
392901
-1
2038848
-1
-1
-1
-1
-1
-1
295574
15694262
14842173
6183545
8103450
4619851
-1
-1
-1
15190505
9913945
12138252
-1
11164362
7138796
-1
15318363
-1
-1
14516677
-1
-1
11806156
2045301
-1
-1
-1
-1
-1
-1
-1
12545807
11933757
-1
-1
2354993
-1
-1
5411124
-1
-1
-1
-1
-1
-1
3386859
-1
-1
-1
-1
2880207
16140622
-1
1687944
5756793
10051731
12750866
-1
-1
-1
-1
-1
11989802
249652
-1
281206
-1
-1
-1
8467831
11210269
9436518
2127661
-1
2649722
4383542
2793034
-1
-1
-1
12219463
-1
-1
6358127
18204774
13274173
2594771
-1
-1
-1
-1
5365578
4317930
9152632
-1
-1
-1
-1
-1
8372190
2368809
11884118
-1
8716091
-1
-1
-1
-1
-1
-1
-1
4514032
-1
-1
-1
18029331
-1
9940103
-1
-1
151586
-1
-1
5391956
13730303
-1
-1
-1
1756219
5987501
-1
851582
-1
12421177
9167301
-1
-1
12650710
-1
-1
15132389
2272344
-1
-1
1445996
5094145
-1
-1
7252693
10332997
8504844
6903327
-1
-1
-1
22774001
870880
4957250
8242588
1527412
1170211
-1
-1
1125091
14571147
2978326
-1
-1
-1
-1
-1
-1
3289906
-1
6966824
4437129
-1
1212121
-1
8153599
18419067
6377944
-1
3385721
-1
-1
-1
4339664
532950
-1
-1
12263810
-1
7315284
11316626
-1
-1
-1
4264391
8634611
2274794
6810274
-1
14955840
-1
-1
-1
11045582
-1
8971517
-1
-1
3742915
3115183
-1
6095990
-1
-1
9170224
16679436
-1
11501151
363146
-1
-1
11094145
-1
10614335
-1
13556394
-1
-1
-1
16863429
8764016
-1
-1
8223269
-1
-1
15956521
8714825
-1
5875506
-1
2288854
4339528
-1
5136223
4177782
-1
-1
-1
183659
-1
6069535
-1
-1
-1
-1
7634575
-1
-1
4514160
10798217
9816487
14646836
-1
5830201
1564194
7564689
1905337
-1
10645316
14081804
-1
-1
2668886
2141260
3623530
6609716
5666827
-1
-1
-1
10042385
9366779
