255613
256804
243887
244077
235974
253954
246583
236406
233955
249236
260500
250890
251140
230826
247444
229110
251686
260928
241590
246509
238521
235585
238625
262699
232387
251652
261273
262377
241885
237091
231544
236844
247082
250290
239033
240228
248669
257768
245948
245856
261024
248024
241327
263944
254038
235666
258536
240309
230045
242490
234923
256430
248555
259900
248011
251008
270104
257177
224544
227694
236966
240831
260124
249944
239523
255934
255636
249349
250330
241602
250269
247348
262450
233054
252394
230204
265828
227799
235585
249221
248424
249083
238123
231442
246663
268204
238369
243398
247658
256944
243183
254277
236996
247810
243517
237282
247826
240539
252601
249147
243446
232650
236042
248075
250435
241880
249518
255117
237042
245810
246340
245214
249026
254115
237391
247394
235609
245589
237316
254777
256397
258851
256655
264445
255877
244998
260700
227937
238768
256593
246152
237789
233759
237138
229412
253970
243146
248452
245240
237871
233925
257995
229307
259681
247523
242885
238874
232824
240362
251034
248261
241076
232555
233098
249532
245403
259443
248527
229828
243743
240072
225464
251727
256495
235827
242108
243264
237860
247775
245538
258009
231547
231487
229770
248305
248392
230307
253880
228702
262743
245631
257522
255854
247496
234486
264793
262336
255686
257756
242554
243517
241024
248305
239687
245304
237422
258928
241584
242044
260233
251623
249688
237730
254675
234970
240398
246342
240886
262377
235051
240714
251878
256799
227998
241286
256149
253423
242549
246979
240770
257470
255823
263373
233219
260559
227532
249454
244154
231705
243109
237115
251444
237181
251239
266019
252494
261433
256579
261717
226651
246683
254645
258230
238409
249202
233342
223943
241785
255729
244657
266911
260959
241386
251856
232801
259866
246294
246578
244034
255728
263400
259362
244514
238676
265359
251049
246852
254816
261519
266019
245570
230951
258301
265059
249545
236558
249139
256943
246321
234381
241851
238900
253566
258815
250238
243870
245789
251738
254534
241730
258695
263250
255198
231490
258536
238453
237795
249236
251228
260370
245352
237569
249886
263101
229863
242901
251115
236335
245801
223196
243306
233527
259410
261311
239265
251335
258749
248610
242195
241217
263652
232027
242169
258910
242341
256495
246138
259024
244747
245522
244881
248384
236217
241948
243553
241190
266958
225229
238685
236782
257654
244516
260612
250703
244284
232956
252167
242960
238961
244861
250774
244882
243129
246285
239312
261412
247933
235822
252009
224146
234956
246245
260512
257075
252234
236086
257552
246381
236382
249634
261525
247998
248918
245850
259890
242496
260351
255215
222183
256921
239797
256904
249425
238569
235651
261179
254646
243255
257957
232958
254078
244161
247735
251555
257290
244876
258634
267719
241527
252151
256786
251658
246743
250195
248713
252081
243821
235358
247937
243615
229522
241286
257235
244799
244472
239805
245762
252159
231466
246510
259662
257552
243132
251851
237150
254860
245814
249039
237112
245505
242482
246526
241377
254454
236042
232699
233186
263154
228194
242972
260870
233075
243230
245683
236208
241133
252316
253671
229750
260122
263042
235130
234535
244888
248654
266813
236286
261525
229461
238294
249120
267468
250473
254623
244392
249314
248339
230389
256495
247386
245070
251504
246334
228000
231229
250950
250021
254184
225359
232356
227906
228803
251429
229447
224928
259254
253281
255839
251034
253099
246265
239162
239152
256839
242628
245666
255359
260928
238614
234624
259212
254882
255524
239336
221253
247771
239152
254981
238676
266594
239466
255219
233259
242573
269506
257324
246161
236995
246869
240024
241496
248024
238161
265616
247629
232000
233687
258738
249108
250886
238636
265033
247817
242868
253709
229370
246775
252605
229363
239159
253803
242510
230819
245452
236992
245094
261500
269093
240822
245482
237077
245800
269619
251394
243674
227902
257161
252321
239414
233513
250629
243858
253669
252814
259792
258416
238883
236660
232893
248305
247509
243446
250162
234988
237757
250343
251928
249276
261485
237214
243328
255045
232218
238251
264676
256934
220280
238179
250008
224080
256498
255186
240827
266997
226309
260891
224257
245018
228183
229588
249058
240145
257777
268922
245646
233844
245414
261781
255650
255425
247832
250245
249902
247274
246161
244434
256989
234618
251468
258208
250045
259203
248856
244543
246747
228339
233249
253157
229199
255642
261465
230410
245940
228205
260977
241913
247211
249065
254055
242583
247047
232824
252525
246551
243637
235589
245205
250245
257554
248923
250287
259287
251585
255500
231649
242563
262788
232740
238628
251063
262468
242323
241054
230521
239325
238371
243599
238102
230516
252179
253464
236592
232026
248953
254620
251444
263068
252073
247348
241621
264326
240090
231726
248140
247000
225262
266137
236312
238582
247546
241286
248682
240150
232022
232616
243119
225144
247648
245351
246177
243250
253404
257212
275984
241293
231654
246960
259942
242910
251602
242854
263364
253579
246033
239533
243129
229307
253882
261303
250781
256684
228110
241911
259058
253761
237485
251677
241721
258804
244900
261192
227040
247658
248386
240524
250277
236219
253341
232966
238602
243208
260222
250653
249126
242081
241129
237608
234155
246265
253251
231351
233674
237179
255047
252255
237826
246224
243597
244709
244084
258464
245589
237081
237625
239885
266444
247706
254372
249238
239325
245905
242779
253567
234166
248235
249457
243822
228189
244149
238640
263483
266958
249676
246809
264750
261432
253899
242649
242016
248983
259519
253704
238921
240891
258384
235081
223196
248618
239562
228785
244514
243109
236643
258967
245808
254725
251510
249588
231002
227888
237247
257677
248464
254252
235871
254796
256121
246237
264326
262531
240137
241803
239600
265561
234125
252992
247086
239463
256681
250177
231757
242402
249624
251121
227721
245278
234232
240859
266672
243344
260377
246946
243745
243113
232858
259726
239304
232256
256212
245102
249942
227767
243812
227966
247597
243235
252469
242599
256018
261984
261024
229032
262891
260099
251444
260403
248235
237137
244368
253518
257448
244122
254318
256554
247931
254115
253406
243100
231789
246009
264742
244348
236428
246256
252350
233798
234885
230947
262975
245112
240539
251984
256249
251054
233889
255923
221437
261964
243208
237993
243139
231645
245660
253919
234592
229691
261282
249494
239109
249724
260223
223376
246568
239430
240990
241595
261728
229199
231760
241110
244835
231542
246524
236092
232906
263782
244296
259962
236097
236137
253865
236643
243902
231681
254162
263278
261112
249768
260093
220248
240192
257256
246077
248060
241476
263546
238892
260735
253154
257222
244459
268260
247394
235804
238781
250338
235899
240825
256018
244906
241557
259673
249726
248748
255708
261021
252425
254917
263735
250649
237367
244844
258823
261538
248901
248654
238526
235559
257470
236461
250434
236500
268824
262624
260322
238867
231419
256829
243437
231243
246686
257477
253260
248227
243968
232680
261820
241525
246183
228025
242496
256904
252977
241886
234365
255998
227552
232254
258954
236741
246178
244432
235118
257175
230691
239096
253378
244027
243448
259450
237670
252021
230652
250638
239491
253342
254917
246081
243812
230569
247972
241512
252599
250104
232824
261633
241423
233347
260959
244875
235526
227011
252048
269093
245611
246575
258076
258596
238799
254646
243883
265544
256813
239662
252647
264743
235651
241465
260870
255379
232115
236428
264510
248498
258009
259707
245932
252548
259078
243076
257071
238567
236084
238375
241930
251852
242496
235589
247826
247073
231895
257384
256412
259601
259212
240915
233262
232740
243839
254810
241904
264546
251641
249771
244820
258701
245329
228435
265824
237682
254946
254098
235735
237427
232356
256441
241850
231721
256640
254073
248305
240318
253561
250043
228811
238499
256249
251144
247962
243235
247996
230912
236139
247770
266455
240651
243172
252800
267523
237181
226815
250468
247256
263482
245772
234118
261604
240326
247270
242325
252918
245652
226417
251851
226651
228242
236335
257874
235281
249370
264278
242850
243032
231724
270272
238520
245833
245423
234665
256217
262637
255112
244616
235079
249485
241650
225054
255124
228575
246145
245667
247539
256092
252484
262368
262510
240334
265269
253697
245017
243241
226348
263222
226302
245089
224653
258299
238803
237209
251822
250148
231419
252183
246244
250044
259786
242953
239618
255173
264163
257138
266650
240457
222548
246227
239895
268138
259212
239497
243879
259856
240278
245885
244755
234171
255529
248583
260688
234232
241898
253404
244542
240733
251936
249594
241456
242989
230573
238525
243963
251300
238931
253639
237820
258609
232514
230799
246077
249777
247181
226799
227905
231380
257265
247509
250014
238871
240971
247520
251612
246177
232718
243885
251442
263176
263111
229667
251100
255854
232684
239616
242627
264377
232913
232947
234960
243217
258905
264215
248750
246331
241611
260588
249595
258009
226998
262677
245559
249922
236925
241174
228523
251368
245492
235283
260988
242044
249409
237625
239838
243854
267728
257068
234260
250118
261800
262638
251070
237409
231810
238539
249276
237693
255927
244670
223622
239936
266989
239636
239707
230149
232728
238102
231173
246979
262489
248978
243655
245163
250829
236698
234001
250901
236382
239920
240396
234640
221625
240765
242002
241676
248464
251238
242173
233186
240003
238701
258880
217801
243183
244436
249659
256050
241987
260851
244297
245652
242615
251638
260420
245095
237941
261733
266780
226663
252171
256821
245714
249388
236321
231253
263652
264235
255000
249496
240522
243363
250767
220248
262782
260845
261563
250810
256383
253704
250159
237990
227834
251168
257565
253582
261651
244196
236398
243632
250630
241955
250461
242527
232808
258244
237179
235723
259921
267328
235611
245628
245614
246738
225605
242621
233530
229371
251665
247074
252284
241227
248321
230819
247029
253463
253850
255305
231522
236042
234910
265246
248555
237552
240268
249248
261023
252219
246799
234587
222965
247496
261513
247353
251263
225931
232134
225634
242344
238961
243473
267636
237266
244775
227055
244558
236697
233120
263886
255333
258154
254252
263203
222506
258222
232801
242926
234895
239051
251655
247896
246876
235606
233587
249463
250703
229161
235716
270034
248104
256189
249238
254777
252305
249276
230045
254509
231459
256886
248654
225721
260172
256813
258614
253738
241774
259533
249545
241227
234229
230991
224753
255742
245460
256337
246876
251791
247694
265654
252994
229732
260911
263176
239668
248904
239508
228352
244844
245191
263239
244434
247981
249834
236075
219306
265123
230368
244277
261858
248906
257522
245129
245722
241318
241703
264782
261663
228065
261984
246567
258626
244123
242955
252993
239710
257785
240900
232254
230449
246285
244149
261782
249575
237447
266444
242785
254599
254542
259203
247064
248804
263111
231956
244328
251172
232265
253272
244402
242960
255241
238636
264461
236396
255951
247981
261459
229447
243109
241443
236042
252750
242212
246653
246169
239662
254162
247069
247930
240440
238628
261021
238743
251943
244670
226941
250491
235391
245102
261035
240851
252025
259923
264716
269788
258357
256698
237477
234766
243146
243064
247886
243372
220195
234179
243837
245301
242910
255347
225265
259796
253906
247790
249703
255070
240136
240280
235585
248165
256995
256216
239033
256621
226518
242352
245954
230952
249944
246573
251421
241304
261844
237640
235562
248973
243119
255523
228086
250865
241072
249675
247223
248576
254006
238565
248484
243615
235779
257504
250724
235846
263210
227445
253097
248121
251063
251619
235770
245212
247328
258245
231042
255031
249956
252993
264970
225774
260674
235559
257437
233146
246670
239562
263187
244150
242163
244998
241496
235596
252361
264269
245931
234869
259494
254078
239780
231351
253776
235226
268616
239743
230496
228387
237744
255868
260640
227237
262753
251782
236894
259050
230368
241639
244027
238874
254012
269224
224522
260890
247956
253006
241149
248406
236084
249161
237552
256136
237842
222183
256005
245963
241165
253136
247770
245129
253732
250506
240274
243113
236378
249289
236121
239409
256039
226461
249859
235573
252068
239776
246852
245389
246502
247648
255365
243255
265112
237913
234255
252241
257541
249668
247980
260575
253564
251459
232878
246391
242387
250837
230569
240990
238326
233094
225552
249922
240955
242926
235682
239186
228237
259795
219441
239653
249627
246524
228402
251669
253244
241557
234697
248304
248190
255628
244614
240090
242599
263979
251772
234645
247939
248460
252844
251284
230036
257257
253776
258351
231760
244980
254157
264793
249866
235070
233513
261609
243606
243890
239662
245199
240612
241429
237284
258328
243061
232464
249272
228702
254646
256763
235417
257550
247444
256046
247981
249811
245142
248586
236069
238043
250178
227767
235365
257292
239338
239990
237307
257709
258416
230592
251589
256315
245811
255329
252029
258274
222162
238566
250950
261928
249597
250069
237553
235183
247509
248235
256796
264325
247661
243109
241195
256641
250481
264914
237422
253880
248675
241318
263045
243230
240754
261303
261825
257777
248361
243843
263176
259756
264208
254816
257331
251040
238213
243304
229782
262999
254173
239497
247196
255917
254812
250251
246879
253742
258870
256839
242200
255404
219803
230304
241293
261281
266743
250966
246331
246331
240686
264377
238842
236504
242269
265561
233204
238979
267210
249276
245337
244657
242672
265828
253189
232724
254943
237431
242319
243621
243943
264997
235313
250586
237513
261076
246942
242672
232123
235735
251339
242010
223799
242710
249716
245507
245048
253116
251339
238453
243374
253330
239914
245541
262506
250327
241370
245875
232856
246579
238156
250929
238960
254034
241459
242854
232212
267425
236630
249046
267643
259852
252484
246797
244738
239956
228223
241930
253249
239265
257773
249147
254542
264436
249768
253189
237898
245991
252365
227672
263410
248425
263381
262101
262538
242866
252068
261302
258560
258106
224775
247882
246631
244713
232913
248732
243121
242019
253282
258322
240129
260911
267425
265323
249979
263222
241377
257290
243588
234808
232530
235391
245095
223937
253245
231532
234607
246812
243949
241910
234618
245173
248936
245112
247332
245239
252416
267854
258965
243979
255728
254276
238069
239382
259562
248794
229316
243782
242152
260364
227966
262496
243050
229990
251686
244747
248215
272927
236075
243867
232506
245944
250570
252688
256625
227055
242179
243498
245999
247770
250946
248075
254956
232491
236686
237609
246756
273906
253189
229668
266007
236919
251669
248831
238409
245919
242985
232243
243764
232794
240714
257010
225093
253345
241921
250869
239605
252240
240045
252814
244213
237620
231037
252000
249852
268734
251913
255268
246655
243621
240537
233447
246285
220930
243050
247797
265222
266813
236592
258937
242850
252807
240571
228454
243133
255686
247353
235093
254529
230951
232221
227906
243664
257426
234886
247393
243665
242932
244136
256451
267865
235347
245538
238448
244387
229279
230367
256952
246924
242093
248649
242342
243012
238566
246463
250032
241190
224435
233726
262856
247640
262239
236617
229934
245352
245178
258996
243234
253251
261733
251328
243749
234862
256412
245414
256099
246502
248982
250251
257016
248037
243773
240526
244354
229458
252327
264034
246526
230569
250694
241630
243469
220280
250582
250872
250714
236404
246551
253592
240714
265306
262018
231334
265539
239818
234121
236406
262250
242993
234895
242718
242441
257864
232956
243583
234152
226704
244504
243858
251252
256051
249398
242016
247084
240153
250290
246632
261746
237797
243355
244993
241237
227412
253431
238204
226942
256995
251811
245640
243170
261167
250157
232998
258075
241930
253039
233113
263426
248035
254630
233259
255012
228205
253905
238666
237372
240398
252424
255245
248405
255031
241584
256449
242952
237209
264018
241865
226880
251216
255523
247513
244044
234960
235247
270731
242272
243843
254404
246296
252844
244138
249380
236042
274311
252795
238892
265316
262304
263960
236717
251182
262880
242012
258456
237112
239455
243941
236128
242554
243721
228072
233495
251677
240955
235045
230429
257530
228194
241584
233809
248731
268147
244728
249520
261282
250955
253882
246017
230006
261514
252138
257608
245395
232580
266997
254882
245288
240217
260618
258104
249159
249796
243595
260876
242695
245206
254799
258040
257729
267316
247077
244712
250157
264914
268510
240495
257943
243035
238291
243278
238386
251444
235111
255489
234620
251365
242241
245554
248002
231858
246942
240145
246081
247957
242177
246708
249624
253704
247301
250649
233776
260143
254178
235976
236941
256868
251329
246337
235093
257680
265614
239558
246345
258389
241165
239038
221843
245631
252497
222893
238085
247559
259933
225054
244688
267719
252365
240398
265740
230613
233364
231442
255329
263946
221820
254867
236503
223817
246194
249596
256895
246520
256998
246581
255394
251447
245806
247322
246466
246736
248107
259890
250793
244518
234118
236758
248335
248570
249358
238260
228463
223440
254040
232304
234790
248037
233633
243865
237871
258967
248904
252558
246925
260749
241829
245870
241043
250030
231577
261411
253726
241249
248848
239600
248320
254462
253448
230919
266964
262854
243391
225211
248996
254999
264793
246172
227904
240690
236169
258890
239939
263317
243813
236240
234888
232356
235629
243569
229934
245145
232057
240342
246834
240415
255063
241760
243343
256643
241987
263710
255434
238417
249575
237239
246335
229667
251034
247678
239363
241815
246357
245667
248392
259883
229518
230432
259041
245447
254115
254646
234259
229370
235263
251808
274205
229934
257740
252985
230224
233844
240546
246338
235611
250420
266854
250719
244819
240857
261542
237640
238927
245070
224159
243225
245965
253150
243886
233159
234154
255864
252180
263243
237745
242330
245173
251154
249639
247948
242407
233510
270289
259447
243489
253406
232676
253251
254554
232855
233186
254216
240831
251562
246526
244196
234587
258166
246323
238476
246281
262975
242353
242868
259048
256268
253150
242522
249906
238991
252801
229732
232132
241792
257542
232265
261871
257106
221140
250893
244835
232496
237513
257442
226937
234490
231426
243633
241694
262710
246834
260270
245003
234087
267209
245821
258703
245987
236083
240140
224431
255359
246583
229032
255431
261569
231381
253778
254377
262358
244310
248121
260813
237753
227565
251737
232151
237569
251840
229049
249502
248835
247862
238877
258798
229600
255494
247544
257027
228811
238102
254696
257773
238301
260623
249345
254928
256995
226752
248858
257654
242549
232574
254216
263546
245775
246835
265740
244387
259349
237910
246126
229990
253336
237042
247452
237864
238178
253171
241952
244432
261519
248843
243567
254729
257175
247326
239405
237077
231415
236396
239247
250675
236219
239920
259468
227005
241516
245893
259186
242519
257698
239223
243080
245496
243960
245195
237372
258009
248606
229871
254005
249498
231796
250266
264564
262690
258168
250807
258527
242345
238569
240396
234001
254345
241781
243989
251928
238649
246653
225658
238862
249182
243091
246371
254509
232573
231903
225494
245726
240228
236651
230663
242010
249339
265064
243294
233882
235673
237644
248429
241418
245176
248904
229973
251094
248148
224435
252311
252236
251401
228178
242495
248659
230889
236121
241823
270793
238861
253366
224345
243583
236042
242187
245827
265232
245089
263211
252634
266228
236834
237317
241245
244819
266088
248339
248415
231585
247544
233681
241851
228086
263426
256829
247962
242819
255665
237206
237908
242551
241880
252996
246978
244453
248706
241995
236503
233962
248669
225494
259180
239304
232506
236165
248517
245176
233510
250493
231912
237620
227744
241030
249796
251037
245814
254858
250258
260889
263751
265240
234648
235965
226234
249398
264750
247244
268480
257879
234725
227571
232464
250942
232113
242073
266672
265222
250269
257324
238859
232878
227420
241686
239245
252462
225429
253097
247898
245405
256051
245047
229316
245730
245489
242953
247530
249953
239929
251168
257442
240075
240294
255284
246759
253837
248060
255215
252365
231939
251946
272927
223627
236428
239084
231850
254320
252020
235606
246148
248464
226752
228251
237497
240955
240935
242258
244216
256005
251433
246948
226387
233185
250571
236779
259814
252521
240526
240326
238377
222259
246784
256763
252316
260616
227552
250066
246249
221822
252180
241386
232153
228523
245371
248558
249588
250786
259756
241721
258536
247022
266093
268981
243583
253742
275967
267822
252016
236662
229723
265323
252739
242253
256628
240963
248385
240176
261733
236834
233397
255970
262685
241024
262699
248568
250260
252134
251211
255523
263178
247493
233199
248994
250998
246548
261316
252058
251110
255618
260872
242760
243595
238251
243278
239304
244196
245521
239057
234993
257048
252025
243597
235319
233510
245642
241535
240970
249491
236896
252704
247264
250465
242586
237737
243082
263393
246081
244392
249688
230149
235721
245907
233633
243583
243032
251220
250851
224775
254884
252877
237876
232318
256890
253883
249811
249627
245869
247706
231779
260124
226234
243900
262378
248418
251804
