1 1000 989 3000
881 882 5734
777 778 3875
337 338 8438
286 287 5384
658 659 544
878 879 1510
111 112 1056
788 789 3408
177 178 4097
77 78 2639
442 443 4434
284 285 9126
997 998 223
39 40 2229
419 420 7168
632 633 318
409 410 7801
980 981 1521
892 893 6029
733 734 7971
746 747 9049
682 683 4316
934 935 3524
659 660 7778
664 665 6940
303 304 5358
179 180 2475
694 695 3204
962 963 5154
127 128 7137
462 463 918
192 193 8719
976 977 358
404 405 6801
705 706 2109
176 177 3618
520 521 5241
846 847 7261
579 580 5285
740 741 4345
537 538 9122
566 567 1850
650 651 7099
572 573 7644
949 950 9584
295 296 1139
387 388 6068
834 835 685
639 640 1643
606 607 7282
597 598 1038
454 455 3375
194 195 9659
782 783 5288
7 8 3477
61 62 1602
146 147 4045
960 961 3489
299 300 9846
156 157 7294
457 458 8233
125 126 783
948 949 4644
807 808 2369
278 279 9618
139 140 4622
158 159 5984
692 693 2397
287 288 5366
385 386 4967
432 433 2084
470 471 9097
787 788 9408
183 184 6780
330 331 9229
774 775 6222
246 247 9450
741 742 3783
823 824 8275
546 547 2105
660 661 3291
938 939 7248
593 594 552
336 337 6469
968 969 509
37 38 7221
46 47 208
452 453 6639
873 874 9694
260 261 1565
646 647 5016
904 905 4176
916 917 2223
559 560 9830
535 536 8178
247 248 801
521 522 8099
234 235 6670
800 801 1335
501 502 3623
271 272 8445
709 710 8647
386 387 3264
824 825 5049
613 614 6844
374 375 7919
666 667 645
151 152 1771
986 987 3008
333 334 2019
150 151 3616
596 597 2416
56 57 7032
200 201 6910
360 361 5012
82 83 9003
232 233 3253
32 33 5197
363 364 8323
195 196 2355
36 37 5267
582 583 617
500 501 9891
78 79 9321
742 743 2001
471 472 2842
475 476 9189
731 732 4999
594 595 1476
762 763 6401
101 102 7800
716 717 2509
776 777 7704
42 43 9085
354 355 8247
280 281 8350
276 277 6651
882 883 7832
165 166 7952
289 290 4767
104 105 6479
178 179 2190
722 723 2333
245 246 839
765 766 9236
872 873 2377
927 928 6182
945 946 8819
585 586 8787
358 359 6143
21 22 7305
527 528 667
137 138 1065
335 336 9727
809 810 4956
978 979 1194
215 216 1180
114 115 5178
220 221 1020
223 224 7619
231 232 2866
543 544 5421
667 668 8224
100 101 4380
814 815 2279
623 624 6295
988 989 9498
946 947 4842
238 239 7660
9 10 2849
180 181 7503
381 382 5313
204 205 8320
922 923 362
553 554 4809
586 587 8735
169 170 7588
959 960 3722
947 948 7788
617 618 6362
476 477 8904
281 282 4888
273 274 8227
970 971 1390
963 964 9152
635 636 3238
67 68 9474
757 758 5459
448 449 5137
444 445 58
625 626 5719
97 98 2663
344 345 8031
822 823 1807
642 643 5666
552 553 8042
33 34 7820
324 325 1531
910 911 7221
879 880 9665
445 446 3946
435 436 6803
123 124 881
767 768 9369
600 601 5880
645 646 9716
805 806 8191
241 242 5890
291 292 4439
540 541 4800
416 417 5472
569 570 7168
201 202 3056
356 357 6399
893 894 1421
631 632 5940
756 757 5408
403 404 3273
252 253 9776
30 31 3055
611 612 3701
843 844 10000
420 421 364
641 642 6154
210 211 861
8 9 3100
555 556 3979
871 872 1015
601 602 1412
718 719 8912
250 251 4784
216 217 388
700 701 5457
466 467 5614
662 663 8816
702 703 6274
503 504 9193
362 363 363
380 381 4577
967 968 1943
206 207 467
894 895 1566
317 318 9822
530 531 7689
758 759 6042
608 609 9485
152 153 5525
630 631 3063
845 846 6342
313 314 7294
6 7 806
15 16 5782
19 20 7790
248 249 4378
704 705 4981
399 400 6230
464 465 8045
428 429 3934
651 652 9369
251 252 4124
298 299 3008
338 339 9815
895 896 9951
339 340 8360
190 191 5257
58 59 3460
388 389 6817
532 533 7355
950 951 3775
636 637 8496
874 875 7733
267 268 8215
550 551 8127
590 591 2378
376 377 4915
576 577 6315
63 64 1239
885 886 7370
34 35 7450
239 240 7530
153 154 3738
17 18 9188
424 425 2611
382 383 9944
583 584 5302
903 904 4883
446 447 1565
427 428 8170
54 55 9687
188 189 5207
930 931 9996
26 27 7645
461 462 5187
847 848 8850
283 284 7971
106 107 7117
875 876 1869
235 236 4534
721 722 9698
966 967 4038
263 264 617
366 367 6549
992 993 6478
915 916 8763
455 456 6238
652 653 6858
149 150 8797
377 378 9169
956 957 6863
162 163 9475
634 635 3370
725 726 3997
93 94 7443
332 333 7925
60 61 4202
899 900 6511
320 321 8936
406 407 3201
715 716 9915
191 192 2644
94 95 1825
370 371 229
981 982 8651
984 985 355
224 225 9148
851 852 845
886 887 3651
837 838 4271
477 478 847
371 372 1262
1 2 7536
275 276 1614
622 623 1283
412 413 1808
213 214 5131
628 629 4548
994 995 5227
836 837 5383
16 17 4937
533 534 417
18 19 3313
841 842 20
319 320 6632
144 145 8264
164 165 9369
961 962 5165
395 396 9900
699 700 8457
975 976 6273
437 438 8388
413 414 6331
2 3 1454
734 735 4799
3 4 2099
665 666 8952
193 194 329
369 370 1810
679 680 5358
499 500 9886
211 212 7478
154 155 5796
785 786 5781
408 409 1879
844 845 7355
296 297 5091
222 223 4627
514 515 9619
712 713 2263
391 392 3781
236 237 539
761 762 7499
865 866 9069
88 89 7128
138 139 9007
359 360 9856
723 724 5040
568 569 6046
548 549 1984
48 49 7247
911 912 5205
806 807 4501
669 670 4488
302 303 9935
695 696 7133
306 307 2783
29 30 9407
891 892 7697
557 558 2706
95 96 9672
449 450 9618
24 25 500
438 439 459
842 843 7283
161 162 8618
159 160 290
199 200 1117
300 301 4313
829 830 3555
488 489 342
565 566 8732
589 590 7211
701 702 4302
672 673 6088
584 585 9177
861 862 5901
696 697 9260
524 525 9100
99 100 7859
134 135 6895
198 199 4648
172 173 9877
196 197 3194
588 589 7131
560 561 3305
513 514 2023
687 688 9609
993 994 2596
693 694 5472
541 542 8173
797 798 9054
663 664 2542
649 650 4507
212 213 2608
838 839 9031
982 983 9998
485 486 1379
778 779 674
573 574 2516
349 350 1182
117 118 3701
257 258 76
973 974 2764
833 834 6919
35 36 9770
373 374 4522
538 539 5399
561 562 6877
587 588 1122
389 390 7831
857 858 684
802 803 6278
277 278 1613
780 781 2785
468 469 3604
936 937 8481
205 206 8815
888 889 506
418 419 8008
122 123 8318
407 408 8869
279 280 3193
350 351 7649
518 519 958
47 48 6048
517 518 1737
244 245 5733
343 344 8272
401 402 2669
207 208 2848
795 796 999
678 679 9681
574 575 4771
855 856 4315
932 933 8990
353 354 8317
896 897 1806
155 156 7294
25 26 326
173 174 2385
342 343 1213
717 718 1262
261 262 7289
592 593 1284
939 940 1192
459 460 7710
91 92 1698
884 885 9922
186 187 1117
102 103 1250
732 733 4554
323 324 646
367 368 8208
126 127 8044
684 685 8538
107 108 2332
900 901 2479
647 648 8937
595 596 3276
203 204 4827
766 767 1555
131 132 9215
769 770 8409
714 715 6553
474 475 7313
627 628 3187
440 441 3477
423 424 6473
393 394 7209
602 603 5291
479 480 3757
793 794 1206
209 210 5330
372 373 9611
755 756 2765
902 903 734
995 996 6290
217 218 2595
763 764 4573
89 90 7340
539 540 1605
292 293 9426
648 649 149
282 283 9047
708 709 5232
681 682 332
974 975 5034
268 269 1715
996 997 8580
655 656 4475
877 878 240
0 1 8130
453 454 5839
615 616 5189
683 684 4706
228 229 5559
308 309 8154
400 401 9151
110 111 6209
249 250 3756
849 850 7897
724 725 1347
609 610 8965
136 137 1639
637 638 2613
935 936 7762
312 313 4038
443 444 9649
751 752 8856
57 58 2402
352 353 4308
486 487 7400
972 973 9524
318 319 8872
460 461 9278
668 669 8238
113 114 6191
436 437 9102
505 506 7506
80 81 9519
547 548 9089
817 818 6660
773 774 9720
529 530 8343
923 924 4276
492 493 5665
309 310 1387
483 484 8421
451 452 6372
491 492 9463
142 143 7682
820 821 6941
928 929 712
919 920 7133
361 362 5358
643 644 3721
52 53 2015
545 546 471
124 125 4188
38 39 3771
826 827 4583
680 681 3769
794 795 3796
913 914 1738
23 24 727
345 346 3872
347 348 4249
951 952 3584
166 167 7146
242 243 4225
62 63 5154
998 999 2561
305 306 9467
942 943 505
952 953 1995
43 44 3046
128 129 1898
571 572 3440
148 149 7023
883 884 1937
22 23 2733
612 613 6706
325 326 3669
181 182 5702
174 175 4738
685 686 932
167 168 7906
897 898 4233
754 755 7097
497 498 3869
262 263 3008
990 991 1688
901 902 3502
355 356 1431
103 104 8555
219 220 5725
619 620 3668
775 776 9649
558 559 974
368 369 4874
736 737 6930
603 604 6929
792 793 4643
439 440 1829
551 552 2622
27 28 5721
441 442 3400
570 571 7640
819 820 8638
864 865 7540
316 317 1499
473 474 3604
783 784 7261
924 925 7664
720 721 9714
294 295 6819
73 74 4417
835 836 3447
92 93 838
860 861 7024
830 831 246
815 816 4784
810 811 5866
243 244 7722
744 745 9923
977 978 9545
321 322 1138
322 323 3611
504 505 6464
534 535 8333
577 578 7336
327 328 559
713 714 8025
957 958 195
53 54 7742
983 984 2525
753 754 4234
163 164 5951
671 672 832
285 286 1312
906 907 8682
604 605 5512
730 731 8762
197 198 2768
482 483 3194
184 185 7036
688 689 640
264 265 7698
430 431 4982
989 990 4048
737 738 4853
821 822 8266
502 503 8709
909 910 847
827 828 7320
269 270 8249
182 183 3863
925 926 7210
808 809 5208
507 508 7022
719 720 2039
13 14 6728
405 406 8064
90 91 6472
489 490 79
752 753 5782
59 60 4463
314 315 1869
310 311 4399
614 615 7204
425 426 6179
160 161 2592
272 273 3032
519 520 8596
456 457 2627
506 507 623
511 512 4926
661 662 6624
656 657 8646
133 134 9939
591 592 6136
657 658 7097
44 45 9325
307 308 3689
937 938 8556
258 259 3467
79 80 5581
869 870 1397
770 771 5358
66 67 6768
816 817 5244
727 728 3647
20 21 3766
791 792 3811
880 881 6584
75 76 6768
859 860 5768
943 944 4485
218 219 244
876 877 3588
311 312 3793
175 176 8846
301 302 9420
563 564 3213
866 867 8087
633 634 1491
706 707 9734
690 691 5094
523 524 2107
898 899 6150
965 966 2623
81 82 4080
394 395 1339
508 509 43
616 617 1882
711 712 7550
86 87 354
304 305 7600
230 231 8683
98 99 969
481 482 8413
50 51 7324
868 869 3629
41 42 8363
447 448 8381
498 499 9582
554 555 3825
697 698 3634
415 416 1894
472 473 8319
747 748 2191
848 849 8905
240 241 6879
522 523 9331
575 576 3944
750 751 5973
689 690 599
14 15 2516
130 131 9637
640 641 5486
147 148 7207
813 814 4466
743 744 3207
564 565 8240
955 956 5867
889 890 2403
129 130 998
402 403 4368
598 599 9318
109 110 7301
991 992 8594
626 627 2792
140 141 8989
858 859 1292
638 639 6634
921 922 5862
760 761 7517
64 65 2594
487 488 5088
686 687 6705
390 391 4511
65 66 1739
297 298 357
620 621 9286
674 675 516
987 988 2807
853 854 1954
567 568 8270
433 434 1903
907 908 7371
745 746 5538
187 188 3392
463 464 2696
202 203 7267
185 186 909
118 119 1524
890 891 483
351 352 8030
83 84 9490
677 678 2264
825 826 5621
341 342 70
516 517 8558
624 625 5259
221 222 6308
288 289 7276
414 415 5545
429 430 3483
431 432 5455
703 704 8798
69 70 1121
478 479 3581
265 266 8207
953 954 8306
729 730 613
326 327 2463
818 819 6759
10 11 5062
790 791 7455
398 399 4680
840 841 4479
931 932 6970
789 790 9789
675 676 2517
375 376 8830
469 470 2194
85 86 9823
749 750 6715
621 622 7610
315 316 8336
227 228 9480
331 332 3778
116 117 2711
771 772 9020
253 254 5611
365 366 1570
168 169 4626
509 510 4101
480 481 7777
120 121 1779
384 385 6077
531 532 479
490 491 7148
189 190 4500
739 740 2104
108 109 9637
233 234 9032
266 267 3151
786 787 8622
811 812 7012
484 485 7099
610 611 6187
804 805 1748
293 294 9577
392 393 6263
698 699 9014
496 497 8641
422 423 7802
969 970 1281
971 972 5513
870 871 4365
653 654 379
905 906 5364
670 671 4473
121 122 8372
379 380 9023
735 736 760
171 172 5879
779 780 828
96 97 7588
831 832 6646
654 655 7810
396 397 9121
11 12 1356
954 955 9230
958 959 8421
912 913 5763
676 677 8411
726 727 8495
738 739 7256
605 606 2875
979 980 3719
141 142 4662
536 537 8374
796 797 757
781 782 1864
237 238 8239
920 921 865
76 77 8148
542 543 3292
105 106 848
801 802 8260
512 513 6037
918 919 580
132 133 3853
274 275 1876
764 765 3695
914 915 3417
562 563 1526
434 435 1119
618 619 7564
74 75 5247
629 630 4574
383 384 5884
397 398 8113
410 411 539
525 526 7242
941 942 4700
748 749 4535
494 495 8360
329 330 4728
328 329 8448
493 494 8126
87 88 8265
270 271 3841
334 335 47
135 136 6847
768 769 1070
340 341 3432
51 52 575
940 941 4499
707 708 7036
55 56 9164
710 711 4259
528 529 6252
72 73 7644
917 918 2188
45 46 2090
985 986 3758
759 760 8241
556 557 2172
867 868 3165
799 800 974
112 113 4771
411 412 9863
850 851 5423
346 347 6340
157 158 9711
812 813 6533
255 256 139
28 29 6334
933 934 8259
465 466 7370
290 291 9522
214 215 813
357 358 8483
784 785 1982
170 171 2125
854 855 5891
887 888 1631
599 600 9118
644 645 1473
49 50 3091
378 379 731
254 255 3274
691 692 6723
208 209 3259
115 116 6227
798 799 7614
839 840 8789
259 260 8073
31 32 9017
803 804 7747
944 945 24
510 511 9630
450 451 5921
728 729 9252
71 72 4120
40 41 6675
417 418 5768
4 5 6201
856 857 6834
926 927 6653
929 930 2051
12 13 895
581 582 8566
526 527 2495
421 422 2038
852 853 7898
772 773 828
145 146 2515
226 227 6231
862 863 4086
68 69 9836
119 120 614
580 581 5529
426 427 3485
607 608 3026
832 833 3479
84 85 4872
495 496 7058
225 226 8153
578 579 4991
458 459 8938
364 365 3331
515 516 2723
143 144 3515
673 674 4670
70 71 2979
256 257 6306
66 973
41 956
6 955
19 912
76 914
56 949
51 943
33 943
58 998
46 940
84 909
77 989
53 961
72 991
56 919
89 969
87 929
0 907
71 935
58 990
85 914
1 902
93 904
17 947
100 922
100 961
72 993
20 993
83 980
34 964
43 909
26 922
47 975
53 900
81 910
36 933
66 928
57 922
57 918
12 968
49 913
80 913
29 946
93 934
10 968
36 963
11 929
10 926
10 941
66 928
43 931
80 957
57 942
22 915
5 965
98 970
26 997
67 916
65 910
4 902
57 923
18 971
7 999
43 929
3 956
88 924
99 937
99 916
54 902
82 925
60 977
10 981
17 993
66 952
93 954
82 912
43 935
9 935
62 904
56 936
98 906
96 921
88 938
87 913
42 942
89 922
29 989
30 931
82 981
14 927
71 905
97 943
39 985
14 963
5 937
73 951
14 903
25 983
20 986
13 947
43 959
91 948
80 986
89 945
5 961
93 910
84 932
23 952
88 988
78 980
48 989
24 967
41 994
40 909
36 964
40 932
62 905
18 938
23 969
79 953
0 917
29 935
15 901
74 942
68 918
98 904
56 916
54 972
82 921
10 967
25 901
32 949
89 954
97 909
24 985
14 903
55 935
37 958
76 979
47 980
74 921
35 933
9 929
76 984
10 952
8 968
5 924
92 961
22 937
2 927
10 922
77 937
91 912
10 950
73 909
100 928
45 946
69 957
83 997
43 940
2 931
47 904
91 928
20 932
86 960
75 964
80 966
80 957
61 925
87 913
41 965
58 976
61 932
8 988
67 921
87 938
43 909
74 953
15 994
63 981
61 902
99 931
95 958
72 999
77 913
32 996
88 954
11 963
99 969
95 944
60 989
35 916
75 917
58 907
12 934
0 948
95 940
93 948
83 973
42 923
46 989
22 995
44 968
100 958
10 907
35 933
10 978
29 906
82 979
13 959
73 948
99 997
61 994
33 946
18 909
17 927
63 993
63 973
24 975
88 919
56 926
12 945
92 914
13 976
20 936
5 991
60 913
73 985
91 986
90 979
4 929
83 963
31 930
18 962
92 959
56 926
32 961
24 989
35 955
87 967
11 960
58 981
9 963
84 929
11 901
40 985
31 945
83 925
84 977
2 966
96 993
8 995
85 907
97 928
12 901
19 952
64 930
76 938
75 983
55 916
93 913
62 990
11 956
70 976
68 929
77 979
22 952
62 966
45 983
7 943
59 911
31 933
55 994
64 901
13 958
23 984
14 974
41 913
84 926
61 932
32 982
8 956
31 909
34 904
36 984
18 991
15 970
92 962
54 978
98 917
28 927
81 971
36 973
77 961
31 938
24 964
63 932
36 980
99 973
68 910
63 917
15 921
36 933
53 925
4 943
57 996
34 950
65 936
60 999
35 974
82 968
7 990
7 995
20 925
62 929
86 981
62 963
7 957
87 990
5 907
22 914
61 952
79 968
45 924
54 966
26 929
63 910
80 993
18 991
81 955
87 919
21 905
98 977
11 943
32 960
24 969
49 985
12 917
64 938
7 991
49 956
35 962
34 992
57 931
92 961
33 929
52 909
14 913
50 976
43 936
60 943
35 902
72 930
84 985
46 918
46 981
41 979
87 991
60 960
35 995
36 985
51 998
3 961
44 976
66 909
31 918
87 969
67 964
60 941
13 934
9 907
59 952
71 943
23 961
34 992
63 971
8 912
10 905
86 981
9 983
96 944
49 964
80 944
11 946
68 915
68 952
92 946
40 918
18 982
83 971
35 973
94 977
26 965
100 988
96 998
88 950
13 924
86 945
74 926
85 962
0 962
51 958
91 994
70 963
42 949
60 968
54 983
63 977
29 955
5 998
97 947
44 940
99 971
92 951
91 994
65 926
50 912
72 939
53 923
37 955
42 937
33 953
17 954
51 966
41 971
46 972
28 932
62 919
73 999
83 979
40 909
97 904
25 995
41 935
8 950
36 921
89 900
30 936
61 987
75 913
0 966
97 994
33 979
62 989
94 942
20 939
10 908
66 954
92 950
22 949
19 924
6 965
38 968
12 987
15 903
36 928
73 916
81 984
96 987
91 904
33 955
49 949
88 963
4 945
34 994
92 963
87 934
69 949
23 970
61 951
29 916
18 922
18 926
73 992
24 945
23 900
84 940
32 999
6 903
47 978
2 975
79 933
39 904
32 985
13 963
66 942
1 976
68 986
31 914
71 922
69 959
41 977
60 913
74 954
4 991
64 920
82 939
55 912
20 938
67 953
95 990
39 902
92 951
70 992
76 979
26 965
28 975
61 979
11 929
87 972
63 901
21 933
97 917
29 961
13 954
28 958
95 961
73 990
61 981
44 923
8 971
65 993
6 976
76 960
3 927
94 997
45 938
39 932
77 938
88 977
59 941
29 973
85 908
44 955
13 980
95 925
1 942
69 936
46 910
56 982
48 913
82 991
61 908
26 973
57 935
10 994
83 904
7 998
65 910
53 985
77 964
10 977
92 960
11 907
4 925
80 965
45 965
100 929
47 905
58 999
64 914
57 929
31 917
19 915
18 928
60 924
85 975
17 925
96 946
54 933
61 998
88 951
68 982
12 979
43 901
86 950
1 942
96 979
51 995
9 944
95 925
66 960
91 997
91 909
7 952
66 907
76 911
77 916
51 972
42 979
18 941
31 999
77 998
97 915
78 902
75 923
55 959
73 925
15 981
29 965
93 952
11 964
33 907
28 990
59 954
28 921
96 979
62 907
41 969
42 933
49 927
50 981
56 979
81 988
61 943
25 961
27 973
79 966
77 907
95 959
92 948
25 945
90 904
65 920
94 953
84 924
1 931
16 984
39 958
1 947
18 937
42 993
89 926
82 992
94 975
72 940
1 920
50 930
36 917
12 978
28 949
20 916
87 991
91 906
3 964
100 996
5 917
19 956
4 973
49 995
47 994
40 938
44 923
35 966
0 916
56 995
0 977
39 902
84 945
87 955
13 927
68 957
81 916
60 999
40 936
73 946
7 967
63 901
48 953
51 913
93 917
10 933
3 919
75 959
83 925
80 947
5 923
25 922
3 941
50 969
42 988
72 999
94 954
54 979
73 931
62 946
86 925
47 955
44 910
46 983
29 940
86 908
11 934
47 908
24 941
44 990
22 955
20 957
5 932
3 906
42 934
87 988
38 950
8 976
22 999
23 948
24 911
71 911
9 903
64 967
32 981
94 984
10 945
24 971
81 990
90 934
5 914
35 900
1 932
73 977
43 984
65 991
99 938
48 953
18 903
24 997
8 921
72 918
31 976
93 948
27 990
7 970
21 928
71 982
69 910
97 979
90 969
65 992
30 908
82 951
70 992
75 949
23 993
50 998
67 923
3 972
22 967
39 904
28 989
48 961
92 911
53 913
47 934
22 919
11 998
8 906
62 991
5 991
10 994
77 936
100 969
80 981
99 929
76 983
58 985
99 926
9 948
50 976
44 961
38 952
53 935
59 920
20 932
1 904
8 926
78 999
71 982
8 963
59 937
37 967
97 953
71 981
32 954
11 912
62 900
63 911
0 965
49 932
15 936
11 968
1 977
32 980
11 932
62 968
81 972
75 901
13 993
29 955
93 982
79 904
41 995
35 955
34 988
50 934
24 958
84 998
33 985
54 936
100 999
1 941
24 937
14 949
20 943
21 940
52 955
56 940
33 913
34 992
35 908
35 980
45 926
70 971
99 971
84 948
29 945
77 922
84 942
73 970
44 908
42 972
35 938
18 970
77 924
24 979
4 975
59 949
20 920
21 914
91 999
55 960
88 965
26 901
100 904
39 947
77 960
42 931
88 938
53 976
55 961
2 984
67 958
27 933
38 973
22 933
2 987
32 935
35 966
95 963
97 906
5 932
94 966
1 987
60 935
43 922
45 940
79 902
12 976
8 941
88 914
66 982
27 972
89 949
38 933
25 913
62 964
76 925
95 992
6 975
81 936
22 910
26 923
23 992
66 946
60 920
54 930
24 976
74 943
18 992
47 991
9 994
69 929
78 940
59 992
3 930
71 917
7 927
67 927
23 925
37 963
58 921
59 976
27 902
15 927
27 901
80 931
58 966
63 982
65 984
15 920
66 976
60 989
76 994
56 950
64 934
11 936
89 922
47 957
19 944
24 988
5 940
80 971
60 963
82 982
71 975
80 986
72 956
77 903
61 956
61 988
21 920
88 983
69 917
95 937
47 994
81 929
52 926
64 969
47 920
5 904
10 993
3 953
3 978
32 962
50 980
99 947
94 989
89 987
27 917
96 919
33 940
21 933
17 996
24 900
26 961
95 914
26 905
81 944
96 930
23 950
94 999
30 912
33 987
9 910
52 954
28 962
62 917
35 998
45 956
65 985
92 935
36 944
45 903
14 997
99 993
7 953
73 948
31 931
79 998
72 967
43 950
29 976
2 947
53 994
33 969
49 974
72 929
69 929
10 955
0 951
83 916
24 940
83 917
96 962
91 999
32 999
70 979
31 924
44 952
67 953
50 965
9 964
67 904
45 980
44 989
0 968
50 963
80 964
91 907
14 962
15 962
81 946
23 904
35 985
36 941
84 949
96 949
9 922
10 904
97 906
92 937
77 977
19 911
50 947
18 954
41 922
91 994
52 954
30 920
70 934
1 937
92 949
4 928
48 955
77 909
88 947
71 911
24 951
30 966
21 929
78 924
30 936
6 984
87 959
35 992
69 978
76 917
58 986
91 964
78 913
37 924
30 901
66 903
29 984
58 962
80 990
17 968
23 912
69 983
22 918
71 978
31 958
55 986
60 945
69 904
56 973
30 959
47 904
72 995
52 919
66 952
30 973
35 941
78 996
54 961
69 955
93 924
34 948
17 903
87 905
90 978
52 917
100 920
85 912
34 963
27 924
97 909
2 966
54 926
47 960
38 932
3 970
38 902
0 939
51 949
4 945
4 907
47 929
45 970
25 903
48 909
15 999
68 917
16 951
82 910
34 923
16 966
96 950
69 984
17 931
20 946
30 972
1 914
39 973
6 967
5 975
61 990
93 948
52 958
18 976
13 958
1 955
73 905
47 969
40 942
19 904
69 904
95 960
15 960
88 904
40 912
98 960
17 945
39 935
71 922
44 987
67 984
91 921
88 973
78 960
44 966
10 995
47 940
82 987
29 949
81 973
39 984
65 901
29 918
37 996
6 904
95 983
39 964
42 973
37 992
33 915
48 978
58 992
27 955
8 934
12 983
42 936
22 941
16 911
52 919
10 973
49 973
48 977
62 959
71 910
28 974
97 996
59 933
55 946
92 954
37 934
21 945
32 968
43 930
97 991
12 934
81 957
63 924
76 952
33 992
25 961
60 944
49 962
12 931
69 948
0 901
18 926
8 985
11 906
97 950
18 949
82 917
85 913
29 985
15 934
34 971
77 956
79 957
22 986
72 977
25 995
39 906
28 936
5 957
35 930
40 965
39 937
22 973
4 965
98 984
66 938
89 922
12 921
97 928
49 909
24 905
9 974
13 968
82 981
67 965
36 932
98 964
14 908
85 955
82 989
54 983
98 963
0 928
19 967
18 926
0 947
86 979
15 918
12 947
7 939
0 949
28 996
10 968
36 994
3 972
93 988
26 956
24 975
87 945
82 978
46 962
12 944
55 924
20 913
91 908
98 977
13 903
4 979
15 985
75 938
65 976
69 923
52 903
14 967
37 937
15 935
8 992
76 988
55 988
81 966
38 914
55 906
91 974
98 981
54 935
49 935
33 941
5 964
28 981
51 924
56 951
40 970
33 959
52 941
26 966
49 992
84 966
97 952
2 994
13 978
92 990
46 985
13 918
49 934
0 971
37 983
77 991
36 954
88 921
87 975
9 941
100 980
2 928
36 990
51 921
42 946
67 928
56 946
6 918
12 951
98 911
82 910
1 925
68 977
18 980
55 928
60 919
30 914
57 937
13 925
82 980
97 987
52 943
70 945
69 971
61 985
19 939
46 934
0 942
65 957
46 901
100 967
56 955
90 929
88 904
87 996
60 989
8 927
17 916
4 967
53 970
60 950
64 951
97 937
31 928
49 978
45 966
14 988
98 983
38 912
71 949
0 938
93 992
37 927
64 907
23 941
52 971
19 953
50 946
72 980
57 921
43 936
48 957
43 954
99 993
22 988
4 901
57 906
65 971
95 986
83 964
21 944
43 915
57 982
74 986
19 905
88 984
64 907
78 945
84 925
6 996
75 912
50 918
40 908
63 938
29 985
85 999
76 943
13 991
73 997
81 991
81 924
29 919
42 921
10 909
94 992
93 912
29 958
80 947
8 919
38 958
59 910
77 919
88 933
32 902
40 971
45 941
2 983
100 916
33 909
55 921
51 990
38 901
6 991
33 941
23 946
0 928
40 923
53 957
55 970
27 995
59 982
58 970
63 969
77 925
2 901
98 926
0 907
8 954
64 942
88 935
28 900
30 919
91 905
17 983
55 924
84 978
57 968
0 993
21 911
34 901
32 945
23 909
51 977
62 957
39 955
15 918
74 916
16 913
6 994
52 947
5 972
79 997
33 951
33 981
92 987
83 992
8 946
15 916
80 947
55 939
64 969
74 949
45 949
45 987
14 909
53 911
86 916
93 997
20 943
17 964
35 968
98 996
91 960
48 906
64 907
10 930
31 945
71 930
19 987
85 965
6 993
76 959
59 964
99 999
67 972
72 906
1 952
67 995
39 992
65 930
7 920
90 944
35 911
38 976
43 949
73 926
99 908
49 986
51 993
15 934
36 950
100 911
83 993
90 938
11 938
77 988
68 940
25 942
84 987
98 967
12 960
86 911
41 980
52 924
17 937
98 929
25 999
67 922
65 923
49 988
20 907
28 911
95 948
42 944
20 998
83 945
37 926
91 950
55 946
23 960
36 957
29 972
69 912
21 923
72 919
25 975
6 983
16 954
3 984
61 934
3 994
51 971
73 963
40 952
71 987
36 972
48 905
7 970
67 930
9 936
43 970
44 970
89 977
59 987
13 995
28 968
38 981
53 939
20 999
14 984
12 920
7 999
46 958
100 926
82 944
27 918
1 996
15 996
49 926
97 974
64 975
75 992
72 914
86 982
86 900
16 952
47 942
85 983
23 991
64 972
75 904
22 957
9 997
35 977
3 962
54 905
19 961
7 950
52 964
42 917
38 999
73 966
49 952
25 990
21 928
66 955
83 904
65 965
17 969
81 927
11 917
72 940
23 932
8 929
84 966
12 968
25 970
9 917
92 995
58 928
67 908
68 967
86 952
32 994
87 990
87 993
74 968
16 982
79 968
54 986
17 921
86 945
64 963
34 929
91 945
7 970
87 951
96 950
42 972
66 987
80 911
84 967
19 939
68 917
24 964
63 939
83 961
59 961
56 933
35 978
94 930
61 999
95 929
16 959
11 933
20 936
37 945
26 941
96 999
48 981
49 919
41 954
77 936
82 993
91 916
37 976
89 971
24 908
5 941
1 900
61 908
81 963
24 969
69 932
30 954
52 973
46 961
62 923
30 935
35 989
64 954
94 918
66 909
94 927
48 956
52 951
45 996
77 956
16 942
97 936
81 925
67 936
75 974
79 916
41 962
15 997
70 970
92 909
6 943
90 965
30 934
100 959
46 914
36 927
43 903
78 947
70 961
47 941
40 995
3 901
58 928
26 962
93 947
98 916
46 902
96 913
6 913
45 919
18 951
15 913
35 951
40 917
4 904
71 948
64 999
98 960
32 924
97 901
81 951
75 989
15 937
18 998
81 959
58 945
47 991
50 995
69 934
21 991
75 944
27 914
34 940
93 931
44 974
46 910
7 979
100 941
36 933
72 932
59 987
57 918
54 948
83 988
33 999
46 919
42 988
72 905
36 994
4 976
10 969
58 983
85 982
12 939
10 936
38 909
62 997
2 933
35 952
43 991
48 970
18 943
59 965
32 905
48 911
33 944
63 956
52 900
8 942
45 911
22 967
47 931
25 991
95 976
85 959
42 944
82 952
47 996
21 996
74 933
86 956
84 959
85 938
1 981
46 982
17 992
6 902
82 972
76 984
56 901
69 989
78 988
95 918
79 920
49 953
71 978
69 944
34 981
80 980
78 931
46 939
71 920
98 992
35 973
32 932
15 908
60 937
31 933
36 942
31 951
50 960
75 982
91 966
7 972
35 991
56 909
30 901
63 981
68 906
2 989
38 991
40 961
44 990
46 933
78 962
5 973
57 976
75 980
3 984
79 910
57 933
93 944
42 914
9 975
29 931
25 962
2 918
93 937
74 986
49 957
75 928
79 934
9 944
7 933
21 913
73 954
39 932
85 912
1 954
41 929
5 962
69 954
1 908
56 919
44 984
29 916
54 914
65 932
99 931
63 955
29 952
56 970
52 984
24 947
40 900
35 954
49 919
89 944
29 906
82 903
55 943
62 977
80 936
31 906
96 970
17 909
6 952
87 945
45 934
31 951
86 937
12 944
71 949
86 959
16 999
94 900
25 932
37 971
62 994
58 923
61 935
54 979
40 944
80 962
88 942
48 975
79 971
95 912
51 969
80 949
13 976
32 900
2 912
99 908
56 961
39 932
60 960
45 953
23 949
95 954
66 985
3 999
18 904
28 978
89 977
77 991
29 957
44 911
23 970
49 979
16 950
19 983
58 946
2 970
19 909
11 943
2 990
5 940
16 939
4 918
6 939
26 951
23 914
77 983
84 991
5 922
69 964
20 957
72 988
92 962
74 906
4 930
30 990
17 935
82 921
55 985
48 904
100 903
71 984
18 909
19 930
30 929
2 951
23 901
97 902
1 999
83 908
11 918
94 969
70 996
82 923
42 906
14 931
67 984
30 936
42 969
28 945
38 935
77 982
80 962
66 909
90 905
90 972
5 998
40 947
28 913
86 922
79 977
31 991
29 924
47 961
32 954
47 999
62 950
87 902
69 999
36 926
83 953
21 976
34 980
17 992
72 931
14 961
78 945
75 987
70 975
35 941
56 901
32 983
14 984
32 961
88 999
55 923
79 966
57 958
81 931
80 909
49 945
0 919
77 998
37 934
83 908
38 977
64 989
36 921
4 992
51 919
35 996
26 949
18 969
52 953
6 990
37 999
76 976
93 961
100 948
70 914
18 951
22 988
73 917
11 924
90 991
42 902
79 977
19 917
95 931
0 996
77 985
97 905
98 925
72 986
77 924
55 962
97 972
83 905
34 937
23 919
23 905
10 902
77 940
55 962
88 950
83 915
56 999
93 989
66 977
40 927
9 962
83 962
25 990
67 944
82 946
75 946
0 930
79 991
30 991
86 932
2 937
36 949
79 971
59 980
70 905
80 935
97 911
46 987
11 982
66 937
67 910
82 956
35 942
44 913
14 990
82 938
14 984
37 902
91 931
5 906
6 968
3 968
83 989
31 953
82 982
13 913
4 939
70 931
44 912
37 971
41 928
31 930
89 900
41 915
10 942
15 988
48 941
38 984
97 996
85 928
49 936
11 926
81 913
83 929
17 999
91 955
60 942
88 919
29 911
1 945
51 936
2 998
22 934
70 931
19 910
65 978
92 990
43 929
46 989
69 929
85 938
65 901
53 942
71 997
37 931
56 939
94 989
57 955
83 942
92 929
11 990
63 986
23 910
12 907
71 961
88 982
52 928
61 947
11 945
96 981
67 923
2 921
5 960
50 934
10 981
55 922
18 944
12 926
72 996
67 960
21 990
36 973
5 982
36 956
93 945
28 973
76 905
93 933
38 928
19 934
53 998
11 943
11 946
61 964
68 998
2 948
83 917
75 971
44 920
12 901
58 918
26 954
13 997
11 911
51 971
97 982
99 923
12 913
32 992
80 911
59 911
66 900
66 939
21 932
93 946
50 951
37 938
58 942
7 998
90 981
23 902
67 950
39 965
75 957
40 908
39 977
42 938
39 984
11 989
6 924
77 983
4 984
84 946
47 921
14 950
85 992
49 907
82 914
99 911
44 990
97 969
69 992
94 986
18 992
91 913
34 965
82 964
80 964
87 992
31 982
90 964
78 904
3 975
76 924
38 918
4 979
75 945
24 953
40 940
60 939
2 991
88 945
33 960
60 915
88 932
72 957
33 988
38 977
86 936
20 938
24 965
25 995
91 910
12 901
30 931
23 988
19 946
58 977
70 917
51 997
67 998
34 936
22 960
45 986
70 916
78 990
77 958
27 989
60 950
4 904
69 905
14 926
32 971
14 931
38 942
3 958
15 937
67 939
64 918
38 953
38 904
3 900
39 965
99 974
15 945
63 941
10 964
4 974
63 980
67 980
85 902
73 952
89 931
31 992
75 927
38 939
79 906
90 971
18 931
82 997
40 915
18 926
100 985
86 904
65 926
2 998
22 978
47 927
48 906
31 937
38 987
62 963
75 937
87 925
32 940
3 941
4 901
59 997
58 964
82 958
52 946
52 903
66 965
6 962
73 953
91 907
90 956
53 945
96 924
93 968
94 907
24 916
100 991
25 999
91 956
23 987
64 979
83 987
69 910
99 917
99 977
64 948
55 989
81 926
3 973
20 963
86 995
78 948
74 932
42 941
99 953
43 988
26 900
8 934
90 982
96 992
59 941
46 958
37 941
4 969
40 967
65 909
28 961
15 997
44 953
15 937
28 954
40 944
84 937
36 996
81 956
4 938
97 982
15 980
39 927
42 903
64 995
15 980
59 949
7 934
41 914
57 932
42 938
12 987
1 991
13 950
82 955
24 963
90 912
27 993
53 918
18 909
29 979
62 953
93 953
28 962
76 978
52 993
83 945
81 988
16 941
37 933
21 954
7 994
98 995
45 936
86 945
90 997
10 922
47 929
10 968
70 959
2 906
41 938
13 910
59 927
9 999
72 997
76 947
86 996
7 929
9 932
2 943
23 910
90 990
29 983
53 987
68 947
40 996
72 952
25 930
29 997
63 988
18 987
79 902
52 915
37 969
31 903
49 985
60 908
46 967
27 907
20 991
77 916
44 903
50 901
73 962
35 932
12 920
46 934
68 926
59 984
30 913
33 991
65 902
7 909
90 989
35 953
99 951
68 962
82 934
85 977
19 952
3 915
39 924
42 948
95 992
13 983
8 937
37 901
6 952
39 998
66 981
90 906
53 986
58 975
82 968
47 927
94 976
8 933
53 991
31 958
41 930
66 937
75 993
42 912
21 935
61 918
3 973
50 964
29 986
77 987
64 969
81 925
37 932
55 983
5 931
39 948
53 916
33 951
11 986
8 948
63 972
15 915
40 900
8 906
95 931
86 943
71 917
35 996
71 990
95 951
50 917
64 945
87 917
10 909
74 923
23 955
73 927
30 923
94 963
99 911
39 946
38 963
84 906
73 955
97 912
49 949
7 950
39 919
88 947
94 900
27 910
2 914
80 922
9 917
4 982
46 919
80 900
68 918
18 956
6 929
94 975
58 914
45 963
41 934
87 991
53 987
64 980
47 985
14 948
93 992
68 963
80 938
37 921
5 917
30 913
33 950
20 922
86 974
6 946
19 939
27 926
52 993
37 999
77 967
93 988
49 938
57 998
49 963
70 982
59 933
69 990
61 954
20 994
95 951
70 950
19 980
66 924
4 961
21 983
49 968
60 934
70 901
21 987
50 902
14 980
37 975
12 939
12 922
68 910
16 967
74 902
1 918
61 906
38 925
10 906
26 971
65 955
3 905
15 971
49 968
66 999
2 973
24 966
38 960
63 945
42 963
85 940
79 993
40 953
91 917
33 959
100 944
12 928
86 978
9 960
69 917
68 971
55 987
55 917
33 909
27 928
18 985
17 903
13 905
70 922
31 966
97 979
76 966
9 940
6 991
25 972
6 920
59 995
81 920
14 906
43 902
12 929
56 916
72 980
11 952
100 994
14 917
43 924
5 914
12 980
100 942
70 956
50 933
53 969
5 928
78 919
10 972
79 909
70 970
27 945
22 949
16 950
65 950
14 962
35 930
73 949
64 992
35 952
9 995
80 971
95 953
14 937
80 936
5 964
66 917
36 908
66 902
19 990
93 946
11 980
13 998
99 974
60 991
50 999
85 930
98 915
7 971
46 935
97 999
44 905
77 941
7 902
81 965
71 949
47 914
45 982
77 952
86 903
30 919
27 975
45 976
13 928
52 987
38 970
53 978
51 977
98 971
99 967
5 923
45 976
24 924
37 950
28 995
96 950
11 961
85 937
46 955
89 953
21 986
93 961
11 996
0 999
92 909
74 945
75 956
71 986
54 966
85 984
94 930
48 914
87 962
90 996
63 972
54 952
30 922
61 998
56 961
64 940
69 907
46 910
46 971
38 954
16 918
43 961
40 991
85 994
65 996
94 953
81 970
56 960
14 990
48 993
73 996
42 986
78 921
62 991
98 976
95 965
27 979
49 999
61 908
21 953
71 959
97 928
85 927
16 987
82 955
89 917
68 948
69 990
0 918
0 937
70 948
92 979
84 912
68 934
46 974
5 995
74 934
3 909
82 920
21 966
79 958
32 974
57 952
84 963
1 983
62 928
12 939
37 999
6 920
78 928
43 944
52 976
7 907
6 950
39 941
23 988
84 947
56 951
67 968
36 945
30 924
63 979
30 957
5 935
46 952
71 981
36 910
64 961
45 955
28 907
3 937
2 963
7 953
76 963
32 973
50 921
46 997
74 955
18 968
14 976
78 964
0 993
36 987
62 982
31 973
40 934
67 980
57 986
53 904
56 988
46 907
39 966
60 928
92 909
16 946
26 927
93 911
28 906
83 940
59 912
87 975
24 978
82 948
51 976
64 950
41 968
69 951
45 911
15 934
57 999
93 926
86 923
38 986
89 934
59 937
39 930
1 967
23 907
41 975
99 981
40 975
93 900
49 960
78 987
95 940
46 953
73 956
17 929
30 955
36 960
9 929
82 987
81 999
92 979
11 916
26 961
98 980
3 975
1 912
41 903
14 946
60 951
43 951
57 963
71 986
38 977
32 950
76 945
84 998
93 900
26 955
92 969
13 953
46 956
24 980
40 985
68 985
45 964
31 922
6 999
33 911
87 903
69 915
36 983
47 978
94 903
17 977
8 948
2 948
38 966
99 987
57 967
37 969
27 938
68 927
33 967
47 994
93 990
26 969
58 977
27 972
83 910
62 933
35 908
96 901
28 988
82 937
24 960
1 960
99 903
87 989
68 910
51 954
5 916
37 999
92 930
96 987
97 937
87 979
98 980
60 920
60 972
54 936
5 985
45 945
25 936
94 921
71 955
95 988
16 989
18 936
47 965
63 940
94 922
14 989
48 951
26 983
32 993
71 999
53 948
88 982
65 980
7 942
71 956
46 986
63 929
74 992
26 942
54 937
73 939
34 900
95 962
40 939
82 908
48 926
39 916
82 974
94 926
89 923
41 930
24 948
0 904
0 913
65 959
92 989
16 972
78 995
0 978
35 974
49 923
92 968
45 973
88 915
71 953
58 946
13 997
69 952
61 993
7 993
36 970
34 925
75 967
62 930
10 907
44 905
44 950
