10000 1000 1000
1 2
1 3
1 6
1 11
1 59
1 61
1 69
1 230
1 1247
1 1502
1 1587
1 1990
1 2072
1 2644
1 2922
1 3198
1 3296
1 3599
1 3631
1 3654
1 4435
1 4460
1 4539
1 4697
1 5344
1 5474
1 5595
1 5665
1 6035
1 6126
1 6142
1 6546
1 6690
1 7317
1 7617
1 7742
1 8023
1 8601
1 8782
1 8802
1 8838
1 8992
1 9095
1 9116
1 9377
2 78
2 135
2 538
2 1021
2 1036
2 1091
2 1376
2 1393
2 1550
2 1637
2 1957
2 2067
2 2750
2 2928
2 3237
2 3498
2 3681
2 3749
2 3871
2 4054
2 4335
2 4418
2 4464
2 4500
2 4598
2 4628
2 4787
2 4926
2 5060
2 5409
2 5493
2 5695
2 6207
2 6491
2 6531
2 7011
2 7076
2 7234
2 7244
2 7465
2 7698
2 7741
2 7785
2 7862
2 7946
2 8141
2 8214
2 8370
2 8431
2 8502
2 8558
2 8619
2 8647
2 8934
2 9559
2 9652
2 9775
3 4
3 136
3 196
3 200
3 353
3 712
3 933
3 1628
3 1645
3 1716
3 2188
3 2368
3 3070
3 3334
3 3504
3 3606
3 3710
3 4075
3 4204
3 4279
3 4390
3 4847
3 4960
3 5030
3 5390
3 6067
3 6772
3 6793
3 6796
3 6888
3 6894
3 6965
3 7169
3 7198
3 7396
3 7473
3 7594
3 7605
3 7685
3 7783
3 7823
3 8288
3 8404
3 8597
3 8933
3 9460
3 9550
3 9632
3 9670
3 9831
4 5
4 10
4 18
4 544
4 880
4 1199
4 1294
4 1539
4 2019
4 2190
4 2857
4 3193
4 3344
4 3348
4 3620
4 3780
4 3927
4 4071
4 4218
4 4431
4 4477
4 4506
4 4596
4 4824
4 4878
4 5313
4 5378
4 5459
4 5631
4 5804
4 5936
4 5981
4 6145
4 6300
4 6653
4 6736
4 7071
4 7109
4 7283
4 7338
4 7529
4 7552
4 8004
4 8353
4 8603
4 8697
4 9091
4 9263
4 9353
4 9680
4 9692
4 9719
4 9847
5 7
5 24
5 39
5 47
5 71
5 73
5 114
5 276
5 293
5 303
5 349
5 445
5 643
5 706
5 1167
5 1477
5 1496
5 1591
5 1722
5 1899
5 1993
5 2062
5 2837
5 2844
5 3100
5 3101
5 3190
5 3302
5 3991
5 4065
5 4189
5 4756
5 4777
5 4785
5 5249
5 5264
5 5692
5 5759
5 5988
5 6179
5 6656
5 6739
5 6862
5 7303
5 7305
5 7418
5 7673
5 7695
5 7704
5 7720
5 7879
5 8976
5 9012
5 9104
5 9142
5 9405
5 9465
6 8
6 9
6 12
6 34
6 81
6 267
6 291
6 384
6 616
6 862
6 953
6 1014
6 1241
6 1286
6 1468
6 1731
6 2077
6 2106
6 2372
6 2440
6 2477
6 2748
6 2808
6 2897
6 3114
6 3124
6 3177
6 3849
6 4353
6 5005
6 5052
6 5672
6 5736
6 5982
6 5989
6 6530
6 6538
6 6613
6 6833
6 6975
6 7490
6 7539
6 7839
6 7896
6 8478
6 8958
6 9618
6 9945
6 9996
7 25
7 43
7 46
7 460
7 530
7 901
7 1074
7 1081
7 1367
7 1670
7 1889
7 2088
7 2409
7 2818
7 3092
7 3240
7 3512
7 3643
7 3945
7 4101
7 4102
7 4154
7 4191
7 4211
7 4228
7 4442
7 4462
7 4645
7 4710
7 5131
7 5146
7 5293
7 5367
7 5481
7 5495
7 5789
7 6087
7 6874
7 6886
7 6895
7 7010
7 7105
7 7350
7 7480
7 7637
7 7989
7 8065
7 8246
7 8248
7 9049
7 9168
7 9190
7 9278
7 9396
7 9557
7 9722
8 490
8 583
8 897
8 915
8 1246
8 1467
8 1554
8 1572
8 1707
8 1763
8 2336
8 2429
8 2509
8 2605
8 2626
8 2682
8 2812
8 2882
8 3088
8 3211
8 3565
8 4408
8 4747
8 4864
8 5375
8 5803
8 5899
8 6277
8 6287
8 6318
8 6525
8 6577
8 6747
8 7047
8 7356
8 7466
8 7806
8 7988
8 8014
8 8034
8 8100
8 8153
8 8158
8 8277
8 8300
8 8436
8 8610
8 9038
8 9286
8 9427
8 9645
8 9733
8 9745
8 9857
9 50
9 592
9 636
9 714
9 790
9 925
9 982
9 1260
9 1390
9 1444
9 1531
9 1671
9 1840
9 2196
9 2337
9 2519
9 2602
9 2871
9 2952
9 3049
9 3132
9 3663
9 3890
9 4290
9 4427
9 4625
9 4698
9 5176
9 5338
9 5402
9 5433
9 5578
9 5605
9 6157
9 6159
9 6370
9 6584
9 6756
9 6994
9 7119
9 7146
9 7809
9 7889
9 8010
9 8211
9 8485
9 8518
9 8576
9 8608
9 8804
9 9268
9 9415
9 9864
10 16
10 17
10 27
10 58
10 397
10 623
10 1191
10 1397
10 1586
10 1897
10 1986
10 2260
10 2283
10 2583
10 2722
10 2770
10 2912
10 2961
10 3408
10 3513
10 3969
10 4701
10 4759
10 4815
10 5009
10 5676
10 5840
10 6400
10 6465
10 6515
10 6539
10 6668
10 6674
10 6803
10 7036
10 7037
10 7213
10 7507
10 7582
10 7749
10 8035
10 8250
10 8339
10 8691
10 8766
10 9040
10 9235
10 9350
10 9666
11 65
11 124
11 245
11 383
11 483
11 710
11 752
11 766
11 1165
11 1782
11 1968
11 2141
11 2276
11 2315
11 2332
11 2585
11 3019
11 3147
11 3325
11 3731
11 3923
11 3939
11 3965
11 4458
11 4916
11 5165
11 5273
11 5410
11 5523
11 5752
11 6115
11 6241
11 6533
11 6581
11 6596
11 6750
11 6966
11 7058
11 7065
11 7221
11 7406
11 7452
11 7485
11 7491
11 7518
11 7522
11 7549
11 7555
11 7705
11 8059
11 8127
11 8347
11 8398
11 8511
11 8674
11 8695
11 8731
11 8761
11 8943
11 8950
11 8998
11 9043
11 9051
11 9182
11 9228
11 9293
11 9488
11 9988
12 13
12 15
12 75
12 108
12 165
12 505
12 513
12 876
12 1088
12 1189
12 1303
12 1711
12 1750
12 1809
12 1873
12 2064
12 2254
12 2730
12 2985
12 3007
12 3511
12 3527
12 3634
12 4058
12 4227
12 4365
12 4623
12 4783
12 5454
12 5561
12 5915
12 5969
12 6030
12 6110
12 6196
12 6289
12 6749
12 6950
12 7007
12 7290
12 7398
12 7425
12 8208
12 8536
12 8809
12 8854
12 9045
12 9178
12 9183
12 9348
12 9593
12 9735
13 14
13 76
13 83
13 88
13 115
13 185
13 320
13 1619
13 1751
13 1900
13 2092
13 2192
13 2523
13 2656
13 2697
13 2728
13 2834
13 2951
13 3226
13 3341
13 3402
13 3431
13 3489
13 3738
13 4127
13 4240
13 4250
13 4292
13 4399
13 4593
13 5033
13 5119
13 5584
13 5603
13 5618
13 5808
13 5889
13 6494
13 6616
13 6960
13 7090
13 7270
13 7576
13 7990
13 8172
13 8560
13 8583
13 8849
13 9229
13 9346
14 44
14 101
14 190
14 283
14 429
14 551
14 565
14 640
14 1264
14 1504
14 1718
14 1852
14 2197
14 2338
14 2448
14 2480
14 2571
14 2743
14 2975
14 3209
14 3411
14 3456
14 3846
14 4160
14 4177
14 4208
14 4253
14 4724
14 4751
14 4968
14 6280
14 6385
14 6439
14 6492
14 6544
14 6928
14 6938
14 7173
14 7194
14 7339
14 7348
14 7590
14 7812
14 8052
14 8372
14 8391
14 8687
14 8964
14 8973
14 9155
14 9255
14 9883
14 9925
14 9963
15 22
15 31
15 159
15 350
15 368
15 443
15 743
15 789
15 899
15 1194
15 1226
15 1540
15 1743
15 1869
15 2259
15 2343
15 2402
15 2994
15 2997
15 3349
15 3387
15 3392
15 3623
15 3812
15 3845
15 4294
15 4653
15 4665
15 4934
15 5071
15 5091
15 5324
15 5435
15 5674
15 5677
15 5749
15 5791
15 5833
15 5940
15 6051
15 6935
15 7059
15 7085
15 7326
15 7726
15 7751
15 7827
15 7876
15 8147
15 8415
15 8572
15 9086
15 9375
15 9489
15 9855
15 9890
15 9908
16 51
16 53
16 54
16 346
16 633
16 1078
16 1121
16 1248
16 1486
16 1741
16 1851
16 1983
16 2536
16 3324
16 3675
16 3921
16 3994
16 4447
16 4603
16 4793
16 5340
16 5881
16 5898
16 5931
16 5968
16 6139
16 6334
16 6660
16 6783
16 7108
16 7778
16 7851
16 8156
16 8494
16 8589
16 8721
16 9698
16 9737
17 19
17 20
17 138
17 289
17 418
17 439
17 612
17 801
17 1285
17 1590
17 1846
17 1914
17 2160
17 2183
17 2432
17 2756
17 2894
17 3047
17 3162
17 3412
17 3463
17 3486
17 3543
17 3562
17 3652
17 3801
17 3877
17 3899
17 4030
17 4079
17 4183
17 4296
17 4634
17 4920
17 5458
17 5977
17 6215
17 6336
17 6819
17 6936
17 6943
17 7075
17 7144
17 7295
17 7496
17 7703
17 8201
17 8299
17 8468
17 8605
17 8863
17 8878
17 9027
17 9126
17 9265
17 9357
17 9606
18 42
18 49
18 193
18 351
18 450
18 497
18 709
18 1797
18 1841
18 2007
18 2549
18 3870
18 4219
18 4504
18 4606
18 4671
18 5031
18 5058
18 5307
18 5565
18 5703
18 6000
18 6476
18 6477
18 6927
18 7018
18 7078
18 7168
18 7170
18 7676
18 7727
18 7995
18 8265
18 8269
18 8490
18 8764
18 8799
18 9186
18 9830
19 32
19 37
19 41
19 95
19 113
19 131
19 265
19 634
19 667
19 954
19 1204
19 1322
19 1567
19 1681
19 1806
19 1848
19 1868
19 1928
19 2479
19 2515
19 3460
19 3593
19 3830
19 4604
19 4695
19 4854
19 4924
19 5598
19 5874
19 6040
19 6129
19 6270
19 6352
19 6869
19 7124
19 7268
19 7457
19 7467
19 7843
19 7867
19 7905
19 7926
19 8442
19 8481
19 8623
19 8858
19 8974
19 9310
19 9436
19 9627
19 9802
19 9817
19 9861
20 21
20 109
20 266
20 389
20 600
20 904
20 1052
20 1220
20 1746
20 1804
20 2514
20 2740
20 2787
20 3012
20 3248
20 3252
20 3520
20 3563
20 3670
20 4171
20 4182
20 4274
20 4449
20 4503
20 5227
20 5247
20 5374
20 5664
20 6105
20 6182
20 6313
20 6599
20 6812
20 6865
20 6998
20 7183
20 7381
20 7440
20 7572
20 7643
20 7754
20 7917
20 7945
20 8135
20 8336
20 8351
20 8413
20 8620
20 8676
20 8867
20 9603
20 9665
20 9951
21 23
21 94
21 110
21 205
21 334
21 605
21 649
21 696
21 785
21 916
21 1006
21 1015
21 1084
21 1086
21 1160
21 1236
21 1544
21 1660
21 1913
21 2269
21 2349
21 2862
21 3481
21 3625
21 3784
21 3956
21 4278
21 4570
21 4822
21 4927
21 5047
21 5732
21 5762
21 5793
21 6022
21 6133
21 6573
21 6699
21 6702
21 6709
21 6921
21 7222
21 8374
21 8405
21 8744
21 8928
21 8963
21 9175
21 9419
21 9690
22 35
22 56
22 57
22 360
22 680
22 964
22 1068
22 1407
22 2114
22 2200
22 2253
22 2709
22 2776
22 3176
22 3267
22 4095
22 4644
22 4734
22 4797
22 5143
22 5620
22 5637
22 5849
22 6165
22 6210
22 6589
22 6771
22 6784
22 6785
22 6825
22 7719
22 7732
22 7860
22 7907
22 8678
22 8716
22 8746
22 8785
22 8901
22 9203
22 9368
22 9373
22 9586
23 28
23 36
23 74
23 229
23 791
23 822
23 1061
23 1607
23 1620
23 1678
23 1845
23 1967
23 2443
23 2759
23 2807
23 3066
23 3178
23 3236
23 4443
23 4947
23 4948
23 4958
23 5192
23 5327
23 5361
23 5502
23 5538
23 5857
23 5891
23 5903
23 6197
23 6729
23 6942
23 6954
23 7180
23 7281
23 7314
23 7377
23 7378
23 7769
23 8715
23 8735
23 8818
23 8822
23 8932
23 9008
23 9112
23 9214
23 9215
23 9232
23 9238
23 9494
23 9695
23 9918
24 26
24 45
24 85
24 166
24 304
24 388
24 793
24 900
24 976
24 1079
24 1083
24 1180
24 1305
24 1881
24 2105
24 2167
24 2460
24 2643
24 3217
24 3353
24 3470
24 4017
24 4502
24 4512
24 4522
24 4571
24 4744
24 4790
24 4893
24 4928
24 5076
24 5436
24 5583
24 5612
24 5668
24 5913
24 6627
24 6654
24 6958
24 7217
24 7220
24 7763
24 8140
24 8236
24 8239
24 8516
24 8580
24 8586
24 8675
24 8791
24 8861
24 9260
24 9498
24 9539
24 9650
24 9716
24 9953
25 144
25 452
25 639
25 711
25 1127
25 1290
25 1317
25 1471
25 1493
25 1530
25 1788
25 2050
25 2149
25 2623
25 3484
25 3699
25 4206
25 4319
25 4444
25 4467
25 4626
25 4862
25 4995
25 5094
25 5221
25 5245
25 5566
25 5907
25 6081
25 6516
25 6537
25 7658
25 7724
25 7883
25 7938
25 8199
25 8219
25 8252
25 8261
25 8388
25 8670
25 8683
25 9355
25 9358
25 9410
25 9936
26 220
26 586
26 810
26 1054
26 1394
26 1409
26 1704
26 2071
26 2133
26 2145
26 2344
26 2363
26 2376
26 2637
26 2733
26 3033
26 3180
26 3231
26 3716
26 4024
26 4385
26 4897
26 4998
26 5432
26 5592
26 5901
26 6074
26 6534
26 6700
26 6918
26 7162
26 7235
26 7257
26 7331
26 8578
26 8669
26 8728
26 8765
26 9266
26 9300
26 9395
26 9435
26 9556
26 9927
27 29
27 30
27 38
27 68
27 119
27 471
27 553
27 568
27 1115
27 1509
27 1684
27 1823
27 2097
27 2177
27 2195
27 2309
27 2569
27 2580
27 2847
27 3530
27 3807
27 3980
27 4077
27 4105
27 4207
27 4246
27 4411
27 4646
27 4866
27 5284
27 5477
27 5548
27 5628
27 5643
27 6008
27 6108
27 6200
27 6508
27 6518
27 6519
27 6521
27 6678
27 6726
27 6765
27 6786
27 6872
27 7084
27 7463
27 7804
27 7920
27 7933
27 8105
27 8255
27 8328
27 8387
27 8655
27 9093
27 9180
27 9323
27 9394
27 9730
27 9795
28 158
28 542
28 628
28 821
28 1156
28 1311
28 1443
28 1532
28 1792
28 2152
28 2255
28 2564
28 2590
28 2632
28 3312
28 3650
28 3916
28 4029
28 4310
28 4616
28 4805
28 4849
28 5397
28 5418
28 5617
28 5708
28 6226
28 6279
28 6858
28 7211
28 7216
28 7320
28 7567
28 7634
28 7663
28 7803
28 8096
28 8302
28 8364
28 8449
28 9185
28 9243
28 9325
28 9798
28 9800
28 9912
29 33
29 70
29 338
29 438
29 665
29 966
29 1082
29 1096
29 1244
29 1326
29 1356
29 1992
29 2171
29 2331
29 2496
29 2607
29 2780
29 3251
29 4308
29 4479
29 4525
29 5171
29 5564
29 5684
29 5994
29 6131
29 6738
29 6807
29 6850
29 6853
29 6913
29 7024
29 7551
29 7836
29 7863
29 7901
29 8189
29 8366
29 8368
29 8759
29 8924
29 9295
29 9663
29 9924
29 9955
29 9967
30 67
30 342
30 750
30 919
30 920
30 1053
30 1154
30 1452
30 1784
30 1832
30 1880
30 2252
30 2414
30 2539
30 2718
30 2917
30 3041
30 3063
30 3084
30 4172
30 4286
30 4810
30 4851
30 4992
30 5257
30 5319
30 5470
30 5920
30 5986
30 6155
30 6363
30 6407
30 6488
30 6532
30 6725
30 6976
30 6992
30 7052
30 7236
30 7517
30 7602
30 7841
30 8839
30 8930
30 9068
30 9125
30 9223
30 9264
30 9755
31 777
31 1243
31 1278
31 1314
31 1478
31 1484
31 1675
31 1961
31 1969
31 2159
31 2208
31 2227
31 2636
31 2973
31 3532
31 3817
31 4173
31 4297
31 4524
31 4637
31 4726
31 5062
31 5281
31 5431
31 5465
31 5586
31 5588
31 5667
31 6348
31 6789
31 6808
31 7049
31 7193
31 7372
31 7721
31 7865
31 8089
31 8207
31 8690
31 8955
31 9363
31 9511
31 9520
32 62
32 188
32 254
32 673
32 990
32 1104
32 1253
32 1515
32 1893
32 2319
32 2439
32 2456
32 2616
32 2620
32 2874
32 2967
32 3171
32 3743
32 3804
32 3907
32 3982
32 4268
32 4277
32 4285
32 4337
32 4375
32 4716
32 5002
32 5203
32 5497
32 5633
32 5879
32 5884
32 6060
32 6233
32 6377
32 6597
32 6770
32 6811
32 6878
32 7112
32 7275
32 7353
32 7450
32 7597
32 7648
32 7904
32 7910
32 7987
32 7992
32 8021
32 8216
32 8439
32 8615
32 8704
32 8990
32 9201
32 9442
32 9497
32 9534
32 9565
32 9711
32 9741
32 9752
33 40
33 66
33 458
33 499
33 764
33 1135
33 1169
33 1324
33 1327
33 1555
33 1673
33 1765
33 2013
33 2413
33 2457
33 2573
33 2694
33 3181
33 3317
33 3421
33 3442
33 3971
33 4085
33 4351
33 4363
33 4530
33 4749
33 4903
33 4959
33 5406
33 5417
33 5599
33 5685
33 5758
33 5785
33 5896
33 5919
33 5961
33 6007
33 6122
33 6221
33 6413
33 6432
33 6634
33 6832
33 6871
33 7219
33 7436
33 7691
33 7913
33 8071
33 8542
33 8753
33 8920
33 9163
33 9326
33 9428
33 9594
34 125
34 590
34 716
34 851
34 1693
34 1860
34 1890
34 2052
34 2570
34 2586
34 2628
34 2868
34 3207
34 3354
34 3376
34 3529
34 3901
34 3942
34 4233
34 4719
34 5312
34 5368
34 5407
34 5492
34 5678
34 5904
34 6268
34 6331
34 6392
34 6490
34 6664
34 6665
34 6708
34 6817
34 7400
34 7431
34 7667
34 7677
34 7820
34 8041
34 8169
34 8363
34 8365
34 8421
34 8437
34 8595
34 9367
34 9718
35 48
35 390
35 903
35 906
35 955
35 998
35 1134
35 1200
35 1561
35 1701
35 1864
35 2025
35 2472
35 2552
35 2869
35 2907
35 2977
35 3039
35 3081
35 3430
35 3580
35 3951
35 4002
35 4141
35 4876
35 5839
35 5944
35 6071
35 6957
35 7264
35 7355
35 7969
35 8079
35 8146
35 8230
35 8484
35 8591
35 8593
35 9119
35 9289
35 9796
35 9812
35 9992
36 132
36 168
36 172
36 340
36 406
36 580
36 688
36 797
36 881
36 893
36 926
36 1065
36 1349
36 1602
36 2113
36 2143
36 2153
36 2282
36 2304
36 2492
36 2505
36 2765
36 2792
36 2918
36 3024
36 3044
36 3153
36 3185
36 3548
36 3556
36 3573
36 3607
36 3981
36 4222
36 4395
36 4798
36 4853
36 4863
36 5170
36 5322
36 5346
36 5424
36 6068
36 6256
36 6298
36 6299
36 6301
36 6367
36 6443
36 6478
36 7015
36 7035
36 7053
36 7142
36 7202
36 7230
36 7489
36 7499
36 7761
36 7800
36 8129
36 8337
36 8829
36 8871
36 9082
36 9794
36 9835
37 60
37 182
37 305
37 345
37 526
37 853
37 1028
37 1193
37 1295
37 1388
37 2023
37 2075
37 2091
37 2417
37 2433
37 2950
37 2956
37 2974
37 3205
37 3953
37 4008
37 4320
37 4360
37 4788
37 4806
37 4905
37 5298
37 5341
37 5479
37 5529
37 5897
37 5934
37 6187
37 6288
37 6405
37 6748
37 7023
37 7092
37 7296
37 7577
37 7607
37 7748
37 7931
37 8273
37 8573
37 8910
37 9017
37 9439
37 9501
37 9551
37 9631
37 9799
37 9933
38 79
38 127
38 270
38 1098
38 1147
38 1214
38 1237
38 1479
38 1536
38 1600
38 1702
38 1761
38 1854
38 2032
38 2302
38 2306
38 2317
38 2687
38 2766
38 2832
38 3351
38 3557
38 4087
38 4103
38 4492
38 4730
38 4914
38 5020
38 5135
38 5337
38 5394
38 5956
38 6117
38 6454
38 6598
38 6968
38 6972
38 7262
38 7394
38 7960
38 8081
38 8161
38 8182
38 8749
38 9413
38 9537
38 9729
39 147
39 152
39 316
39 330
39 657
39 872
39 1343
39 1905
39 2083
39 2261
39 2345
39 2366
39 3108
39 4092
39 4343
39 4402
39 4549
39 4568
39 5039
39 5482
39 6013
39 6167
39 6253
39 6763
39 6814
39 7077
39 7210
39 7374
39 7515
39 7524
39 7623
39 8026
39 8082
39 8314
39 8326
39 8712
39 9686
40 414
40 522
40 574
40 895
40 1050
40 1149
40 1192
40 1418
40 1599
40 2267
40 2320
40 2356
40 2491
40 3043
40 3139
40 3245
40 3345
40 3947
40 4057
40 4401
40 4577
40 4956
40 5188
40 5820
40 5835
40 6095
40 6591
40 6926
40 7277
40 7697
40 7766
40 7832
40 7921
40 7971
40 8043
40 8092
40 8241
40 8283
40 8464
40 8770
40 9418
40 9434
40 9651
40 9819
40 9919
41 218
41 494
41 762
41 769
41 834
41 1222
41 1276
41 1410
41 1523
41 1623
41 1646
41 2047
41 2115
41 2147
41 2156
41 2204
41 2625
41 2800
41 2819
41 2913
41 3018
41 3375
41 3536
41 3771
41 4132
41 4281
41 4323
41 4334
41 4345
41 4508
41 4833
41 4869
41 5205
41 5593
41 5740
41 6360
41 6933
41 7564
41 8238
41 8403
41 8450
41 8638
41 8640
41 8713
41 8825
41 8941
41 8980
41 9071
41 9099
41 9164
41 9166
41 9174
41 9441
42 143
42 186
42 197
42 248
42 358
42 423
42 561
42 731
42 1155
42 1272
42 1495
42 1776
42 1829
42 1853
42 1888
42 2296
42 2531
42 2695
42 2929
42 3122
42 3501
42 3592
42 3600
42 3611
42 3796
42 3816
42 4094
42 4445
42 4564
42 4867
42 5049
42 5451
42 5536
42 5702
42 6057
42 6153
42 6374
42 6498
42 7655
42 7811
42 7825
42 7890
42 8160
42 8275
42 8294
42 8671
42 8777
42 8786
42 8929
42 9100
42 9352
43 82
43 90
43 111
43 399
43 470
43 869
43 883
43 1012
43 1426
43 1537
43 1902
43 1912
43 2827
43 2944
43 3184
43 3352
43 3786
43 4067
43 4170
43 4264
43 4480
43 4520
43 4527
43 4673
43 4694
43 5025
43 5149
43 5156
43 5168
43 5310
43 5318
43 5381
43 5444
43 5469
43 5551
43 6130
43 6269
43 6317
43 6350
43 6681
43 7330
43 7505
43 7657
43 8047
43 8131
43 8887
43 9037
43 9917
44 134
44 199
44 236
44 393
44 468
44 482
44 674
44 676
44 1208
44 1282
44 1736
44 1785
44 1836
44 2058
44 2107
44 2342
44 2463
44 2731
44 2735
44 3648
44 3736
44 3772
44 3860
44 3906
44 4006
44 4491
44 4729
44 4887
44 5204
44 5351
44 5419
44 6175
44 6310
44 6560
44 7048
44 7131
44 7215
44 7513
44 7532
44 7855
44 7893
44 8018
44 8083
44 8779
44 9575
44 9629
44 9785
44 9960
45 587
45 968
45 1164
45 1168
45 1374
45 1632
45 1892
45 1984
45 2175
45 2481
45 2534
45 2666
45 2726
45 2745
45 2749
45 3107
45 3632
45 3825
45 3874
45 4366
45 4457
45 4629
45 4746
45 5067
45 5400
45 6848
45 7031
45 7063
45 7223
45 7801
45 7874
45 7887
45 8060
45 8393
45 8458
45 8459
45 8513
45 8649
45 8768
45 8806
45 8857
45 9308
45 9804
45 9878
46 55
46 243
46 250
46 548
46 577
46 738
46 845
46 861
46 960
46 1225
46 1333
46 1335
46 1383
46 1481
46 1611
46 1667
46 1713
46 1856
46 1895
46 2284
46 2434
46 3011
46 3062
46 3173
46 3276
46 3535
46 3680
46 3844
46 4370
46 4573
46 5008
46 5026
46 5485
46 5799
46 6072
46 6100
46 6184
46 6220
46 6728
46 6801
46 7079
46 7178
46 7301
46 7318
46 7506
46 7534
46 7725
46 8075
46 8781
46 8882
46 9140
46 9179
46 9277
46 9321
46 9337
46 9605
46 9612
46 9874
47 86
47 103
47 212
47 421
47 481
47 805
47 844
47 890
47 927
47 1037
47 1932
47 1978
47 2286
47 2295
47 2497
47 2500
47 2936
47 2986
47 3423
47 3428
47 3440
47 3673
47 3831
47 3891
47 4022
47 4136
47 4143
47 4551
47 4911
47 5278
47 5371
47 5515
47 5860
47 6106
47 6389
47 6666
47 6723
47 6755
47 6774
47 7066
47 7562
47 7675
47 7782
47 7954
47 8085
47 8342
47 8688
47 8945
47 9459
47 9597
47 9725
48 87
48 312
48 426
48 802
48 1230
48 1293
48 1344
48 1721
48 2431
48 2630
48 2888
48 3284
48 3288
48 3310
48 3370
48 3439
48 3534
48 3948
48 4073
48 4672
48 4688
48 4739
48 4921
48 5401
48 5731
48 5985
48 6099
48 6259
48 6307
48 6396
48 6621
48 6849
48 6900
48 6901
48 7116
48 7241
48 7935
48 7996
48 8046
48 8266
48 8710
48 8939
48 8951
48 9026
48 9233
48 9408
48 9764
48 9948
49 96
49 130
49 203
49 411
49 533
49 571
49 589
49 720
49 1618
49 1710
49 2424
49 2428
49 2442
49 2577
49 2645
49 2727
49 2916
49 2957
49 3135
49 3561
49 3690
49 3918
49 4031
49 4164
49 4176
49 4373
49 4562
49 5662
49 5965
49 6141
49 6161
49 6209
49 6395
49 6409
49 6464
49 6520
49 6522
49 6640
49 6673
49 6713
49 7000
49 7135
49 8148
49 8228
49 8276
49 8290
49 8599
49 8644
49 8842
49 9636
49 9676
49 9703
49 9837
49 9987
50 80
50 610
50 686
50 1254
50 1453
50 1876
50 2085
50 2136
50 2411
50 2498
50 3538
50 3582
50 3615
50 3707
50 3739
50 4034
50 4131
50 4242
50 4796
50 5241
50 5248
50 5532
50 5606
50 5822
50 6058
50 6239
50 6433
50 6474
50 6731
50 7370
50 7391
50 7622
50 7962
50 7975
50 8173
50 8218
50 8722
50 9194
50 9217
50 9438
50 9471
50 9564
50 9747
50 9875
51 52
51 91
51 178
51 292
51 322
51 1056
51 1516
51 1585
51 1687
51 1802
51 2001
51 2696
51 2931
51 2996
51 3021
51 3064
51 3136
51 3210
51 3277
51 3702
51 4061
51 4069
51 4088
51 4180
51 4197
51 4288
51 4874
51 4884
51 4933
51 4944
51 4952
51 5012
51 5567
51 5836
51 5887
51 5895
51 6080
51 6540
51 6575
51 6977
51 6985
51 7580
51 7799
51 7982
51 8045
51 8382
51 8418
51 8629
51 8949
51 9515
51 9647
51 9757
51 9850
52 175
52 313
52 534
52 677
52 825
52 1077
52 1146
52 1510
52 1584
52 1922
52 2303
52 2360
52 2627
52 2640
52 2719
52 3169
52 3197
52 3220
52 3373
52 3636
52 3826
52 4068
52 4245
52 4256
52 4276
52 4356
52 4468
52 4575
52 4580
52 4745
52 5152
52 5228
52 5235
52 5295
52 5309
52 5317
52 5354
52 5742
52 5829
52 6472
52 6759
52 6915
52 7096
52 7546
52 7579
52 7722
52 7853
52 7966
52 8062
52 8454
52 8554
52 8837
52 9075
52 9284
52 9391
52 9402
52 9416
52 9654
52 9816
52 9915
53 354
53 396
53 559
53 651
53 761
53 838
53 1067
53 1381
53 1385
53 1490
53 1580
53 1879
53 1931
53 1959
53 2281
53 2316
53 2461
53 2562
53 3093
53 3280
53 3346
53 3448
53 3492
53 4157
53 4347
53 4398
53 5187
53 5645
53 5726
53 5775
53 5911
53 6024
53 6062
53 6974
53 7117
53 7382
53 7477
53 7587
53 7645
53 7759
53 8356
53 8663
53 9529
53 9803
53 9879
53 9973
54 216
54 359
54 606
54 891
54 1133
54 1137
54 1570
54 1659
54 1694
54 1863
54 1866
54 1925
54 2078
54 2117
54 2189
54 2911
54 3016
54 3053
54 3073
54 3201
54 3218
54 3379
54 3712
54 3803
54 4046
54 4162
54 4423
54 4624
54 4648
54 4808
54 4814
54 4859
54 4985
54 5082
54 5097
54 5160
54 5218
54 5250
54 5413
54 5546
54 5706
54 5712
54 6011
54 6098
54 6205
54 6404
54 6638
54 6672
54 6696
54 6703
54 7054
54 7139
54 7154
54 7299
54 7351
54 7453
54 7583
54 7701
54 8327
54 8443
54 9114
54 9172
54 9538
54 9623
54 9712
54 9726
54 9869
54 9910
55 105
55 391
55 413
55 582
55 1262
55 1302
55 1321
55 1582
55 2170
55 2258
55 3057
55 3061
55 3254
55 4015
55 4036
55 4165
55 4419
55 4540
55 5755
55 6123
55 6675
55 6794
55 7046
55 7151
55 7547
55 7584
55 8066
55 8190
55 8245
55 8345
55 8396
55 8570
55 8994
55 9361
55 9541
55 9707
55 9786
55 9821
55 9842
55 9889
55 9976
56 100
56 174
56 201
56 539
56 1197
56 1211
56 1310
56 1901
56 2401
56 2574
56 2597
56 3131
56 3342
56 3477
56 3494
56 3689
56 4784
56 4816
56 4840
56 4860
56 5290
56 5316
56 5405
56 5555
56 5713
56 5783
56 6335
56 6351
56 6425
56 6618
56 6982
56 7110
56 7166
56 7530
56 7818
56 8373
56 8719
56 8748
56 9009
57 63
57 375
57 378
57 477
57 629
57 638
57 803
57 908
57 1059
57 1297
57 1506
57 1553
57 1635
57 1683
57 1946
57 2010
57 2065
57 2572
57 2592
57 2704
57 3168
57 3637
57 3752
57 4421
57 4769
57 5385
57 6609
57 6727
57 7557
57 7940
57 7942
57 8055
57 8136
57 8274
57 8681
57 8742
57 8788
57 8832
57 8909
57 9378
57 9964
58 72
58 107
58 655
58 807
58 1005
58 1240
58 1454
58 2211
58 2365
58 2371
58 2579
58 3141
58 3223
58 3289
58 3293
58 3497
58 3851
58 3876
58 4111
58 4210
58 4471
58 4487
58 4535
58 4988
58 5010
58 5262
58 5715
58 5863
58 5910
58 6037
58 6295
58 6364
58 6568
58 6692
58 6967
58 7014
58 7915
58 8519
58 8680
58 8708
58 8988
58 9303
58 9382
58 9516
58 9589
58 9614
58 9954
59 64
59 362
59 609
59 836
59 924
59 942
59 987
59 1126
59 1231
59 1320
59 1332
59 2104
59 2410
59 2464
59 2558
59 2757
59 3203
59 3250
59 3576
59 3937
59 4257
59 4324
59 4424
59 4642
59 5396
59 5438
59 5554
59 5825
59 6089
59 6659
59 6677
59 6870
59 6889
59 6979
59 7334
59 7536
59 7687
59 7735
59 7781
59 8303
59 8500
59 9052
59 9262
59 9443
59 9536
59 9699
59 9882
60 92
60 102
60 274
60 828
60 1818
60 1886
60 2003
60 2066
60 2184
60 2256
60 2384
60 2395
60 2502
60 2526
60 2758
60 2889
60 2900
60 2972
60 2982
60 3247
60 3474
60 3977
60 4098
60 4112
60 4175
60 4475
60 5011
60 5093
60 5430
60 5709
60 6152
60 6321
60 6376
60 7041
60 7322
60 7615
60 8319
60 8338
60 8567
60 8771
60 8866
60 9063
60 9192
60 9312
60 9549
60 9939
61 157
61 510
61 512
61 977
61 979
61 1172
61 1359
61 1366
61 1480
61 1726
61 1934
61 2109
61 2406
61 2760
61 2872
61 3023
61 3183
61 3216
61 3410
61 3627
61 3735
61 3919
61 4670
61 4714
61 4873
61 5115
61 5207
61 5300
61 5658
61 6658
61 6706
61 6980
61 7188
61 7279
61 7286
61 7430
61 7432
61 7512
61 7553
61 7565
61 7747
61 7789
61 7826
61 8242
61 8287
61 8948
61 9299
61 9379
61 9387
61 9773
62 277
62 857
62 1190
62 1249
62 1424
62 1638
62 1789
62 2446
62 2582
62 2761
62 2983
62 3227
62 3398
62 3528
62 3995
62 4412
62 4541
62 4632
62 4742
62 4829
62 4865
62 5140
62 5230
62 5305
62 5356
62 5386
62 5525
62 5973
62 5998
62 6148
62 6204
62 6219
62 6499
62 6917
62 6961
62 6971
62 7358
62 7401
62 7486
62 7650
62 7802
62 7856
62 7891
62 7977
62 7986
62 7999
62 8571
62 8705
62 8819
62 8927
62 8986
62 9145
62 9206
62 9251
62 9305
62 9822
62 9867
63 446
63 702
63 715
63 1029
63 1398
63 1417
63 1463
63 1774
63 1805
63 2548
63 2657
63 2678
63 2923
63 3030
63 3112
63 3134
63 3151
63 3495
63 3583
63 3594
63 3622
63 3987
63 4044
63 4200
63 4314
63 4317
63 4552
63 4654
63 4728
63 4987
63 5000
63 5106
63 5226
63 5970
63 5980
63 5999
63 6023
63 6104
63 6752
63 6867
63 6884
63 6910
63 7204
63 7361
63 7916
63 7985
63 8057
63 8451
63 8611
63 8773
63 9004
63 9077
63 9129
63 9191
63 9280
63 9347
63 9579
63 9642
63 9701
63 9783
63 9844
64 176
64 260
64 336
64 527
64 545
64 818
64 991
64 1569
64 1581
64 2224
64 2348
64 2794
64 3271
64 3403
64 3515
64 3614
64 3753
64 3976
64 4009
64 4117
64 4244
64 4417
64 4676
64 5095
64 5102
64 5559
64 5572
64 5827
64 6181
64 6375
64 6513
64 7206
64 7239
64 7329
64 7404
64 7433
64 7640
64 7824
64 7861
64 7930
64 8411
64 8899
64 9131
64 9245
64 9376
64 9463
64 9481
64 9769
64 9921
65 273
65 284
65 726
65 1473
65 1613
65 1674
65 1910
65 2380
65 2563
65 2659
65 2721
65 2962
65 3588
65 3647
65 3714
65 3795
65 3864
65 4026
65 4494
65 4595
65 4846
65 5098
65 5198
65 5232
65 5233
65 5294
65 5383
65 5679
65 5760
65 5815
65 5838
65 6093
65 6225
65 6276
65 6585
65 7245
65 7455
65 7492
65 8128
65 8215
65 8499
65 8569
65 8648
65 8717
65 8918
65 8957
65 9657
65 9731
65 9975
66 183
66 210
66 317
66 500
66 736
66 1066
66 1209
66 1830
66 1838
66 1971
66 1972
66 1989
66 2054
66 2494
66 2591
66 2885
66 2905
66 2948
66 3420
66 3438
66 3462
66 3516
66 3519
66 3664
66 3815
66 3933
66 3999
66 4037
66 4329
66 4791
66 4974
66 5358
66 5873
66 5953
66 5971
66 6171
66 6345
66 6561
66 6816
66 6840
66 6875
66 7060
66 7150
66 7427
66 7619
66 7636
66 8305
66 8463
66 8750
66 8865
66 9081
66 9231
66 9482
66 9911
67 154
67 296
67 374
67 386
67 537
67 937
67 1125
67 1309
67 1575
67 1650
67 1747
67 2130
67 2146
67 2185
67 2298
67 2387
67 2394
67 2838
67 2940
67 3261
67 3297
67 3694
67 3706
67 4140
67 4295
67 4511
67 4516
67 4735
67 4832
67 5750
67 5908
67 5935
67 6090
67 6987
67 7321
67 7328
67 8192
67 8297
67 8324
67 8506
67 8696
67 9018
67 9213
67 9252
67 9452
68 122
68 432
68 449
68 796
68 918
68 1470
68 1697
68 1930
68 2006
68 2249
68 3146
68 3165
68 3371
68 3500
68 3764
68 3928
68 3989
68 4032
68 4080
68 4119
68 4188
68 4333
68 4407
68 4484
68 4692
68 5105
68 5270
68 5392
68 5463
68 6552
68 6691
68 6863
68 6891
68 6896
68 7027
68 7175
68 7468
68 7647
68 8002
68 8061
68 8076
68 8367
68 8643
68 8743
68 8908
68 9771
69 206
69 467
69 782
69 1730
69 1778
69 2668
69 2779
69 3238
69 3940
69 4042
69 4179
69 4282
69 4967
69 5046
69 5239
69 6075
69 6448
69 6555
69 6636
69 6791
69 6792
69 7005
69 7335
69 7365
69 7588
69 7592
69 7654
69 8260
69 8280
69 8286
69 8555
69 8763
69 8801
69 9035
69 9121
69 9240
69 9281
69 9598
69 9828
69 9929
69 9937
69 9978
69 9983
70 123
70 363
70 653
70 658
70 727
70 878
70 985
70 1136
70 1212
70 1228
70 1706
70 1709
70 1779
70 1781
70 1800
70 1827
70 1994
70 2038
70 2087
70 2239
70 2314
70 2650
70 2670
70 2854
70 3037
70 3069
70 3326
70 3328
70 3360
70 3550
70 3693
70 3880
70 4338
70 4507
70 4706
70 5065
70 5110
70 5161
70 5261
70 5335
70 5770
70 5854
70 6282
70 6893
70 7136
70 7186
70 7341
70 7435
70 7472
70 7493
70 7500
70 7817
70 7998
70 8077
70 8145
70 8210
70 8636
70 8789
70 9042
70 9097
71 563
71 642
71 732
71 972
71 1547
71 1768
71 2244
71 2512
71 2893
71 2901
71 3029
71 3377
71 3629
71 4023
71 4150
71 4217
71 4818
71 4899
71 5289
71 5373
71 5774
71 5958
71 6255
71 6566
71 6590
71 6617
71 6705
71 7165
71 7181
71 7218
71 7284
71 7306
71 7441
71 7538
71 7633
71 8224
71 8322
71 8641
71 8660
71 9014
71 9458
71 9732
71 9853
72 93
72 98
72 552
72 603
72 1031
72 1044
72 1106
72 1116
72 1918
72 2182
72 2305
72 2329
72 2859
72 2903
72 2970
72 2978
72 3287
72 3386
72 3487
72 3502
72 3761
72 3777
72 3822
72 3886
72 4247
72 4476
72 4754
72 4896
72 5035
72 5393
72 5422
72 6238
72 6356
72 6735
72 7143
72 7426
72 7845
72 8005
72 8019
72 8097
72 8585
72 8970
72 9644
72 9705
72 9825
72 9886
73 191
73 192
73 332
73 905
73 965
73 1100
73 1301
73 1328
73 1425
73 1680
73 2166
73 2220
73 2263
73 2292
73 2478
73 2488
73 2522
73 2524
73 2824
73 2880
73 3475
73 3686
73 4056
73 4232
73 4949
73 4975
73 5075
73 5158
73 5279
73 5287
73 5380
73 5649
73 5776
73 5797
73 5942
73 5947
73 6004
73 6258
73 6285
73 6637
73 6661
73 6800
73 7700
73 7753
73 7821
73 8053
73 8793
73 8856
73 9084
73 9105
73 9153
73 9225
73 9341
73 9573
73 9696
73 9900
73 9913
74 117
74 264
74 271
74 310
74 372
74 576
74 691
74 792
74 962
74 1027
74 1429
74 1512
74 1614
74 2123
74 2173
74 2400
74 2877
74 3034
74 3574
74 3769
74 3820
74 4223
74 4258
74 4428
74 4436
74 4969
74 4991
74 5183
74 5671
74 6173
74 6218
74 6230
74 6278
74 6452
74 6466
74 6592
74 6737
74 7533
74 7696
74 7713
74 7770
74 7822
74 7830
74 8087
74 8362
74 8429
74 8622
74 8894
74 8962
74 9371
74 9464
74 9480
74 9706
74 9724
74 9777
75 150
75 560
75 637
75 928
75 1656
75 1720
75 1843
75 2138
75 2162
75 2441
75 2641
75 2848
75 3119
75 3304
75 3359
75 3435
75 3554
75 3688
75 3701
75 3760
75 3941
75 4235
75 4389
75 4538
75 4560
75 4740
75 4835
75 4906
75 5142
75 5355
75 5366
75 5408
75 5511
75 5837
75 5882
75 5894
75 6016
75 6199
75 6286
75 6641
75 6647
75 7649
75 7672
75 7981
75 8122
75 8154
75 8184
75 8579
75 8845
75 8891
75 8993
75 9398
75 9430
75 9462
75 9630
75 9634
76 77
76 498
76 521
76 624
76 947
76 1069
76 1431
76 2057
76 2611
76 2683
76 3730
76 3763
76 3881
76 4011
76 4082
76 4120
76 4198
76 4558
76 4590
76 4592
76 4858
76 4881
76 5069
76 5177
76 5466
76 5530
76 5558
76 5764
76 5807
76 6545
76 7051
76 7285
76 7393
76 7419
76 7527
76 8203
76 8355
76 8733
76 9069
76 9106
76 9123
76 9331
76 9526
76 9601
76 9766
76 9986
77 145
77 447
77 484
77 671
77 1296
77 1533
77 1665
77 1875
77 2210
77 3126
77 3137
77 3488
77 3665
77 3894
77 4010
77 4027
77 4602
77 4661
77 4870
77 4919
77 5151
77 5229
77 5426
77 5537
77 5955
77 6014
77 6444
77 6622
77 6859
77 7304
77 7409
77 7423
77 7459
77 7859
77 8162
77 8361
77 8741
77 8833
77 8915
77 9181
77 9414
77 9476
78 97
78 297
78 331
78 654
78 755
78 800
78 1279
78 1427
78 1432
78 1507
78 1629
78 1729
78 1883
78 1942
78 2271
78 2328
78 2358
78 2378
78 2412
78 2846
78 3174
78 3742
78 3913
78 4340
78 4453
78 5169
78 5209
78 5377
78 5414
78 5594
78 5654
78 5670
78 5719
78 5757
78 5855
78 5877
78 6316
78 6368
78 6904
78 7103
78 7214
78 7544
78 7620
78 7768
78 7944
78 8084
78 8279
78 8480
78 9124
78 9133
78 9212
78 9641
78 9688
79 126
79 487
79 597
79 840
79 1017
79 1436
79 1777
79 2018
79 2237
79 2268
79 2810
79 3518
79 3993
79 4059
79 4193
79 4289
79 4700
79 5045
79 5120
79 5256
79 5370
79 5510
79 5680
79 5848
79 5992
79 5997
79 6063
79 6169
79 6271
79 6775
79 6839
79 6861
79 7157
79 7258
79 7411
79 8124
79 8183
79 8217
79 8306
79 8444
79 8813
79 9241
79 9254
79 9893
79 9902
79 9943
79 9950
79 9961
80 84
80 307
80 324
80 417
80 515
80 699
80 859
80 1132
80 1174
80 1281
80 1389
80 1396
80 1606
80 1759
80 1770
80 2397
80 2470
80 2752
80 2955
80 2968
80 3234
80 3330
80 3429
80 3457
80 3590
80 3597
80 3700
80 4107
80 4238
80 4403
80 4498
80 4518
80 4940
80 4977
80 5018
80 5066
80 5136
80 5372
80 5506
80 6213
80 6876
80 6877
80 7260
80 7289
80 7346
80 7429
80 7478
80 7712
80 7787
80 7828
80 8233
80 8267
80 8452
80 8532
80 8645
80 8703
80 8820
80 8826
80 8999
80 9007
80 9053
80 9138
80 9578
80 9585
80 9860
81 104
81 272
81 519
81 870
81 914
81 1047
81 1203
81 1392
81 1492
81 1791
81 1896
81 2026
81 2144
81 2257
81 2352
81 2527
81 2606
81 2655
81 2883
81 2998
81 3156
81 3228
81 3259
81 3418
81 3485
81 3571
81 3581
81 3828
81 3963
81 4005
81 4074
81 4349
81 4545
81 5701
81 5763
81 5851
81 6096
81 6147
81 6371
81 6384
81 6676
81 6802
81 7246
81 7612
81 7689
81 8475
81 8780
81 8874
81 9108
81 9272
81 9492
81 9689
82 258
82 480
82 491
82 641
82 1062
82 1564
82 1877
82 1975
82 2053
82 2176
82 2550
82 2561
82 3013
82 3129
82 3368
82 3383
82 3553
82 3847
82 4557
82 4741
82 5214
82 5512
82 5570
82 5622
82 5847
82 5946
82 5975
82 6382
82 6427
82 6489
82 6558
82 6594
82 6841
82 7161
82 7167
82 7487
82 7631
82 7686
82 7715
82 7744
82 7774
82 8109
82 8170
82 8301
82 8642
82 8694
82 9011
82 9089
82 9154
82 9244
82 9457
82 9478
82 9502
83 758
83 989
83 1060
83 1071
83 1280
83 1462
83 1511
83 1657
83 1964
83 1981
83 2546
83 2567
83 2732
83 2860
83 2939
83 3206
83 3225
83 3298
83 3409
83 3604
83 3751
83 4452
83 4685
83 4743
83 4868
83 4910
83 5112
83 5117
83 5132
83 5173
83 5267
83 5329
83 5553
83 5568
83 5585
83 5624
83 5744
83 5788
83 5853
83 6290
83 6366
83 6860
83 7120
83 7247
83 7307
83 7599
83 7902
83 8067
83 8104
83 8132
83 8315
83 8379
83 8557
83 8606
83 8612
83 9239
83 9258
83 9275
83 9523
83 9596
83 9754
83 9862
83 9920
83 9940
84 89
84 140
84 141
84 786
84 887
84 1323
84 1524
84 1664
84 2055
84 2325
84 2389
84 2836
84 2949
84 3085
84 3305
84 3458
84 3542
84 3630
84 3785
84 3929
84 3944
84 4190
84 4663
84 5073
84 5500
84 5613
84 5690
84 5698
84 5868
84 5905
84 6059
84 6574
84 6741
84 6824
84 6882
84 7033
84 7723
84 7816
84 8028
84 8091
84 8107
84 8194
84 8385
84 8434
84 8760
84 8774
84 9050
84 9150
84 9279
84 9360
84 9608
84 9926
85 133
85 1011
85 1405
85 1433
85 1505
85 1939
85 1950
85 2511
85 2647
85 2665
85 2714
85 2867
85 2943
85 3452
85 3464
85 4060
85 4089
85 4260
85 4384
85 4430
85 5043
85 5157
85 5282
85 5365
85 5420
85 5445
85 5739
85 6484
85 6493
85 6503
85 6922
85 6999
85 7067
85 7446
85 7516
85 7571
85 7767
85 8155
85 8426
85 8462
85 8657
85 8679
85 8685
85 8946
85 9136
85 9400
85 9448
85 9508
85 9571
85 9643
86 99
86 402
86 631
86 666
86 778
86 944
86 1110
86 1196
86 1283
86 1308
86 1500
86 1543
86 1842
86 1960
86 2043
86 2125
86 2407
86 2835
86 3032
86 3204
86 3315
86 3551
86 3587
86 3638
86 3858
86 4813
86 5126
86 5296
86 5456
86 5655
86 5728
86 6402
86 6572
86 6583
86 6663
86 6724
86 6779
86 7225
86 7380
86 7609
86 7814
86 7894
86 7928
86 8225
86 8258
86 8496
86 8584
86 8709
86 8751
86 9187
86 9372
86 9784
86 9840
86 9841
86 9941
87 177
87 528
87 635
87 669
87 746
87 949
87 956
87 1210
87 1705
87 1826
87 1847
87 1903
87 1907
87 1996
87 2049
87 2635
87 3224
87 3331
87 3426
87 3461
87 3496
87 3758
87 3896
87 4149
87 4249
87 4284
87 4521
87 4537
87 4572
87 4718
87 5297
87 5343
87 5861
87 6021
87 6243
87 6297
87 6551
87 7267
87 7342
87 7389
87 7443
87 7543
87 7556
87 7979
87 8376
87 8455
87 8736
87 8754
87 8884
87 9333
87 9381
87 9512
87 9619
87 9734
88 162
88 557
88 816
88 1008
88 1025
88 1175
88 1519
88 1525
88 1817
88 1835
88 2248
88 2299
88 2321
88 2367
88 2554
88 2751
88 3355
88 3358
88 3526
88 3659
88 3755
88 3990
88 4028
88 4108
88 4376
88 4662
88 4721
88 4789
88 5155
88 5350
88 5580
88 5582
88 5653
88 5843
88 6291
88 6580
88 6823
88 6955
88 6956
88 7410
88 7449
88 7683
88 7912
88 7927
88 8078
88 8157
88 8581
88 8652
88 8724
88 8844
88 8853
88 9388
88 9648
88 9972
89 352
89 1559
89 1737
89 1878
89 2076
89 2080
89 2161
89 2217
89 2226
89 2277
89 2357
89 2589
89 3079
89 3350
89 3449
89 3709
89 3728
89 3872
89 4066
89 4214
89 4410
89 4439
89 4505
89 4519
89 4964
89 4986
89 5231
89 5299
89 5455
89 5575
89 5959
89 6006
89 6766
89 6962
89 7003
89 7118
89 7177
89 7242
89 7345
89 7460
89 7903
89 8227
89 8318
89 8383
89 8504
89 8616
89 8617
89 8892
89 8938
89 9059
89 9083
89 9149
89 9176
89 9294
89 9767
89 9970
90 120
90 187
90 595
90 735
90 945
90 958
90 1306
90 1331
90 1549
90 1565
90 1733
90 1822
90 2270
90 2596
90 2648
90 2963
90 3138
90 3263
90 3292
90 3522
90 3649
90 3806
90 3819
90 3856
90 4270
90 4361
90 4438
90 4675
90 5819
90 5976
90 6671
90 6931
90 7379
90 7786
90 7897
90 7922
90 8015
90 8040
90 8171
90 8397
90 8594
90 8656
90 8847
90 8944
90 8967
90 9016
90 9132
90 9466
90 9613
90 9834
90 9894
91 279
91 405
91 662
91 692
91 717
91 875
91 1023
91 1206
91 1223
91 1292
91 1503
91 1528
91 1762
91 1807
91 1948
91 2651
91 2870
91 2933
91 3432
91 3509
91 3726
91 3754
91 4020
91 4147
91 4153
91 4202
91 4533
91 4794
91 5189
91 5225
91 5450
91 5518
91 5721
91 6054
91 6061
91 6320
91 6357
91 6461
91 6879
91 6969
91 7001
91 7249
91 7259
91 7531
91 7578
91 7850
91 8226
91 8602
91 9028
91 9113
91 9221
91 9276
91 9306
91 9451
91 9474
91 9611
91 9714
91 9776
92 198
92 299
92 683
92 804
92 823
92 865
92 1266
92 1345
92 1447
92 1489
92 1686
92 1714
92 1963
92 2063
92 2416
92 2510
92 2663
92 2833
92 2840
92 3000
92 3257
92 3294
92 3567
92 3889
92 3914
92 4181
92 4497
92 4807
92 4826
92 5080
92 5460
92 5514
92 6880
92 6929
92 7706
92 7885
92 8039
92 8371
92 8653
92 9056
92 9169
92 9216
92 9499
92 9521
92 9574
92 9588
92 9848
93 294
93 489
93 739
93 1070
93 1288
93 1395
93 1633
93 1753
93 2218
93 2301
93 2322
93 2604
93 2613
93 2821
93 2823
93 3128
93 3493
93 3533
93 3610
93 3996
93 4305
93 4886
93 4993
93 5412
93 5727
93 5844
93 6303
93 6570
93 6730
93 6768
93 7837
93 8520
93 8592
93 8792
93 8812
93 9139
93 9220
93 9256
93 9407
93 9514
93 9552
93 9616
94 348
94 492
94 495
94 1145
94 1185
94 1592
94 1828
94 2155
94 2631
94 3290
94 3787
94 4090
94 4339
94 4856
94 5003
94 5022
94 5181
94 5244
94 5842
94 5875
94 6044
94 6083
94 6134
94 6721
94 6744
94 7070
94 7195
94 7523
94 7950
94 8150
94 8410
94 8416
94 8564
94 8952
94 9025
94 9143
94 9836
95 153
95 275
95 1161
95 1355
95 1459
95 1520
95 1615
95 1631
95 1734
95 1944
95 2095
95 2568
95 2706
95 2988
95 3005
95 3199
95 3332
95 3407
95 3427
95 3552
95 3692
95 3859
95 3905
95 4178
95 4585
95 4621
95 4702
95 4727
95 5037
95 5172
95 5858
95 6623
95 6761
95 7115
95 7276
95 7311
95 8090
95 8350
95 8534
95 8686
95 8800
95 9876
96 169
96 693
96 941
96 1038
96 1064
96 1448
96 2068
96 2312
96 2465
96 2593
96 2842
96 2937
96 3098
96 3099
96 3506
96 3861
96 4007
96 4078
96 4291
96 4327
96 4393
96 4574
96 4578
96 4717
96 5345
96 5387
96 5600
96 6260
96 6272
96 6517
96 6959
96 7228
96 7606
96 7792
96 8038
96 8755
96 8823
96 8904
96 8919
96 9824
97 298
97 573
97 601
97 1120
97 1446
97 1449
97 1610
97 1642
97 1798
97 2300
97 2995
97 3031
97 3058
97 3805
97 3852
97 4133
97 4392
97 4690
97 4778
97 4970
97 4972
97 5314
97 5425
97 5434
97 5453
97 5596
97 5707
97 5834
97 6523
97 6548
97 7021
97 7130
97 7596
97 7733
97 7819
97 8175
97 8191
97 8204
97 8577
97 8914
97 9158
97 9160
97 9655
98 164
98 341
98 591
98 748
98 756
98 855
98 864
98 929
98 1018
98 1474
98 1742
98 2000
98 2056
98 2418
98 2517
98 2619
98 2906
98 2979
98 2980
98 3336
98 3453
98 3766
98 3997
98 4144
98 4156
98 4406
98 4608
98 4611
98 4834
98 5042
98 5196
98 5320
98 5646
98 6315
98 7156
98 7611
98 7730
98 7847
98 8470
98 9020
98 9271
98 9409
98 9432
98 9626
98 9715
99 584
99 745
99 909
99 1030
99 1124
99 1138
99 2048
99 2485
99 2541
99 3048
99 3125
99 3152
99 3215
99 3300
99 3301
99 3503
99 3704
99 3744
99 3879
99 4679
99 4917
99 5015
99 5751
99 5773
99 6085
99 6138
99 6296
99 6311
99 6372
99 6606
99 6719
99 6778
99 6843
99 6851
99 6997
99 7126
99 7174
99 7255
99 7263
99 7428
99 7495
99 7548
99 7668
99 7777
99 7884
99 8110
99 8149
99 8223
99 8566
99 8997
99 9535
99 9560
99 9653
99 9846
100 285
100 364
100 430
100 687
100 799
100 946
100 1094
100 1263
100 1265
100 1420
100 1476
100 1557
100 1672
100 1887
100 1927
100 1956
100 2060
100 2081
100 2278
100 2555
100 2609
100 3042
100 3244
100 3521
100 3540
100 3848
100 3912
100 4185
100 4473
100 4474
100 4622
100 4666
100 5180
100 5304
100 5339
100 5395
100 5938
100 6052
100 6056
100 6160
100 6319
100 6462
100 6620
100 6715
100 7086
100 7366
100 7554
100 7840
100 7872
100 8056
100 8069
100 8433
100 8529
100 9477
100 9530
100 9679
100 9687
101 170
101 894
101 1274
101 1337
101 1573
101 1794
101 2180
101 2795
101 2796
101 2921
101 3821
101 3834
101 3950
101 4025
101 4433
101 4962
101 5078
101 5088
101 5429
101 5467
101 5589
101 6714
101 7179
101 7293
101 7509
101 7561
101 7943
101 8134
101 8926
101 9622
101 9708
101 9808
101 9982
102 106
102 155
102 474
102 540
102 585
102 599
102 1178
102 1399
102 1760
102 1861
102 2164
102 2671
102 2831
102 2954
102 3299
102 3394
102 3404
102 4086
102 4118
102 4801
102 4931
102 5850
102 6217
102 6249
102 6314
102 6394
102 8253
102 8441
102 8545
102 8667
102 8677
102 9015
102 9079
102 9230
102 9237
102 9587
102 9868
103 493
103 588
103 784
103 1034
103 1179
103 1354
103 1386
103 2797
103 3385
103 3393
103 3974
103 4543
103 5384
103 5475
103 5569
103 5635
103 6036
103 6679
103 6930
103 7089
103 7098
103 7209
103 7635
103 8284
103 8334
103 8400
103 8626
103 8776
103 9422
103 9532
103 9582
103 9624
103 9649
103 9662
103 9833
103 9981
104 496
104 773
104 1362
104 1387
104 1576
104 1728
104 1793
104 1911
104 3200
104 3395
104 3441
104 4226
104 4377
104 4696
104 4907
104 4942
104 5074
104 5166
104 5185
104 5644
104 5818
104 6053
104 6088
104 6132
104 6509
104 7191
104 7196
104 7240
104 7413
104 7740
104 7762
104 7939
104 8024
104 8730
104 8758
104 8985
104 9137
104 9420
104 9453
104 9567
104 9872
104 9904
104 9909
105 118
105 163
105 263
105 409
105 435
105 503
105 549
105 645
105 824
105 837
105 1403
105 1412
105 1597
105 1695
105 1725
105 2120
105 2151
105 2225
105 2437
105 2790
105 3120
105 3260
105 3364
105 3454
105 3608
105 3724
105 3794
105 3855
105 4332
105 4725
105 5014
105 5234
105 5404
105 5540
105 5549
105 6029
105 6202
105 6501
105 7094
105 7107
105 7665
105 7674
105 7758
105 7810
105 9030
105 9635
105 9781
105 9873
105 9952
106 428
106 486
106 536
106 780
106 983
106 1406
106 1413
106 1655
106 2186
106 2444
106 2528
106 2543
106 2553
106 2654
106 2845
106 2981
106 3208
106 3270
106 3729
106 3732
106 4364
106 5070
106 5652
106 5810
106 5821
106 6038
106 6437
106 6441
106 6449
106 6469
106 6582
106 6667
106 6883
106 6984
106 7233
106 7392
106 7613
106 7616
106 7737
106 8178
106 8399
106 8445
106 8533
106 8563
106 8796
106 9046
106 9253
106 9615
106 9621
107 280
107 379
107 463
107 541
107 569
107 707
107 751
107 1139
107 1213
107 1442
107 1727
107 2040
107 2307
107 2529
107 2725
107 2993
107 3095
107 3187
107 3308
107 3417
107 3437
107 3455
107 3546
107 3911
107 3960
107 4000
107 4379
107 4767
107 5103
107 5472
107 5657
107 5745
107 5978
107 6206
107 6340
107 6355
107 6480
107 7062
107 7253
107 7354
107 7521
107 7589
107 7755
107 7857
107 7924
107 7955
107 8020
107 8313
107 8548
107 8830
107 8906
107 8961
107 9199
107 9440
108 112
108 287
108 1035
108 1143
108 1298
108 1485
108 1534
108 1884
108 2009
108 2347
108 2556
108 2915
108 2938
108 3242
108 3938
108 4093
108 4355
108 4386
108 4420
108 4615
108 4733
108 4996
108 5286
108 5331
108 5449
108 5626
108 6602
108 6603
108 6873
108 7140
108 7272
108 7421
108 7488
108 7669
108 7688
108 8544
108 9304
108 9403
108 9660
108 9694
108 9723
108 9858
108 9942
109 237
109 249
109 627
109 1101
109 1182
109 1421
109 2024
109 2034
109 2374
109 2499
109 2646
109 2675
109 2710
109 3142
109 3684
109 3745
109 3924
109 4486
109 4548
109 4550
109 4635
109 4638
109 4792
109 4913
109 5496
109 5675
109 5748
109 5864
109 6043
109 6265
109 6403
109 7025
109 7388
109 7563
109 7586
109 7718
109 7951
109 7964
109 8151
109 8152
109 8471
109 8547
109 8726
109 8860
109 9090
109 9450
109 9576
109 9762
109 9887
109 9922
109 9966
109 9994
110 116
110 235
110 247
110 367
110 648
110 871
110 932
110 1267
110 1271
110 1357
110 1451
110 1603
110 1941
110 1970
110 2015
110 2110
110 2206
110 2425
110 2587
110 2679
110 2681
110 2856
110 2858
110 2960
110 3241
110 3451
110 3525
110 3850
110 3867
110 4496
110 4704
110 4771
110 4872
110 5028
110 5111
110 5266
110 5581
110 6033
110 6419
110 6428
110 6442
110 6769
110 6795
110 7044
110 7265
110 7541
110 7595
110 8614
110 8659
110 9156
110 9553
110 9600
110 9739
111 128
111 139
111 765
111 856
111 1235
111 1616
111 1698
111 1703
111 1973
111 2362
111 2892
111 3076
111 3130
111 3363
111 3366
111 3436
111 3624
111 3715
111 3762
111 3811
111 3978
111 4322
111 5242
111 5403
111 5464
111 5468
111 5790
111 5941
111 6421
111 6429
111 6905
111 7034
111 7250
111 7779
111 8435
111 8893
111 8966
111 9210
111 9290
111 9330
112 705
112 781
112 783
112 873
112 1111
112 1379
112 1435
112 1647
112 2094
112 2121
112 2157
112 2540
112 2841
112 3340
112 3365
112 3382
112 3741
112 3818
112 4053
112 4357
112 4368
112 4432
112 4581
112 4674
112 4831
112 5254
112 5556
112 5754
112 5795
112 5800
112 5856
112 5967
112 6003
112 6247
112 6333
112 7028
112 7185
112 7261
112 7344
112 7456
112 7775
112 7914
112 8206
112 8329
112 8457
112 9383
112 9602
112 9765
113 149
113 179
113 315
113 614
113 1340
113 1527
113 1558
113 1589
113 1924
113 2230
113 2419
113 2447
113 2503
113 2820
113 2941
113 3094
113 3266
113 3450
113 3480
113 3577
113 3584
113 3691
113 3800
113 3878
113 4035
113 4159
113 4309
113 4404
113 4786
113 5077
113 5357
113 5379
113 5416
113 5423
113 5527
113 5780
113 5932
113 6026
113 6460
113 6829
113 6911
113 6946
113 7002
113 7360
113 7458
113 7925
113 8121
113 8198
113 8618
113 8968
113 9470
113 9728
113 9742
114 121
114 309
114 472
114 767
114 832
114 907
114 1232
114 1688
114 2715
114 2839
114 2908
114 3150
114 3186
114 3323
114 3793
114 3837
114 4174
114 4192
114 4252
114 4267
114 4713
114 5641
114 5809
114 5996
114 6091
114 6107
114 6234
114 6424
114 6438
114 7288
114 7445
114 7471
114 7528
114 7807
114 8003
114 8102
114 8453
114 8568
114 8635
114 9261
114 9313
114 9599
114 9639
114 9761
114 9843
114 9866
114 9914
115 356
115 454
115 659
115 690
115 831
115 848
115 959
115 1128
115 1752
115 1790
115 1808
115 1833
115 2289
115 2297
115 2335
115 2391
115 2451
115 2525
115 2690
115 2737
115 2777
115 3086
115 3117
115 3235
115 3338
115 3972
115 4084
115 4187
115 4205
115 4229
115 4588
115 5109
115 5348
115 5543
115 5545
115 5952
115 6025
115 6114
115 6137
115 6227
115 6380
115 6445
115 6947
115 7203
115 7671
115 7752
115 8202
115 8243
115 8438
115 8524
115 8665
115 8814
115 8883
115 9309
115 9417
115 9423
115 9554
115 9753
115 9995
116 224
116 244
116 339
116 1201
116 1499
116 1621
116 1735
116 2070
116 2089
116 2775
116 2875
116 3759
116 4299
116 4325
116 4664
116 4879
116 5123
116 5255
116 5734
116 5865
116 5954
116 6782
116 6909
116 7020
116 7149
116 7312
116 7324
116 7395
116 7656
116 7690
116 7746
116 8016
116 8346
116 8621
116 9032
116 9094
116 9173
116 9461
116 9801
116 9849
117 550
117 618
117 701
117 813
117 996
117 1142
117 1184
117 1358
117 1414
117 1639
117 2124
117 2354
117 2489
117 2713
117 2890
117 3221
117 3279
117 3595
117 3746
117 3810
117 3943
117 4459
117 4657
117 5050
117 5108
117 5138
117 5238
117 5513
117 5531
117 5817
117 5974
117 5990
117 6094
117 6264
117 6542
117 6773
117 8025
117 8282
117 8325
117 8422
117 8556
117 8898
117 9070
117 9110
117 9285
117 9342
117 9829
118 194
118 209
118 742
118 1339
118 1353
118 1378
118 1445
118 1920
118 2471
118 3103
118 3144
118 3384
118 4142
118 4163
118 4753
118 5087
118 5363
118 5824
118 6168
118 6579
118 6740
118 6836
118 6923
118 7045
118 7451
118 7585
118 8042
118 8323
118 8331
118 8740
118 9249
118 9429
118 9827
119 308
119 593
119 718
119 772
119 842
119 943
119 952
119 997
119 1346
119 1578
119 1917
119 2142
119 2290
119 2705
119 2863
119 2971
119 3329
119 3970
119 4529
119 4738
119 4918
119 4966
119 4976
119 5573
119 5579
119 5691
119 6034
119 6212
119 6751
119 6754
119 7176
119 7278
119 7387
119 7438
119 7475
119 7838
119 7973
119 8137
119 8249
119 8465
119 8582
119 8646
119 8902
119 9023
119 9184
119 9302
119 9524
119 9580
120 328
120 575
120 617
120 698
120 1087
120 1105
120 1141
120 1157
120 1159
120 1245
120 1299
120 1748
120 2012
120 2021
120 2205
120 3258
120 3369
120 3471
120 3537
120 3591
120 3676
120 3765
120 3836
120 4099
120 4429
120 4605
120 4770
120 5369
120 5490
120 5517
120 5689
120 5792
120 6417
120 6712
120 6837
120 6885
120 7121
120 7274
120 7474
120 7959
120 8381
120 8395
120 8921
120 8975
120 9080
120 9209
120 9222
120 9362
120 9406
120 9546
121 129
121 173
121 721
121 817
121 852
121 879
121 1039
121 1051
121 1229
121 1773
121 1935
121 2676
121 2747
121 2953
121 3050
121 3078
121 3089
121 4063
121 4113
121 4184
121 4381
121 4752
121 4799
121 4941
121 5179
121 5342
121 5630
121 6047
121 6050
121 6304
121 7397
121 7454
121 7728
121 8037
121 8186
121 8501
121 8515
121 9041
121 9096
121 9134
121 9170
121 9385
121 9881
121 9959
122 161
122 398
122 485
122 948
122 974
122 1041
122 1336
122 1756
122 1859
122 2102
122 2232
122 2308
122 2370
122 2513
122 2638
122 3022
122 3140
122 3148
122 3194
122 3202
122 3314
122 3389
122 3419
122 3425
122 3668
122 4135
122 4383
122 4489
122 4523
122 4693
122 4773
122 4908
122 5333
122 5686
122 5741
122 6358
122 6777
122 7106
122 7182
122 7618
122 7805
122 7831
122 8070
122 8699
122 9074
122 9288
122 9339
122 9563
123 286
123 295
123 370
123 441
123 581
123 620
123 1112
123 1455
123 1588
123 1625
123 1652
123 1682
123 1943
123 1987
123 2135
123 2236
123 2404
123 2405
123 2753
123 3269
123 3424
123 3596
123 3621
123 4013
123 4148
123 4425
123 4555
123 4811
123 5056
123 5059
123 5130
123 5276
123 5315
123 5771
123 6254
123 6945
123 7469
123 7846
123 8074
123 8489
123 8552
123 8787
123 8965
123 9013
123 9167
123 9247
123 9292
123 9656
123 9681
123 9743
123 9790
123 9815
124 137
124 366
124 404
124 562
124 672
124 749
124 795
124 867
124 950
124 1057
124 1402
124 1441
124 1999
124 2215
124 2216
124 2742
124 3003
124 3072
124 3660
124 3667
124 3695
124 3949
124 4302
124 4306
124 4426
124 4681
124 4712
124 4765
124 4830
124 4938
124 5325
124 5604
124 6078
124 6628
124 7006
124 7205
124 7384
124 7559
124 7957
124 8032
124 8401
124 8551
124 9130
124 9236
124 9259
124 9390
124 9609
124 9668
124 9749
124 9903
125 213
125 408
125 788
125 988
125 1152
125 1170
125 1300
125 1643
125 1812
125 1837
125 1844
125 1849
125 1882
125 2037
125 2346
125 2669
125 2927
125 3008
125 3038
125 3113
125 3115
125 3143
125 3167
125 3362
125 3381
125 3775
125 3778
125 3920
125 3998
125 4316
125 4378
125 4517
125 4620
125 4973
125 5036
125 5428
125 5772
125 5826
125 5862
125 6127
125 6201
125 6610
125 6745
125 7224
125 7568
125 7947
125 8044
125 8187
125 8232
125 8240
125 8672
125 9078
125 9568
125 9581
125 9628
125 9895
126 333
126 337
126 387
126 1342
126 2246
126 2280
126 2287
126 2291
126 2466
126 2530
126 3282
126 3309
126 3333
126 3472
126 3840
126 3854
126 4040
126 4161
126 4254
126 4589
126 4614
126 4656
126 4871
126 5081
126 5096
126 5154
126 5452
126 5601
126 5609
126 5651
126 5673
126 5705
126 5906
126 6012
126 6223
126 6251
126 6693
126 7158
126 8094
126 8166
126 8254
126 8402
126 8543
126 8734
126 9315
126 9854
127 459
127 644
127 1601
127 1867
127 1885
127 1937
127 2340
127 2991
127 3055
127 3508
127 3983
127 4019
127 4304
127 4691
127 4981
127 4984
127 5473
127 5591
127 6346
127 6934
127 6941
127 6983
127 7271
127 7542
127 7608
127 7707
127 7848
127 7882
127 7923
127 8017
127 8068
127 8111
127 8408
127 8476
127 8512
127 8903
127 9319
127 9838
128 242
128 262
128 923
128 1002
128 1219
128 2229
128 2373
128 2421
128 2578
128 2734
128 2976
128 3071
128 3278
128 3390
128 3510
128 3656
128 3658
128 3862
128 4195
128 4199
128 4861
128 5001
128 5048
128 5053
128 5084
128 5215
128 5237
128 5246
128 5382
128 5415
128 5521
128 5925
128 6485
128 6569
128 6732
128 7061
128 7494
128 7794
128 8048
128 8176
128 8482
128 8824
128 9022
128 9034
128 9344
128 9490
128 9493
128 9697
129 392
129 395
129 570
129 733
129 1234
129 1319
129 1440
129 1699
129 2042
129 2242
129 2462
129 2702
129 2744
129 2826
129 3262
129 3313
129 3705
129 4272
129 4510
129 4586
129 4722
129 4965
129 4997
129 5118
129 5263
129 5328
129 5441
129 5563
129 6354
129 6481
129 6553
129 6925
129 7012
129 7102
129 7627
129 7833
129 8390
129 8409
129 9392
129 9467
129 10000
130 146
130 239
130 419
130 514
130 930
130 1221
130 1769
130 2126
130 2486
130 2542
130 2700
130 2925
130 3321
130 3740
130 3802
130 4038
130 4283
130 4394
130 4413
130 4531
130 4764
130 4828
130 4971
130 5236
130 5669
130 5693
130 5718
130 6527
130 6550
130 6601
130 6855
130 6912
130 7308
130 7316
130 7760
130 7948
130 8163
130 8514
130 8625
130 8737
130 8841
130 9750
131 221
131 223
131 288
131 321
131 567
131 708
131 1007
131 1073
131 1270
131 1464
131 1529
131 2014
131 2154
131 2866
131 3052
131 3118
131 3318
131 3541
131 3559
131 3619
131 3642
131 3722
131 3961
131 3973
131 4400
131 4584
131 5061
131 5268
131 5302
131 5389
131 5711
131 5878
131 5949
131 6248
131 6655
131 7026
131 7385
131 7414
131 7693
131 7968
131 8022
131 8795
131 8835
131 8870
131 9073
131 9473
131 9513
131 9517
131 9661
131 9993
132 226
132 424
132 684
132 827
132 1001
132 1019
132 1233
132 1334
132 1372
132 1541
132 1796
132 2093
132 2265
132 2584
132 2768
132 3717
132 4003
132 4115
132 4167
132 4234
132 4469
132 4736
132 5063
132 5798
132 5995
132 6496
132 6586
132 6822
132 6838
132 6916
132 7402
132 7502
132 7575
132 7593
132 7716
132 7899
132 8139
132 8298
132 8430
132 8633
132 8940
132 8942
132 9162
132 9188
132 9509
133 219
133 453
133 462
133 670
133 934
133 1255
133 1517
133 1546
133 1824
133 1938
133 2011
133 2031
133 2084
133 2193
133 2288
133 2310
133 2608
133 2649
133 2861
133 3051
133 4139
133 4166
133 4194
133 4243
133 4382
133 4677
133 4837
133 5107
133 5737
133 5812
133 5890
133 6109
133 6156
133 6294
133 6324
133 6456
133 6549
133 6991
133 7004
133 7287
133 7302
133 7315
133 7405
133 8348
133 8539
133 8831
133 8923
133 8960
133 9062
133 9157
134 806
134 843
134 847
134 898
134 1227
134 1364
134 1450
134 1814
134 1952
134 2061
134 2262
134 2803
134 3096
134 3239
134 3465
134 3892
134 3986
134 4128
134 4374
134 4699
134 4954
134 5213
134 5352
134 5442
134 5547
134 6032
134 6347
134 6818
134 6887
134 6898
134 7114
134 7127
134 7373
134 7550
134 7771
134 8029
134 8296
134 8380
134 8535
134 8651
134 8890
134 8959
134 9006
134 9171
134 9311
134 9472
134 9607
134 9811
134 9947
134 9991
135 461
135 507
135 630
135 703
135 808
135 1338
135 1640
135 1923
135 2353
135 2667
135 3087
135 3491
135 3523
135 3616
135 3776
135 4033
135 4045
135 4121
135 4130
135 4501
135 4758
135 4827
135 4836
135 4855
135 4892
135 5147
135 5159
135 5448
135 5533
135 5717
135 5802
135 5892
135 6103
135 6373
135 6470
135 6697
135 6716
135 6776
135 7039
135 7068
135 7087
135 7508
135 7540
135 7745
135 7871
135 8108
135 8118
135 8168
135 8263
135 8790
135 8956
135 9003
135 9234
135 9297
135 9317
135 9667
135 9759
135 9896
136 214
136 357
136 535
136 682
136 728
136 794
136 811
136 1080
136 1361
136 1382
136 1566
136 1719
136 1772
136 2033
136 2285
136 2724
136 2822
136 2989
136 3175
136 3473
136 4041
136 4601
136 5243
136 5886
136 5972
136 6049
136 6144
136 6343
136 6391
136 6722
136 7032
136 7232
136 7327
136 7415
136 7514
136 7626
136 8051
136 8095
136 8197
136 8209
136 8222
136 8587
136 8689
136 8798
136 8862
136 8885
136 9054
136 9591
136 9906
137 1004
137 1250
137 1724
137 1962
137 2566
137 2633
137 2684
137 2720
137 2830
137 3273
137 3467
137 3672
137 4064
137 4483
137 4515
137 4579
137 4609
137 4636
137 4639
137 4669
137 4731
137 4875
137 4922
137 5175
137 5323
137 5364
137 5610
137 5710
137 5765
137 5830
137 6027
137 6236
137 6414
137 6497
137 6642
137 6906
137 7042
137 7375
137 7610
137 7717
137 7765
137 8165
137 8360
137 8714
137 9102
137 9122
137 9386
137 9669
137 9792
137 9851
137 9871
137 9968
138 256
138 306
138 602
138 754
138 768
138 889
138 1163
138 1423
138 1641
138 2219
138 2250
138 2423
138 3222
138 3466
138 3517
138 3679
138 3833
138 3922
138 4220
138 4225
138 5534
138 5616
138 5642
138 5683
138 6065
138 6101
138 6365
138 6541
138 6562
138 6743
138 6847
138 7153
138 7797
138 7869
138 8073
138 8285
138 8658
138 8668
138 8827
138 9189
138 9354
139 234
139 420
139 437
139 464
139 713
139 734
139 775
139 970
139 1089
139 1551
139 1634
139 2234
139 2294
139 2311
139 2701
139 2809
139 2942
139 3075
139 3866
139 3888
139 4265
139 4275
139 4336
139 4372
139 4652
139 4823
139 5034
139 5150
139 5461
139 6066
139 6124
139 6170
139 6190
139 6198
139 6526
139 6630
139 7013
139 7029
139 7074
139 7424
139 7537
139 7598
139 7750
139 7868
139 8320
139 8540
139 8650
139 8732
139 8756
139 8816
139 8817
139 9316
139 9349
139 9620
139 9823
140 142
140 180
140 228
140 524
140 613
140 646
140 757
140 776
140 835
140 951
140 1131
140 1252
140 1259
140 1273
140 1545
140 1739
140 1985
140 2046
140 2118
140 2398
140 2785
140 3006
140 3077
140 3127
140 3295
140 3388
140 3713
140 3718
140 4613
140 4711
140 5321
140 5522
140 6002
140 6086
140 6378
140 6471
140 6482
140 6710
140 6864
140 6949
140 7652
140 7918
140 8009
140 8213
140 8896
140 9010
140 9087
140 9426
140 9455
140 9791
140 9885
140 9946
141 301
141 608
141 663
141 860
141 1325
141 1488
141 1508
141 1636
141 2168
141 2187
141 2369
141 2533
141 2603
141 2930
141 3080
141 3274
141 3406
141 3733
141 4097
141 4251
141 4455
141 4493
141 4536
141 4650
141 4680
141 4723
141 4776
141 5024
141 5041
141 5139
141 5259
141 5508
141 5516
141 5779
141 5871
141 5872
141 5951
141 6005
141 6084
141 6121
141 6177
141 6426
141 6447
141 6651
141 6844
141 7030
141 7208
141 7581
141 8308
141 9076
141 9329
141 9454
141 9487
141 9774
141 9778
142 204
142 436
142 479
142 652
142 678
142 1195
142 1906
142 1953
142 2086
142 2174
142 2202
142 2361
142 2454
142 2873
142 3015
142 3214
142 3499
142 3560
142 3570
142 3964
142 4081
142 4221
142 4367
142 4437
142 4485
142 4803
142 4880
142 4953
142 5038
142 5520
142 5681
142 5724
142 6046
142 6185
142 6369
142 6845
142 6993
142 7081
142 7201
142 7390
142 7525
142 7680
142 7929
142 7984
142 8098
142 8797
142 8859
142 8907
142 8936
142 9109
142 9218
142 9287
142 9389
142 9814
142 9891
142 9930
142 9990
143 189
143 255
143 282
143 564
143 885
143 1130
143 1330
143 1348
143 1945
143 2426
143 3335
143 3893
143 4062
143 4104
143 4559
143 5283
143 5446
143 5640
143 5647
143 5768
143 5917
143 6151
143 6193
143 6322
143 6760
143 6899
143 7560
143 7644
143 7681
143 7776
143 7949
143 8093
143 8103
143 8126
143 8159
143 8295
143 9048
143 9135
143 9141
143 9165
143 9207
143 9211
143 9283
143 9446
143 9713
143 9965
144 208
144 969
144 1415
144 1692
144 1799
144 1831
144 2711
144 3253
144 3391
144 3797
144 3917
144 3988
144 4055
144 4263
144 4450
144 4883
144 5085
144 5265
144 5326
144 5699
144 5869
144 6306
144 6416
144 6604
144 6680
144 6781
144 6890
144 6903
144 7038
144 7082
144 7137
144 7624
144 7714
144 8119
144 8289
144 8661
144 8745
144 8886
144 8978
144 9144
144 9366
145 151
145 656
145 874
145 1218
145 1469
145 1820
145 2150
145 2235
145 2375
145 2518
145 2664
145 2990
145 3025
145 3082
145 3291
145 3720
145 3789
145 3838
145 3842
145 3992
145 4050
145 4110
145 4321
145 4405
145 4936
145 5184
145 5362
145 5391
145 5766
145 5828
145 6431
145 6787
145 7016
145 7152
145 7212
145 7679
145 7919
145 8058
145 8138
145 8309
145 8574
145 9036
145 9060
145 9646
145 9740
145 9907
145 9998
146 302
146 547
146 689
146 1024
146 1119
146 1151
146 1966
146 2103
146 2551
146 2652
146 2746
146 2764
146 2771
146 3155
146 3161
146 3339
146 3422
146 3605
146 3719
146 3773
146 3873
146 4012
146 4124
146 4203
146 4213
146 4935
146 4945
146 5253
146 5777
146 5845
146 6082
146 6337
146 6423
146 6458
146 6463
146 6892
146 7163
146 7642
146 7878
146 7952
146 7956
146 8130
146 8195
146 8811
146 8850
146 9066
146 9793
147 148
147 381
147 700
147 1013
147 1258
147 1563
147 1865
147 2059
147 2116
147 2243
147 2452
147 2914
147 3004
147 3036
147 3172
147 3414
147 3674
147 3884
147 4212
147 4315
147 4371
147 4388
147 4481
147 4617
147 4715
147 4885
147 5127
147 5167
147 5528
147 5557
147 5560
147 5781
147 5816
147 5914
147 5979
147 6344
147 6362
147 6410
147 6446
147 6535
147 6902
147 7192
147 7422
147 7479
147 7511
147 7743
147 7849
147 7852
147 7994
147 8050
147 8358
147 8895
147 9115
147 9208
147 9274
147 9475
147 9797
148 425
148 455
148 508
148 511
148 604
148 626
148 723
148 1107
148 1891
148 1965
148 1979
148 2020
148 2022
148 2098
148 2178
148 2474
148 2879
148 2935
148 3612
148 3646
148 3853
148 3857
148 3925
148 4293
148 4380
148 4542
148 4912
148 4978
148 5251
148 5786
148 6120
148 6158
148 6274
148 6459
148 6506
148 6669
148 6799
148 6810
148 6834
148 7055
148 7399
148 7558
148 7651
148 8868
148 8879
148 8969
148 8971
148 9000
148 9161
148 9198
148 9412
148 9445
148 9788
148 9901
148 9957
149 410
149 488
149 830
149 1085
149 1109
149 1216
149 1377
149 1404
149 1434
149 1874
149 1954
149 2449
149 2754
149 3059
149 3255
149 3685
149 3723
149 3954
149 4114
149 4129
149 4155
149 4216
149 4224
149 4350
149 4441
149 4627
149 4802
149 4982
149 4983
149 5153
149 5258
149 5274
149 5308
149 5440
149 6015
149 6020
149 6164
149 6186
149 6275
149 6386
149 6625
149 7310
149 7519
149 7773
149 8080
149 8220
149 8344
149 9267
149 9301
149 9328
149 9334
149 9359
150 238
150 448
150 978
150 1275
150 1596
150 2036
150 2473
150 2736
150 2738
150 2739
150 2829
150 2932
150 3065
150 3666
150 3725
150 3757
150 3770
150 4396
150 4499
150 4561
150 4607
150 5288
150 5478
150 5480
150 5823
150 5832
150 6163
150 6214
150 6399
150 6608
150 6635
150 6720
150 6963
150 7164
150 7229
150 7336
150 7412
150 7470
150 7476
150 7639
150 7662
150 7731
150 7934
150 7965
150 8027
150 8188
150 8335
150 8720
150 8775
150 8888
150 9033
150 9592
150 9916
151 325
151 509
151 814
151 888
151 1026
151 1148
151 1268
151 1548
151 1801
151 1819
151 1850
151 2817
151 4049
151 4311
151 4526
151 5505
151 5661
151 5722
151 6436
151 6924
151 7141
151 7238
151 7243
151 7439
151 7448
151 7661
151 7932
151 7974
151 8117
151 8423
151 8456
151 8864
151 8869
151 8947
151 9057
151 9128
151 9204
151 9506
151 9548
151 9590
151 9899
152 156
152 647
152 995
152 1140
152 1162
152 1187
152 1202
152 1465
152 1522
152 1715
152 1947
152 2016
152 2560
152 2895
152 2899
152 3179
152 3399
152 3459
152 3721
152 3782
152 3883
152 3967
152 4556
152 4732
152 4843
152 4850
152 5219
152 5503
152 5743
152 5943
152 6154
152 6325
152 6657
152 6939
152 7266
152 7313
152 7434
152 7483
152 7632
152 8271
152 8467
152 8590
152 8698
152 8848
152 8881
152 9257
152 9273
152 9322
152 9569
152 9584
152 9702
152 9748
152 9806
152 9839
153 259
153 268
153 841
153 896
153 963
153 1093
153 1118
153 1129
153 1215
153 1239
153 1438
153 1456
153 1723
153 2198
153 2279
153 2507
153 2559
153 2599
153 2624
153 2793
153 2811
153 2849
153 2884
153 3401
153 3737
153 3882
153 3900
153 3915
153 3957
153 3968
153 4039
153 4643
153 4780
153 4857
153 5083
153 5240
153 5439
153 5650
153 6009
153 6113
153 6643
153 6734
153 6742
153 6753
153 7040
153 7254
153 7498
153 7638
153 8185
153 8221
153 8231
153 8234
153 8272
153 8628
153 8982
153 9610
153 9677
153 9820
153 9888
154 520
154 911
154 936
154 1010
154 1368
154 1594
154 1740
154 2127
154 2789
154 3045
154 3074
154 3268
154 3347
154 3357
154 3469
154 3644
154 3809
154 4239
154 4261
154 4273
154 4354
154 4465
154 4546
154 4547
154 5006
154 5162
154 5194
154 5202
154 5272
154 5330
154 5471
154 5648
154 5747
154 6079
154 6188
154 6312
154 6408
154 6420
154 6434
154 6571
154 6639
154 6694
154 6986
154 7009
154 7057
154 7072
154 7100
154 7125
154 7501
154 7670
154 7796
154 7881
154 8030
154 8063
154 8143
154 8613
154 8700
154 9117
154 9393
154 9637
154 9758
155 311
155 327
155 543
155 863
155 938
155 1016
155 1177
155 1261
155 1289
155 1654
155 1767
155 2238
155 2313
155 2396
155 2674
155 2723
155 2784
155 2806
155 3027
155 3779
155 3863
155 4109
155 4569
155 4600
155 4877
155 4980
155 5104
155 5212
155 5636
155 5912
155 5963
155 5984
155 6329
155 6619
155 6650
155 6920
155 7772
155 8072
155 8417
155 8509
155 8664
155 8808
155 9002
155 9072
155 9370
155 9562
155 9709
155 9751
155 9923
155 9974
156 160
156 202
156 323
156 434
156 763
156 1375
156 1644
156 1915
156 2074
156 2090
156 2266
156 2355
156 2598
156 2639
156 2662
156 3111
156 3121
156 3191
156 3316
156 3380
156 3904
156 4123
156 4514
156 4703
156 4705
156 5486
156 5487
156 5541
156 6055
156 6076
156 6077
156 6216
156 6467
156 6683
156 6804
156 6964
156 7069
156 7097
156 7520
156 7573
156 7692
156 7976
156 7983
156 8375
156 8565
156 8604
156 8767
156 8772
156 8979
156 9064
156 9088
156 9332
156 9479
156 9504
157 886
157 981
157 1400
157 1466
157 1482
157 1579
157 2247
157 2351
157 2458
157 2693
157 2965
157 3158
157 3568
157 3682
157 4230
157 4901
157 5524
157 5614
157 5929
157 5937
157 6180
157 6543
157 6788
157 7122
157 7147
157 7641
157 8508
157 8632
157 8851
157 9024
157 9340
157 9484
158 222
158 385
158 501
158 719
158 759
158 1113
158 1198
158 1360
158 1933
158 1936
158 2028
158 2140
158 2203
158 2707
158 2801
158 2853
158 2855
158 3159
158 3249
158 3415
158 3966
158 3984
158 4047
158 4463
158 4554
158 4955
158 5280
158 5519
158 5544
158 5629
158 5687
158 5909
158 6229
158 6359
158 6614
158 6701
158 6767
158 7019
158 7591
158 7734
158 8007
158 8088
158 8114
158 8369
158 8495
158 8637
158 8693
158 8738
158 8803
158 8911
158 8916
158 9061
158 9547
158 9558
158 9738
158 9845
158 9870
158 9969
159 319
159 369
159 382
159 451
159 466
159 566
159 598
159 675
159 858
159 957
159 1217
159 1257
159 1365
159 1373
159 1380
159 1428
159 1653
159 1754
159 2027
159 2293
159 2420
159 2427
159 2459
159 2516
159 2521
159 2610
159 2958
159 2966
159 3054
159 3558
159 3841
159 3909
159 3926
159 3955
159 4146
159 4300
159 4440
159 4451
159 5457
159 5494
159 5535
159 6048
159 6418
159 6483
159 6670
159 6856
159 7332
159 7908
159 8268
159 8291
159 8321
159 8828
159 8913
159 9151
159 9691
159 9938
159 9956
160 211
160 661
160 939
160 1020
160 1063
160 1384
160 1457
160 1708
160 2004
160 2506
160 2520
160 2762
160 2798
160 2891
160 3104
160 3549
160 3865
160 4070
160 4236
160 4248
160 4298
160 4707
160 4819
160 4842
160 5178
160 5208
160 5301
160 5733
160 5811
160 5926
160 6231
160 6504
160 6524
160 6600
160 6687
160 6711
160 6828
160 7080
160 7148
160 7184
160 7333
160 7337
160 7678
160 7729
160 8196
160 8278
160 8357
160 8488
160 8794
160 8937
160 8991
160 9664
160 9949
161 422
161 578
161 621
161 664
161 704
161 747
161 973
161 999
161 1144
161 1651
161 1689
161 1872
161 2339
161 2621
161 2660
161 2692
161 2802
161 3286
161 3413
161 3572
161 3601
161 3823
161 3869
161 3934
161 4018
161 4415
161 4763
161 4891
161 4915
161 5101
161 5125
161 5217
161 5399
161 5526
161 5619
161 5663
161 5888
161 6308
161 6326
161 6453
161 6576
161 6607
161 7197
161 7526
161 7793
161 7898
161 7906
161 7978
161 8054
161 8316
161 8521
161 8530
161 8706
161 9127
161 9270
161 9531
161 9736
161 9787
161 9934
162 517
162 809
162 1186
162 1242
162 1518
162 2275
162 2333
162 2383
162 2415
162 3102
162 3160
162 3322
162 3337
162 3640
162 3703
162 4587
162 4599
162 4845
162 5016
162 5128
162 5186
162 5222
162 5484
162 5796
162 5870
162 5983
162 6240
162 6450
162 6529
162 6717
162 7300
162 7795
162 8609
162 8931
162 9067
162 9338
162 9401
162 9519
162 9544
162 9826
163 167
163 506
163 619
163 697
163 935
163 975
163 1058
163 1188
163 1552
163 1624
163 1691
163 1855
163 1921
163 2969
163 3264
163 3343
163 3626
163 4052
163 4341
163 4490
163 4633
163 5206
163 5311
163 5332
163 5590
163 5623
163 5696
163 5916
163 5918
163 6018
163 6070
163 6176
163 6475
163 6648
163 7133
163 7160
163 7172
163 7503
163 7798
163 8167
163 8193
163 8349
163 8447
163 8491
163 8729
163 8778
163 8807
163 8880
163 8897
163 8977
163 9021
163 9449
163 9545
163 9985
164 195
164 558
164 572
164 1033
164 1419
164 1483
164 1487
164 1630
164 1662
164 1738
164 1858
164 2532
164 3090
164 3182
164 3655
164 3813
164 3903
164 4478
164 4565
164 4774
164 4946
164 5210
164 5509
164 5552
164 5933
164 5950
164 6172
164 6284
164 6415
164 6563
164 6633
164 6831
164 6866
164 7064
164 7088
164 7199
164 7357
164 7614
164 7666
164 7936
164 7958
164 7991
164 8001
164 8474
164 8546
164 8598
164 9065
164 9246
165 241
165 318
165 401
165 1114
165 1176
165 1284
165 1291
165 1661
165 1958
165 2122
165 2327
165 2467
165 2617
165 2717
165 2783
165 2934
165 3166
165 3443
165 3952
165 4083
165 4331
165 4618
165 4640
165 4647
165 4750
165 4904
165 4923
165 4989
165 5021
165 5121
165 5193
165 5638
165 5660
165 5923
165 5928
165 5930
165 6224
165 6361
165 6397
165 6430
165 7376
165 7684
165 7858
165 8033
165 8477
165 9098
165 9202
165 9510
165 9525
165 9683
165 9760
165 9763
166 261
166 400
166 416
166 596
166 912
166 1171
166 1277
166 1460
166 1622
166 1732
166 1995
166 2079
166 2274
166 2501
166 2886
166 2945
166 3230
166 3564
166 3827
166 3839
166 3985
166 4096
166 4106
166 4303
166 4888
166 5090
166 5122
166 5349
166 5550
166 5694
166 5784
166 5867
166 5885
166 6245
166 6252
166 6479
166 6953
166 7292
166 7294
166 7813
166 8031
166 8106
166 8179
166 8205
166 8333
166 8432
166 8630
166 8876
166 9085
166 9242
166 9984
166 9989
167 394
167 407
167 729
167 917
167 1049
167 1371
167 1787
167 1894
167 1982
167 2163
167 2379
167 2388
167 2482
167 2535
167 2581
167 2615
167 2653
167 2686
167 2876
167 2898
167 2924
167 3020
167 3157
167 3196
167 3307
167 3446
167 3483
167 3824
167 4014
167 4209
167 4287
167 4318
167 4352
167 5054
167 5064
167 5334
167 5483
167 5682
167 5700
167 5753
167 5859
167 6042
167 6174
167 6232
167 6323
167 6514
167 6564
167 6595
167 6908
167 7123
167 7187
167 7251
167 7403
167 7497
167 8229
167 8317
167 8466
167 8702
167 8954
167 9055
167 9219
167 9421
167 9433
167 9617
167 9935
168 184
168 281
168 335
168 668
168 1498
168 1514
168 1815
168 1955
168 2029
168 2111
168 2435
168 2445
168 2741
168 2992
168 3106
168 3219
168 3930
168 3931
168 4072
168 4348
168 4446
168 4567
168 4755
168 4817
168 4889
168 4929
168 5079
168 5197
168 5966
168 6028
168 6146
168 6283
168 6512
168 6704
168 6988
168 7325
168 7621
168 7739
168 7961
168 8049
168 8473
168 8527
168 8805
168 8821
168 8905
168 9058
168 9197
168 9809
169 171
169 269
169 376
169 457
169 611
169 846
169 971
169 1040
169 1304
169 1307
169 1439
169 1712
169 2476
169 2538
169 2688
169 2716
169 2946
169 3009
169 3653
169 3958
169 4201
169 4346
169 4610
169 4641
169 4686
169 4821
169 5144
169 5174
169 5303
169 5462
169 5504
169 5639
169 5746
169 5801
169 6045
169 6222
169 6338
169 6353
169 6455
169 6644
169 7095
169 7111
169 7352
169 7504
169 7604
169 8310
169 8522
169 8639
169 9555
169 9604
169 9685
169 9962
170 1974
170 2100
170 2179
170 2436
170 2622
170 3010
170 3083
170 3265
170 3575
170 3662
170 3698
170 3788
170 3829
170 4266
170 4414
170 4482
170 4594
170 5133
170 5360
170 5666
170 5921
170 5922
170 6128
170 6194
170 6266
170 6457
170 6468
170 6505
170 6511
170 6626
170 6645
170 6684
170 6698
170 6758
170 6805
170 6932
170 7050
170 7104
170 7128
170 7298
170 7416
170 8120
170 8783
170 8815
170 9103
170 9282
170 9345
170 9425
170 9672
170 9779
170 9782
170 9979
171 473
171 475
171 774
171 913
171 994
171 1090
171 1542
171 1663
171 1744
171 1821
171 1871
171 2008
171 2251
171 2422
171 2910
171 3195
171 3603
171 3657
171 3799
171 4091
171 4122
171 4448
171 4488
171 4576
171 4668
171 4957
171 5013
171 5220
171 5269
171 5398
171 5627
171 5634
171 5794
171 5962
171 6118
171 6189
171 6495
171 6500
171 6554
171 6588
171 6605
171 6868
171 6973
171 7248
171 7309
171 8174
171 8460
171 8492
171 8624
171 8925
171 8984
171 9005
171 9444
171 9505
171 9522
171 9659
172 181
172 518
172 1075
172 1092
172 1593
172 1780
172 1803
172 1834
172 2324
172 2341
172 2614
172 2658
172 2964
172 3002
172 3116
172 3170
172 3482
172 3885
172 4271
172 4397
172 4772
172 5044
172 5092
172 5113
172 5359
172 5421
172 5756
172 5948
172 6119
172 6150
172 6192
172 6305
172 6578
172 6827
172 7073
172 7603
172 7870
172 7993
172 8212
172 8507
172 8747
172 8846
172 9483
172 9700
172 9932
173 615
173 730
173 1269
173 1350
173 1352
173 1430
173 1458
173 1862
173 1909
173 2002
173 2035
173 2483
173 2504
173 2677
173 3154
173 3163
173 3444
173 3545
173 4259
173 4262
173 4307
173 4387
173 4631
173 4760
173 4775
173 5023
173 5114
173 5447
173 5571
173 5805
173 6183
173 6208
173 6567
173 6686
173 6826
173 7190
173 7694
173 7780
173 7877
173 8377
173 8389
173 8469
173 8531
173 8707
173 8953
173 9029
173 9148
173 9570
173 9625
173 9640
174 679
174 722
174 1158
174 1287
174 1595
174 2030
174 2041
174 2495
174 2576
174 2595
174 3035
174 3109
174 3579
174 3635
174 3748
174 3975
174 4280
174 4422
174 4689
174 4766
174 4800
174 4950
174 5019
174 5876
174 6339
174 6383
174 6528
174 6615
174 6762
174 7738
174 8123
174 8251
174 8312
174 8428
174 8537
174 8559
174 8561
174 8600
174 8995
174 9147
174 9727
175 839
175 882
175 1032
175 1046
175 1097
175 1369
175 1411
175 1685
175 1766
175 1771
175 2201
175 2231
175 2233
175 2450
175 2468
175 2782
175 3768
175 3774
175 4021
175 4151
175 4434
175 4495
175 4932
175 5134
175 5145
175 5200
175 5542
175 5576
175 5625
175 5769
175 6064
175 6069
175 6191
175 6237
175 6246
175 6381
175 6411
175 7093
175 7252
175 7369
175 7417
175 7420
175 7566
175 7646
175 7682
175 8101
175 8262
175 8378
175 8510
175 8528
175 8575
175 9159
175 9807
175 9980
176 355
176 444
176 753
176 1605
176 1668
176 1717
176 2045
176 2132
176 2137
176 2438
176 2767
176 2947
176 3060
176 3256
176 3285
176 3602
176 3671
176 3677
176 3898
176 3908
176 4076
176 4215
176 4313
176 4409
176 4582
176 4683
176 4684
176 4720
176 5376
176 5562
176 5611
176 5957
176 6422
176 6487
176 6547
176 6695
176 6821
176 6948
176 7363
176 7569
176 7629
176 7664
176 7980
176 8006
176 8247
176 8406
176 8419
176 8769
176 8784
176 9146
176 9195
176 9226
176 9424
176 9469
177 257
177 403
177 695
177 884
177 1003
177 1009
177 1043
177 1521
177 1598
177 1825
177 1988
177 3123
177 3213
177 3589
177 3645
177 3791
177 4328
177 4660
177 4708
177 5004
177 5124
177 5277
177 5608
177 6281
177 6379
177 6440
177 6510
177 6897
177 7200
177 7362
177 7784
177 7886
177 7941
177 8270
177 8486
177 8487
177 8607
177 8983
177 9327
177 9542
177 9577
177 9682
177 9744
178 215
178 278
178 347
178 502
178 516
178 529
178 854
178 1122
178 1312
178 1351
178 1437
178 1475
178 1526
178 1568
178 1926
178 2129
178 2364
178 2490
178 2537
178 2618
178 2814
178 2843
178 3145
178 3212
178 3232
178 3374
178 3433
178 3505
178 3585
178 3875
178 4051
178 4344
178 4358
178 4391
178 4416
178 4563
178 4658
178 4709
178 4895
178 5182
178 6019
178 6097
178 6112
178 6688
178 7043
178 7129
178 7227
178 7854
178 7911
178 8200
178 8304
178 8682
178 8727
178 8752
178 8840
178 8900
178 9486
178 9658
178 9789
178 9880
179 251
179 344
179 427
179 433
179 681
179 770
179 833
179 892
179 910
179 1238
179 1604
179 1612
179 1755
179 1839
179 3026
179 3091
179 3229
179 3246
179 3327
179 3661
179 3887
179 3895
179 3979
179 4231
179 4237
179 4269
179 4852
179 4925
179 4963
179 5164
179 5499
179 5656
179 5723
179 5725
179 6390
179 7207
179 7323
179 7367
179 7447
179 7574
179 7659
179 7788
179 8013
179 8493
179 8654
179 8872
179 8922
179 9227
179 9369
179 9528
179 9813
179 9958
179 9999
180 326
180 329
180 440
180 476
180 1538
180 1556
180 1795
180 2221
180 2223
180 2272
180 2326
180 2334
180 2601
180 2629
180 3105
180 3189
180 3367
180 3397
180 3747
180 3767
180 4125
180 4241
180 4330
180 4509
180 4544
180 4757
180 4900
180 4909
180 5388
180 5697
180 5767
180 5893
180 6257
180 6398
180 6565
180 6707
180 6746
180 6842
180 6981
180 7008
180 7269
180 7297
180 7343
180 7359
180 7937
180 8086
180 8235
180 8472
180 8497
180 8662
180 8843
180 8996
180 9583
180 9595
180 9671
180 9768
180 9977
181 1316
181 1627
181 1929
181 2382
181 2772
181 3028
181 3056
181 3164
181 3750
181 3946
181 4137
181 4145
181 4461
181 4655
181 4761
181 4902
181 5027
181 5051
181 5347
181 5488
181 5577
181 5716
181 5991
181 6162
181 6612
181 6857
181 6881
181 6995
181 8036
181 8757
181 9411
181 9456
181 9638
182 314
182 365
182 465
182 556
182 760
182 798
182 1108
182 1251
182 1329
182 1658
182 1690
182 1696
182 1976
182 1998
182 2099
182 2165
182 2469
182 2575
182 2850
182 2881
182 3400
182 3447
182 3555
182 3756
182 3832
182 4048
182 4255
182 4583
182 4612
182 4782
182 4961
182 5100
182 5501
182 5688
182 5729
182 6261
182 6387
182 6473
182 6632
182 6797
182 7171
182 7347
182 7875
182 8064
182 8562
182 8834
182 9200
182 9248
182 9307
182 9335
182 9674
182 9884
183 594
183 877
183 1045
183 1560
183 1608
183 1783
183 2051
183 2073
183 2112
183 2207
183 2484
183 2508
183 2545
183 2588
183 2661
183 2685
183 2788
183 3068
183 3233
183 3319
183 3372
183 3479
183 3586
183 3727
183 3897
183 4116
183 4196
183 4682
183 5498
183 5927
183 6073
183 7280
183 7835
183 8008
183 8359
183 8873
183 8987
183 9039
183 9118
183 9633
183 9772
184 377
184 469
184 523
184 531
184 650
184 984
184 1153
184 1205
184 1224
184 1416
184 1908
184 2017
184 2044
184 2139
184 2359
184 2403
184 2703
184 2786
184 2878
184 2926
184 2987
184 2999
184 3001
184 3405
184 3959
184 4362
184 4454
184 4820
184 5068
184 5846
184 6017
184 6039
184 6102
184 6486
184 6718
184 6780
184 6820
184 6937
184 6990
184 7101
184 7138
184 7282
184 7625
184 7628
184 7892
184 7895
184 7967
184 7970
184 8341
184 8412
184 8701
184 9111
184 9291
184 9318
184 9397
184 9503
184 9527
184 9543
184 9717
184 9756
185 231
185 371
185 380
185 744
185 819
185 820
185 868
185 967
185 1099
185 1313
185 1583
185 2194
185 2323
185 2393
185 2455
185 2763
185 3110
185 3272
185 3361
185 3490
185 3617
185 3902
185 4466
185 5086
185 5099
185 5137
185 5224
185 5306
185 5353
185 5574
185 5659
185 6262
185 6263
185 6309
185 6507
185 7091
185 7189
185 7226
185 7340
185 7829
185 7842
185 7866
185 7909
185 8177
185 8181
185 8259
185 8311
185 8386
185 8673
185 8723
185 8725
185 9152
185 9193
185 9324
185 9364
185 9437
185 9496
186 207
186 1150
186 1341
186 1535
186 1813
186 2082
186 2318
186 2408
186 2475
186 2672
186 2699
186 2864
186 2920
186 3320
186 3378
186 3524
186 3539
186 3639
186 3790
186 3868
186 4795
186 4809
186 4939
186 5411
186 5427
186 5539
186 5704
186 6332
186 6557
186 6559
186 6646
186 6813
186 6970
186 7444
186 7972
186 8000
186 8099
186 8237
186 8627
186 9196
186 9892
187 227
187 246
187 787
187 921
187 1183
187 1461
187 1513
187 1919
187 1977
187 2213
187 2712
187 3017
187 3566
187 3609
187 3651
187 4169
187 5017
187 5191
187 5714
187 5761
187 5939
187 6136
187 6211
187 6250
187 6388
187 6502
187 6556
187 6830
187 6907
187 7022
187 7231
187 7481
187 7484
187 7953
187 7963
187 8113
187 8420
187 8525
187 8718
187 8852
187 9269
187 9533
187 9673
187 9675
187 9721
187 9746
187 9859
188 532
188 622
188 992
188 1022
188 1422
188 1491
188 1577
188 1811
188 1949
188 1991
188 2191
188 2240
188 2241
188 2729
188 2769
188 2781
188 2851
188 3618
188 3628
188 3835
188 4779
188 5806
188 6010
188 6111
188 6116
188 6341
188 6624
188 7145
188 7808
188 8257
188 8281
188 8407
188 8526
188 8875
188 8972
188 9047
188 9224
188 9298
188 9500
188 9832
188 9897
188 9944
189 415
189 779
189 1666
189 1775
189 1810
189 1857
189 1898
189 1980
189 2273
189 2399
189 2487
189 2594
189 2816
189 2904
189 3133
189 3188
189 3303
189 4456
189 4651
189 4762
189 5055
189 5163
189 5195
189 5602
189 5852
189 5900
189 6031
189 6178
189 6401
189 6451
189 6944
189 6951
189 7570
189 7601
189 7756
189 8142
189 8144
189 8394
189 8498
189 8503
189 8523
189 8917
189 9384
189 9818
189 9905
190 412
190 725
190 826
190 1472
190 1494
190 1757
190 2181
190 2544
190 2825
190 3046
190 3149
190 3283
190 3476
190 3531
190 3569
190 3598
190 3641
190 3669
190 3792
190 3910
190 4186
190 4597
190 4649
190 4841
190 4848
190 4882
190 5291
190 5336
190 5443
190 5491
190 5730
190 5880
190 5924
190 5960
190 6203
190 6228
190 6330
190 6649
190 6685
190 6854
190 7056
190 7134
190 7155
190 7600
190 7757
190 7790
190 7844
190 7873
190 8354
190 8692
190 8762
190 8810
190 9177
190 9296
190 9343
191 478
191 546
191 815
191 986
191 1648
191 1749
191 1816
191 1904
191 1916
191 2101
191 2108
191 2131
191 2148
191 2158
191 2381
191 2680
191 2773
191 2774
191 2791
191 2799
191 2815
191 2896
191 3097
191 3281
191 3478
191 3578
191 4001
191 4126
191 4152
191 4326
191 4528
191 4553
191 4566
191 4737
191 4748
191 5116
191 5201
191 5831
191 6041
191 6125
191 6135
191 6140
191 6406
191 7017
191 7159
191 7319
191 7708
191 8115
191 8292
191 8424
191 8553
191 8588
191 8596
191 8711
191 8855
191 8981
191 9019
191 9320
191 9351
191 9468
191 9572
191 9780
191 9805
191 9856
191 9863
191 9877
191 9971
192 225
192 233
192 253
192 442
192 694
192 740
192 771
192 902
192 940
192 1256
192 1574
192 1626
192 1786
192 2096
192 2634
192 2755
192 2805
192 2909
192 2959
192 3311
192 3356
192 3416
192 3468
192 3678
192 3683
192 3711
192 4138
192 4158
192 4659
192 5032
192 5072
192 5211
192 5223
192 5615
192 5621
192 5813
192 6166
192 6611
192 6682
192 6798
192 6919
192 6940
192 7083
192 7437
192 7535
192 7711
192 8384
192 8414
192 8877
192 9092
192 9374
192 9561
192 9693
193 252
193 300
193 866
193 922
193 1117
193 1123
193 1497
193 1617
193 1677
193 1679
193 1870
193 1940
193 2169
193 2212
193 2385
193 2392
193 2453
193 2547
193 2689
193 2778
193 2984
193 3067
193 3192
193 3783
193 3932
193 4472
193 4513
193 4781
193 5199
193 5285
193 5507
193 5587
193 5738
193 5945
193 6349
193 6536
193 6587
193 6806
193 7113
193 7273
193 8293
193 8330
193 8332
193 9101
193 9107
193 9491
193 9507
193 9928
194 232
194 361
194 685
194 724
194 829
194 980
194 993
194 1102
194 1700
194 2069
194 2209
194 2386
194 2673
194 2698
194 3798
194 3814
194 4678
194 4990
194 5040
194 5129
194 5216
194 5607
194 5902
194 5987
194 6293
194 6328
194 6652
194 6689
194 6764
194 6815
194 6989
194 6996
194 7710
194 7736
194 7900
194 8440
194 8446
194 9250
194 9314
194 9336
195 431
195 504
195 849
195 850
195 1042
195 1166
195 1347
195 1401
195 1408
195 1951
195 2172
195 2228
195 2245
195 2557
195 2865
195 3544
195 3781
195 3936
195 4168
195 4312
195 4342
195 4470
195 4667
195 4812
195 4943
195 5089
195 5141
195 5292
195 5437
195 5597
195 6001
195 6149
195 6629
195 6662
195 6790
195 7368
195 7371
195 7482
195 7660
195 7997
195 8483
195 8517
195 8631
195 8666
195 9205
195 9380
195 9399
195 9431
195 9447
195 9518
195 9852
195 9931
196 343
196 373
196 456
196 525
196 1048
196 1181
196 1315
196 1391
196 1676
196 2390
196 2642
196 2813
196 2887
196 3306
196 3507
196 3687
196 4100
196 4359
196 4619
196 4838
196 4898
196 4979
196 5057
196 5632
196 5735
196 5964
196 5993
196 6143
196 6593
196 6852
196 6952
196 7237
196 7386
196 7653
196 7791
196 7834
196 8011
196 8125
196 8133
196 8164
196 8244
196 8256
196 8392
196 8448
196 8505
196 8549
196 8889
196 9404
196 9720
197 554
197 555
197 625
197 812
197 1076
197 1103
197 1758
197 2199
197 2222
197 2264
197 2493
197 2919
197 3040
197 3396
197 3633
197 3696
197 3697
197 3708
197 4016
197 4134
197 4768
197 4994
197 5271
197 5275
197 5489
197 5778
197 6733
197 6757
197 6809
197 7132
197 7291
197 7383
197 7461
197 7462
197 7709
197 7815
197 8012
197 8116
197 8180
197 8264
197 8343
197 8425
197 8427
197 8538
197 8634
197 8935
197 8989
197 9031
197 9044
197 9485
197 9684
197 9810
197 9997
198 607
198 1370
198 1501
198 1562
198 1997
198 2005
198 2039
198 2119
198 2128
198 2134
198 2214
198 2330
198 2430
198 2708
198 2804
198 3014
198 3243
198 3445
198 3514
198 3734
198 3843
198 4534
198 4591
198 4687
198 4839
198 4999
198 5007
198 5190
198 5260
198 5814
198 5841
198 6235
198 6267
198 6412
198 6631
198 7099
198 7256
198 7364
198 7545
198 7888
198 8340
198 8352
198 9120
198 9495
198 9865
199 240
199 579
199 632
199 737
199 741
199 931
199 961
199 1055
199 1072
199 1609
199 1669
199 1745
199 2565
199 2600
199 2691
199 2828
199 3275
199 3434
199 3547
199 3808
199 3935
199 3962
199 4301
199 4532
199 4804
199 4825
199 4844
199 4890
199 4894
199 4937
199 4951
199 5148
199 5476
199 5720
199 6195
199 6242
199 6244
199 6292
199 6302
199 6835
199 6846
199 6914
199 7408
199 7442
199 7510
199 7630
199 8461
199 8541
199 8550
199 8739
199 8836
199 9001
199 9356
199 9365
199 9540
199 9678
199 9704
200 217
200 290
200 660
200 1000
200 1095
200 1173
200 1207
200 1318
200 1363
200 1571
200 1649
200 1764
200 2350
200 2377
200 2612
200 2852
200 2902
200 3613
200 4004
200 4043
200 4369
200 4630
200 4930
200 5029
200 5252
200 5782
200 5787
200 5866
200 5883
200 6092
200 6273
200 6327
200 6342
200 6393
200 6435
200 6978
200 7349
200 7407
200 7464
200 7699
200 7702
200 7764
200 7864
200 7880
200 8112
200 8307
200 8479
200 8684
200 8912
200 9566
200 9710
200 9770
200 9898
2 4964 6226
2 3079 8364
2 89 7320
2 28 4964
2 28 8892
2 28 8504
2 28 4066
2 89 2590
2 2255 3709
2 3312 7242
2 69 2893
2 71 5239
2 69 5958
2 6255 6555
2 972 4282
2 6590 8763
2 71 9121
2 5373 9121
2 69 71
2 69 4217
2 3217 8771
2 60 9643
2 166 9549
2 2460 8866
2 3353 8253
2 60 3470
2 1886 4096
2 24 1818
2 6627 7041
2 60 8140
2 28 97
2 97 8302
2 2152 7733
2 97 9912
2 78 2564
2 28 7130
2 4443 5707
2 97 8364
2 28 7021
2 28 601
2 2479 4719
2 2570 3878
2 1558 5492
2 113 2868
2 5312 8968
2 2503 9367
2 1693 3800
2 34 113
2 3354 5416
2 34 113
2 85 7570
2 85 9713
2 1980 4089
2 1405 7601
2 85 143
2 143 2943
2 6031 9136
2 1939 7949
2 3335 7516
2 8155 9283
2 1139 1867
2 463 5473
2 6934 7924
2 127 8313
2 107 127
2 3960 7923
2 3187 4019
2 127 7924
2 107 9729
2 127 7857
2 2483 6828
2 173 2891
2 1430 7729
2 1352 4819
2 173 6231
2 1909 2891
2 1457 4760
2 160 173
2 160 173
2 160 2002
2 5399 9391
2 7197 8554
2 161 3220
2 52 3572
2 7096 8521
2 1144 1584
2 52 704
2 1802 5619
2 1584 3413
2 161 5829
2 144 2334
2 144 4900
2 144 7297
2 144 4241
2 180 6890
2 1415 2272
2 6981 7082
2 180 5326
2 144 180
2 180 4055
2 37 4968
2 7339 9017
2 37 640
2 37 7131
2 14 37
2 37 4729
2 14 37
2 14 37
2 565 2417
2 14 37
2 88 154
2 154 1519
2 911 4376
2 154 7410
2 154 7927
2 3268 5843
2 3357 4789
2 154 9648
2 88 520
2 154 2367
2 115 2739
2 6947 7476
2 115 6720
2 959 7412
2 115 8720
2 6608 8814
2 150 8243
2 5109 8775
2 115 2932
2 150 7203
2 94 7252
2 94 7682
2 94 175
2 94 6411
2 5542 7523
2 175 8150
2 94 4495
2 175 8564
2 94 5200
2 175 8410
2 3357 9770
2 1207 6312
2 154 2350
2 154 4004
2 200 8613
2 6694 7685
2 154 200
2 3706 8684
2 3268 8479
2 911 7764
2 186 397
2 4535 5536
2 2531 8708
2 42 9040
2 807 8671
2 42 4535
2 42 58
2 42 4988
2 5262 8160
2 42 9614
2 6 76
2 76 2812
2 76 9745
2 8 2057
2 8 76
2 8 77
2 4858 7466
2 76 2682
2 76 897
2 3881 6747
2 5524 5741
2 122 157
2 3668 7122
2 5524 8699
2 2965 5686
2 3389 8851
2 122 6180
2 122 2965
2 3022 8632
2 68 5929
2 51 98
2 51 98
2 51 2418
2 98 4061
2 51 98
2 98 8629
2 1056 9715
2 51 4144
2 51 9715
2 178 4611
2 47 179
2 179 8342
2 1037 9813
2 5515 9528
2 3229 6774
2 179 6666
2 47 5725
2 3091 8342
2 47 6390
2 47 8968
2 7157 9262
2 79 9882
2 79 5825
2 59 79
2 59 6839
2 59 1777
2 38 5095
2 79 7781
2 59 7411
2 6271 9443
2 7284 9013
2 71 123
2 123 7181
2 2135 8322
2 1455 3029
2 123 4818
2 71 1652
2 123 7181
2 123 6590
2 71 123
2 3205 9713
2 37 143
2 6899 8273
2 37 564
2 143 5529
2 37 5283
2 37 9141
2 19 7681
2 143 182
2 143 1295
2 17 3484
2 25 3543
2 17 9410
2 1285 6537
2 25 8878
2 17 4467
2 1285 4862
2 5094 6215
2 3463 8670
2 1846 5221
2 130 198
2 49 198
2 2039 4394
2 130 198
2 130 6267
2 198 5718
2 130 2119
2 130 3445
2 198 5236
2 2700 6631
2 318 4990
2 165 6764
2 5607 5969
2 5638 9250
2 6989 9202
2 194 2617
2 724 4640
2 194 2467
2 165 194
2 165 7710
2 10 64
2 5095 8299
2 6181 6215
2 17 7433
2 17 64
2 20 64
2 3877 9463
2 64 2756
2 17 4117
2 8863 9463
2 58 8438
2 58 2391
2 58 7671
2 115 7915
2 58 2690
2 58 7203
2 115 5262
2 4471 8665
2 115 4487
2 2335 4487
2 99 5145
2 175 5773
2 175 9846
2 99 5769
2 175 3125
2 1097 6719
2 99 3768
2 175 3152
2 175 7668
2 99 6381
2 198 5936
2 6518 9120
2 1539 8352
2 3 1501
2 4 1370
2 4 3514
2 198 5804
2 544 1501
2 607 1797
2 18 5007
2 4464 8599
2 2 2916
2 6713 9652
2 589 8934
2 1550 6161
2 2 49
2 49 7011
2 49 5060
2 2 49
2 49 8370
2 180 9922
2 2629 7951
2 6265 7937
2 109 7343
2 109 2272
2 180 8151
2 5893 7951
2 2034 4900
2 109 6257
2 326 7586
2 108 186
2 108 1341
2 108 9892
2 186 2556
2 186 8544
2 108 6559
2 186 3634
2 108 8237
2 108 186
2 1813 2556
2 35 6310
2 14 3430
2 429 4095
2 2552 4208
2 14 906
2 2571 4002
2 3430 9155
2 3951 7339
2 955 2448
2 14 9119
2 73 6629
2 4342 5776
2 73 5597
2 2557 5942
2 1662 6800
2 2824 7660
2 73 9852
2 73 195
2 4812 9913
2 73 1042
2 1388 8106
2 305 8179
2 166 9933
2 37 166
2 4096 5298
2 261 1295
2 8031 9439
2 2075 8333
2 2886 9166
2 166 6288
2 3132 9855
2 3392 9864
2 15 636
2 15 1390
2 8211 8572
2 9 15
2 15 2602
2 15 4625
2 9 7907
2 4625 7726
2 6256 9591
2 136 8337
2 5346 8587
2 36 8209
2 36 6391
2 136 797
2 136 9794
2 794 7761
2 406 8587
2 2765 6144
2 2525 4276
2 5228 8243
2 115 3373
2 52 9995
2 1128 9816
2 2690 3197
2 115 5354
2 52 9995
2 52 115
2 52 8202
2 64 2183
2 17 64
2 2224 4030
2 17 9769
2 3614 8299
2 64 6215
2 6215 9245
2 17 4009
2 17 5827
2 336 3047
2 5912 7908
2 159 5212
2 155 159
2 159 4109
2 2238 5457
2 159 2723
2 466 9562
2 159 2784
2 1373 3027
2 369 9370
2 29 94
2 665 2155
2 29 1592
2 29 94
2 29 94
2 29 5022
2 94 5684
2 29 495
2 29 94
2 29 5842
2 1969 7408
2 1055 1278
2 199 2227
2 579 9520
2 31 199
2 1961 9356
2 199 2227
2 2636 7408
2 199 1194
2 9001 9511
2 323 9634
2 3941 5486
2 75 5487
2 3760 9064
2 12 8604
2 75 152
2 12 6076
2 75 156
2 156 9398
2 12 3121
2 179 7497
2 167 3026
2 1839 2898
2 4318 5164
2 1787 6390
2 167 892
2 167 3246
2 5723 7403
2 681 9219
2 167 3229
2 69 9556
2 7162 9095
2 810 4460
2 2644 8578
2 26 7432
2 1 26
2 900 4697
2 3180 5344
2 1394 3198
2 1 26
2 63 81
2 63 81
2 5763 9347
2 5106 6802
2 4349 9129
2 1417 6384
2 63 6802
2 63 6676
2 2883 9077
2 63 81
2 726 4272
2 129 8957
2 65 3313
2 65 6354
2 65 9392
2 65 4272
2 5263 8918
2 5263 8569
2 129 5760
2 1319 5679
2 8 49
2 49 3211
2 7047 8228
2 533 5052
2 6277 9703
2 203 2429
2 2957 3565
2 8 49
2 49 8034
2 8 130
2 82 8253
2 6217 8642
2 82 9079
2 82 102
2 82 4931
2 82 102
2 82 8677
2 8441 9154
2 9015 9457
2 7161 8253
2 34 150
2 34 3065
2 34 150
2 34 2739
2 150 9367
2 4499 6664
2 34 150
2 150 851
2 3757 3901
2 34 4396
2 1630 3547
2 4894 7991
2 164 8739
2 931 5210
2 199 1483
2 199 7199
2 931 1487
2 164 4532
2 164 3547
2 199 3655
2 58 1788
2 25 58
2 58 5221
2 25 3289
2 639 5863
2 3851 9358
2 7 5010
2 4862 9705
2 25 3851
2 25 655
2 7680 8596
2 191 678
2 191 479
2 142 191
2 191 652
2 191 6845
2 191 5520
2 3015 5116
2 142 2148
2 142 191
2 2 2412
2 2 78
2 2 78
2 78 8214
2 2 78
2 2 5757
2 1942 4335
2 78 5695
2 78 4418
2 2 78
2 3760 7865
2 5366 6789
2 637 1961
2 31 6647
2 1675 4835
2 2973 4835
2 31 75
2 31 1843
2 5408 8690
2 5465 7981
2 8105 8942
2 1452 8430
2 27 5424
2 27 684
2 2580 7593
2 38 6822
2 132 2097
2 27 6822
2 4115 5643
2 1001 7933
2 4485 5830
2 1953 3672
2 4483 6993
2 142 6642
2 5038 6497
2 137 1906
2 1953 4609
2 137 7984
2 137 7984
2 142 3467
2 92 7861
2 1489 4009
2 1447 7687
2 527 683
2 64 8653
2 64 7706
2 3976 7885
2 2757 5460
2 4244 9056
2 2840 4417
2 41 115
2 41 115
2 115 9166
2 41 4187
2 41 115
2 8980 9554
2 41 115
2 115 6360
2 41 8438
2 5543 5740
2 92 916
2 92 247
2 21 823
2 21 1266
2 21 92
2 21 2066
2 21 92
2 495 1963
2 92 5762
2 23 8371
2 998 7177
2 1559 2025
2 352 906
2 8146 9970
2 35 3079
2 89 903
2 2226 6396
2 4439 7969
2 89 390
2 8484 9767
2 241 720
2 2424 7858
2 3690 7376
2 49 9760
2 1958 8644
2 5121 9987
2 5928 9837
2 4331 6522
2 165 2957
2 165 5662
2 84 3006
2 84 140
2 3077 3944
2 84 140
2 1131 6574
2 4190 9946
2 4711 6059
2 140 5500
2 7918 9050
2 84 6059
2 1357 1786
2 110 192
2 110 694
2 5813 6428
2 192 5954
2 192 3525
2 2110 5621
2 192 2679
2 73 9739
2 3850 6798
2 750 6898
2 30 1814
2 920 9472
2 30 843
2 30 7550
2 4810 7114
2 134 9264
2 3041 8535
2 67 3986
2 30 134
2 48 101
2 48 7293
2 48 101
2 48 894
2 4253 4572
2 48 101
2 101 7935
2 101 7342
2 48 101
2 48 3698
2 3973 7558
2 131 6834
2 321 604
2 131 6459
2 131 1965
2 131 6459
2 7385 9445
2 6834 9073
2 148 567
2 148 3973
2 125 128
2 128 4620
2 8048 9078
2 2669 8482
2 125 8048
2 7224 9022
2 128 3038
2 125 9493
2 125 128
2 125 128
2 3381 7551
2 125 9955
2 29 3920
2 29 788
2 29 6490
2 29 125
2 29 3008
2 29 3115
2 1837 7024
2 29 213
2 1635 8552
2 1463 5276
2 57 1652
2 57 123
2 123 2572
2 123 4421
2 123 6727
2 57 9790
2 370 2592
2 375 2404
2 155 8719
2 56 155
2 5316 9709
2 56 5104
2 2060 9587
2 2597 6920
2 56 8667
2 3494 8664
2 2574 8509
2 56 155
2 179 5858
2 95 5499
2 179 5172
2 892 6734
2 2559 5725
2 95 7574
2 1944 5656
2 95 3026
2 179 4702
2 179 1459
2 45 96
2 2465 7063
2 2481 5387
2 4574 9498
2 96 2175
2 2175 6517
2 3874 4574
2 1448 8768
2 96 2749
2 968 4078
2 2238 9538
2 327 7154
2 155 9910
2 5963 8327
2 155 7583
2 1261 5546
2 155 359
2 54 155
2 891 8417
2 54 155
2 339 7015
2 2089 8871
2 116 2918
2 1621 5346
2 36 7746
2 4443 6909
2 3185 8346
2 116 132
2 3024 5954
2 2875 5322
2 5296 7581
2 5728 5951
2 631 1508
2 141 778
2 141 6583
2 4723 8258
2 141 5296
2 2369 7777
2 663 1283
2 141 5126
2 6152 9447
2 849 4086
2 3394 4667
2 2557 8667
2 474 5437
2 540 4946
2 195 2831
2 195 9868
2 195 9370
2 102 9205
2 7 11
2 11 9722
2 3945 6581
2 1074 2141
2 6886 8674
2 7 5523
2 11 3643
2 11 9168
2 5 8398
2 11 3643
2 50 196
2 50 196
2 5735 9217
2 50 6067
2 1391 6239
2 50 9720
2 6952 9875
2 50 9404
2 9 8505
2 3507 9194
2 113 187
2 187 7574
2 113 187
2 113 6136
2 6275 9675
2 187 1589
2 113 5939
2 113 6556
2 3878 5017
2 187 2503
2 6611 9843
2 472 3311
2 192 9599
2 114 1786
2 114 192
2 4158 9313
2 2839 7711
2 114 192
2 3468 6091
2 2908 5072
2 36 59
2 59 2153
2 3556 9921
2 9443 9794
2 36 987
2 59 7202
2 36 6677
2 36 59
2 5438 7499
2 1320 2341
2 36 7478
2 2752 2765
2 80 8337
2 80 3981
2 36 80
2 1803 2752
2 5018 6301
2 688 7478
2 2918 4238
2 80 3044
2 115 119
2 997 1752
2 2451 5579
2 2705 8814
2 1346 6227
2 119 2525
2 119 5545
2 3970 5348
2 454 1917
2 3235 6751
2 4463 5086
2 158 2393
2 3110 8007
2 3966 6263
2 158 185
2 185 1198
2 2707 8725
2 5099 5687
2 158 8725
2 158 5574
2 29 7129
2 178 4479
2 178 1082
2 178 1082
2 854 2171
2 29 178
2 7024 8304
2 178 966
2 29 178
2 29 178
2 47 111
2 47 6429
2 103 5468
2 5860 6421
2 47 5464
2 3762 4911
2 4911 8966
2 111 3428
2 47 5403
2 5403 6389
2 1 4307
2 1458 8934
2 1376 1458
2 173 8790
2 173 2412
2 2 2483
2 8707 9652
2 2 173
2 4464 8707
2 173 4418
2 195 7286
2 61 4667
2 195 1359
2 510 5437
2 195 8948
2 1726 4312
2 3023 3781
2 3216 7997
2 195 9773
2 4470 9773
2 197 8922
2 179 3040
2 197 7207
2 179 554
2 197 4852
2 179 1758
2 179 197
2 179 7291
2 3708 4852
2 197 5164
2 102 2353
2 3208 7087
2 135 2671
2 8441 9759
2 135 3394
2 6249 9896
2 135 9587
2 135 3394
2 7698 9237
2 102 3776
2 125 859
2 3920 8826
2 80 5772
2 1849 8452
2 80 6127
2 80 125
2 1882 9578
2 80 3207
2 80 2927
2 80 125
2 198 5732
2 1997 3956
2 198 785
2 21 3843
2 1084 7099
2 5007 5732
2 3014 8405
2 198 2862
2 6631 6709
2 198 3784
2 2556 4478
2 3903 4996
2 108 3655
2 572 9403
2 1419 8544
2 108 164
2 108 5292
2 108 164
2 108 1630
2 108 1662
2 103 9747
2 5635 9471
2 103 3615
2 50 103
2 50 784
2 50 103
2 4796 8626
2 6239 8334
2 2797 8173
2 7209 7370
2 2077 4691
2 6 8476
2 4981 7896
2 6 4019
2 644 3849
2 5474 9838
2 6 1601
2 6 8476
2 6 7271
2 862 7848
2 66 312
2 66 4284
2 48 3438
2 5401 6345
2 48 5873
2 48 66
2 3519 6849
2 48 7619
2 66 9233
2 312 5358
2 18 7686
2 82 709
2 4 1062
2 82 2549
2 18 6382
2 450 480
2 18 82
2 641 9186
2 18 480
2 2176 8265
2 2585 6713
2 571 7058
2 4458 9636
2 11 6464
2 11 49
2 2424 7058
2 6395 7705
2 6409 8761
2 49 8731
2 3019 6713
