10000 1000 2
1 2
1 3
1 21
1 26
1 45
1 64
1 71
1 79
1 86
1 107
1 117
1 141
1 155
1 156
1 161
1 165
1 174
1 180
1 188
1 196
1 199
1 204
1 215
1 229
1 230
1 242
1 243
1 246
1 258
1 267
1 277
1 314
1 318
1 335
1 351
1 352
1 361
1 369
1 383
1 393
1 401
1 418
1 421
1 423
1 424
1 445
1 454
1 461
1 473
1 478
1 481
1 483
1 490
1 516
1 524
1 536
1 540
1 544
1 563
1 565
1 580
1 592
1 596
1 597
1 607
1 608
1 610
1 615
1 622
1 630
1 650
1 666
1 674
1 680
1 686
1 694
1 701
1 718
1 744
1 745
1 758
1 760
1 765
1 772
1 774
1 776
1 784
1 788
1 794
1 809
1 831
1 842
1 850
1 852
1 854
1 856
1 869
1 871
1 877
1 891
1 893
1 921
1 935
1 944
1 952
1 975
1 980
1 991
1 999
1 1017
1 1028
1 1030
1 1076
1 1119
1 1129
1 1139
1 1154
1 1163
1 1165
1 1175
1 1186
1 1195
1 1206
1 1209
1 1215
1 1220
1 1223
1 1226
1 1232
1 1246
1 1248
1 1266
1 1271
1 1276
1 1284
1 1291
1 1299
1 1302
1 1332
1 1356
1 1362
1 1370
1 1373
1 1389
1 1390
1 1425
1 1440
1 1479
1 1497
1 1498
1 1540
1 1543
1 1552
1 1555
1 1558
1 1563
1 1567
1 1577
1 1588
1 1589
1 1599
1 1624
1 1631
1 1634
1 1645
1 1653
1 1656
1 1691
1 1722
1 1724
1 1743
1 1745
1 1756
1 1764
1 1769
1 1770
1 1776
1 1787
1 1807
1 1813
1 1826
1 1834
1 1836
1 1866
1 1873
1 1881
1 1885
1 1891
1 1940
1 1942
1 1946
1 1956
1 1965
1 1967
1 1971
1 1973
1 2004
1 2022
1 2027
1 2032
1 2035
1 2036
1 2044
1 2049
1 2086
1 2091
1 2092
1 2097
1 2098
1 2102
1 2110
1 2138
1 2146
1 2158
1 2163
1 2190
1 2192
1 2198
1 2201
1 2216
1 2225
1 2249
1 2250
1 2274
1 2307
1 2317
1 2320
1 2359
1 2363
1 2390
1 2399
1 2433
1 2442
1 2445
1 2458
1 2460
1 2468
1 2474
1 2475
1 2477
1 2480
1 2486
1 2498
1 2506
1 2511
1 2513
1 2520
1 2529
1 2536
1 2539
1 2541
1 2555
1 2560
1 2569
1 2589
1 2591
1 2617
1 2621
1 2627
1 2629
1 2652
1 2661
1 2666
1 2668
1 2686
1 2695
1 2696
1 2703
1 2705
1 2725
1 2726
1 2740
1 2750
1 2755
1 2770
1 2774
1 2775
1 2790
1 2793
1 2797
1 2799
1 2809
1 2817
1 2862
1 2874
1 2884
1 2885
1 2891
1 2892
1 2893
1 2897
1 2905
1 2911
1 2928
1 2938
1 2950
1 2956
1 2964
1 2984
1 2986
1 2987
1 2991
1 2995
1 3005
1 3018
1 3031
1 3037
1 3038
1 3048
1 3049
1 3057
1 3078
1 3085
1 3088
1 3103
1 3110
1 3112
1 3117
1 3121
1 3125
1 3126
1 3149
1 3158
1 3175
1 3177
1 3194
1 3196
1 3228
1 3249
1 3250
1 3269
1 3278
1 3285
1 3286
1 3294
1 3300
1 3328
1 3346
1 3349
1 3353
1 3365
1 3370
1 3383
1 3384
1 3386
1 3387
1 3388
1 3412
1 3431
1 3450
1 3485
1 3488
1 3494
1 3500
1 3508
1 3523
1 3544
1 3554
1 3556
1 3586
1 3603
1 3608
1 3629
1 3660
1 3661
1 3684
1 3702
1 3719
1 3721
1 3732
1 3742
1 3753
1 3768
1 3794
1 3805
1 3818
1 3822
1 3836
1 3840
1 3845
1 3850
1 3854
1 3856
1 3863
1 3866
1 3870
1 3882
1 3883
1 3892
1 3895
1 3900
1 3908
1 3923
1 3932
1 3941
1 3944
1 3947
1 3949
1 3957
1 3963
1 3964
1 3988
1 4011
1 4047
1 4048
1 4063
1 4088
1 4097
1 4099
1 4109
1 4121
1 4122
1 4130
1 4157
1 4161
1 4169
1 4173
1 4174
1 4176
1 4217
1 4220
1 4221
1 4261
1 4262
1 4267
1 4268
1 4284
1 4296
1 4298
1 4310
1 4313
1 4327
1 4328
1 4336
1 4340
1 4346
1 4351
1 4353
1 4366
1 4376
1 4415
1 4417
1 4424
1 4426
1 4435
1 4472
1 4473
1 4496
1 4497
1 4499
1 4507
1 4529
1 4537
1 4539
1 4543
1 4546
1 4554
1 4562
1 4568
1 4575
1 4586
1 4605
1 4624
1 4625
1 4636
1 4685
1 4693
1 4695
1 4701
1 4708
1 4712
1 4715
1 4716
1 4745
1 4767
1 4768
1 4771
1 4782
1 4784
1 4788
1 4794
1 4799
1 4808
1 4822
1 4824
1 4828
1 4834
1 4853
1 4874
1 4883
1 4895
1 4909
1 4922
1 4928
1 4948
1 4949
1 4958
1 4960
1 4969
1 4992
1 4997
1 5004
1 5015
1 5032
1 5037
1 5066
1 5070
1 5073
1 5077
1 5084
1 5095
1 5098
1 5102
1 5104
1 5108
1 5120
1 5128
1 5139
1 5140
1 5143
1 5161
1 5166
1 5180
1 5184
1 5189
1 5197
1 5213
1 5216
1 5220
1 5232
1 5240
1 5250
1 5255
1 5271
1 5275
1 5281
1 5284
1 5295
1 5296
1 5300
1 5323
1 5328
1 5331
1 5334
1 5337
1 5341
1 5359
1 5360
1 5384
1 5402
1 5411
1 5419
1 5421
1 5422
1 5446
1 5455
1 5466
1 5468
1 5477
1 5481
1 5485
1 5495
1 5516
1 5517
1 5532
1 5540
1 5560
1 5563
1 5566
1 5581
1 5582
1 5596
1 5597
1 5601
1 5631
1 5666
1 5668
1 5671
1 5692
1 5698
1 5705
1 5720
1 5739
1 5750
1 5762
1 5809
1 5814
1 5818
1 5820
1 5834
1 5846
1 5854
1 5857
1 5858
1 5881
1 5891
1 5912
1 5913
1 5944
1 5952
1 5963
1 5987
1 6008
1 6022
1 6032
1 6057
1 6070
1 6090
1 6128
1 6131
1 6138
1 6154
1 6165
1 6169
1 6196
1 6208
1 6211
1 6213
1 6245
1 6252
1 6253
1 6258
1 6260
1 6267
1 6269
1 6291
1 6296
1 6305
1 6306
1 6311
1 6317
1 6348
1 6354
1 6378
1 6393
1 6399
1 6440
1 6443
1 6449
1 6477
1 6485
1 6488
1 6498
1 6502
1 6513
1 6518
1 6521
1 6522
1 6530
1 6534
1 6547
1 6552
1 6562
1 6568
1 6571
1 6575
1 6576
1 6578
1 6579
1 6580
1 6585
1 6605
1 6609
1 6619
1 6622
1 6630
1 6653
1 6659
1 6660
1 6675
1 6688
1 6706
1 6723
1 6734
1 6735
1 6751
1 6768
1 6780
1 6791
1 6816
1 6821
1 6850
1 6861
1 6887
1 6896
1 6908
1 6909
1 6916
1 6918
1 6919
1 6920
1 6923
1 6932
1 6941
1 6944
1 6965
1 6978
1 6981
1 6988
1 6995
1 7052
1 7054
1 7055
1 7058
1 7069
1 7071
1 7122
1 7128
1 7144
1 7152
1 7155
1 7156
1 7173
1 7176
1 7184
1 7188
1 7196
1 7198
1 7220
1 7227
1 7241
1 7248
1 7262
1 7287
1 7289
1 7291
1 7293
1 7306
1 7324
1 7325
1 7328
1 7330
1 7331
1 7333
1 7360
1 7374
1 7385
1 7398
1 7414
1 7436
1 7437
1 7439
1 7445
1 7453
1 7462
1 7466
1 7470
1 7471
1 7494
1 7497
1 7499
1 7500
1 7502
1 7509
1 7541
1 7543
1 7564
1 7582
1 7588
1 7601
1 7602
1 7606
1 7621
1 7631
1 7632
1 7633
1 7647
1 7656
1 7662
1 7672
1 7676
1 7684
1 7716
1 7720
1 7722
1 7725
1 7726
1 7755
1 7769
1 7772
1 7783
1 7789
1 7813
1 7827
1 7839
1 7843
1 7860
1 7862
1 7865
1 7867
1 7880
1 7884
1 7888
1 7896
1 7907
1 7914
1 7925
1 7926
1 7936
1 7946
1 7948
1 7970
1 7976
1 7979
1 7980
1 7989
1 7996
1 7999
1 8007
1 8017
1 8018
1 8023
1 8028
1 8029
1 8056
1 8060
1 8091
1 8094
1 8099
1 8100
1 8103
1 8106
1 8149
1 8152
1 8156
1 8175
1 8194
1 8196
1 8197
1 8204
1 8221
1 8246
1 8257
1 8264
1 8280
1 8282
1 8289
1 8290
1 8315
1 8327
1 8328
1 8356
1 8360
1 8364
1 8368
1 8384
1 8400
1 8403
1 8405
1 8407
1 8418
1 8437
1 8448
1 8451
1 8452
1 8467
1 8478
1 8493
1 8496
1 8513
1 8515
1 8519
1 8528
1 8537
1 8541
1 8565
1 8574
1 8582
1 8587
1 8595
1 8614
1 8617
1 8622
1 8628
1 8640
1 8643
1 8693
1 8695
1 8726
1 8727
1 8730
1 8743
1 8751
1 8772
1 8788
1 8797
1 8799
1 8806
1 8814
1 8834
1 8835
1 8840
1 8848
1 8854
1 8855
1 8865
1 8889
1 8892
1 8912
1 8946
1 8957
1 8964
1 8982
1 8984
1 8994
1 8998
1 9003
1 9004
1 9005
1 9013
1 9015
1 9020
1 9033
1 9061
1 9065
1 9066
1 9070
1 9075
1 9089
1 9094
1 9099
1 9101
1 9106
1 9119
1 9120
1 9131
1 9151
1 9163
1 9166
1 9184
1 9192
1 9202
1 9209
1 9213
1 9219
1 9223
1 9234
1 9235
1 9239
1 9246
1 9277
1 9291
1 9303
1 9304
1 9321
1 9323
1 9328
1 9332
1 9337
1 9343
1 9345
1 9351
1 9370
1 9374
1 9386
1 9408
1 9428
1 9446
1 9447
1 9453
1 9454
1 9460
1 9464
1 9468
1 9496
1 9505
1 9509
1 9517
1 9522
1 9526
1 9553
1 9561
1 9568
1 9590
1 9594
1 9600
1 9608
1 9609
1 9612
1 9620
1 9656
1 9657
1 9660
1 9690
1 9695
1 9696
1 9701
1 9713
1 9714
1 9715
1 9733
1 9741
1 9754
1 9770
1 9771
1 9794
1 9805
1 9817
1 9824
1 9832
1 9835
1 9839
1 9843
1 9862
1 9864
1 9865
1 9877
1 9882
1 9905
1 9906
1 9907
1 9910
1 9915
1 9969
1 9976
1 9981
1 9998
2 30
2 52
2 56
2 68
2 69
2 74
2 88
2 90
2 98
2 109
2 114
2 121
2 127
2 129
2 135
2 148
2 166
2 173
2 181
2 184
2 205
2 210
2 238
2 249
2 253
2 264
2 272
2 279
2 280
2 289
2 308
2 315
2 325
2 338
2 349
2 381
2 395
2 396
2 399
2 405
2 407
2 413
2 416
2 422
2 429
2 443
2 450
2 451
2 455
2 456
2 466
2 476
2 493
2 497
2 510
2 542
2 545
2 550
2 603
2 614
2 637
2 643
2 655
2 667
2 670
2 677
2 679
2 684
2 688
2 693
2 698
2 704
2 708
2 726
2 737
2 740
2 755
2 767
2 770
2 775
2 795
2 800
2 801
2 826
2 828
2 843
2 849
2 851
2 870
2 872
2 878
2 880
2 881
2 883
2 885
2 892
2 896
2 917
2 929
2 939
2 951
2 958
2 967
2 978
2 986
2 1021
2 1026
2 1029
2 1034
2 1044
2 1045
2 1057
2 1060
2 1062
2 1078
2 1093
2 1096
2 1105
2 1117
2 1122
2 1127
2 1133
2 1136
2 1162
2 1172
2 1177
2 1180
2 1193
2 1219
2 1231
2 1239
2 1241
2 1251
2 1263
2 1264
2 1270
2 1278
2 1285
2 1286
2 1295
2 1297
2 1324
2 1337
2 1343
2 1345
2 1359
2 1407
2 1424
2 1475
2 1490
2 1509
2 1524
2 1534
2 1537
2 1545
2 1565
2 1568
2 1586
2 1600
2 1602
2 1606
2 1613
2 1620
2 1623
2 1632
2 1635
2 1640
2 1646
2 1654
2 1655
2 1685
2 1688
2 1708
2 1718
2 1721
2 1732
2 1762
2 1766
2 1777
2 1781
2 1785
2 1790
2 1791
2 1798
2 1819
2 1849
2 1893
2 1909
2 1925
2 1933
2 1934
2 1941
2 1952
2 1970
2 1982
2 2007
2 2017
2 2018
2 2029
2 2040
2 2046
2 2047
2 2054
2 2064
2 2069
2 2080
2 2093
2 2099
2 2103
2 2107
2 2114
2 2121
2 2148
2 2166
2 2180
2 2196
2 2223
2 2231
2 2236
2 2247
2 2259
2 2267
2 2268
2 2280
2 2281
2 2298
2 2300
2 2301
2 2309
2 2321
2 2325
2 2346
2 2360
2 2371
2 2377
2 2398
2 2430
2 2434
2 2448
2 2450
2 2451
2 2454
2 2456
2 2467
2 2490
2 2508
2 2537
2 2540
2 2546
2 2547
2 2556
2 2575
2 2593
2 2595
2 2597
2 2601
2 2607
2 2624
2 2641
2 2645
2 2655
2 2670
2 2699
2 2709
2 2716
2 2722
2 2730
2 2739
2 2748
2 2761
2 2767
2 2780
2 2782
2 2784
2 2787
2 2789
2 2802
2 2805
2 2810
2 2818
2 2819
2 2820
2 2824
2 2827
2 2829
2 2835
2 2854
2 2855
2 2899
2 2901
2 2919
2 2935
2 2936
2 2942
2 2947
2 2961
2 2962
2 2969
2 2974
2 3006
2 3030
2 3033
2 3035
2 3043
2 3065
2 3068
2 3071
2 3073
2 3082
2 3084
2 3086
2 3123
2 3131
2 3142
2 3165
2 3171
2 3184
2 3185
2 3188
2 3189
2 3209
2 3218
2 3243
2 3260
2 3271
2 3273
2 3280
2 3288
2 3303
2 3304
2 3305
2 3308
2 3312
2 3316
2 3324
2 3343
2 3366
2 3369
2 3377
2 3379
2 3400
2 3401
2 3411
2 3430
2 3436
2 3448
2 3452
2 3476
2 3477
2 3490
2 3492
2 3497
2 3499
2 3503
2 3505
2 3511
2 3524
2 3529
2 3536
2 3539
2 3542
2 3543
2 3550
2 3564
2 3567
2 3576
2 3577
2 3587
2 3596
2 3597
2 3617
2 3635
2 3646
2 3649
2 3651
2 3659
2 3671
2 3681
2 3682
2 3689
2 3690
2 3699
2 3716
2 3723
2 3743
2 3746
2 3747
2 3749
2 3757
2 3770
2 3772
2 3782
2 3789
2 3815
2 3817
2 3829
2 3831
2 3835
2 3855
2 3860
2 3869
2 3873
2 3881
2 3886
2 3891
2 3893
2 3898
2 3917
2 3921
2 3937
2 3975
2 3976
2 3987
2 3990
2 3993
2 3997
2 4002
2 4021
2 4022
2 4027
2 4038
2 4041
2 4043
2 4055
2 4057
2 4067
2 4072
2 4075
2 4082
2 4087
2 4090
2 4112
2 4117
2 4119
2 4144
2 4170
2 4171
2 4188
2 4190
2 4199
2 4214
2 4218
2 4227
2 4228
2 4231
2 4240
2 4258
2 4266
2 4273
2 4287
2 4297
2 4301
2 4306
2 4323
2 4334
2 4349
2 4354
2 4358
2 4361
2 4370
2 4384
2 4390
2 4430
2 4442
2 4492
2 4498
2 4510
2 4511
2 4525
2 4527
2 4528
2 4556
2 4564
2 4566
2 4570
2 4613
2 4626
2 4627
2 4648
2 4664
2 4678
2 4680
2 4687
2 4688
2 4709
2 4719
2 4721
2 4735
2 4749
2 4754
2 4757
2 4780
2 4787
2 4802
2 4821
2 4832
2 4842
2 4894
2 4901
2 4902
2 4906
2 4910
2 4913
2 4934
2 4950
2 4975
2 5025
2 5030
2 5034
2 5042
2 5050
2 5054
2 5055
2 5087
2 5100
2 5115
2 5116
2 5133
2 5144
2 5151
2 5163
2 5167
2 5168
2 5175
2 5176
2 5187
2 5198
2 5210
2 5221
2 5230
2 5254
2 5267
2 5287
2 5288
2 5303
2 5307
2 5310
2 5311
2 5314
2 5326
2 5332
2 5342
2 5343
2 5344
2 5348
2 5350
2 5363
2 5393
2 5399
2 5409
2 5429
2 5440
2 5448
2 5451
2 5461
2 5462
2 5478
2 5484
2 5498
2 5502
2 5506
2 5511
2 5520
2 5525
2 5531
2 5543
2 5553
2 5569
2 5574
2 5579
2 5580
2 5585
2 5591
2 5598
2 5610
2 5619
2 5628
2 5630
2 5642
2 5649
2 5660
2 5664
2 5667
2 5672
2 5675
2 5676
2 5691
2 5694
2 5718
2 5721
2 5744
2 5752
2 5770
2 5776
2 5777
2 5780
2 5782
2 5783
2 5826
2 5827
2 5849
2 5868
2 5870
2 5879
2 5882
2 5886
2 5895
2 5901
2 5931
2 5947
2 5960
2 5962
2 5973
2 5976
2 5996
2 5997
2 5999
2 6002
2 6003
2 6042
2 6065
2 6071
2 6088
2 6099
2 6108
2 6111
2 6126
2 6134
2 6135
2 6139
2 6145
2 6163
2 6179
2 6183
2 6184
2 6186
2 6197
2 6198
2 6221
2 6231
2 6238
2 6243
2 6271
2 6280
2 6281
2 6295
2 6301
2 6308
2 6320
2 6331
2 6334
2 6337
2 6340
2 6343
2 6350
2 6355
2 6386
2 6394
2 6397
2 6398
2 6410
2 6419
2 6420
2 6422
2 6428
2 6445
2 6457
2 6467
2 6491
2 6495
2 6499
2 6508
2 6516
2 6531
2 6539
2 6551
2 6560
2 6563
2 6564
2 6583
2 6584
2 6589
2 6621
2 6642
2 6643
2 6661
2 6669
2 6684
2 6685
2 6687
2 6702
2 6707
2 6718
2 6727
2 6744
2 6752
2 6753
2 6760
2 6765
2 6766
2 6773
2 6777
2 6782
2 6810
2 6814
2 6820
2 6825
2 6835
2 6841
2 6848
2 6855
2 6860
2 6876
2 6891
2 6892
2 6904
2 6907
2 6910
2 6924
2 6933
2 6942
2 6952
2 6957
2 6968
2 6971
2 6980
2 7001
2 7005
2 7010
2 7011
2 7028
2 7029
2 7041
2 7042
2 7062
2 7076
2 7078
2 7084
2 7094
2 7101
2 7115
2 7137
2 7149
2 7154
2 7158
2 7161
2 7175
2 7179
2 7183
2 7185
2 7194
2 7200
2 7205
2 7207
2 7218
2 7240
2 7245
2 7260
2 7267
2 7280
2 7288
2 7295
2 7296
2 7309
2 7317
2 7318
2 7322
2 7334
2 7337
2 7343
2 7345
2 7357
2 7364
2 7367
2 7382
2 7392
2 7393
2 7397
2 7405
2 7406
2 7408
2 7431
2 7444
2 7446
2 7447
2 7454
2 7463
2 7474
2 7485
2 7491
2 7493
2 7498
2 7514
2 7534
2 7538
2 7571
2 7580
2 7597
2 7598
2 7607
2 7613
2 7623
2 7629
2 7634
2 7636
2 7639
2 7651
2 7665
2 7674
2 7681
2 7699
2 7700
2 7703
2 7714
2 7723
2 7739
2 7743
2 7773
2 7775
2 7777
2 7784
2 7785
2 7805
2 7826
2 7828
2 7833
2 7853
2 7876
2 7885
2 7889
2 7892
2 7921
2 7931
2 7947
2 7962
2 7973
2 7983
2 7987
2 8002
2 8009
2 8010
2 8014
2 8024
2 8040
2 8041
2 8055
2 8058
2 8065
2 8076
2 8093
2 8102
2 8109
2 8112
2 8116
2 8146
2 8158
2 8170
2 8179
2 8187
2 8188
2 8211
2 8226
2 8241
2 8262
2 8265
2 8301
2 8302
2 8309
2 8318
2 8325
2 8326
2 8336
2 8365
2 8369
2 8370
2 8380
2 8382
2 8385
2 8397
2 8404
2 8406
2 8419
2 8420
2 8436
2 8440
2 8469
2 8470
2 8489
2 8500
2 8514
2 8520
2 8533
2 8540
2 8548
2 8555
2 8556
2 8561
2 8578
2 8589
2 8590
2 8591
2 8649
2 8666
2 8681
2 8684
2 8697
2 8707
2 8722
2 8761
2 8762
2 8789
2 8798
2 8800
2 8804
2 8828
2 8832
2 8833
2 8839
2 8841
2 8857
2 8863
2 8869
2 8871
2 8884
2 8896
2 8905
2 8907
2 8909
2 8910
2 8931
2 8932
2 8950
2 8951
2 8956
2 8962
2 8963
2 9008
2 9011
2 9022
2 9028
2 9029
2 9032
2 9037
2 9057
2 9087
2 9098
2 9108
2 9114
2 9129
2 9149
2 9156
2 9158
2 9181
2 9185
2 9186
2 9188
2 9200
2 9206
2 9208
2 9221
2 9241
2 9272
2 9274
2 9305
2 9307
2 9318
2 9331
2 9342
2 9344
2 9347
2 9349
2 9353
2 9376
2 9383
2 9391
2 9402
2 9406
2 9416
2 9424
2 9425
2 9433
2 9448
2 9470
2 9500
2 9502
2 9510
2 9512
2 9516
2 9529
2 9533
2 9549
2 9550
2 9551
2 9555
2 9636
2 9647
2 9649
2 9658
2 9669
2 9680
2 9685
2 9688
2 9702
2 9703
2 9705
2 9727
2 9764
2 9776
2 9785
2 9820
2 9821
2 9834
2 9846
2 9849
2 9854
2 9863
2 9874
2 9883
2 9884
2 9913
2 9919
2 9934
2 9947
2 9968
2 9973
2 9978
2 9983
3 4
3 5
3 6
3 7
3 14
3 16
3 18
3 28
3 34
3 44
3 72
3 73
3 80
3 93
3 104
3 122
3 124
3 125
3 132
3 146
3 189
3 202
3 206
3 216
3 231
3 232
3 250
3 260
3 261
3 262
3 263
3 271
3 286
3 296
3 297
3 306
3 311
3 321
3 330
3 342
3 350
3 353
3 356
3 358
3 359
3 368
3 370
3 385
3 386
3 427
3 430
3 431
3 446
3 449
3 452
3 468
3 470
3 474
3 486
3 498
3 500
3 502
3 505
3 513
3 520
3 521
3 532
3 534
3 541
3 558
3 569
3 571
3 583
3 591
3 593
3 599
3 611
3 618
3 623
3 633
3 639
3 640
3 644
3 668
3 673
3 687
3 706
3 715
3 717
3 721
3 727
3 733
3 754
3 757
3 761
3 763
3 777
3 778
3 816
3 821
3 823
3 844
3 845
3 864
3 882
3 884
3 888
3 910
3 923
3 924
3 927
3 930
3 937
3 938
3 945
3 947
3 950
3 959
3 961
3 982
3 989
3 990
3 997
3 1007
3 1010
3 1011
3 1020
3 1054
3 1068
3 1074
3 1080
3 1081
3 1085
3 1086
3 1088
3 1089
3 1094
3 1100
3 1106
3 1115
3 1116
3 1118
3 1132
3 1160
3 1179
3 1183
3 1190
3 1216
3 1218
3 1236
3 1245
3 1258
3 1262
3 1287
3 1293
3 1303
3 1307
3 1316
3 1320
3 1328
3 1335
3 1348
3 1352
3 1360
3 1374
3 1382
3 1392
3 1397
3 1404
3 1413
3 1416
3 1448
3 1460
3 1466
3 1468
3 1481
3 1482
3 1484
3 1486
3 1488
3 1501
3 1521
3 1522
3 1525
3 1533
3 1539
3 1571
3 1573
3 1576
3 1590
3 1597
3 1603
3 1611
3 1612
3 1618
3 1621
3 1625
3 1633
3 1663
3 1684
3 1689
3 1694
3 1700
3 1703
3 1720
3 1729
3 1755
3 1758
3 1760
3 1778
3 1794
3 1830
3 1832
3 1841
3 1842
3 1845
3 1872
3 1877
3 1878
3 1879
3 1905
3 1910
3 1921
3 1935
3 1937
3 1948
3 1951
3 1955
3 1998
3 2003
3 2006
3 2042
3 2060
3 2061
3 2090
3 2095
3 2106
3 2109
3 2127
3 2134
3 2147
3 2153
3 2154
3 2157
3 2170
3 2173
3 2179
3 2183
3 2194
3 2195
3 2206
3 2212
3 2213
3 2228
3 2252
3 2264
3 2286
3 2299
3 2304
3 2324
3 2334
3 2352
3 2357
3 2382
3 2391
3 2395
3 2415
3 2418
3 2427
3 2438
3 2459
3 2493
3 2495
3 2499
3 2521
3 2526
3 2532
3 2554
3 2567
3 2568
3 2571
3 2578
3 2580
3 2583
3 2598
3 2619
3 2626
3 2630
3 2632
3 2638
3 2648
3 2656
3 2676
3 2687
3 2701
3 2708
3 2727
3 2737
3 2741
3 2742
3 2773
3 2778
3 2788
3 2791
3 2795
3 2804
3 2806
3 2811
3 2834
3 2843
3 2845
3 2847
3 2860
3 2864
3 2876
3 2881
3 2887
3 2890
3 2912
3 2915
3 2922
3 2927
3 2939
3 2940
3 2952
3 2973
3 2980
3 3000
3 3012
3 3015
3 3019
3 3066
3 3087
3 3089
3 3099
3 3102
3 3133
3 3138
3 3161
3 3180
3 3190
3 3192
3 3197
3 3225
3 3231
3 3258
3 3266
3 3268
3 3292
3 3293
3 3315
3 3323
3 3334
3 3339
3 3340
3 3348
3 3350
3 3356
3 3357
3 3380
3 3410
3 3421
3 3428
3 3447
3 3460
3 3464
3 3465
3 3466
3 3472
3 3474
3 3507
3 3518
3 3532
3 3540
3 3566
3 3572
3 3590
3 3593
3 3604
3 3622
3 3627
3 3630
3 3640
3 3653
3 3655
3 3674
3 3675
3 3688
3 3698
3 3701
3 3715
3 3731
3 3739
3 3755
3 3790
3 3795
3 3803
3 3808
3 3811
3 3813
3 3821
3 3827
3 3834
3 3851
3 3887
3 3896
3 3907
3 3918
3 3925
3 3930
3 3933
3 3942
3 3950
3 3952
3 3968
3 3982
3 4008
3 4019
3 4020
3 4032
3 4051
3 4053
3 4068
3 4101
3 4102
3 4116
3 4128
3 4152
3 4158
3 4177
3 4193
3 4197
3 4212
3 4229
3 4230
3 4237
3 4250
3 4252
3 4264
3 4270
3 4276
3 4290
3 4294
3 4302
3 4345
3 4359
3 4363
3 4374
3 4378
3 4382
3 4389
3 4391
3 4407
3 4411
3 4421
3 4422
3 4432
3 4449
3 4451
3 4456
3 4459
3 4470
3 4476
3 4480
3 4488
3 4501
3 4516
3 4522
3 4531
3 4555
3 4567
3 4569
3 4576
3 4578
3 4581
3 4592
3 4600
3 4601
3 4607
3 4634
3 4639
3 4646
3 4654
3 4667
3 4679
3 4689
3 4714
3 4772
3 4796
3 4816
3 4823
3 4836
3 4838
3 4858
3 4869
3 4879
3 4888
3 4893
3 4908
3 4914
3 4931
3 4939
3 4940
3 4943
3 4955
3 4962
3 4967
3 4977
3 4989
3 5009
3 5012
3 5026
3 5043
3 5068
3 5072
3 5074
3 5085
3 5088
3 5090
3 5097
3 5146
3 5147
3 5158
3 5160
3 5164
3 5179
3 5182
3 5196
3 5199
3 5222
3 5238
3 5249
3 5252
3 5253
3 5260
3 5268
3 5270
3 5277
3 5280
3 5282
3 5285
3 5313
3 5325
3 5330
3 5347
3 5358
3 5366
3 5391
3 5392
3 5400
3 5405
3 5417
3 5425
3 5435
3 5439
3 5443
3 5453
3 5463
3 5470
3 5471
3 5472
3 5480
3 5491
3 5496
3 5500
3 5504
3 5510
3 5526
3 5534
3 5535
3 5549
3 5552
3 5562
3 5564
3 5609
3 5611
3 5632
3 5636
3 5639
3 5640
3 5643
3 5650
3 5673
3 5704
3 5708
3 5711
3 5713
3 5714
3 5733
3 5742
3 5753
3 5761
3 5784
3 5789
3 5790
3 5793
3 5800
3 5813
3 5876
3 5885
3 5887
3 5909
3 5919
3 5923
3 5926
3 5927
3 5930
3 5935
3 5946
3 5957
3 5961
3 5970
3 5986
3 6004
3 6010
3 6016
3 6018
3 6024
3 6040
3 6058
3 6085
3 6087
3 6093
3 6094
3 6109
3 6136
3 6143
3 6144
3 6166
3 6173
3 6200
3 6207
3 6234
3 6235
3 6244
3 6247
3 6261
3 6266
3 6276
3 6285
3 6286
3 6297
3 6321
3 6346
3 6357
3 6358
3 6364
3 6371
3 6372
3 6376
3 6382
3 6388
3 6391
3 6404
3 6405
3 6406
3 6425
3 6435
3 6459
3 6462
3 6465
3 6468
3 6478
3 6482
3 6489
3 6506
3 6536
3 6537
3 6538
3 6544
3 6570
3 6572
3 6573
3 6581
3 6582
3 6590
3 6592
3 6615
3 6620
3 6625
3 6627
3 6647
3 6664
3 6665
3 6671
3 6681
3 6686
3 6693
3 6697
3 6717
3 6721
3 6740
3 6748
3 6755
3 6762
3 6790
3 6793
3 6796
3 6799
3 6801
3 6808
3 6813
3 6818
3 6823
3 6846
3 6852
3 6870
3 6879
3 6897
3 6899
3 6922
3 6937
3 6939
3 6962
3 6967
3 6972
3 6975
3 6976
3 6982
3 6983
3 6990
3 6993
3 6997
3 7003
3 7030
3 7034
3 7038
3 7072
3 7091
3 7097
3 7103
3 7105
3 7181
3 7186
3 7190
3 7193
3 7211
3 7222
3 7229
3 7244
3 7252
3 7253
3 7255
3 7256
3 7297
3 7299
3 7304
3 7308
3 7310
3 7313
3 7314
3 7323
3 7362
3 7368
3 7376
3 7389
3 7417
3 7443
3 7472
3 7477
3 7481
3 7483
3 7496
3 7513
3 7518
3 7519
3 7539
3 7540
3 7555
3 7560
3 7563
3 7565
3 7570
3 7576
3 7578
3 7616
3 7618
3 7637
3 7638
3 7655
3 7663
3 7669
3 7673
3 7696
3 7708
3 7715
3 7721
3 7758
3 7764
3 7776
3 7780
3 7781
3 7788
3 7796
3 7801
3 7803
3 7814
3 7821
3 7823
3 7845
3 7851
3 7858
3 7870
3 7878
3 7882
3 7890
3 7891
3 7905
3 7917
3 7929
3 7930
3 7932
3 7952
3 7993
3 8008
3 8031
3 8047
3 8062
3 8064
3 8101
3 8127
3 8130
3 8136
3 8154
3 8165
3 8166
3 8184
3 8192
3 8212
3 8224
3 8235
3 8236
3 8238
3 8245
3 8251
3 8259
3 8263
3 8266
3 8269
3 8271
3 8283
3 8291
3 8292
3 8306
3 8311
3 8322
3 8337
3 8358
3 8366
3 8377
3 8383
3 8395
3 8396
3 8421
3 8422
3 8433
3 8434
3 8449
3 8453
3 8473
3 8476
3 8482
3 8516
3 8518
3 8527
3 8529
3 8530
3 8534
3 8545
3 8546
3 8550
3 8553
3 8580
3 8581
3 8583
3 8585
3 8586
3 8602
3 8607
3 8629
3 8634
3 8645
3 8652
3 8654
3 8659
3 8689
3 8700
3 8705
3 8708
3 8710
3 8713
3 8721
3 8724
3 8732
3 8740
3 8767
3 8770
3 8775
3 8778
3 8787
3 8795
3 8821
3 8822
3 8824
3 8837
3 8852
3 8875
3 8919
3 8929
3 8966
3 8973
3 8977
3 8980
3 8986
3 8989
3 8997
3 9002
3 9014
3 9019
3 9030
3 9035
3 9036
3 9072
3 9082
3 9086
3 9109
3 9116
3 9126
3 9133
3 9134
3 9141
3 9169
3 9170
3 9177
3 9179
3 9180
3 9198
3 9210
3 9216
3 9227
3 9231
3 9242
3 9253
3 9254
3 9255
3 9260
3 9280
3 9288
3 9297
3 9313
3 9320
3 9330
3 9340
3 9362
3 9385
3 9392
3 9395
3 9400
3 9411
3 9439
3 9474
3 9477
3 9484
3 9488
3 9498
3 9514
3 9539
3 9559
3 9573
3 9581
3 9591
3 9605
3 9617
3 9623
3 9627
3 9628
3 9639
3 9642
3 9670
3 9677
3 9683
3 9684
3 9697
3 9711
3 9722
3 9728
3 9737
3 9743
3 9749
3 9759
3 9766
3 9767
3 9778
3 9782
3 9788
3 9789
3 9792
3 9802
3 9804
3 9822
3 9851
3 9857
3 9861
3 9893
3 9895
3 9901
3 9904
3 9909
3 9921
3 9932
3 9935
3 9939
3 9940
3 9948
3 9957
3 9993
4 8
4 10
4 13
4 23
4 25
4 27
4 35
4 37
4 43
4 58
4 70
4 92
4 99
4 103
4 123
4 133
4 134
4 137
4 138
4 151
4 153
4 169
4 175
4 179
4 191
4 195
4 201
4 209
4 214
4 219
4 221
4 223
4 236
4 239
4 254
4 270
4 273
4 274
4 278
4 281
4 285
4 292
4 293
4 300
4 304
4 317
4 319
4 333
4 348
4 360
4 365
4 377
4 403
4 412
4 439
4 459
4 462
4 464
4 469
4 496
4 511
4 523
4 537
4 567
4 576
4 584
4 616
4 626
4 632
4 647
4 664
4 672
4 691
4 699
4 705
4 716
4 730
4 741
4 748
4 752
4 766
4 783
4 787
4 789
4 791
4 802
4 808
4 810
4 815
4 818
4 829
4 832
4 863
4 865
4 873
4 875
4 876
4 886
4 889
4 890
4 901
4 904
4 912
4 914
4 922
4 963
4 966
4 1012
4 1014
4 1018
4 1025
4 1035
4 1040
4 1041
4 1103
4 1112
4 1130
4 1134
4 1142
4 1156
4 1167
4 1169
4 1189
4 1201
4 1203
4 1207
4 1228
4 1256
4 1257
4 1281
4 1282
4 1288
4 1290
4 1305
4 1306
4 1313
4 1315
4 1338
4 1351
4 1358
4 1361
4 1368
4 1371
4 1376
4 1386
4 1393
4 1400
4 1408
4 1415
4 1426
4 1447
4 1464
4 1471
4 1504
4 1510
4 1516
4 1520
4 1532
4 1553
4 1559
4 1562
4 1574
4 1583
4 1587
4 1591
4 1598
4 1616
4 1637
4 1650
4 1651
4 1659
4 1661
4 1667
4 1668
4 1672
4 1676
4 1686
4 1710
4 1717
4 1719
4 1728
4 1731
4 1761
4 1771
4 1804
4 1805
4 1810
4 1818
4 1821
4 1857
4 1860
4 1861
4 1862
4 1865
4 1884
4 1887
4 1900
4 1901
4 1913
4 1918
4 1920
4 1929
4 1943
4 1949
4 1953
4 1960
4 1972
4 1976
4 1979
4 2001
4 2010
4 2014
4 2028
4 2045
4 2055
4 2058
4 2067
4 2073
4 2075
4 2087
4 2089
4 2123
4 2128
4 2144
4 2155
4 2165
4 2171
4 2177
4 2185
4 2189
4 2211
4 2218
4 2230
4 2233
4 2238
4 2242
4 2256
4 2261
4 2279
4 2289
4 2302
4 2306
4 2308
4 2315
4 2318
4 2329
4 2330
4 2333
4 2335
4 2344
4 2392
4 2400
4 2403
4 2411
4 2412
4 2416
4 2422
4 2439
4 2449
4 2453
4 2461
4 2469
4 2492
4 2500
4 2501
4 2504
4 2512
4 2518
4 2523
4 2543
4 2559
4 2579
4 2586
4 2594
4 2599
4 2603
4 2606
4 2631
4 2635
4 2636
4 2639
4 2642
4 2643
4 2651
4 2658
4 2674
4 2692
4 2694
4 2707
4 2712
4 2720
4 2728
4 2734
4 2738
4 2743
4 2747
4 2752
4 2759
4 2768
4 2777
4 2792
4 2815
4 2836
4 2840
4 2842
4 2844
4 2853
4 2880
4 2888
4 2904
4 2908
4 2923
4 2929
4 2934
4 2945
4 2959
4 2968
4 2971
4 2975
4 2985
4 3001
4 3004
4 3007
4 3022
4 3029
4 3036
4 3041
4 3042
4 3052
4 3053
4 3054
4 3056
4 3098
4 3109
4 3118
4 3193
4 3203
4 3211
4 3224
4 3237
4 3245
4 3256
4 3272
4 3295
4 3309
4 3320
4 3327
4 3333
4 3335
4 3336
4 3344
4 3367
4 3382
4 3398
4 3415
4 3419
4 3423
4 3426
4 3433
4 3437
4 3440
4 3446
4 3461
4 3467
4 3469
4 3471
4 3473
4 3496
4 3510
4 3512
4 3513
4 3521
4 3534
4 3535
4 3541
4 3552
4 3557
4 3569
4 3585
4 3591
4 3595
4 3606
4 3607
4 3615
4 3620
4 3624
4 3658
4 3665
4 3678
4 3697
4 3703
4 3707
4 3712
4 3718
4 3722
4 3728
4 3734
4 3738
4 3767
4 3775
4 3784
4 3816
4 3824
4 3826
4 3830
4 3861
4 3862
4 3871
4 3878
4 3885
4 3901
4 3934
4 3936
4 3939
4 3951
4 3966
4 3978
4 3979
4 3980
4 3984
4 3992
4 4009
4 4013
4 4024
4 4028
4 4029
4 4045
4 4054
4 4056
4 4074
4 4080
4 4093
4 4100
4 4123
4 4126
4 4175
4 4182
4 4184
4 4247
4 4256
4 4299
4 4307
4 4322
4 4325
4 4338
4 4355
4 4364
4 4386
4 4400
4 4409
4 4446
4 4460
4 4462
4 4464
4 4483
4 4489
4 4503
4 4506
4 4512
4 4520
4 4533
4 4536
4 4541
4 4551
4 4572
4 4573
4 4585
4 4587
4 4589
4 4617
4 4618
4 4619
4 4628
4 4632
4 4637
4 4660
4 4663
4 4666
4 4671
4 4694
4 4703
4 4705
4 4746
4 4766
4 4774
4 4779
4 4791
4 4792
4 4801
4 4814
4 4841
4 4844
4 4845
4 4850
4 4859
4 4862
4 4868
4 4871
4 4872
4 4878
4 4884
4 4887
4 4900
4 4912
4 4927
4 4941
4 4942
4 4954
4 4965
4 4973
4 4974
4 4978
4 4983
4 4984
4 5002
4 5013
4 5016
4 5018
4 5022
4 5039
4 5044
4 5065
4 5071
4 5082
4 5094
4 5113
4 5117
4 5124
4 5132
4 5155
4 5165
4 5170
4 5186
4 5190
4 5195
4 5208
4 5215
4 5231
4 5235
4 5242
4 5243
4 5244
4 5257
4 5262
4 5278
4 5286
4 5333
4 5336
4 5365
4 5369
4 5380
4 5406
4 5414
4 5434
4 5449
4 5490
4 5509
4 5523
4 5524
4 5528
4 5559
4 5572
4 5577
4 5588
4 5593
4 5607
4 5633
4 5637
4 5654
4 5655
4 5656
4 5662
4 5665
4 5670
4 5684
4 5687
4 5697
4 5709
4 5712
4 5715
4 5717
4 5760
4 5763
4 5773
4 5775
4 5811
4 5815
4 5829
4 5855
4 5869
4 5874
4 5890
4 5902
4 5903
4 5905
4 5917
4 5928
4 5939
4 5948
4 5955
4 5956
4 5974
4 6011
4 6020
4 6034
4 6041
4 6047
4 6056
4 6059
4 6063
4 6077
4 6080
4 6081
4 6084
4 6092
4 6112
4 6113
4 6122
4 6125
4 6127
4 6129
4 6142
4 6147
4 6152
4 6167
4 6174
4 6177
4 6190
4 6191
4 6225
4 6242
4 6256
4 6257
4 6279
4 6283
4 6284
4 6293
4 6299
4 6307
4 6323
4 6333
4 6339
4 6345
4 6352
4 6365
4 6373
4 6375
4 6380
4 6408
4 6416
4 6417
4 6429
4 6432
4 6439
4 6442
4 6453
4 6472
4 6474
4 6487
4 6494
4 6496
4 6511
4 6535
4 6549
4 6553
4 6566
4 6567
4 6577
4 6612
4 6626
4 6654
4 6677
4 6682
4 6692
4 6699
4 6700
4 6728
4 6732
4 6742
4 6763
4 6774
4 6802
4 6837
4 6838
4 6845
4 6868
4 6873
4 6884
4 6902
4 6927
4 6929
4 6938
4 6940
4 6947
4 6951
4 6961
4 6977
4 6992
4 6994
4 7002
4 7009
4 7024
4 7026
4 7027
4 7032
4 7035
4 7057
4 7065
4 7073
4 7082
4 7089
4 7110
4 7121
4 7131
4 7132
4 7145
4 7150
4 7159
4 7160
4 7174
4 7189
4 7199
4 7201
4 7228
4 7233
4 7251
4 7259
4 7279
4 7307
4 7339
4 7344
4 7352
4 7355
4 7356
4 7358
4 7363
4 7373
4 7375
4 7395
4 7400
4 7404
4 7413
4 7416
4 7421
4 7422
4 7433
4 7442
4 7457
4 7459
4 7461
4 7468
4 7469
4 7476
4 7489
4 7508
4 7533
4 7535
4 7561
4 7566
4 7569
4 7589
4 7594
4 7642
4 7668
4 7679
4 7689
4 7694
4 7710
4 7717
4 7734
4 7740
4 7742
4 7759
4 7761
4 7762
4 7768
4 7770
4 7774
4 7786
4 7799
4 7800
4 7804
4 7807
4 7818
4 7820
4 7829
4 7835
4 7847
4 7848
4 7849
4 7857
4 7861
4 7868
4 7887
4 7912
4 7919
4 7939
4 7941
4 7955
4 7972
4 7981
4 7992
4 8003
4 8021
4 8030
4 8034
4 8039
4 8042
4 8043
4 8049
4 8050
4 8051
4 8067
4 8068
4 8071
4 8084
4 8092
4 8104
4 8111
4 8115
4 8125
4 8132
4 8139
4 8160
4 8169
4 8177
4 8180
4 8181
4 8208
4 8210
4 8215
4 8216
4 8233
4 8237
4 8239
4 8244
4 8255
4 8261
4 8275
4 8279
4 8286
4 8288
4 8298
4 8307
4 8313
4 8323
4 8332
4 8335
4 8339
4 8343
4 8349
4 8359
4 8367
4 8374
4 8375
4 8378
4 8386
4 8389
4 8390
4 8394
4 8409
4 8413
4 8424
4 8441
4 8457
4 8461
4 8488
4 8497
4 8511
4 8521
4 8522
4 8535
4 8542
4 8563
4 8568
4 8592
4 8597
4 8605
4 8624
4 8627
4 8637
4 8658
4 8669
4 8682
4 8686
4 8696
4 8712
4 8735
4 8738
4 8745
4 8746
4 8755
4 8785
4 8792
4 8803
4 8809
4 8820
4 8829
4 8838
4 8845
4 8847
4 8851
4 8853
4 8860
4 8872
4 8876
4 8881
4 8885
4 8897
4 8900
4 8911
4 8913
4 8925
4 8926
4 8934
4 8948
4 8949
4 8972
4 8974
4 8976
4 8985
4 8991
4 9001
4 9010
4 9021
4 9031
4 9038
4 9053
4 9058
4 9069
4 9074
4 9077
4 9102
4 9103
4 9107
4 9118
4 9123
4 9130
4 9135
4 9137
4 9160
4 9162
4 9196
4 9203
4 9207
4 9212
4 9214
4 9230
4 9238
4 9240
4 9244
4 9270
4 9281
4 9286
4 9294
4 9298
4 9316
4 9334
4 9346
4 9352
4 9361
4 9369
4 9399
4 9401
4 9423
4 9435
4 9441
4 9450
4 9457
4 9483
4 9495
4 9515
4 9518
4 9523
4 9540
4 9541
4 9542
4 9546
4 9556
4 9587
4 9606
4 9616
4 9626
4 9632
4 9652
4 9661
4 9666
4 9673
4 9674
4 9679
4 9708
4 9710
4 9751
4 9787
4 9798
4 9799
4 9803
4 9806
4 9807
4 9825
4 9881
4 9888
4 9892
4 9912
4 9930
4 9946
4 9979
4 9980
4 9989
4 9997
5 19
5 24
5 31
5 39
5 57
5 61
5 78
5 113
5 126
5 128
5 142
5 159
5 170
5 171
5 178
5 187
5 197
5 207
5 212
5 218
5 233
5 247
5 257
5 288
5 294
5 295
5 307
5 309
5 313
5 328
5 334
5 337
5 346
5 347
5 354
5 355
5 357
5 376
5 394
5 400
5 411
5 414
5 425
5 432
5 436
5 440
5 467
5 503
5 507
5 509
5 525
5 547
5 553
5 620
5 638
5 648
5 656
5 659
5 661
5 662
5 663
5 675
5 702
5 709
5 711
5 714
5 720
5 723
5 724
5 773
5 779
5 804
5 805
5 807
5 812
5 819
5 822
5 827
5 834
5 857
5 862
5 900
5 902
5 908
5 918
5 948
5 955
5 960
5 970
5 972
5 976
5 996
5 1000
5 1002
5 1005
5 1019
5 1047
5 1055
5 1072
5 1114
5 1137
5 1149
5 1151
5 1158
5 1159
5 1164
5 1181
5 1184
5 1187
5 1202
5 1210
5 1212
5 1224
5 1240
5 1247
5 1261
5 1311
5 1319
5 1321
5 1325
5 1333
5 1353
5 1354
5 1364
5 1366
5 1385
5 1391
5 1401
5 1419
5 1420
5 1422
5 1429
5 1431
5 1438
5 1449
5 1451
5 1454
5 1456
5 1457
5 1462
5 1470
5 1480
5 1493
5 1494
5 1496
5 1500
5 1538
5 1547
5 1551
5 1557
5 1575
5 1627
5 1644
5 1648
5 1673
5 1675
5 1696
5 1701
5 1702
5 1706
5 1711
5 1726
5 1738
5 1753
5 1759
5 1763
5 1765
5 1811
5 1824
5 1828
5 1838
5 1847
5 1850
5 1875
5 1876
5 1883
5 1895
5 1917
5 1924
5 1936
5 1961
5 1980
5 1983
5 1986
5 1994
5 1997
5 2000
5 2023
5 2031
5 2056
5 2084
5 2096
5 2115
5 2120
5 2149
5 2175
5 2178
5 2181
5 2184
5 2220
5 2226
5 2248
5 2263
5 2265
5 2285
5 2291
5 2294
5 2297
5 2349
5 2350
5 2351
5 2366
5 2368
5 2369
5 2373
5 2378
5 2384
5 2387
5 2401
5 2402
5 2410
5 2419
5 2420
5 2421
5 2426
5 2443
5 2447
5 2476
5 2482
5 2489
5 2510
5 2516
5 2524
5 2530
5 2535
5 2545
5 2552
5 2561
5 2570
5 2572
5 2582
5 2584
5 2596
5 2618
5 2633
5 2647
5 2657
5 2662
5 2677
5 2682
5 2690
5 2700
5 2713
5 2735
5 2745
5 2749
5 2762
5 2772
5 2800
5 2801
5 2808
5 2822
5 2826
5 2831
5 2833
5 2869
5 2894
5 2910
5 2916
5 2918
5 2921
5 2932
5 2944
5 2948
5 2951
5 2953
5 2965
5 2966
5 2981
5 2989
5 2996
5 3045
5 3046
5 3061
5 3074
5 3075
5 3093
5 3096
5 3097
5 3145
5 3147
5 3150
5 3154
5 3166
5 3168
5 3172
5 3183
5 3191
5 3212
5 3227
5 3239
5 3242
5 3244
5 3247
5 3248
5 3284
5 3299
5 3311
5 3318
5 3319
5 3330
5 3331
5 3347
5 3360
5 3381
5 3392
5 3394
5 3424
5 3432
5 3439
5 3441
5 3449
5 3456
5 3468
5 3475
5 3479
5 3482
5 3530
5 3553
5 3583
5 3584
5 3599
5 3614
5 3638
5 3645
5 3652
5 3662
5 3663
5 3666
5 3672
5 3686
5 3687
5 3725
5 3730
5 3733
5 3744
5 3760
5 3769
5 3777
5 3778
5 3785
5 3786
5 3791
5 3806
5 3809
5 3810
5 3814
5 3819
5 3839
5 3847
5 3848
5 3857
5 3872
5 3876
5 3890
5 3894
5 3906
5 3909
5 3924
5 3945
5 3956
5 3958
5 3960
5 3965
5 3981
5 3986
5 3994
5 3999
5 4003
5 4007
5 4025
5 4036
5 4037
5 4049
5 4052
5 4070
5 4073
5 4103
5 4106
5 4114
5 4131
5 4133
5 4136
5 4141
5 4165
5 4191
5 4194
5 4200
5 4202
5 4203
5 4204
5 4208
5 4215
5 4234
5 4239
5 4265
5 4272
5 4282
5 4291
5 4300
5 4304
5 4314
5 4315
5 4319
5 4331
5 4341
5 4369
5 4372
5 4375
5 4383
5 4395
5 4412
5 4419
5 4423
5 4425
5 4427
5 4455
5 4458
5 4467
5 4475
5 4481
5 4484
5 4490
5 4495
5 4519
5 4538
5 4542
5 4549
5 4560
5 4565
5 4593
5 4621
5 4631
5 4635
5 4638
5 4643
5 4647
5 4673
5 4683
5 4696
5 4702
5 4711
5 4717
5 4724
5 4739
5 4740
5 4763
5 4804
5 4833
5 4846
5 4847
5 4854
5 4861
5 4863
5 4864
5 4866
5 4881
5 4882
5 4885
5 4903
5 4911
5 4933
5 4938
5 4944
5 4959
5 4970
5 4971
5 4991
5 5000
5 5003
5 5005
5 5020
5 5021
5 5024
5 5031
5 5035
5 5038
5 5049
5 5057
5 5058
5 5062
5 5079
5 5081
5 5109
5 5125
5 5131
5 5142
5 5150
5 5154
5 5156
5 5174
5 5177
5 5183
5 5188
5 5192
5 5219
5 5237
5 5263
5 5266
5 5283
5 5289
5 5301
5 5320
5 5321
5 5322
5 5338
5 5361
5 5367
5 5375
5 5389
5 5408
5 5418
5 5438
5 5445
5 5456
5 5465
5 5486
5 5503
5 5513
5 5518
5 5538
5 5567
5 5578
5 5594
5 5622
5 5623
5 5626
5 5629
5 5635
5 5638
5 5658
5 5690
5 5702
5 5730
5 5737
5 5746
5 5754
5 5756
5 5778
5 5786
5 5806
5 5810
5 5819
5 5837
5 5842
5 5851
5 5853
5 5856
5 5864
5 5866
5 5873
5 5877
5 5880
5 5892
5 5894
5 5897
5 5914
5 5925
5 5929
5 5933
5 5938
5 5940
5 5942
5 5945
5 5965
5 5968
5 5975
5 5983
5 6001
5 6017
5 6021
5 6025
5 6044
5 6046
5 6064
5 6074
5 6076
5 6089
5 6095
5 6104
5 6117
5 6123
5 6140
5 6146
5 6148
5 6149
5 6156
5 6159
5 6164
5 6181
5 6188
5 6193
5 6203
5 6205
5 6212
5 6216
5 6222
5 6224
5 6226
5 6233
5 6236
5 6262
5 6282
5 6298
5 6332
5 6351
5 6359
5 6363
5 6383
5 6400
5 6401
5 6411
5 6421
5 6430
5 6431
5 6448
5 6455
5 6469
5 6500
5 6505
5 6515
5 6519
5 6527
5 6528
5 6529
5 6542
5 6548
5 6556
5 6587
5 6604
5 6610
5 6611
5 6637
5 6644
5 6650
5 6656
5 6657
5 6662
5 6663
5 6683
5 6701
5 6708
5 6714
5 6725
5 6730
5 6743
5 6756
5 6761
5 6769
5 6770
5 6771
5 6776
5 6779
5 6789
5 6806
5 6811
5 6817
5 6826
5 6834
5 6840
5 6857
5 6874
5 6881
5 6921
5 6930
5 6949
5 6960
5 6964
5 6984
5 7036
5 7045
5 7063
5 7074
5 7093
5 7111
5 7112
5 7117
5 7126
5 7127
5 7129
5 7136
5 7146
5 7169
5 7209
5 7210
5 7216
5 7221
5 7232
5 7238
5 7261
5 7263
5 7265
5 7271
5 7274
5 7276
5 7277
5 7282
5 7311
5 7315
5 7316
5 7335
5 7336
5 7338
5 7348
5 7370
5 7394
5 7418
5 7427
5 7428
5 7429
5 7448
5 7449
5 7458
5 7460
5 7465
5 7478
5 7495
5 7501
5 7511
5 7517
5 7520
5 7550
5 7551
5 7552
5 7559
5 7568
5 7574
5 7577
5 7592
5 7599
5 7608
5 7626
5 7654
5 7657
5 7659
5 7664
5 7671
5 7683
5 7697
5 7698
5 7701
5 7709
5 7728
5 7737
5 7747
5 7751
5 7765
5 7771
5 7792
5 7809
5 7815
5 7819
5 7824
5 7836
5 7844
5 7855
5 7859
5 7871
5 7875
5 7898
5 7908
5 7913
5 7920
5 7928
5 7938
5 7940
5 7943
5 7956
5 7958
5 7960
5 7961
5 7966
5 7967
5 7969
5 7974
5 8001
5 8011
5 8052
5 8061
5 8063
5 8066
5 8072
5 8075
5 8077
5 8113
5 8117
5 8150
5 8163
5 8178
5 8182
5 8203
5 8209
5 8213
5 8214
5 8217
5 8220
5 8225
5 8231
5 8248
5 8250
5 8256
5 8273
5 8274
5 8276
5 8303
5 8330
5 8344
5 8376
5 8426
5 8429
5 8438
5 8442
5 8444
5 8455
5 8462
5 8477
5 8483
5 8485
5 8536
5 8543
5 8567
5 8569
5 8596
5 8600
5 8601
5 8635
5 8636
5 8670
5 8676
5 8679
5 8692
5 8715
5 8737
5 8741
5 8747
5 8750
5 8753
5 8756
5 8757
5 8760
5 8765
5 8769
5 8781
5 8786
5 8793
5 8813
5 8818
5 8825
5 8827
5 8859
5 8877
5 8888
5 8894
5 8901
5 8917
5 8924
5 8937
5 8947
5 8961
5 8979
5 8993
5 8996
5 9023
5 9024
5 9027
5 9052
5 9054
5 9059
5 9063
5 9064
5 9078
5 9088
5 9090
5 9097
5 9104
5 9110
5 9112
5 9125
5 9127
5 9128
5 9145
5 9161
5 9164
5 9172
5 9174
5 9176
5 9189
5 9194
5 9218
5 9226
5 9249
5 9256
5 9262
5 9268
5 9278
5 9282
5 9300
5 9308
5 9311
5 9325
5 9335
5 9354
5 9373
5 9381
5 9388
5 9389
5 9390
5 9393
5 9398
5 9409
5 9410
5 9412
5 9442
5 9443
5 9444
5 9451
5 9456
5 9463
5 9465
5 9472
5 9473
5 9475
5 9478
5 9486
5 9489
5 9506
5 9507
5 9508
5 9521
5 9524
5 9525
5 9527
5 9534
5 9538
5 9558
5 9563
5 9574
5 9576
5 9589
5 9625
5 9629
5 9654
5 9662
5 9686
5 9698
5 9719
5 9720
5 9748
5 9779
5 9786
5 9791
5 9808
5 9813
5 9823
5 9828
5 9830
5 9836
5 9850
5 9886
5 9887
5 9894
5 9918
5 9920
5 9923
5 9925
5 9931
5 9933
5 9945
5 9953
5 9960
5 9961
5 9970
5 9971
5 9987
5 9992
5 10000
6 9
6 20
6 22
6 40
6 48
6 60
6 65
6 81
6 96
6 101
6 130
6 136
6 145
6 157
6 160
6 168
6 176
6 190
6 198
6 200
6 203
6 217
6 222
6 226
6 237
6 245
6 266
6 268
6 269
6 275
6 287
6 301
6 312
6 344
6 345
6 364
6 372
6 378
6 382
6 387
6 408
6 417
6 457
6 463
6 477
6 479
6 485
6 492
6 506
6 519
6 526
6 529
6 531
6 539
6 543
6 549
6 555
6 556
6 560
6 561
6 570
6 586
6 590
6 595
6 612
6 625
6 627
6 629
6 634
6 635
6 671
6 678
6 681
6 682
6 689
6 695
6 696
6 728
6 735
6 738
6 747
6 751
6 764
6 781
6 782
6 785
6 786
6 792
6 798
6 811
6 835
6 855
6 874
6 887
6 898
6 906
6 907
6 920
6 925
6 940
6 941
6 962
6 965
6 971
6 995
6 1001
6 1004
6 1015
6 1022
6 1058
6 1095
6 1098
6 1104
6 1107
6 1121
6 1131
6 1138
6 1166
6 1171
6 1174
6 1176
6 1188
6 1200
6 1204
6 1205
6 1214
6 1217
6 1230
6 1237
6 1253
6 1279
6 1289
6 1304
6 1310
6 1329
6 1331
6 1340
6 1346
6 1347
6 1350
6 1383
6 1387
6 1405
6 1417
6 1430
6 1450
6 1455
6 1458
6 1463
6 1487
6 1491
6 1508
6 1511
6 1529
6 1530
6 1542
6 1554
6 1570
6 1605
6 1608
6 1610
6 1626
6 1628
6 1630
6 1642
6 1643
6 1649
6 1666
6 1669
6 1683
6 1690
6 1704
6 1713
6 1723
6 1734
6 1747
6 1751
6 1752
6 1775
6 1783
6 1800
6 1801
6 1814
6 1817
6 1820
6 1823
6 1833
6 1843
6 1854
6 1868
6 1882
6 1886
6 1894
6 1898
6 1902
6 1904
6 1908
6 1911
6 1919
6 1947
6 1954
6 1959
6 1963
6 1966
6 1969
6 1974
6 1975
6 1989
6 1995
6 1999
6 2013
6 2026
6 2033
6 2052
6 2057
6 2062
6 2081
6 2088
6 2094
6 2100
6 2117
6 2118
6 2129
6 2136
6 2142
6 2143
6 2168
6 2199
6 2200
6 2203
6 2219
6 2222
6 2224
6 2243
6 2266
6 2283
6 2322
6 2331
6 2340
6 2345
6 2348
6 2361
6 2362
6 2372
6 2375
6 2379
6 2385
6 2386
6 2407
6 2429
6 2444
6 2455
6 2457
6 2473
6 2484
6 2505
6 2522
6 2527
6 2562
6 2577
6 2581
6 2587
6 2588
6 2590
6 2602
6 2605
6 2634
6 2640
6 2650
6 2664
6 2669
6 2679
6 2680
6 2683
6 2685
6 2688
6 2702
6 2706
6 2732
6 2751
6 2754
6 2756
6 2765
6 2766
6 2781
6 2785
6 2803
6 2832
6 2839
6 2846
6 2848
6 2857
6 2867
6 2868
6 2872
6 2877
6 2903
6 2914
6 2943
6 2949
6 2954
6 2957
6 2978
6 2979
6 2990
6 2997
6 3014
6 3016
6 3024
6 3026
6 3032
6 3051
6 3058
6 3076
6 3077
6 3079
6 3080
6 3090
6 3094
6 3100
6 3105
6 3111
6 3114
6 3115
6 3135
6 3137
6 3157
6 3169
6 3179
6 3186
6 3208
6 3215
6 3251
6 3255
6 3261
6 3265
6 3270
6 3287
6 3297
6 3302
6 3310
6 3325
6 3329
6 3332
6 3373
6 3374
6 3389
6 3396
6 3408
6 3414
6 3418
6 3427
6 3455
6 3478
6 3480
6 3483
6 3484
6 3516
6 3528
6 3538
6 3561
6 3562
6 3570
6 3573
6 3588
6 3589
6 3628
6 3637
6 3641
6 3644
6 3668
6 3673
6 3685
6 3693
6 3695
6 3696
6 3700
6 3708
6 3727
6 3748
6 3752
6 3756
6 3781
6 3801
6 3804
6 3812
6 3820
6 3844
6 3859
6 3867
6 3904
6 3913
6 3915
6 3920
6 3928
6 3935
6 3940
6 3946
6 3948
6 3953
6 3955
6 3967
6 3971
6 3974
6 3985
6 4001
6 4004
6 4016
6 4023
6 4026
6 4033
6 4062
6 4066
6 4079
6 4092
6 4115
6 4127
6 4145
6 4149
6 4150
6 4155
6 4180
6 4183
6 4187
6 4189
6 4196
6 4205
6 4206
6 4207
6 4213
6 4224
6 4236
6 4242
6 4245
6 4248
6 4253
6 4260
6 4285
6 4289
6 4292
6 4293
6 4309
6 4312
6 4321
6 4357
6 4360
6 4379
6 4397
6 4401
6 4403
6 4413
6 4420
6 4438
6 4441
6 4445
6 4452
6 4461
6 4463
6 4466
6 4474
6 4493
6 4494
6 4505
6 4509
6 4513
6 4521
6 4523
6 4558
6 4571
6 4580
6 4591
6 4602
6 4611
6 4615
6 4616
6 4622
6 4641
6 4649
6 4653
6 4655
6 4659
6 4661
6 4665
6 4676
6 4686
6 4704
6 4731
6 4733
6 4736
6 4738
6 4743
6 4744
6 4758
6 4760
6 4765
6 4783
6 4785
6 4793
6 4805
6 4806
6 4809
6 4811
6 4812
6 4813
6 4818
6 4819
6 4829
6 4848
6 4855
6 4860
6 4880
6 4896
6 4897
6 4907
6 4918
6 4924
6 4925
6 4937
6 4946
6 4953
6 4963
6 4988
6 4993
6 4998
6 5001
6 5010
6 5036
6 5040
6 5047
6 5051
6 5063
6 5067
6 5078
6 5089
6 5105
6 5111
6 5118
6 5126
6 5171
6 5200
6 5202
6 5204
6 5206
6 5218
6 5241
6 5251
6 5302
6 5304
6 5316
6 5318
6 5340
6 5354
6 5356
6 5364
6 5368
6 5371
6 5373
6 5377
6 5381
6 5382
6 5386
6 5397
6 5403
6 5404
6 5410
6 5413
6 5420
6 5447
6 5450
6 5460
6 5467
6 5479
6 5487
6 5497
6 5501
6 5505
6 5507
6 5512
6 5565
6 5586
6 5589
6 5590
6 5595
6 5602
6 5603
6 5605
6 5618
6 5621
6 5651
6 5653
6 5659
6 5680
6 5685
6 5696
6 5699
6 5703
6 5719
6 5726
6 5729
6 5749
6 5757
6 5788
6 5797
6 5798
6 5803
6 5812
6 5847
6 5859
6 5860
6 5865
6 5889
6 5899
6 5910
6 5941
6 5971
6 5978
6 5979
6 5984
6 5988
6 5993
6 5994
6 6007
6 6026
6 6029
6 6038
6 6045
6 6049
6 6072
6 6073
6 6078
6 6082
6 6096
6 6102
6 6103
6 6115
6 6116
6 6121
6 6124
6 6132
6 6151
6 6158
6 6162
6 6172
6 6180
6 6194
6 6195
6 6199
6 6201
6 6202
6 6230
6 6248
6 6251
6 6255
6 6265
6 6272
6 6290
6 6304
6 6330
6 6342
6 6353
6 6360
6 6362
6 6369
6 6389
6 6407
6 6434
6 6454
6 6461
6 6463
6 6470
6 6471
6 6473
6 6486
6 6514
6 6523
6 6524
6 6543
6 6555
6 6558
6 6594
6 6600
6 6613
6 6616
6 6629
6 6634
6 6636
6 6641
6 6649
6 6651
6 6652
6 6673
6 6695
6 6711
6 6719
6 6724
6 6731
6 6747
6 6758
6 6759
6 6781
6 6783
6 6784
6 6798
6 6842
6 6849
6 6851
6 6856
6 6864
6 6867
6 6875
6 6880
6 6890
6 6895
6 6900
6 6914
6 6943
6 6946
6 6955
6 6963
6 6966
6 6974
6 6986
6 6987
6 6996
6 6998
6 7004
6 7008
6 7015
6 7016
6 7022
6 7031
6 7043
6 7049
6 7051
6 7067
6 7070
6 7077
6 7079
6 7080
6 7085
6 7095
6 7100
6 7108
6 7124
6 7141
6 7142
6 7143
6 7170
6 7171
6 7177
6 7180
6 7192
6 7202
6 7215
6 7219
6 7225
6 7226
6 7234
6 7250
6 7272
6 7283
6 7294
6 7301
6 7341
6 7342
6 7353
6 7371
6 7379
6 7381
6 7383
6 7384
6 7387
6 7390
6 7399
6 7419
6 7420
6 7423
6 7430
6 7450
6 7467
6 7488
6 7507
6 7528
6 7549
6 7553
6 7556
6 7557
6 7558
6 7590
6 7619
6 7635
6 7640
6 7641
6 7644
6 7652
6 7675
6 7678
6 7685
6 7686
6 7693
6 7695
6 7704
6 7713
6 7718
6 7719
6 7729
6 7763
6 7767
6 7779
6 7787
6 7791
6 7793
6 7802
6 7811
6 7822
6 7837
6 7840
6 7856
6 7866
6 7872
6 7874
6 7877
6 7894
6 7895
6 7899
6 7909
6 7910
6 7916
6 7934
6 7942
6 7944
6 7950
6 7965
6 7968
6 7975
6 7978
6 7985
6 7994
6 7997
6 7998
6 8005
6 8012
6 8022
6 8033
6 8035
6 8037
6 8038
6 8044
6 8070
6 8074
6 8082
6 8085
6 8095
6 8098
6 8108
6 8123
6 8135
6 8140
6 8141
6 8147
6 8148
6 8161
6 8172
6 8189
6 8201
6 8232
6 8234
6 8242
6 8243
6 8247
6 8252
6 8272
6 8287
6 8319
6 8321
6 8333
6 8342
6 8345
6 8350
6 8363
6 8379
6 8381
6 8408
6 8412
6 8417
6 8435
6 8443
6 8447
6 8450
6 8454
6 8458
6 8459
6 8460
6 8494
6 8502
6 8506
6 8509
6 8523
6 8525
6 8539
6 8552
6 8554
6 8564
6 8566
6 8570
6 8571
6 8603
6 8606
6 8626
6 8630
6 8631
6 8633
6 8647
6 8650
6 8651
6 8653
6 8655
6 8657
6 8660
6 8664
6 8668
6 8672
6 8675
6 8685
6 8694
6 8714
6 8725
6 8733
6 8736
6 8739
6 8749
6 8764
6 8766
6 8768
6 8779
6 8782
6 8796
6 8805
6 8816
6 8842
6 8858
6 8862
6 8866
6 8867
6 8898
6 8904
6 8906
6 8914
6 8927
6 8935
6 8941
6 8943
6 8954
6 8955
6 8967
6 8968
6 8971
6 8978
6 8983
6 9047
6 9056
6 9062
6 9068
6 9093
6 9105
6 9144
6 9150
6 9159
6 9204
6 9220
6 9228
6 9229
6 9236
6 9251
6 9257
6 9259
6 9267
6 9273
6 9285
6 9295
6 9315
6 9319
6 9326
6 9329
6 9365
6 9380
6 9426
6 9431
6 9432
6 9445
6 9459
6 9466
6 9469
6 9499
6 9520
6 9531
6 9536
6 9544
6 9567
6 9570
6 9575
6 9577
6 9580
6 9597
6 9607
6 9610
6 9613
6 9633
6 9634
6 9635
6 9637
6 9643
6 9648
6 9651
6 9681
6 9689
6 9700
6 9704
6 9729
6 9731
6 9739
6 9756
6 9758
6 9768
6 9769
6 9801
6 9815
6 9819
6 9831
6 9833
6 9847
6 9848
6 9860
6 9867
6 9868
6 9869
6 9873
6 9891
6 9898
6 9956
6 9982
6 9988
6 9994
7 12
7 36
7 41
7 46
7 50
7 62
7 75
7 77
7 84
7 100
7 102
7 112
7 115
7 118
7 147
7 162
7 164
7 172
7 193
7 220
7 240
7 252
7 256
7 282
7 298
7 299
7 303
7 316
7 320
7 322
7 323
7 324
7 327
7 362
7 367
7 389
7 392
7 402
7 404
7 415
7 428
7 437
7 442
7 458
7 484
7 508
7 514
7 518
7 528
7 530
7 538
7 551
7 557
7 559
7 572
7 573
7 575
7 579
7 582
7 600
7 602
7 605
7 641
7 652
7 654
7 660
7 713
7 732
7 739
7 762
7 768
7 790
7 797
7 806
7 820
7 824
7 825
7 833
7 860
7 913
7 915
7 933
7 956
7 977
7 983
7 987
7 994
7 998
7 1006
7 1016
7 1024
7 1038
7 1039
7 1048
7 1051
7 1052
7 1059
7 1063
7 1067
7 1077
7 1109
7 1111
7 1120
7 1123
7 1135
7 1140
7 1143
7 1144
7 1152
7 1153
7 1155
7 1157
7 1161
7 1178
7 1194
7 1198
7 1211
7 1213
7 1229
7 1234
7 1235
7 1249
7 1250
7 1267
7 1269
7 1280
7 1301
7 1309
7 1323
7 1326
7 1355
7 1357
7 1365
7 1379
7 1380
7 1394
7 1396
7 1399
7 1403
7 1412
7 1418
7 1423
7 1427
7 1442
7 1443
7 1445
7 1452
7 1467
7 1476
7 1485
7 1499
7 1505
7 1512
7 1515
7 1531
7 1536
7 1541
7 1546
7 1566
7 1592
7 1595
7 1596
7 1609
7 1615
7 1617
7 1619
7 1636
7 1647
7 1662
7 1664
7 1674
7 1697
7 1699
7 1707
7 1709
7 1716
7 1733
7 1741
7 1748
7 1757
7 1792
7 1793
7 1802
7 1822
7 1829
7 1831
7 1837
7 1844
7 1848
7 1855
7 1864
7 1869
7 1892
7 1916
7 1922
7 1931
7 1938
7 1950
7 1958
7 1968
7 1988
7 1991
7 1992
7 2002
7 2011
7 2015
7 2020
7 2024
7 2048
7 2059
7 2066
7 2077
7 2112
7 2113
7 2140
7 2141
7 2159
7 2167
7 2169
7 2174
7 2176
7 2187
7 2191
7 2193
7 2197
7 2214
7 2215
7 2232
7 2240
7 2244
7 2251
7 2253
7 2257
7 2260
7 2262
7 2275
7 2278
7 2295
7 2296
7 2326
7 2358
7 2383
7 2406
7 2413
7 2424
7 2441
7 2488
7 2491
7 2497
7 2514
7 2515
7 2519
7 2528
7 2533
7 2542
7 2550
7 2557
7 2565
7 2592
7 2600
7 2609
7 2613
7 2623
7 2625
7 2628
7 2646
7 2653
7 2654
7 2671
7 2681
7 2684
7 2698
7 2711
7 2721
7 2729
7 2757
7 2776
7 2812
7 2813
7 2816
7 2825
7 2830
7 2850
7 2851
7 2859
7 2865
7 2870
7 2871
7 2886
7 2889
7 2900
7 2902
7 2906
7 2925
7 2926
7 2930
7 2937
7 2960
7 2963
7 2998
7 3002
7 3011
7 3017
7 3020
7 3028
7 3050
7 3059
7 3062
7 3067
7 3072
7 3081
7 3095
7 3108
7 3122
7 3129
7 3134
7 3141
7 3144
7 3152
7 3153
7 3163
7 3170
7 3187
7 3198
7 3199
7 3214
7 3216
7 3222
7 3223
7 3232
7 3238
7 3240
7 3241
7 3259
7 3264
7 3267
7 3274
7 3282
7 3283
7 3289
7 3298
7 3306
7 3307
7 3337
7 3351
7 3359
7 3363
7 3390
7 3391
7 3395
7 3407
7 3422
7 3435
7 3443
7 3458
7 3459
7 3462
7 3463
7 3506
7 3515
7 3519
7 3545
7 3547
7 3559
7 3580
7 3581
7 3613
7 3619
7 3642
7 3664
7 3691
7 3705
7 3706
7 3711
7 3714
7 3720
7 3729
7 3737
7 3740
7 3750
7 3754
7 3765
7 3774
7 3779
7 3783
7 3787
7 3788
7 3796
7 3797
7 3800
7 3807
7 3823
7 3868
7 3884
7 3910
7 3919
7 3927
7 3929
7 3938
7 3972
7 3973
7 3995
7 4006
7 4010
7 4014
7 4015
7 4042
7 4050
7 4060
7 4078
7 4081
7 4083
7 4095
7 4104
7 4110
7 4111
7 4118
7 4125
7 4140
7 4142
7 4143
7 4146
7 4148
7 4166
7 4167
7 4181
7 4209
7 4210
7 4223
7 4226
7 4249
7 4259
7 4274
7 4277
7 4278
7 4283
7 4288
7 4295
7 4311
7 4335
7 4337
7 4343
7 4352
7 4373
7 4404
7 4406
7 4410
7 4465
7 4468
7 4479
7 4487
7 4515
7 4518
7 4530
7 4540
7 4545
7 4553
7 4563
7 4608
7 4610
7 4620
7 4640
7 4658
7 4669
7 4681
7 4713
7 4718
7 4722
7 4723
7 4742
7 4750
7 4798
7 4807
7 4810
7 4817
7 4831
7 4835
7 4851
7 4867
7 4889
7 4905
7 4919
7 4929
7 4932
7 4956
7 4964
7 4966
7 4981
7 4982
7 4985
7 4994
7 4995
7 5027
7 5028
7 5060
7 5061
7 5069
7 5086
7 5091
7 5107
7 5114
7 5127
7 5130
7 5145
7 5148
7 5159
7 5169
7 5181
7 5209
7 5224
7 5226
7 5228
7 5233
7 5258
7 5261
7 5274
7 5290
7 5292
7 5294
7 5305
7 5327
7 5349
7 5352
7 5372
7 5376
7 5390
7 5395
7 5396
7 5401
7 5431
7 5452
7 5457
7 5469
7 5488
7 5514
7 5515
7 5521
7 5541
7 5550
7 5554
7 5555
7 5568
7 5570
7 5573
7 5575
7 5583
7 5584
7 5613
7 5620
7 5625
7 5645
7 5646
7 5674
7 5681
7 5688
7 5693
7 5701
7 5706
7 5728
7 5740
7 5745
7 5747
7 5748
7 5771
7 5774
7 5779
7 5785
7 5802
7 5805
7 5823
7 5825
7 5836
7 5841
7 5845
7 5848
7 5850
7 5871
7 5878
7 5911
7 5918
7 5934
7 5954
7 5969
7 5989
7 5990
7 5991
7 5992
7 6013
7 6015
7 6036
7 6043
7 6061
7 6068
7 6091
7 6105
7 6114
7 6150
7 6160
7 6175
7 6176
7 6178
7 6187
7 6192
7 6206
7 6210
7 6218
7 6228
7 6239
7 6241
7 6246
7 6270
7 6275
7 6302
7 6303
7 6328
7 6329
7 6336
7 6349
7 6361
7 6366
7 6368
7 6377
7 6381
7 6392
7 6402
7 6409
7 6438
7 6441
7 6456
7 6466
7 6483
7 6492
7 6497
7 6510
7 6545
7 6550
7 6598
7 6633
7 6635
7 6655
7 6668
7 6670
7 6690
7 6696
7 6710
7 6712
7 6722
7 6736
7 6737
7 6749
7 6750
7 6754
7 6764
7 6778
7 6786
7 6788
7 6797
7 6807
7 6815
7 6824
7 6843
7 6847
7 6858
7 6859
7 6865
7 6871
7 6883
7 6885
7 6893
7 6911
7 6912
7 6928
7 6931
7 6934
7 6936
7 6948
7 6950
7 6959
7 6991
7 7006
7 7018
7 7040
7 7059
7 7064
7 7066
7 7081
7 7098
7 7123
7 7125
7 7130
7 7134
7 7140
7 7151
7 7164
7 7167
7 7191
7 7203
7 7213
7 7230
7 7231
7 7236
7 7237
7 7247
7 7249
7 7264
7 7270
7 7292
7 7298
7 7300
7 7305
7 7319
7 7329
7 7332
7 7340
7 7354
7 7361
7 7366
7 7377
7 7409
7 7455
7 7456
7 7479
7 7482
7 7484
7 7492
7 7515
7 7522
7 7523
7 7525
7 7527
7 7544
7 7554
7 7572
7 7573
7 7581
7 7587
7 7591
7 7593
7 7595
7 7605
7 7610
7 7620
7 7624
7 7645
7 7648
7 7649
7 7653
7 7658
7 7680
7 7682
7 7705
7 7711
7 7730
7 7741
7 7754
7 7798
7 7812
7 7873
7 7901
7 7923
7 7924
7 7951
7 7954
7 7977
7 7984
7 7991
7 8000
7 8032
7 8036
7 8045
7 8046
7 8048
7 8069
7 8078
7 8079
7 8080
7 8089
7 8105
7 8120
7 8133
7 8138
7 8145
7 8157
7 8199
7 8205
7 8227
7 8228
7 8240
7 8300
7 8305
7 8310
7 8317
7 8341
7 8353
7 8387
7 8391
7 8393
7 8401
7 8402
7 8416
7 8439
7 8466
7 8471
7 8472
7 8475
7 8486
7 8498
7 8503
7 8505
7 8531
7 8576
7 8608
7 8612
7 8613
7 8623
7 8625
7 8641
7 8642
7 8646
7 8656
7 8662
7 8667
7 8673
7 8674
7 8680
7 8688
7 8690
7 8691
7 8701
7 8704
7 8716
7 8719
7 8720
7 8723
7 8731
7 8774
7 8776
7 8777
7 8783
7 8790
7 8791
7 8807
7 8810
7 8819
7 8831
7 8849
7 8850
7 8861
7 8864
7 8874
7 8879
7 8880
7 8883
7 8890
7 8891
7 8899
7 8903
7 8920
7 8923
7 8928
7 8933
7 8942
7 8960
7 8987
7 8988
7 8992
7 8995
7 8999
7 9000
7 9009
7 9016
7 9026
7 9040
7 9071
7 9080
7 9085
7 9092
7 9096
7 9113
7 9138
7 9140
7 9146
7 9147
7 9155
7 9171
7 9175
7 9182
7 9183
7 9190
7 9191
7 9193
7 9197
7 9225
7 9233
7 9258
7 9263
7 9275
7 9289
7 9290
7 9299
7 9312
7 9338
7 9339
7 9356
7 9360
7 9363
7 9367
7 9375
7 9377
7 9413
7 9415
7 9434
7 9458
7 9461
7 9480
7 9511
7 9548
7 9557
7 9566
7 9569
7 9572
7 9578
7 9579
7 9583
7 9588
7 9592
7 9598
7 9602
7 9614
7 9615
7 9624
7 9630
7 9644
7 9645
7 9646
7 9667
7 9671
7 9678
7 9682
7 9692
7 9706
7 9735
7 9745
7 9750
7 9761
7 9774
7 9777
7 9780
7 9781
7 9809
7 9814
7 9818
7 9827
7 9841
7 9845
7 9852
7 9855
7 9858
7 9871
7 9878
7 9902
7 9903
7 9929
7 9949
7 9951
7 9958
7 9999
8 15
8 49
8 53
8 55
8 67
8 82
8 87
8 89
8 94
8 97
8 105
8 110
8 116
8 120
8 143
8 150
8 163
8 167
8 177
8 183
8 208
8 227
8 235
8 244
8 248
8 283
8 305
8 329
8 332
8 339
8 341
8 366
8 374
8 397
8 398
8 419
8 434
8 438
8 447
8 453
8 460
8 465
8 494
8 548
8 562
8 564
8 581
8 588
8 604
8 617
8 619
8 624
8 646
8 651
8 653
8 657
8 665
8 685
8 690
8 692
8 703
8 707
8 712
8 719
8 731
8 734
8 736
8 746
8 750
8 756
8 759
8 769
8 799
8 803
8 813
8 814
8 830
8 836
8 846
8 847
8 858
8 866
8 867
8 894
8 895
8 897
8 903
8 905
8 911
8 916
8 926
8 932
8 934
8 953
8 979
8 1013
8 1023
8 1027
8 1036
8 1037
8 1049
8 1050
8 1053
8 1083
8 1090
8 1099
8 1102
8 1124
8 1126
8 1128
8 1146
8 1147
8 1168
8 1170
8 1182
8 1192
8 1197
8 1199
8 1233
8 1242
8 1244
8 1259
8 1260
8 1272
8 1277
8 1283
8 1322
8 1349
8 1363
8 1367
8 1369
8 1402
8 1409
8 1414
8 1432
8 1434
8 1439
8 1444
8 1495
8 1514
8 1523
8 1526
8 1544
8 1548
8 1564
8 1579
8 1581
8 1601
8 1614
8 1639
8 1641
8 1652
8 1657
8 1671
8 1681
8 1714
8 1715
8 1735
8 1739
8 1742
8 1749
8 1750
8 1768
8 1774
8 1782
8 1795
8 1796
8 1806
8 1808
8 1812
8 1816
8 1839
8 1851
8 1858
8 1859
8 1870
8 1888
8 1889
8 1890
8 1899
8 1907
8 1914
8 1926
8 1939
8 1945
8 1987
8 1993
8 2012
8 2021
8 2025
8 2039
8 2041
8 2063
8 2070
8 2074
8 2082
8 2083
8 2116
8 2122
8 2125
8 2126
8 2132
8 2135
8 2152
8 2160
8 2161
8 2164
8 2172
8 2186
8 2188
8 2204
8 2207
8 2208
8 2210
8 2227
8 2234
8 2255
8 2269
8 2270
8 2272
8 2282
8 2287
8 2288
8 2290
8 2310
8 2327
8 2332
8 2336
8 2342
8 2347
8 2354
8 2365
8 2404
8 2409
8 2417
8 2428
8 2462
8 2479
8 2487
8 2496
8 2502
8 2507
8 2517
8 2525
8 2531
8 2548
8 2558
8 2564
8 2566
8 2573
8 2604
8 2610
8 2612
8 2614
8 2615
8 2616
8 2659
8 2663
8 2691
8 2697
8 2710
8 2714
8 2715
8 2717
8 2718
8 2723
8 2744
8 2760
8 2763
8 2764
8 2771
8 2779
8 2783
8 2841
8 2849
8 2879
8 2883
8 2909
8 2924
8 2955
8 2972
8 2977
8 2988
8 2993
8 2994
8 3003
8 3010
8 3025
8 3027
8 3039
8 3044
8 3055
8 3063
8 3130
8 3139
8 3140
8 3173
8 3178
8 3195
8 3200
8 3206
8 3207
8 3213
8 3221
8 3236
8 3246
8 3252
8 3254
8 3277
8 3314
8 3322
8 3326
8 3352
8 3354
8 3358
8 3371
8 3393
8 3434
8 3438
8 3445
8 3454
8 3457
8 3470
8 3498
8 3502
8 3504
8 3514
8 3522
8 3527
8 3533
8 3551
8 3558
8 3563
8 3571
8 3582
8 3616
8 3631
8 3633
8 3634
8 3639
8 3648
8 3656
8 3667
8 3677
8 3704
8 3709
8 3717
8 3726
8 3735
8 3736
8 3759
8 3762
8 3764
8 3780
8 3802
8 3825
8 3838
8 3842
8 3852
8 3875
8 3888
8 3889
8 3905
8 3916
8 3931
8 3943
8 3983
8 3989
8 3996
8 4012
8 4018
8 4030
8 4039
8 4046
8 4076
8 4094
8 4129
8 4132
8 4153
8 4156
8 4162
8 4172
8 4192
8 4195
8 4201
8 4211
8 4216
8 4235
8 4238
8 4255
8 4263
8 4269
8 4279
8 4303
8 4308
8 4317
8 4318
8 4332
8 4339
8 4342
8 4350
8 4367
8 4385
8 4387
8 4393
8 4402
8 4418
8 4428
8 4439
8 4444
8 4447
8 4448
8 4469
8 4485
8 4500
8 4535
8 4583
8 4588
8 4595
8 4598
8 4603
8 4612
8 4630
8 4645
8 4668
8 4672
8 4674
8 4675
8 4682
8 4684
8 4697
8 4699
8 4700
8 4706
8 4710
8 4725
8 4726
8 4730
8 4737
8 4755
8 4756
8 4764
8 4775
8 4795
8 4800
8 4825
8 4826
8 4849
8 4876
8 4886
8 4898
8 4917
8 4926
8 4930
8 4951
8 4952
8 4957
8 4961
8 4980
8 4986
8 4996
8 4999
8 5014
8 5017
8 5019
8 5023
8 5033
8 5046
8 5056
8 5059
8 5092
8 5093
8 5096
8 5099
8 5103
8 5112
8 5136
8 5137
8 5138
8 5172
8 5173
8 5191
8 5229
8 5236
8 5247
8 5248
8 5272
8 5276
8 5279
8 5299
8 5309
8 5324
8 5345
8 5346
8 5362
8 5370
8 5394
8 5407
8 5412
8 5428
8 5437
8 5441
8 5442
8 5454
8 5458
8 5474
8 5475
8 5476
8 5482
8 5493
8 5508
8 5530
8 5544
8 5545
8 5546
8 5556
8 5587
8 5608
8 5615
8 5616
8 5627
8 5644
8 5647
8 5648
8 5669
8 5677
8 5678
8 5686
8 5695
8 5700
8 5707
8 5724
8 5731
8 5732
8 5734
8 5738
8 5741
8 5743
8 5751
8 5759
8 5772
8 5787
8 5791
8 5801
8 5807
8 5808
8 5816
8 5821
8 5831
8 5833
8 5844
8 5861
8 5872
8 5883
8 5896
8 5904
8 5907
8 5908
8 5949
8 5951
8 5964
8 5982
8 5985
8 6000
8 6009
8 6012
8 6014
8 6027
8 6028
8 6030
8 6051
8 6052
8 6054
8 6060
8 6066
8 6069
8 6075
8 6079
8 6086
8 6097
8 6098
8 6100
8 6106
8 6120
8 6130
8 6141
8 6157
8 6161
8 6214
8 6237
8 6249
8 6268
8 6273
8 6277
8 6289
8 6300
8 6309
8 6310
8 6314
8 6335
8 6344
8 6356
8 6370
8 6379
8 6384
8 6390
8 6395
8 6396
8 6415
8 6426
8 6451
8 6464
8 6484
8 6501
8 6509
8 6540
8 6554
8 6557
8 6561
8 6586
8 6591
8 6601
8 6603
8 6606
8 6614
8 6628
8 6631
8 6667
8 6672
8 6674
8 6676
8 6698
8 6709
8 6713
8 6729
8 6738
8 6746
8 6757
8 6767
8 6772
8 6785
8 6794
8 6804
8 6819
8 6822
8 6830
8 6832
8 6854
8 6866
8 6877
8 6886
8 6889
8 6898
8 6903
8 6905
8 6969
8 6970
8 6973
8 6979
8 7000
8 7007
8 7017
8 7020
8 7025
8 7048
8 7050
8 7053
8 7075
8 7086
8 7087
8 7096
8 7106
8 7107
8 7118
8 7133
8 7139
8 7165
8 7204
8 7208
8 7214
8 7275
8 7286
8 7303
8 7321
8 7326
8 7327
8 7346
8 7349
8 7351
8 7359
8 7365
8 7402
8 7403
8 7407
8 7410
8 7411
8 7432
8 7451
8 7473
8 7487
8 7503
8 7504
8 7505
8 7506
8 7516
8 7524
8 7531
8 7532
8 7536
8 7545
8 7546
8 7547
8 7548
8 7584
8 7604
8 7612
8 7643
8 7646
8 7660
8 7666
8 7687
8 7690
8 7691
8 7692
8 7712
8 7732
8 7738
8 7745
8 7746
8 7766
8 7782
8 7790
8 7797
8 7831
8 7834
8 7842
8 7846
8 7850
8 7863
8 7883
8 7900
8 7906
8 7945
8 7963
8 7982
8 7986
8 7988
8 7995
8 8015
8 8019
8 8020
8 8025
8 8053
8 8073
8 8086
8 8107
8 8119
8 8121
8 8122
8 8124
8 8128
8 8137
8 8142
8 8151
8 8159
8 8164
8 8167
8 8174
8 8185
8 8186
8 8191
8 8195
8 8198
8 8207
8 8260
8 8268
8 8270
8 8281
8 8285
8 8293
8 8294
8 8299
8 8304
8 8334
8 8354
8 8357
8 8362
8 8425
8 8430
8 8431
8 8445
8 8446
8 8479
8 8484
8 8490
8 8512
8 8517
8 8544
8 8549
8 8560
8 8573
8 8584
8 8599
8 8619
8 8621
8 8639
8 8661
8 8665
8 8677
8 8678
8 8711
8 8717
8 8718
8 8729
8 8759
8 8763
8 8784
8 8802
8 8808
8 8811
8 8817
8 8823
8 8826
8 8836
8 8868
8 8908
8 8915
8 8930
8 8958
8 8965
8 9034
8 9039
8 9041
8 9045
8 9049
8 9079
8 9081
8 9083
8 9121
8 9122
8 9132
8 9143
8 9152
8 9154
8 9168
8 9173
8 9201
8 9224
8 9243
8 9245
8 9252
8 9271
8 9279
8 9284
8 9296
8 9301
8 9341
8 9348
8 9350
8 9355
8 9358
8 9372
8 9378
8 9379
8 9396
8 9403
8 9405
8 9417
8 9421
8 9427
8 9436
8 9438
8 9449
8 9455
8 9467
8 9476
8 9485
8 9487
8 9494
8 9497
8 9513
8 9528
8 9535
8 9537
8 9543
8 9545
8 9565
8 9571
8 9593
8 9595
8 9599
8 9603
8 9618
8 9621
8 9622
8 9631
8 9641
8 9650
8 9653
8 9665
8 9675
8 9676
8 9687
8 9707
8 9717
8 9726
8 9744
8 9747
8 9753
8 9755
8 9773
8 9790
8 9797
8 9811
8 9812
8 9826
8 9829
8 9840
8 9842
8 9866
8 9870
8 9872
8 9879
8 9899
8 9900
8 9911
8 9924
8 9926
8 9927
8 9938
8 9941
8 9943
8 9944
8 9966
8 9967
8 9985
8 9990
8 9991
9 17
9 29
9 42
9 51
9 54
9 63
9 66
9 83
9 106
9 108
9 111
9 119
9 144
9 154
9 158
9 185
9 186
9 192
9 194
9 213
9 225
9 228
9 241
9 251
9 265
9 284
9 331
9 343
9 363
9 371
9 373
9 375
9 379
9 380
9 390
9 391
9 409
9 426
9 433
9 435
9 444
9 471
9 472
9 480
9 489
9 491
9 495
9 501
9 504
9 512
9 515
9 517
9 522
9 527
9 535
9 546
9 552
9 577
9 578
9 587
9 589
9 594
9 598
9 601
9 606
9 609
9 613
9 621
9 628
9 642
9 649
9 697
9 700
9 722
9 725
9 729
9 749
9 771
9 780
9 796
9 838
9 839
9 840
9 853
9 879
9 899
9 919
9 931
9 942
9 943
9 946
9 949
9 957
9 968
9 973
9 974
9 981
9 988
9 992
9 1003
9 1008
9 1031
9 1032
9 1056
9 1061
9 1065
9 1071
9 1082
9 1084
9 1091
9 1097
9 1110
9 1125
9 1141
9 1150
9 1185
9 1196
9 1208
9 1221
9 1222
9 1243
9 1252
9 1254
9 1255
9 1265
9 1268
9 1274
9 1275
9 1292
9 1294
9 1296
9 1298
9 1312
9 1314
9 1317
9 1318
9 1327
9 1330
9 1336
9 1339
9 1342
9 1344
9 1377
9 1378
9 1395
9 1398
9 1410
9 1421
9 1428
9 1433
9 1436
9 1437
9 1446
9 1453
9 1459
9 1461
9 1465
9 1469
9 1474
9 1483
9 1489
9 1492
9 1503
9 1513
9 1519
9 1527
9 1549
9 1550
9 1556
9 1560
9 1578
9 1584
9 1585
9 1604
9 1622
9 1638
9 1660
9 1670
9 1678
9 1679
9 1680
9 1682
9 1693
9 1695
9 1725
9 1736
9 1740
9 1744
9 1754
9 1767
9 1789
9 1797
9 1815
9 1827
9 1835
9 1840
9 1867
9 1871
9 1880
9 1903
9 1906
9 1912
9 1915
9 1927
9 1928
9 1977
9 1981
9 1984
9 1990
9 2005
9 2019
9 2043
9 2050
9 2072
9 2101
9 2108
9 2131
9 2137
9 2151
9 2156
9 2182
9 2209
9 2221
9 2235
9 2237
9 2239
9 2241
9 2245
9 2273
9 2293
9 2305
9 2312
9 2319
9 2338
9 2339
9 2353
9 2367
9 2374
9 2381
9 2388
9 2396
9 2405
9 2414
9 2423
9 2435
9 2436
9 2437
9 2446
9 2463
9 2470
9 2472
9 2483
9 2485
9 2494
9 2503
9 2509
9 2538
9 2544
9 2549
9 2551
9 2553
9 2563
9 2574
9 2608
9 2672
9 2673
9 2678
9 2689
9 2724
9 2731
9 2733
9 2746
9 2758
9 2798
9 2821
9 2823
9 2828
9 2837
9 2856
9 2863
9 2866
9 2873
9 2882
9 2907
9 2941
9 2946
9 2967
9 2970
9 2976
9 2982
9 3008
9 3009
9 3023
9 3034
9 3040
9 3083
9 3091
9 3116
9 3119
9 3120
9 3136
9 3143
9 3148
9 3159
9 3162
9 3176
9 3181
9 3182
9 3201
9 3205
9 3210
9 3217
9 3229
9 3233
9 3253
9 3257
9 3263
9 3279
9 3281
9 3301
9 3317
9 3345
9 3355
9 3362
9 3364
9 3376
9 3385
9 3397
9 3399
9 3402
9 3403
9 3404
9 3406
9 3409
9 3416
9 3425
9 3442
9 3451
9 3486
9 3493
9 3495
9 3525
9 3526
9 3549
9 3555
9 3560
9 3565
9 3568
9 3575
9 3592
9 3601
9 3602
9 3609
9 3610
9 3612
9 3621
9 3626
9 3636
9 3643
9 3647
9 3650
9 3669
9 3676
9 3679
9 3683
9 3692
9 3710
9 3741
9 3745
9 3758
9 3798
9 3833
9 3837
9 3846
9 3849
9 3853
9 3864
9 3865
9 3874
9 3877
9 3880
9 3911
9 3912
9 3914
9 3922
9 3969
9 3998
9 4005
9 4017
9 4035
9 4040
9 4058
9 4059
9 4069
9 4077
9 4084
9 4085
9 4089
9 4096
9 4108
9 4113
9 4124
9 4134
9 4135
9 4138
9 4154
9 4160
9 4164
9 4178
9 4179
9 4185
9 4222
9 4232
9 4233
9 4241
9 4243
9 4244
9 4246
9 4254
9 4257
9 4271
9 4280
9 4305
9 4316
9 4320
9 4324
9 4329
9 4330
9 4344
9 4348
9 4377
9 4380
9 4388
9 4392
9 4408
9 4414
9 4416
9 4433
9 4436
9 4437
9 4440
9 4443
9 4453
9 4471
9 4482
9 4491
9 4502
9 4524
9 4526
9 4534
9 4544
9 4547
9 4552
9 4559
9 4574
9 4577
9 4582
9 4599
9 4604
9 4609
9 4629
9 4633
9 4642
9 4651
9 4677
9 4691
9 4698
9 4728
9 4734
9 4747
9 4748
9 4751
9 4752
9 4759
9 4761
9 4762
9 4769
9 4770
9 4773
9 4776
9 4777
9 4786
9 4789
9 4790
9 4803
9 4815
9 4837
9 4840
9 4843
9 4852
9 4865
9 4877
9 4890
9 4891
9 4892
9 4921
9 4936
9 4968
9 4987
9 5006
9 5007
9 5008
9 5011
9 5041
9 5048
9 5052
9 5064
9 5075
9 5101
9 5110
9 5119
9 5122
9 5123
9 5162
9 5178
9 5207
9 5212
9 5214
9 5217
9 5227
9 5234
9 5239
9 5245
9 5246
9 5256
9 5259
9 5269
9 5273
9 5291
9 5293
9 5308
9 5312
9 5319
9 5351
9 5353
9 5355
9 5357
9 5383
9 5388
9 5398
9 5415
9 5416
9 5433
9 5464
9 5473
9 5483
9 5522
9 5527
9 5533
9 5536
9 5548
9 5551
9 5592
9 5600
9 5604
9 5606
9 5617
9 5641
9 5657
9 5661
9 5679
9 5682
9 5689
9 5716
9 5722
9 5723
9 5736
9 5755
9 5758
9 5764
9 5765
9 5768
9 5794
9 5796
9 5799
9 5817
9 5822
9 5828
9 5830
9 5843
9 5852
9 5862
9 5863
9 5875
9 5888
9 5898
9 5900
9 5932
9 5937
9 5943
9 5953
9 5958
9 5981
9 5995
9 6005
9 6019
9 6023
9 6033
9 6037
9 6050
9 6053
9 6067
9 6107
9 6119
9 6133
9 6137
9 6153
9 6155
9 6185
9 6204
9 6209
9 6217
9 6219
9 6227
9 6232
9 6254
9 6263
9 6288
9 6292
9 6315
9 6316
9 6319
9 6326
9 6338
9 6374
9 6413
9 6418
9 6423
9 6424
9 6427
9 6436
9 6437
9 6446
9 6452
9 6475
9 6490
9 6512
9 6517
9 6541
9 6565
9 6569
9 6593
9 6596
9 6597
9 6599
9 6602
9 6618
9 6623
9 6638
9 6645
9 6658
9 6679
9 6703
9 6704
9 6705
9 6716
9 6739
9 6741
9 6792
9 6805
9 6809
9 6812
9 6833
9 6862
9 6863
9 6872
9 6901
9 6906
9 6913
9 6926
9 6953
9 6956
9 6958
9 6989
9 7021
9 7033
9 7037
9 7039
9 7047
9 7088
9 7109
9 7114
9 7116
9 7135
9 7138
9 7147
9 7153
9 7168
9 7172
9 7178
9 7182
9 7187
9 7212
9 7235
9 7239
9 7242
9 7246
9 7257
9 7258
9 7269
9 7273
9 7278
9 7281
9 7284
9 7285
9 7302
9 7320
9 7388
9 7391
9 7415
9 7424
9 7435
9 7441
9 7452
9 7486
9 7512
9 7521
9 7526
9 7529
9 7537
9 7542
9 7562
9 7567
9 7575
9 7579
9 7583
9 7586
9 7596
9 7600
9 7609
9 7611
9 7614
9 7625
9 7627
9 7670
9 7677
9 7727
9 7733
9 7748
9 7753
9 7756
9 7757
9 7778
9 7794
9 7795
9 7817
9 7825
9 7830
9 7832
9 7838
9 7841
9 7879
9 7886
9 7897
9 7902
9 7904
9 7918
9 7933
9 7949
9 7953
9 7957
9 7959
9 7964
9 7990
9 8016
9 8026
9 8057
9 8088
9 8090
9 8114
9 8118
9 8129
9 8131
9 8134
9 8144
9 8153
9 8155
9 8168
9 8171
9 8173
9 8200
9 8202
9 8206
9 8219
9 8223
9 8249
9 8253
9 8254
9 8278
9 8284
9 8297
9 8312
9 8316
9 8331
9 8340
9 8347
9 8348
9 8351
9 8355
9 8371
9 8388
9 8392
9 8398
9 8399
9 8410
9 8411
9 8414
9 8423
9 8427
9 8456
9 8463
9 8464
9 8465
9 8474
9 8481
9 8487
9 8495
9 8501
9 8504
9 8507
9 8508
9 8510
9 8551
9 8557
9 8559
9 8572
9 8577
9 8579
9 8594
9 8611
9 8615
9 8616
9 8618
9 8620
9 8638
9 8644
9 8663
9 8687
9 8698
9 8709
9 8734
9 8744
9 8754
9 8758
9 8794
9 8812
9 8815
9 8843
9 8844
9 8846
9 8856
9 8870
9 8873
9 8878
9 8882
9 8902
9 8916
9 8921
9 8939
9 8969
9 8970
9 9012
9 9018
9 9042
9 9043
9 9046
9 9050
9 9051
9 9067
9 9073
9 9076
9 9100
9 9111
9 9117
9 9142
9 9148
9 9167
9 9178
9 9187
9 9199
9 9217
9 9222
9 9232
9 9237
9 9247
9 9265
9 9269
9 9276
9 9292
9 9293
9 9302
9 9309
9 9310
9 9314
9 9317
9 9322
9 9324
9 9327
9 9357
9 9368
9 9382
9 9384
9 9404
9 9407
9 9414
9 9419
9 9429
9 9437
9 9479
9 9481
9 9482
9 9493
9 9503
9 9504
9 9519
9 9547
9 9562
9 9564
9 9582
9 9596
9 9604
9 9638
9 9664
9 9693
9 9699
9 9709
9 9712
9 9721
9 9730
9 9734
9 9736
9 9742
9 9757
9 9760
9 9793
9 9796
9 9800
9 9838
9 9853
9 9859
9 9875
9 9876
9 9880
9 9889
9 9897
9 9908
9 9914
9 9916
9 9922
9 9937
9 9950
9 9954
9 9959
9 9963
9 9972
9 9974
9 9984
9 9995
9 9996
10 11
10 32
10 33
10 38
10 47
10 59
10 76
10 85
10 91
10 95
10 131
10 139
10 140
10 149
10 152
10 182
10 211
10 224
10 234
10 255
10 259
10 276
10 290
10 291
10 302
10 310
10 326
10 336
10 340
10 384
10 388
10 406
10 410
10 420
10 441
10 448
10 475
10 482
10 487
10 488
10 499
10 533
10 554
10 566
10 568
10 574
10 585
10 631
10 636
10 645
10 658
10 669
10 676
10 683
10 710
10 742
10 743
10 753
10 793
10 817
10 837
10 841
10 848
10 859
10 861
10 868
10 909
10 928
10 936
10 954
10 964
10 969
10 984
10 985
10 993
10 1009
10 1033
10 1042
10 1043
10 1046
10 1064
10 1066
10 1069
10 1070
10 1073
10 1075
10 1079
10 1087
10 1092
10 1101
10 1108
10 1113
10 1145
10 1148
10 1173
10 1191
10 1225
10 1227
10 1238
10 1273
10 1300
10 1308
10 1334
10 1341
10 1372
10 1375
10 1381
10 1384
10 1388
10 1406
10 1411
10 1435
10 1441
10 1472
10 1473
10 1477
10 1478
10 1502
10 1506
10 1507
10 1517
10 1518
10 1528
10 1535
10 1561
10 1569
10 1572
10 1580
10 1582
10 1593
10 1594
10 1607
10 1629
10 1658
10 1665
10 1677
10 1687
10 1692
10 1698
10 1705
10 1712
10 1727
10 1730
10 1737
10 1746
10 1772
10 1773
10 1779
10 1780
10 1784
10 1786
10 1788
10 1799
10 1803
10 1809
10 1825
10 1846
10 1852
10 1853
10 1856
10 1863
10 1874
10 1896
10 1897
10 1923
10 1930
10 1932
10 1944
10 1957
10 1962
10 1964
10 1978
10 1985
10 1996
10 2008
10 2009
10 2016
10 2030
10 2034
10 2037
10 2038
10 2051
10 2053
10 2065
10 2068
10 2071
10 2076
10 2078
10 2079
10 2085
10 2104
10 2105
10 2111
10 2119
10 2124
10 2130
10 2133
10 2139
10 2145
10 2150
10 2162
10 2202
10 2205
10 2217
10 2229
10 2246
10 2254
10 2258
10 2271
10 2276
10 2277
10 2284
10 2292
10 2303
10 2311
10 2313
10 2314
10 2316
10 2323
10 2328
10 2337
10 2341
10 2343
10 2355
10 2356
10 2364
10 2370
10 2376
10 2380
10 2389
10 2393
10 2394
10 2397
10 2408
10 2425
10 2431
10 2432
10 2440
10 2452
10 2464
10 2465
10 2466
10 2471
10 2478
10 2481
10 2534
10 2576
10 2585
10 2611
10 2620
10 2622
10 2637
10 2644
10 2649
10 2660
10 2665
10 2667
10 2675
10 2693
10 2704
10 2719
10 2736
10 2753
10 2769
10 2786
10 2794
10 2796
10 2807
10 2814
10 2838
10 2852
10 2858
10 2861
10 2875
10 2878
10 2895
10 2896
10 2898
10 2913
10 2917
10 2920
10 2931
10 2933
10 2958
10 2983
10 2992
10 2999
10 3013
10 3021
10 3047
10 3060
10 3064
10 3069
10 3070
10 3092
10 3101
10 3104
10 3106
10 3107
10 3113
10 3124
10 3127
10 3128
10 3132
10 3146
10 3151
10 3155
10 3156
10 3160
10 3164
10 3167
10 3174
10 3202
10 3204
10 3219
10 3220
10 3226
10 3230
10 3234
10 3235
10 3262
10 3275
10 3276
10 3290
10 3291
10 3296
10 3313
10 3321
10 3338
10 3341
10 3342
10 3361
10 3368
10 3372
10 3375
10 3378
10 3405
10 3413
10 3417
10 3420
10 3429
10 3444
10 3453
10 3481
10 3487
10 3489
10 3491
10 3501
10 3509
10 3517
10 3520
10 3531
10 3537
10 3546
10 3548
10 3574
10 3578
10 3579
10 3594
10 3598
10 3600
10 3605
10 3611
10 3618
10 3623
10 3625
10 3632
10 3654
10 3657
10 3670
10 3680
10 3694
10 3713
10 3724
10 3751
10 3761
10 3763
10 3766
10 3771
10 3773
10 3776
10 3792
10 3793
10 3799
10 3828
10 3832
10 3841
10 3843
10 3858
10 3879
10 3897
10 3899
10 3902
10 3903
10 3926
10 3954
10 3959
10 3961
10 3962
10 3970
10 3977
10 3991
10 4000
10 4031
10 4034
10 4044
10 4061
10 4064
10 4065
10 4071
10 4086
10 4091
10 4098
10 4105
10 4107
10 4120
10 4137
10 4139
10 4147
10 4151
10 4159
10 4163
10 4168
10 4186
10 4198
10 4219
10 4225
10 4251
10 4275
10 4281
10 4286
10 4326
10 4333
10 4347
10 4356
10 4362
10 4365
10 4368
10 4371
10 4381
10 4394
10 4396
10 4398
10 4399
10 4405
10 4429
10 4431
10 4434
10 4450
10 4454
10 4457
10 4477
10 4478
10 4486
10 4504
10 4508
10 4514
10 4517
10 4532
10 4548
10 4550
10 4557
10 4561
10 4579
10 4584
10 4590
10 4594
10 4596
10 4597
10 4606
10 4614
10 4623
10 4644
10 4650
10 4652
10 4656
10 4657
10 4662
10 4670
10 4690
10 4692
10 4707
10 4720
10 4727
10 4729
10 4732
10 4741
10 4753
10 4778
10 4781
10 4797
10 4820
10 4827
10 4830
10 4839
10 4856
10 4857
10 4870
10 4873
10 4875
10 4899
10 4904
10 4915
10 4916
10 4920
10 4923
10 4935
10 4945
10 4947
10 4972
10 4976
10 4979
10 4990
10 5029
10 5045
10 5053
10 5076
10 5080
10 5083
10 5106
10 5121
10 5129
10 5134
10 5135
10 5141
10 5149
10 5152
10 5153
10 5157
10 5185
10 5193
10 5194
10 5201
10 5203
10 5205
10 5211
10 5223
10 5225
10 5264
10 5265
10 5297
10 5298
10 5306
10 5315
10 5317
10 5329
10 5335
10 5339
10 5374
10 5378
10 5379
10 5385
10 5387
10 5423
10 5424
10 5426
10 5427
10 5430
10 5432
10 5436
10 5444
10 5459
10 5489
10 5492
10 5494
10 5499
10 5519
10 5529
10 5537
10 5539
10 5542
10 5547
10 5557
10 5558
10 5561
10 5571
10 5576
10 5599
10 5612
10 5614
10 5624
10 5634
10 5652
10 5663
10 5683
10 5710
10 5725
10 5727
10 5735
10 5766
10 5767
10 5769
10 5781
10 5792
10 5795
10 5804
10 5824
10 5832
10 5835
10 5838
10 5839
10 5840
10 5867
10 5884
10 5893
10 5906
10 5915
10 5916
10 5920
10 5921
10 5922
10 5924
10 5936
10 5950
10 5959
10 5966
10 5967
10 5972
10 5977
10 5980
10 5998
10 6006
10 6031
10 6035
10 6039
10 6048
10 6055
10 6062
10 6083
10 6101
10 6110
10 6118
10 6168
10 6170
10 6171
10 6182
10 6189
10 6215
10 6220
10 6223
10 6229
10 6240
10 6250
10 6259
10 6264
10 6274
10 6278
10 6287
10 6294
10 6312
10 6313
10 6318
10 6322
10 6324
10 6325
10 6327
10 6341
10 6347
10 6367
10 6385
10 6387
10 6403
10 6412
10 6414
10 6433
10 6444
10 6447
10 6450
10 6458
10 6460
10 6476
10 6479
10 6480
10 6481
10 6493
10 6503
10 6504
10 6507
10 6520
10 6525
10 6526
10 6532
10 6533
10 6546
10 6559
10 6574
10 6588
10 6595
10 6607
10 6608
10 6617
10 6624
10 6632
10 6639
10 6640
10 6646
10 6648
10 6666
10 6678
10 6680
10 6689
10 6691
10 6694
10 6715
10 6720
10 6726
10 6733
10 6745
10 6775
10 6787
10 6795
10 6800
10 6803
10 6827
10 6828
10 6829
10 6831
10 6836
10 6839
10 6844
10 6853
10 6869
10 6878
10 6882
10 6888
10 6894
10 6915
10 6917
10 6925
10 6935
10 6945
10 6954
10 6985
10 6999
10 7012
10 7013
10 7014
10 7019
10 7023
10 7044
10 7046
10 7056
10 7060
10 7061
10 7068
10 7083
10 7090
10 7092
10 7099
10 7102
10 7104
10 7113
10 7119
10 7120
10 7148
10 7157
10 7162
10 7163
10 7166
10 7195
10 7197
10 7206
10 7217
10 7223
10 7224
10 7243
10 7254
10 7266
10 7268
10 7290
10 7312
10 7347
10 7350
10 7369
10 7372
10 7378
10 7380
10 7386
10 7396
10 7401
10 7412
10 7425
10 7426
10 7434
10 7438
10 7440
10 7464
10 7475
10 7480
10 7490
10 7510
10 7530
10 7585
10 7603
10 7615
10 7617
10 7622
10 7628
10 7630
10 7650
10 7661
10 7667
10 7688
10 7702
10 7706
10 7707
10 7724
10 7731
10 7735
10 7736
10 7744
10 7749
10 7750
10 7752
10 7760
10 7806
10 7808
10 7810
10 7816
10 7852
10 7854
10 7864
10 7869
10 7881
10 7893
10 7903
10 7911
10 7915
10 7922
10 7927
10 7935
10 7937
10 7971
10 8004
10 8006
10 8013
10 8027
10 8054
10 8059
10 8081
10 8083
10 8087
10 8096
10 8097
10 8110
10 8126
10 8143
10 8162
10 8176
10 8183
10 8190
10 8193
10 8218
10 8222
10 8229
10 8230
10 8258
10 8267
10 8277
10 8295
10 8296
10 8308
10 8314
10 8320
10 8324
10 8329
10 8338
10 8346
10 8352
10 8361
10 8372
10 8373
10 8415
10 8428
10 8432
10 8468
10 8480
10 8491
10 8492
10 8499
10 8524
10 8526
10 8532
10 8538
10 8547
10 8558
10 8562
10 8575
10 8588
10 8593
10 8598
10 8604
10 8609
10 8610
10 8632
10 8648
10 8671
10 8683
10 8699
10 8702
10 8703
10 8706
10 8728
10 8742
10 8748
10 8752
10 8771
10 8773
10 8780
10 8801
10 8830
10 8886
10 8887
10 8893
10 8895
10 8918
10 8922
10 8936
10 8938
10 8940
10 8944
10 8945
10 8952
10 8953
10 8959
10 8975
10 8981
10 8990
10 9006
10 9007
10 9017
10 9025
10 9044
10 9048
10 9055
10 9060
10 9084
10 9091
10 9095
10 9115
10 9124
10 9136
10 9139
10 9153
10 9157
10 9165
10 9195
10 9205
10 9211
10 9215
10 9248
10 9250
10 9261
10 9264
10 9266
10 9283
10 9287
10 9306
10 9333
10 9336
10 9359
10 9364
10 9366
10 9371
10 9387
10 9394
10 9397
10 9418
10 9420
10 9422
10 9430
10 9440
10 9452
10 9462
10 9471
10 9490
10 9491
10 9492
10 9501
10 9530
10 9532
10 9552
10 9554
10 9560
10 9584
10 9585
10 9586
10 9601
10 9611
10 9619
10 9640
10 9655
10 9659
10 9663
10 9668
10 9672
10 9691
10 9694
10 9716
10 9718
10 9723
10 9724
10 9725
10 9732
10 9738
10 9740
10 9746
10 9752
10 9762
10 9763
10 9765
10 9772
10 9775
10 9783
10 9784
10 9795
10 9810
10 9816
10 9837
10 9844
10 9856
10 9885
10 9890
10 9896
10 9917
10 9928
10 9936
10 9942
10 9952
10 9955
10 9962
10 9964
10 9965
10 9975
10 9977
10 9986
2 6408 8009
2 785 2293
2 2116 7151
2 290 7501
2 2439 3448
2 8455 9987
2 578 2930
2 6063 6596
2 2882 7908
2 9175 9471
2 4717 9283
2 1583 7687
2 1063 4181
2 1808 3951
2 204 2984
2 991 9555
2 1524 7697
2 184 8402
2 1123 1622
2 935 4922
2 3255 4042
2 1217 8163
2 4153 6476
2 1082 8252
2 3531 6609
2 5618 6726
2 543 1498
2 4574 7590
2 1385 6850
2 1357 6158
2 447 8227
2 2428 2936
2 638 5332
2 5629 6116
2 2847 3067
2 3525 5691
2 1544 8362
2 3517 5338
2 2837 9521
2 2560 8542
2 980 3120
2 924 9885
2 1650 6790
2 5848 8691
2 766 5364
2 1146 3554
2 5279 9741
2 2087 5343
2 297 8996
2 6922 9816
2 3015 3430
2 521 8941
2 8052 8307
2 2284 8768
2 8681 9734
2 18 3230
2 1268 5525
2 3226 6583
2 5354 8250
2 810 7323
2 3852 8575
2 158 2427
2 1849 7761
2 1714 3790
2 3991 5177
2 2985 5565
2 4493 9661
2 488 5521
2 6825 7233
2 4039 5648
2 9342 9498
2 5776 6855
2 3506 8030
2 6776 9663
2 4317 8939
2 1713 4374
2 2966 5191
2 902 4292
2 5468 8345
2 7415 9681
2 1200 9139
2 5266 5299
2 3960 6273
2 2839 7931
2 6036 6812
2 2550 6079
2 4254 9436
2 1842 1958
2 2160 9795
2 319 3029
2 1853 2556
2 8191 8237
2 4383 5137
2 1322 4623
2 6617 9050
2 986 7967
2 7731 8473
2 3484 7115
2 2330 9448
2 3546 9742
2 6163 7538
2 5885 6958
2 3689 8834
2 217 1637
2 860 4989
2 8558 8993
2 7102 9490
2 5049 6290
2 285 735
2 7373 9568
2 2120 6789
2 5007 8107
2 2467 5393
2 3187 5008
2 3942 8616
2 3167 3605
2 174 7793
2 1964 2085
2 612 6721
2 6418 8158
2 2335 6282
2 4385 6193
2 3765 3840
2 5816 9010
2 5030 5044
2 2826 9250
2 2964 7817
2 6757 9357
2 6414 8486
2 1505 6961
2 1374 5813
2 3810 7260
2 5866 8797
2 3326 5282
2 1394 2237
2 3279 7078
2 642 3404
2 40 1531
2 7579 9510
2 2511 9093
2 281 8472
2 2372 9005
2 334 425
2 2368 8698
2 4031 6516
2 5128 8419
2 6391 9748
2 3227 9795
2 6290 7713
2 2418 8622
2 3161 6152
2 356 7889
2 5701 7304
2 2257 8523
2 2597 5686
2 187 3476
2 5629 8924
2 2487 3132
2 6381 9818
2 3046 7124
2 5367 9410
2 1979 7805
2 1662 6960
2 4958 8541
2 3181 8479
2 7000 7249
2 5258 5610
2 5294 9292
2 2890 8949
2 4709 6573
2 6662 9173
2 2991 5637
2 6215 7363
2 2347 5246
2 3770 6872
2 1252 1557
2 3099 6099
2 7091 8140
2 1012 6221
2 7293 7489
2 748 8399
2 4705 7153
2 1428 6875
2 214 1571
2 2224 6830
2 5938 7181
2 3887 8731
2 4581 8774
2 650 1154
2 4365 8350
2 2858 3608
2 5685 8394
2 7174 8020
2 4218 6782
2 4248 7191
2 2863 7983
2 5164 6235
2 4664 5164
2 207 2618
2 1377 4188
2 2233 9317
2 511 4204
2 3883 9780
2 753 1258
2 3978 5853
2 793 3722
2 6754 8860
2 7915 8283
2 231 2783
2 1282 2586
2 4320 5792
2 3806 6071
2 6560 7576
2 6045 6154
2 235 2065
2 1994 8691
2 1611 2032
2 4727 9143
2 872 8921
2 3334 5815
2 107 3721
2 4709 6642
2 25 4501
2 2203 3546
2 1895 4114
2 3408 7556
2 1280 5131
2 448 5593
2 567 7727
2 6153 8889
2 1420 8979
2 2992 9328
2 2 8440
2 2062 2225
2 3719 6675
2 1070 9275
2 7393 8793
2 8410 9349
2 4612 6326
2 2781 3861
2 5048 7939
2 2631 4846
2 2941 7035
2 2664 3531
2 3870 7788
2 4883 7771
2 3856 7914
2 2980 5771
2 2991 7142
2 1534 5673
2 6774 8027
2 4897 9974
2 4689 8753
2 3142 4142
2 5738 6432
2 6438 6818
2 4118 7950
2 5903 5962
2 1046 6890
2 953 1249
2 7359 8316
2 1379 2720
2 1028 1633
2 4632 5065
2 359 6507
2 956 5730
2 3961 6293
2 7522 8413
2 709 5085
2 7780 8507
2 2210 9301
2 4179 9003
2 1919 5325
2 728 6176
2 2660 3956
2 167 5312
2 1359 9873
2 406 6739
2 771 5846
2 3790 4881
2 6794 6801
2 5954 6602
2 5237 5941
2 434 7237
2 2697 3642
2 268 9657
2 7198 9834
2 4046 7741
2 242 2681
2 5675 7967
2 1090 7594
2 289 3345
2 3730 5073
2 86 7057
2 3684 6537
2 1331 1406
2 9430 9745
2 2481 7639
2 313 5395
2 3430 7908
2 236 8273
2 4083 9757
2 3230 9990
2 1443 5892
2 743 6531
2 783 6775
2 5612 8886
2 739 3743
2 5631 9212
2 2428 4649
2 5096 6113
2 1805 6370
2 1090 5964
2 2311 9427
2 2773 2918
2 3539 5659
2 856 8722
2 8262 8931
2 1633 4101
2 363 5793
2 2201 2422
2 897 6724
2 4014 5700
2 305 9407
2 527 2850
2 4155 4627
2 6066 8675
2 5342 9154
2 3366 9571
2 4348 9983
2 175 9043
2 2085 5655
2 9424 9982
2 1157 6337
2 4098 6753
2 4169 5015
2 5375 7765
2 140 8355
2 5283 8433
2 5493 6783
2 6405 9190
2 1654 8255
2 3376 5146
2 1686 3495
2 3704 9495
2 2545 7299
2 765 2200
2 5744 8124
2 4553 4619
2 1668 6203
2 874 6362
2 1552 7132
2 563 3454
2 3951 7101
2 5537 9440
2 357 4704
2 4614 6638
2 9502 9880
2 1934 3072
2 901 9513
2 1429 4642
2 6949 8069
2 1495 8297
2 399 3798
2 2232 8508
2 4984 6678
2 6801 9937
2 2761 6158
2 3672 7924
2 316 2071
2 1255 8824
2 3267 5562
2 3060 9340
2 2908 9324
2 4202 7441
2 8704 9723
2 2707 7784
2 3788 7772
2 3387 8414
2 540 8548
2 2437 5199
2 4708 9060
2 1258 8378
2 1674 9104
2 5831 8232
2 270 6702
2 6215 9808
2 5058 5551
2 4837 5045
2 1532 9495
2 4264 9472
2 4155 4687
2 2645 6957
2 2891 6361
2 209 9126
2 2102 5791
2 147 3146
2 3869 9259
2 1304 4538
2 1926 4648
2 4208 8977
2 410 7719
2 1756 8903
2 3895 6533
2 622 6124
2 7154 8603
2 2887 7735
2 8186 9964
2 111 4774
2 2821 7458
2 5215 5653
2 580 5783
2 665 4560
2 223 1718
2 7589 8624
2 4360 9152
2 3812 8102
2 2595 4389
2 3480 7631
2 3494 8510
2 5453 8009
2 3875 6686
2 1970 8032
2 2320 4037
2 5302 8437
2 5851 9710
2 1517 8490
2 1574 3573
2 1651 2233
2 2099 5666
2 1950 9749
2 1701 8221
2 2956 3621
2 301 6045
2 7552 8078
2 1171 7087
2 9548 9724
2 3378 6083
2 410 8022
2 2405 7019
2 1280 7483
2 550 3754
2 6075 8014
2 5931 7346
2 6107 7719
2 1130 2201
2 1978 9436
2 6386 7410
2 6681 8360
2 9645 9714
2 6275 6333
2 1874 9740
2 6749 9257
2 3251 7711
2 2967 4023
2 387 7901
2 5236 7962
2 4282 5758
2 6092 9205
2 963 4358
2 5529 5640
2 3707 4554
2 2012 4072
2 401 3813
2 4866 6349
2 1494 5096
2 996 7423
2 7574 9897
2 2677 9270
2 1989 2507
2 779 1640
2 5039 9563
2 1880 8886
2 280 7565
2 6522 7916
2 3258 4043
2 7257 7303
2 3255 7150
2 4270 5210
2 672 6991
2 2080 7238
2 9324 9652
2 3304 6441
2 2410 5348
2 2407 7382
2 5433 8142
2 8155 9775
2 740 5044
2 1780 6236
2 4710 9963
2 8012 8294
2 880 3644
2 1040 2105
2 1605 2883
2 4918 8289
2 5264 5752
2 1219 3127
2 2793 3571
2 898 2047
2 4131 4336
2 700 9478
2 1087 4558
2 3019 8189
2 934 8540
2 2987 9043
2 3688 9885
2 6805 8055
2 7252 9713
2 319 9588
2 996 4788
2 950 2308
2 4232 5857
2 2236 3851
2 1600 5724
2 3509 4279
2 4349 8712
2 6008 8766
2 6609 8268
2 1214 6425
2 3735 8152
2 9786 9893
2 2145 7782
2 95 2733
2 8860 8907
2 7258 8412
2 8576 9006
2 2089 8912
2 5278 8074
2 276 685
2 3088 6182
2 6203 7566
2 1916 4993
2 7744 8063
2 91 5203
2 757 1737
2 6944 9592
2 908 6863
2 1594 4725
2 1348 5191
2 2463 7660
2 2513 3258
2 2947 4236
2 5780 7049
2 3909 8012
2 4876 6312
2 2026 9465
2 2478 9248
2 1029 7374
2 8467 8594
2 447 3688
2 6479 7381
2 389 9969
2 213 1717
2 2041 7245
2 1892 7868
2 1089 7928
2 2220 3277
2 8425 9181
2 808 997
2 4833 7960
2 3658 7180
2 2220 2750
2 954 1565
2 3141 7273
2 3661 7443
2 689 5823
2 7295 8069
2 2430 6016
2 3625 5435
2 5732 8144
2 2361 7577
2 4819 5717
2 1112 4383
2 4374 7075
2 3865 5864
2 3100 7420
2 8013 8481
2 1469 6344
2 6614 7076
2 902 9298
2 5414 8307
2 3581 4822
2 5509 8702
2 1693 3693
2 7292 9621
2 6062 7682
2 1329 4955
2 4207 9954
2 6705 7486
2 5062 6219
2 7857 8625
2 6421 9923
2 5568 7367
2 2238 9691
2 345 7574
2 1982 2120
2 1784 8094
2 3157 3185
2 203 5182
2 224 6594
2 6439 7026
2 776 8971
2 7517 9077
2 7609 8658
2 973 3659
2 3476 4257
2 2339 9587
2 7302 9512
2 1659 3627
2 4693 7115
2 1185 6269
2 357 7646
2 4912 9153
2 5931 7895
2 807 1307
2 8625 9101
2 3494 4368
2 6643 7809
2 8684 9012
2 2324 8876
2 2465 7770
2 2572 6131
2 3140 8994
2 628 9264
2 2685 9880
2 1949 5302
2 48 3104
2 1638 2815
2 767 4354
2 1963 7732
2 4695 9531
2 2006 9904
2 281 1956
2 2654 3999
2 6467 7336
2 648 4670
2 3314 7052
2 342 7550
2 1768 5460
2 787 7855
2 4992 9865
2 4484 5460
2 2467 4329
2 5466 5499
2 1526 7433
2 4049 4707
2 75 3670
2 961 9792
2 6417 9638
2 4994 8690
2 943 5534
2 5681 6580
2 4199 6980
2 3133 6994
2 3395 3914
2 5319 8969
2 3668 6586
2 4036 9971
2 2417 3593
2 3116 7278
2 751 9490
2 1358 3036
2 1293 7085
2 472 6479
2 2124 2593
2 7410 9169
2 2715 4642
2 3042 9092
2 3005 5164
2 762 9709
2 2248 4122
2 4756 7522
2 2092 4142
2 4001 6504
2 747 6551
2 3208 9398
2 750 4978
2 869 3364
2 2143 5475
2 6187 9463
2 3614 4487
2 6993 8606
2 3223 9948
2 2412 5846
2 984 1112
2 369 8802
2 1128 1275
2 2109 3838
2 4944 7622
2 1040 6518
2 241 4012
2 1857 8006
2 1137 7204
2 2717 6139
2 4161 9089
2 219 1260
2 3693 6171
2 1759 5219
2 1862 8018
2 422 3769
2 2252 8028
2 3118 9053
2 7367 8114
2 1255 2753
2 1300 1956
2 772 5538
2 1002 6407
2 7404 8113
2 2111 5368
2 3853 8659
2 919 5068
2 5569 6496
2 1672 7576
2 5655 6957
2 4518 5644
2 962 9123
2 7149 9645
2 1523 1590
2 7628 9007
2 5094 9727
2 5566 6332
2 3250 3966
2 1648 9639
2 1629 8317
2 1938 4348
2 1272 5729
2 1128 9012
2 7051 7676
2 1770 7271
2 1339 8674
2 5833 7730
2 1976 7461
2 1455 1853
2 4980 6735
2 2074 9927
2 7419 7886
2 4898 8336
2 1697 9292
2 2795 4749
2 7 2476
2 5798 9500
2 64 9242
2 2172 4153
2 577 6367
2 3913 4046
2 9430 9566
2 4237 4797
2 2726 3257
2 5030 8530
2 3413 4572
2 6589 7398
2 2923 3843
2 438 2276
2 61 7224
2 1024 3339
2 4992 9396
2 4211 9768
2 2865 4955
2 1570 3332
2 7488 9701
2 1591 4048
2 2958 2964
2 4374 8593
2 3864 4426
2 3263 7910
2 5986 8970
2 5318 8051
2 6248 7217
2 3249 5368
2 7542 7801
2 507 6045
2 4570 7559
2 4893 6325
2 8251 9596
2 1272 9696
2 3372 7217
2 6369 9210
2 5665 6046
2 5897 7377
2 3871 4273
2 3156 4168
2 6661 8568
2 70 4566
2 2 7042
2 3426 6982
2 4948 9184
2 937 4591
2 4346 6682
2 2247 7942
2 3352 5995
2 1235 4510
2 2410 8775
2 7077 9845
2 5066 6248
2 4522 6065
2 1035 4644
2 1922 9969
2 8482 9447
2 6739 7280
2 1011 5765
2 4854 6567
2 3867 8816
2 442 1319
2 5283 9217
2 572 667
2 1157 9969
2 5330 6778
2 8742 9459
2 3649 5371
2 2690 5906
2 1837 5687
2 1812 3795
2 5519 7989
2 925 1263
2 3113 6029
2 1989 2470
2 6201 8744
2 8485 9562
2 5372 9985
2 2251 5168
2 4998 8719
2 702 4813
2 4030 8816
2 3147 7523
2 551 2290
2 896 6365
2 2212 5557
2 1163 7271
2 340 8289
2 1054 8075
2 2293 8936
2 309 3088
2 4193 7052
2 5280 9091
2 7180 8263
2 5268 9691
2 2036 6380
2 3039 8329
2 1714 6078
2 6517 8607
2 861 3341
2 5813 8799
2 2726 6734
2 2887 3391
2 8299 9190
2 5130 8226
2 2983 5945
2 4362 9541
2 882 2375
2 2185 6490
2 7425 8378
2 2726 7427
2 7282 7343
2 2043 8092
2 1883 5199
2 1041 8038
2 63 3094
2 989 6469
2 950 3913
2 3434 4849
2 1541 2248
2 1957 6134
2 8548 8979
2 2904 5384
2 4603 9568
2 1382 9183
2 1539 3322
2 108 9652
2 773 3226
2 7623 8295
2 149 4192
2 5148 8642
2 2054 6558
2 2154 6117
2 423 4857
2 4113 8409
2 846 5845
2 3975 6905
2 5004 6416
2 3455 6227
2 2271 2365
2 8805 9709
2 6768 9729
2 5739 7442
2 2025 4328
2 1364 2385
2 2372 6339
2 3917 5236
2 7729 7837
2 2618 5464
2 1792 6702
2 2131 2520
2 940 8301
2 528 4321
2 5086 8885
2 5119 6973
2 1331 7681
2 7970 8609
2 7427 7662
2 3869 8779
2 6148 7070
2 1918 2087
2 479 9036
2 4346 6380
2 6444 7488
2 1458 8179
2 622 4597
2 4027 5515
2 6850 8598
2 4225 5222
2 851 3316
2 2303 3877
2 8364 8545
2 1142 6391
2 1635 2446
2 713 9136
2 7722 8285
2 4626 5685
2 426 2027
2 702 1834
2 2633 3706
2 3317 3705
2 5308 8170
2 7165 8726
2 6105 8640
2 589 4396
2 2461 7251
2 2701 6296
2 2560 4603
2 3971 7080
2 3541 8215
2 1841 8598
2 3792 4522
2 6543 8801
2 5051 8934
2 4525 5456
2 302 2753
2 2990 8359
2 595 4924
2 2284 9757
2 1684 9887
2 6262 8633
2 6129 7379
2 3431 5038
2 5635 7959
2 6091 6919
2 8635 9871
2 1543 3316
2 228 2589
2 1851 4895
2 6992 7412
2 4011 6532
2 1880 5630
2 6935 8556
2 6865 8757
2 5486 6594
2 425 6134
2 4921 5930
2 354 2219
2 3829 7208
2 1079 1288
2 1689 6019
2 4254 8802
2 6894 7310
2 3770 5020
2 4900 6586
2 650 9390
2 5144 5804
2 6333 7331
2 6169 6807
2 963 7456
2 956 5030
2 9227 9401
2 2787 4568
2 970 4200
2 7504 9124
2 2786 3633
2 5045 5469
2 1814 7717
2 7387 8920
2 4553 9415
2 6031 6434
2 4624 9668
2 3955 8049
2 415 2630
2 211 9633
2 3378 6621
2 2648 8078
2 5132 9773
2 4681 7352
2 719 3308
2 1744 8804
2 1417 1974
2 4996 9365
2 2697 6965
2 355 3558
2 2702 7274
2 1262 1263
2 4187 7925
2 3973 8755
