-1
-1
11587334
-1
10069103
-1
678986
-1
-1
-1
-1
-1
-1
-1
-1
-1
-1
10267419
-1
-1
-1
14810922
-1
-1
-1
-1
-1
-1
7262788
6987656
-1
-1
1451764
-1
-1
-1
6668493
-1
-1
11648354
885289
-1
4521417
-1
-1
-1
-1
16674956
12304934
-1
7249979
-1
4359557
7823370
-1
-1
5555278
-1
-1
11688542
-1
11322019
-1
9455041
-1
11460690
-1
-1
-1
-1
16574422
-1
7828390
14876640
10051619
-1
-1
-1
-1
-1
-1
3977113
6365809
15190904
-1
-1
-1
3895343
-1
-1
-1
-1
16253611
2330550
1786365
4144960
-1
-1
1072027
-1
5471546
15467685
9934804
-1
-1
4533134
-1
-1
7313212
-1
-1
14142432
-1
-1
-1
-1
15350459
-1
16107935
-1
-1
-1
-1
-1
-1
-1
6685719
-1
12175696
9992955
-1
-1
-1
-1
-1
-1
8988329
-1
12065396
-1
9274869
-1
-1
15296729
-1
-1
-1
-1
15485400
-1
-1
11772422
-1
-1
16467381
-1
15497052
-1
-1
-1
1207411
-1
-1
-1
-1
-1
-1
-1
-1
-1
-1
2555720
11435013
13570130
16686371
11455522
-1
-1
5140850
8701504
11039824
-1
-1
-1
11639993
-1
-1
10555388
-1
9703429
-1
-1
-1
-1
-1
-1
10271888
-1
16473793
-1
-1
1447522
-1
-1
9367281
7106994
-1
-1
-1
-1
-1
15142542
12321494
9971803
-1
-1
12349580
-1
-1
-1
5032018
8997963
6872307
2807173
-1
16619781
-1
-1
12072563
348472
-1
-1
-1
-1
7205306
-1
-1
10440405
8203671
-1
16107964
-1
-1
10930352
1664434
8603892
16956149
-1
-1
-1
16507492
16306843
-1
4298128
3351363
-1
-1
3981795
-1
13650235
-1
-1
9066187
-1
11683321
-1
-1
-1
-1
6846896
-1
-1
5525445
-1
1041917
-1
-1
14913219
9508229
-1
8776291
8047604
-1
-1
-1
-1
2106432
-1
-1
-1
-1
-1
17083882
-1
-1
-1
6254611
-1
84720
-1
-1
-1
-1
12907947
-1
-1
-1
10303165
4407628
-1
-1
-1
-1
-1
16563049
-1
-1
13140158
-1
13692238
-1
-1
-1
5621387
12697092
400185
-1
-1
-1
-1
-1
-1
13440770
-1
-1
-1
-1
-1
-1
4263364
-1
8404957
15190588
9468474
12184553
-1
7125090
10548764
-1
-1
13046711
9179184
16935553
-1
-1
-1
-1
10432152
1773382
-1
-1
15861809
-1
-1
8678321
-1
-1
-1
-1
12840941
-1
-1
-1
-1
15972417
11157052
7611932
-1
-1
574024
-1
-1
16685265
10245616
295728
12676721
4169490
15064897
9089614
1949980
10494983
-1
-1
-1
-1
10939318
-1
-1
-1
16828370
9644009
-1
-1
10512774
-1
-1
-1
-1
-1
11244888
-1
3977011
-1
9000818
-1
-1
-1
-1
11018188
-1
1465871
15960571
-1
-1
12799688
-1
527224
-1
16387103
-1
16851638
14472028
5388605
-1
8927952
-1
4471217
-1
-1
12295430
4088351
-1
-1
5909158
-1
-1
-1
-1
-1
6316614
-1
-1
-1
-1
-1
1619967
14901348
-1
-1
15987634
11128346
-1
-1
-1
11488836
16818651
16935504
17000894
-1
92014
1795125
-1
11668203
15038385
-1
-1
-1
6514201
3384103
-1
13614882
-1
-1
12924188
2820875
-1
-1
12586509
8098692
7140362
-1
7403098
-1
-1
-1
-1
12528550
7968308
-1
6524504
773097
-1
-1
-1
4387119
-1
-1
-1
-1
5439810
5237564
1705239
-1
-1
-1
-1
-1
15409083
-1
6140635
14319463
-1
-1
-1
3274933
-1
-1
-1
-1
-1
-1
16344786
-1
-1
14012160
-1
1619114
-1
-1
-1
-1
-1
-1
-1
-1
-1
13856098
-1
16926961
4006063
-1
6085842
14312427
-1
16941399
-1
-1
-1
8399131
4939029
3592459
13918192
10375394
-1
5915407
-1
-1
-1
7717374
-1
12900191
-1
-1
14962860
13426209
-1
-1
-1
-1
-1
-1
-1
15325714
-1
-1
-1
-1
-1
-1
-1
13047536
4383205
13266521
-1
15685293
-1
883337
-1
-1
-1
-1
10300307
1248971
-1
-1
-1
-1
5532851
-1
8476275
-1
92805
-1
1098284
14732044
-1
3255304
2289322
-1
-1
-1
-1
-1
-1
8530905
-1
6365696
-1
-1
-1
9514525
-1
-1
1063891
-1
10352556
-1
6348159
-1
-1
-1
-1
11805452
-1
9156227
-1
-1
5200513
-1
-1
-1
2550861
-1
-1
-1
-1
-1
-1
1746778
-1
-1
-1
-1
-1
2172376
9196299
-1
11829868
-1
-1
-1
-1
-1
-1
3226674
-1
4257139
-1
-1
8258995
-1
-1
2693637
3553513
-1
-1
-1
-1
11749592
16948359
10001103
-1
-1
4969322
4438406
-1
-1
10439560
-1
-1
13624978
17011460
16409791
-1
-1
-1
-1
5050846
-1
-1
-1
4712332
-1
-1
6732658
5583878
-1
-1
13482175
-1
-1
6457548
-1
-1
-1
-1
-1
16253611
-1
-1
-1
-1
-1
8586322
4623037
12916139
-1
6825900
-1
-1
-1
9871291
-1
-1
-1
-1
10761493
895842
-1
-1
-1
-1
-1
-1
-1
-1
-1
13961251
-1
-1
3929471
10126919
6787753
-1
-1
-1
473926
15542863
-1
-1
-1
-1
-1
5761746
13283745
-1
-1
13389183
-1
11755729
-1
2795984
-1
-1
3741915
-1
1146552
2422694
-1
8946620
4120291
-1
8646332
-1
5320891
-1
-1
-1
-1
12739434
2234145
-1
-1
-1
-1
7319444
-1
10280074
8349236
-1
-1
6509228
-1
-1
-1
-1
-1
-1
-1
8809778
-1
2175218
-1
-1
-1
-1
-1
-1
-1
-1
-1
-1
-1
12586509
-1
16988551
-1
13412374
-1
-1
4531409
-1
-1
13808087
-1
5975982
-1
14944014
-1
12871254
-1
-1
-1
-1
-1
16888198
-1
-1
15670635
-1
-1
3067231
-1
15313185
-1
17059629
-1
10846159
-1
-1
11453645
5327920
-1
-1
-1
5070128
-1
-1
3055627
-1
5059340
-1
-1
3762077
-1
-1
11965416
-1
-1
-1
-1
-1
-1
-1
14105172
-1
898508
-1
-1
4750539
-1
-1
4007435
3895627
-1
-1
-1
-1
-1
5345747
-1
-1
3147338
3903026
-1
11410402
-1
-1
-1
-1
-1
9215938
1893983
-1
8486215
-1
-1
-1
15479793
-1
12903459
5948204
10645049
-1
-1
-1
5567420
-1
9067916
-1
-1
16795153
4810298
489495
-1
-1
-1
8002390
-1
-1
-1
-1
-1
9169553
-1
-1
16487691
-1
-1
-1
-1
-1
14048183
-1
17063783
-1
7126220
-1
-1
11535034
-1
16125220
-1
-1
-1
6197250
1817357
-1
-1
2422572
1518082
-1
-1
-1
-1
-1
-1
12796079
-1
-1
-1
-1
12421485
-1
-1
-1
-1
-1
-1
-1
15332235
-1
6594596
-1
-1
-1
-1
12314852
-1
-1
8885705
-1
-1
-1
-1
-1
-1
-1
4509204
-1
275171
8693265
-1
10430174
7491356
2613917
-1
13789045
2847048
-1
-1
8484371
-1
-1
6016707
14221480
1385133
9781826
10110898
-1
9145663
13426320
-1
-1
11919478
-1
-1
6683967
7860345
-1
8706929
-1
-1
-1
-1
-1
3662576
-1
-1
-1
-1
-1
-1
-1
6297190
1410395
-1
-1
10278228
9640913
-1
2654182
-1
-1
-1
-1
14451203
14223226
-1
-1
8809778
-1
-1
11064925
11004218
7917726
-1
-1
13676158
-1
-1
-1
-1
-1
-1
5856062
8124358
1032823
10507707
-1
-1
16046650
-1
12537153
-1
-1
-1
-1
-1
-1
9361832
-1
10421690
15070118
-1
-1
4071378
-1
13102719
12174003
-1
-1
15510814
2841587
-1
-1
-1
-1
-1
-1
16279838
-1
-1
10326022
-1
9631270
-1
-1
4676646
-1
-1
-1
14755713
3620041
-1
-1
-1
-1
14104973
-1
-1
-1
-1
-1
-1
-1
-1
9820221
-1
-1
15467685
-1
-1
-1
5137103
10262940
11305987
-1
-1
14642361
-1
-1
-1
-1
8611949
-1
4717806
-1
-1
1335019
-1
11642503
2086899
-1
14757323
307999
8725424
-1
-1
-1
17084316
9326670
10915304
-1
-1
-1
14329683
12441779
-1
16631860
1229938
-1
16687732
-1
-1
-1
1670780
-1
11657400
-1
5309082
-1
10312304
-1
-1
15356467
3871662
-1
11769147
9120113
-1
6086688
15135564
-1
-1
14459153
-1
-1
16456717
8788660
-1
-1
-1
-1
15853298
-1
-1
1361176
1996083
-1
-1
-1
14588704
9145663
11751829
-1
-1
3476225
-1
-1
-1
1376202
-1
-1
14375060
-1
-1
10507707
-1
17436
-1
529780
642799
8369016
-1
15867356
1374938
-1
-1
-1
-1
14319405
14828124
10479450
-1
559826
-1
-1
-1
-1
-1
11225428
-1
2443807
-1
-1
-1
2550620
14500793
3535561
-1
-1
4693933
13006179
15261525
-1
-1
-1
-1
-1
8431347
-1
15611887
-1
155126
-1
-1
-1
15026143
-1
-1
16902327
-1
-1
-1
-1
-1
-1
-1
-1
-1
-1
-1
14838985
-1
-1
-1
13511263
9631270
-1
-1
15239071
-1
-1
-1
-1
15824761
-1
-1
11785825
-1
-1
6844737
-1
1518813
-1
-1
-1
-1
-1
-1
-1
1574926
-1
3277812
-1
-1
-1
16450029
9667538
6505786
-1
-1
-1
-1
-1
5457768
8502237
16538972
-1
10300877
11276339
-1
-1
-1
-1
-1
-1
17086033
-1
-1
-1
-1
2907313
-1
-1
-1
11270610
-1
3762953
-1
-1
-1
-1
-1
16083624
11882660
-1
2483764
484954
-1
10542433
-1
-1
-1
9066368
-1
2647741
-1
12112824
-1
-1
-1
16954601
-1
-1
-1
13440770
13782380
-1
11654722
-1
-1
12864286
-1
4147179
-1
16951135
-1
-1
14692657
-1
825868
10951404
-1
-1
-1
-1
-1
-1
-1
9595779
-1
5988977
1295071
-1
-1
-1
-1
4038301
8723893
-1
-1
7902350
13706092
-1
12974389
-1
-1
-1
-1
-1
-1
-1
-1
13865624
-1
14637922
12204514
-1
-1
-1
12791509
-1
-1
13606238
2122348
84720
-1
14637922
-1
-1
-1
-1
-1
11705159
-1
-1
-1
-1
-1
7866139
11080012
6844737
3396224
12438341
-1
-1
-1
-1
-1
5834690
5295355
9420055
5619663
-1
-1
-1
-1
1787785
-1
-1
-1
695975
5702747
365122
-1
15641018
-1
2194481
-1
1443410
-1
-1
11554124
1106444
5309082
-1
-1
-1
7969042
14148722
-1
7874652
147216
-1
-1
-1
15378897
-1
-1
-1
-1
5834690
4743479
-1
-1
-1
-1
-1
-1
5334385
5376779
-1
-1
1166512
16426531
-1
5352116
-1
-1
-1
10054845
-1
-1
5344947
-1
-1
-1
6059338
14685879
13208950
-1
-1
-1
7650154
5848721
-1
-1
3272120
-1
-1
-1
-1
14700736
-1
12381773
3578090
10880768
13981724
-1
-1
-1
3926223
-1
5088741
-1
2877818
-1
-1
6856788
-1
-1
3027192
-1
-1
-1
-1
-1
1055945
-1
1821930
-1
7642305
-1
-1
-1
-1
14206141
8283278
-1
1764790
15101848
6050883
102093
-1
6063293
1594604
12607325
53884
15047762
-1
-1
-1
-1
-1
-1
-1
-1
11509197
2724353
16556940
-1
-1
-1
-1
-1
-1
6227841
857885
-1
-1
-1
10813380
-1
-1
-1
-1
-1
349184
5255306
-1
-1
-1
-1
6214377
17094306
5305804
-1
-1
13445085
-1
-1
-1
-1
-1
15830038
-1
-1
7123335
-1
-1
-1
-1
-1
-1
-1
7123885
-1
-1
12286848
1912656
-1
-1
-1
-1
-1
-1
-1
10909602
-1
6378776
1706501
-1
2172376
-1
11145640
-1
-1
12705150
13808121
-1
-1
-1
4501715
11513316
-1
-1
-1
-1
6443977
-1
3781883
-1
-1
-1
-1
-1
1936692
-1
4667621
-1
11897500
-1
5361066
3237439
-1
-1
-1
-1
-1
-1
-1
-1
-1
11571565
8141044
3223289
13617825
-1
-1
-1
-1
-1
12337562
10527974
14975428
-1
7456644
11954217
-1
-1
-1
-1
-1
12259295
16685265
-1
9124452
-1
-1
-1
-1
-1
3877241
-1
-1
9327222
13614882
14415087
-1
-1
8064731
-1
44424
-1
-1
-1
3258736
-1
10748294
-1
-1
11372584
12354697
-1
-1
10310784
-1
-1
-1
8282537
1733157
-1
13977740
11657400
-1
-1
-1
-1
5956553
-1
6060053
-1
-1
-1
10411010
8500294
7283911
12232515
10774209
-1
8455751
3017676
11228289
5712385
-1
-1
-1
11202353
-1
-1
-1
1348521
-1
-1
13762247
-1
3940679
-1
10502599
-1
-1
7238004
-1
-1
-1
-1
-1
6727918
-1
-1
-1
-1
-1
-1
-1
16347849
-1
3183435
-1
-1
-1
-1
-1
-1
-1
-1
-1
2855431
-1
5435716
-1
-1
6746183
7884429
-1
3998087
-1
978152
-1
134534
-1
-1
-1
-1
-1
-1
-1
16480734
12339152
-1
-1
-1
14204799
-1
-1
-1
7193968
-1
-1
6578060
-1
-1
-1
10772205
12344638
-1
-1
2823162
-1
-1
940007
-1
-1
4588379
12647985
11609055
14797192
-1
-1
-1
3264414
9840423
5120270
-1
-1
12549693
-1
-1
-1
-1
11730612
-1
-1
14372962
-1
-1
-1
-1
-1
-1
463498
-1
12901307
6207955
-1
-1
-1
-1
-1
-1
4802659
-1
-1
-1
15684968
1157579
-1
8888618
-1
-1
13632667
13398990
-1
-1
1939738
-1
6620526
-1
8673038
-1
-1
1123032
-1
2308456
-1
-1
-1
-1
-1
-1
-1
5946372
1097825
15169044
9594841
-1
228400
-1
-1
7123335
11132884
-1
-1
-1
16075012
2843471
-1
9995857
-1
4221910
4084502
-1
-1
11419864
16510620
5135410
6746129
-1
-1
-1
-1
-1
-1
3752728
-1
-1
16409791
4294026
5764317
-1
209745
-1
475504
-1
-1
-1
14969066
10245616
11965416
-1
6946032
-1
-1
-1
-1
-1
5563833
-1
-1
2201723
-1
-1
15743233
-1
9840924
3618169
8096680
-1
5078915
-1
7956247
8816966
7355149
9094743
11228289
-1
3104659
-1
-1
-1
6448746
3320951
5468276
4754699
5275167
-1
7758033
-1
8623037
-1
4180088
16323019
-1
8725424
5401821
-1
-1
-1
616665
8012369
443005
-1
-1
4117390
-1
-1
-1
-1
-1
-1
14832754
2236517
14918135
-1
-1
-1
-1
8919118
-1
11300422
-1
-1
1063891
8253868
8532631
605231
1921978
-1
3436725
-1
9186179
-1
-1
-1
-1
-1
14290844
-1
-1
10230541
-1
-1
-1
-1
846398
8897595
-1
4593038
12717693
-1
-1
2254229
-1
-1
-1
10459491
-1
-1
-1
-1
-1
16151835
-1
-1
-1
-1
7491888
-1
-1
-1
-1
7456644
-1
16890403
-1
6458926
-1
11803032
-1
4754626
-1
11116350
8879469
-1
275171
-1
-1
-1
16532473
-1
-1
-1
-1
6098089
-1
-1
-1
-1
-1
-1
-1
-1
-1
5709380
8838972
-1
-1
-1
12650509
5992218
9407313
-1
10716566
12814708
-1
-1
3829923
-1
-1
-1
-1
9550876
-1
-1
16325136
5898420
-1
16241987
-1
-1
-1
-1
12303974
-1
13498464
1225162
10557846
-1
-1
15221450
1276447
-1
-1
-1
-1
-1
-1
-1
-1
-1
-1
-1
10885778
10141043
5886792
5523956
-1
-1
-1
-1
-1
-1
-1
-1
-1
-1
1239803
9883311
-1
4363329
646706
-1
-1
-1
-1
-1
-1
-1
-1
-1
9550119
11287599
-1
783574
-1
15299679
-1
-1
6118338
9469388
-1
-1
9392551
-1
10128958
-1
-1
-1
-1
17072077
1155656
799323
-1
-1
-1
-1
-1
238051
3756847
14893157
14015620
790071
3968013
5750276
-1
-1
6502552
-1
7123885
10916509
-1
-1
14372185
-1
-1
-1
1364314
-1
16224021
-1
-1
15808479
-1
3993248
-1
-1
-1
6376333
13085761
5934426
15049303
-1
-1
-1
2371615
-1
9336948
6987656
3934982
13747723
3570226
-1
12600945
-1
-1
-1
-1
-1
-1
5931432
-1
-1
-1
-1
-1
1028147
-1
-1
4327208
-1
5459600
-1
15810378
528517
-1
-1
-1
-1
-1
-1
13152830
11782182
-1
13627897
16107593
40078
-1
-1
-1
-1
-1
3480555
-1
605231
-1
-1
3102054
-1
-1
-1
8173873
7991253
-1
-1
-1
-1
-1
-1
-1
-1
-1
-1
-1
1547018
-1
10120833
1619260
-1
7544884
-1
4539932
-1
-1
-1
-1
7299622
-1
-1
-1
16577868
-1
-1
-1
-1
8621316
-1
-1
-1
14125731
8375484
-1
33364
-1
-1
-1
-1
-1
-1
-1
16139801
-1
9235816
-1
-1
-1
14771391
6090834
-1
-1
-1
7081772
-1
-1
-1
-1
-1
7823403
1229938
11540082
-1
-1
-1
13339696
10110898
-1
-1
-1
9178848
-1
-1
-1
12899552
-1
715499
-1
-1
4450139
6499890
4712332
-1
-1
13902304
-1
-1
15301376
2833665
7858139
-1
14554979
7437162
-1
2475667
-1
10863075
-1
-1
-1
9673306
-1
4643642
11485569
17039838
-1
1907886
-1
-1
16700909
15613875
-1
-1
7118275
2696704
-1
6835475
-1
-1
-1
-1
16136786
-1
-1
14239136
-1
-1
13071102
-1
-1
-1
3716734
-1
-1
495039
7445330
12185694
1317142
-1
-1
-1
-1
-1
5371944
2048072
7534171
2355936
-1
4501715
-1
-1
13879650
-1
-1
-1
14012693
15229992
-1
-1
-1
-1
-1
-1
7671442
-1
15108429
-1
5529534
12393409
-1
-1
5239832
-1
10550487
-1
12871098
-1
-1
16979687
8719059
-1
-1
1262635
-1
4304339
16105873
-1
8306783
-1
-1
5325279
-1
-1
-1
-1
-1
-1
-1
14639474
-1
-1
-1
2058148
-1
7020602
-1
-1
553601
13617302
12521094
-1
8372488
7648696
10017214
-1
10277482
-1
2469142
1394157
136420
2019622
-1
-1
11338566
-1
-1
-1
-1
14238009
-1
-1
-1
11117792
15221105
-1
14246613
-1
9851409
-1
-1
460958
-1
16851638
-1
-1
-1
11870994
16075012
-1
-1
-1
-1
16810269
12615094
-1
-1
-1
-1
11117792
-1
6999816
-1
7410386
-1
-1
15046158
-1
-1
7258880
7659673
13096332
-1
-1
10024310
6279534
-1
15829747
-1
16574422
-1
5614000
-1
6037552
-1
-1
-1
8086745
16553528
-1
3540808
7267187
-1
8829106
14926601
-1
-1
-1
-1
10832156
-1
1048605
-1
12051207
-1
-1
2684882
4863859
-1
2387602
-1
7332313
3606604
-1
-1
1705239
-1
-1
4618828
-1
1805142
-1
-1
-1
-1
-1
12946860
-1
-1
-1
-1
-1
15428478
3616708
2669776
-1
-1
-1
-1
-1
332231
-1
5968937
5029259
-1
-1
2969710
-1
-1
12291898
-1
-1
-1
-1
11638485
-1
-1
-1
-1
-1
-1
-1
-1
-1
-1
-1
-1
-1
4886291
-1
-1
-1
-1
-1
-1
-1
-1
-1
-1
4026102
14589389
-1
-1
7081603
16706258
-1
418440
-1
3808338
5596776
11856441
15275701
-1
-1
-1
-1
1627057
8111045
-1
13186298
-1
7491888
11488760
-1
-1
8479269
-1
-1
7828390
9118822
14857628
-1
-1
5738145
2616972
-1
10693221
-1
331496
-1
-1
13062690
-1
-1
10493440
8731952
-1
11309819
7858139
-1
14921622
9830203
-1
10328098
-1
-1
-1
-1
6527085
5144932
-1
-1
4728927
15734934
-1
1860046
6574602
-1
-1
9204776
-1
11718066
-1
9560130
6384530
-1
-1
-1
-1
-1
-1
16318802
7431724
-1
-1
12073545
-1
-1
4929654
-1
8666848
-1
3340349
-1
10104848
-1
9275684
-1
-1
15897654
-1
-1
-1
11912815
-1
-1
-1
1045174
5649227
-1
7811929
-1
-1
762005
-1
-1
-1
-1
1269483
-1
-1
-1
-1
-1
-1
-1
-1
-1
-1
9944527
13856098
-1
-1
8325798
-1
12154193
9061919
12173238
-1
-1
10186400
-1
13255368
1557429
-1
-1
2968048
-1
8920629
9124452
-1
14417231
-1
-1
-1
-1
-1
8805073
-1
5474403
12504901
6663772
-1
7301816
-1
-1
16318802
-1
-1
5428909
1926894
10194816
-1
5572375
-1
13096332
-1
-1
-1
12755014
-1
-1
10279154
-1
-1
-1
-1
2614848
-1
-1
5179188
-1
6040347
-1
-1
7410386
11957028
-1
-1
9662572
-1
4853400
-1
-1
-1
-1
8751038
-1
-1
-1
-1
-1
16641282
2032819
-1
-1
-1
-1
1672705
-1
-1
-1
-1
-1
13711488
-1
-1
-1
-1
-1
-1
-1
