2 1000 1796 10000
76 78 5999
933 935 9
408 411 3139
85 87 3531
107 109 3006
410 413 6585
323 324 3977
80 83 5453
63 64 58
766 769 6995
722 725 4496
411 412 3840
42 44 1599
262 264 6587
767 768 4272
888 891 1238
780 783 7281
255 257 4649
654 657 1155
559 560 8536
990 993 316
550 553 625
153 154 3543
214 217 5313
774 777 6031
638 640 5104
94 96 1008
284 287 6028
911 913 2803
91 93 7570
706 708 2826
305 307 1648
851 852 8073
548 551 5719
141 142 4950
959 961 5211
182 184 974
397 399 7674
859 860 51
311 313 3776
39 41 2280
558 560 418
407 408 2610
333 335 9586
33 35 2280
331 333 8912
686 689 1457
207 208 9043
658 660 6062
899 900 2367
773 775 7636
293 294 6652
162 164 7499
417 418 5363
754 757 3155
567 568 2631
448 450 6789
614 617 7212
769 770 3704
953 955 8326
607 609 7316
861 863 693
76 79 8838
783 784 3950
296 299 366
238 241 8913
492 494 3329
622 625 4743
643 644 3556
338 340 3255
256 258 7021
55 56 2938
845 847 3061
903 905 2569
247 248 4284
401 403 879
318 321 2937
513 514 4836
526 529 9828
952 955 6432
513 515 5436
844 847 8851
129 131 9534
403 405 7172
224 226 1333
766 768 7407
90 93 7741
230 232 4022
150 153 8725
549 550 5107
585 586 8966
979 980 1233
605 606 3653
719 721 9853
48 50 8991
52 54 2811
674 677 8605
151 153 9247
560 563 6799
887 888 7877
64 67 9201
632 635 1331
618 620 8003
822 825 6423
185 186 744
976 978 7638
176 178 4986
102 105 8044
966 968 8432
630 632 7706
143 144 8787
430 432 9335
372 375 231
120 123 5534
692 695 972
961 963 442
148 150 9919
737 739 5012
95 97 1789
341 342 8863
729 730 2551
712 714 6397
685 686 3099
376 378 3642
58 60 3035
203 205 5742
529 530 869
874 876 4204
229 230 6109
390 393 1129
211 213 4884
544 546 3882
943 944 8247
187 188 4247
403 404 2588
632 634 9074
578 580 5519
209 210 9787
128 131 6202
350 352 1383
727 729 5590
693 695 2121
744 746 8950
738 741 7066
228 230 5186
20 23 9965
138 140 6548
446 449 3646
727 728 8218
441 443 3310
440 443 378
904 907 2970
876 879 7554
597 599 5047
961 962 5220
156 159 7412
467 468 6473
623 624 9575
626 629 1608
809 811 7937
489 490 6494
667 669 657
936 939 8406
824 826 1966
119 121 8911
104 107 5858
947 949 6362
13 15 2537
672 675 8456
143 145 9792
284 286 9150
317 318 2098
734 737 626
47 49 6645
666 669 273
136 138 6610
200 203 3032
297 298 7773
613 615 9215
392 394 1740
789 791 3604
92 95 3462
523 524 1638
907 909 1145
175 176 8681
233 235 1633
944 947 6220
241 243 4826
536 539 10000
772 775 8216
543 545 4738
875 877 2789
414 417 3316
604 606 9852
950 952 5252
744 747 8519
11 12 2569
370 372 7796
503 505 9483
292 295 7441
499 501 5617
948 950 6917
661 663 4688
535 537 2257
737 738 6882
591 592 8618
2 5 9648
829 830 3888
608 611 9058
18 21 3598
561 562 5104
83 85 5026
831 833 7855
469 470 4301
3 5 1548
929 930 9808
461 463 7541
653 655 2462
760 763 398
732 734 1099
169 171 4738
346 348 2188
363 364 8560
292 294 8580
49 50 3646
105 107 3325
839 841 6168
817 818 8798
603 605 488
250 253 2446
800 802 9280
820 823 9988
962 965 7550
682 684 9125
595 596 97
967 969 6727
226 229 7831
742 744 7798
705 706 4672
477 478 8091
454 456 2006
300 303 3911
15 16 7098
512 514 477
511 512 1918
445 447 2287
17 19 2690
938 940 2993
701 703 3487
280 282 1941
603 604 6539
698 700 6327
960 963 4815
40 43 9847
806 809 4469
139 141 6438
533 535 8876
843 844 1178
614 616 7489
594 597 4388
642 645 1510
853 855 6373
930 933 8672
249 250 2860
216 219 7896
252 255 2774
366 368 4629
179 180 6030
922 925 1440
130 133 9037
714 716 6104
259 260 7747
587 589 8438
152 155 7990
963 964 9004
965 966 8173
747 749 5499
191 192 7485
649 650 7068
206 208 8796
877 879 6259
502 505 9823
159 160 8270
432 434 8573
622 624 659
658 661 1944
389 390 3555
548 550 3780
711 713 8389
437 438 9231
868 870 193
400 403 8598
495 497 8305
895 897 7103
272 275 9577
177 179 7980
421 422 5210
13 14 1946
377 379 5382
10 13 9928
620 623 9971
327 329 9756
370 373 3377
710 712 3577
476 478 9090
190 193 3542
157 158 7428
457 458 9626
440 442 7972
883 884 2694
853 854 8724
386 388 7166
890 892 6787
923 925 8140
165 166 1528
268 271 6908
764 766 7047
798 800 8592
610 613 5748
986 988 6362
545 546 3834
741 743 4984
98 100 553
640 643 5848
828 831 2907
935 936 9204
88 90 445
533 534 7871
746 749 3819
258 260 3647
298 301 9263
976 979 9677
92 94 4188
792 795 9627
289 291 5769
918 920 1731
63 65 3093
911 912 5652
85 86 7624
670 672 2857
261 263 7998
231 232 9519
96 99 4921
29 30 5027
849 850 4488
377 378 8141
314 317 1269
694 697 5880
590 593 2022
461 462 1763
763 765 3972
991 993 2991
751 752 8641
713 715 942
557 559 7094
202 204 7909
402 404 8146
724 726 7874
239 241 9334
468 471 292
848 851 6232
168 171 8183
339 340 6293
250 252 7841
68 71 5514
988 991 4437
153 155 3428
469 471 5702
4 6 9344
458 461 4391
863 864 6707
852 854 1837
752 755 6989
776 779 1839
667 668 545
154 157 5571
554 556 6084
363 365 1839
688 690 2336
937 938 9133
957 959 3804
648 651 6692
277 278 6082
678 681 905
212 214 4617
856 858 3665
435 436 8241
881 883 8620
850 852 2363
391 392 7566
732 735 8412
173 174 7575
331 332 8598
279 280 1505
656 659 8740
926 928 5387
688 691 1311
308 310 1201
73 75 6952
278 280 7365
720 723 8924
193 194 570
321 322 1614
928 931 1652
566 569 8838
145 146 8774
215 216 1890
615 616 9716
858 860 9301
239 240 7305
973 975 5884
610 612 3055
905 906 5106
932 935 5
31 33 8023
293 295 972
531 532 6020
940 942 9957
128 130 6934
637 638 5380
938 941 4382
970 973 3754
863 865 8287
248 251 1439
129 130 362
66 69 9782
555 556 5549
209 211 1961
646 648 5859
534 537 8304
960 962 8081
193 195 3137
768 770 6150
379 381 734
256 259 8207
449 451 8876
243 245 9001
54 56 6415
728 731 9303
481 483 6397
989 990 3838
759 760 9558
493 494 6103
187 189 2551
354 356 3984
942 944 7189
195 197 3567
898 900 3084
525 526 6060
170 173 5029
680 682 4921
523 525 4711
573 574 5036
992 995 2384
756 759 8749
669 670 6245
422 424 548
418 420 2163
765 767 1462
255 256 7398
489 491 2394
160 162 7996
993 995 707
396 398 5285
132 134 6162
606 608 6764
199 201 8184
986 989 280
553 554 9021
885 886 1966
612 614 3241
472 475 7216
287 288 9104
554 557 5789
825 827 393
665 667 2089
6 8 1279
174 176 8096
581 583 8845
968 971 6050
5 6 7726
361 363 3702
636 638 270
494 497 1301
910 912 579
881 882 1525
846 848 2777
264 266 8884
229 231 5336
595 597 9516
577 579 5289
398 400 6646
46 49 1697
179 181 5582
12 14 7911
572 574 215
329 330 5671
45 47 404
240 242 7667
322 324 7187
978 981 9777
296 298 2639
356 358 1645
695 696 451
520 523 8350
932 934 9121
21 23 7882
980 982 3463
360 363 219
950 953 7820
534 536 9658
194 197 6375
555 557 8887
411 413 3423
226 228 4336
321 323 2692
194 196 5321
495 496 6451
394 397 9701
542 545 1804
665 666 4170
262 265 3167
799 800 4006
70 73 5115
789 790 2972
742 745 6160
326 329 6563
617 619 6662
684 687 3585
594 596 1640
777 779 2631
366 369 4603
269 270 5761
888 890 8736
654 656 8917
655 657 7153
33 34 5243
23 24 4695
406 408 1881
764 767 9033
9 11 9525
212 215 1257
847 848 5093
312 315 2217
753 755 570
154 156 9104
365 367 3894
891 893 7216
447 448 286
451 453 5763
158 161 7443
163 164 5746
870 873 7048
75 77 9697
702 705 5825
868 871 4635
553 555 3634
420 422 2399
652 654 8488
472 474 968
479 481 9781
268 270 7121
347 348 9062
941 943 1560
790 792 3512
487 489 9370
454 457 175
211 212 8616
213 214 6496
343 345 5789
185 187 5377
944 946 8215
508 511 5508
947 948 9331
526 528 7648
374 377 9609
60 63 6540
795 796 1638
324 326 5767
347 349 9992
816 819 816
996 998 8078
709 711 5136
843 845 1291
969 971 1581
42 45 1474
251 252 7997
703 705 468
838 840 2101
254 256 811
357 359 7502
973 974 464
588 590 7119
575 576 4586
433 435 855
754 756 7702
919 920 4014
565 566 8986
413 415 146
725 726 5427
716 718 8030
271 273 1469
166 169 368
608 610 8245
755 757 5265
782 784 9821
32 35 4864
871 873 6636
426 429 4653
834 837 478
870 872 257
590 592 363
298 300 3184
517 518 9657
26 28 915
600 602 3031
645 647 1475
624 627 2359
785 786 4522
77 79 5136
427 428 5946
556 558 7441
287 289 4951
381 382 4570
220 222 3867
517 519 7138
406 409 9303
704 706 1853
639 640 171
842 845 4371
576 578 9724
577 578 6209
543 544 138
516 519 7882
522 525 369
862 864 8266
635 637 9530
854 856 4939
537 538 3154
452 455 3423
497 498 2277
466 468 7809
300 302 3061
656 658 8637
297 299 9582
65 66 2168
235 236 9087
423 424 4642
346 349 8361
447 449 1668
390 392 7134
685 687 7334
758 760 9771
22 25 6225
333 334 9316
236 239 9960
335 337 8285
500 503 7942
61 63 1499
531 533 4815
810 813 6016
547 549 9170
741 742 1580
994 996 9618
119 120 354
64 66 3194
159 161 2192
290 293 13
183 184 6337
690 692 7276
397 398 1136
141 143 3492
906 909 7214
460 463 3241
985 986 1121
269 271 3802
354 357 5406
872 875 8174
630 633 9245
579 581 3991
876 878 4757
747 748 729
718 721 7136
372 374 3354
355 356 3329
988 990 2034
400 402 4197
96 98 9279
942 945 8992
642 644 6417
669 671 8640
490 492 5216
38 41 741
473 474 9684
525 527 1699
471 472 8865
623 625 4221
811 812 4300
773 774 3679
195 196 2343
663 665 6048
72 74 8374
580 582 9514
428 430 7961
516 518 7570
616 618 3763
779 781 333
412 415 6669
510 513 7738
931 932 1083
105 106 3258
462 464 1767
799 801 1323
118 121 6998
593 595 2655
344 346 825
720 722 7565
71 72 1913
804 806 2575
273 274 9488
118 120 3117
131 132 2599
323 325 413
852 855 7571
884 886 4331
133 135 3571
862 865 489
353 355 27
452 454 3394
691 693 2282
222 224 3786
679 681 904
867 869 4085
812 815 5030
285 287 9060
537 539 5291
53 54 6697
355 357 5295
189 190 3800
22 24 112
188 191 2125
703 704 6577
30 33 1534
821 823 3749
926 929 8514
121 122 9858
362 365 2184
583 584 4883
274 276 5991
740 742 7194
41 43 7969
801 802 6541
987 988 3543
521 522 3544
889 890 4803
295 296 5553
35 37 8967
793 795 2747
904 906 4221
167 169 4092
869 871 6093
134 136 6148
196 198 8223
388 391 8583
463 464 1017
315 317 3736
295 297 8653
125 126 9586
680 683 630
672 674 3637
44 47 8842
419 420 6828
965 967 7995
88 91 4391
401 402 7161
725 727 9031
161 163 6275
470 472 581
625 627 551
586 588 9864
894 897 7903
920 923 4419
541 543 7232
136 139 4936
540 542 6212
392 395 333
349 350 3438
312 314 5477
62 65 6538
210 213 184
408 410 973
407 409 2901
482 485 2737
871 872 9567
23 25 4747
388 390 3276
488 490 5260
671 673 2339
975 977 2890
332 334 5050
580 583 5288
19 20 9737
8 10 713
4 7 8564
266 268 3938
184 187 8944
692 694 5812
846 849 319
385 387 5079
471 473 4673
847 849 3762
952 954 6644
138 141 6591
257 259 4487
435 437 2417
169 170 2807
330 333 8389
378 381 133
971 972 2814
112 115 9366
16 18 6738
436 439 6839
280 283 2036
324 327 1195
900 902 9706
929 931 5809
949 950 653
995 997 1089
745 747 7164
869 870 480
563 564 1732
43 44 3018
705 707 8578
939 940 9344
480 483 4484
706 709 4719
584 587 4833
302 304 776
675 677 7947
958 960 9992
290 292 4910
349 351 7371
887 889 9279
756 758 6180
584 586 4005
620 622 7261
598 600 465
498 500 8479
934 936 2881
437 439 2117
687 688 6138
270 273 9506
829 831 8344
878 881 5232
180 183 9493
91 92 5335
275 276 6862
81 83 5580
419 421 9506
416 418 2038
320 322 6673
510 512 1533
247 249 2304
760 762 9069
835 836 4408
633 634 4948
646 649 7624
627 629 9716
134 137 5479
230 233 5526
565 567 7708
27 29 2278
337 338 3853
431 432 3512
221 222 5196
309 310 8219
288 290 6324
43 45 8318
633 635 7215
144 146 8749
395 396 7002
429 431 8504
746 748 9959
157 159 8350
50 52 7560
45 46 1704
901 903 6878
689 690 6151
340 342 9483
864 867 2761
356 359 9441
482 484 2577
833 834 5677
644 647 1455
894 896 9214
907 908 3340
380 382 6692
387 389 898
75 76 160
427 429 709
326 328 3266
281 283 1118
735 737 6243
432 435 1404
364 366 6630
629 630 1746
807 808 2418
524 527 2825
981 982 5006
567 569 9959
444 446 5022
426 428 8418
233 234 9392
849 851 3101
681 682 5506
551 552 8642
774 776 9773
253 255 3131
939 941 7304
192 194 8250
422 425 6596
628 631 3301
468 470 4716
906 908 4692
217 219 7021
109 110 9662
895 896 438
147 148 132
125 127 2363
757 759 3526
103 104 1536
826 829 7231
351 352 2308
708 711 8801
583 585 5284
14 17 1119
490 493 7445
977 978 9501
508 510 9189
902 905 2885
797 799 4654
951 952 269
715 716 353
167 168 6732
192 195 3645
921 923 6664
530 532 1425
423 425 8770
84 86 7158
103 105 2706
36 38 7965
58 61 5373
65 67 5199
225 227 1121
618 621 7370
777 778 832
920 922 8911
544 547 1975
357 358 6856
842 844 1621
351 353 5640
786 789 9039
245 247 6730
110 112 4073
771 773 639
308 311 3604
12 15 2715
236 238 3442
155 156 5787
816 818 9397
790 793 7651
246 248 2175
714 717 7214
540 543 5348
519 521 5937
765 766 3023
645 646 2447
80 82 3127
679 680 4415
303 304 3246
97 98 1314
197 199 8054
624 626 9757
484 486 8718
889 891 8115
18 20 2942
100 102 9860
359 361 7763
223 225 4573
486 489 3700
748 751 3195
37 39 5202
575 577 3135
106 109 9975
342 345 9704
708 710 5018
514 516 8892
500 502 5381
817 819 4490
562 564 8636
668 671 4109
338 341 5243
170 172 7404
882 884 2891
801 803 7088
133 134 3720
795 797 96
104 106 5665
443 445 1599
171 172 4053
368 370 3889
619 620 1206
956 959 5885
963 965 4834
601 603 2972
956 958 7048
25 27 8691
71 73 617
621 622 1849
2 4 9145
743 745 9774
698 701 5918
267 269 211
416 419 7033
234 237 7615
819 820 4427
867 868 8654
168 170 2087
768 771 1999
873 874 3451
707 708 8136
997 999 2260
217 218 3587
391 393 1373
325 327 3662
244 246 878
342 344 1813
971 973 5042
291 292 8579
879 880 280
804 807 7561
49 51 5968
779 780 2786
759 761 3014
674 676 9958
281 282 204
475 476 6988
380 383 1886
218 220 6783
478 481 6832
309 311 7914
430 433 5109
606 609 9650
464 467 6592
72 75 5783
436 438 9738
828 830 5583
373 374 2634
122 124 9165
52 55 3361
173 175 5030
55 57 9566
803 805 5568
726 729 2067
930 932 2772
507 508 4222
593 594 57
650 652 8263
982 985 2642
717 719 9646
854 857 2330
514 517 702
17 18 4472
673 674 4238
591 593 4049
985 987 4737
425 426 9998
681 683 7764
556 559 4389
237 239 1372
486 488 2691
172 175 5714
657 659 7341
676 679 1312
532 534 2506
186 188 5522
733 735 3611
259 261 7706
995 996 5868
499 500 7581
582 584 6284
155 157 2996
541 542 2609
218 221 2200
394 396 9425
306 309 5581
625 626 7544
1 2 9256
171 173 6707
276 279 3367
814 817 3145
683 685 4467
126 128 8630
924 926 7094
439 440 347
797 798 2657
282 284 4506
7 8 5545
35 36 9216
485 487 6237
914 916 7858
40 42 8987
484 487 4526
79 80 5249
571 572 916
675 676 9891
908 911 8802
175 177 7354
39 40 1202
757 758 6709
334 337 2964
664 667 6389
491 492 1523
775 776 2735
810 812 7439
189 191 9374
98 101 981
637 639 2669
316 319 2047
374 376 1158
14 16 7586
142 145 5097
7 9 1019
100 103 282
505 507 9527
806 808 6212
600 603 8432
940 943 2314
713 714 170
731 732 4641
807 809 8493
909 910 9888
276 278 6232
46 48 8597
279 281 4685
238 240 4352
629 631 3012
638 641 4043
691 692 2118
993 994 4155
826 828 7618
818 820 4648
861 862 9343
538 540 4268
914 917 3622
647 648 1509
668 670 6887
980 983 2437
201 203 5288
677 678 5772
722 724 6597
124 127 7667
135 137 499
137 138 6691
599 601 7633
715 717 4773
931 933 9212
146 149 7404
893 894 9694
5 7 2604
819 821 5079
838 841 7256
210 212 2027
344 347 2828
604 607 863
299 300 6536
214 216 6828
506 509 2352
307 309 7263
360 362 5635
678 680 4748
539 540 5710
731 733 5943
648 650 4724
864 866 8032
21 22 2323
455 456 1466
821 822 2640
814 816 8883
198 201 3884
538 541 8055
164 167 7149
106 108 7472
502 504 8969
890 893 9582
108 110 4536
811 813 1428
762 765 5386
748 750 1402
587 588 6072
969 970 9458
535 536 1786
289 290 9187
915 917 6053
659 661 8552
945 946 5222
827 829 9898
177 178 488
477 479 8735
459 461 1937
532 535 7492
251 253 4238
882 885 1199
964 967 5372
585 587 7429
589 590 2462
294 297 3258
925 926 6825
564 566 1244
399 400 9246
522 524 6954
466 469 872
935 937 9531
792 794 6431
463 465 9904
409 410 7130
186 189 5714
509 510 681
387 388 144
30 32 1192
156 158 6140
137 139 3045
462 465 6732
203 204 3120
717 718 4985
921 922 5859
738 740 8663
34 36 6013
142 144 4010
82 85 3429
95 96 9800
886 889 7510
550 552 7216
913 914 6072
161 162 9709
369 371 5373
959 960 147
822 824 3469
856 859 1841
709 710 3742
362 364 3473
945 947 1982
721 722 3420
733 734 3033
6 9 9382
497 499 7838
697 698 9099
507 509 3688
840 843 5315
87 88 4165
67 68 1130
113 115 1400
165 167 6533
97 99 4157
775 777 3756
652 655 4988
900 903 9978
899 901 324
329 331 5156
592 595 9397
376 379 575
263 264 5160
220 223 8329
602 605 6462
319 320 1455
441 442 6952
977 979 1765
470 473 2163
611 613 4387
450 452 3465
53 55 9790
943 945 18
859 861 1192
496 499 280
788 790 8204
855 857 157
56 59 1112
666 668 583
639 641 9824
974 977 3175
771 772 4297
130 132 4210
336 338 4819
402 405 5454
451 452 5231
352 354 615
115 116 150
753 754 7177
261 262 5107
460 462 27
546 548 7789
345 346 3740
315 316 56
318 320 4882
345 347 5962
954 957 9376
896 898 421
365 366 6008
428 431 6124
453 454 8695
767 769 7400
520 522 987
884 887 246
379 380 6221
891 892 6884
504 507 8018
183 185 119
660 663 7110
501 503 5471
493 495 3783
524 526 1397
121 123 6557
917 918 4944
385 386 295
131 133 617
751 753 2643
636 639 1433
848 850 5212
857 858 2498
87 89 1614
613 614 271
915 916 4908
395 397 1762
552 555 9384
483 485 683
723 725 8971
780 782 8667
241 242 2210
503 504 9897
723 724 3778
979 981 3760
116 119 2735
505 506 1346
749 751 5410
234 236 109
716 719 9686
78 80 4243
332 335 7367
188 190 6209
487 488 3571
160 163 4346
796 798 2730
918 921 3911
286 289 3013
404 407 8181
897 899 8550
99 100 7004
599 600 8310
310 312 4384
913 915 6125
571 573 1099
878 880 6328
908 910 2571
207 209 344
662 664 1769
348 351 2792
949 951 5039
962 964 6829
425 427 6734
557 558 6766
845 846 5640
785 787 282
802 805 8827
240 243 9560
546 549 2163
488 491 5607
180 182 1266
509 511 5554
831 832 2845
812 814 1562
132 135 8440
456 459 412
144 147 6006
974 976 3852
25 26 9330
735 736 5945
997 998 1962
421 423 179
405 406 5564
883 885 67
404 406 5650
474 476 2878
389 391 3691
191 193 3673
745 746 1565
609 610 9671
166 168 6655
954 956 6495
34 37 3586
127 129 7327
60 62 8554
498 501 2056
770 773 1187
181 182 3920
313 314 448
901 902 4653
794 797 6696
547 548 6025
69 71 6273
892 895 6028
330 332 6710
951 953 5932
592 594 2595
198 200 7430
305 306 5907
163 165 9283
994 997 366
264 267 2772
711 712 3986
450 453 238
564 567 380
248 250 8704
836 839 2945
26 29 5642
294 296 5763
414 416 8312
809 810 5915
244 247 9153
791 792 4293
574 577 3508
382 384 8181
66 68 7568
438 440 3986
15 17 5937
609 611 6609
31 32 8113
912 915 9913
730 733 7786
778 780 5982
225 226 6007
823 825 7032
124 126 7366
634 636 4934
880 882 5313
527 529 8984
79 81 9401
61 62 623
352 355 7388
560 562 1926
515 517 5258
146 148 5980
925 927 4833
662 665 3623
837 839 6765
724 727 3722
235 237 5034
663 664 5415
916 918 9033
197 198 6878
464 466 9067
788 791 8985
375 376 7941
36 39 3517
199 200 7641
641 643 2866
916 919 4099
208 211 6597
283 285 3899
865 867 6904
164 166 1644
420 423 3714
304 307 3074
448 451 2965
823 824 1171
966 969 5828
937 939 7955
257 258 1702
602 604 3252
664 666 4050
246 249 93
761 762 615
86 88 7201
245 246 1898
830 832 7651
135 136 8765
758 761 2462
476 479 7312
254 257 6912
178 181 495
627 628 3679
232 234 5557
515 516 5130
506 508 9668
570 573 6002
334 336 1017
151 152 2039
628 630 9406
527 528 1854
424 427 3287
335 336 6325
582 585 9151
93 95 6102
341 343 8516
855 856 699
28 30 9955
373 375 4747
530 533 7026
893 895 4192
941 942 992
991 992 1440
270 272 6902
93 94 7980
275 277 2613
967 968 2307
776 778 1874
337 339 8240
51 53 5118
805 806 6840
70 72 6429
805 807 4526
696 699 3032
67 69 3346
277 279 966
260 263 4089
109 111 639
989 991 8963
178 180 4503
542 544 8499
728 730 3989
719 720 9262
28 31 9858
972 974 7881
306 308 3397
474 477 7818
271 272 2607
793 794 7066
208 210 9260
712 715 7935
149 150 5110
27 28 6175
101 103 3668
73 74 4927
382 385 6961
51 52 9019
528 530 7588
657 658 1391
140 142 6232
927 929 6337
343 344 5296
589 591 2333
837 838 5266
101 102 3825
815 817 5393
11 13 6743
551 553 7125
647 649 7060
992 994 7204
117 119 3373
946 949 253
415 416 4500
578 581 5194
504 506 2434
953 954 494
762 764 7834
946 948 4103
412 414 388
399 401 316
465 466 1410
874 877 3102
301 303 9001
978 980 1141
263 265 5103
581 582 2956
598 601 1745
274 277 7222
249 251 7139
41 42 5807
150 152 2395
879 881 9954
641 642 7223
778 781 4152
215 217 471
415 417 4312
660 662 7618
707 709 3268
424 426 6596
579 580 2320
740 743 1844
19 21 2940
880 883 9523
549 551 6484
702 704 1610
898 901 4237
552 554 5612
910 913 1813
784 787 219
955 956 8349
721 723 8067
865 866 5508
123 124 555
772 774 6216
353 354 5456
398 401 4443
253 254 7285
739 740 3179
243 244 2949
314 316 678
0 2 6899
684 686 6106
661 662 2032
573 575 5339
729 731 3782
442 445 7526
480 482 7466
605 607 8749
328 331 2386
69 70 2586
820 822 5896
438 441 9803
875 876 7367
328 330 9454
122 125 7783
37 38 3029
736 739 7485
987 989 6034
59 61 3102
433 434 8534
152 154 7090
755 756 1151
676 678 6031
62 64 5021
649 651 4822
260 262 2686
409 411 9056
957 958 5361
44 46 5500
299 301 4695
283 284 8300
919 921 7852
434 437 6336
417 419 7716
697 699 3758
781 783 9828
304 306 6299
475 477 3527
569 571 610
83 84 6931
126 129 3711
682 685 8944
242 245 6124
568 570 4729
787 788 8876
787 789 7520
378 380 9111
162 165 183
815 816 1175
350 353 3591
800 803 9957
494 496 1334
110 113 624
903 904 383
459 460 8112
359 360 1203
467 469 5938
242 244 7774
983 985 8691
770 772 1417
478 480 4557
204 206 6299
802 804 6821
518 521 6475
576 579 6120
273 275 6383
320 323 8611
311 312 5359
201 202 6048
653 654 3980
442 444 5463
149 151 4147
784 786 6583
216 218 4130
655 656 3809
115 117 2148
659 660 7427
117 118 8174
114 117 7544
446 448 8421
851 853 8068
112 114 6387
615 617 5769
348 350 4026
586 589 9523
278 281 4207
301 302 8709
190 192 3988
909 911 505
905 907 4126
912 914 14
750 752 6917
739 741 6410
219 221 2407
972 975 8930
202 205 3164
927 928 1616
205 207 3590
511 513 2109
786 788 6964
825 826 4236
336 339 8911
266 269 3450
588 591 1570
694 696 7722
81 82 119
367 369 966
439 441 5783
265 267 392
783 785 4977
158 160 3604
873 875 5020
528 531 8887
813 815 7375
866 868 9209
145 147 2333
803 804 181
445 446 3597
285 286 279
948 951 8678
858 861 611
9 10 2703
558 561 7482
307 308 6852
844 846 7983
48 51 3184
984 986 4218
449 450 9400
621 623 1829
574 576 9087
700 703 1030
369 370 4394
443 444 2719
74 76 8354
518 520 6816
835 837 5454
10 12 2612
501 502 2228
265 266 3126
113 114 38
371 372 2988
529 531 6985
743 744 5483
877 878 2772
38 40 143
258 261 9707
78 81 4688
340 343 2333
228 231 9159
539 541 996
358 361 6497
68 70 7135
455 457 8918
102 104 997
381 383 1209
383 385 8830
827 828 6009
562 565 8572
492 495 3893
368 371 7083
955 957 1044
841 842 4877
213 215 4766
172 174 4728
958 961 6310
840 842 3908
601 602 609
611 612 9810
465 467 3757
651 653 6719
3 4 4358
896 899 8578
99 101 538
431 433 1404
303 305 527
272 274 4764
650 653 6150
710 713 9607
116 118 8377
872 874 1949
386 389 913
922 924 7388
885 887 9090
140 143 2901
111 113 4876
74 77 9015
237 238 8515
964 966 2426
643 645 1575
0 477
0 485
0 663
0 51
0 314
0 399
0 534
0 85
0 512
0 413
0 205
0 172
0 659
0 710
0 961
0 14
0 998
0 350
0 300
0 727
0 961
0 834
0 433
0 77
0 186
0 953
0 71
0 424
0 625
0 902
0 468
0 682
0 690
0 754
0 936
0 294
0 203
0 93
0 236
0 689
0 469
0 295
0 701
0 764
0 288
0 194
0 585
0 345
0 786
0 487
0 250
0 841
0 216
0 34
0 761
0 518
0 164
0 457
0 993
0 168
0 247
0 671
0 823
0 55
0 282
0 273
0 709
0 226
0 988
0 672
0 953
0 932
0 589
0 479
0 75
0 293
0 292
0 698
0 822
0 187
0 446
0 566
0 310
0 53
0 871
0 250
0 984
0 558
0 204
0 496
0 177
0 151
0 484
0 48
0 653
0 301
0 774
0 606
0 611
0 854
0 878
0 555
0 667
0 146
0 195
0 270
0 101
0 728
0 789
0 43
0 513
0 581
0 451
0 556
0 674
0 70
0 728
0 867
0 822
0 341
0 482
0 894
0 543
0 274
0 659
0 423
0 599
0 326
0 471
0 813
0 935
0 851
0 155
0 907
0 284
0 133
0 210
0 749
0 81
0 894
0 979
0 98
0 656
0 32
0 135
0 895
0 882
0 249
0 331
0 433
0 152
0 427
0 751
0 890
0 784
0 62
0 508
0 351
0 904
0 690
0 380
0 317
0 700
0 868
0 180
0 596
0 2
0 326
0 163
0 753
0 34
0 821
0 31
0 652
0 795
0 156
0 811
0 44
0 990
0 121
0 408
0 424
0 668
0 28
0 275
0 881
0 677
0 742
0 694
0 240
0 705
0 736
0 530
0 996
0 704
0 392
0 15
0 382
0 588
0 822
0 392
0 522
0 324
0 576
0 794
0 366
0 683
0 700
0 773
0 232
0 439
0 417
0 696
0 548
0 554
0 837
0 592
0 389
0 285
0 173
0 243
0 806
0 711
0 859
0 447
0 888
0 838
0 465
0 22
0 953
0 582
0 452
0 1
0 419
0 344
0 252
0 290
0 591
0 41
0 334
0 451
0 73
0 683
0 778
0 615
0 29
0 303
0 21
0 400
0 609
0 296
0 246
0 6
0 471
0 334
0 920
0 134
0 727
0 611
0 695
0 510
0 636
0 424
0 764
0 304
0 522
0 886
0 975
0 164
0 923
0 528
0 371
0 105
0 188
0 533
0 948
0 468
0 904
0 459
0 56
0 398
0 395
0 373
0 40
0 310
0 985
0 746
0 912
0 388
0 854
0 242
0 100
0 342
0 316
0 142
0 939
0 605
0 461
0 772
0 361
0 200
0 895
0 899
0 808
0 468
0 614
0 268
0 802
0 332
0 807
0 743
0 27
0 675
0 482
0 699
0 586
0 636
0 965
0 735
0 227
0 836
0 40
0 901
0 10
0 220
0 861
0 168
0 316
0 166
0 365
0 924
0 181
0 95
0 835
0 992
0 860
0 687
0 381
0 130
0 31
0 244
0 402
0 510
0 331
0 872
0 1
0 531
0 813
0 979
0 612
0 247
0 524
0 398
0 172
0 992
0 436
0 201
0 888
0 354
0 200
0 998
0 234
0 147
0 997
0 557
0 808
0 421
0 241
0 491
0 403
0 75
0 262
0 509
0 148
0 45
0 20
0 134
0 450
0 571
0 341
0 528
0 167
0 371
0 182
0 861
0 506
0 51
0 988
0 333
0 149
0 685
0 304
0 286
0 478
0 109
0 872
0 996
0 366
0 246
0 796
0 981
0 603
0 221
0 955
0 506
0 137
0 205
0 734
0 304
0 276
0 348
0 565
0 857
0 52
0 693
0 990
0 459
0 430
0 12
0 243
0 658
0 880
0 848
0 741
0 922
0 682
0 825
0 604
0 906
0 62
0 533
0 986
0 237
0 772
0 430
0 719
0 6
0 799
0 293
0 856
0 920
0 618
0 537
0 354
0 953
0 532
0 815
0 449
0 767
0 598
0 769
0 768
0 514
0 885
0 720
0 173
0 555
0 490
0 851
0 723
0 335
0 237
0 205
0 222
0 50
0 68
0 244
0 557
0 492
0 949
0 521
0 272
0 618
0 635
0 526
0 15
0 210
0 356
0 983
0 379
0 604
0 178
0 968
0 751
0 323
0 300
0 928
0 894
0 936
0 20
0 674
0 888
0 167
0 56
0 6
0 30
0 516
0 175
0 97
0 827
0 12
0 218
0 3
0 127
0 609
0 256
0 650
0 350
0 278
0 122
0 436
0 182
0 675
0 378
0 565
0 514
0 442
0 372
0 419
0 364
0 91
0 449
0 151
0 929
0 505
0 527
0 139
0 404
0 566
0 873
0 256
0 48
0 843
0 329
0 550
0 57
0 492
0 946
0 906
0 426
0 912
0 689
0 643
0 403
0 163
0 421
0 154
0 429
0 91
0 656
0 887
0 154
0 160
0 530
0 923
0 753
0 711
0 277
0 563
0 630
0 320
0 481
0 227
0 818
0 831
0 630
0 358
0 131
0 524
0 968
0 236
0 793
0 208
0 644
0 49
0 412
0 891
0 310
0 563
0 6
0 522
0 304
0 216
0 34
0 332
0 945
0 108
0 545
0 732
0 752
0 82
0 890
0 475
0 737
0 866
0 932
0 699
0 551
0 918
0 439
0 421
0 441
0 651
0 362
0 888
0 700
0 902
0 605
0 32
0 332
0 137
0 466
0 737
0 856
0 321
0 162
0 526
0 521
0 797
0 767
0 422
0 884
0 315
0 480
0 459
0 365
0 570
0 275
0 108
0 346
0 629
0 512
0 370
0 392
0 891
0 756
0 505
0 204
0 579
0 409
0 254
0 367
0 808
0 974
0 58
0 241
0 532
0 93
0 705
0 186
0 798
0 958
0 913
0 282
0 324
0 469
0 439
0 268
0 615
0 831
0 523
0 633
0 45
0 122
0 976
0 565
0 556
0 706
0 220
0 349
0 588
0 375
0 52
0 277
0 818
0 377
0 195
0 921
0 579
0 666
0 837
0 193
0 472
0 122
0 153
0 124
0 658
0 979
0 609
0 187
0 132
0 775
0 15
0 22
0 176
0 657
0 931
0 336
0 340
0 403
0 427
0 109
0 238
0 825
0 276
0 374
0 197
0 526
0 872
0 716
0 110
0 198
0 711
0 812
0 223
0 141
0 73
0 169
0 831
0 516
0 917
0 351
0 768
0 357
0 859
0 837
0 961
0 88
0 453
0 452
0 4
0 30
0 487
0 318
0 239
0 709
0 479
0 599
0 105
0 50
0 643
0 649
0 17
0 681
0 101
0 296
0 364
0 4
0 884
0 384
0 822
0 52
0 881
0 783
0 824
0 604
0 709
0 573
0 297
0 971
0 95
0 625
0 272
0 429
0 651
0 750
0 70
0 393
0 690
0 515
0 696
0 326
0 987
0 20
0 489
0 177
0 305
0 849
0 619
0 372
0 700
0 569
0 703
0 193
0 411
0 873
0 599
0 829
0 645
0 978
0 80
0 132
0 578
0 258
0 875
0 131
0 978
0 915
0 464
0 686
0 214
0 103
0 722
0 930
0 24
0 173
0 679
0 855
0 538
0 761
0 974
0 756
0 276
0 695
0 727
0 177
0 24
0 786
0 862
0 949
0 31
0 848
0 928
0 323
0 304
0 899
0 227
0 127
0 115
0 236
0 275
0 378
0 408
0 302
0 368
0 552
0 553
0 696
0 900
0 479
0 580
0 235
0 407
0 755
0 362
0 881
0 373
0 589
0 204
0 928
0 785
0 614
0 815
0 166
0 867
0 604
0 177
0 670
0 371
0 546
0 823
0 755
0 942
0 756
0 4
0 977
0 856
0 54
0 542
0 166
0 48
0 928
0 325
0 66
0 466
0 431
0 54
0 154
0 286
0 877
0 438
0 454
0 824
0 859
0 558
0 862
0 747
0 510
0 992
0 370
0 501
0 253
0 680
0 768
0 144
0 944
0 908
0 778
0 849
0 314
0 616
0 92
0 150
0 111
0 463
0 943
0 565
0 173
0 897
0 528
0 551
0 614
0 860
0 329
0 571
0 910
0 23
0 403
0 662
0 910
0 216
0 846
0 695
0 174
0 130
0 780
0 2
0 989
0 475
0 756
0 159
0 905
0 279
0 523
0 585
0 368
0 885
0 818
0 575
0 997
0 102
0 353
0 14
0 402
0 381
0 779
0 461
0 711
0 529
0 54
0 282
0 555
0 247
0 793
0 477
0 14
0 942
0 797
0 374
0 882
0 734
0 821
0 396
0 82
0 29
0 963
0 845
0 162
0 523
0 262
0 12
0 938
0 829
0 384
0 591
0 754
0 597
0 116
0 566
0 79
0 364
0 611
0 82
0 458
0 304
0 487
0 148
0 469
0 102
0 613
0 557
0 379
0 609
0 92
0 478
0 172
0 641
0 405
0 909
0 974
0 315
0 435
0 603
0 926
0 420
0 221
0 685
0 832
0 160
0 201
0 126
0 294
0 792
0 774
0 999
0 935
0 558
0 504
0 206
0 396
0 111
0 559
0 383
0 524
0 447
0 849
0 845
0 859
0 75
0 32
0 980
0 206
0 94
0 362
0 330
0 773
0 221
0 243
0 987
0 998
0 992
0 143
0 472
0 488
0 977
0 828
0 487
0 473
0 20
0 964
0 555
0 948
0 260
0 159
0 884
0 889
0 905
0 622
0 865
0 50
0 103
0 303
0 576
0 652
0 92
0 653
0 917
0 676
0 465
0 151
0 614
0 208
0 365
0 477
0 555
0 756
0 170
0 868
0 214
0 860
0 76
0 320
0 173
0 556
0 978
0 256
0 69
0 526
0 566
0 439
0 884
0 714
0 76
0 24
0 552
0 805
0 405
0 312
0 685
0 918
0 281
0 865
0 723
0 143
0 553
0 238
0 479
0 113
0 79
0 703
0 290
0 493
0 44
0 286
0 740
0 894
0 969
0 740
0 447
0 487
0 760
0 524
0 702
0 234
0 950
0 418
0 478
0 41
0 801
0 467
0 472
0 762
0 520
0 276
0 719
0 798
0 555
0 374
0 423
0 29
0 727
0 453
0 702
0 576
0 401
0 684
0 594
0 193
0 994
0 693
0 58
0 923
0 123
0 128
0 708
0 879
0 18
0 331
0 67
0 319
0 503
0 176
0 51
0 572
0 409
0 220
0 775
0 419
0 35
0 798
0 936
0 488
0 358
0 950
0 256
0 444
0 86
0 92
0 733
0 118
0 586
0 581
0 366
0 593
0 590
0 138
0 800
0 705
0 340
0 220
0 376
0 216
0 174
0 514
0 995
0 617
0 974
0 345
0 17
0 267
0 167
0 457
0 800
0 565
0 847
0 885
0 273
0 541
0 217
0 565
0 511
0 324
0 956
0 670
0 409
0 993
0 474
0 928
0 611
0 370
0 580
0 645
0 670
0 109
0 981
0 920
0 323
0 846
0 570
0 209
0 34
0 381
0 855
0 535
0 729
0 154
0 124
0 964
0 263
0 673
0 717
0 637
0 188
0 426
0 797
0 679
0 470
0 622
0 341
0 997
0 713
0 703
0 237
0 111
0 977
0 108
0 58
0 49
0 292
0 388
0 940
0 1
0 757
0 648
0 309
0 472
0 692
0 577
0 136
0 111
0 446
0 181
0 241
0 443
0 15
0 693
0 974
0 481
0 420
0 609
0 575
0 187
0 691
0 297
0 657
0 259
0 905
0 580
0 971
0 368
0 957
0 331
0 576
0 399
0 931
0 330
0 52
0 726
0 69
0 975
0 900
0 903
0 189
0 265
0 129
0 474
0 752
0 647
0 172
0 971
0 487
0 212
0 724
0 357
0 921
0 450
0 513
0 508
0 824
0 460
0 383
0 578
0 919
0 7
0 649
0 12
0 204
0 397
0 766
0 609
0 883
0 240
0 260
0 493
0 977
0 194
0 231
0 142
0 43
0 296
0 763
0 60
0 598
0 45
0 19
0 175
0 977
0 529
0 792
0 366
0 292
0 74
0 607
0 152
0 332
0 617
0 450
0 229
0 8
0 369
0 820
0 362
0 764
0 69
0 706
0 114
0 815
0 750
0 108
0 963
0 385
0 355
0 871
0 610
0 37
0 687
0 375
0 705
0 952
0 662
0 188
0 968
0 517
0 213
0 368
0 306
0 372
0 879
0 877
0 161
0 439
0 603
0 397
0 709
0 435
0 689
0 929
0 118
0 834
0 666
0 426
0 781
0 145
0 900
0 950
0 605
0 515
0 576
0 800
0 756
0 325
0 228
0 44
0 372
0 183
0 233
0 439
0 126
0 88
0 927
0 407
0 961
0 207
0 303
0 856
0 169
0 399
0 73
0 83
0 460
0 911
0 827
0 95
0 840
0 807
0 171
0 457
0 563
0 608
0 203
0 730
0 219
0 835
0 219
0 454
0 604
0 654
0 925
0 931
0 494
0 235
0 7
0 946
0 962
0 139
0 919
0 784
0 801
0 605
0 513
0 227
0 685
0 644
0 676
0 485
0 737
0 314
0 357
0 455
0 766
0 736
0 528
0 330
0 525
0 378
0 521
0 256
0 679
0 734
0 53
0 466
0 31
0 277
0 487
0 150
0 757
0 973
0 248
0 546
0 807
0 802
0 912
0 250
0 865
0 896
0 693
0 902
0 29
0 321
0 903
0 573
0 833
0 446
0 768
0 256
0 463
0 54
0 777
0 296
0 674
0 252
0 425
0 546
0 566
0 488
0 719
0 66
0 130
0 129
0 32
0 946
0 176
0 884
0 284
0 969
0 650
0 226
0 622
0 756
0 733
0 689
0 243
0 44
0 629
0 146
0 316
0 10
0 21
0 935
0 233
0 206
0 617
0 538
0 148
0 420
0 363
0 633
0 306
0 282
0 821
0 325
0 261
0 84
0 292
0 622
0 576
0 369
0 343
0 736
0 803
0 988
0 139
0 1
0 982
0 274
0 748
0 67
0 488
0 841
0 486
0 162
0 496
0 829
0 819
0 411
0 865
0 809
0 573
0 59
0 185
0 50
0 396
0 701
0 13
0 930
0 708
0 111
0 923
0 214
0 661
0 490
0 836
0 439
0 391
0 56
0 486
0 585
0 279
0 860
0 971
0 662
0 563
0 358
0 569
0 977
0 677
0 746
0 45
0 336
0 38
0 413
0 153
0 855
0 459
0 541
0 138
0 255
0 776
0 429
0 513
0 594
0 721
0 581
0 40
0 129
0 594
0 445
0 22
0 894
0 131
0 678
0 277
0 371
0 438
0 986
0 643
0 6
0 20
0 735
0 296
0 582
0 727
0 637
0 291
0 856
0 198
0 968
0 405
0 866
0 663
0 532
0 15
0 925
0 86
0 526
0 277
0 703
0 587
0 115
0 419
0 524
0 783
0 455
0 191
0 263
0 735
0 878
0 153
0 912
0 315
0 505
0 107
0 479
0 710
0 213
0 101
0 27
0 543
0 651
0 478
0 860
0 748
0 361
0 90
0 38
0 915
0 235
0 49
0 956
0 83
0 886
0 831
0 364
0 607
0 485
0 355
0 266
0 155
0 782
0 383
0 325
0 716
0 263
0 669
0 286
0 456
0 726
0 137
0 582
0 563
0 969
0 307
0 403
0 550
0 214
0 38
0 679
0 636
0 63
0 801
0 23
0 180
0 790
0 323
0 978
0 324
0 889
0 121
0 972
0 797
0 372
0 276
0 931
0 239
0 260
0 974
0 513
0 47
0 54
0 813
0 690
0 836
0 217
0 694
0 440
0 657
0 649
0 431
0 428
0 487
0 282
0 117
0 293
0 363
0 548
0 131
0 660
0 233
0 731
0 222
0 841
0 74
0 72
0 768
0 228
0 468
0 32
0 968
0 592
0 957
0 809
0 511
0 330
0 878
0 562
0 649
0 837
0 627
0 837
0 886
0 19
0 109
0 716
0 806
0 31
0 495
0 514
0 782
0 707
0 451
0 631
0 92
0 588
0 920
0 225
0 182
0 823
0 118
0 867
0 479
0 795
0 372
0 806
0 616
0 841
0 280
0 213
0 318
0 597
0 765
0 378
0 645
0 743
0 15
0 355
0 683
0 217
0 355
0 53
0 289
0 216
0 663
0 255
0 446
0 446
0 616
0 354
0 249
0 443
0 847
0 125
0 601
0 567
0 645
0 864
0 915
0 721
0 331
0 470
0 429
0 332
0 965
0 400
0 325
0 619
0 739
0 655
0 459
0 825
0 13
0 191
0 494
0 898
0 5
0 536
0 726
0 369
0 496
0 894
0 741
0 124
0 356
0 67
0 625
0 88
0 906
0 958
0 370
0 537
0 559
0 34
0 999
0 475
0 861
0 149
0 5
0 38
0 568
0 466
0 958
0 733
0 375
0 647
0 270
0 345
0 205
0 299
0 855
0 725
0 475
0 658
0 45
0 988
0 769
0 167
0 203
0 922
0 583
0 531
0 937
0 70
0 917
0 498
0 352
0 514
0 540
0 516
0 38
0 80
0 728
0 646
0 937
0 809
0 537
0 83
0 152
0 652
0 883
0 9
0 720
0 726
0 937
0 743
0 458
0 94
0 593
0 273
0 83
0 378
0 985
0 787
0 894
0 902
0 509
0 449
0 312
0 58
0 355
0 40
0 747
0 325
0 730
0 275
0 418
0 417
0 70
0 709
0 520
0 394
0 286
0 955
0 943
0 880
0 646
0 884
0 337
0 732
0 257
0 980
0 326
0 735
0 592
0 499
0 785
0 955
0 395
0 326
0 632
0 933
0 7
0 444
0 533
0 831
0 78
0 382
0 710
0 188
0 158
0 874
0 380
0 473
0 611
0 256
0 197
0 290
0 50
0 285
0 781
0 131
0 15
0 650
0 890
0 660
0 402
0 770
0 613
0 553
0 741
0 835
0 685
0 887
0 232
0 311
0 888
0 182
0 686
0 158
0 335
0 355
0 455
0 307
0 839
0 755
0 101
0 170
0 645
0 386
0 16
0 308
0 392
0 459
0 310
0 968
0 123
0 743
0 315
0 575
0 368
0 393
0 191
0 463
0 550
0 861
0 634
0 372
0 48
0 829
0 550
0 221
0 383
0 426
0 842
0 405
0 298
0 989
0 563
0 864
0 304
0 285
0 552
0 864
0 336
0 344
0 853
0 498
0 751
0 988
0 5
0 896
0 530
0 119
0 887
0 104
0 738
0 174
0 232
0 625
0 752
0 440
0 243
0 426
0 509
0 246
0 135
0 358
0 338
0 699
0 172
0 134
0 416
0 900
0 317
0 717
0 305
0 227
0 424
0 998
0 442
0 712
0 887
0 794
0 184
0 943
0 791
0 439
0 11
0 59
0 556
0 735
0 583
0 819
0 346
0 737
0 464
0 381
0 145
0 253
0 349
0 120
0 927
0 251
0 397
0 110
0 156
0 671
0 611
0 367
0 432
0 556
0 715
0 262
0 556
0 648
0 946
0 294
0 688
0 71
0 772
0 693
0 151
0 310
0 640
0 249
0 534
0 132
0 158
0 859
0 160
0 738
0 511
0 935
0 157
0 782
0 60
0 175
0 974
0 681
0 379
0 473
0 678
0 53
0 267
0 517
0 572
0 612
0 637
0 921
0 452
0 3
0 663
0 485
0 762
0 455
0 756
0 569
0 680
0 365
0 654
0 535
0 576
0 957
0 860
0 15
0 507
0 427
0 20
0 995
0 867
0 843
0 981
0 753
0 995
0 272
0 9
0 574
0 655
0 903
0 472
0 786
0 367
0 659
0 285
0 18
0 906
0 889
0 110
0 834
0 64
0 576
0 347
0 318
0 473
0 892
0 941
0 823
0 453
0 267
0 332
0 222
0 253
0 163
0 500
0 425
0 41
0 989
0 35
0 818
0 262
0 597
0 246
0 78
0 732
0 603
0 184
0 19
0 663
0 413
0 936
0 977
0 165
0 68
0 897
0 329
0 548
0 944
0 46
0 805
0 114
0 37
0 350
0 970
0 54
0 113
0 190
0 427
0 453
0 992
0 237
0 24
0 551
0 651
0 550
0 808
0 593
0 421
0 987
0 335
0 859
0 521
0 878
0 230
0 383
0 693
0 429
0 824
0 855
0 169
0 789
0 328
0 209
0 450
0 288
0 419
0 149
0 330
0 369
0 177
0 605
0 710
0 798
0 409
0 868
0 427
0 441
0 585
0 617
0 49
0 320
0 570
0 138
0 844
0 321
0 354
0 994
0 207
0 704
0 235
0 531
0 77
0 577
0 469
0 378
0 980
0 922
0 193
0 153
0 237
0 967
0 694
0 222
0 504
0 649
0 788
0 990
0 239
0 857
0 742
0 859
0 707
0 858
0 709
0 805
0 238
0 167
0 839
0 890
0 797
0 755
0 172
0 175
0 49
0 788
0 627
0 482
0 331
0 768
0 753
0 864
0 523
0 389
0 359
0 412
0 441
0 361
0 171
0 790
0 762
0 309
0 569
0 924
0 101
0 862
0 730
0 493
0 199
0 322
0 374
0 28
0 221
0 456
0 141
0 896
0 773
0 616
0 970
0 302
0 919
0 973
0 27
0 160
0 609
0 783
0 176
0 681
0 422
0 605
0 306
0 367
0 387
0 634
0 67
0 157
0 316
0 835
0 259
0 629
0 326
0 991
0 170
0 649
0 788
0 477
0 507
0 732
0 775
0 647
0 511
0 295
0 944
0 687
0 243
0 513
0 478
0 384
0 44
0 936
0 690
0 163
0 746
0 888
0 638
0 597
0 595
0 816
0 330
0 727
0 742
0 210
0 915
0 794
0 300
0 587
0 898
0 570
0 794
0 611
0 583
0 648
0 465
0 49
0 756
0 203
0 486
0 296
0 46
0 115
0 699
0 220
0 78
0 831
0 428
0 312
0 635
0 139
0 627
0 551
0 752
0 914
0 440
0 3
0 114
0 280
0 952
0 911
0 136
0 544
0 180
0 190
0 4
0 117
0 61
0 72
0 875
0 925
0 107
0 660
0 280
0 40
0 838
0 609
0 797
0 784
0 609
0 343
0 211
0 288
0 924
0 900
0 983
0 556
0 914
0 19
0 169
0 590
0 747
0 419
0 226
0 779
0 664
0 352
0 861
0 725
0 589
0 494
0 916
0 230
0 811
0 774
0 275
0 443
0 94
0 879
0 866
0 834
0 885
0 157
0 501
0 522
0 297
0 229
0 329
0 160
0 854
0 638
0 346
0 120
0 277
0 572
0 727
0 336
0 393
0 614
0 214
0 789
0 848
0 689
0 55
0 922
0 711
0 495
0 856
0 615
0 236
0 139
0 15
0 330
0 476
0 2
0 834
0 718
0 22
0 433
0 183
0 582
0 40
0 302
0 188
0 656
0 938
0 418
0 191
0 574
0 935
0 765
0 15
0 147
0 531
0 735
0 914
0 149
0 484
0 713
0 903
0 318
0 137
0 282
0 431
0 833
0 154
0 119
0 462
0 642
0 848
0 87
0 845
0 375
0 950
0 522
0 741
0 986
0 961
0 475
0 474
0 278
0 25
0 435
0 11
0 837
0 819
0 20
0 39
0 531
0 587
0 462
0 29
0 386
0 242
0 301
0 870
0 361
0 139
0 348
0 166
0 673
0 348
0 436
0 556
0 800
0 870
0 781
0 644
0 834
0 865
0 522
0 883
0 425
0 351
0 59
0 282
0 356
0 795
0 534
0 217
0 17
0 315
0 422
0 684
0 685
0 775
0 413
0 114
0 612
0 541
0 209
0 638
0 215
0 20
0 352
0 374
0 290
0 628
0 997
0 412
0 170
0 484
0 111
0 525
0 552
0 491
0 978
0 945
0 246
0 916
0 372
0 291
0 718
0 646
0 585
0 467
0 197
0 215
0 630
0 431
0 107
0 480
0 146
0 34
0 59
0 569
0 932
0 260
0 896
0 896
0 374
0 464
0 130
0 810
0 148
0 903
0 248
0 794
0 940
0 935
0 710
0 593
0 21
0 849
0 210
0 973
0 181
0 12
0 879
0 287
0 765
0 848
0 434
0 881
0 572
0 140
0 284
0 730
0 747
0 561
0 448
0 262
0 209
0 995
0 511
0 254
0 343
0 516
0 406
0 302
0 502
0 191
0 763
0 13
0 471
0 169
0 778
0 760
0 896
0 650
0 980
0 722
0 135
0 290
0 288
0 203
0 775
0 11
0 602
0 970
0 810
0 421
0 307
0 513
0 26
0 369
0 995
0 339
0 893
0 346
0 267
0 682
0 335
0 921
0 647
0 464
0 96
0 869
0 32
0 702
0 9
0 65
0 572
0 971
0 179
0 322
0 856
0 615
0 188
0 727
0 698
0 459
0 963
0 380
0 690
0 83
0 478
0 564
0 45
0 479
0 874
0 202
0 504
0 12
0 497
0 534
0 343
0 914
0 335
0 713
0 65
0 795
0 747
0 505
0 474
0 567
0 232
0 563
0 346
0 754
0 180
0 181
0 853
0 707
0 983
0 671
0 306
0 701
0 378
0 311
0 140
0 546
0 767
0 11
0 616
0 222
0 891
0 577
0 957
0 693
0 710
0 387
0 939
0 36
0 40
0 998
0 447
0 813
0 443
0 746
0 273
0 374
0 832
0 913
0 993
0 103
0 86
0 112
0 977
0 317
0 887
0 436
0 310
0 242
0 273
0 538
0 758
0 887
0 677
0 185
0 526
0 154
0 460
0 258
0 962
0 994
0 284
0 552
0 991
0 806
0 438
0 723
0 397
0 428
0 732
0 50
0 773
0 653
0 487
0 44
0 571
0 815
0 721
0 239
0 497
0 335
0 495
0 376
0 684
0 911
0 427
0 805
0 939
0 789
0 449
0 42
0 266
0 679
0 893
0 177
0 248
0 589
0 526
0 69
0 137
0 750
0 588
0 456
0 163
0 878
0 266
0 91
0 194
0 561
0 794
0 934
0 865
0 730
0 330
0 608
0 576
0 988
0 300
0 887
0 650
0 583
0 315
0 459
0 133
0 237
0 271
0 619
0 982
0 557
0 839
0 522
0 757
0 710
0 73
0 827
0 79
0 321
0 564
0 110
0 306
0 981
0 112
0 902
0 109
0 658
0 480
0 264
0 507
0 566
0 140
0 494
0 7
0 88
0 839
0 762
0 682
0 664
0 211
0 510
0 238
0 834
0 234
0 964
0 442
0 881
0 738
0 886
0 153
0 402
0 565
0 884
0 660
0 996
0 866
0 849
0 467
0 803
0 248
0 572
0 476
0 440
0 848
0 866
0 680
0 711
0 203
0 908
0 846
0 675
0 522
0 974
0 856
0 767
0 747
0 392
0 789
0 263
0 369
0 419
0 991
0 450
0 551
0 462
0 285
0 213
0 434
0 400
0 266
0 566
0 809
0 176
0 84
0 576
0 258
0 603
0 368
0 602
0 46
0 631
0 456
0 101
0 686
0 435
0 165
0 591
0 423
0 557
0 517
0 996
0 879
0 298
0 351
0 677
0 572
0 614
0 493
0 609
0 437
0 180
0 101
0 958
0 922
0 707
0 728
0 84
0 795
0 520
0 16
0 841
0 709
0 415
0 553
0 666
0 269
0 885
0 941
0 963
0 437
0 539
0 638
0 298
0 247
0 24
0 48
0 836
0 845
0 838
0 160
0 488
0 905
0 723
0 763
0 149
0 109
0 582
0 842
0 984
0 556
0 947
0 334
0 804
0 563
0 388
0 12
0 49
0 693
0 311
0 532
0 620
0 691
0 882
0 171
0 389
0 786
0 226
0 203
0 995
0 155
0 60
0 730
0 931
0 128
0 271
0 104
0 627
0 624
0 184
0 228
0 772
0 632
0 112
0 953
0 999
0 126
0 817
0 82
0 885
0 4
0 687
0 942
0 989
0 499
0 880
0 508
0 799
0 535
0 95
0 557
0 713
0 911
0 906
0 23
0 77
0 601
0 513
0 560
0 90
0 252
0 432
0 448
0 647
0 20
0 826
0 619
0 891
0 698
0 913
0 680
0 374
0 139
0 564
0 935
0 949
0 570
0 411
0 936
0 36
0 601
0 473
0 572
0 678
0 382
0 875
0 93
0 837
0 893
0 888
0 884
0 276
0 121
0 471
0 882
0 606
0 302
0 773
0 467
0 565
0 30
0 338
0 512
0 942
0 462
0 822
0 86
0 895
0 772
0 356
0 874
0 64
0 666
0 174
0 504
0 232
0 325
0 699
0 490
0 464
0 612
0 741
0 411
0 724
0 705
0 444
0 223
0 487
0 216
0 464
0 694
0 421
0 950
0 646
0 909
0 128
0 4
0 500
0 616
0 331
0 750
0 475
0 17
0 885
0 795
0 574
0 161
0 111
0 792
0 967
0 68
0 675
0 967
0 965
0 778
0 828
0 533
0 280
0 210
0 636
0 652
0 641
0 628
0 655
0 970
0 632
0 109
0 770
0 332
0 881
0 492
0 335
0 725
0 894
0 475
0 108
0 610
0 108
0 200
0 851
0 906
0 19
0 887
0 946
0 608
0 590
0 385
0 111
0 405
0 342
0 99
0 862
0 496
0 921
0 539
0 579
0 686
0 801
0 675
0 380
0 61
0 832
0 697
0 604
0 756
0 976
0 153
0 527
0 705
0 660
0 997
0 992
0 279
0 639
0 216
0 771
0 779
0 543
0 777
0 75
0 462
0 581
0 480
0 913
0 448
0 647
0 582
0 201
0 681
0 293
0 790
0 135
0 266
0 223
0 635
0 920
0 428
0 803
0 918
0 582
0 270
0 669
0 321
0 984
0 391
0 199
0 527
0 374
0 828
0 611
0 993
0 418
0 755
0 437
0 147
0 443
0 345
0 474
0 778
0 610
0 749
0 548
0 623
0 824
0 612
0 843
0 806
0 242
0 966
0 736
0 917
0 12
0 548
0 370
0 809
0 717
0 573
0 374
0 258
0 746
0 286
0 157
0 596
0 437
0 517
0 589
0 748
0 716
0 572
0 738
0 598
0 892
0 303
0 651
0 676
0 69
0 323
0 747
0 741
0 538
0 595
0 928
0 895
0 756
0 978
0 422
0 419
0 232
0 102
0 891
0 277
0 652
0 399
0 128
0 160
0 177
0 669
0 693
0 389
0 986
0 761
0 1
0 871
0 34
0 448
0 107
0 761
0 284
0 593
0 119
0 299
0 950
0 426
0 496
0 628
0 624
0 418
0 871
0 527
0 631
0 627
0 921
0 44
0 199
0 307
0 483
0 241
0 554
0 109
0 980
0 877
0 874
0 40
0 468
0 905
0 983
0 64
0 255
0 389
0 471
0 178
0 917
0 126
0 688
0 765
0 436
0 56
0 883
0 761
0 975
0 568
0 17
0 134
0 197
0 484
0 391
0 580
0 38
0 507
0 288
0 404
0 495
0 992
0 991
0 248
0 197
0 773
0 733
0 159
0 115
0 743
0 89
0 499
0 995
0 999
0 839
0 550
0 286
0 808
0 494
0 818
0 78
0 846
0 617
0 737
0 984
0 677
0 236
0 572
0 487
0 451
0 606
0 827
0 164
0 171
0 808
0 788
0 687
0 101
0 658
0 202
0 44
0 385
0 498
0 776
0 392
0 877
0 451
0 46
0 90
0 244
0 47
0 908
0 108
0 265
0 128
0 373
0 117
0 626
0 795
0 123
0 142
0 558
0 99
0 4
0 414
0 909
0 635
0 888
0 35
0 913
0 705
0 773
0 566
0 411
0 935
0 641
0 971
0 233
0 903
0 482
0 212
0 300
0 997
0 641
0 586
0 557
0 683
0 650
0 246
0 221
0 129
0 88
0 48
0 828
0 206
0 795
0 526
0 255
0 611
0 142
0 548
0 135
0 352
0 99
0 554
0 678
0 300
0 774
0 652
0 439
0 780
0 458
0 18
0 318
0 900
0 351
0 937
0 146
0 128
0 300
0 376
0 659
0 623
0 388
0 338
0 580
0 572
0 650
0 825
0 808
0 444
0 310
0 338
0 241
0 620
0 937
0 508
0 658
0 587
0 534
0 598
0 117
0 488
0 371
0 61
0 487
0 236
0 969
0 495
0 944
0 517
0 845
0 546
0 801
0 842
0 376
0 566
0 319
0 146
0 255
0 273
0 665
0 454
0 748
0 540
0 277
0 7
0 338
0 791
0 885
0 979
0 792
0 52
0 997
0 961
0 270
0 970
0 18
0 916
0 352
0 955
0 913
0 504
0 614
0 763
0 172
0 852
0 326
0 713
0 959
0 343
0 270
0 569
0 324
0 594
0 124
0 927
0 77
0 980
0 257
0 366
0 43
0 421
0 243
0 625
0 191
0 92
0 351
0 416
0 480
0 264
0 276
0 503
0 77
0 529
0 201
0 994
0 419
0 514
0 118
0 334
0 528
0 161
0 41
0 671
0 640
0 117
0 450
0 257
0 193
0 112
0 346
0 466
0 699
0 441
0 104
0 676
0 694
0 620
0 497
0 245
0 202
0 476
0 694
0 22
0 772
0 467
0 388
0 452
0 675
0 561
0 353
0 181
0 851
0 896
0 832
0 582
0 767
0 889
0 496
0 32
0 285
0 385
0 695
0 88
0 516
0 982
0 194
0 827
0 233
0 439
0 502
0 178
0 504
0 281
0 954
0 277
0 944
0 421
0 135
0 888
0 234
0 828
0 398
0 999
0 746
0 127
0 819
0 80
0 318
0 130
0 509
0 765
0 602
0 428
0 710
0 767
0 64
0 861
0 36
0 3
0 213
0 609
0 62
0 878
0 818
0 182
0 319
0 408
0 396
0 110
0 299
0 32
0 71
0 256
0 520
0 199
0 971
0 513
0 963
0 804
0 392
0 195
0 999
0 209
0 494
0 438
0 448
0 856
0 765
0 609
0 791
0 138
0 811
0 683
0 467
0 360
0 635
0 773
0 228
0 688
0 218
0 542
0 418
0 868
0 586
0 592
0 978
0 727
0 567
0 466
0 737
0 57
0 501
0 265
0 75
0 329
0 17
0 859
0 531
0 71
0 950
0 125
0 425
0 56
0 933
0 678
0 313
0 284
0 360
0 953
0 558
0 257
0 277
0 30
0 100
0 138
0 774
0 887
0 64
0 423
0 724
0 631
0 106
0 673
0 420
0 312
0 48
0 657
0 312
0 558
0 496
0 405
0 273
0 663
0 512
0 244
0 26
0 262
0 979
0 894
0 458
0 629
0 694
0 816
0 666
0 639
0 347
0 580
0 279
0 117
0 439
0 300
0 329
0 942
0 71
0 671
0 446
0 135
0 633
0 476
0 723
0 58
0 996
0 701
0 793
0 58
0 385
0 876
0 965
0 724
0 199
0 58
0 120
0 357
0 819
0 869
0 64
0 289
0 908
0 402
0 954
0 201
0 239
0 41
0 101
0 957
0 973
0 507
0 863
0 557
0 314
0 81
0 782
0 657
0 818
0 638
0 387
0 989
0 382
0 335
0 871
0 176
0 144
0 441
0 801
0 608
0 365
0 274
0 225
0 461
0 854
0 336
0 839
0 441
0 499
0 691
0 557
0 841
0 218
0 138
0 960
0 977
0 327
0 264
0 80
0 255
0 450
0 252
0 583
0 51
0 471
0 147
0 503
0 205
0 758
0 239
0 722
0 199
0 888
0 352
0 629
0 642
0 655
0 703
0 624
0 662
0 733
0 307
0 28
0 683
0 513
0 298
0 920
0 160
0 159
0 13
0 494
0 730
0 459
0 352
0 743
0 947
0 879
0 448
0 911
0 691
0 89
0 841
0 785
0 268
0 426
0 581
0 176
0 656
0 961
0 501
0 15
0 73
0 570
0 531
0 26
0 403
0 259
0 616
0 102
0 135
0 653
0 734
0 847
0 330
0 484
0 373
0 695
0 156
0 795
0 254
0 161
0 253
0 505
0 646
0 624
0 150
0 732
0 79
0 878
0 605
0 233
0 213
0 748
0 922
0 185
0 836
0 543
0 919
0 800
0 286
0 806
0 789
0 678
0 468
0 23
0 311
0 509
0 308
0 538
0 878
0 854
0 84
0 10
0 625
0 950
0 652
0 835
0 336
0 363
0 94
0 307
0 925
0 242
0 65
0 397
0 378
0 370
0 482
0 2
0 709
0 223
0 812
0 397
0 170
0 856
0 125
0 347
0 707
0 226
0 905
0 147
0 919
0 41
0 264
0 558
0 941
0 832
0 191
0 625
0 505
0 629
0 339
0 410
0 478
0 932
0 222
0 479
0 750
0 454
0 59
0 72
0 627
0 723
0 762
0 254
0 15
0 445
0 860
0 730
0 408
0 210
0 862
0 60
0 905
0 271
0 223
0 727
0 497
0 960
0 404
0 488
0 738
0 748
0 431
0 11
0 566
0 127
0 153
0 78
0 615
0 665
0 247
0 616
0 875
0 843
0 883
0 630
0 147
0 204
0 606
0 523
0 735
0 456
0 949
0 913
0 251
0 735
0 229
0 386
0 580
0 636
0 349
0 971
0 148
0 822
0 406
0 685
0 644
0 596
0 471
0 830
0 799
0 456
0 18
0 657
0 57
0 323
0 323
0 472
0 66
0 731
0 187
0 857
0 436
0 172
0 114
0 308
0 910
0 515
0 281
0 451
0 53
0 28
0 760
0 967
0 515
0 309
0 583
0 839
0 710
0 29
0 893
0 101
0 218
0 526
0 244
0 137
0 463
0 839
0 891
0 779
0 49
0 963
0 655
0 244
0 220
0 131
0 815
0 507
0 299
0 344
0 631
0 641
0 557
0 152
0 790
0 195
0 649
0 893
0 414
0 41
0 891
0 175
0 929
0 342
0 336
0 999
0 351
0 235
0 245
0 678
0 915
0 286
0 269
0 787
0 270
0 418
0 346
0 497
0 616
0 504
0 67
0 191
0 313
0 461
0 133
0 488
0 704
0 812
0 755
0 278
0 460
0 49
0 7
0 145
0 464
0 610
0 915
0 966
0 753
0 433
0 337
0 69
0 273
0 197
0 149
0 272
0 420
0 479
0 295
0 346
0 282
0 13
0 957
0 456
0 21
0 437
0 857
0 841
0 129
0 516
0 546
0 183
0 420
0 654
0 651
0 537
0 295
0 715
0 660
0 350
0 726
0 950
0 592
0 41
0 988
0 887
0 626
0 352
0 159
0 870
0 435
0 441
0 544
0 837
0 820
0 925
0 321
0 67
0 446
0 823
0 63
0 217
0 601
0 813
0 578
0 203
0 498
0 869
0 212
0 416
0 428
0 181
0 292
0 194
0 529
0 428
0 822
0 536
0 184
0 6
0 822
0 23
0 241
0 647
0 154
0 101
0 765
0 889
0 18
0 326
0 884
0 560
0 470
0 555
0 909
0 319
0 6
0 226
0 297
0 851
0 724
0 285
0 48
0 323
0 262
0 78
0 92
0 814
0 822
0 874
0 45
0 422
0 648
0 622
0 374
0 940
0 642
0 387
0 967
0 537
0 811
0 888
0 210
0 547
0 92
0 991
0 135
0 172
0 804
0 545
0 319
0 206
0 870
0 774
0 313
0 476
0 779
0 755
0 147
0 621
0 21
0 500
0 200
0 361
0 22
0 358
0 359
0 910
0 356
0 353
0 156
0 980
0 120
0 718
0 452
0 678
0 293
0 199
0 449
0 142
0 470
0 394
0 235
0 543
0 390
0 958
0 931
0 838
0 536
0 995
0 318
0 412
0 828
0 551
0 892
0 136
0 189
0 91
0 601
0 762
0 350
0 383
0 207
0 915
0 764
0 858
0 799
0 285
0 246
0 623
0 727
0 993
0 292
0 412
0 204
0 883
0 15
0 794
0 445
0 772
0 879
0 770
0 145
0 961
0 135
0 915
0 397
0 742
0 195
0 381
0 497
0 342
0 184
0 234
0 139
0 771
0 317
0 63
0 295
0 961
0 30
0 891
0 844
0 896
0 651
0 310
0 975
0 128
0 353
0 951
0 131
0 48
0 52
0 857
0 889
0 550
0 621
0 524
0 493
0 445
0 913
0 513
0 172
0 134
0 393
0 172
0 345
0 518
0 354
0 398
0 497
0 91
0 65
0 657
0 727
0 159
0 85
0 247
0 633
0 340
0 476
0 282
0 904
0 208
0 473
0 848
0 605
0 952
0 661
0 947
0 654
0 77
0 687
0 58
0 590
0 760
0 770
0 748
0 696
0 70
0 368
0 268
0 746
0 849
0 988
0 229
0 578
0 326
0 100
0 60
0 669
0 598
0 614
0 27
0 50
0 623
0 287
0 949
0 124
0 862
0 60
0 574
0 857
0 5
0 848
0 667
0 165
0 807
0 57
0 2
0 676
0 491
0 639
0 546
0 713
0 323
0 156
0 321
0 298
0 515
0 591
0 246
0 224
0 438
0 80
0 523
0 387
0 640
0 156
0 198
0 509
0 274
0 56
0 751
0 445
0 74
0 70
0 542
0 933
0 935
0 854
0 408
0 292
0 89
0 2
0 17
0 14
0 540
0 187
0 976
0 398
0 373
0 123
0 992
0 155
0 750
0 866
0 305
0 173
0 195
0 859
0 276
0 62
0 644
0 68
0 930
0 962
0 699
0 843
0 293
0 461
0 960
0 415
0 874
0 448
0 629
0 228
0 761
0 312
0 487
0 338
0 901
0 489
0 352
0 449
0 483
0 417
0 770
0 927
0 639
0 593
0 222
0 966
0 991
0 177
0 159
0 696
0 365
0 427
0 534
0 825
0 225
0 85
0 450
0 674
0 4
0 523
0 733
0 398
0 856
0 448
0 544
0 700
0 132
0 140
0 91
0 252
0 499
0 404
0 31
0 921
0 603
0 528
0 804
0 962
0 411
0 657
0 697
0 868
0 67
0 148
0 42
0 758
0 572
0 423
0 295
0 554
0 862
0 749
0 38
0 197
0 478
0 867
0 157
0 25
0 124
0 889
0 234
0 276
0 90
0 516
0 96
0 223
0 365
0 485
0 19
0 758
0 475
0 313
0 910
0 770
0 510
0 258
0 545
0 86
0 815
0 845
0 152
0 481
0 830
0 47
0 104
0 996
0 873
0 91
0 367
0 448
0 918
0 312
0 177
0 575
0 892
0 250
0 933
0 633
0 537
0 394
0 285
0 760
0 938
0 583
0 219
0 976
0 208
0 50
0 428
0 240
0 440
0 840
0 353
0 415
0 188
0 164
0 365
0 823
0 78
0 844
0 542
0 858
0 340
0 830
0 145
0 78
0 808
0 902
0 971
0 158
0 174
0 974
0 62
0 676
0 360
0 793
0 384
0 687
0 979
0 928
0 58
0 741
0 494
0 567
0 405
0 165
0 747
0 61
0 466
0 355
0 893
0 361
0 528
0 983
0 652
0 154
0 587
0 296
0 895
0 945
0 757
0 83
0 81
0 298
0 394
0 985
0 713
0 199
0 780
0 339
0 141
0 623
0 309
0 384
0 899
0 304
0 92
0 477
0 912
0 165
0 999
0 312
0 611
0 937
0 257
0 806
0 72
0 835
0 746
0 456
0 578
0 755
0 214
0 832
0 91
0 75
0 397
0 256
0 935
0 952
0 682
0 966
0 719
0 86
0 567
0 974
0 354
0 761
0 288
0 605
0 514
0 567
0 766
0 566
0 893
0 378
0 499
0 222
0 126
0 218
0 10
0 188
0 952
0 94
0 890
0 205
0 622
0 229
0 840
0 428
0 566
0 13
0 369
0 808
0 670
0 248
0 508
0 248
0 678
0 508
0 552
0 143
0 727
0 109
0 468
0 45
0 592
0 866
0 546
0 396
0 741
0 471
0 330
0 962
0 234
0 75
0 371
0 178
0 959
0 885
0 866
0 835
0 138
0 881
0 206
0 354
0 626
0 140
0 465
0 145
0 356
0 236
0 157
0 607
0 307
0 349
0 616
0 780
0 863
0 817
0 880
0 807
0 800
0 858
0 520
0 887
0 64
0 262
0 924
0 45
0 986
0 596
0 460
0 203
0 175
0 834
0 386
0 917
0 981
0 988
0 116
0 560
0 230
0 99
0 625
0 934
0 369
0 623
0 399
0 346
0 508
0 691
0 986
0 644
0 194
0 605
0 953
0 413
0 901
0 737
0 280
0 472
0 667
0 59
0 732
0 393
0 899
0 168
0 110
0 778
0 388
0 587
0 516
0 728
0 873
0 20
0 197
0 520
0 544
0 150
0 175
0 507
0 62
0 227
0 603
0 909
0 76
0 550
0 934
0 595
0 73
0 874
0 953
0 462
0 748
0 119
0 285
0 798
0 454
0 829
0 524
0 769
0 741
0 386
0 845
0 684
0 795
0 590
0 957
0 964
0 200
0 512
0 391
0 508
0 772
0 357
0 389
0 360
0 18
0 802
0 509
0 612
0 576
0 864
0 51
0 208
0 860
0 473
0 525
0 802
0 509
0 757
0 481
0 989
0 580
0 996
0 846
0 577
0 171
0 239
0 230
0 945
0 328
0 62
0 141
0 74
0 817
0 532
0 136
0 100
0 850
0 463
0 977
0 616
0 857
0 201
0 575
0 735
0 561
0 888
0 620
0 271
0 877
0 767
0 696
0 176
0 870
0 892
0 532
0 371
0 485
0 408
0 384
0 593
0 475
0 257
0 491
0 831
0 377
0 115
0 98
0 855
0 990
0 708
0 629
0 563
0 902
0 160
0 26
0 969
0 852
0 34
0 187
0 909
0 683
0 212
0 153
0 352
0 114
0 10
0 550
0 150
0 877
0 39
0 507
0 892
0 741
0 560
0 135
0 226
0 989
0 613
0 577
0 798
0 247
0 21
0 842
0 497
0 577
0 444
0 572
0 261
0 227
0 360
0 927
0 989
0 142
0 66
0 476
0 325
0 246
0 227
0 60
0 548
0 265
0 775
0 938
0 571
0 740
0 681
0 298
0 668
0 745
0 721
0 698
0 715
0 126
0 537
0 498
0 277
0 696
0 964
0 886
0 89
0 972
0 597
0 268
0 83
0 815
0 856
0 673
0 22
0 364
0 468
0 834
0 666
0 642
0 819
0 511
0 150
0 213
0 825
0 151
0 323
0 81
0 607
0 654
0 395
0 176
0 610
0 433
0 2
0 883
0 300
0 139
0 473
0 791
0 380
0 260
0 52
0 548
0 642
0 280
0 834
0 909
0 901
0 809
0 46
0 849
0 775
0 415
0 594
0 76
0 544
0 861
0 264
0 491
0 601
0 235
0 699
0 718
0 99
0 248
0 618
0 279
0 448
0 81
0 888
0 805
0 107
0 718
0 612
0 854
0 765
0 705
0 719
0 352
0 821
0 355
0 3
0 29
0 218
0 301
0 394
0 830
0 378
0 699
0 498
0 684
0 244
0 567
0 382
0 263
0 515
0 702
0 346
0 369
0 677
0 240
0 502
0 465
0 885
0 940
0 180
0 322
0 815
0 948
0 995
0 34
0 692
0 426
0 74
0 657
0 548
0 976
0 400
0 231
0 183
0 801
0 353
0 326
0 452
0 744
0 164
0 860
0 131
0 160
0 979
0 918
0 680
0 47
0 888
0 977
0 967
0 605
0 907
0 452
0 642
0 697
0 422
0 346
0 630
0 81
0 869
0 846
0 439
0 757
0 208
0 971
0 846
0 704
0 590
0 291
0 649
0 687
0 134
0 708
0 839
0 234
0 668
0 890
0 140
0 535
0 526
0 632
0 859
0 873
0 376
0 322
0 255
0 82
0 890
0 402
0 855
0 163
0 426
0 935
0 670
0 237
0 305
0 471
0 840
0 79
0 761
0 739
0 836
0 537
0 585
0 869
0 895
0 278
0 997
0 897
0 273
0 128
0 148
0 595
0 224
0 724
0 350
0 89
0 444
0 405
0 590
0 575
0 771
0 401
0 995
0 205
0 725
0 413
0 988
0 728
0 905
0 99
0 793
0 922
0 873
0 919
0 785
0 476
0 765
0 482
0 314
0 46
0 562
0 549
0 781
0 554
0 63
0 722
0 566
0 87
0 686
0 190
0 16
0 790
0 212
0 384
0 880
0 111
0 15
0 510
0 120
0 294
0 794
0 325
0 41
0 954
0 389
0 649
0 132
0 257
0 163
0 819
0 827
0 569
0 509
0 999
0 169
0 64
0 735
0 414
0 620
0 217
0 861
0 252
0 77
0 383
0 274
0 395
0 766
0 545
0 492
0 90
0 999
0 528
0 51
0 393
0 354
0 82
0 958
0 783
0 739
0 156
0 278
0 462
0 325
0 108
0 219
0 697
0 671
0 131
0 498
0 860
0 251
0 838
0 840
0 692
0 894
0 705
0 811
0 553
0 566
0 171
0 319
0 978
0 406
0 607
0 67
0 439
0 37
0 479
0 798
0 69
0 817
0 43
0 708
0 249
0 576
0 485
0 330
0 827
0 762
0 132
0 933
0 595
0 786
0 808
0 999
0 748
0 764
0 298
0 356
0 5
0 2
0 182
0 63
0 578
0 121
0 55
0 33
0 156
0 276
0 95
0 104
0 718
0 78
0 513
0 11
0 587
0 186
0 850
0 895
0 743
0 436
0 480
0 378
0 440
0 330
0 9
0 941
0 754
0 128
0 926
0 381
0 217
0 187
0 485
0 707
0 81
0 22
0 659
0 269
0 863
0 225
0 642
0 385
0 289
0 741
0 768
0 875
0 789
0 955
0 950
0 946
0 219
0 316
0 637
0 346
0 970
0 651
0 980
0 859
0 597
0 557
0 583
0 85
0 471
0 22
0 547
0 816
0 331
0 996
0 239
0 772
0 978
0 103
0 745
0 898
0 792
0 556
0 415
0 172
0 224
0 952
0 481
0 916
0 260
0 695
0 724
0 220
0 193
0 123
0 65
0 833
0 596
0 396
0 388
0 567
0 454
0 872
0 626
0 569
0 639
0 657
0 848
0 934
0 252
0 636
0 49
0 596
0 214
0 332
0 668
0 372
0 181
0 418
0 379
0 176
0 556
0 477
0 732
0 301
0 795
0 836
0 960
0 126
0 689
0 226
0 545
0 286
0 243
0 630
0 59
0 538
0 302
0 972
0 767
0 231
0 221
0 384
0 330
0 948
0 323
0 749
0 343
0 640
0 923
0 818
0 989
0 335
0 350
0 253
0 217
0 841
0 225
0 433
0 146
0 433
0 966
0 378
0 643
0 31
0 816
0 424
0 983
0 80
0 36
0 102
0 840
0 912
0 886
0 422
0 394
0 812
0 713
0 360
0 912
0 904
0 853
0 896
0 669
0 783
0 859
0 985
0 195
0 2
0 208
0 146
0 754
0 659
0 76
0 554
0 443
0 258
0 775
0 339
0 501
0 701
0 21
0 24
0 924
0 467
0 275
0 587
0 832
0 218
0 538
0 941
0 458
0 577
0 781
0 919
0 129
0 949
0 884
0 317
0 64
0 9
0 833
0 435
0 650
0 98
0 920
0 124
0 112
0 534
0 158
0 610
0 611
0 62
0 262
0 434
0 965
0 685
0 131
0 35
0 968
0 272
0 272
0 630
0 695
0 6
0 605
0 25
0 77
0 776
0 356
0 888
0 295
0 323
0 785
0 930
0 993
0 212
0 337
0 590
0 979
0 493
0 513
0 790
0 609
0 454
0 772
0 181
0 250
0 631
0 61
0 653
0 36
0 37
0 820
0 495
0 870
0 436
0 930
0 351
0 395
0 662
0 519
0 35
0 223
0 749
0 59
0 947
0 602
0 177
0 548
0 966
0 987
0 834
0 586
0 955
0 671
0 478
0 951
0 502
0 903
0 645
0 21
0 458
0 484
0 24
0 203
0 343
0 90
0 529
0 815
0 735
0 105
0 590
0 979
0 474
0 917
0 612
0 786
0 954
0 391
0 947
0 133
0 937
0 138
0 254
0 499
0 787
0 985
0 375
0 162
0 300
0 556
0 527
0 609
0 197
0 431
0 365
0 520
0 995
0 643
0 340
0 582
0 131
0 275
0 301
0 795
0 779
0 893
0 961
0 826
0 549
0 310
0 871
0 759
0 5
0 165
0 174
0 29
0 899
0 825
0 480
0 665
0 92
0 946
0 807
0 681
0 144
0 238
0 307
0 202
0 75
0 426
0 753
0 611
0 555
0 437
0 771
0 251
0 611
0 125
0 472
0 227
0 968
0 224
0 872
0 139
0 92
0 522
0 760
0 394
0 734
0 216
0 58
0 856
0 127
0 62
0 698
0 315
0 843
0 297
0 252
0 261
0 222
0 313
0 530
0 96
0 118
0 621
0 306
0 153
0 125
0 435
0 366
0 712
0 324
0 340
0 367
0 808
0 975
0 98
0 701
0 921
0 592
0 282
0 721
0 790
0 308
0 42
0 791
0 312
0 508
0 94
0 538
0 454
0 627
0 888
0 371
0 777
0 37
0 832
0 438
0 80
0 481
0 598
0 302
0 94
0 899
0 12
0 847
0 342
0 394
0 301
0 550
0 460
0 371
0 35
0 821
0 202
0 782
0 329
0 169
0 310
0 438
0 985
0 536
0 22
0 186
0 880
0 703
0 734
0 643
0 642
0 662
0 15
0 544
0 285
0 451
0 663
0 611
0 210
0 825
0 402
0 758
0 479
0 495
0 430
0 536
0 898
0 852
0 790
0 489
0 381
0 816
0 902
0 110
0 99
0 350
0 35
0 799
0 887
0 268
0 769
0 615
0 93
0 620
0 294
0 578
0 886
0 978
0 561
0 680
0 17
0 414
0 768
0 65
0 107
0 322
0 504
0 623
0 518
0 250
0 441
0 552
0 93
0 150
0 507
0 967
0 78
0 936
0 928
0 860
0 785
0 478
0 395
0 128
0 507
0 649
0 736
0 141
0 694
0 183
0 714
0 329
0 134
0 608
0 294
0 149
0 664
0 982
0 70
0 254
0 522
0 607
0 220
0 532
0 337
0 244
0 209
0 432
0 580
0 102
0 982
0 466
0 965
0 57
0 759
0 195
0 996
0 84
0 569
0 474
0 766
0 676
0 499
0 30
0 384
0 289
0 703
0 133
0 557
0 781
0 887
0 465
0 294
0 452
0 232
0 758
0 934
0 219
0 925
0 563
0 388
0 925
0 64
0 295
0 324
0 321
0 556
0 139
0 404
0 620
0 8
0 901
0 888
0 818
0 591
0 925
0 348
0 119
0 748
0 88
0 760
0 475
0 237
0 262
0 320
0 580
0 168
0 128
0 463
0 499
0 154
0 884
0 593
0 490
0 527
0 540
0 11
0 673
0 975
0 580
0 485
0 224
0 880
0 21
0 499
0 390
0 691
0 318
0 637
0 645
0 404
0 689
0 546
0 787
0 428
0 524
0 665
0 604
0 829
0 179
0 611
0 981
0 442
0 402
0 845
0 718
0 643
0 318
0 31
0 379
0 129
0 202
0 571
0 77
0 47
0 960
0 260
0 485
0 949
0 335
0 508
0 435
0 120
0 814
0 757
0 865
0 198
0 595
0 722
0 106
0 842
0 866
0 337
0 513
0 886
0 99
0 795
0 171
0 795
0 22
0 439
0 580
0 651
0 123
0 76
0 568
0 989
0 952
0 50
0 716
0 85
0 197
0 779
0 644
0 594
0 258
0 958
0 932
0 822
0 415
0 938
0 786
0 246
0 697
0 432
0 645
0 474
0 607
0 760
0 917
0 716
0 855
0 959
0 974
0 254
0 171
0 124
0 232
0 676
0 187
0 465
0 873
0 941
0 322
0 521
0 444
0 258
0 201
0 326
0 631
0 418
0 233
0 828
0 900
0 258
0 501
0 43
0 959
0 995
0 401
0 831
0 756
0 61
0 516
0 477
0 590
0 702
0 790
0 148
0 247
0 443
0 331
0 818
0 435
0 485
0 163
0 187
0 494
0 84
0 793
0 804
0 832
0 173
0 896
0 500
0 282
0 28
0 863
0 941
0 727
0 305
0 357
0 595
0 307
0 37
0 886
0 680
0 241
0 434
0 393
0 443
0 25
0 683
0 10
0 546
0 238
0 122
0 757
0 884
0 399
0 643
0 851
0 196
0 263
0 134
0 86
0 255
0 721
0 171
0 593
0 748
0 703
0 343
0 716
0 758
0 692
0 101
0 696
0 737
0 785
0 284
0 354
0 224
0 729
0 736
0 598
0 80
0 266
0 31
0 828
0 912
0 358
0 472
0 178
0 210
0 256
0 575
0 282
0 451
0 770
0 57
0 203
0 448
0 703
0 774
0 409
0 713
0 1
0 472
0 994
0 221
0 914
0 588
0 203
0 807
0 878
0 538
0 650
0 12
0 432
0 837
0 2
0 569
0 387
0 473
0 104
0 559
0 940
0 522
0 347
0 848
0 233
0 617
0 144
0 406
0 464
0 894
0 74
0 13
0 59
0 342
0 251
0 868
0 596
0 227
0 211
0 134
0 636
0 204
0 876
0 14
0 370
0 8
0 43
0 527
0 989
0 94
0 22
0 177
0 822
0 349
0 953
0 593
0 367
0 352
0 882
0 450
0 600
0 889
0 615
0 137
0 513
0 695
0 828
0 736
0 540
0 427
0 708
0 953
0 460
0 832
0 59
0 208
0 608
0 349
0 328
0 431
0 340
0 864
0 246
0 571
0 975
0 391
0 667
0 348
0 374
0 667
0 915
0 51
0 760
0 698
0 926
0 490
0 708
0 728
0 204
0 98
0 11
0 681
0 573
0 723
0 403
0 904
0 898
0 656
0 753
0 484
0 575
0 353
0 527
0 930
0 911
0 481
0 202
0 729
0 603
0 304
0 676
0 806
0 561
0 282
0 160
0 73
0 470
0 214
0 37
0 698
0 540
0 90
0 910
0 86
0 416
0 969
0 502
0 37
0 979
0 682
0 581
0 829
0 697
0 247
0 141
0 738
0 618
0 268
0 31
0 925
0 100
0 895
0 34
0 51
0 266
0 420
0 380
0 143
0 809
0 329
0 861
0 442
0 180
0 887
0 495
0 60
0 915
0 626
0 733
0 727
0 968
0 571
0 434
0 169
0 556
0 26
0 98
0 348
0 588
0 20
0 498
0 330
0 355
0 953
0 228
0 913
0 724
0 775
0 996
0 296
0 268
0 674
0 156
0 226
0 547
0 734
0 928
0 957
0 5
0 108
0 243
0 145
0 985
0 720
0 498
0 440
0 410
0 939
0 91
0 197
0 174
0 866
0 872
0 706
0 618
0 250
0 965
0 94
0 766
0 662
0 145
0 595
0 138
0 706
0 853
0 863
0 897
0 354
0 772
0 702
0 11
0 502
0 129
0 806
0 124
0 326
0 119
0 618
0 645
0 639
0 939
0 130
0 548
0 747
0 796
0 784
0 898
0 446
0 264
0 975
0 847
0 193
0 856
0 149
0 306
0 274
0 995
0 717
0 822
0 579
0 437
0 509
0 556
0 814
0 726
0 375
0 463
0 472
0 791
0 241
0 480
0 373
0 346
0 453
0 303
0 41
0 395
0 686
0 253
0 190
0 575
0 911
0 950
0 656
0 264
0 863
0 555
0 215
0 348
0 17
0 96
0 286
0 362
0 494
0 144
0 441
0 251
0 109
0 575
0 300
0 492
0 554
0 716
0 276
0 672
0 534
0 737
0 159
0 710
0 207
0 903
0 306
0 40
0 975
0 646
0 554
0 719
0 817
0 407
0 348
0 97
0 62
0 149
0 47
0 247
0 930
0 747
0 748
0 221
0 311
0 682
0 473
0 852
0 655
0 915
0 793
0 464
0 64
0 187
0 668
0 144
0 185
0 436
0 352
0 818
0 418
0 526
0 672
0 920
0 89
0 77
0 726
0 196
0 98
0 536
0 581
0 950
0 108
0 912
0 395
0 275
0 2
0 524
0 333
0 748
0 653
0 479
0 288
0 201
0 334
0 737
0 895
0 992
0 302
0 744
0 773
0 953
0 182
0 455
0 527
0 704
0 312
0 58
0 128
0 243
0 140
0 530
0 813
0 594
0 325
0 547
0 199
0 279
0 973
0 275
0 349
0 128
0 436
0 591
0 780
0 385
0 372
0 449
0 464
0 728
0 70
0 227
0 1
0 265
0 357
0 899
0 817
0 546
0 753
0 298
0 568
0 91
0 493
0 413
0 456
0 480
0 977
0 931
0 528
0 109
0 216
0 997
0 924
0 242
0 947
0 560
0 201
0 675
0 522
0 68
0 926
0 403
0 347
0 118
0 418
0 788
0 868
0 322
0 974
0 186
0 781
0 921
0 157
0 106
0 16
0 953
0 381
0 494
0 834
0 939
0 700
0 788
0 766
0 394
0 267
0 264
0 89
0 138
0 989
0 676
0 683
0 486
0 717
0 10
0 487
0 806
0 262
0 557
0 121
0 431
0 57
0 715
0 271
0 799
0 257
0 24
0 937
0 737
0 759
0 468
0 15
0 453
0 428
0 499
0 964
0 518
0 655
0 502
0 957
0 340
0 349
0 667
0 242
0 805
0 808
0 648
0 763
0 651
0 38
0 773
0 361
0 698
0 78
0 324
0 7
0 212
0 549
0 235
0 571
0 353
0 148
0 506
0 378
0 580
0 332
0 794
0 321
0 570
0 182
0 407
0 744
0 62
0 863
0 272
0 753
0 168
0 475
0 287
0 678
0 510
0 596
0 120
0 300
0 272
0 658
0 265
0 933
0 582
0 492
0 358
0 416
0 803
0 570
0 351
0 868
0 655
0 292
0 11
0 456
0 82
0 87
0 134
0 24
0 437
0 560
0 53
0 532
0 553
0 65
0 148
0 688
0 47
0 245
0 329
0 908
0 550
0 74
0 27
0 392
0 587
0 454
0 424
0 389
0 553
0 542
0 263
0 402
0 285
0 968
0 890
0 224
0 413
0 903
0 385
0 161
0 998
0 363
0 312
0 444
0 663
0 34
0 842
0 379
0 757
0 515
0 57
0 561
0 21
0 353
0 652
0 606
0 681
0 903
0 417
0 531
0 299
0 85
0 323
0 210
0 10
0 710
0 264
0 969
0 333
0 647
0 101
0 732
0 215
0 726
0 813
0 523
0 981
0 542
0 345
0 696
0 599
0 188
0 900
0 546
0 728
0 479
0 999
0 564
0 177
0 251
0 549
0 424
0 975
0 299
0 219
0 704
0 782
0 590
0 282
0 187
0 294
0 554
0 766
0 767
0 794
0 748
0 458
0 980
0 233
0 987
0 956
0 167
0 274
0 339
0 94
0 682
0 374
0 652
0 282
0 2
0 393
0 650
0 341
0 277
0 163
0 194
0 891
0 312
0 230
0 552
0 985
0 784
0 21
0 386
0 655
0 296
0 675
0 830
0 800
0 266
0 771
0 755
0 631
0 23
0 639
0 446
0 630
0 976
0 725
0 536
0 545
0 356
0 962
0 933
0 681
0 271
0 88
0 760
0 182
0 589
0 757
0 865
0 449
0 448
0 663
0 578
0 507
0 61
0 839
0 648
0 968
0 646
0 544
0 535
0 183
0 592
0 242
0 473
0 478
0 487
0 109
0 290
0 632
0 470
0 459
0 578
0 248
0 769
0 210
0 456
0 559
0 494
0 497
0 751
0 195
0 374
0 428
0 489
0 950
0 834
0 947
0 238
0 809
0 203
0 845
0 796
0 831
0 20
0 228
0 358
0 174
0 702
0 48
0 309
0 148
0 638
0 75
0 746
0 257
0 320
0 465
0 97
0 149
0 289
0 749
0 960
0 162
0 330
0 362
0 644
0 843
0 977
0 615
0 603
0 857
0 16
0 171
0 273
0 155
0 93
0 973
0 260
0 944
0 132
0 397
0 380
0 187
0 747
0 939
0 734
0 393
0 326
0 168
0 497
0 524
0 290
0 170
0 527
0 924
0 223
0 508
0 593
0 292
0 544
0 87
0 137
0 154
0 40
0 63
0 179
0 10
0 488
0 469
0 569
0 467
0 50
0 303
0 304
0 470
0 961
0 930
0 793
0 611
0 217
0 381
0 404
0 846
0 243
0 906
0 521
0 149
0 178
0 825
0 790
0 319
0 143
0 933
0 788
0 270
0 363
0 875
0 434
0 473
0 415
0 124
0 154
0 90
0 435
0 941
0 234
0 644
0 53
0 871
0 212
0 457
0 986
0 761
0 769
0 443
0 898
0 770
0 138
0 298
0 5
0 88
0 168
0 321
0 526
0 368
0 590
0 765
0 935
0 996
0 513
0 463
0 558
0 461
0 765
0 229
0 915
0 922
0 943
0 748
0 665
0 558
0 56
0 974
0 853
0 30
0 828
0 98
0 109
0 543
0 942
0 304
0 372
0 115
0 113
0 743
0 943
0 517
0 365
0 448
0 47
0 173
0 498
0 425
0 43
0 545
0 873
0 624
0 387
0 681
0 468
0 549
0 960
0 877
0 136
0 423
0 913
0 371
0 136
0 452
0 662
0 765
0 902
0 169
0 517
0 408
0 129
0 351
0 891
0 991
0 776
0 841
0 653
0 990
0 839
0 854
0 706
0 240
0 905
0 738
0 131
0 757
0 897
0 50
0 657
0 476
0 190
0 118
0 460
0 455
0 711
0 16
0 908
0 850
0 641
0 696
0 760
0 869
0 190
0 763
0 734
0 507
0 6
0 742
0 559
0 671
0 578
0 267
0 522
0 723
0 217
0 637
0 242
0 401
0 133
0 39
0 782
0 267
0 862
0 305
0 134
0 515
0 426
0 672
0 704
0 450
0 233
0 37
0 30
0 22
0 364
0 151
0 500
0 516
0 161
0 550
0 507
0 984
0 362
0 619
0 137
0 131
0 318
0 74
0 626
0 147
0 94
0 665
0 846
0 305
0 852
0 601
0 271
0 718
0 877
0 866
0 759
0 551
0 309
0 736
0 644
0 323
0 811
0 655
0 527
0 661
0 356
0 840
0 295
0 786
0 718
0 481
0 748
0 527
0 310
0 249
0 929
0 972
0 853
0 472
0 140
0 128
0 479
0 341
0 658
0 342
0 980
0 310
0 10
0 50
0 414
0 349
0 844
0 857
0 333
0 310
0 333
0 682
0 618
0 512
0 575
0 219
0 906
0 507
0 230
0 289
0 937
0 170
0 336
0 485
0 978
0 898
0 289
0 269
0 815
0 687
0 496
0 514
0 454
0 736
0 754
0 53
0 182
0 956
0 857
0 392
0 987
0 711
0 150
0 945
0 730
0 571
0 176
0 899
0 463
0 623
0 89
0 27
0 230
0 37
0 274
0 462
0 814
0 906
0 835
0 677
0 10
0 957
0 278
0 830
0 390
0 10
0 497
0 962
0 761
0 607
0 914
0 126
0 14
0 626
0 654
0 770
0 679
0 539
0 281
0 513
0 792
0 426
0 966
0 257
0 383
0 592
0 647
0 432
0 30
0 572
0 495
0 592
0 583
0 234
0 58
0 301
0 494
0 654
0 590
0 962
0 289
0 436
0 796
0 170
0 984
0 392
0 898
0 188
0 639
0 230
0 60
0 708
0 282
0 523
0 486
0 741
0 951
0 787
0 325
0 471
0 490
0 45
0 244
0 645
0 138
0 584
0 56
0 427
0 170
0 745
0 802
0 394
0 265
0 971
0 803
0 828
0 997
0 758
0 513
0 130
0 817
0 936
0 455
0 408
0 743
0 554
0 667
0 231
0 430
0 694
0 907
0 410
0 743
0 313
0 989
0 320
0 502
0 950
0 259
0 576
0 246
0 138
0 181
0 435
0 222
0 87
0 198
0 840
0 667
0 851
0 828
0 189
0 774
0 858
0 540
0 467
0 958
0 764
0 292
0 864
0 813
0 441
0 349
0 347
0 294
0 31
0 133
0 334
0 381
0 278
0 487
0 331
0 75
0 717
0 515
0 541
0 3
0 576
0 35
0 89
0 842
0 567
0 592
0 378
0 235
0 185
0 28
0 135
0 184
0 293
0 837
0 980
0 824
0 336
0 157
0 272
0 116
0 288
0 214
0 247
0 674
0 962
0 701
0 698
0 251
0 747
0 860
0 517
0 329
0 404
0 1
0 817
0 854
0 277
0 852
0 436
0 236
0 603
0 48
0 527
0 763
0 732
0 58
0 76
0 941
0 772
0 606
0 354
0 430
0 787
0 27
0 124
0 453
0 44
0 257
0 550
0 768
0 428
0 785
0 174
0 299
0 697
0 460
0 290
0 303
0 443
0 42
0 457
0 57
0 681
0 538
0 325
0 228
0 839
0 654
0 335
0 109
0 772
0 324
0 718
0 797
0 897
0 152
0 265
0 518
0 647
0 134
0 478
0 468
0 70
0 137
0 678
0 989
0 505
0 849
0 582
0 561
0 799
0 448
0 963
0 30
0 242
0 977
0 107
0 138
0 174
0 320
0 47
0 424
0 93
0 33
0 313
0 558
0 50
0 893
0 863
0 913
0 446
0 720
0 30
0 674
0 135
0 337
0 956
0 888
0 526
0 64
0 317
0 759
0 317
0 897
0 467
0 576
0 243
0 675
0 59
0 287
0 647
0 871
0 986
0 564
0 286
0 632
0 429
0 630
0 523
0 173
0 557
0 328
0 287
0 50
0 346
0 23
0 328
0 654
0 22
0 374
0 887
0 135
0 768
0 725
0 510
0 352
0 385
0 44
0 609
0 434
0 307
0 519
0 520
0 841
0 949
0 335
0 49
0 364
0 381
0 103
0 204
0 199
0 894
0 764
0 362
0 473
0 533
0 733
0 968
0 228
0 961
0 927
0 801
0 616
0 466
0 309
0 918
0 187
0 23
0 534
0 98
0 86
0 694
0 432
0 648
0 744
0 964
0 347
0 610
0 829
0 679
0 591
0 592
0 59
0 3
0 894
0 63
0 126
0 114
0 505
0 700
0 507
0 315
0 526
0 109
0 483
0 242
0 963
0 366
0 627
0 314
0 866
0 11
0 678
0 799
0 974
0 43
0 393
0 531
0 76
0 331
0 542
0 216
0 967
0 567
0 898
0 455
0 184
0 737
0 447
0 879
0 546
0 255
0 785
0 626
0 557
0 81
0 256
0 919
0 959
0 572
0 347
0 567
0 266
0 641
0 196
0 726
0 68
0 199
0 997
0 656
0 681
0 284
0 190
0 959
0 692
0 920
0 646
0 708
0 745
0 496
0 712
0 922
0 251
0 927
0 541
0 507
0 567
0 958
0 266
0 491
0 844
0 774
0 23
0 438
0 517
0 917
0 484
0 231
0 87
0 674
0 212
0 352
0 387
0 115
0 323
0 454
0 608
0 610
0 108
0 237
0 860
0 432
0 843
0 282
0 229
0 655
0 306
0 204
0 964
0 506
0 37
0 820
0 515
0 53
0 4
0 542
0 16
0 329
0 181
0 874
0 28
0 206
0 268
0 124
0 321
0 16
0 807
0 998
0 539
0 401
0 900
0 688
0 902
0 495
0 798
0 159
0 482
0 652
0 465
0 200
0 319
0 426
0 771
0 256
0 876
0 939
0 134
0 471
0 595
0 529
0 304
0 728
0 642
0 250
0 407
0 820
0 940
0 572
0 759
0 435
0 861
0 841
0 477
0 750
0 466
0 45
0 68
0 466
0 281
0 662
0 366
0 17
0 42
0 841
0 453
0 24
0 795
0 391
0 243
0 532
0 845
0 622
0 481
0 234
0 323
0 768
0 686
0 442
0 547
0 46
0 472
0 890
0 389
0 238
0 847
0 692
0 485
0 490
0 61
0 55
0 281
0 168
0 582
0 640
0 789
0 694
0 808
0 488
0 907
0 44
0 799
0 287
0 55
0 175
0 523
0 440
0 772
0 49
0 886
0 991
0 176
0 158
0 54
0 736
0 428
0 451
0 47
0 346
0 294
0 652
0 225
0 951
0 586
0 62
0 453
0 604
0 829
0 711
0 447
0 491
0 218
0 810
0 73
0 968
0 502
0 610
0 34
0 71
0 854
0 560
0 661
0 539
0 948
0 80
0 745
0 834
0 568
0 676
0 319
0 55
0 602
0 25
0 972
0 326
0 779
0 613
0 378
0 354
0 60
0 472
0 318
0 115
0 91
0 782
0 915
0 64
0 845
0 562
0 387
0 941
0 603
0 277
0 316
0 602
0 843
0 926
0 359
0 484
0 289
0 644
0 900
0 815
0 11
0 841
0 132
0 897
0 566
0 222
0 429
0 451
0 729
0 844
0 79
0 301
0 462
0 450
0 382
0 464
0 111
0 898
0 985
0 226
0 942
0 872
0 226
0 286
0 497
0 802
0 188
0 869
0 881
0 590
0 823
0 352
0 875
0 120
0 994
0 883
0 249
0 66
0 57
0 576
0 537
0 226
0 670
0 246
0 431
0 374
0 535
0 361
0 967
0 877
0 653
0 436
0 714
0 898
0 560
0 631
0 759
0 147
0 34
0 472
0 64
0 478
0 790
0 862
0 278
0 599
0 105
0 34
0 885
0 374
0 84
0 596
0 967
0 445
0 138
0 529
0 147
0 965
0 682
0 389
0 981
0 771
0 577
0 410
0 343
0 886
0 621
0 380
0 478
0 327
0 387
0 815
0 286
0 173
0 480
0 30
0 416
0 899
0 125
0 574
0 658
0 565
0 463
0 912
0 795
0 662
0 582
0 665
0 982
0 700
0 50
0 710
0 570
0 313
0 744
0 809
0 752
0 481
0 971
0 648
0 954
0 452
0 42
0 771
0 154
0 135
0 604
0 319
0 897
0 927
0 964
0 630
0 550
0 659
0 520
0 62
0 369
0 899
0 908
0 581
0 989
0 242
0 760
0 910
0 826
0 404
0 22
0 794
0 793
0 925
0 918
0 106
0 82
0 240
0 715
0 289
0 476
0 505
0 928
0 694
0 797
0 875
0 893
0 102
0 60
0 629
0 498
0 759
0 151
0 935
0 903
0 819
0 998
0 833
0 785
0 234
0 38
0 668
0 592
0 165
0 177
0 814
0 267
0 922
0 500
0 696
0 746
0 994
0 226
0 461
0 879
0 410
0 153
0 927
0 799
0 113
0 910
0 783
0 458
0 42
0 594
0 718
0 155
0 756
0 962
0 537
0 395
0 14
0 372
0 678
0 581
0 43
0 367
0 920
0 874
0 485
0 529
0 443
0 229
0 966
0 495
0 598
0 262
0 776
0 896
0 976
0 120
0 599
0 405
0 594
0 257
0 909
0 760
0 193
0 465
0 353
0 196
0 974
0 960
0 903
0 38
0 756
0 843
0 507
0 480
0 76
0 713
0 749
0 781
0 328
0 231
0 720
0 472
0 316
0 664
0 295
0 15
0 398
0 204
0 161
0 939
0 467
0 957
0 111
0 537
0 165
0 55
0 155
0 635
0 182
0 189
0 315
0 827
0 447
0 482
0 896
0 225
0 270
0 54
0 185
0 756
0 447
0 851
0 788
0 78
0 51
0 519
0 275
0 816
0 387
0 401
0 529
0 789
0 136
0 355
0 894
0 299
0 86
0 83
0 768
0 285
0 408
0 853
0 132
0 40
0 87
0 673
0 712
0 726
0 547
0 954
0 482
0 956
0 330
0 592
0 64
0 75
0 451
0 107
0 328
0 147
0 646
0 252
0 930
0 407
0 127
0 29
0 361
0 576
0 466
0 477
0 845
0 283
0 879
0 815
0 495
0 764
0 971
0 503
0 132
0 969
0 332
0 686
0 788
0 887
0 55
0 801
0 320
0 692
0 75
0 633
0 883
0 594
0 803
0 292
0 19
0 234
0 68
0 179
0 158
0 551
0 611
0 948
0 567
0 712
0 433
0 971
0 908
0 322
0 900
0 126
0 701
0 421
0 297
0 976
0 284
0 110
0 462
0 257
0 54
0 562
0 689
0 847
0 514
0 832
0 473
0 263
0 430
0 812
0 802
0 372
0 594
0 979
0 757
0 502
0 581
0 895
0 404
0 933
0 212
0 197
0 246
0 487
0 951
0 130
0 484
0 997
0 50
0 932
0 342
0 844
0 662
0 126
0 935
0 447
0 109
0 511
0 683
0 185
0 485
0 925
0 76
0 67
0 743
0 134
0 251
0 67
0 778
0 299
0 233
0 16
0 938
0 26
0 149
0 324
0 38
0 783
0 492
0 129
0 766
0 288
0 164
0 441
0 473
0 525
0 900
0 77
0 701
0 73
0 789
0 613
0 481
0 516
0 172
0 181
0 401
0 126
0 302
0 537
0 951
0 829
0 360
0 683
0 557
0 654
0 166
0 542
0 914
0 965
0 329
0 853
0 312
0 757
0 842
0 823
0 543
0 121
0 149
0 827
0 983
0 790
0 218
0 264
0 36
0 812
0 845
0 274
0 416
0 705
0 153
0 743
0 598
0 606
0 828
0 177
0 738
0 107
0 374
0 283
0 453
0 358
0 976
0 937
0 124
0 294
0 713
0 92
0 375
0 876
0 664
0 642
0 390
0 738
0 966
0 153
0 839
0 840
0 111
0 951
0 891
0 631
0 327
0 21
0 878
0 310
0 813
0 704
0 714
0 360
0 706
0 194
0 102
0 870
0 120
0 114
0 618
0 438
0 165
0 826
0 725
0 174
0 587
0 793
0 865
0 283
0 178
0 573
0 190
0 674
0 907
0 534
0 978
0 975
0 583
0 13
0 610
0 525
0 8
0 328
0 523
0 724
0 213
0 568
0 445
0 53
0 178
0 479
0 870
0 184
0 400
0 574
0 754
0 603
0 20
0 331
0 563
0 278
0 33
0 22
0 787
0 236
0 607
0 827
0 365
0 805
0 100
0 920
0 976
0 635
0 706
0 11
0 589
0 426
0 500
0 939
0 27
0 425
0 412
0 190
0 395
0 303
0 877
0 271
0 853
0 503
0 295
0 651
0 293
0 718
0 763
0 602
0 44
0 8
0 861
0 691
0 805
0 626
0 442
0 160
0 281
0 376
0 284
0 539
0 497
0 72
0 902
0 830
0 738
0 127
0 433
0 396
0 636
0 560
0 213
0 484
0 864
0 638
0 701
0 761
0 806
0 857
0 482
0 387
0 31
0 28
0 300
0 680
0 276
0 463
0 397
0 466
0 640
0 865
0 987
0 319
0 425
0 480
0 262
0 702
0 806
0 368
0 723
0 452
0 373
0 303
0 400
0 51
0 412
0 627
0 52
0 909
0 571
0 363
0 148
0 557
0 431
0 854
0 849
0 791
0 571
0 97
0 221
0 532
0 301
0 535
0 988
0 697
0 300
0 114
0 540
0 544
0 80
0 854
0 896
0 406
0 903
0 214
0 749
0 123
0 932
0 762
0 519
0 30
0 523
0 999
0 226
0 310
0 425
0 270
0 325
0 253
0 723
0 675
0 87
0 873
0 100
0 605
0 168
0 71
0 889
0 299
0 231
0 203
0 31
0 778
0 25
0 478
0 755
0 312
0 850
0 885
0 33
0 597
0 440
0 62
0 541
0 982
0 973
0 541
0 947
0 138
0 203
0 481
0 132
0 960
0 903
0 300
0 867
0 345
0 670
0 578
0 999
0 725
0 578
0 819
0 77
0 509
0 594
0 872
0 177
0 436
0 506
0 463
0 33
0 558
0 630
0 460
0 46
0 506
0 349
0 46
0 910
0 97
0 567
0 924
0 48
0 594
0 896
0 742
0 846
0 959
0 228
0 590
0 345
0 463
0 764
0 860
0 520
0 668
0 791
0 375
0 40
0 171
0 73
0 451
0 815
0 763
0 848
0 237
0 746
0 408
0 710
0 714
0 602
0 581
0 616
0 414
0 57
0 419
0 490
0 243
0 716
0 931
0 755
0 85
0 433
0 982
0 194
0 310
0 746
0 906
0 893
0 137
0 960
0 998
0 118
0 363
0 451
0 9
0 481
0 38
0 507
0 541
0 347
0 459
0 997
0 590
0 362
0 134
0 632
0 610
0 915
0 611
0 785
0 51
0 502
0 862
0 977
0 510
0 540
0 664
0 500
0 57
0 678
0 287
0 278
0 147
0 87
0 874
0 646
0 156
0 277
0 363
0 366
0 942
0 339
0 903
0 256
0 227
0 457
0 171
0 535
0 850
0 227
0 582
0 846
0 120
0 603
0 990
0 453
0 953
0 358
0 562
0 917
0 540
0 971
0 12
0 17
0 625
0 508
0 246
0 642
0 844
0 832
0 52
0 982
0 605
0 178
0 207
0 635
0 133
0 489
0 891
0 695
0 604
0 458
0 157
0 38
0 494
0 888
0 513
0 904
0 67
0 161
0 451
0 235
0 173
0 664
0 793
0 44
0 754
0 764
0 268
0 410
0 391
0 616
0 730
0 596
0 575
0 494
0 245
0 551
0 832
0 125
0 892
0 21
0 273
0 775
0 260
0 263
0 829
0 736
0 205
0 10
0 700
0 942
0 292
0 61
0 259
0 410
0 228
0 462
0 989
0 572
0 913
0 716
0 914
0 168
0 219
0 76
0 891
0 312
0 975
0 581
0 905
0 674
0 869
0 248
0 180
0 970
0 615
0 559
0 548
0 211
0 841
0 779
0 867
0 240
0 664
0 170
0 4
0 742
0 306
0 552
0 366
0 808
0 337
0 508
0 197
0 364
0 469
0 807
0 11
0 14
0 435
0 227
0 71
0 802
0 807
0 264
0 684
0 681
0 241
0 221
0 739
0 316
0 46
0 647
0 80
0 941
0 518
0 626
0 908
0 331
0 290
0 941
0 681
0 162
0 252
0 147
0 715
0 296
0 822
0 139
0 702
0 397
0 97
0 98
0 542
0 749
0 310
0 273
0 163
0 368
0 625
0 425
0 616
0 714
0 697
0 993
0 936
0 272
0 454
0 389
0 347
0 156
0 875
0 836
0 839
0 976
0 691
0 944
0 378
0 469
0 413
0 676
0 295
0 333
0 327
0 869
0 641
0 164
0 683
0 272
0 223
0 406
0 296
0 759
0 6
0 633
0 180
0 663
0 156
0 937
0 224
0 10
0 7
0 190
0 148
0 395
0 851
0 174
0 375
0 172
0 641
0 919
0 373
0 984
0 938
0 483
0 110
0 298
0 854
0 149
0 553
0 758
0 135
0 360
0 542
0 571
0 613
0 327
0 433
0 763
0 886
0 462
0 734
0 277
0 16
0 337
0 810
0 740
0 101
0 459
0 36
0 471
0 216
0 632
0 889
0 723
0 875
0 365
0 43
0 204
0 839
0 422
0 940
0 410
0 222
0 500
0 55
0 70
0 34
0 711
0 877
0 145
0 574
0 941
0 224
0 527
0 518
0 193
0 66
0 464
0 729
0 162
0 700
0 529
0 290
0 211
0 545
0 183
0 317
0 283
0 640
0 454
0 832
0 912
0 578
0 6
0 18
0 446
0 974
0 902
0 236
0 861
0 76
0 617
0 39
0 825
0 986
0 572
0 302
0 145
0 396
0 308
0 772
0 439
0 734
0 852
0 674
0 570
0 587
0 334
0 202
0 480
0 726
0 537
0 486
0 397
0 335
0 85
0 418
0 37
0 269
0 246
0 390
0 630
0 926
0 290
0 877
0 187
0 527
0 459
0 427
0 799
0 119
0 287
0 220
0 756
0 170
0 940
0 179
0 340
0 484
0 663
0 427
0 572
0 349
0 870
0 785
0 975
0 400
0 784
0 686
0 281
0 367
0 9
0 539
0 674
0 495
0 660
0 141
0 76
0 685
0 466
0 206
0 688
0 849
0 613
0 296
0 327
0 591
0 627
0 282
0 649
0 941
0 339
0 862
0 658
0 602
0 236
0 64
0 721
0 87
0 853
0 874
0 686
0 300
0 556
0 651
0 20
0 850
0 380
0 733
0 996
0 828
0 298
0 649
0 543
0 471
0 867
0 834
0 778
0 625
0 614
0 146
0 100
0 136
0 44
0 943
0 399
0 141
0 543
0 838
0 990
0 186
0 844
0 661
0 556
0 338
0 237
0 836
0 738
0 364
0 982
0 612
0 545
0 450
0 889
0 868
0 868
0 999
0 46
0 865
0 230
0 13
0 100
0 434
0 236
0 18
0 577
0 155
0 414
0 841
0 45
0 934
0 437
0 530
0 692
0 558
0 825
0 126
0 184
0 973
0 759
0 869
0 732
0 311
0 420
0 657
0 6
0 644
0 212
0 45
0 474
0 68
0 182
0 825
0 823
0 838
0 291
0 287
0 866
0 893
0 822
0 293
0 287
0 902
0 501
0 626
0 932
0 576
0 604
0 814
0 500
0 51
0 518
0 314
0 259
0 148
0 441
0 977
0 191
0 904
0 789
0 755
0 838
0 854
0 9
0 890
0 657
0 720
0 549
0 36
0 466
0 922
0 346
0 606
0 905
0 148
0 219
0 683
0 618
0 890
0 468
0 279
0 415
0 472
0 175
0 358
0 843
0 89
0 199
0 921
0 734
0 99
0 627
0 578
0 765
0 747
0 729
0 428
0 311
0 438
0 23
0 633
0 439
0 873
0 182
0 781
0 145
0 443
0 143
0 556
0 959
0 996
0 424
0 744
0 535
0 25
0 741
0 679
0 775
0 831
0 891
0 931
0 614
0 753
0 44
0 597
0 451
0 285
0 400
0 475
0 477
0 525
0 169
0 543
0 143
0 533
0 925
0 677
0 79
0 781
0 89
0 361
0 86
0 468
0 681
0 944
0 459
0 121
0 563
0 174
0 348
0 597
0 694
0 946
0 959
0 805
0 711
0 184
0 392
0 458
0 892
0 774
0 340
0 660
0 836
0 817
0 336
0 641
0 178
0 19
0 512
0 516
0 779
0 517
0 936
0 108
0 844
0 918
0 577
0 76
0 592
0 884
0 633
0 764
0 137
0 464
0 511
0 35
0 982
0 680
0 650
0 257
0 519
0 393
0 946
0 887
0 620
0 105
0 975
0 347
0 410
0 360
0 930
0 155
0 829
0 536
0 95
0 596
0 183
0 483
0 291
0 538
0 362
0 309
0 501
0 327
0 203
0 840
0 60
0 470
0 74
0 346
0 748
0 397
0 599
0 731
0 67
0 222
0 776
0 64
0 24
0 105
0 314
0 643
0 389
0 531
0 172
0 891
0 109
0 365
0 521
0 136
0 155
0 927
0 42
0 808
0 895
0 227
0 876
0 295
0 726
0 520
0 899
0 832
0 917
0 441
0 635
0 4
0 686
0 756
0 173
0 964
0 54
0 120
0 807
0 46
0 606
0 328
0 581
0 980
0 893
0 561
0 118
0 17
0 187
0 861
0 12
0 982
0 826
0 560
0 650
0 883
0 115
0 171
0 126
0 183
0 213
0 667
0 715
0 848
0 510
0 645
0 667
0 7
0 490
0 813
0 601
0 81
0 718
0 492
0 748
0 480
0 491
0 66
0 616
0 266
0 930
0 195
0 178
0 211
0 831
0 760
0 977
0 477
0 434
0 446
0 503
0 334
0 135
0 826
0 528
0 324
0 193
0 167
0 323
0 933
0 561
0 254
0 432
0 66
0 995
0 169
0 958
0 720
0 735
0 432
0 377
0 818
0 279
0 917
0 608
0 667
0 186
0 243
0 95
0 889
0 223
0 391
0 53
0 169
0 932
0 50
0 759
0 722
0 854
0 406
0 395
0 308
0 300
0 475
0 266
0 702
0 784
0 720
0 80
0 268
0 736
0 64
0 709
0 263
0 296
0 144
0 974
0 786
0 387
0 328
0 526
0 938
0 928
0 767
0 168
0 50
0 257
0 347
0 680
0 891
0 677
0 229
0 80
0 651
0 963
0 409
0 97
0 533
0 424
0 561
0 819
0 876
0 611
0 776
0 119
0 255
0 889
0 399
0 583
0 404
0 881
0 793
0 618
0 948
0 59
0 298
0 249
0 940
0 926
0 58
0 885
0 223
0 813
0 468
0 931
0 377
0 1
0 301
0 844
0 816
0 167
0 973
0 428
0 310
0 734
0 287
0 160
0 514
0 523
0 33
0 384
0 461
0 430
0 90
0 890
0 346
0 88
0 942
0 37
0 393
0 473
0 860
0 741
0 506
0 612
0 257
0 418
0 913
0 607
0 667
0 92
0 928
0 706
0 759
0 666
0 541
0 354
0 5
0 801
0 927
0 295
0 737
0 946
0 820
0 521
0 880
0 669
0 601
0 413
0 113
0 453
0 17
0 480
0 110
0 154
0 638
0 165
0 942
0 138
0 120
0 52
0 774
0 622
0 525
0 317
0 664
0 737
0 720
0 372
0 541
0 92
0 281
0 32
0 590
0 819
0 835
0 189
0 19
0 758
0 721
0 780
0 796
0 479
0 317
0 995
0 19
0 614
0 375
0 881
0 521
0 251
0 289
0 851
0 144
0 865
0 809
0 811
0 50
0 528
0 900
0 608
0 657
0 360
0 206
0 493
0 143
0 607
0 643
0 738
0 797
0 241
0 213
0 377
0 607
0 758
0 695
0 396
0 490
0 583
0 200
0 595
0 919
0 666
0 118
0 424
0 274
0 369
0 960
0 736
0 530
0 431
0 740
0 387
0 369
0 162
0 384
0 387
0 107
0 844
0 925
0 825
0 773
0 952
0 565
0 948
0 44
0 329
0 942
0 263
0 196
0 710
0 819
0 195
0 268
0 515
0 879
0 178
0 52
0 355
0 966
0 706
0 533
0 989
0 747
0 371
0 817
0 276
0 252
0 782
0 5
0 173
0 301
0 119
0 133
0 871
0 70
0 193
0 852
0 217
0 747
0 638
0 418
0 653
0 233
0 657
0 357
0 514
0 89
0 945
0 476
0 374
0 644
0 573
0 710
0 585
0 376
0 209
0 107
0 943
0 522
0 405
0 942
