3764442
5243754
2607597
4587502
3153637
1465255
477506
5935025
847906
604392
5724020
3241888
1044645
2667506
5282342
6344412
5112955
6025208
631462
3139490
3523982
1549129
6341143
404864
5824998
1085643
967110
5422152
2136409
731732
1344487
5124188
4053402
952056
1435153
5629580
3309755
5968236
1882758
6244928
202375
6154640
1761756
4970878
3964986
796953
6562232
5492596
4752566
4211266
1787966
3779042
4106489
1875337
4733821
6340298
4799547
68820
3745951
1903117
3623118
250065
6376030
5217185
794642
5504268
6274371
3483226
5211760
3318862
89474
4680753
1979290
1404941
3819765
1264036
1765418
6008898
4816009
888538
319803
227583
1871668
1290592
17570
1049856
4968765
1809272
1854864
4581021
2604548
2044537
399690
2186808
4961163
3387730
1914850
469559
6373567
1569597
3545990
2075236
2370365
2777719
2518132
4273435
1521777
5330789
2523052
3909329
5851994
2317001
4549995
4785395
3456870
3429984
1323079
6033226
4079753
2649229
2629791
1191631
3972803
474141
365066
2976292
4718532
3709766
2488916
3404886
2127365
3089391
3272138
5239780
2219893
1643875
4319204
3851699
2135557
4371072
3974767
4221340
5263252
6598921
5889124
6203111
5063276
3855825
1721232
6376411
490037
1303516
2995918
1194409
5229101
1069354
2518132
5982406
1301828
1689790
5389915
3201446
1040811
4268085
4084512
3196547
1197274
5396662
2474270
447264
5161809
4632858
4156684
1156677
3219394
2560407
2427964
3762146
5853122
467064
5824780
1230714
3338931
4379535
102713
1058229
5100758
3462007
3890094
5595880
5327397
4369427
223076
882739
3637254
108674
2158001
6402762
3201817
3884069
6464918
3682831
2889161
1285186
5698245
568969
4811126
5699001
5361623
3827454
1022251
368960
5550685
1447496
5462235
2328239
2476733
243329
5569767
1672486
5047682
4698392
5931281
805939
319068
5848758
3092190
1733846
6029612
5648637
117023
3341866
893932
3765725
3596320
6189691
5550685
5737171
3700121
1763695
159833
5223846
4032744
6180110
5493922
743852
5126957
3925350
4917544
3340257
2509118
3519117
1187815
4594414
5365200
512215
5047452
2335243
2786230
1695631
1023973
6438289
2276270
4764598
3384868
2498576
1002479
1664387
4810936
3081142
3369317
1229780
6407808
5873327
6302190
944963
1501563
3332371
3403078
4218713
3679010
2228113
6289316
5175523
4607260
2229860
631462
1362841
2779088
5316015
2909020
3418859
3762923
226706
1178258
5957931
2914634
5946745
3271101
4924279
2276733
2999306
3194426
4697962
3100160
6345555
2148841
732625
6260801
3002979
4898135
3574108
1456924
1944369
507906
2434176
1656467
3727170
1788595
2540208
1836720
2121067
3812094
6284196
742397
4049982
1416080
5307899
6375585
305099
4198600
3269244
518610
1695537
1055615
5954565
4301456
3880348
263851
3387658
3681509
3214955
4215609
2207727
5577819
5781462
5771769
720960
4787306
4448560
2806656
892843
1783816
3081771
2647194
2034880
2128107
4154865
1643641
2136201
664684
1543157
3890086
1113111
6584995
5174140
866550
5026217
1285079
1881561
5866164
6292782
4608852
93177
2867664
2226457
5690014
2479239
4394041
6152317
2942213
6599278
1209517
2008082
4750662
956494
2617136
6291891
3029826
3708965
5826916
212118
5894556
30047
4810158
4423583
6443653
1861617
1116684
5848222
1554007
5704269
4057349
1777677
1328242
3895617
2769594
3336883
4789938
5694672
3381402
5296168
511766
58328
2913444
4696389
5856407
5230446
4891814
3462740
5812923
6473959
3043329
868454
3491624
2234150
4031191
1234220
509925
5788559
2325191
5144208
4782401
1288239
4786287
3693106
5066227
4109300
6067461
1746387
4037713
5637732
4388570
3209039
362888
767034
815475
4888150
2624965
5172376
4501889
913362
3917295
646324
3807837
2096947
4005393
2304068
985294
1147780
3442335
2624965
91293
6454808
2473709
5365590
3472322
1027731
1920502
4189181
4372904
1192318
4587373
219865
3523694
4723895
4425483
294339
5021865
6342380
908491
2329525
5278697
6145991
4322193
1582763
3617250
6316974
4650525
5754648
5809293
3625388
2611407
4889894
3874949
335193
5765022
1089985
1263830
4840121
5657699
3045053
4481691
2965535
1051196
5990142
2776515
2969542
5137664
4507791
3257428
1730732
2868021
6404007
2762407
52073
4320117
5299211
5576848
1282823
1939073
6383890
772799
6102954
4633585
4695382
5430049
2438776
4178095
2273672
6196509
5127689
4682955
632477
2754394
713169
6019543
3812449
3112457
1604657
3463284
2775444
4177380
5253695
6610683
2639425
5364185
822873
493151
6203759
3496078
5174795
595298
3789101
2075717
3459738
5339033
189358
487798
356350
6295560
2321495
4280680
590389
4247096
2582517
571778
3593941
693169
3357267
3116162
3340629
5827734
518662
3008619
5590327
4345106
3646433
2228113
4893954
510018
932807
5964830
5928060
5905124
2021034
1697373
5807492
2030394
3273793
3923086
6134541
1301828
977042
6112068
5534240
742624
1668235
2331796
2715894
6373758
2588108
503434
5804991
6486162
3066109
1747327
2535264
913562
1437285
5711848
794452
578984
1443881
957670
1533810
2759406
2616903
4895963
3684295
5282768
3231081
4515068
960470
399072
5283001
483033
443032
1689790
353912
2400077
565069
88054
1627842
5487292
3061208
4848752
5176340
4426850
2480845
2002251
843876
2449478
2353387
1567294
6409781
4708482
6593293
1780625
3031436
715658
3281112
6382606
3937373
4182868
2881185
4126162
676377
255079
1331093
6061554
6047023
665940
5522722
5181340
2451974
355564
2174680
1749281
774976
6112648
3655474
6364440
834740
2779341
928927
5560441
2168201
2019041
5831033
2315170
4855274
5585793
109845
2423869
323065
3215799
890133
1465287
3704466
1204476
1120525
4871905
1139308
2495828
253049
3797527
2841161
1846676
5481909
5034869
4201492
6365415
4463533
6603094
1687286
2499534
2910151
4060506
5063299
2248151
3243152
1773227
5963632
5543617
4019131
6174023
2026461
6236048
2471418
3397414
1893011
4252086
3786063
4143230
1716010
5567188
5402268
6036587
4860173
6168073
3693106
1064835
165852
6267909
5371378
3721439
3086522
131778
6377811
6072048
3508939
2574597
5217777
1072020
3491624
5372429
6487702
1843150
1731755
4305311
6040978
4240130
6292285
5275569
6382627
6100232
1242291
2390986
4647931
3670957
1778196
4510849
3579245
2374284
2593385
4586592
1816685
3641288
1628077
507543
6416206
4686819
1707600
1484929
6189133
5837001
4154865
4743882
5243078
3388298
241468
2416360
6388273
5921423
5472889
1418425
4338060
341933
5031703
5718474
324191
3353180
5021402
4967821
3923227
1691238
1332727
1302037
6458004
5204764
729596
3492638
1511843
2992771
3356243
3457705
5809355
3572105
1709793
173175
405887
1982014
2968593
6079497
1581289
4122731
1528994
4281266
2233805
3994944
156625
3863154
6330349
5348382
5868603
5584748
2309502
1174364
1181969
3408353
2563530
3255654
4889261
717841
4242751
2338126
3851964
4770928
2069248
1377303
1166723
2295774
4341676
5468022
6532687
554998
5146435
4194013
4471065
3001688
3318562
2114880
2683923
4322755
583032
6484162
3628196
3835256
2868455
2973019
3403078
514878
2056494
3291584
3764442
2806918
1746009
3850298
2775540
5579444
3667090
6447029
2315885
480460
4285844
1424497
4718532
4738762
5311693
1750157
5876264
5256468
1030300
2507825
1641448
4304200
732135
6462963
2266977
1516816
3075824
6430166
3818092
285655
5034448
553986
6364253
3788419
307452
3714891
1765677
2969684
2066417
63703
1862614
6225270
1225976
5383052
4915427
4285451
2737399
339306
6366039
4191952
4864373
3403078
5281068
6103046
5210674
2591871
866213
5728826
3800853
4591067
3516803
3591702
1752283
2747107
2015681
3160152
1006229
2015681
4198600
1816942
4670919
5803553
3827454
5660638
639471
1800569
2811990
2721375
3673530
6426536
2243777
2713336
6556192
2470985
1818617
4647111
801809
6370357
4133216
1625465
1693242
6384003
6002726
1578023
1320829
1382763
3743370
4339566
1346186
4834368
809350
622608
2613510
3107948
2242006
778661
542148
2026038
5206679
432073
5156064
4350437
1368789
5073049
3917680
2923778
5139854
2807273
3381329
4973530
5063419
2289622
904650
1189944
6445693
5731188
6311130
3436029
2858715
4874659
3334172
4662851
5875546
1022238
1500511
1869631
725156
3545789
3579245
5368594
4845892
6100846
802972
944658
1030640
6473594
1848355
5603823
6585476
2250919
5728386
3564362
5311909
2610893
4088275
523015
473317
4869084
3391498
3488361
2851664
4689536
1050299
6582492
1486878
6044835
4704738
6020790
3853594
111221
6198950
365703
3798151
1736793
5530917
5082753
17609
1695537
1023973
4488946
3950649
2614750
43586
4252752
2054507
5719097
4029125
1763695
6313099
2841161
5017962
2798436
3972803
6164505
72490
1868200
4569165
3797843
5818141
630750
5795340
4276635
2855249
1643549
5431099
849683
484840
4392556
3905809
1253553
2197579
2392378
1915758
4389480
4114631
412244
5961392
5337202
6180103
5797374
5827846
1114687
569677
5076137
5564187
3665459
4288027
1418595
6122909
2907810
4764035
5358155
1263914
2017846
5045359
4924528
738023
5094874
2339089
1626629
961969
3972513
5460017
804200
3162988
5073746
845837
3631086
2538271
692786
4924408
1262385
906262
2093570
432021
2913559
2637456
684293
6361631
3087500
4275920
4411614
5308113
6162282
870027
4665394
6285645
2608208
5892764
2459653
2294597
2617160
4994499
2038336
2683406
6090922
4476717
3343731
4521201
3049489
5435030
989591
1204994
5063430
514229
3518421
586064
4843682
1934257
6395204
1154793
5834878
5638336
6248346
2606747
3244630
2624584
1373780
4636095
3878987
2599291
2126517
1489931
2161904
5461982
5262609
2784994
2692375
3898984
3921203
2549669
1646459
3078064
2739368
5725086
789177
2438246
3943713
2776155
2595476
1679514
2605568
4389489
2813378
4714913
2509841
3103420
2999901
2065255
2367600
2312619
5031004
3130355
4692791
3183917
5865439
4649819
1020913
3965550
2870777
5744114
282456
1841063
2433277
2545738
1019797
1409663
3059353
2093570
4133024
4017494
3971363
6352588
3274642
4038162
4463835
1502170
268995
5319643
1451364
4044359
4626627
1476486
617780
6322962
2075717
2676999
1945567
922868
2318458
2050682
3901597
5228865
2943284
5315149
3763433
2675813
2198631
3926141
5887536
1976075
4452287
917927
6136975
2477640
1342965
5718765
1610812
4003131
3554470
13798
2168201
3680480
6678
6573315
6151885
610690
2016886
5491996
4457751
5810952
6292793
4375472
4620809
1286099
204856
3037852
632477
2235749
6288151
1481676
5363159
6170600
5209011
2161081
1996932
543522
1449674
2607124
1921261
152934
4894010
1334187
4438221
911488
607108
3538473
6289716
4001665
1106956
1016717
5928618
4269767
2960492
6287457
14441
2303418
3205340
3072363
4094881
5614876
3342098
6112068
779389
167183
877535
5263411
3441325
6297567
3285269
3565806
1796309
4142936
2237478
528038
440112
4407451
2720696
2644437
6411114
6391752
1821506
2468855
1577633
6584995
854539
3348245
1350444
2995011
1656366
5410247
5486297
1697373
4895963
5379472
2757791
2739419
3122027
4708482
6504838
4454076
3127529
2586413
664684
3781203
3971363
3439043
2457575
3693106
3697487
2860793
5412597
255627
733752
4033017
5626674
1954465
4302576
3908041
3538362
1560569
5641111
6536735
905614
4471698
4519462
291669
2362898
1055884
6156844
2552605
371963
627376
2441660
1541267
6505826
4368275
3135475
5733084
2356775
2550781
3349345
2678669
2740662
4462001
2192871
1532206
3525449
4700959
3251737
6386128
6567305
1921947
2211897
5246679
751060
5085765
3775152
1223919
5233067
4988924
6025941
2277604
5109122
399378
5337202
2109829
3531697
5092375
4424508
3426605
1525893
3853577
1254700
4587502
2224930
424688
5076137
4956374
50856
5402593
3530985
2667122
1735806
3753567
5334485
6606336
2891964
4345653
1828857
4548977
1366040
5965238
2631312
5102326
5707728
4824735
3667090
654302
214040
2887883
3683805
2274858
4959535
4416950
505807
4695874
4860928
2279801
3244630
3122027
4323644
733570
3497908
6072853
2463503
5807361
3926212
1143413
4783709
6344347
5260105
5483163
5967839
6206257
4120175
710693
5175581
945718
750244
1260557
3294740
5765643
4581711
5204764
2314777
6096342
3800370
3875563
162601
2840386
286512
3283489
4243879
4851024
2717350
3975663
3207816
15452
2646298
1770698
5571981
2168366
6119652
4944968
2190778
1000241
27204
6406063
2179351
593413
5124019
4809629
4302827
1794608
5155343
4938372
4487688
1102853
2870465
897884
4604697
4642794
2550781
4268085
2666994
1696059
5525593
5057041
1155376
5403680
1686331
2276270
1569774
1209900
941691
5821028
408770
1574533
4802030
1086659
3731329
6237708
3507519
5860128
990500
4735282
2855995
1388280
3798950
6592900
2452897
3489070
4045007
5771374
2054383
1772514
1595557
4265821
4921160
703716
5101840
4146616
4359287
1997937
4280596
6218749
3022001
2974627
4391078
789329
2620645
5828880
2646682
3638959
1785197
3972085
2023887
2007939
6009521
4407201
2867763
5329316
639094
458261
4827252
6540350
1282414
4258072
5179487
5676264
6129820
1653278
6126466
1116450
4065949
257975
3470571
4734210
5629436
4210541
1475312
1862614
2613918
3054896
5087725
4527223
5201385
4240242
5174612
5723909
5265509
5374868
5147155
5838771
3000513
2835599
2333091
2670925
2799180
2031740
5063357
1645092
4833386
4685950
4073648
4066303
1041225
6420416
4579283
4366580
2451457
2764320
825584
405406
1045385
6396929
1367320
4964822
4888150
5468404
1743797
6600641
1865938
5827225
1513490
3590001
6221896
5531023
5407769
5244893
6589827
5695980
58551
2928245
3309649
1180734
5723727
5800875
5421162
5451454
1002929
2382874
4427944
4443213
232678
1443721
1450596
177185
5837091
2676540
5673546
656601
3513752
1449117
5236176
2122415
3250440
2428935
1477130
3180986
3775754
6174870
4039247
1851399
3546137
588955
3683852
5498724
935413
4825795
1013168
2127936
2297838
2016690
330557
490901
6543840
2995037
3645364
3382854
3552360
2198750
208977
1249908
909407
5563105
1604663
1159396
2304533
504105
5337670
6386634
5615608
477181
6468827
2488436
6110359
2249508
766309
5335763
4119650
2515776
3923122
5591563
1148683
4573744
3641244
299850
111221
734786
1644316
5207404
5304755
4886311
3652696
5263411
2738078
6212107
2574597
6150864
593850
899157
250138
4196839
5533753
1545324
1114311
2729016
6603354
5630290
3233499
89474
3492847
6475404
2652906
5014432
762233
789177
5259635
1567294
5327345
4789768
4789768
634677
1004178
4999839
4658980
4681931
1104376
2758245
5804574
1177028
4675453
3881105
2672948
455261
3160556
3684421
4697711
5881683
708032
316447
4991712
2438923
3167127
2573085
5402683
2818712
1650843
4398846
2958959
6377427
2246448
4626627
3850477
76272
5880849
2732170
4390885
5736601
3767224
5965033
1730503
3506513
4360417
5643482
1314544
4888896
5421162
6146910
6200102
4241736
573687
3173354
779532
290059
5710557
6073872
901307
784144
2804830
1833178
5497881
5216318
6151689
2633108
1283399
152934
3399071
564610
4607899
3431275
636063
1158786
1533764
5719741
5148912
238158
2186940
3564590
2137505
6049462
5404281
2848640
4620991
5772462
60089
2302765
2506273
4713520
194757
979391
4973754
2695180
6131594
6485242
2854835
1481043
5042625
285409
1457128
1674744
5459975
3604986
1595707
3986413
1613547
890874
743852
2893608
2261696
3504175
5918626
2728545
4484610
88483
4550963
4067680
2851324
196504
5398724
3572105
3430786
4920932
436839
1235544
5993185
4519912
6087266
5379808
4501889
4506150
5430049
2112705
2360411
866408
4582293
4617634
4818237
194359
6236448
5222482
4300051
5962485
6277662
2839537
5353163
2701062
1953244
6600943
1549051
2734359
3644500
6249546
3731657
46224
2960282
2181324
246325
798003
6213561
700538
4332199
490213
2109829
5284809
6464434
1198178
2071619
5099853
3804612
5281009
2413088
2011363
6210693
1774066
1733784
5993185
425576
2044152
5731762
4916828
3463556
3609966
4847022
3796210
2830785
5497265
2181609
2115901
1156677
3784020
150396
1259865
223686
520939
3327817
5891716
3683805
550130
331582
4562193
1199567
2065844
4266127
6348067
6260801
5736672
3277313
6467047
372145
5687723
5515589
4669505
466706
6294866
1137091
4256474
1077768
3337846
515191
5352193
198858
4309493
6583207
6128711
1595833
3565895
3223298
1873291
386646
6556109
1151532
5015933
2187069
2527589
5937639
912251
5933853
3571456
5950638
654946
186563
3790796
5537343
6283509
382897
2402983
3896589
3645364
5526046
4239880
2852398
5232910
791676
4133704
3925400
5568180
5085958
2506732
1666489
3068679
6218500
6092977
6140017
3604328
1163743
2093633
4390818
4030120
4079077
4054828
1711529
4396817
2775584
1304856
3216978
3061842
1317853
4429020
4723949
5168990
1372361
6255310
4839822
2233396
5782190
3603122
3173354
3103393
1301248
328332
1174531
3184911
3977641
4065666
1871523
6286335
2807702
883474
560442
5381888
4005344
1338771
5257334
2535566
4824449
4438994
1960029
470184
6365163
271051
3633799
6342336
6530400
6538799
5229331
3045053
5658749
2120684
4249106
2355553
6036727
3430923
1983055
5153973
3751909
2565261
2821295
1852821
1960029
571659
4921927
4432742
2183782
4643968
4455791
2614765
2873887
2228910
1225976
2914878
6332914
1344748
2883676
3853577
1829790
2470009
333500
2414771
2072420
5801128
2736538
707751
2218196
3075824
5657488
1616885
1203503
6206384
812599
3890934
4441397
6276799
4337637
3947858
4054930
5718765
6389714
3564088
3895162
3927591
237608
333296
5786958
1252133
2542728
6133272
5891301
844654
4965979
5371756
2397336
1319047
702682
1938093
4454076
4157174
3768692
4588902
954557
2457509
3160496
603876
5128753
700520
2261426
3495888
4076448
5776140
5238684
6013817
5320875
3408372
822653
44204
5994878
568405
3789101
5751113
842673
5148805
3767576
131478
6083198
6405074
5608661
4514520
1299659
3767134
4649819
4710955
4528699
2979991
4391924
3683776
5476856
5582816
3765576
2636188
4439205
1642981
6191743
5670036
349441
729034
4596264
521155
126875
1454592
5140681
3138779
899384
1110928
3867748
1914850
1065622
1618929
467985
214216
3767576
1427225
4394006
3018316
1554012
3454594
2965535
4359097
2668660
5776300
5743986
3832969
2209851
2229221
2181539
1903117
688511
204348
4821761
4343318
4743882
6511824
2894957
5011847
3263994
2082039
299131
2181636
2022366
160901
504736
4481019
1952644
5535644
3454008
3822003
4734764
818063
5965238
3758242
707141
6291022
3140543
2291432
2131612
3787868
4639529
3392413
654201
2936758
5285239
480693
2095353
2118254
1582763
2166139
2815717
1979060
4516706
6036727
428234
2402595
547292
3932648
3430786
3678683
1217211
3815500
2750743
1245125
4695382
2269242
3361237
447502
4832987
4898999
2065255
3938454
2802137
42512
2400153
5364150
4336783
4733821
1508613
3584659
2195687
4968846
6491252
3882254
5399665
433236
1057828
4685629
2415311
1879675
4055753
3989647
850998
1364302
4099313
3575828
958167
738495
2762407
743852
5498138
5330655
2457568
4002779
3027613
610690
4874215
3574108
4492132
476932
1604872
4394041
1598376
5143584
818333
323409
1257469
4375003
6276195
4944791
542148
3429649
1941048
1290592
713766
2935801
2761386
2734337
5806827
3481258
5047857
5909108
6166109
317257
532686
5348144
1183750
1317908
13816
2624239
176735
2415514
2204050
2753699
6424435
1331154
468270
5336729
5384718
1263966
4708482
3628196
5596509
6370627
5263252
4224630
5302841
1634180
1420440
2105979
2143333
1227045
6282128
79771
2617136
4399243
824075
5671574
2656686
2035429
3506967
1592156
281277
995520
3506652
5335657
2442944
3253428
6049379
5320583
3946037
3775499
3691368
3762586
1974590
1302076
1600678
3652056
2741450
5561690
1391542
6413994
6235280
78832
6393449
69584
3308378
6580076
4837241
542721
6570721
4275920
4370622
3594039
899384
211802
773231
637128
5404259
4848964
2734700
3936566
1189341
4067649
4633777
4473960
6270807
4967821
5572246
808142
1978546
3619764
2157872
703088
1323803
4084646
1042902
4599856
1527191
4963926
3802142
4468313
5759755
1595627
3386472
5948140
1849997
1076383
3272509
4136231
899425
5331818
1724904
1440654
3236805
4670524
6126763
6074430
3031763
1602663
4749857
2389760
2589021
1734326
2409553
6605988
1259865
6360588
1278606
5241153
758322
4683158
5587759
4343940
5192051
4738762
230518
6190688
6601841
1468775
764045
6524952
3534078
1759788
5321536
2093574
3612316
1855713
845837
613686
6193069
4795410
3509977
4606940
3179178
133093
2701653
4285501
5345543
5330150
3448262
5458722
1678275
302694
1721161
2145270
2721118
4513147
5164946
5727244
3942008
600563
3067344
5956366
1162856
407887
5404573
2071419
107267
5137608
2706949
5887536
3615726
3960903
2035429
3484460
6128940
838365
2828315
4519912
1865348
5201441
1790459
4645485
6189838
4153274
5149477
1120491
4031430
3797616
6351604
1875801
3223276
2901527
456206
5067792
3277313
3779933
5062251
798003
3774042
6380639
515832
4596409
1953821
5291790
601288
4601309
5468404
1254500
3498762
4433716
3486157
3961279
1823086
3706020
4221340
5898574
1288808
4303406
478270
6490836
2237647
1861487
723146
707370
4897532
914400
2289585
751618
5238698
486926
329224
2249508
4184226
4459939
6584995
4810158
1457900
4819453
3892620
3907030
2421996
3980762
3810927
4300568
4238286
436318
3611768
2934159
5550636
1446846
734451
1688289
5587759
3668993
853844
6302190
4644290
2559045
937260
3463831
1519066
2411089
4362298
2170941
3928838
3986160
2526402
1060934
5020837
6100232
3207641
2634704
6228851
103976
1985417
5160809
2449478
5867689
4692757
3779319
5352619
1639744
185425
1139953
1929933
1512994
25644
760487
2505979
1944142
4071311
173434
4938918
2234617
4310718
3770473
1310960
2118838
3041079
3767285
5067792
2342797
5787351
1735682
4735945
168337
2527508
4710968
5137664
1039300
909407
2403291
6469124
2524049
1914907
696860
4899632
6292178
6140762
6468739
2192183
4406133
6434676
2759482
486756
1027484
2407633
6441211
2068585
5579919
3443619
838035
406943
3623735
4560954
5879223
5173383
1297324
516476
4633893
3798151
2807039
2932626
4270991
6014640
109025
4462703
5526181
5231148
5136675
1728967
3841413
1525823
1941648
3405840
33957
4120708
5486383
5694207
5214667
5771514
5152548
6334263
2243624
2187629
1281110
4126863
4516159
4458281
4848752
1700393
1128189
5707929
2850621
4795247
4339926
1498502
4535997
703088
6359298
4317145
4309647
1064942
3147485
2668294
1092447
3161842
1451258
489767
6072048
471214
3227701
333500
6455894
189612
3044607
3537
735842
5422424
6585962
2508940
951692
5271223
1054719
2238747
2744862
5035360
2776515
2010709
6102241
39984
399000
1507924
5066340
2530238
1149739
3478205
1592431
5470258
2641368
1511547
357161
854903
5248461
3225023
632477
4197576
1717875
4569165
1737429
3985521
341933
4914343
536270
4799746
6278511
360543
516810
5424202
5825611
4083565
4032927
2631947
5706778
4136407
2600609
510828
1286170
5231266
4368764
518611
1400720
6074645
3501829
2630018
1604250
3797742
6360046
1098368
6504892
50432
4549574
3611617
3919578
6546637
1836720
3208313
4607105
500526
4574485
3294740
3345786
3927393
4791950
5284710
3354318
5778053
3975663
144222
4065488
1709422
6593293
4264497
3876131
941691
4172772
3434246
4277983
3630498
3864025
732520
1803164
2920955
6323731
6214288
178535
6600826
2319796
5569767
6326915
3943982
2115018
6152259
2131855
4802006
4983578
2779134
4375905
3620141
6345585
1978671
3134832
2953587
5996572
383512
339707
1541921
6240664
3248214
3861133
1485248
2779099
1064966
3002075
1366687
3137948
540648
5516394
2670571
5912272
3636388
5950570
2338635
1688194
92217
5048320
3551086
3398610
5133546
5288755
3566943
767676
4085680
4241542
3194000
6446121
3082264
3978768
1740248
4706017
6174003
5939033
4511400
2516694
6451510
899157
1945567
3129423
1966515
2711804
286485
3540859
3632684
6241418
386245
5489845
3778794
6294294
831984
5886295
4205759
5104111
4220676
5753398
1383879
6191743
3265146
2538256
145455
4951931
4592939
6017345
4973967
2210960
6393981
116041
2476303
1128189
5663570
2441743
1226173
4799420
3407682
3321972
3148587
3005383
5720446
6478048
5604473
948513
5742264
4866450
3741789
4380107
3881218
2702911
480693
3104695
1056479
2664037
1064996
5121500
4431525
400771
2302765
773231
341613
5333320
1078891
1205480
4057830
6246846
4602186
4279559
1816386
1750555
3014602
1970445
400476
5133040
5137097
700302
5524140
3383680
4052251
27204
229430
4370566
1173080
176373
3649288
3867589
5849791
2664037
4820144
1627842
