8679036
4913203
17897407
296049
5217982
6295329
5620636
5621954
12409947
13401980
863253
12055917
408984
510247
14827029
13294495
3749726
6285919
4161394
4320130
8993800
3949763
1521164
12039198
9937982
17511694
14072579
5271648
9369050
5711640
8436195
2870801
13655761
18210911
7606686
5146210
17262501
3660701
6775865
9942288
14847017
18194937
8674071
12724105
15375398
2919501
1351159
4235609
7591103
6461569
9890614
233340
19057231
5200329
251617
16452345
8438795
10707169
4094368
15077336
16476503
13683945
13747463
17278502
9853946
8182067
16991524
10999546
8970699
1784002
16735792
1407659
17472635
13456299
1209046
7651301
18039541
10827394
2242184
557083
16060996
306702
4893989
2709104
16521042
9110109
11405894
1624245
14389546
11881061
8264228
18255222
15592744
17902368
3345608
13596989
17043253
4288097
14406338
14404867
14435466
11473474
17190061
11539645
15961144
14548792
6522955
10546946
11401762
14128409
7688854
6665517
15820687
1984312
7011687
16623796
13155853
2060016
1882168
9975729
7663661
17671478
16265568
14391850
17738279
9733126
3998438
8971214
18500642
4275877
15249505
8551352
14100009
16348927
12355138
11545064
18893439
18756420
11748621
9396684
1761235
4055674
7680509
8464111
1972743
615569
10558052
11103445
12798397
14628743
4299430
18058359
3546765
17258481
5049909
10141478
14836048
16088386
14138016
17443605
1901682
15185824
5564943
11902300
9998827
6195362
6648466
12836458
12686611
18592057
7999322
8555290
12337473
15623103
3764858
14868562
10492683
10667436
1826758
8927
18737717
2362049
16199752
2394348
9724619
17677551
12817928
3297013
4287341
16432810
17103589
11186150
3481826
14670423
14703197
12244826
1773768
17783550
2189525
6517086
17713453
906231
13280144
12210026
5607439
13105075
6787154
18379239
15386981
6794696
18951083
16167334
5879436
15239443
13164203
2893225
17853525
10908445
6934495
2966189
15264275
9818210
4194205
178698
16962076
5008514
18575969
905300
5358857
2745683
14317948
16597063
9628819
1159784
4534259
13185455
14199141
16797897
10862477
13601692
16877366
824667
13644817
10168546
8983021
15400885
2707685
13944783
7750937
557757
4900052
2532468
12033675
11359771
10937709
13740700
5049143
15171960
9949858
16196528
18680853
2865952
12269020
7575127
1672913
14330915
11591848
14666269
13951477
316916
15349270
4410304
11464969
3346898
2692705
4749664
9804840
10543674
9304729
5512630
4971924
17586776
15051115
7013954
11711713
18023767
9394125
3149092
17972174
4184367
13681209
14925288
10367859
6939099
18746047
6418751
7663522
15495309
17071715
1736444
12572118
14626253
8986838
18578847
7467491
6485294
8888934
8044228
2053046
10713382
11377388
18425085
8554060
13163561
9740807
5026093
1646556
7794934
1717126
16947033
4551611
3495615
16223819
4421250
16902462
1925537
18800278
8043099
16683071
8547576
12305054
13395749
18378335
9258763
6017168
2616278
13828358
13047472
8080034
17757825
4263688
6719324
12748373
14574771
7588551
17577917
17890924
5204410
10481157
6076802
12678666
10644095
4369672
14577719
4238019
17216759
16206213
11810753
1749257
2760801
2657385
18983154
9037500
18882377
13576182
14788004
18874837
6759204
18306058
16006477
15710305
5698375
3749544
4369672
9388196
1647632
11650936
15874049
2574575
16321327
9104344
7893993
6847464
8200558
2365563
10392498
11195327
17621617
2228060
2545063
12940083
8381748
14845677
4410823
2746580
10651067
18498043
10156689
8747572
15964188
11922977
6174876
9866751
17966418
13898967
11542473
10987393
1482483
13030621
6601461
13876243
17942308
11092225
7029862
1868182
14648941
18840963
18470778
8476677
5134687
6921789
1118935
12751613
2675079
8982906
17513370
6197995
11363377
18214741
11775473
14220087
17967937
4310566
13911646
16088386
2683594
6062294
3948639
17598113
8505388
2359526
1125704
6666568
15605937
4513354
4006185
9125453
14389431
2359711
3010593
3511021
17791280
26156
18957484
18867554
13225842
11103445
15214886
12171354
1707573
12581361
7904916
14718529
1058077
3301722
15666077
6648466
1701639
4157115
872051
10675255
7247709
18274377
8259698
13352510
12096352
2629784
5211522
4721904
16616653
16361480
5587162
16089107
13252294
15491932
13973877
4954511
17199246
2529940
18426164
18060274
8263329
16499783
17840674
16724245
9653901
12601595
14883677
13865748
10283433
12339396
18502604
5618585
16732740
1417027
5316002
3422925
6468778
8816398
8322336
9582387
16751663
13659888
3527182
12797764
2045876
14293543
18962528
17812790
10820076
12525180
13163174
13307548
3984148
15364082
3532565
3164121
7853214
4500947
1633268
13651107
1284573
7089723
14866899
18588759
17257257
11991698
2587409
12029078
7957403
3665412
18068306
13395400
2953258
3713775
5924946
4073401
8371850
9202737
13826729
10536497
12213686
8802278
19029595
6549449
13456056
16514575
2587749
18840473
8449881
4700606
16618801
7570439
224529
12287845
16481020
16712380
16946793
10934587
18018038
11002445
15437898
6956851
10452641
17632632
16680650
13683945
12133464
14282092
11720166
6106018
1661543
11161980
1587358
18728079
11118091
5684766
5787402
12686611
17871215
6472351
17606689
11265040
14453430
15202100
478160
10394136
17583457
3579223
606704
13459004
12941039
16908687
6256820
19025421
5256716
15376699
9125266
6379250
884616
17801638
14212664
17972562
3597812
13303363
6239299
10955292
10535760
8610659
17713453
11626495
6406560
11751121
6697344
14034094
833724
14167606
337283
5674447
69696
18212525
13517321
12024733
8889616
12602467
9199869
8605568
11648971
5543937
16829137
3113461
12244086
2853193
4681875
13616120
17691852
1467246
10104540
6499867
18164175
7664987
6949800
16456750
183299
4914186
8308546
18498401
12744747
10267997
6245060
9861129
7948672
5095723
12046765
5933465
15262187
6724204
13798812
10585632
5110730
10008966
12154421
2026284
1976824
13909525
8513727
3102929
8606286
15248956
9221089
4527207
6476569
7663638
5022545
15093532
11783760
17858409
16172499
18425085
24095
9558338
8619034
11468336
12538415
17201251
18575969
1020210
18856472
10794937
4263058
17256134
11416670
12839190
15591838
1963025
17575317
13794423
3961629
1025324
10804529
13471966
14906194
12147720
2833078
5156091
4809564
1288067
13907308
16401989
4075894
8254042
14077024
17221651
18881594
17710132
7700170
8344792
2069996
12107792
6943357
8441097
14671253
18860324
10400402
4594159
51166
15413030
9011374
18685877
14636978
14101607
12086087
12859945
16244280
14308225
10686941
17143667
9929091
18401421
3860384
18070648
15546401
2501117
17557522
18056606
911513
9571496
18837122
10406812
174343
10661337
4287702
11430568
17042147
14315467
6359435
7868623
14050570
12477922
9346821
8466681
17601024
14487087
1654456
231514
5357463
7915009
2597266
7973871
1051538
10471725
15763433
11582639
14409284
9243985
15951837
1670739
5654340
2612570
18854301
9155348
14348557
1287706
2842635
14955484
3284588
9025080
15290982
9098386
5264386
1175906
16427688
6389162
14417497
7725158
1441128
4883475
9590500
15507245
1606210
3737378
14548993
17535405
17591573
4706141
6340730
11803430
12200765
14185164
14041171
2959187
1245918
3871319
14732435
2369809
1411643
14288483
8548357
9425718
1560208
15360805
18073980
4665553
4534297
13244163
16775688
9231846
8795865
15355736
6731980
591360
15351513
11515944
1242940
16879934
6885413
2466801
18063876
10918931
7649228
13996570
15839218
13682036
4628677
2765594
14045351
7066368
14665205
16420338
2602959
14111255
12512154
4697126
9055473
3180981
11212848
13647090
3328459
515983
3712600
8221209
8796721
9992531
4292951
17599431
8481875
16182388
14548993
5859237
13641496
6743025
137754
3554238
14990224
7615980
11070387
13106584
8848529
3800324
3466771
6915161
2503577
17596647
10803545
15757776
2430972
18609932
12281918
16430644
13965320
3677395
10709173
3724202
10213551
11149982
7744899
14395680
13998772
387835
2326562
11474280
15178455
12038036
3444177
6096466
6187572
6026632
18550988
15339677
408374
6943357
17137016
9466520
17041712
16559018
4242384
4175098
18055332
16033499
5797594
4860773
14031285
6247988
11111829
12496746
7625756
2131000
4073921
13397874
3900877
3487313
14024420
356877
2843543
4237378
5671988
19028939
10551206
11530640
12268798
13689180
3815559
17906820
1768358
1606210
11752845
6401698
5495961
16245247
10701366
9896498
6950301
245551
641127
4493019
5262273
9664160
214015
12885201
17313402
8482536
13718460
6391870
19065548
1400654
2317054
16315703
14000474
5475720
873908
12238422
17057857
13780215
3154260
6588940
15825072
1780793
13164203
16342820
10234521
7621405
13544428
7660728
8027389
9132533
4623946
657338
11276896
5073562
11838939
4823562
16131346
1721556
18488824
3410609
3262094
16586419
7442402
17875197
15951859
266748
8972738
19015104
6074829
5246410
1417071
12576144
11393991
14178041
8082907
10488404
18590604
9061400
17419569
3752578
6298419
9548719
9127519
6169079
8947220
18183503
10768223
4622958
4093060
7039020
15592744
18678307
7884551
13458234
2546018
2871537
13546743
6932376
17679594
9808276
18507861
6378221
16252668
10776524
10804270
11267446
787898
18426164
18810225
14389783
13500072
18362195
7800604
3872103
2939186
5951500
18501417
7949869
4723935
6721051
11639883
3929244
6818233
16373981
3025242
4166429
18215684
8281015
12476118
4398175
4958701
398314
13648384
13045546
6424953
19004846
4365903
11640940
7336906
6321699
3598770
2375267
17533611
5858179
9487671
17668604
13874840
6447277
9510841
17464573
1010351
13913514
15267377
4259256
5110730
17961878
1682935
5293244
9355107
14474694
10995048
6551809
1530451
11560838
521207
11340092
15464567
9296175
15802305
13335592
17208306
2159864
2685684
10801704
7523003
2320020
17311984
6417074
13394466
4286202
14072271
4675803
5603951
13788456
13367141
4491811
166042
16351387
15979730
16445532
1352683
12856001
2412626
11066443
6201435
18589290
16977135
11182418
14664944
18217255
9488390
14663353
13410578
3043178
6187700
16982278
995444
16586419
7058196
1366859
13116817
3065621
7656532
9859958
10173096
666641
15757776
2267982
18537557
8536103
8321490
11551214
7328330
11196558
8455968
9508415
12969399
14985791
11589244
10924945
16940151
14290259
17637201
10551836
12108491
5167445
18125435
3332284
11438753
17918150
18437417
17436849
18115145
13337776
14182980
5009690
10261865
9457906
2153724
15312898
7835003
5580571
16676039
9963433
16141667
16417457
18930941
3121857
16373981
16903071
591193
13090102
2602160
14123442
14224824
12046613
14196
178698
2008821
6528144
10956561
17677551
7165528
4165180
12425510
15480333
10255363
18445031
6665517
9871818
8411777
4779813
15342708
564941
12039629
919160
8281015
195524
18969730
2885745
2815558
13047842
473287
12399713
15691112
1411944
9940010
12584357
5183593
8860144
4594159
13426740
19004416
10104540
9578145
12999433
17592758
4781843
18717404
14374599
15942174
5044950
17406432
7315547
5006852
14877519
8290330
16295243
9174623
14502325
8587843
16919075
12288236
14291089
13275050
7979567
10780761
17938724
16361562
12121907
8866701
4507638
8646239
18092613
3152764
6610521
2117742
12117499
3999217
5897737
18743106
18529356
3078296
16586651
17643841
12247590
2584315
17933381
3026243
4922868
7545492
168804
299256
3228138
1023820
12797581
7634544
9554196
9325004
14825498
12612156
14704719
9043013
279905
11488529
18895241
2594075
17282571
12147871
15375872
869619
9550944
14355480
16116039
7332220
12870180
18995360
15666639
14832625
12679796
560427
10700677
16532582
7374206
9025080
7520807
14490760
3345608
2116061
12778508
9527840
10398959
11930183
12601299
18239793
6192233
9749055
953299
2697351
18495650
1467246
17358519
17925655
16067018
8689628
17822332
12440774
10012030
4986851
14291546
17578882
8473233
14640517
9605921
7744055
13512725
14606268
18116854
11112523
13669189
15010249
3152480
1846524
4594159
7309377
14496288
11212301
18614434
18164548
250264
11372510
1744919
5766556
3630174
581046
12452515
10745847
10486383
9408434
17655387
4974014
9501099
3043178
8795865
19034901
9680057
7843878
12885201
6384320
7460112
7337377
2745238
15338539
11224628
2746505
12021351
18752889
12912720
14787838
12895080
14142305
7363582
1016761
1263142
2493314
11482488
16788856
4226052
11247353
15473351
7915862
2343941
4958701
17729050
19038938
18100903
6715359
5938197
4414236
10002854
8897811
17583461
9184697
3035381
8333231
4149044
15216822
9837621
1344535
16711421
18693124
3027036
18922139
18966905
3271945
3148379
9376179
18621535
4588126
16667930
14727091
10022256
9356344
5642262
1851785
17211288
14429545
18557023
833109
11268086
3149092
1541108
13906475
12285640
8002702
3957447
1597458
10871599
12119747
4580145
12499945
12681297
16286928
14645357
7328199
18550033
18530682
5429405
3508362
10148731
11684570
12704013
4944405
1779704
8242464
5860945
17947489
12825401
11311701
16855110
5169118
17223177
7546189
5323384
12439406
5983187
17000084
16395591
398397
9817803
3763327
1164866
8829831
16180845
16743588
343336
12439366
7890742
4024124
8339928
14222361
4959218
8263203
11784319
6931966
17076598
10327218
6338407
10969473
14730402
8588752
14517667
5976965
2405305
13873446
672288
11560840
833724
13044468
4627546
17973779
11406352
2011217
6607123
13191756
3915840
12526349
4576164
6775865
7106542
2931031
150272
17196637
17064949
10798880
9520457
14272040
18035527
1257990
11566227
5014466
11704295
4948907
14042946
12390418
9715296
16167237
16576782
16336208
6501841
3044189
12081283
944777
6917232
3193697
9227792
6228729
14545388
2565615
6803561
6408566
17616754
8852707
7791319
14533809
16540673
334911
7184074
7551000
16648647
8247602
680852
13074965
14867887
11808480
18151006
8504125
4337659
152902
3340696
11780639
15807048
7314271
13153463
17933381
7130694
14007033
1278730
4098938
10941210
1040697
18081575
6642129
9269396
17759594
1858461
17381944
11115463
15171960
13278824
1683909
10459451
1879430
264120
13396468
7889114
12467929
15157234
8983021
748386
12105464
18142244
3788759
7668902
9714348
6179918
12923127
6930136
12237130
14683662
18160426
6753697
13564503
6781801
14120443
12268798
7125214
18651474
12601595
16109484
16292774
6878378
1164866
17592012
8075970
11687730
6729878
9652428
8915214
12771918
9035194
13876243
11885814
18429800
15270208
7934776
15144536
21215
2567008
2443471
11882280
15602418
2882463
408984
1704026
4914186
17529532
12343450
5761744
13682608
18241963
3564758
14379579
1942907
8053937
17516432
14879387
5625656
10258295
9517324
10332266
18800110
7791319
12154975
16219971
18631569
10095304
3661490
18217255
9232341
3581966
15165437
9896498
17241419
16565408
11236975
16868946
8305175
10869528
15420926
14578094
1513511
11022847
13549374
2584234
7730558
15355779
12057027
7890493
13772985
10031137
1668383
16799878
15178455
14911997
1119797
2150379
2034886
1686728
8979126
8269069
3008211
17890303
3240130
1494126
3254729
13830880
16467026
13352621
18091507
4173615
16145450
15142434
16417076
8253977
18107933
5924158
5007403
13286481
14772934
6196852
9816757
6354227
9878339
2172428
1468135
3145372
7948672
13565834
8153809
22040
11508982
9234079
17515397
1607341
18011203
11668339
11919503
9180954
8712825
10546946
8457266
14573024
4988613
735055
18212525
18372122
11787100
5148261
1650603
12351423
1410431
18991776
21215
3795946
12620587
7316849
5234535
16906501
16084712
11400291
7242285
18485348
1379322
18476930
13302303
3280366
3938849
17059588
16952856
14380776
8438079
12650225
5045787
16472572
17533282
14783247
6087591
16086461
5645960
13565562
3216490
14255929
9441942
6930136
13628009
8002702
18496873
11751121
17013847
10950376
11745121
15297188
10493208
935315
10134706
6163719
4813546
8286691
15176199
8387781
6096167
12721374
6990402
14664686
4113031
7524049
5983420
16617508
7257004
8162440
10094633
4365170
7929781
6475221
5264873
18623744
13519050
12155177
7147616
6831657
973392
15102227
509482
10401884
12301762
17203788
10335509
2401755
13317538
11037257
2037223
936818
6164133
17921871
16975534
7807807
4752417
8688573
17590258
583882
626457
11006482
1368939
6389611
14254230
5937144
8457423
6119753
12131595
9937982
4657336
18966016
16530735
15447696
5840990
17518626
18107479
6434020
9618820
6047914
12028867
2602160
5415359
5296047
6576177
13132263
8632038
10114171
3161581
5050673
16981898
1669024
18239448
13564779
17289231
7098929
17363846
1112516
7173813
11433742
9312261
12580729
17753034
9626324
1957788
3900877
13688292
3265158
14679303
9066542
2269866
12215568
2967589
6631966
19064256
3767920
12464149
11691428
3300990
13443220
18979682
1485133
9822631
10527293
2631407
13635155
2841880
6885307
6685409
7450266
5596135
9045753
13635253
3710668
17924078
10107758
6483812
5125438
1950781
5611376
11869958
18851859
5914212
397194
19066976
12477922
6820399
4971924
1738237
14236937
9453321
11090857
1473527
917838
16267446
4892629
14300945
5440700
6959090
10874441
10106613
6352344
3330267
7230109
5429591
6584539
1353564
17211225
8972490
16916422
10452641
8474107
4678286
9602496
10741496
17121865
14182980
5073562
4858279
1583603
16786099
17287882
12600591
15792833
11276164
13210580
666122
2637935
5424171
10918497
8689628
11903200
11265813
7635680
9021281
18188074
9312986
3349376
15028392
3802042
8695973
18580195
15293687
6979880
5607439
14198423
10690499
18445031
6066440
4467828
1085289
986715
5887541
10107865
8883616
18358614
8959380
11766487
16252897
5917815
12123711
10818790
7998570
8594374
18881098
17122314
12476118
3367061
8858181
15286604
987187
7440924
13191756
8365047
12120982
11775473
16558654
112053
4418129
17905985
4916270
10128818
17469273
17068616
1411643
18210019
10364268
18011702
2528308
2653145
14866899
11375429
15911896
2878092
9098604
7046496
7912138
18095627
4952902
15639695
7929341
16477068
960008
13417288
17870460
6434020
18631822
3572002
11011858
10283433
12470859
3570241
5906984
8371657
8927
2623183
5149763
7151612
14042965
14650588
7487840
2498265
789971
14433968
15996414
5998224
17448886
11891251
8780235
5396361
9356344
6208914
13371542
2704955
9609443
6399874
12749218
1654172
8523546
14870654
18132163
6568169
4667083
17054201
4514546
8527586
13529968
10117508
6285919
11902830
7134505
3138743
5143019
13941200
13683945
15697178
12135434
2546238
1181904
17110376
4696687
1166185
5706878
11444916
2357436
9983089
9628229
17885641
17262501
15088855
2998930
17327242
2146160
15925547
15909919
13721685
7262277
8101099
2900266
16902462
5040088
16238949
16342820
237463
1016761
15416260
7260605
16867856
10853151
12381964
15977728
8174459
1412286
6252369
10170332
13788456
4286767
18378335
8753862
18125308
15708566
16163909
2302483
1191562
7126214
9730466
15972328
3522467
2173357
8551233
12758412
12486113
9675858
17736116
268721
4952902
3595520
7309377
4197611
13418296
4525084
3699691
14730856
17287998
14832625
11703348
16733561
8031925
3683205
14582677
15685696
15446019
18718992
3515841
16913277
16318892
5951789
14248453
12691294
2365878
9016384
15946787
18574700
13444635
3641181
11733597
11782957
17510580
5519673
14521874
17317057
6781801
18644876
15561218
15168351
11560838
3728075
13056433
14568561
10584170
17742608
1010070
8783661
1814157
14457973
7685537
14350028
6422822
3023705
17670308
3703823
16603874
18650830
6670422
10836837
8958181
8773304
6902895
3549867
4321650
4902761
18614124
12669115
749643
914632
10624090
1816920
4334779
14382840
9755140
15712648
10868022
10996159
10099457
10834806
6008410
13697146
16443364
10869528
11334066
1876666
3162308
5458518
2702341
15781513
17548876
2149335
12073286
13241820
2922546
11499258
17425195
17713717
4637097
7207000
18652221
793266
186940
8853074
15285235
9726306
7010990
12861407
11487973
16691283
3098002
12433663
17516063
7162250
11495337
8863593
13715912
5098240
16661541
11797547
9776804
15023837
18680940
11130767
10116934
17639401
4213993
14181241
10243193
10021170
5550986
2946067
17451018
13194606
8870927
3363870
14314566
42667
7666046
4521017
5102839
10359600
18034405
8230438
10584170
14314395
10927917
11331768
16047192
9967217
4229502
1925537
13053111
2005405
356632
17922592
16116039
13257899
13700233
17294354
10382404
1473558
12005712
18399045
7022977
7010990
5205385
18833781
11391777
14096514
8783406
17127457
17097413
5797594
748131
10748181
3375931
8334034
3688837
8179476
16434988
14042203
10019447
3960725
1354443
11223129
17924178
4506000
2477130
17752868
17952650
688253
15288241
17534857
14004335
13968389
16582742
3868257
1861246
14704212
17060148
6964114
4177126
2045828
7371124
9809919
10164236
5707174
10173096
10219159
11026285
18114098
1233667
2228572
1870091
17671478
1296717
6580882
8989123
9667075
17078361
17772241
18934007
16956392
4056760
7136563
8305175
363666
6043268
759032
13351434
5138423
9866751
9994915
11503215
4107601
17610462
5346487
5829042
6476863
18889067
18450542
18620495
14799094
4542556
13058609
525645
11919320
11558682
17984376
4424356
1569216
6794870
14104800
15477913
2762362
16731537
2063292
1953461
8449415
15945746
18214644
9360508
2508159
18716869
2398194
17071715
16931857
13668844
9788145
10129639
18554440
12889679
10659233
9132383
3590457
1728650
13829000
17206739
4620678
4819899
19036198
14962830
3840845
414198
6510974
15977728
9123435
7294712
12855912
366653
1993402
4488765
7842810
13145525
12900165
3403297
5399544
816744
4840974
13675574
6584656
4038408
344324
5737589
833109
1513790
4928816
7343773
5743192
18832968
18833781
10484808
12358770
17929505
5993881
10746730
10722615
12104562
17642353
10690499
13181986
19011243
8508279
14167057
8277845
11684091
2242766
3243349
15077336
18829382
781057
18166340
10335713
8873753
11639924
3481737
13243212
7854555
4162856
4024701
8438079
9228072
14365397
13661834
13276554
14692887
6472201
7576516
3060856
500643
18149777
10147050
8646239
10918931
4979478
10465244
16119728
13419299
11235215
562456
4294357
16779513
7342397
1042104
8538663
2106283
14443178
6527636
3948519
14621395
15124001
10099457
18372744
7306108
4676689
16235517
13380213
7594024
14906194
6124912
17087881
1463612
16948254
3988085
16591099
2568393
11160268
4531071
6203368
3660389
17957316
9879794
15002569
6389611
13515616
3535148
6629147
17300806
1500249
5394796
10220019
9896557
3479285
2559755
6795886
855759
1047867
3023500
8227186
11651143
11417750
14743808
10087193
2299892
11342746
1132426
14859300
4144682
1210013
900306
8363284
10181101
4802182
9108314
5027510
2013527
9801492
12474178
1555179
7765409
2678151
1029501
11998360
18600809
3149092
519808
4569702
11438753
1379322
15799468
1824054
8376009
17235669
671275
5654867
17300806
4036365
17782822
10397397
7398211
16988594
17676764
7687331
12891304
3083622
15500133
12905980
11933922
16397619
5334571
3932167
15584631
14662397
15092352
1384918
18776474
3191313
315804
13611880
10106047
13391521
13076987
4724028
2582066
17891764
18494928
3192421
10943868
650446
10904675
17416915
17863328
9048399
4001251
15954458
9132383
6595007
15976980
968211
11856284
13849352
7620705
11206310
3482364
9693152
8250828
875613
14965169
16969889
5264873
18386448
16289253
14909865
2829886
17381944
6913003
3930498
5301059
1973397
4563423
2641542
5321618
6467958
9826073
17228606
12115837
8064573
4212934
1260657
15110470
12348926
17094589
12830450
18868806
521207
3390458
14488176
17502042
12013779
12168260
13151135
10605506
2520354
17427031
5339549
12881934
9190615
14925685
327328
6444030
16342100
6542680
8080103
8778648
15989100
10615556
10934137
9050788
18756420
15900559
224455
18964342
5140151
9169241
12185991
9814788
17028932
15437887
2449302
948048
16883967
798610
4840974
4572739
12501995
11176659
9946763
18997328
8467807
11462735
1833725
7970292
7954698
10963250
15590700
9822631
2220645
16994501
8682670
18994833
3619305
14980960
80581
7370698
10585293
2555288
7495603
18324972
16304108
2834357
10276052
12559871
11061003
13983244
10133455
870651
10558972
5384423
14749216
5860371
18150280
134127
2750252
7824075
11320206
15273217
9146615
15287616
5436728
15359783
11560867
15961667
4759037
367801
15964188
5702879
14766789
9761429
3941696
11000295
7713754
17173909
8989123
622475
1431933
17061420
12055598
18675792
6933613
12722490
2791461
4225267
10524353
14992247
3724296
34384
9215503
3912991
17750889
2040306
11517305
17720771
9353664
7521550
8950234
10914854
11763949
15446019
5243216
18807484
5811550
4211452
15172404
2997156
6551665
4271897
673011
5802775
17410303
15503238
14086905
1679416
655183
13884671
4056030
11944589
15634636
18731834
11481708
13435106
9897179
10883582
9137002
1893713
8743393
16471815
17859792
9082761
821486
18166340
9747021
13147640
10233647
12073286
7838054
7363582
14140181
12286338
11828965
9344880
2610761
2125901
4820997
3984148
2407684
5035496
18150590
13938010
9159588
1647369
1296645
1745465
10278920
10276751
16058107
1305281
3791655
13882944
17343848
15281520
4671891
2482233
6743984
10585632
16432810
674077
10965464
10742379
10449321
6278955
11589399
8321714
14812244
12248988
887636
15383588
7847599
7238275
6520072
13211401
14782831
13827144
13722220
4206935
10776524
8610175
6049363
6520947
15846936
17533836
18957961
11065132
1619265
913737
16662102
13780215
14258007
1430249
12737735
4427313
652985
1213097
4077558
18471759
9438905
10406812
9626324
11073818
11133124
37240
10766277
18616746
10104610
5478462
18073664
4577154
2940922
11854736
3090383
12304446
11945713
14170481
14333253
15381220
11631594
7029862
4786231
6696525
7510772
5562727
18398228
16959226
2095584
8390935
6112735
14870638
2705384
16761638
12419451
17232220
505139
10655262
3891350
6195695
521207
150272
12200765
17793452
5990957
6653183
16267446
17535405
18191919
10742831
8777592
3400810
2896650
4743547
5220072
14167606
1005662
17781731
2426488
12663529
16788856
316916
18644252
14028731
12513439
2212844
1000911
2426452
12702544
9943521
2998930
5924946
12812864
12099028
