4308650
1274291
6613229
5989898
5575127
6200189
6317588
301565
4661462
6602051
1118020
6468558
5305368
5672261
1680345
381644
1348385
3200150
3671251
57345
520712
4848379
1723014
4195846
100670
5864585
5739304
6548124
469479
5550459
5597075
5169896
2808413
5004875
4659532
3747559
2913647
5174765
5328548
32049
1497619
4038000
770857
779797
6239362
1281758
2831645
579872
2787008
4492149
4798971
2619167
524605
1366070
2208326
6552562
2089372
6390785
4737844
2484754
4098739
2462592
2107429
6101713
3959220
3110202
3370751
5339229
2424638
5782494
2356291
3807566
847283
1179030
6283399
1517403
4461506
2065010
3829801
1744575
3409232
2439277
3167296
5118787
4376021
6141306
5876507
232992
3423538
1933370
5467242
4934902
5505154
5517465
672021
4790835
1928133
2014199
2931814
3947623
931955
64324
4328061
1616631
3706874
4906063
4786483
1903699
6438657
3083552
6209417
1570651
5531295
5118463
3196921
5608987
5540799
3370094
4069139
1487061
4364731
6054983
5206081
502613
6496588
2518570
78036
5430993
5546178
481464
213857
6142404
3020115
918529
5042402
4409250
4722188
4126662
3527099
5604938
1889705
2545135
1297945
3825826
5902067
4576863
1184223
1105855
2102394
1015932
6515390
5636718
1733409
1535972
4783277
2256387
208007
1038793
4797757
3253454
6492060
5569877
1599842
4098535
2420127
6699972
84915
1309783
4391003
3438983
1931329
1868258
5131998
6501498
5540995
5169198
3045965
6495987
5804903
4578814
3067950
5166252
4262537
251691
2800410
486958
1860106
6493412
5897118
4785446
2032219
3739154
1484896
1268467
5642649
2843085
555905
3945688
6649721
3867585
6524370
120179
2472801
6630681
5127180
168876
1887873
4975829
4833696
4963178
1340451
3227001
2205240
6720185
5798056
4087216
939038
1430025
996156
2281990
5458974
1255432
3126697
4157591
3652589
4585547
3543706
14505
3789351
5004880
5411504
3836958
4895952
548522
4930220
2154058
1340478
4182000
3321609
6565516
966310
131899
935187
5967415
5054193
6519650
2279024
428281
3016064
243854
2742204
5949053
5158297
4142091
3007256
3366464
5923141
6689346
6454765
667244
1489128
5163359
5310040
2190111
4573545
4511338
6404449
5054885
3098260
1043448
475163
5471338
733342
5618757
3930362
5047741
3988089
305461
168876
2012389
6351980
1673032
4015988
3214059
3689660
222397
3023578
1618599
1803264
3902823
4144009
815081
3098898
1283052
1203906
2341411
4973663
1711617
4522493
4160925
3899516
763536
1423382
4323456
1776445
6376708
330051
5577799
3765617
2466646
1162752
6320294
1741354
5025018
3010149
2351450
6328187
2845966
3666582
5241298
6169156
1359834
4762227
3242868
4711878
1355463
6039844
4936257
4016911
3806255
1004525
2162747
5367293
4398443
4827732
4430233
23288
4753226
789904
144570
4440380
6258485
4091366
5367017
1169292
6716138
5127180
1557141
874993
540024
5550459
2772085
6414943
5692578
503052
1195508
2522645
5086930
5191427
603627
139868
4010561
1311950
4447108
5470763
307261
5861929
5309435
6201667
5839585
1863641
4966464
2675629
5982837
3114908
6731800
3039143
2813334
6092110
4489632
3575491
4265511
6041023
3065348
6685202
2060220
5434818
6146949
5608426
5954319
18509
4853111
6480824
2739531
2106167
4548981
4854856
1776096
2191282
3271040
2823405
6548329
3573026
2135169
5785380
3082663
721141
3382810
2747278
4124462
2604784
1539749
3400650
5866192
659887
4879785
4948871
3223337
2059136
1234155
2749402
5740764
3734575
3058377
3243063
2200625
2740753
6673686
372337
3188061
5222979
3201731
2133586
4522838
3400650
698234
4392547
5331640
1655139
3525785
3541923
2643149
2123066
6169680
560079
3012117
3807079
3067618
3270956
1081025
864599
2929918
1418929
3718505
2517375
2605586
1386121
4262285
885623
2483529
2304657
122660
3118394
1518989
4447574
4880185
3326764
5354317
324917
5406353
1795177
761975
1072061
4757000
6179164
3411500
288952
2589845
1652567
2048552
6039029
1377704
5488038
1119770
1393203
2230090
3413089
828419
6411406
1267121
1820152
1002783
4794810
3417388
5610152
4246002
5789467
4362896
1903515
6297675
3276282
507682
938458
385756
5552520
3826588
4179795
3009039
6478966
2550621
2698114
2676269
1773512
2630992
6180427
3709031
1221212
3472009
354196
4513110
5407095
1267982
3909046
199172
5901039
5404457
640980
5022880
3400650
5709833
1509929
1619268
1792296
5860513
3069923
4932057
4289388
5066949
4610333
6111379
6639047
87567
4487074
6268121
5082239
4321441
1925161
953184
1044985
2633329
4429493
4999707
6472556
849208
5134418
6075420
447307
351999
5977262
3057114
1920314
1422647
805446
4995324
1620772
4936247
1096322
5766856
2262320
4977333
2038246
1038575
6389496
1669119
1304072
4462760
4903424
2074246
5105838
3830541
1221321
4860163
5199527
4746783
2921381
4873582
1461111
435786
3994336
3749120
6176938
3651311
3556589
1118404
3601100
2947446
4881557
1518648
5693916
5969981
624947
711959
3994958
2299248
6170852
4384138
4082083
6729171
3700214
1407582
4021498
6444631
1763688
1887978
5125746
2690409
4316622
4707106
3700518
3275130
83694
2187234
6177709
4294657
4401965
209978
2652334
5020966
2377462
3392396
6391582
5738606
5618579
5620878
4332001
1663134
1829440
2096158
390248
5396355
95783
2000585
6382643
4761005
5800785
1410369
2046871
5869619
2554488
3845314
5860067
4004288
6692558
781977
3230544
1958888
6043926
5106811
6425886
5500345
782873
6507259
3886580
5780285
720900
4319892
2439329
3397019
5626047
4405783
6506205
1559957
2635186
3552972
3836984
5855828
2892833
491765
1492963
6532046
4095649
3380420
2557193
3537764
3722687
5778732
5618100
5309261
5780283
1521432
5082213
1785924
2224668
3392434
6141131
4168504
5361962
1681029
5456361
5863865
244122
6203480
149397
5617522
5546309
961227
3617394
138000
6472957
1984189
5236413
3274943
3089057
4768158
5797610
4516850
5928221
1695960
828366
1968519
1269800
1477179
1095551
737199
3283634
2207490
4821789
691465
6361213
2799874
4379998
5335768
5762099
5052010
1814799
6587601
6148951
4054468
6433335
2462799
5093426
4460297
3022051
3326967
5674740
5984585
4762956
6611485
2076178
2130505
2678540
6451592
4862121
5399234
2643757
4548387
4956354
2531116
5652402
4715307
1422264
6323632
1879319
198965
4104924
4098672
6472116
2531105
5854045
5658465
4070831
3029808
2501343
977374
5578496
3415748
665151
4122815
4006724
537715
3684648
2661403
4065500
4544566
3167395
5505520
651350
4142918
1836735
1774982
6355766
1594248
5889502
3945500
5816839
1203366
6562371
5349717
3629895
2052203
6356227
6654653
3422934
6382705
6077244
1944643
5959477
4367930
1560903
6651426
3498200
5397989
1026815
6359299
959766
6515356
1784894
6429152
3632992
2168457
2950705
6554984
2712476
6032209
6074408
3375725
4348722
4449383
117100
1558922
2501858
2136997
401495
1745802
3387089
3154177
6248213
3964583
1386703
5327160
5027909
5812244
4775496
2138781
3270339
4318739
5796652
3628701
743600
1954363
3264871
3270999
2510732
5829277
1403613
3123955
2877320
1927996
6648116
2049141
6627166
5757488
3542484
5094999
329190
5226237
5129931
1122279
3180933
235327
2640303
2603125
2904687
2424658
2730700
1204833
2344622
5958125
2786276
5928080
1055266
2549948
3065890
4330987
6077601
2397783
3681587
4025076
1336901
3940016
904825
812924
766765
499760
4216517
2818366
1038487
6434416
2479964
3767126
4452957
5647815
1436927
270064
2027301
5145423
2820808
6280782
6328261
1717854
2133651
5417194
279436
379434
6405862
1527224
1113556
1734817
5222703
6479761
2235474
3214560
2163318
5172528
864632
4547707
200187
2271998
504576
5497472
6001611
255685
740181
1347661
2844981
404461
4852153
3408164
3068396
2769951
3608254
5881991
3942271
3140222
1479382
2477624
330566
2241342
2007543
4573064
2450928
18968
6130844
504471
3114908
989741
902762
5231348
4874042
2695539
3234927
6212264
4372340
2333316
1541901
2429356
5065990
2630948
984473
1881342
3792218
3659527
6424928
6482472
6636793
1346446
1439971
2413715
4406176
5959477
539503
1015932
6688253
1875940
2389720
4746228
1576875
3452826
4571321
2151688
2596962
2459200
4208470
62355
6402016
2298688
1472702
1817545
6343787
258537
4564996
1120813
539485
1070266
547290
162401
530165
1872268
4591698
4073737
5528346
1446349
899581
5667956
3388083
2063508
706305
5427772
3632639
2252125
4859334
2008036
5901928
3078173
5663572
2423797
2739532
5560869
2006050
5621428
1365318
4457620
337923
1064751
4701446
1938739
4165299
378634
6189572
1535833
1026324
2204189
3310187
3660799
1608741
5654427
2447951
3403199
3001680
1488705
3669045
3890726
1956617
4163941
3314627
2109918
4585453
686288
6035428
3890324
3490888
1974579
3561024
2554439
3560123
3106546
1196513
2526253
884132
2779979
4868848
4443300
555109
5122941
1598811
6733703
3689560
4316370
2889050
1580437
5987394
1880198
1507943
1404859
2470725
1747025
6400997
5843783
4479147
3968092
2606418
2483529
1169729
5923804
2096286
6234874
1827248
4569704
1101633
5557754
6605098
5476490
5673481
6340041
2564681
1931286
320960
2216145
3212215
3632992
3393603
1306075
4281003
1480151
2297980
634860
324255
907817
5497619
2128245
2773045
2847196
2612286
1285081
3970126
2103541
6406508
5648951
5851128
5469110
3353369
2947801
4108225
5223449
1193217
5440656
6590285
749613
831655
4101190
3827507
1090317
3141668
3098103
1827418
2593836
5735146
203592
4096188
5592894
588882
208040
1372865
5173950
4718466
2165988
4098739
2794169
2619157
1613666
165464
2875636
5251008
948069
4966778
1931286
3272019
324255
4220515
3601100
2315579
1619041
2987045
2513813
2866281
2241342
1639289
4099404
2322595
5305610
3558338
4155354
2342858
3541866
4961169
6206532
801984
2544873
5648174
3405776
5123390
1687472
240616
1001164
3882369
2439541
3118131
207006
1152096
3760309
15822
224726
1467971
3124346
1618599
4359156
365371
4710930
395917
3968377
6695334
3280356
5736002
5252855
2432436
3125939
2670296
1653977
5298289
2045160
6534199
1599898
737706
3264156
4228154
3079698
80434
2451116
5594263
1888742
2645661
2269279
3948736
63728
5376787
3588249
3141745
2315837
3098970
2685039
3117494
1011045
2294007
1313840
3695529
3283335
5969418
891624
1486840
4111058
1116219
2964299
3085476
4478549
6668329
5608641
2643449
5831003
1369715
6577627
1471550
2549929
3802069
5458701
4839736
2946494
5219681
416573
4965104
4678380
1799717
5731619
1442594
5816148
1400333
1744730
953866
2133586
1467971
2438690
2262468
3401938
2358158
3759979
2757696
4380435
5263215
2342533
40083
4902598
4334892
635811
3350179
4344457
5400362
4279749
4327927
3015808
5784290
2668327
3131535
1177261
4617270
4105152
3924751
3904195
3567169
2194490
5720353
1717571
3224291
4927632
4361403
3725276
656810
5582759
4838494
4382470
2579314
5035914
3709869
4502009
5352595
5521321
5997341
718418
2829923
5704387
1117106
5515029
2498718
2317470
4965024
5765280
2390109
5309008
1166720
6574531
577186
6503034
1614196
4273612
6206769
4422637
6391582
6075420
1954022
3164642
1807991
4476630
3517340
2173172
6109176
3064850
1740539
2514341
106931
5092832
4914970
2905843
2116694
2591596
5506365
1873702
6655178
4013637
5254704
3867689
669414
2218428
5454948
4909524
6300591
1752595
4344050
160463
4823504
2472801
3200246
2506221
6724563
2473685
3936641
3408164
447829
6729283
177786
2423797
1687472
3723516
2887897
1943400
4512719
746671
6600368
186956
3723604
4656906
926072
1809048
3282050
1882518
154080
707412
2821829
650694
394883
501188
4810294
295163
4046057
421312
2660195
641397
2808562
1531260
1885930
5286992
239569
459877
767436
4860198
17980
3945128
5481248
2618548
86293
6730601
2154210
5210507
4239646
2637311
864632
1044985
698337
217446
2190111
4554584
3273126
5037052
2178662
2651999
5537490
1122279
4844543
5106811
5212591
4304820
5307309
43242
2369262
1072459
3814551
5335768
2279832
3263121
5634171
5401573
4220979
4132961
1315544
1790073
6340263
4463486
275033
4227860
3688722
3236856
2647919
4690804
240616
6327411
1863807
5006560
3577013
2781078
1034960
2962041
2822212
1283052
221547
100670
3916006
6555681
4242409
5845751
1096322
1693246
5781729
4735276
1581575
6410040
1724985
4969623
1195344
4657541
1304156
3445286
5368233
6192581
1394534
1905432
3334062
291982
3484430
1927281
4019907
2960241
1264372
4396677
1411370
4266856
4939278
1682323
4787905
4171820
3090792
664857
6668072
3396323
6347777
1584091
2299248
2094495
1375602
98763
1724985
3104062
1108602
710476
2271888
6497445
3116499
1480291
6486792
3107073
895118
555463
6534467
5508399
625533
4512261
4265511
740721
2369262
5619269
5582850
2245622
2252191
3041159
1025266
1703995
98773
2737288
5925598
4210941
26310
4183783
9499
1389095
4836746
5528325
6571372
4845580
5584586
4625309
2361859
2501242
3827507
3804096
3857053
3503389
2847196
6064619
5648444
1393203
213857
5606005
3138221
2181701
2067403
4736383
2313791
1375179
3681587
6474136
2823471
6375246
5033252
3320782
5692330
5194620
3856922
1964136
3041079
1915577
5919754
1244125
278028
2029222
2590772
2116620
6665876
2013277
2455181
5767000
470747
1313878
6556689
2775435
815964
5620878
3391494
3220498
2043545
1910992
4919865
2314072
1929061
1728867
6295939
1171996
4779624
1314023
1719982
3814755
6587232
1137713
4583772
4561450
266489
1208063
5176646
4414604
4326820
3660799
2005776
4460297
3944762
1346934
5286328
1496667
3569923
5562486
5370068
5037120
5500345
3185690
4104995
2561164
6563262
1092331
3374234
2667495
5327778
6532294
6020121
1948553
5954649
3625602
2554097
4470493
1309143
3439634
6672820
6446344
754931
1007736
84369
4847822
2027061
5647675
4145542
1313840
6280068
3781823
616905
238840
2438702
4052963
6268001
2422031
3686472
6193664
2271888
4375781
467382
1230458
144529
3813642
1363602
1740440
5793963
1751472
1230770
1089822
5404457
3252165
4054509
6601940
4195846
1567051
5869921
3022523
4169846
2628367
5033252
5351465
2408145
6059374
6206853
2324961
999418
4822593
3150823
3299148
4287920
5212644
5483713
557615
6340263
5902067
1412980
609262
4020207
681869
2827841
4605993
5357254
5133021
3181946
5991670
5844576
3867233
211969
703309
3275053
5101608
5048478
2171900
6417448
2731952
1075430
4669136
2770740
3831262
2877354
3986248
3294579
1779350
1886449
5428237
2215738
3736250
1508351
1723266
3713222
2582880
1453345
3708555
1655215
2589069
4057832
4422637
2241038
1034960
5114593
6621631
2746341
3205073
1160713
1068010
3980591
6573168
48567
619854
130241
5942201
1705754
551720
66747
5471338
3197148
1423742
2105125
5334084
3119882
6278457
5698817
2066804
5278569
5864676
5709833
1053339
511361
6274597
4628563
3007774
1356210
1464929
5831969
5822124
5770520
47218
5856450
2067513
3143325
3542890
5468109
4963524
2949879
3593771
1932746
3718505
1380431
2439541
6722103
3649427
2987052
1541888
1969237
6651426
5411504
3688722
6574823
5705504
2746993
4217602
6284544
49568
3666463
5266344
1971943
3949026
3649924
5555429
2466999
6161955
2886511
4461520
567334
2601574
6560901
547169
988914
64324
810366
1974359
5509122
848749
2079671
2709624
5010436
41317
3113217
34248
762569
5385165
4920007
1162676
1176563
59461
5643935
580378
5893164
262444
5986301
554087
4700002
1958744
3575584
501374
3543202
3398720
6503984
6197303
599685
1437758
6402011
2973465
5432061
5926946
6195837
2694500
3696635
1009049
1850039
3676122
2902101
5989934
4982852
3984297
6716529
1866950
2754977
2516561
4361403
2352147
1370238
1222952
1908714
4878000
5997611
5439767
5774360
2430283
6566810
6444832
475163
5511414
5282936
1065334
4622560
899605
2209628
2698630
5238773
1166265
728609
2227663
2258804
5696863
1859252
3542484
5585370
2905197
3875445
1891658
32499
5082538
3395301
5609213
2121160
3955712
1558851
5011876
4659190
512710
4920600
153556
5616334
389237
5852060
1800534
875160
137407
1378280
2536607
1597056
2581750
4242094
3104392
556152
4415777
691543
3098878
1570651
3440231
3894891
6412880
889145
5810500
2532140
2705595
3507353
3237010
3404092
6681933
6601425
5735576
3438188
4694118
4442816
1315369
2135382
5495603
3930554
3824260
4620346
4834216
5791570
5850451
3111799
4699520
3756662
1880198
1958744
994994
6376590
3884630
2647293
3204445
5075677
226087
5647703
1802015
4001910
5191033
4471706
957852
173860
5373106
5118787
6252000
6649040
3545593
2863487
255685
904616
563545
1335118
6330073
2379934
4538537
2439850
4727679
5532417
6504088
1385228
5999331
90995
2650371
3217477
2826745
3840819
6633935
2942545
4936665
2894760
5068602
5924826
3568583
3022804
2645661
4719964
1393418
4534034
2383826
5855660
5598278
2664830
3741181
6339272
6026676
1243756
5216537
6290427
6145574
4562694
4391466
2169852
4967805
6189402
6610046
2462560
1345319
301124
640794
2755072
499915
4542400
337853
4361085
2066874
6077553
241416
2567386
5164999
2475948
4488332
2569053
1508519
6005599
3974062
1010574
990591
1168475
1637267
505931
4156387
1343854
5140660
1027940
5812244
3064724
407546
6547720
1863807
1342217
4769893
2976663
5957297
300599
2685958
669996
6211060
295163
4076036
6090518
4628252
2658122
6174099
602113
533854
1248558
3021148
4900502
6235471
4442785
6643998
5620890
6248750
2853387
5773730
5598654
6618327
4974321
2608650
2015897
4849754
214682
6689002
964673
4022165
3202778
4733152
2405647
3057047
6428922
2369082
3647081
4637394
4316763
3050547
2970602
5231344
2861921
4793474
5572190
1432770
3604477
1719468
3321361
4430317
2602029
5554975
3322848
5811577
5257015
2558870
2231957
4532525
6042442
1700221
3166178
4873952
691353
1854745
2697967
4880927
4701041
3611795
5024803
3246950
1166508
3259649
1173110
2426987
2986339
2331409
3975503
5908593
2276399
6269944
488831
2774006
2727187
1716719
6123050
6697375
4207746
266722
6176279
2483529
2671599
5052823
4913932
1015821
6142418
2621670
6652544
1249251
1145605
3676530
4314470
5656449
4168848
1224021
4911596
4697276
521414
587647
4169482
5191135
3067564
3757469
6198640
2195144
2688369
3935438
5904197
2475801
4055129
2039729
5051633
1999865
3110770
6590235
3282388
22746
4040072
1930473
6127765
398105
327783
3683882
756063
395896
1528383
2593836
1069427
6518104
1886508
4769433
920988
5097734
5941853
2160358
6069314
4752515
5626452
2461678
1062324
820368
3403572
5844630
2422288
6176938
3277208
6105233
5284244
3910256
2720368
5123057
4106313
5191283
5550786
2491422
3968404
3184658
5484966
5494778
3577013
6028028
1815888
1603870
1357220
490511
1259106
2189932
469861
2989204
4920600
507006
5726377
4579595
707046
5104621
5623708
6041588
5821643
42907
312835
4481711
5900572
1678953
2343252
1743862
4339804
5228532
5410803
3917402
5723997
6620751
5833184
150477
3639120
5718700
6350947
3319392
1009865
2798845
4097078
67365
1569345
1655215
1275415
6733824
1248373
3694979
3414519
2343066
6152534
3982928
5985737
4767121
5222164
3093725
956355
5034408
2007543
498624
1352042
3398720
4506832
6520099
5533879
4079580
5714781
4055896
6292412
2571922
3579835
650694
1621294
192721
2768051
4312548
4136527
1768740
2511809
1216155
5307309
1976267
6514363
1262419
1042573
6082991
5686562
6499566
1063313
6280880
5470118
6177019
2351044
6691304
5993801
1441036
6046925
4707034
344869
2871736
722030
3262604
2520618
1649217
2154541
6695334
6003333
344876
6225765
5721203
3342147
2700356
142781
5833419
1117324
2967946
1926112
4079861
4080133
983988
1042771
3272019
4749871
4243189
3364807
754931
2779203
189756
3557330
1551932
5310614
5603558
810921
6086500
4831344
870324
4931251
540123
5118421
2462106
4368976
4901142
4287619
6487285
3432520
5020122
1697733
6677292
510820
923165
1914382
1282678
6620586
4103552
2761388
3608494
3641459
2444787
4246974
2051046
222486
2635186
392361
6651659
2120945
3229832
3199550
4690043
584544
197678
1209194
6258441
1986352
5804890
1074596
1813399
6507351
2863487
547552
707412
5965405
4868532
1221233
5996567
3039143
74607
2978662
1171785
3003099
3295292
4571319
2316044
1166508
5816817
2750312
6004621
5187916
3742429
4127127
1102752
914413
41115
972053
6394767
2588338
1463106
1350022
4759089
6026353
2614813
4211953
2956416
1837198
4894193
4952628
5257168
6641959
3456598
5403819
4164888
6699076
4281903
218906
2157561
5818212
6190157
3774199
4560906
4865411
4805505
1623791
5890849
4187516
1511928
3425981
4815383
2530303
1547509
2516088
952692
2856248
5801198
2255367
3060742
6338092
1086763
1070511
5666972
229665
5930914
2238535
98249
2743065
5583334
3260217
2173023
5720316
3007497
3349837
4063596
5413761
6410489
3136820
3264871
5741418
5470350
2182310
2601365
3521661
288246
5956308
4765758
2123066
4683899
1130293
4183942
5346534
3951789
4477945
5958479
3019450
4107570
302235
6620873
3301570
1894677
1121495
1579479
4394631
665964
3675589
1224021
952692
3994958
5343102
252167
2653549
5121804
1613666
3209998
859684
836812
5196574
847719
3669834
5607514
5412846
6179233
4847263
4954858
6478966
1881944
1958755
672924
3518506
6127360
608080
609090
3203066
6568730
6374737
5066780
1790284
2376191
1585535
716391
565916
5874821
3872156
531018
2611064
171185
5486330
3637110
2267587
299245
4986815
4778803
4326375
2398847
3768357
588604
3448337
914437
1477249
4947001
683333
4889221
5698756
5978951
4647109
4696731
2378196
3945688
2009616
54619
2743234
400528
5403704
2088780
6675907
3477782
4018087
6668329
5755183
1754297
200797
1624319
453097
1640315
5656479
6439708
5849106
5585635
4236026
3230367
1980014
5724919
3108866
81631
3891929
2919415
5503907
3697780
2595892
5360434
1335229
5517465
2064799
5568921
5575768
1459821
6312082
1403440
2824639
5105195
576371
3126995
1734949
1797116
66189
4134644
4687086
6125619
2726293
2010020
1253807
4326947
2064035
5574671
4383634
1933568
3323143
4067493
20171
1217206
3551116
2561126
3746159
6221003
4413437
4463486
1722689
188381
5508732
1121081
3064500
2512650
3673949
350655
6582147
2942870
4601026
6515785
1178704
3164249
2120169
6636024
2642351
1739460
2009103
2716683
5443786
4242805
5024813
4804088
695520
1450238
730157
1910992
142781
6322416
2028344
3138240
2118699
1796037
171483
1789733
4757000
5295145
2824654
5061899
3792868
3324471
2346656
5608134
6689295
2614097
6316292
4443300
3235314
1638687
6402870
2293714
2720031
1042488
5928935
4503528
5851863
3885780
6417225
1060072
2182271
6544257
492282
6347093
6650423
138079
301565
4661482
4396017
1624480
2475414
1882518
5140537
4564228
6399006
5598542
5332783
5172618
6040708
5410084
849036
456702
1064430
4999584
1471825
2752198
4422637
2110412
6079592
2572489
1044722
5976293
2491598
3898745
2554803
5694469
5243913
6182787
5677903
2608828
4887883
5359513
558620
2811157
3145122
4416522
5396355
3503281
5596716
1471825
869795
2964299
1605709
3058406
3639120
5666250
162260
2310584
5835787
6126009
927915
2298688
5440323
3365875
4976954
3751772
6408802
3247837
6111379
4370445
6461261
3154053
914413
2853842
6489351
1057173
3438547
2743042
5805107
219114
5379283
4694063
2736715
101924
2315534
2368493
1144300
1102752
749700
5167218
3404617
3481124
2642090
3398720
54549
1450342
4354039
3968794
6348114
5622605
1056242
2471319
6069373
3645800
5626047
4661267
18561
5064807
3834538
1881550
3149144
4228845
4197771
334164
328716
340967
457857
5762717
736371
503766
5534038
5166893
2959452
4023682
4221323
1105696
4746360
4573816
5806335
6580579
3650149
2746993
5539297
585558
2536753
869405
3140112
5994961
2666152
5926761
4785009
4717685
5834655
3316860
3537764
6310234
4019446
1500575
4610729
2171100
5565037
4150692
5796810
3653159
6585520
6539382
282225
6209426
4501940
3188086
6666065
46090
3905798
870576
5835771
5136673
5903019
6472116
2604784
2160358
1153975
6446566
3735885
3270864
2649744
3597428
827945
2419748
3951497
1488393
5342138
2799535
4499815
635903
1960432
3905798
3301383
38808
4908072
215618
6538196
1039747
3675073
4661670
5042402
6514117
6410450
5284330
3918517
6657623
1556454
5885615
6410049
986755
2937838
1833311
4392093
1530154
2615064
3381022
2520400
6163495
914904
6024293
3299279
4484487
2923230
3140222
2116370
4239313
2937411
4029739
2447288
3665940
5134545
4246974
26790
1863807
2383753
6723084
6515390
3419123
1381237
4936665
4849754
4545447
224626
204940
138926
926072
5445699
6072754
5441237
1231600
866655
5067947
4641995
6578910
6298515
3271642
3237134
4403881
50970
208007
2805493
5398596
