1898252
17383463
11285698
14542468
6947133
11384442
17215306
5876169
20114065
18301790
7562524
4196954
15336543
7178113
12276234
15638613
17376723
10473851
15554795
4791169
13932761
1423540
9494239
2496441
17510201
3362249
3181623
17592027
7312103
16805325
16555176
15507706
12230749
4156747
16910869
11297081
729024
10935385
19493790
13302075
13861825
9750928
2308259
1646328
10674108
15452203
4456300
19501153
13634885
5532945
16742368
18732952
14462218
17244726
5187862
2171505
10358722
10759928
12649685
15108432
14411525
6632921
6828134
177537
20138610
1735155
3456182
2470261
19066689
14449598
5626485
15788465
14121106
19519767
18066789
17686450
20291509
18591622
7963241
17790455
12151459
8180100
12394219
14601090
12174863
16959067
16188851
888527
4071034
17697256
14901602
3127591
18912171
11084470
5590516
20316097
19342397
4702621
18044145
18977039
10982944
18708308
11776282
18561057
5783335
15702605
11759858
3625364
16137385
3985075
3035422
14533216
17018049
19224300
5102808
1990989
18686280
3857533
3714982
6634772
5804089
15619821
20164184
8257431
5740953
13779076
4577983
13932531
8796248
13058050
10213130
11570176
11384026
20591900
20672914
6735791
12064612
12036236
6105984
15005132
10752613
4947449
18380850
40034
2090018
1587858
5003092
18498358
4214367
19796531
20748921
13791686
2588143
4662327
15306259
12223497
5087332
14175104
1192493
20651692
7403237
13705874
16127682
5568211
19311971
14062644
7378434
16798890
11950842
18226401
20114065
1437830
15672951
9249122
18199767
15491312
7064465
4911387
3306905
7369272
18586449
15492950
20423291
15634709
18291705
7739577
8139646
8753606
9452672
6284489
2157966
18450174
14674076
2961582
11960065
7986177
17117255
14550723
2773349
10255668
8398620
5243539
6935900
17349226
19835285
11779806
11168289
15963704
10048016
5110196
2860935
16329098
5685342
8448175
2654876
3871761
5945812
11207288
9056367
12548299
6100559
14418336
17026536
9423075
4000147
5117135
4912955
14229401
9974053
17864739
13398113
8815282
15548459
10881144
20113744
4435535
9961523
14047603
10248659
2893352
1839073
19310201
13813687
4503116
1260988
13946594
4489698
17107146
17339033
6786723
475324
4310782
19654407
9093169
17523363
20635110
4464248
7551857
8227676
19734743
12002113
4556999
15779116
18256126
9340678
11239344
7711760
2430918
14666744
6042649
3106039
6933397
17386678
5696097
6246548
2296560
7138903
14601090
9173091
8768012
311878
11825605
7616027
14787740
5533261
9793831
8866739
13955153
13956537
5204385
15295216
3486755
8758712
15059344
172526
9939114
4129596
11151392
4774456
12235998
9213577
4914842
20173139
10386492
2397367
10976784
6165796
9606231
19586887
11434463
11996226
9588069
14815654
4543153
9327954
7589156
2139035
15401272
20460149
9079746
3254390
10865028
20585470
13733001
18468008
12627214
2014943
15691573
2163719
14113752
13064362
4158056
3226578
19130882
5102613
19432092
2932075
3176504
2084339
15617081
6598736
4849716
6147948
6650391
240432
10124865
20033426
10586407
19605345
4608469
19630208
8747750
508113
11340013
4244551
2362028
5402572
8898170
12458135
6729490
15722155
12118988
8123027
-1
20423374
14919975
12593505
8841335
11932861
6612927
7479644
4038770
16767337
17138181
17133753
16095006
12812639
17206321
3164261
16771000
1794106
18226989
16769583
19360805
11096697
4378480
12324408
9048652
20004035
3778887
10225847
13848994
4400705
8168680
8146815
20517640
722055
12559213
18952118
18347297
19028086
5444219
6282643
13096602
2647767
14293866
2293983
20488881
4023564
1861335
3065779
1187126
19301791
3948261
16906296
9285736
15601926
20190473
8680168
13653533
11340739
12006040
17799487
16175689
14149853
18530883
10065777
14862504
2579180
15509936
6236586
17730833
7378434
6483261
18361745
12762172
624078
8178817
10062809
8337209
4216770
20538078
10003551
6180725
10254996
7127070
20908727
5361017
6501253
20635840
7788783
6044731
11550814
50267
8038425
18268934
3081041
5184613
12456741
1644929
2854989
16677124
11499666
3527269
15102057
10977997
19454934
6472288
13813687
8820892
644064
16888932
6054494
11499246
12815798
17679687
11027742
17577961
18195440
20070331
17558563
7346719
3732672
13664345
16423433
3921307
10361302
20813178
19069430
3738192
7618639
4120205
983456
12963192
19294229
9347509
583753
410793
10621801
3195118
17192617
6022313
86148
8149057
4364210
7742821
6913085
6598492
20413141
3933376
4891735
15731463
13242961
20683271
17159795
15045349
12434751
14124198
9828197
2368326
8103013
20704131
12315215
10345289
4025232
17055428
11699428
13171424
20699261
14588852
10232714
19583442
5342369
10296537
7084848
15113076
14761745
2570969
2900167
18899827
15189015
14652539
11682542
17656442
11513197
8544102
526190
4619845
20321709
13489976
5986426
18049376
8687700
17225518
6164592
6958798
7413323
11046466
1709849
1106407
12210849
19236837
3391928
20498031
16706176
2812064
962822
19308916
8105909
6714249
6019780
3506363
16881221
4322228
10352307
9935838
15777563
1967249
8810842
4391264
1652313
20879256
6997478
17935288
11915928
8492205
7913773
11814682
7276155
2259900
6880805
14092438
20407594
19203965
8625758
7171884
15368016
11006080
17369220
17205492
10140812
5615019
9998598
9776506
14236517
16286319
8383493
17369220
5573234
19023106
17675994
9445862
17561899
13903678
8297010
18666932
5530933
3546129
6604265
15273774
19221840
17881221
17982524
5847972
10351795
13117814
4891735
2213787
16983879
18990221
788284
18346518
2264808
12205250
9671337
299014
5695336
17272180
5519138
16282291
2806407
18761969
12522402
15351070
12205700
1704014
9237716
18251509
18965281
920356
14357499
4574206
12400142
19353648
9292660
19634637
14708398
12034235
4107029
12732683
18687251
18722760
17695330
14443015
18559083
18438084
15459582
19508146
6715230
9169804
12459720
17818074
5896933
6969016
3738059
9427857
18875417
17803080
384907
3616676
17812881
11249658
7012964
7618639
17025411
17967901
15702656
14059661
4466881
10013380
5917080
11570176
6526833
1928941
11165234
20286243
13291935
16112735
16311616
20754304
11775919
9808981
5163518
13254550
8749315
4953784
1182035
13968243
12072366
13268713
16580323
7013645
7195667
7075559
8687700
14841300
20492368
9665446
408851
3609147
12382353
11769144
403345
15275889
8223255
20395088
14527777
20530732
5454990
1689972
2593684
16098157
14049094
386892
1073569
6126406
20588668
20887475
6742065
11067497
10518185
15176661
5165093
12372028
20364213
13750739
4432087
17650792
8567709
10267698
15548962
5576770
20128394
9310225
269311
13473724
17236057
16790140
9716025
4793399
11383504
4925865
8116099
15925286
13777025
13653447
19814014
15402934
19675489
5546344
16931198
13158007
19034184
5757014
15169155
3131180
15026827
15277419
5475766
1582332
20183030
3083307
6971461
7158033
13760288
17851196
6899522
19948551
12819504
10095294
3137496
13679309
9601891
1324294
9323709
10246871
8244892
14802600
7638665
6817696
12098420
14334009
13672536
2788880
1006265
3430115
2831878
3955703
2923247
8311070
7016343
10140785
8501274
14418751
19348226
1941258
11501502
18375633
12760103
6207451
3147588
7995384
13895175
8900144
19876244
11944747
6376769
15934138
54511
5680331
17981576
7698631
17349156
3067254
10502274
14931326
8225513
11930652
718626
2209007
13089977
7592205
10546737
7264366
12346797
5344119
5528161
10013927
15482447
12082056
13793447
13514328
14817650
16807277
1492811
1090800
20634158
18199505
11252054
3294615
13249545
20130740
8735075
17695334
10623144
18583971
4985055
3120983
5331869
12927297
5902453
3306338
4914842
11048708
13456497
14721610
3797149
2290243
4947449
18093006
6662888
4927242
13345423
14708398
12346797
13267786
11611674
1188676
1866886
5039871
11668462
8730753
7049859
14980393
6946529
5145171
14049065
16186863
6479184
9243123
17196123
16367581
17363607
13642390
33354
8146815
17151578
3217211
3665585
2676509
19130882
19157706
19865946
6611744
6241751
17804091
6579949
3641840
78139
9964511
16422577
12995058
19636215
1014046
10989944
12246809
17600624
10545617
15087574
20014866
17964316
10385062
7510627
3159027
16835575
3067364
1489130
3586770
16812751
7124004
4157523
7167461
9999887
8387814
1759123
8761630
1657155
16936315
368219
20013807
5063270
18035935
19734766
9588886
14501740
10769576
20247885
18622997
7227891
13939994
14439090
7160387
771434
17928768
2972799
5475766
14188424
2744069
15073762
18860327
4632210
7406233
13404039
7027338
6926152
1604859
10223918
14158263
20283853
15995110
6042059
11372561
490076
8658457
3011726
19231658
2013949
15056059
8081286
1394846
11494427
16446404
17608043
10702271
11165655
8949402
11430999
16829241
13917627
5698199
3032846
9342899
15541814
8661556
16539924
19978023
12356172
4226669
5940690
3186445
8048518
12461099
6499149
6011523
16789273
3670738
13462741
7568941
12276234
14840835
20271386
822327
12378821
12846283
564231
14367978
4391264
14880219
2143523
17180964
20036218
741275
9010878
893222
5369900
8683253
18378218
8117970
4547794
14556327
5563158
11608515
4263382
18240448
6074738
19663206
11664396
2638136
6043924
18515538
4525685
1264760
20751820
4249780
1938595
19006322
4268014
11757931
16124675
19115127
8244355
3056224
20113928
5108847
3652240
3624104
16252570
19861519
8881152
16768923
15228664
1042347
5869254
17993912
18612519
13309118
19234885
15373838
12379761
10701814
11861443
10002665
17833536
6965384
999900
3134451
1608473
314905
9000862
13449313
19941273
7771614
2873270
701004
19203139
2463052
14554673
13098568
5764685
8862943
4458832
19416540
7255978
16472424
17641350
5396125
19493710
7965529
6917893
20896370
6615870
5615543
5341789
12380890
7009279
11453658
16113704
11469329
7718263
6169205
11669591
10154846
18463540
13798080
17234885
10259646
3199966
19959538
11306078
5529239
4201393
5187862
19311971
4233737
14002577
1753631
17394777
1684642
1348841
2499804
8615638
15386822
14156165
19215488
20698264
12983947
5856715
5109396
11504795
5803896
4979803
16121635
13387859
14917303
16436826
6799619
3334038
11820871
19496257
10900101
18399189
16324575
19668628
19035912
1970639
7124925
20585476
20219431
11305925
8192307
17046818
19879386
18258948
4546062
20612000
11179468
4970431
2444264
3985848
12108762
11088023
10321434
13942944
2984128
13098568
11135540
6466281
2022033
3284902
16921347
6617624
16911804
10620761
10134069
3203632
4761439
1162344
9191208
12362233
11547922
5115391
5044315
17260229
16637819
9106894
12535418
13514652
3401377
15995110
6972609
508805
8864863
20003311
16948424
10232286
8648688
10584794
10749962
14835597
3662580
13745372
7614295
20488954
1677314
18475563
6068936
6904126
13307739
18601071
11386298
14439792
13763393
18885605
17929583
4646817
4122047
882465
9828197
8583597
13403401
5139202
20698827
3028726
11315755
7913773
4561517
2814090
4745074
20028773
5921901
8624518
1913132
19043960
9721563
17331782
8347779
1264760
3269503
12086744
10938595
6910112
644542
19476722
11521026
7141385
709568
7003718
524461
10593830
7103446
20907919
2700059
235322
7592205
8543545
4425515
7224471
6011678
8465498
20093049
12287292
6827470
16554137
4707009
17529098
4086708
11710363
6579949
18563332
12515064
14142760
7221247
11517796
19800005
14907647
18190848
11036288
1630581
7328874
16927087
14940723
1251353
15440777
9913469
2098240
17622129
11563589
5449458
6053470
12030376
6350701
5131842
10140785
9067714
11262767
10264969
18672764
6883486
16752582
4549130
4841544
6260125
17372138
1780076
11317886
6919321
7764463
12694647
7633845
6571952
6554714
12799048
4674320
3119347
12985158
4437416
15170525
15516138
2046269
1286829
14559595
533848
20558042
14280636
17120
1088994
3592715
10166108
7126123
19096637
12391038
3015625
7919885
17010312
8810842
13056284
18322725
5125049
6691474
20124543
2153936
20007144
4707547
19991401
15601271
3390613
3322908
2780991
14046595
17249896
2140946
8437324
8404574
18288215
7626113
9204586
5968725
6772132
20417860
8541706
1828437
7876544
7110548
1786165
10799345
9079746
20317670
19130882
5570191
11980295
6072148
9365469
20544138
16761989
3260421
17766865
16688488
3907149
16766319
20642948
8479933
14970985
20207588
14313926
17969485
5340012
1898236
16816315
3889313
17512059
16389060
15183631
6900924
12600097
2176494
5827432
4926660
11755482
19888457
17132846
5764685
6209437
5427352
9603504
16673898
8880515
2029585
1620018
15571158
14780449
14245739
1732896
7609368
5545882
19481265
14355200
8830873
12503472
9532413
8137564
5214066
4304640
6546043
2410116
10650749
10365437
8448723
5495621
548125
17848587
20431170
7591586
14985651
6360098
5890973
1634471
12996658
8240369
5757645
4275150
11662595
13735145
16605572
10607886
7301143
10416538
18690210
3132817
9226099
9183612
19625503
14779941
9387770
17901028
18019435
7484432
11501750
1113142
17314045
2816235
4259214
3102124
13498129
17637315
17572003
16639962
4677206
17386678
3729702
14413042
5607014
7093048
7205630
14777645
5973462
14645306
16226350
7966874
4899614
2376708
10926149
13203161
18599591
2154606
13427698
5228379
13382676
20602010
16104577
1800270
8730753
10825657
11639189
5819190
11428155
17472745
16778291
12445787
11980456
1634471
6729125
2732286
14105814
17535019
14266585
1631463
5623969
16997013
5140443
6901122
16081331
255121
692467
19638763
20729893
174906
13391956
17632818
3576184
3071121
10764944
2476231
11525263
11005607
17576964
18932420
15829200
14833254
6590453
16986197
18813183
12706075
19859180
12680643
12723424
9445862
11376169
2137765
13772187
7417391
6132552
14460021
20398680
12273553
20522725
1805674
18296665
18553195
9058160
13121226
1749455
8758712
3678180
7692012
2212256
19084943
16279954
2969367
9629380
3228271
19945966
18733360
11458783
4086901
8150151
9480432
8532345
14142358
819102
7174568
7295283
15111644
10973776
11022511
18926049
15384198
14522267
5699036
13918051
16355394
15981784
12762179
14017033
10799345
11291776
3554127
11164456
2540817
9185974
1247489
997321
1150093
12186491
769654
19936313
4214367
7799389
9616272
13377771
15567009
3896929
5168610
8957081
17284981
2802117
17184863
11482897
14017199
14154562
11590376
18961578
7029222
1268153
5806621
4630841
16674609
16192576
14420363
2176494
6013991
8336380
649076
7382036
8812568
868735
15725764
20204561
10669986
5060240
15113076
14949935
18192035
7910036
6408489
5826738
15885891
4651569
7308177
9720377
13537287
18538466
1038139
9907549
8453034
16308673
9846206
9634832
9702037
452585
15739687
13996074
15268230
11515031
6349891
13344419
614288
16571029
9611111
7377253
20749823
13690795
18903389
11841347
11289663
10650030
6687133
11131839
5564600
2120906
10929023
3358723
15907979
19940531
5436162
1480334
769654
11447262
4632800
6144722
5459540
6570340
16374268
8753606
4067626
20013130
19231658
8402861
19106862
16080955
20872100
14367084
16777033
7018011
6549335
2473850
14736621
13074372
19955323
9708794
1780316
9008259
8127189
3841530
9756346
12993352
12593505
16116057
7905766
1664781
8158016
17056221
17546491
17810968
4618059
16810134
13910718
15548459
5898588
3087413
8545520
4494588
4220872
10529944
6525274
15672951
2472240
11497142
437026
13821443
16110791
12801219
18853291
17078446
17529113
15363454
7156861
1020229
19781283
16065110
2996736
240432
11365885
4797359
8887968
19365768
2557635
14337290
2269833
11628165
10607683
6998918
15999918
843397
2980547
9523484
12865336
3745449
20119519
2290603
1355632
20813824
19791492
3821120
8665293
17769906
10799543
16190763
7577588
7902719
19521682
5453393
6221406
16559399
15517201
502458
2972799
6614420
17055428
13918482
20776209
20494014
7413217
11825799
17593672
5891404
16789273
13761589
19610104
2725090
4767606
4877212
15089931
4537887
12599282
4466479
2084339
17170769
6993447
15531284
17147844
16971109
11077374
12402140
19174466
9817416
3092322
3137496
7081379
14880219
5300176
11578506
20892930
19886085
6766968
18760467
3029719
5619320
16215295
16385817
13154643
1913882
16278890
11382481
3116978
8590355
16385356
7949375
9249266
15609559
12105480
4638546
4251658
19316517
20255817
4126316
16231564
10986677
8986449
10231295
20766662
9694341
13891526
10212727
10873538
20340670
15478220
11694767
9647598
8741512
16913420
11355452
2046982
4165678
19266303
17970110
5553885
14880010
1852601
8575944
13196419
5793426
1657155
7807371
13449792
12266983
3254390
19658097
18598327
17915377
5691851
12230749
2820265
12209462
5618399
6993447
13730738
13750437
10709762
4461560
14530211
17557363
165846
13733001
4604713
2085738
14430943
19336389
9020669
20049868
285724
16882918
5420992
12867613
13080305
3186445
10682452
20136720
8334474
5806621
13693975
3599723
11464550
6016290
5299321
4150045
12106491
9314269
14554166
6171637
15557640
13007203
10581540
8940845
366850
17790455
20810627
2529672
2881817
15530284
19200964
5089484
5365490
9715288
5154434
13665932
14433011
13833968
11699428
14702524
58820
9316093
15830922
284300
14977373
10231853
3803770
13931114
5372042
12745907
12361086
8768012
13263643
10013927
19454934
17923093
15215055
8537153
7816107
9808981
8055764
2814667
19525590
11384026
7479644
7101292
12209462
5379956
7116921
13154225
20898590
19042655
9753831
16689025
5816299
20377743
5064316
18421122
10296645
4329270
6831562
4632316
10574393
12676373
7200186
7251336
12126370
10980549
1204953
10294601
3471779
4180563
3697418
7960739
5427352
2151471
7104153
20381836
20027121
12924380
19733126
4234739
9750928
12867291
1194068
17370050
7744472
7895676
6016862
16946972
1116104
16688634
2765687
17974762
13538691
7012616
18274454
15923465
10103573
15722987
13769618
3356400
9209675
13872607
11124079
2002421
12517661
15756961
14181285
19421951
19295990
13398909
1866886
13128602
18449098
18607253
11259414
6081157
13061255
16559898
20493979
1927803
10587709
10816445
3373540
19632987
9182707
5111224
9026254
4462191
12022490
7934909
2207482
2149890
1201387
13456983
16245430
568299
2021235
586387
2333305
514393
18342897
11070772
17466077
14376931
15324038
9383329
11190211
12262553
17815075
3548092
20290117
16688634
5980661
13887643
3904868
5682577
17572872
5968725
2446668
20460149
6987259
20666483
6278347
14234130
13141962
17690966
20015075
1035357
14946796
3569701
4670495
9058610
14047503
11827520
17436695
16539924
9547154
16192376
12413015
9727813
3795591
19625503
18933863
10578607
12881013
18038202
15738648
6750901
2041094
18041702
16383655
20133812
7207407
17727961
366850
19364920
6079666
5236829
20900041
4806446
12419800
15876931
8046536
3662580
15448189
17823365
1647075
19077474
15303099
18860327
4120208
8987728
11105854
19932401
8564711
14542468
13954442
7142988
18128681
12556680
6080131
1494912
10489610
9032922
8372470
11980104
10889764
3955525
4885434
11365885
19704749
17788133
1513988
17353434
8304822
6011678
2810222
16250325
522878
8918755
11280341
3254886
4362775
9339483
6634424
19742618
1362709
12523501
20230197
8121166
20271263
18760622
2532762
7067674
6073023
19365768
15548962
4973739
3821414
17716830
20303449
2189768
6671666
136098
15744
11180855
20565514
5184596
5264080
12484448
11344197
12253090
19109170
7447706
4541022
6775337
11547922
7665629
19142196
374576
14720442
13572659
10394129
900306
14052583
2769138
11068562
16686640
14160301
10805480
7016343
12352386
18008840
20642514
13792506
11544884
10431172
6316370
18392289
12497502
18800693
20039344
18320006
12595496
12883662
1129361
14904012
13042349
3682391
6106673
19893090
20144109
4171799
12214604
7725830
8224490
10044311
4132601
4942482
5765874
13869226
13666527
4689425
4362240
4392829
504416
3317256
8224490
5553666
2853898
20898553
9056690
2173723
8915178
7474666
15448224
14880219
9824934
9249952
17689891
987425
16145973
16096010
16428570
12928767
18286152
5864133
8848318
4434557
9780079
14697821
13132899
12374746
10780912
5248807
1866886
11067497
5392974
7840372
10306408
11036665
1122441
11631110
16332810
20277202
1058343
9781945
976324
2169516
18886090
5637752
12972056
13094327
12874054
7995287
7615881
18235119
1411428
16265320
12658720
19132912
13910757
14260624
14833880
12157122
13044448
4384059
13693845
16747570
9622820
9749617
1378855
10482931
17254684
14312420
7571802
20375289
2941954
19271237
10899919
17845224
5558477
8486196
551894
8377140
17177047
9357204
4940458
9961709
2728579
7809011
820768
15881877
5578513
5407435
3554089
9088884
5990769
7183259
16042349
17800374
10885234
3682391
17357231
1448629
16241204
17384753
15860234
16662502
3121187
5027356
6968757
8846423
6615870
3294745
8536000
1059618
16566426
13813333
8375895
20086303
8922315
20845192
6648553
16508100
13090718
9035427
19101715
14965388
20707067
1113196
19746118
17133074
4834250
17970451
493487
6152177
12844863
16814942
16931486
8678746
16849131
14436878
16640089
4723870
20508625
10820724
14859831
15433922
8156717
6457488
13482645
16046074
13220542
1919941
13372356
15795129
17901028
14977373
8712950
12963403
3898547
19399595
19246090
19207822
2213787
15651394
9781571
4684015
7049859
6114942
15748871
10583068
4838582
15017993
597590
17006657
3269203
11557194
15390552
15192768
4318516
19578893
7202063
6921200
17863004
10236840
11996226
8899280
5750049
20865214
11159110
15347448
19070459
18685872
1191852
17687677
2374514
14448218
16791489
294328
3770124
12199696
609000
17725007
18310795
11177664
13511136
1243089
18928999
6837267
17653546
20683138
3034233
2592605
6429115
12355495
3955703
8598956
180794
10311897
2690988
15465708
17822938
8666763
17697256
16890338
13492031
18704173
15205648
11944834
7170857
6643083
10052095
8407216
13154833
4583285
5330616
15121499
1836305
4743084
19948286
20281294
10285895
19519160
9668371
10498014
4941367
6587613
2055942
17909875
6465294
7226886
4309704
4201393
8395303
20660658
586007
15338528
18560611
5470275
16137385
247520
4081202
20197505
8448175
9965845
9703892
12914999
9978556
12291027
17094370
13887269
14142760
11306078
4678758
7242697
6583442
10889928
118600
2740998
9488976
19190045
7016058
17568902
17351731
1362202
19850527
13274569
15885891
11974945
4711081
19667705
13398167
13037796
9522876
9971173
3694112
579542
18919886
2880289
2149890
8661556
5025494
14059661
10247518
11588633
11440569
9242782
10421482
1765959
9486689
1286829
6755129
15967477
10083452
6746355
7204692
19321725
13356006
13396744
2651971
11573797
4021604
6614817
12921346
9759599
14335987
4515577
8682854
15236963
327981
1439556
9719903
19651233
16016798
11230608
10486766
13665705
9095485
14674076
13283274
9088984
5414982
17105836
12897491
4637514
6381931
15474390
10920780
4039696
15074918
18433384
9185590
7909612
20730983
2580627
7010273
1805524
-1
14666377
10501075
9050589
3139824
18034266
9785012
18793503
10707298
10926194
14772322
17857665
8749315
11525405
5046423
7734235
756458
11680722
5017991
7732003
3062272
19281489
20869400
17284651
13511502
73770
19840839
16805769
20868873
4039334
5990549
3456736
7309751
17962529
20240769
20633497
18421122
12591143
1300955
19766971
14559133
14700178
14852576
16304218
2581769
19184716
19526649
17112871
3453006
3437061
6569138
3827977
17169513
7816682
17967901
1972029
3266461
7798306
6620425
11151015
657463
9078829
12766580
5761926
16395197
7788783
9423293
10212892
11149933
12824223
20626273
15371892
10283730
3596036
15746988
17399710
3230727
16822092
12221138
15240563
10461796
18672403
17984411
7881456
12042583
10899919
16705279
13416797
2597467
14850277
16533464
16621685
18609254
16615394
9188412
10417593
10110073
18018227
8275926
2419699
13947910
2462570
6156684
3979193
16208687
10612147
17628641
12195011
16391186
12568808
16217062
16483842
1150429
19911502
13572659
237351
17272261
17127156
3459068
6308544
20292879
10314592
2970634
1227006
621099
5642998
3285552
4724198
20539054
14837740
5103241
6586290
11439842
19318757
4620405
2694424
14812154
16940767
2141367
15726831
9350460
4875799
19770206
10745336
12726366
9185974
19630602
15567009
10005596
13139901
7968510
17353909
3061747
20764470
11601899
4797412
4975636
8593097
16470202
13527217
18537926
3354287
15461774
12186491
3481898
19104660
12491549
19903985
16479363
80225
19347956
8632411
18892366
13693297
10573638
8731411
18756036
11633096
12726098
4107634
15236963
2377551
16790534
8341695
4439014
2034225
1575603
14219298
13852132
7325297
2099797
3285552
18159481
10002665
15465708
2552611
17538711
20704300
6299127
-1
10116070
15661813
19161038
17989670
15193129
11423181
8294391
19761478
3723618
13710313
20065171
655101
1098838
134157
5949043
19766296
9759599
4039124
7257199
15038138
4232391
2893285
16124898
7549437
4461560
19781283
6853042
1768835
5966456
8217251
16682851
9270351
15589349
18110668
981637
27838
16783383
6302784
14814221
19344394
12467104
8666865
2627412
6810745
16588764
1171384
10592202
518876
8813196
18498792
2184004
18873538
1293466
18600384
2464652
18278587
8178564
-1
320932
-1
19431027
18429878
8743786
6487711
18590833
15299299
12106491
11138385
11179744
5317635
8253005
2140837
7858441
6213156
20784634
6724335
6348109
1938595
8963339
17351731
76980
16922926
4310308
6803363
6294798
10649989
15599543
11492294
13688266
14078161
14542334
6930744
506057
15957247
11092952
7094399
6377296
17267626
9201170
18859941
16583324
10138121
20459817
959052
10807532
11380916
13587677
15943519
10259646
2315326
3103748
11210855
9745645
1307195
17359385
13026470
1688816
16518251
2262286
6976820
4503116
20221341
15563836
798670
6634572
4533393
10187900
2900167
14266585
6398636
2677687
9310225
12484027
3381553
17628136
5457217
17835787
8257197
9888765
4182756
4953784
5220231
1676040
2042575
6408154
19405300
20184266
10354855
6779057
2926986
13230412
13618791
6590453
2432796
18092723
4841544
2755952
11959629
4011184
14435831
10981585
16714775
8611978
5529239
9624082
7001631
8777302
20758651
11281964
1769706
15489160
1940569
20860058
15489873
14488794
1860516
16327093
5375510
20766662
17138935
2963201
2273350
2082538
6038692
12461729
20761726
7740040
7759442
11990730
5430137
