9993562
1471251
1718943
2268362
4788255
7336374
9257225
12382230
3207424
9460616
2678520
11802327
8333469
422569
2358731
1461724
8387292
7670160
5698128
1973189
7117077
12808647
3302126
279375
6323374
1098709
7173531
6001901
5457548
6995160
9424952
7441771
1450424
9624815
12855129
10164200
1039267
2935271
11061511
5474415
7362270
8805908
3627242
4802342
3605511
5112694
11120731
6116548
1402072
10311246
12544677
-1
9254817
5678557
12473175
63696
8950541
805122
4068524
2687598
1849344
2300245
1709575
5124051
8983467
12650471
5815189
678249
2841834
10119376
12636369
9731725
11128542
8311548
5705201
11967719
9936424
7987098
6146783
9984624
11377347
5323969
10781669
2821418
5916609
-1
8880107
13100989
6828051
10101114
4074281
10031569
762988
2498818
11173368
6474750
2326601
11028022
4348484
11824981
5609949
8198178
887788
12448194
6459434
6957601
3320246
2323389
1196325
9950980
11313292
8141898
12823495
10182004
11647588
13096342
7962306
2964707
2957276
3593016
2071825
3968561
4877572
9370888
7404708
4969116
4428450
10061275
4188655
3382069
6905543
10830861
7367839
7078274
4838371
8956280
2948092
2034166
12478957
12911338
4769181
2800134
4179129
3551693
5278417
2720688
7607141
693081
1514134
9679535
7156988
11669833
7811277
13238711
1991042
-1
9260865
7327969
11995897
12274775
8842845
2856352
6712849
10678006
8681359
3992590
1737544
7263503
3904587
4309635
6695727
7310434
-1
12156432
480751
12290684
9187713
6562412
7501697
13049633
2761189
11548780
6788262
2737498
4096260
6340314
13134699
10245752
3710237
7685198
8427816
12218010
10965078
2430296
3825056
3409007
4992022
5807862
5938181
10856174
5615913
12693250
6583710
4646640
7736612
1741263
1272103
4468009
8366000
5445185
2764765
4786181
6455391
4618912
5952434
9802713
9490526
2692679
5197239
3692329
-1
2957276
2147210
3503458
7217537
5775591
12022663
183098
7869118
9202559
4500563
12972583
665583
-1
8831435
11915316
6050987
11919607
5093460
7973870
11406395
1272079
10230668
2176740
1325800
1991042
12779610
2635371
8840574
12047036
5197562
980967
7119508
9269728
849893
11905287
715038
2055042
8496563
3371574
9397000
946793
12479220
10628485
9536981
5065152
12262737
3640074
3300783
5630106
7530173
7576885
5816582
11437471
-1
5988617
5901083
4487345
2880132
8231872
8807522
11444206
9113320
9874099
9080017
5229237
1621980
4564296
2977602
-1
13065232
4673779
886958
5912176
12332726
9997391
3682463
2975414
321046
11189254
722484
6668893
9879541
2621631
2392806
10387458
11743633
2323389
1924280
921724
9296008
5194465
4873113
9068201
6907811
11102638
10934375
5632691
755567
4787896
8066735
-1
4979551
12397687
3412906
376870
8090341
10029470
12467622
7756830
12886118
4448036
11647588
6692300
10334078
10761035
9333796
12566521
4378256
5085412
9628658
1325049
4118551
1018597
10008444
8163048
10409157
8525679
11328165
11934955
5056134
10724493
2047185
9805065
-1
-1
-1
8276839
3904915
8005645
7676836
10931094
9704662
7419518
5956149
2228766
3966659
492445
5011599
9893533
1642225
8867986
4450128
7295526
8709068
3324022
8548018
10186911
7027742
9217874
11259311
5871019
11803686
3222351
3217323
2042667
13075540
2566753
12749666
3688314
13153373
2629896
2453343
11522402
11916515
1014321
4712891
8982130
7806953
2551863
12639375
1082116
9141892
5470827
6177935
10076863
76494
10317322
6607481
793182
3594992
7976290
11534024
2728556
3312699
1431162
9648226
7737207
11141665
3240607
3915734
2131117
7283384
-1
6897596
3856373
6634741
3105401
6834555
9734167
9388085
12322732
1091850
11867509
2728144
11309288
10092474
11681707
9529263
7486543
9027220
9983963
10132359
8193624
7980492
12076689
3405632
6078109
11100659
2624320
12925450
12619413
-1
6156822
9008996
13188702
4101395
9268355
6267075
11625527
12550657
2687604
11950689
674667
4748292
3106793
8163444
8354243
7894235
3665925
7172031
11982151
4558145
10926595
120304
5607695
11492194
12096873
4630759
8474143
-1
10192235
-1
-1
12718479
3406633
-1
7951985
10189349
3507363
2590532
7958891
3632204
3876655
4356443
8851031
9421500
8949997
3548954
7205615
6366741
3490634
11871592
7548048
1921735
9313439
6634509
11799898
4634195
3891711
11132923
10030621
9203543
10495614
4455176
8893723
4091874
5177724
9199052
6032098
9855451
9612653
7356076
5785965
11824981
3978767
3752306
12890846
10517264
3313636
-1
49669
11089497
6304249
2742599
1262501
5326127
2176740
3511310
-1
3233250
6129143
4708822
8428466
8994818
2975414
9507549
2895308
1201023
3916241
11247572
5982567
12928218
8180459
3676493
739534
10914776
13170737
5482747
3081072
5158708
6663457
8123613
6274971
2884653
8357460
13080146
458044
3428403
8957008
9271919
-1
12364849
444538
4348484
5451837
5386759
1658864
12799592
3093564
3712763
12320035
7761701
10346368
156291
1729580
1735064
10039334
6239252
8875092
5724587
6987698
4838908
1687539
6919961
1548291
6156840
9469324
2629824
12913741
10522240
-1
9575789
8373212
7700909
-1
1986333
11125302
4991073
4437871
4034125
3496522
4373488
11228457
1744447
12170652
11706720
-1
4897174
7372816
10436587
9881851
7529879
11642444
8451381
11972049
3491359
9788145
7216978
5851079
10259546
5723026
13009557
12823428
12016809
6671111
4616442
10631315
13155157
7622980
724997
3413641
-1
5177201
1105548
7156988
9007051
12473148
9630155
768537
10343199
285722
9714444
12555273
7027034
4964689
8340368
-1
-1
2322304
4666018
12032264
-1
10904393
4943496
12312052
-1
2402769
7894769
-1
5204993
5393809
6705304
3640325
8064037
4357838
13023723
9815552
11723971
8406837
1992627
7875883
1361943
5740127
2558247
11100395
1546193
12024237
3603718
5830078
12040564
-1
5230092
8271814
6702096
2073508
3219304
11412256
758888
3678414
12799592
6514867
3249642
10090723
478072
9277676
778325
10344084
3283732
2943674
9009367
6837536
6328852
8494990
4464980
8114893
1875055
8847526
12722728
2386048
11364404
690069
11253492
6801637
6741952
6225712
4703927
10513396
4111499
6193215
11660942
13222562
12767676
11198386
6711568
11173485
2190052
9950980
1853997
624015
5276853
5208384
11172742
10945133
-1
12499950
5520646
11979893
5202207
5065497
4284259
3020243
10835166
7014071
2774179
6033027
11275951
4054021
5291381
4183168
8164333
7515041
8448237
12857753
2886007
9124455
2759044
125781
9546296
10351833
2716732
10560271
1029794
1965454
11752442
5711287
822563
12546729
5290186
6713267
9163091
818491
106533
3485163
9151476
6405366
405722
6361151
5834548
9272173
13101322
8998234
588610
9967028
7085991
8331466
7906829
12245879
3655206
7783396
9908752
10847392
3790126
7169442
12245879
9973616
8443810
8316490
5421081
6948024
5997054
6114488
2786538
3497248
12342015
1690228
5570868
215434
12888127
2815118
10539738
5609949
7846699
1976796
6822540
3271062
8076880
8819675
9444724
56739
-1
9654951
3856973
10915404
10881984
9896084
2957035
7453592
10701144
12957182
9041979
-1
1928781
38307
4557891
2675500
2415543
12753000
96280
5716000
5717289
1928247
7999034
10910632
181590
5174023
3949884
10228279
7589488
10392064
4806447
13168816
10513909
3932861
450346
9097146
1501064
8405747
1687625
6269503
5835360
8943580
2521056
5460874
2364950
696127
10466565
11825005
12565429
6519264
11338467
1615923
11412256
5734021
-1
-1
889999
10909819
11409312
1011989
1262322
3683865
4444314
8028277
6848380
6397955
3570726
5391642
8390363
12827395
5180711
2914080
3503716
9117920
6484727
4022986
7963734
5233275
4511778
9090775
7783343
10127759
10138542
5369956
10183446
10491748
3439792
8489889
1669348
9101199
1693185
5950850
4236478
1761045
2977602
3011713
4240031
360810
13027670
2461983
10493213
10213297
7095753
6656199
690314
3493785
7982681
2874181
7026872
9925930
10700342
4483066
2663421
12966425
3627242
9649782
6377146
689833
4097056
10213674
8720715
11715246
6597030
536337
1846414
1445394
5293429
12160986
3463301
11627506
2225710
5401167
1357405
5874273
12263273
6046817
1248022
-1
4623051
1598055
1965510
2746339
7239603
9643171
-1
4166713
6935558
2708151
3206313
9170140
1279963
-1
11458619
10447171
6649459
1576021
6033737
7622707
8733215
4163949
8288936
2914418
871441
1778339
12941867
10105642
8399422
4748319
8489930
763732
3853278
11981629
2268362
4498576
3146028
9300385
6366741
248840
390517
7549954
10898553
6340864
4785430
11562394
6209937
7122871
1758683
3502798
6422377
11244832
8781360
-1
809256
349675
4556408
12050307
9698282
3884983
12668625
4703662
1877034
-1
12342350
12765819
3235586
6232239
814557
-1
2363754
7290532
3074959
1951374
1105139
4722896
5477186
9352523
2310146
9993562
10381591
1612989
10954250
2950804
9445093
5774367
8040794
8805908
11083894
5442134
3411388
5166319
3880737
3738597
5710458
11313110
12509351
9297198
8344537
3149423
9951570
3989816
4678278
12756810
4402474
4178122
6525029
1053527
4718214
4969441
3470819
6064063
12982976
5751116
11824981
3215272
9094156
3535464
9254919
6859899
62109
6199589
4707384
7044314
9312602
11826473
6336014
2760923
1043738
9804936
10134519
6278768
636760
8861002
10007217
11010744
7657589
8404558
2018914
139538
9442029
2508109
3198734
2370580
12973054
9476625
5678453
1063753
12861945
11923091
5409982
1907778
11915455
10689308
4696810
11408680
3932861
3141132
6186900
467010
8334807
6502328
12322059
8963184
4635401
5223817
4281195
3787931
6199589
8772298
7021527
1834983
8198700
9284719
9287134
12720580
6362448
3792102
3416530
10864551
4500963
11304926
3854254
4932659
6319533
6306054
7885523
11692866
11954407
11707793
12217884
1808296
9113549
9763520
279706
12979280
7623578
8782113
10448908
4306455
3876902
11878825
4090099
5073341
5656395
5136360
3691306
6821180
2720814
3538301
5196954
4674511
5297738
11822130
7251760
8200957
10618428
12012337
8508142
10914058
10354436
2039132
5880388
11995897
1096548
7198116
5734827
6306054
-1
113710
1138362
1198859
6029002
3912054
5708135
3468965
10873603
5887348
2592000
843310
27370
11522276
11785288
10417543
7836815
-1
243133
345528
3356021
9488362
9882907
5587873
6421005
9693423
3625781
1672565
8170400
7896448
6250443
7912403
9480838
2594549
11010950
3323656
3654172
4375333
10728515
-1
-1
4836954
3299506
3239937
12200274
8297271
4658967
11102187
10032646
12332369
2638590
12200433
11026934
4375150
3976291
1373413
6279893
7218748
4990533
3250533
8133742
8271455
5472666
2143923
4485203
-1
9238666
-1
13079052
7705630
9480473
10002571
7384333
12749666
8955410
12572229
-1
12181269
-1
11761737
1317121
10732404
1732189
8536524
6097408
13255772
7007656
11419089
2994695
5807862
8635365
-1
9765902
4633031
3656983
2825860
3713870
1816031
3632560
10230534
9207921
12836429
2679680
12177648
4558510
5994141
12511917
6770627
12990542
948982
8715390
10448147
9590556
8145552
10476492
13113750
12919247
1864626
8800608
5957976
7024519
2184446
1930060
5470827
10008605
2471462
3199551
-1
5235677
4309737
5082147
8861894
4277117
10674216
9667926
10424041
10705818
3879465
5521841
8994579
10813787
12001055
11003161
5000046
7552830
11071066
3745090
6091664
11094311
4670339
4258300
6092093
4725438
3293153
6299084
8213044
3633447
2146397
8689739
7996486
5274779
11123589
9511092
1153384
3515730
9060084
4428133
138222
2822766
6133225
10050449
4994888
4635983
2614801
10011796
5660411
13191355
4330894
7830386
2898647
11956649
11877161
6986013
1778472
9687052
3838932
5274779
4870248
2697549
2290189
793182
10710790
3801749
179199
4901083
6056322
11560566
505027
6929030
2871280
8793846
11983595
3694802
2553186
12382133
2410586
10502697
3292928
13004955
3074350
12347483
9167960
4748292
5711638
7538963
4157887
8198178
1635831
1589634
7528499
8961890
10099431
7023783
12490806
2968867
2221352
12622896
10486175
9226424
12732390
6474573
533812
12030890
9953814
7879564
10032988
12964462
7607513
5759417
1661266
7946032
2493358
3969532
2187698
4273125
3654145
7830386
5494147
-1
3915734
9868821
11851609
7898657
12250128
2428060
3315948
7076769
6130936
10690034
12775019
2299374
2598230
10620649
6466097
8496382
1416485
8281687
1551937
11390244
4375333
-1
5542764
2625131
2877945
1548620
7599404
11752271
8983035
11265970
11981629
12492235
4646379
275912
11788582
13011205
12206902
4733367
12369233
4686056
12438152
11371703
11856718
12053202
12043422
308424
820605
432767
1882965
-1
840239
4414799
5246571
-1
5764811
8464007
8120901
7846699
3930807
10625999
11652944
5840266
11169851
1716922
6802116
13069154
8689572
10027946
7366295
6810367
1601751
6519418
11094104
3887542
4029515
3203341
7444182
-1
6105716
1055405
12855803
11653978
12307363
11073339
13143969
3547893
1120745
2673793
1832050
3637051
2871572
8193624
12371438
4360741
9743931
2780167
2069277
6123317
12192288
5316683
12283822
9277191
9402299
11387182
6333192
10212073
9006551
8098824
3790126
12005128
2621818
5197562
476288
6177050
9166276
5444036
4062028
3952579
1773526
11247572
437989
859471
1650546
58952
8326553
6189068
2952817
5827196
5057010
2903736
7543560
1784215
2454254
9960000
5059693
1712927
3052956
-1
12161379
8166064
11712405
11100659
9659992
5412699
3584151
2396385
4164367
7794203
3422702
8007192
7883085
8123744
8315841
1079426
1487217
3352393
-1
9593467
6849368
13170013
2449763
10672281
873341
1169532
2192533
1950111
12389650
6023456
9526922
8853712
-1
6343437
10964038
3523614
8147244
871441
6908994
7068216
1950264
11180867
6801359
1408778
-1
10069310
8868597
10581709
6823876
11681721
662695
11325838
2961275
8467831
1311018
2901320
10093704
11323764
8144785
11367866
8312844
13018182
10034545
12411874
2521651
7327845
-1
8793875
-1
3804081
10363644
12765819
2729957
-1
3800126
2864323
3625606
-1
9666710
3261942
7052751
12716675
4552081
12311932
1595844
11278755
10530235
4070749
424074
11408680
5639272
6978598
10715017
4115279
11094311
9242461
7958891
2299303
9477019
8742642
6833859
4483066
5543223
1710013
5453610
11825957
4514175
136054
1307759
5519320
6884257
8007275
3020155
10146315
6253861
12220061
12794129
-1
2086305
6759611
10942934
11259311
3810878
6863556
8073667
8428466
4756969
5969372
1619296
4770315
1602934
6010989
13059500
898122
2688022
8606928
4481095
6856184
11543664
6443420
6644842
9535410
11836257
9941252
7978227
1355919
4751235
4498281
5080830
1608413
4978044
9652686
2574739
3844252
12555273
3616099
3928584
10379311
3317826
5440424
810081
8982313
954493
3738597
11841369
-1
6662772
12318552
3603972
11195709
8781360
9034348
9923524
10848807
3064955
3488119
6656437
498485
1927881
4137881
7974765
10713207
673949
2904617
4791999
-1
3218812
12362402
7709406
7591381
10146906
10553754
-1
5308454
1046860
1901000
6309675
5977446
625706
6777117
7387412
5463255
3555230
2481248
4275205
11915316
3175370
12239135
257971
468478
5770920
6374563
6151770
9620270
8584038
6531790
577116
12838833
12360146
7371210
2403536
10836985
10420267
9043247
8691125
5901546
11898824
10111674
1064459
10898553
3666983
13145269
68806
5162524
12121558
8989016
9097135
12696389
6122349
1284938
1420482
11589887
7835892
3574014
290166
4687225
5890214
6818245
9478926
5216506
6191696
104972
902937
12387643
7489871
1104626
5444237
8406837
1296687
39947
5981922
10181788
2948506
9697027
4703662
893398
1587593
4795971
5920648
7541922
5864292
4378162
7818314
10547390
3228435
5935345
1322301
9532871
4441073
3259972
381520
3694721
12648363
8669430
9268010
10733377
3835919
3308222
-1
11738046
5521657
11550815
12595708
10860074
9412947
4639105
4188655
453379
6860618
6280517
4306455
13044928
12702294
7033758
10381301
9460687
11349499
12406706
1502853
6093474
9031556
6179157
1469236
10130046
2491181
12322880
9801016
11083590
4080132
12546989
11684645
1840207
6049576
11928121
4894324
5540628
9311707
10293865
8926416
5780321
11835853
5792313
7429996
1110662
6650410
536313
10824827
1527676
5073142
2225710
3698984
12436402
12313768
8876594
1599432
2680885
8033838
9610015
9365270
536313
9712149
5997883
6465821
10747757
11018213
6179166
2963974
3162393
12541406
11078606
4639215
12858207
493508
7338999
5047039
10696878
-1
9520601
10409258
1261856
4107880
-1
11189254
7996534
7428390
8571420
3705037
5160948
2140694
-1
3238388
12055297
5552163
11946617
-1
7898864
1737249
7911398
4626027
3405560
9466064
2971121
12032707
3903823
3240770
7400439
8919518
405680
8727864
5461400
2977614
1875260
4471468
3795266
2461457
7184892
9748984
4487345
6721202
840239
4757919
2534069
349993
10004755
11354577
8005405
10237945
8496563
8730438
8739487
11412811
4482489
6197999
8633340
9634402
11173284
8457892
6497699
6275013
3898872
8732727
7026872
4272938
394502
6452122
1061923
10841488
-1
5158529
10700342
11079529
-1
6867840
4268411
1830468
13016538
8002686
7525160
1537583
11356862
1526832
13060195
713925
331310
7405666
1140575
5705421
4956799
3718672
9156444
11177316
9003388
729404
2434346
10234651
8824803
2343945
7357151
3330253
5483056
10312193
1626932
-1
12143642
11628605
12844431
10409157
12920300
6040215
2108165
4900924
-1
4611817
3593015
2385931
-1
5334551
1654760
8327303
2327793
9051178
10671762
3506200
11379302
9429138
3343149
315090
1071649
1854550
9893052
7960066
364096
2746138
5817209
11828833
8122242
4524189
8070525
8549874
7618750
1627938
9643171
485784
4871837
11100482
7410617
13234702
90193
1883051
11371840
12273453
2679940
4755530
2021894
902161
886186
3617785
7092391
5997466
5933655
1929996
9315534
8499700
7054766
7572959
12395961
7618560
8728614
660626
3203082
4800546
832091
409463
9714444
9444724
4972860
10137383
-1
4397725
2603785
10213593
11993995
10026367
9304795
11171087
164580
9779199
5495263
8837588
3479371
5410280
5956094
7184898
11930828
825422
-1
10148336
11261553
12897982
1408778
6927740
10531715
12859558
11487918
10623470
12206902
4596886
5211254
1964538
6177935
2929665
12028224
4028128
12504094
7995583
5854479
9151169
3219554
2297496
4469713
10425837
-1
3688314
12619407
4757816
1037050
3724505
9254041
-1
9083083
7026390
12668109
2603785
-1
8096186
5705317
3301656
5956149
5643138
6443420
1150972
2042667
9504963
4546836
1296925
9704451
8383395
2736371
1272277
12353098
13078120
10925996
10073442
8649449
1397377
801104
4371326
5891597
5928331
8914844
4470937
5386759
1725504
2884653
1701366
9712806
8787544
10586158
2401239
2408326
1616926
6043423
4622834
3951330
7494729
12735773
9341884
5101013
1225592
5640389
6208183
10961988
11933177
12202119
33726
11083894
3785628
6199518
1655781
3892606
7896297
13223278
9244949
245104
9462391
-1
4973355
12111065
6486955
1040014
7836390
9649782
4309635
2562981
2516801
13164269
4379998
11955134
1846635
10216265
7963734
5572397
4580734
5280700
-1
8611845
4908573
1793377
2977190
9697306
7578792
1924096
8940524
4051044
6672348
11375043
3768501
4153263
-1
9400916
7248757
6042032
2404156
8762880
1743840
13103281
7455486
5940604
5967071
9421786
12954897
748089
859471
12831060
345206
4317471
5573728
2536069
2922929
7837178
7784865
4351664
-1
9997391
11000520
7625799
9633001
1469236
9146405
10696341
12252281
2656282
7321119
6459434
2051291
8582306
1124776
8405330
3487642
5016991
9036060
2833205
4860076
9497679
3146834
6538962
3325558
3835360
6123317
8727120
3909173
219872
4930581
2030879
3774285
12033533
5584619
12628364
-1
7416865
1946742
190746
978532
9881063
3343298
8496246
-1
3602315
2091993
13074859
1494544
11374467
4848307
908876
12239287
11900354
9982261
4643241
12838817
1052734
1525015
-1
671975
6392037
9941047
4752146
5693039
10407750
3816763
8596754
7612992
5649123
1756469
7124925
5111310
-1
-1
5152847
11458855
8882933
11926594
5535689
393995
5501168
12193275
7676415
3208331
11925588
2393456
90181
3203834
696404
-1
2424115
8644083
358328
9740477
3835797
3305522
7694636
1643961
11733798
2248303
4867231
1443028
1362097
11443362
11491371
1141066
8127902
7437455
9264289
-1
1234830
2401808
11291967
755567
3910527
9097419
9386290
10228098
11709415
4375176
1792323
5393373
10441218
10307084
2931102
8824803
2881389
2909075
9947125
4318416
11560444
-1
11113968
1560991
4263299
6155410
11200658
5950850
6394177
1259455
1158112
7613730
2042685
7361960
6965672
7493301
10596699
11399367
8551225
11836771
10143236
5460344
7668666
10568044
5560142
9446651
218723
11403555
10937799
1256687
9035797
1530921
11293177
10148256
7538594
12095954
6807979
9050455
4430558
1737596
-1
92153
9918385
4047000
9315344
6540142
3191221
3170116
9147818
6303683
13088617
11687053
9565000
3316209
1837257
4726642
2378765
11459794
8635365
6649459
4466083
8003443
9174282
2982919
350682
12231764
6135695
9165663
8590850
1439832
11521273
3175288
6765883
11221257
9415728
2124494
7490557
9505948
664720
7633088
6476428
10566407
7842550
10819121
8038877
545719
3355713
3832212
12867955
3135018
3528084
9490519
9918385
91737
6914335
12283577
4047000
5652419
6704237
3525843
4131519
13088760
6180023
6373726
5344636
8963816
4054871
-1
3414444
4889915
5187907
3594971
8139820
5430754
4947748
11030844
144132
5397699
10573438
3139071
11954472
2181927
8513906
9262291
1655834
3034384
-1
6645107
-1
868965
5901327
7907718
9474898
10890501
10740868
2629448
11659944
9471395
12803791
7754987
3238388
12617929
12568332
11564412
9335120
3482737
4370599
11553343
11792833
927491
5801144
2031711
2584796
4310495
6395271
10476609
7575572
2803844
10243929
5757078
870640
-1
7124309
8440789
8938143
12043157
3537557
6211012
12868830
3321470
12471722
5320287
2116612
10310362
7818606
13091540
10132359
1415321
8337963
3578184
442608
1128503
11584289
8092374
12300821
10213028
3218079
1820532
4684105
8353464
11325214
8815222
10101293
8501971
11852430
-1
6295696
-1
8957008
8319607
11411359
1563576
9470661
4752818
11183450
9600982
-1
10177414
12682456
4786339
10596699
3305723
6213783
1925197
11465432
10186911
9880949
11684900
1837356
2643393
4799109
9192889
11710446
3182000
2610273
8313988
2947722
6156822
8076492
5859489
2663323
12745326
7372816
2528461
6495003
12009332
5531492
10283375
4731245
1890044
3160694
13104486
6245403
1602549
6637113
5062049
1469803
400510
1124308
11946583
6443306
246112
12425361
6452265
13251804
249385
9415585
1319305
3115358
820605
11485526
2061405
10939445
11445092
8875165
12312320
10874666
8176705
5233359
4533258
1982833
11385557
228059
4001335
10535027
3310172
7147454
2403512
141375
7962542
7127093
10532932
3837757
598970
10331645
6746328
11973993
4127353
6185822
7805590
4161674
8503639
9877110
10881481
13210355
3411329
4922100
10599564
6338993
-1
2487995
11827078
5917776
8334988
8717215
9276223
11145973
12469948
12843823
-1
12243554
2152365
-1
9072575
9692924
5791134
8274361
3209372
-1
11928056
5436889
12450931
9999341
8274361
10424041
8929855
536800
1107617
10577587
1594473
3461771
12272276
6112152
11591541
9276928
3192016
10124247
411806
8592693
-1
2665213
3768169
7422453
8507287
12360857
7945817
12390035
2806375
3198060
2048113
2066423
12588565
10557391
11493989
8847526
9410352
4886673
5976093
9129189
3361258
525779
8587651
5622327
11145973
2192140
11540982
9329729
-1
5564983
4757067
9950885
1527676
31988
10182004
12966216
2836287
4272699
12677579
12554422
8435452
8671281
11854014
11505632
312165
10368947
8353009
4710289
5825435
9655582
5471048
1073973
10105909
2679548
2273804
2925758
2027706
9419250
826619
2442330
3141101
11628344
10746989
12438152
5821734
5871692
7856215
6978598
1954308
5148731
10254203
4748319
-1
13113525
2015742
5804988
12741702
3145423
6890402
5143689
6439240
2560148
2827891
13189227
1526378
9128190
-1
9575015
11271112
12175701
9002535
843310
296755
10768587
6852973
12462553
11372062
9442890
31988
4482489
11716280
2283912
6327883
11281514
12998128
12001625
11983180
7420374
12807855
6157502
9643171
12306643
2945244
8932615
4987675
3701984
4840337
6371758
3358060
5181091
5828711
652166
158615
-1
3584310
9530344
11577497
9776811
12142230
4492555
9648740
1930060
4424224
9890246
7830386
11918107
217146
11915736
106748
10969193
9225108
11858928
7511126
2312254
4020618
6129953
7414129
6548207
12500653
7365753
3490052
6174241
1198859
2450106
3485105
11208149
9804440
9734991
8399255
3936607
7850118
9006143
1908941
-1
6404915
11754231
4688068
2967420
9778992
10953654
903496
7435676
2244306
7115914
6936807
1324999
6054826
9435600
2028313
1166838
454114
6399259
6645788
4095824
2925758
7414129
5448408
10731798
9934145
9345048
-1
-1
11076876
10474871
4527134
5306103
11383892
3320357
10264812
5952535
11701102
11026934
2181058
9582215
-1
12075899
3613944
7986116
7053238
11181358
1486584
4333459
9311753
811044
5279048
9682212
2896610
2525577
12716675
4071070
8224330
9858816
1035952
12724740
11752271
