2104107
133159
290041
3058143
3124914
5351464
8705217
8456295
1971659
11737053
7364390
3174108
11944879
2467764
3480421
1139272
10873627
10427194
7727246
9152931
8624699
5752464
7582901
2241999
11206972
2752803
1019437
4582877
7475904
7873894
4541637
12353338
8101668
4654238
3381142
8320220
5957461
8251489
11697765
7390046
6767148
6676550
9692990
6934195
10823260
4408654
4019407
7522519
7868590
4696996
3287521
8708977
5151774
3853077
11565670
1782241
8490405
535140
3231918
12312553
3421620
6676550
896598
9658268
1172390
8811799
230354
847341
1091859
11273051
2550203
1649189
8441419
10115250
8250223
10848339
4533554
3938687
4192957
11545887
11015996
11953769
11784290
1594884
3167076
11624257
5029167
982612
8882484
1207353
9229687
1901528
2996940
9553231
11492591
2933951
4035336
9637968
2108166
7387427
3056481
1648252
10241721
4110244
8607526
9020883
6989011
1239383
5224980
8468639
304999
4047255
2903181
9691795
3250355
4961675
12303379
8995604
7105981
4093123
361158
3804349
5359376
10636755
11280545
10397263
6439221
11256191
10352789
2505957
1000719
12071630
1270866
4278021
2625720
3412323
10652213
4547183
8537113
8526025
1605803
8763436
9181805
7464913
2749457
12076374
4999876
7738122
7588299
1557656
11687467
8858816
6455772
5763531
10011011
1382595
11326620
3615115
7738567
2252337
6121472
2741654
10791770
678635
6589392
8261471
10531312
7866622
7774612
2628650
5198431
5223312
12342837
4214758
10070249
9552506
7880175
9677602
3513489
7837040
7451931
4675393
1238364
1436318
2228628
7353953
6698052
10189073
4946080
10502000
779626
413650
3946687
4922182
6527049
11225073
10631387
1519318
2301513
3060845
3001831
1951042
12224609
1137512
1440352
9236600
2246120
4327963
4072306
1723274
6638634
2851490
6211267
12315183
10922687
9250088
5405491
6869303
316544
4523265
1233261
11326056
9405924
8889642
9701207
12253382
8668680
11281951
11031431
2816599
11521525
10611171
8918933
3180225
3281205
8607526
8261471
5002774
10594113
7665866
11487195
5911233
2825453
12188018
623795
894517
3084394
12119241
9082763
9472875
7691342
4530432
7186907
2421581
10394506
10947870
8320081
10242814
8918172
9451192
5363625
6750369
957807
972442
6107734
10283547
11705002
11632332
10505983
10213700
9803509
3051409
10597906
2474711
4190103
12287418
12201115
616034
2864259
2955243
1150315
9009888
3117354
1590346
7407717
10512807
800872
2795043
12222611
4075881
12150816
6918845
6422866
5815645
12203437
2161008
9703250
761561
4065113
6525946
11029919
11333340
11303730
3326622
3888905
7599961
10470232
3654507
12117899
3384268
11516100
7339956
6703613
6237597
10322163
868615
6297381
12233356
9211298
5559928
4184163
591996
5704529
776212
10407247
9200505
5878832
10767264
6979877
1039569
7766343
1699441
7699004
8016200
8769136
10608973
5340463
3212705
4507993
3811338
6483974
9181805
6097766
9181805
3726661
2550194
9549859
7836936
2190972
185711
4396168
4134138
4662493
10213700
1878844
5557040
10227679
6841597
4861176
11500597
4159792
11799554
2674936
930120
1533623
11687921
8644799
1984103
9374876
8882484
1469138
340558
2398760
12129569
2323832
7140904
2315982
12117152
6102910
6827343
11551592
5623573
10291609
2824749
9918060
9561888
7842180
3041271
11350411
2541870
4831219
12217755
8237875
3900900
9335470
8313249
9791502
1085096
1476570
494303
372061
4814674
1340011
11567360
3903101
12211304
5451522
5728478
2054324
2213803
11014086
10114074
11383083
12140407
9113972
8952370
8289300
3987139
6973863
8786547
10453011
1955612
12353308
8729714
11062971
2048279
5929313
8329751
1253547
1540792
3912559
5759002
11763761
3086769
2856143
11700716
1767310
515707
7510094
10225631
8083337
10723496
6065762
7502664
1349733
2600730
4070150
1328295
5142551
1410127
9171213
7493808
9801001
7089731
4097528
6138309
5007538
2873111
336559
2606637
5226570
3249083
4988963
10630732
3779255
1119834
2544360
11828352
963038
6241915
475741
559311
11998400
11546435
6973863
11673585
7613245
1580640
2600730
7178267
8308769
10516512
1426191
382168
3388021
10912962
6325298
8546181
2747879
6280696
5728478
3278027
3221890
5987035
64283
8118687
11058420
9237958
5976568
7446745
1598142
7729519
7706862
5180475
9875145
11029919
3147170
5916812
8740608
1442636
1741277
3227612
3074120
8517937
3163573
10973865
11010075
8443556
8004464
5623885
10583148
7611960
4932643
9142575
6960694
961566
11814649
1452425
10047666
7175083
8703530
7199591
10479851
1697374
3390834
51715
2757030
3584198
10392628
3503843
3443992
2301513
8661810
10281397
12044709
449482
647762
10647910
1513768
9995237
4836298
7772415
11456274
1764059
8094086
6338608
1529617
650338
7804250
1670875
11370719
9296238
4347608
745944
2706644
9517345
2350773
11850469
3542465
1846119
12195807
9199454
3720097
5045774
1326790
3622321
6045206
11050560
11600590
12250338
6529267
6030626
11702308
7730390
1493454
7841403
8384277
11902112
6225720
10308707
10707645
12257825
9909860
1578022
7515960
688220
1084352
2666458
5281261
5570950
1846119
11962749
4077464
9397507
11113369
2341791
3275207
2848330
8450393
2763810
9254497
7824676
7749215
9159038
10962337
5594528
4614847
204282
9554709
8840675
609201
11495466
3737890
11459622
10261649
11306202
6732099
3766884
11164700
8666730
6920157
5774726
31225
11946518
1443263
533607
6332451
10897670
2605948
2489607
5464757
6990775
9237364
5529906
1245583
8024905
10111999
11604826
3482783
3992557
8613681
8082868
11797384
12035671
2861829
6685139
10023869
5734560
5752284
1767529
8241469
8068130
12025078
6460375
8768106
5759002
6795880
8512268
12261745
3731921
9558513
3841373
4819190
9088232
9930522
9965205
8176385
5663773
7232429
1384403
3448081
1025872
7868590
1176769
9608760
11838088
10128550
10938446
1418271
3888905
4338226
9042102
8718241
12175778
5738169
7020515
10849234
3364762
790277
9053968
7306641
12284176
3324350
5034893
6374441
3304599
10981771
5421122
2820906
4988839
9354922
950516
4260738
8200901
10987674
10199171
8004464
10287013
6953919
12081932
9064702
7613245
10260401
10119734
7118694
5133033
117829
8604534
3326070
1798718
3000787
5919269
5557040
965353
1340123
10820032
8397638
11095429
11413560
225122
10726453
7721953
6409466
5992075
1306874
2644927
6265022
2976558
3443027
6924734
11197644
11535660
11798174
11048620
11840114
10192385
278938
-1
5665631
10778791
4554930
8940123
2901186
6690052
9976732
7465632
1345518
9847879
7232429
7865986
5407644
9485885
5372765
4807791
8040171
12214774
1694650
10387958
9408933
3729212
11031431
10624282
12269570
4157812
2014086
371733
3992557
9382350
10888083
5551013
12251228
9979361
7276992
8832746
11347481
12054879
8267855
1384285
3750093
8175200
5953355
2171815
2666805
7905538
11070415
3730653
9616491
9353837
5021859
3043966
9776855
4044923
7094679
31225
12157917
12152195
6616620
7745970
9232888
3128372
5296662
594356
212170
5539392
73744
4344769
2807099
6250787
9359453
4046011
676271
849049
9066021
1648252
808066
12212035
1430933
6151015
8385821
5512441
9420740
943691
10403608
11580172
8628743
888897
11337736
12146985
12262987
12116078
6393196
9628041
195413
1180018
2910464
10088859
7468093
3144153
3199790
465605
5150809
8391310
5268882
5786315
8447044
3528998
4680737
1231752
10350210
5016870
7355155
6391894
3245412
6638634
7097637
5824089
10017327
7059337
2043225
1681264
10159427
3155162
8103507
9429004
1534973
3347543
6224353
7492922
185043
3126332
33957
7559804
11037812
5111951
1462922
3538383
36688
1585603
1350819
7032241
5348917
261830
7930368
2378672
10334978
4003104
7732983
7182589
9651321
5238544
9443945
1622176
8200349
4369643
1475945
12260742
217990
10863395
435406
6669701
9155324
3203202
7027248
10963505
12253382
2887687
2419503
9911772
10851847
3511233
2029349
6999895
11580172
11684407
6473357
6483998
10579094
2660232
2055750
1798364
7156225
10113136
2677376
18064
10091622
3486186
11803881
7403172
5924250
8257873
5659373
3086644
11432476
10122103
271069
4669718
11557414
3630271
6918707
868462
10299984
10545354
1318131
4141484
12211674
11617035
6431284
3731959
4930133
2583993
1137512
7705523
4765696
5926075
2627555
10145902
319462
4699721
8130011
1462746
6700542
6652059
4406667
10784327
132785
6968024
7716070
2171815
5633329
7234478
8983553
10743029
8239542
8459095
7410599
4374111
7826183
9177325
2193401
12159667
11055236
1057967
11946518
6879268
8727913
6775639
3832023
31225
956255
11832717
9893446
6047550
6443021
12122657
9936762
3956336
1197620
9302835
10055161
3420771
9767014
861536
1738019
7341592
4581925
7498413
8216208
4612207
2639245
7504396
8348372
611346
2053399
949500
9692990
254255
1598294
9066749
2820362
7234478
7275238
3635577
4771926
5591137
9494583
9440865
696423
8880895
4375349
192703
5541753
2382851
4279520
7182033
5525941
10281352
1636394
12151027
9942437
4650532
6589392
10084670
4501726
6486831
1491055
3440858
1500002
8636127
7442486
2305367
3294464
10804857
10850084
4118944
8001559
9617276
5723351
11096919
10266820
5893357
12157917
7407115
3938708
6205072
10186427
2915323
1797819
7502388
12337362
8594471
5702097
941139
2615952
2182312
8589911
3117547
196044
6952063
11566703
4237333
12346399
9479940
6361233
8071410
2661039
1733133
11959471
506109
8850268
5315163
1295123
6421674
6018034
6380852
7760436
10785257
2642813
8013660
7811150
1368449
2107978
6529302
1137906
9970426
5278650
7554332
4653827
940275
7849355
153357
10694209
9164758
6081908
7049806
8768732
6414290
6312006
1429941
6672257
5623573
10093838
9202298
9147338
5095336
4093123
6899825
4295758
4853514
4416188
2021881
8885809
1035183
5690704
10960764
11709750
923367
11957113
3364888
1956605
8558281
7779129
6146559
9245827
10527306
4159792
11787971
3330712
1636928
9064702
2467764
8944788
6225175
6078938
4995715
1335061
2898128
10036767
8550810
10690354
7741045
6679629
11627
4533554
3033609
7195951
2402480
9750861
5465091
4333313
5653631
6401682
6191556
5643802
10647076
627431
7484132
10630434
8879788
7127984
3500323
1555041
4231663
278719
7643109
197465
11087837
11927369
4302167
304892
8338822
2424866
1561673
9637758
336892
7572100
12056756
4877029
4301222
4200278
1315808
12338607
6432837
11081220
5338585
11451666
11050560
8176606
1054420
2490227
8323705
2439070
5313037
1827249
1886179
1589292
4798667
7382231
9150739
8118864
11367977
6369888
4278742
5069966
6231086
1675087
5892338
8478525
10704937
3171842
3060845
989972
2563741
9978751
9611626
7450208
3630582
11016917
1868353
9938527
5616599
5447850
4933690
4360635
6233433
27397
10756881
8854501
7062842
6401664
156330
703579
8038839
4690730
9088232
5136632
5321485
11260477
7978398
5553979
6943755
10173500
2905412
8832703
3651719
7116327
4930703
10260278
8256400
3469521
12303631
263642
5970908
8745760
9439533
123438
4278742
11807677
11659445
7353953
6430818
9782425
7005447
1108289
7404937
12080317
10318817
1562755
1566351
1402183
3278170
8092110
11541758
1680819
8056620
4527878
378110
183284
5904181
11125170
7910295
5547312
1436923
2889171
5221265
11164140
11489345
10788807
12243141
8464904
4173246
2174709
11995443
5485585
8247191
2745271
8791772
765960
10599839
10547242
8849870
913772
10686772
2001131
4338993
6849246
4675771
12319652
6437041
9185395
9988095
6167777
5269388
11975615
997868
12168987
8193349
11999028
4758009
4553341
8495009
10194006
1703159
765433
7515960
319458
6013877
9747990
8140981
3063999
8519676
7768106
10157454
11663939
3122449
1328295
3443717
89881
9037534
11704064
10600532
168916
8588888
7979853
361315
6742142
2422954
7930170
7237101
8844558
2063591
1328295
8448301
433779
10733741
9342205
5423806
7198549
2846734
7699307
6041354
4633354
5725313
2570196
6731417
3086802
119996
48775
4237350
2048117
297528
8421692
9504721
1903673
11702359
5911233
11520076
1737556
4060357
2594979
7573844
11593207
6005120
4617410
9148549
8234992
1216939
6149864
5109357
3559306
7527676
943114
9138600
6924812
217990
9433614
6506060
3980715
7514627
9348228
5397108
9364518
771880
11860996
6514609
3196396
12141320
164304
12043617
9148462
7371113
4875809
10933659
7631818
6721925
570187
9847664
3604280
8191284
4838089
2772068
10148887
1940135
8511280
3294092
1396905
4020910
1054875
3122837
10214277
8526200
9603388
12240240
8776602
4393925
170808
5664343
3921987
9131296
1470471
9275222
10159547
8650650
1433446
2053180
9316493
7712915
4677639
10022576
5512316
11112770
8611359
1501170
2672373
2452660
8447545
3566932
1983281
3841777
10284542
4527983
9314515
2166936
662298
1273650
7085570
1069533
11724671
10796333
6321383
-1
4681799
11276571
11347999
5591137
8761734
6237839
5313444
9782425
11653601
9865454
11347199
8878709
5507484
7456676
3282234
11280545
6614331
4978232
6366315
3624540
207598
8522110
9325644
495401
10117061
1149477
2170228
6239269
11084165
3080389
12039356
6008174
9532555
407696
3168957
5089652
7665866
10495422
31912
9990816
1026738
3513406
11958705
8175868
12143176
7327909
10564818
8432881
723086
9066749
933617
1173131
162908
4629088
2888809
887213
8103853
385042
9921493
10559532
6648771
9327645
6830884
12358876
3849874
4927350
9557559
9491138
8514219
8334526
6927343
2408191
2476272
3844569
5848055
7734107
6359001
8635242
1548750
11348357
12151692
8728611
10142773
2944672
9098375
10964085
8892496
7301472
7332984
4155207
7452265
10052709
9420740
5731009
7655527
4157812
11993444
6558072
3060845
8890252
6086832
5403450
7720525
12243238
8247028
864492
2492067
1218860
5658595
2375477
5967153
1742584
185975
9222469
9675890
2987607
7035421
5138255
2878013
7178940
998327
2068142
120133
8214934
5778470
6870205
2991159
8521572
6477343
3695922
575873
860963
11344873
6625625
4854569
9861465
6062937
1516910
5376488
880281
8442872
8131216
8120759
10015315
445846
562918
1040174
658768
9554709
8601521
3748907
6401036
4263756
3458331
10264669
7936419
11460170
9395272
619681
6869285
1312019
1460561
3784031
7031716
5593318
7339186
1125575
1781823
12118350
425138
209128
3635577
3498843
2374961
1016628
8094874
6276653
6387264
5000686
1953187
6618611
1960667
3130088
7064051
5327499
10434417
7550337
5415144
7696305
3847663
6185241
8022584
7093501
3068420
3227080
9762063
3154267
2579001
11764177
11930231
2909221
4831365
9968699
7241728
9382086
430077
9161188
11215125
5111826
10299617
9289931
1966597
11227869
1326184
3116391
4304946
5226262
11771676
7730690
876055
11326620
4927294
4966432
11215125
11462669
11223853
12058034
5921158
7226170
10969664
5217815
11081683
9162685
9741222
8329751
9349192
7226066
10838013
5292427
5327544
9095402
6057007
9989410
10521955
658460
3066296
3035878
7675043
8814768
10991061
899146
6984002
9768383
10334742
9782908
8436408
3854707
3213091
1831938
4717817
3193016
10866113
9445111
4575977
3326330
11979087
6713125
1541564
5042609
8119286
3120293
3849724
8131876
6522989
11392398
1340011
155291
2707647
11203708
8461618
8178750
6621842
9973127
8032754
11621904
4506648
7382691
2986525
12342284
9905187
1166858
964413
8713504
8045721
9676816
8508894
7355895
2293497
7508893
12276179
7291131
12300240
8550810
6697385
10343915
5951404
7355535
3369435
441550
8391310
605183
6081613
4984979
8147006
1804962
5330371
1024258
11403468
5199706
7914976
6983046
6100676
11357408
7581827
2911117
452315
10319801
4495501
12178896
9086237
9354076
5043553
660816
6019183
1019241
4678861
8829449
1389155
6863528
2272237
7027824
8901429
923701
10908989
1912971
7370105
5737939
10446822
154095
5817321
7373936
3389558
7531644
3794687
3864585
7107591
9668569
3921747
9104475
2466191
11816045
975116
3163644
7854374
5737939
5203795
11315792
10739745
1590439
10117061
9068154
10124383
6491513
681984
6579378
11678738
1744789
1318131
4440703
3401433
8682253
8865197
7182739
3830066
2432822
10311802
10309819
4381393
3979538
10461608
6976754
309946
4322572
1541821
6322045
471580
3066029
2561609
10154004
4555323
3467275
12256818
7205126
8248090
1625590
11432476
11779504
9208571
7199128
4479940
2615952
6250458
1756798
3243050
6413028
11263435
8327940
5789559
5002679
7687664
2935573
12146985
4778728
271034
11980414
6824145
2427068
4393768
4548494
3298185
2842934
9757861
1168159
11684407
6243459
11933453
1897433
2697165
3981034
4094800
11446870
8600267
7154357
358590
6934195
3560486
5356255
7427125
2586444
3057646
2504203
4038024
11876816
4757058
4543997
10116785
10145902
6244856
2262332
10733206
8856623
9258878
5790743
1990087
9919816
12011276
3594098
989877
4324180
2929369
11571921
4978232
6692245
6491513
8537113
9579417
6706104
2750041
7059382
4743110
3691386
7458979
9596245
8408334
642407
137490
8502491
6712300
2318553
3184960
8798566
12168987
9403316
8117609
7069296
1519845
9077233
11480100
3891056
11934522
6542905
10963001
10913484
2986525
8615734
4266483
1562303
479876
3458016
11239421
3733604
2724884
2612804
1261667
11404620
5737235
6830884
11415426
9357702
5652083
10028741
10159427
5813612
8045676
4503696
9461865
1438040
386385
12262974
7044126
7841403
515997
7754715
4978424
2893196
9068726
10163790
2750767
12286959
9744590
5051051
12318600
7756124
5951442
8825755
11401961
6937881
6569672
5222721
11678448
10859134
3830066
11605471
10259970
4120208
2287813
270594
5442783
9347778
8422629
2132281
4907109
10710398
1026738
8675779
4020889
2623767
653489
2000272
364988
5062635
3020207
8263751
606651
90209
991533
5706238
12230978
3917034
4100781
10227419
3070849
2060783
828264
5519036
1427522
2400690
4625387
3124503
5027075
9060432
11910280
5854238
9651321
181753
11289598
5944354
879223
9703295
383647
8203441
9691795
3283961
210153
5184221
4084860
890788
4130912
2100902
11113369
11986565
4246046
2592380
1349733
4049162
4543329
6737905
5767537
3356294
2946820
3128677
1280527
422040
6009855
4536097
8229036
11493068
10274510
11257110
10836803
6786306
8990283
1857442
1932828
3211067
10854460
765960
5691857
4180447
6433929
2758351
6444030
607382
676697
2291118
6518226
7115445
7880862
698334
6306981
6674806
5285848
6544518
4280063
6191161
3481031
10753499
5040937
2051489
438650
8220889
10852674
6357406
11720344
5901105
4525816
6003974
9412255
10152694
7049416
2297875
11153425
1490264
321648
3976163
7255628
4850265
4829805
7226170
522058
658460
5083555
4886652
10352435
3513489
5310682
5855666
4804797
7071063
1586039
9608909
7739140
10693694
7903284
1587073
12192242
9110761
816162
8409740
4064099
979190
10318308
6826720
-1
1608493
775771
8000578
72897
8419716
8479786
6858705
11947120
8772111
3255010
3936301
7399295
3775059
6421674
8444790
9392688
5865220
4868414
9472875
2699634
9811660
4418563
9551849
9975959
4252200
4498844
1656446
6522941
10679008
10936676
3448081
1317952
6205948
3450142
5638634
1489083
2287755
3444083
4034870
4666918
8116736
5543002
4706116
1410098
7040845
10075106
3940409
9907865
695852
5141723
2487220
7444135
10192789
10957618
10921024
3870295
12140407
538852
10482721
11079485
9775263
10165655
7302243
54977
1237111
7854374
10121950
8057732
6083411
11243055
11960757
3240244
5917677
777504
11818869
7222201
2789068
11977643
5749346
4672115
2402572
12013175
8125295
2117577
12042892
828702
10962337
4414206
9098375
8055747
7521850
8282513
7554951
3206886
4968083
10310918
99621
4961734
4321669
5029567
1545085
6893343
9009410
11335437
796740
2796560
66835
7161569
655827
8840101
10673024
9029411
6151161
11064252
12238723
12221872
2700977
7300739
3550214
1369374
6960481
7829245
5781552
2263719
7869624
2698136
4673239
1946472
6985985
6837494
11947120
10193994
1040061
8426986
1046279
7205836
5841184
9200643
6716813
7399606
7642458
5674808
5121039
9097356
3165562
7833107
5675448
4432547
6787436
5566642
95253
1915525
461903
484764
165502
2415194
3807649
12137262
2326706
7498413
11031541
3197427
7933546
2014150
8231330
6924309
2175665
5775190
1925905
6040832
11687467
6478901
4021143
9644056
1358570
9998225
10606745
8932317
11163558
1282769
5739686
3469521
2508200
9948733
7034676
9993672
1475115
1635647
6414852
3476252
9900665
3149837
9340019
9724832
11225607
3442763
2581367
4559348
780272
7291041
7903592
11625239
720281
2333091
1024258
9875580
886751
338583
10925629
138738
5469382
6489917
12294847
7094346
1727671
2026888
1005119
3681116
1893052
1581682
4022111
4296482
9400936
2870045
9040860
17959
9154450
4919336
192322
8811799
2224902
1038972
2532620
11804667
11514822
2353837
105670
8520523
2329432
3897409
5763113
7759623
647762
7224866
5369811
4654577
6414598
9416312
7507076
1295123
9651816
3998177
6801083
391825
434320
1859537
1905874
3084929
11247040
8378812
1470757
563318
5640518
8481167
9189070
3479248
8097963
8643442
9739145
9743984
7976834
3560644
12241472
5462581
10266860
10540971
890651
7059706
1800176
9786010
9622849
1604051
3413436
3987139
12281759
11008020
6593149
7542740
5200187
8725244
11105893
1276642
950516
3799484
2044003
-1
7871415
3375142
7876062
1445450
593423
3018722
6285500
3538509
8977633
3022147
2670970
10912962
7010413
1574795
1292237
7129178
11846390
2760282
697040
4808455
3450685
4832987
5585606
7102014
1271535
10287435
2478887
254255
11233797
8000528
428541
4265397
5772720
5188720
10020669
3728295
826843
3516381
10354
9277395
117044
4098418
12141454
9421112
4679110
5420827
3799651
2603759
12110665
5365586
2292981
9957512
3059873
1367631
9532747
2980575
12140140
10289764
2544715
10893407
6271515
10885887
4872946
9734279
3486737
10189073
11842202
496081
3498943
7271915
6298311
3099681
515874
10010842
2473776
9410176
10075118
8607757
8454439
3940409
22717
95253
748244
4738935
4001913
914124
10332834
11559143
1842280
8632015
9263225
230354
3000083
7738122
9855230
2348596
2257460
904464
5670880
1818249
4846515
3082101
11475581
4947496
5579502
6712112
5117763
3485435
11534125
10407927
575445
1896645
11404137
2518011
7004600
1593612
11714680
8452586
2347086
6498440
11896945
1775145
7549680
12222611
2622639
6443021
7029340
6141934
176134
8825755
6946125
5273988
10986618
9329322
1675590
1697340
7843614
3709338
8167007
2147880
138738
4208708
7928334
9867620
4617682
7037648
7174448
5961532
9491138
9442376
4275070
833081
7205126
8344187
3738566
11684407
10734928
1391597
12094025
6217681
11527318
10439196
3483934
1608143
500955
11674560
7193421
942206
3267590
9046252
2871757
5114161
1091251
11964867
2213535
484957
7564612
2653755
8258475
7493673
7161544
7598239
11158472
9631495
2078227
10733741
5547079
5785191
2153565
3190226
7739258
6173771
7075746
1867539
1911656
6957895
5699032
10436235
1625590
6019397
10944441
9193184
4855267
7726990
1921077
12338607
4383582
6033530
5341133
2048544
12195723
1862617
500949
1211038
2004785
4672041
10034742
4548483
5802337
10311802
9226535
10744778
5728238
6078564
5221441
10992842
1590764
7365711
5770306
779586
5148261
9408025
2099184
11733883
188143
6267550
6831026
1523882
8952632
7312011
198557
2504579
4583713
5348177
12059103
8046777
3152316
9173176
11031927
9504228
4000100
9898462
949166
6121268
6158596
2500444
3860921
11503652
8837494
8964952
3557565
7127107
3615115
4809374
6290108
6304820
4569248
3995496
9015847
9925647
5531486
3038236
1799305
11490597
567086
4892049
7976305
218163
9926655
6496222
779386
1402303
1634882
2234176
11690653
10318308
5719740
9152841
163884
5887467
12160406
745887
6727234
7586885
8356011
-1
4504351
4595895
8282132
5125647
2397881
5222625
3799680
7869624
5583329
8129610
4560413
8228390
1071132
7370105
6383791
523486
3787866
1977943
4258034
1954897
5643802
7582334
2229111
2328665
172951
8601521
10281352
2350033
7779129
247229
8627516
115711
589254
10541221
11776568
2786393
707599
12087330
9241386
12261745
2586444
3343561
12021548
5723874
1782241
9820373
3397504
5729095
6660229
11079788
6029184
6364422
11324628
12240240
170808
10287368
46178
946048
10271877
7312011
11263408
3806588
9802925
11861368
3075351
8139449
979389
5255974
9045313
288324
3140250
11163572
2713664
9048251
1530590
7925308
10308111
9852543
6773432
7942594
4501544
4228724
6074422
7174036
3486737
4458222
1432982
7645120
1358597
11753544
10309055
1911271
1880716
7206652
8200901
11525903
11631997
4233883
5597325
7765815
6570187
10971574
2322363
3082131
7870238
6831870
3108519
5088008
8861267
9349005
972442
2675272
8771259
3354058
5524675
321560
1720931
12317094
6231971
4492086
2741654
11934522
6354202
2487220
1618946
6949087
11962316
3734746
2053844
1079001
5751214
7709652
4317124
4681076
2400690
6193958
1073790
6698969
11691390
5737070
5834744
4324180
3514612
3646624
2202307
10683327
6661783
9962354
5810177
10688805
11711641
8320205
5664708
305964
6589819
9516218
4634027
8341095
11319010
8876220
1348791
2281313
3813702
4853507
2158252
2189566
5535419
8705343
8770611
3612722
10063780
4180460
11550752
8033240
3667676
5647887
8813316
1047177
10558062
1060552
11762896
348150
2603468
9964600
4545814
7333857
1212574
9108870
6952471
7193542
2171815
1623817
4094663
4756192
