747927
761801
1073354
95094
527505
656599
838904
149244
805665
672064
361906
299085
1072672
1166456
1585716
33396
1631403
589304
506739
1206263
1585716
1395897
697762
141839
325861
1572390
127280
683858
1008888
1493406
740077
1105321
1119130
1255863
1543657
501043
357982
165126
413234
1112979
734259
495363
1152033
1267498
497543
335798
927661
582758
1305198
768038
437195
1408897
379341
71088
1259049
816501
290311
719813
1627645
296581
440653
1081064
1368703
103693
477905
464497
1163331
394024
1629573
1085892
1572390
1534448
940531
750299
134849
494391
499288
1146115
1367594
325335
709072
895393
520878
100212
1450773
437195
-1
885200
361102
783402
310514
262635
766677
96026
1060196
505977
1277101
968022
979558
1424995
1453240
872210
1076410
251084
338365
464987
174212
1214481
1307388
86413
811114
918760
711013
877759
1087641
126568
1214481
1440595
1367594
576624
764100
1489159
858917
470399
1072672
684625
953276
546245
739961
1350509
1534453
1419408
266191
1498984
482411
219822
375627
1242628
145696
1489159
1614752
173231
1066467
65503
223393
1483657
1459997
434335
551897
697762
258201
687145
1246043
1475475
1299649
111468
810767
588070
1496014
1119130
630381
528774
1152442
1449249
315505
945481
6899
546245
284565
1248686
71088
1364954
68418
1062309
1320758
271978
1349081
85850
1627329
201814
665502
683858
1076955
58560
470880
1458472
1096246
1231084
1131136
421028
1153940
1227215
834973
1634220
1160049
646830
28200
629464
938165
1367594
646830
823463
540478
915059
1320303
613170
1103956
1152442
1273422
407568
703151
676185
1126747
867055
877597
1396375
943356
636141
481899
298130
430415
1336675
1168467
1431775
707762
1471011
1401641
731977
42090
1572390
921716
716244
-1
683743
582265
445036
494378
939735
78444
565545
711013
127897
1103956
1283964
993160
59284
510650
39767
656707
972949
500916
434242
24273
739961
565545
1515785
221157
1206263
979558
1126296
804132
1037584
683858
1267498
510576
823463
1463162
1615232
290311
1520204
827385
617395
176772
329582
841087
1567767
740077
1496014
721545
106631
650061
647163
619793
77846
520878
1622090
1238809
1505474
640156
1424995
427799
173784
584119
527535
238325
1551939
964369
723482
1277080
603119
356240
1483657
1492673
1342887
740077
984216
465687
1333372
560495
1341661
1228117
57006
1094348
764100
1129779
931265
1037584
1590301
1221270
402315
-1
77846
1488753
22873
388292
1430434
296581
527535
289926
607162
1531212
311497
170128
-1
1633894
1431826
1115757
624894
210785
68418
433364
660904
804132
551897
1445417
-1
836272
1350509
1614752
985675
440653
830417
650061
299085
1633894
706858
352694
1471011
590993
356240
1631403
413125
245755
1629441
881097
1342887
693249
425589
777216
655383
134849
455456
803451
245887
85725
41551
221157
714837
904841
576624
827385
294931
617395
315417
1430434
801099
95094
1629573
560809
258488
1108423
510576
482178
752077
183103
1445417
1634220
613170
434242
1322396
1618512
963881
383709
1575657
801099
223892
361906
1217456
510576
476390
585278
896116
1427325
100332
1125488
1627329
721545
701052
25485
430415
1066722
1457007
1418502
1229504
1523824
1105321
1374017
964770
1500235
111468
841087
1623211
415739
1277080
701052
1187044
24273
1325508
494391
1429934
1515785
995468
846147
590993
1572390
836398
1357884
709430
1266512
-1
1273912
1270784
806142
1461196
1196306
298130
872210
776869
1419408
1200591
567862
415739
361906
388905
92772
121766
433364
881097
778739
1563917
819919
465635
995468
1027494
829892
28200
375627
594977
1618422
624160
964770
311002
1600603
1246043
536501
506739
1531713
1489159
1543657
41551
1087641
1471011
294931
106631
24273
64311
815034
303160
171917
1374410
25485
381509
-1
207013
972949
447737
1054046
589304
479575
211672
706858
315417
1094348
627227
896116
806142
711470
620383
683743
613883
161331
709430
262635
1536434
799753
825531
226937
657971
895393
1452208
447737
96026
1409057
550332
867951
113259
778739
1563664
1500235
690454
1505474
1112979
1044763
655383
284565
693249
265291
687854
161331
1066467
1463134
265291
280219
834973
1520204
1248686
1168467
473493
892417
1018457
531037
758909
402315
1366886
1382365
1018457
596622
219957
830417
1600603
413234
1318011
374539
1048319
89126
672481
1472249
520878
892417
24273
823463
510576
379341
71088
560495
1558442
187502
856847
1216357
1251167
145815
1475475
746357
1218082
1444922
1534448
1129779
869328
1514054
703151
693249
708934
1056014
610739
1471011
1152442
1493406
964369
65503
560495
223892
733387
1218082
1429934
533809
288215
829892
819919
1320854
1266512
683310
1462888
527479
756634
721545
607162
901889
470880
187502
583090
1016711
805665
616416
646830
1472249
1250407
799753
361102
914769
669053
446926
611056
1342887
1609812
-1
425589
836398
165126
1153940
325861
1323511
1582062
1503437
477905
540478
734259
703151
465687
993160
1382365
831667
1027702
85725
211672
1613664
896116
877759
1158612
388292
591451
938165
620614
100332
473493
1366886
632036
338365
1517965
914769
1076517
1396375
335228
739141
211672
264531
199346
1066722
1614752
972949
325335
214995
1281058
28200
42090
311841
1065331
1533365
566562
574636
655383
687145
183103
416676
1374017
476390
622427
341932
829892
1445417
1177358
192038
348810
1168467
1353381
396621
233375
127897
290294
1382365
815034
1509110
588070
1270784
596399
1431775
1396375
1585716
156940
715075
716244
16044
64311
768038
530872
417111
1163331
750299
953276
176772
92772
1044763
1054873
34137
1099815
174212
500916
613883
16044
1462888
637645
1367594
100332
1458472
1295699
1369874
964770
1163331
905940
504016
1604306
170128
1008888
465635
687854
1056014
1244250
126568
640825
1119130
816550
1126747
546245
1626827
41551
777408
310514
511177
1416307
998090
620383
1152442
904231
1153472
335228
668641
1452208
953276
1379071
1046338
1621302
145251
214995
915689
449123
1453591
219957
1621302
1509562
727012
1111522
379181
174066
1195944
1546242
42202
298130
1098911
1430729
849301
1259049
1609812
1250407
476390
1126296
1206263
310514
42202
1305198
1439777
1563917
68418
1418502
1531713
536501
510576
1492673
402315
207013
190018
413234
470880
627227
665502
509800
617799
875167
868576
1126747
1487600
750299
917089
410705
666152
1249256
610739
1458472
619793
940531
361102
1531713
1300676
984216
1357884
289926
1440595
964770
310514
1083035
617395
860681
1368703
1249256
1558491
1250407
16044
1612987
1429934
103143
855043
289926
96026
1531713
536914
115596
733387
696358
103143
265291
482178
1450468
710265
719638
1369874
1431775
885200
1439777
1242119
804132
1633894
616416
787702
439641
1103326
1270784
242335
1565680
1502324
1283964
1416307
527505
991705
166666
255806
183742
731023
1558424
896116
298130
1490760
827385
869328
984216
1431826
550332
904841
1504895
47649
655383
1070698
1504895
379341
1415988
1126296
303813
210785
1288418
6899
1623491
746357
1250407
277537
1496291
474459
831667
927661
617799
1461196
1366886
911279
1629441
178037
592895
33396
660904
624894
1285632
723482
1168467
834515
103143
477905
872210
440653
1318011
747927
33396
1558491
1320854
622427
1459997
1217456
1364954
654165
145815
59284
1585467
1410348
288215
831667
455456
25485
1553117
1379071
637645
939735
1255863
948229
190168
895393
143847
613883
979558
145815
729439
510576
768038
245887
734259
178037
983945
881097
624160
972949
166666
752077
299085
1041897
662555
1500129
1609812
527479
698617
963881
1532089
680911
383709
1108423
1385210
280219
352694
206712
501043
1313872
1277101
1631701
1534453
885200
798899
367401
654165
183742
882148
626103
830417
707762
1416307
1410348
1431775
134849
65503
1615985
367401
170854
610739
556003
1273422
383709
430415
1626827
1631403
1633894
236867
739141
771609
1612987
1379458
768038
740723
41551
1594471
872210
1567767
452770
277537
1462888
1470672
1496291
1004687
1439414
92772
174066
510650
915059
1062309
166666
1060196
1509110
1097599
731977
262635
984216
374539
607162
747927
872210
1250407
293101
1449249
379181
1431826
135009
531037
298130
877759
1621302
447737
123982
829892
895393
703151
1462888
1176233
135009
42202
875167
1339487
662555
525262
1108423
1514054
479144
1439414
1200591
236867
868576
416676
750299
188618
143847
1153472
494378
784314
85850
482178
1226273
1489159
1602725
1226273
707762
768038
1266358
830417
-1
413125
1564570
678748
752077
78444
1326831
733604
739141
1259664
823317
476390
1187044
1323511
872210
622427
684625
59284
1206263
715075
-1
915059
654504
1114446
943841
335228
1631800
1125488
-1
1520204
198791
215342
1161438
1456727
38609
551897
120636
529582
793173
311841
95094
905757
669053
388292
1281058
683743
68125
1323511
1543657
771609
596622
1564570
447737
706595
156868
166666
1217659
198545
931265
918760
613170
943784
942993
230583
1329514
1153940
574636
388292
623585
379341
303813
806142
1628352
991428
1609812
582758
34137
459015
294931
719813
1329514
896116
1413409
1461196
464497
852434
377922
896116
809005
540478
1579379
1083035
669053
1627645
740109
1531713
979558
616416
917089
1046338
1083035
183103
1618512
1515785
536501
1415988
901889
365840
71088
624894
1430729
843890
1207934
265291
199346
1594471
456859
1083403
1181778
1037024
329582
690454
1320854
1098911
738560
1004687
576624
1629441
1176063
1153472
415739
183742
1612987
187502
-1
89126
499288
640156
1556110
-1
1254521
1049322
520088
739141
1125324
909480
227305
183742
709072
311497
425589
703876
28200
1125488
1609812
758909
680911
972949
911279
325335
1123206
504016
1065331
451908
1496291
917089
1604306
617799
1576701
551897
915059
656599
1533365
556003
100332
1205867
123982
1615232
1487600
1495631
327886
458623
210423
740109
1251167
1047813
299085
1604306
768038
376417
1202541
596399
1517965
714837
811114
810767
1369874
729657
626103
915689
1517445
19151
1054873
25485
361102
648925
1268073
972949
1466530
421028
452770
784314
1612987
335798
407191
238325
86413
500916
1266756
-1
-1
85725
36827
303160
1612987
834515
1313872
613170
499288
132824
965633
258201
560495
991428
714837
401855
24696
612022
1364302
610739
1267498
123982
1158612
188656
1357884
1244250
187502
1585467
634933
592922
1450773
982620
74674
1115757
620614
1153940
1569225
1070698
329582
1600603
806844
372685
617799
516875
620383
1456727
1450468
279729
703151
963881
648925
1163331
698617
1112979
1536434
198545
1395897
1076517
690454
1285965
243422
1487600
1564570
964369
816550
915059
1329514
1250407
536914
398360
85850
620383
324998
409072
703151
206712
156940
1530097
666152
1585716
365496
510650
1429934
290294
656599
127897
150704
729657
1500634
1374410
170128
1403742
1341661
295032
719813
892417
974786
357982
1210485
384943
-1
384943
719638
964770
1064176
1525264
1533365
782068
410705
19151
1563664
1588733
226937
1517445
1299649
1326831
964369
811114
402315
1108423
1048319
1097599
761801
1218082
527505
596399
719667
1268073
1227215
827385
556003
823832
627227
819919
447737
1098911
1217456
100212
733387
68418
473493
768038
255806
1254521
1609348
436417
860681
1341661
1333372
1505474
437195
1439414
1484095
1125488
1493406
59284
533809
1495631
905940
1390220
709072
1270784
447737
731023
103143
1283132
500916
1087641
445036
689906
860681
895393
771609
1187044
115596
210785
210423
65503
1563664
311841
1462888
482411
1602725
1054046
394024
1004687
1250407
1217659
1112979
430415
85850
1016711
251084
527535
22873
39767
1534453
409072
367401
991428
849301
245887
680911
605323
1027702
516875
477905
1364954
536914
458830
157635
499288
1004687
915059
612022
576969
1227215
1333919
1629573
226937
-1
1619448
470399
1242848
120636
771609
1408897
775395
288215
783402
1379071
1359875
668641
1439414
1341144
905940
107743
325117
92772
654165
1152033
32801
1546242
1161438
183742
1520204
379181
1068666
776869
-1
703151
639832
106631
775395
927661
474459
1431826
1604306
1070698
892417
596622
904231
1612987
1096246
1238809
85725
566562
77703
672064
264531
1430729
721545
852434
230583
442772
1283793
687854
811114
943841
1192524
918760
77846
210423
943841
705475
42090
1489159
219957
1102018
473493
617395
710265
1623211
1044763
24273
41551
1221270
500916
921716
1206263
1037024
490960
1429934
348810
1600603
662555
1444922
1073354
836398
28200
1525264
156868
829892
473493
1153472
932093
190018
683743
830417
1295699
719667
331707
456859
1221270
1453240
264531
1505474
527479
799753
180097
750299
1166456
372685
174212
57006
858917
1056014
752077
1431826
1242848
603119
157385
77703
1509562
410705
89126
1579379
150704
1463162
1382365
613883
965633
761801
592922
461749
266191
1297085
626103
536914
1177358
456859
1076790
482178
721133
1205867
223892
921716
892417
1602725
512825
655383
867951
379181
77703
1098911
1037584
112344
1326831
47649
315505
1310360
536501
1621302
540478
1470672
201814
1607120
1320854
620383
476390
1533365
417111
452770
1609812
811114
86129
103143
1350509
1119130
-1
377922
1131136
703498
1065331
1054873
696358
693091
768038
477905
192166
494391
605323
867055
219957
1072784
409072
1211716
388905
1408897
132824
129193
1270784
398360
740077
65503
1600603
943356
1576701
1341144
809005
556003
1453240
887544
1054873
1396375
1007705
1396375
1463162
36827
183103
1177358
1336675
68418
782632
806142
1297085
1162518
711013
1014685
166666
938165
1515785
401194
315417
1368703
198545
1440595
750299
1320758
620383
1336675
991705
1408897
475964
372685
530872
948229
1265050
627227
1046338
1228117
28200
592922
1103956
377922
592922
100212
485191
379341
1073354
442772
709072
709072
991705
590993
434335
703876
1413409
219455
960909
894529
1046338
1437834
1509562
1192524
551897
738560
687854
560495
1590301
656707
536914
998090
1223094
1062658
721545
1374017
32801
331707
782068
1484516
16547
845676
1205867
612022
783402
1489159
1229504
199346
594977
120636
1008888
156940
1500235
1582062
616416
846147
882148
71088
1631701
746357
1430434
258488
16547
77703
897160
733387
1582062
1217659
620614
1047813
464987
582758
361906
501282
1430729
1200440
746357
1066722
85725
1629573
1273912
294931
357982
1523824
922377
836272
1543984
126568
1509110
785646
590378
806142
853569
815034
77703
145251
1214481
1048785
1543984
1341144
846147
150704
258201
1062309
1466530
20170
1196306
1205867
1543984
1228117
729439
170854
943784
464497
150704
627227
1622090
1299868
1489159
1493406
803451
709430
525262
-1
592922
77846
1242119
536914
1210485
470880
678748
676185
126568
1163331
823317
648570
482178
1575657
1558424
1457007
1048785
1462888
568509
1216357
447421
1615985
546245
1221270
943356
783682
1300676
1575657
647163
546245
1026163
1542577
19151
706595
841087
1382365
141008
629464
1166456
329582
276615
1447366
630381
740723
979558
447737
341932
494378
92772
481899
1285965
219957
28200
1054046
1475475
1072784
660904
1276934
983945
868576
1229504
-1
1108423
1463134
407568
523281
1471011
315417
1111522
276615
567862
592922
719667
512825
1403140
1249256
174212
293101
1046338
635228
35298
519677
646830
721545
520878
1600603
198791
1228117
527479
911279
617799
640825
331707
731023
867951
1430434
1032650
620383
96026
1379071
867951
383709
626103
690454
1407650
662555
503555
1623491
892417
1437834
510576
481899
875167
1437834
566562
582265
1427476
785646
1246043
1629573
16547
1484095
834973
192903
1463134
175602
1224964
303813
407568
1008888
1251167
703498
430415
690454
803451
434242
223393
596622
571381
1129779
299085
221157
676710
1487600
528774
1181778
511177
402315
683858
1631403
711470
1170033
1463134
1320303
316391
1558424
1310992
703151
29695
107743
877759
1221270
922377
1359875
583090
1218082
727012
624894
243422
439641
591451
193257
1530097
437856
648925
192038
271978
1081064
979558
611056
699870
877759
1177005
455456
877759
1049322
1563664
501043
1121895
127280
1277080
1125488
262635
520878
1039188
434335
838904
214995
276615
1431775
280219
1224964
809005
1534453
269187
1297085
-1
303160
1609812
1099815
624160
740723
1102018
100212
459015
806844
905757
985675
1037024
1517965
716244
-1
1073354
761801
1259664
719667
1250407
904231
1103326
607162
1064176
843890
915059
1576701
1431826
28200
806917
687145
41551
1628352
1440595
1409057
1618512
1248686
1628352
465635
20170
905972
1062658
1495631
739141
1305198
611056
1072672
481899
38609
1500235
1470672
192038
1395897
112402
915059
585093
530872
740723
1479133
1557499
1368703
715075
459015
560495
388905
439641
284565
791263
689906
78444
1623491
68125
1366886
455456
948229
434242
141008
1216357
963881
316391
36827
1073354
672064
1543657
1612987
288398
121766
1490760
550332
867055
1565680
87429
1339487
188656
74674
589304
1612183
103143
188618
331686
687145
715075
1633894
415739
42202
869328
1056014
867951
1342887
943784
693249
1626827
567862
1431775
819919
1453240
403546
626103
1125488
687854
1369874
1430729
290294
1307388
549511
365840
714837
497543
683743
258488
556003
612022
310514
964369
1166456
1323511
669053
1449249
687145
708934
927661
991428
89126
531037
901889
230583
1409271
533809
590993
1631800
365496
1160049
410705
836272
141839
909480
734259
627227
1615985
1523824
335228
264531
415739
1598296
1131136
388905
798899
1054873
1308744
1627329
417111
1427325
1231084
1431775
1162518
1429823
1163331
1339487
416676
294931
1403140
1475475
1320854
1249256
299085
303160
89126
1308744
1007705
764100
551897
1270784
1248686
1437834
831667
636141
603901
672481
708934
603119
295032
1310360
1259664
520088
904231
1531212
174212
1439777
1210485
784314
349986
535423
622427
58560
383709
721133
233375
1484095
1273422
991705
1612183
509800
1517445
1609348
57006
280219
972949
1295699
311841
1099815
683310
964369
516875
611056
640012
1032650
120636
269187
527535
-1
451908
1016711
546245
1632454
293101
1054873
1308744
747927
806917
1216357
1281058
1047813
809005
495363
1565680
1115757
430415
811114
752077
637645
85850
1543657
1119130
284565
1238809
1471011
1037854
948229
946439
1359059
556003
1206263
1231084
375627
1509562
1320303
506739
932093
1484516
901889
1320303
979558
922377
1049322
731977
89126
1250407
357982
775395
500916
87429
190018
1129779
388292
141008
1382365
693091
525262
1027494
226937
1007705
869328
1251167
1505488
703498
-1
188656
475964
1569225
1500634
227305
859055
315505
331686
16044
192166
110845
129193
1453591
1525264
180097
1072784
475964
77846
1401641
972949
1320854
1299649
972949
576969
367801
497543
1531212
1487600
1618422
877759
1505488
36827
290294
942993
1242119
683743
394024
1285632
1072467
590378
1430434
1200440
940531
782068
1513346
403546
1349081
1277101
470880
703876
170854
1456727
1444922
1395897
1461196
269187
787702
823463
504016
401855
550332
280219
1424995
1037854
583090
193257
473493
905757
1206263
566562
640825
984216
379181
1307388
1418502
1112979
103693
1523824
1168467
782632
1429934
993160
413234
226937
28200
556003
742987
6899
1395897
1185388
42090
697762
324998
921716
77846
509800
329582
1066467
1553117
678748
331707
905972
1534453
1265050
28200
245755
836272
1221270
1505488
258488
766677
1176063
1495631
530872
223892
477905
696358
1390220
265291
192903
725245
1049120
1418502
152775
1410348
620614
1564570
823463
1229504
1623211
1585716
746357
740109
479575
48315
698617
29695
1396375
1359875
41551
79876
836272
932093
725245
59284
635228
427799
505977
1445160
603119
226937
585278
289926
1083403
585278
706858
877759
1329514
1445160
1285965
1048319
1395897
1439414
823463
1466530
689906
588070
107743
477905
594977
1320758
838904
377922
34137
527479
683310
1114446
1108423
1281058
672064
188656
985675
852434
365840
1037854
377451
41551
590378
622427
494378
1011384
1629441
672481
293101
766677
183742
823832
875167
777216
1621302
1558442
434242
1513346
620383
490960
1185388
1048785
927661
733604
341932
377451
1018457
696358
180097
756634
251084
71088
107743
904231
1534448
452770
1484095
1484095
622427
727012
210785
1347059
245887
1495631
436417
1320303
1556110
1534453
1166456
943784
39767
1416307
375627
1609348
311497
25485
1456727
488439
1265050
1418502
706296
1458472
905757
237131
482411
1210485
1242119
892682
708048
455456
365840
1628352
809005
446926
576969
815034
663621
509800
789930
331707
1266756
32801
739961
290294
1283964
1266358
1484095
1054046
1615985
1195944
223393
494378
497543
357982
1281058
29695
961518
1612183
1347059
693249
512825
811114
57645
612022
1628352
575473
1479465
583090
459015
1105321
567862
1517965
1047813
727012
171862
1444680
65503
-1
20170
115437
905757
1604306
318494
535423
1429934
993160
329582
1206263
1146115
721545
1585467
630381
1119130
150704
752077
894149
85725
750299
1447366
358742
798899
25485
783369
838904
576969
1505488
567862
1176063
115437
1320758
1242119
799753
740109
894529
407568
892417
583090
1255863
315505
311497
1427476
1162518
1618422
1081064
516875
1152033
627227
523281
237131
860681
1266512
29695
991705
388905
1472249
909480
1576701
1125488
1166456
640012
1551939
77101
77846
1631403
707762
1350509
703876
1238809
464497
622427
1385210
1503437
1627645
174066
156868
196111
1612987
528774
1463134
706858
520878
427799
464497
849301
1256587
1463134
1096246
325117
829892
265291
729657
449123
1588733
1631800
482411
875167
1632454
1336675
710265
1200591
648925
693091
1216357
92772
1273422
1060196
768038
85850
904841
1357884
1192524
417111
783369
567862
782632
623585
1114446
1500634
687145
1339487
1551939
1307388
709430
84251
461749
1098911
1479465
310514
436417
940531
829892
123982
223892
1244250
938165
721133
284565
1453240
461749
161331
335798
892682
1320303
1543569
1439414
1210485
556003
974786
915059
1629573
506739
1463134
1054046
922377
527479
721545
219822
415739
463028
998090
1619448
881097
1403140
823463
1254521
1166456
127897
1374410
143847
533809
894149
192038
516875
1618512
196111
1493406
183103
1066722
756634
462019
806917
895393
237131
782068
19151
156940
1403140
1259664
1105321
1072467
367801
804132
416676
1395897
413125
1594471
711470
1458472
1224964
1463162
264531
660904
896116
1462888
1072784
1634220
1444922
1416307
733604
1333919
436417
905757
742987
703498
1418502
1444922
1103326
1168467
357982
1502324
1415988
1094348
823463
1609812
1429934
1266512
1242119
646830
1307388
456859
612022
683743
1632454
714837
869328
725245
481899
372685
706296
656707
461749
895393
1341144
311841
157635
915059
449123
963881
617799
961518
87429
1014685
721133
174212
1111522
698617
288398
939735
684625
881097
806844
1634220
1456727
503555
588070
1096246
905757
984216
784314
972949
701034
315505
174212
1582062
1523824
1162518
1214481
157635
1320758
823317
35298
1408897
1163331
672210
868576
1076517
459226
1461196
1557499
1585467
701034
851438
1037854
503555
440653
42202
96026
-1
1410348
1401641
280219
771609
1496291
1200591
1266756
258488
183103
921716
1407650
-1
877759
1560424
565545
1334100
892417
640156
25485
89126
1125488
523281
836398
999296
1123206
1459997
295032
636141
1305198
394024
357982
1628352
266191
-1
1210485
1533365
215342
463028
175602
1007705
1005346
316391
398360
1277080
1026163
196111
1572390
1631701
206712
1358088
145815
1461196
16044
1115757
1558491
1623491
783682
1457007
810767
1325508
843890
170128
881097
1176063
1500634
1500235
47649
141839
960909
811114
885618
157385
445036
699870
708048
1047813
41551
1371840
998090
1472249
1146115
1503437
1103326
622427
226937
894149
1534453
1563917
901889
668641
1543657
77101
960909
740723
905757
1102018
629464
1453591
165126
1396375
1479465
1471011
1462888
476390
201814
739961
1459997
968022
509800
1273422
733604
896116
64311
571381
805665
1558491
725245
1367594
156868
1483657
1277080
594977
1447366
112402
1076517
303813
798899
407568
536914
1129779
776869
727012
985675
1229504
668641
1202541
1153940
706595
396621
768038
379341
727012
1131136
693249
1564570
1048785
1500129
215342
16044
791263
991705
551897
1244250
746357
34137
1461196
1320758
905972
279729
183742
1313872
1598296
121766
1094348
1598296
1590301
1283964
1379458
841087
475964
375627
1037584
1062309
1041897
1011384
1062658
1612183
1026163
183103
1276934
560495
1458472
778739
567862
1200440
1489159
746357
187502
982620
187502
356240
1419408
1500235
36827
1463134
1563664
974786
942993
634933
183742
662555
584119
176074
1439777
783402
1517965
851438
914769
1111522
1326831
1094348
630381
110845
1385210
1137016
964770
1250407
1613664
264531
825531
1153940
1072784
1629441
1633894
474459
1039017
379341
1272783
1285632
858917
1283132
134849
725245
918760
756634
1503437
708048
1047813
921716
352694
1099815
494391
1310360
223393
461749
396621
1027494
1515785
693091
1333919
1514054
921716
464987
1076790
533809
-1
639832
349986
825531
622427
1379458
979558
1627645
678748
1249256
701034
245755
703876
582758
740109
1283964
982620
1242628
867055
1004667
1369874
985675
1409057
1336675
427799
1596897
1227215
1509110
25485
867055
616416
1341144
1181778
905940
622427
449123
1238809
482178
269187
945481
701034
806844
940531
1242848
1177358
905757
1224964
-1
1479133
510650
1056014
1097599
123982
536501
1242119
1229504
849301
946439
1531713
1483657
1250407
1621302
683310
683743
407568
178037
1472249
473493
1062309
656599
215342
280219
310514
1076790
1125488
636141
1623211
1259049
-1
1450773
71088
708048
180097
1259049
482411
943784
192903
501282
1564570
690454
783402
1011384
1005346
678748
1450773
825531
1014685
1007705
1517965
85850
349986
512825
761118
425589
877597
183103
1615985
1450468
1447366
77846
740077
1496291
1618422
112402
442772
636141
739961
311002
1509110
206712
1121895
1265050
706858
106631
1466530
1259049
1615232
897160
34137
221157
341932
766677
639832
917089
77703
806917
497543
657971
782632
1633894
1632454
436417
341932
1273422
1217659
277537
190018
1228117
154389
783682
1628352
1631701
1403140
867951
482178
1342887
782068
1366886
141008
1415988
991428
1218082
-1
1096246
413234
905757
768038
711013
968022
1374410
290311
295032
1342887
1308744
1115757
174212
1066722
358742
85850
634933
785646
1283793
646830
1450468
711013
87429
157385
433364
86129
1502324
187502
458623
215342
619793
192166
1015103
1320758
198791
238325
885200
176074
16044
672869
1500129
1027494
1471011
68125
1503437
1153940
1273422
895393
668641
1534453
1041897
1604306
409072
1495631
764100
376417
506739
1629441
1041897
931265
881097
1103956
1054046
434242
383709
210423
156940
96026
1379458
367401
1320758
829892
442772
979558
238325
867055
223393
590378
176074
877597
1102018
506739
1277101
1062309
703151
1288418
729439
38609
530872
1487600
588070
1543984
251084
215342
506739
623585
1072672
1004667
640156
571381
917089
905757
1054046
1374017
1342887
706595
520878
571381
425589
999296
1543984
810767
1066722
932093
838904
-1
192166
771609
617395
110845
768038
413234
1602725
782632
1565680
806844
1410348
860681
1326831
1407650
623585
895393
529582
251084
442772
464497
1074321
719638
1242848
853569
473493
19151
571381
1310992
1461196
1614752
1313872
100332
1629441
1585716
464987
1612183
38609
1513346
590378
1575657
1503437
798899
984216
1266756
299085
1423158
546245
1176063
1580505
576969
464987
904231
540478
943841
199346
1530097
141839
1615985
447421
613170
86413
693249
430415
1008888
331707
166666
588070
676710
756634
462019
476390
793173
141839
834515
352694
1631800
683743
806142
198545
565545
827385
279729
78444
1081064
1039188
192166
714837
447421
335228
196111
583090
733387
1129779
708934
175602
1097599
1131136
999296
783369
433923
358742
742987
1131136
42090
1277080
733604
640156
716244
1094348
892682
592895
311497
1419408
1484095
1385210
921716
1266512
1470672
783402
65503
481899
634933
1126296
156940
815034
1619448
335798
1374410
409072
703151
789930
311002
798899
479144
1572884
473493
1565680
693249
223393
1471011
413125
1379458
650061
1631701
1238809
207013
1359875
145251
530872
210785
803451
1265050
961518
693091
1166456
1266512
112402
1430434
77101
-1
372685
972949
111468
1453240
1366886
315417
529582
665502
654165
192038
501282
65503
127280
447737
823317
349986
1604306
811114
1585467
1334100
646830
338365
1631701
365840
782068
710265
708048
1429934
1265050
972949
1310992
230583
1349081
1103956
733604
605104
1027494
1273422
398360
1121895
381509
855043
678748
1449249
931265
943356
1621302
1206263
894529
733387
1218082
113259
787702
458623
134849
550332
34137
1431775
836272
127280
1564570
219455
689906
106631
1542577
1102018
527057
482411
605104
1572390
885200
447421
473493
64311
173784
230583
1277101
1463134
112402
684625
1202541
1014685
180030
1083403
680911
525262
96026
1065331
525262
885200
783402
662555
464497
1073354
805665
433364
57645
455456
1614752
1489159
729439
1016711
1131136
1359059
1076517
1039017
585093
917089
474459
192166
703151
506739
550332
1558491
127280
1081064
709072
223393
1027702
742987
1200591
-1
1634220
1152033
1318011
-1
634933
1451570
1590301
1202541
349986
-1
193257
596399
1359875
1444680
112402
485191
1502324
660904
1572884
352694
417111
78444
174212
1576701
1609348
806917
1431127
881097
527505
145696
1297085
1065331
1366886
1037854
640012
1623491
629464
567862
1450773
311841
242335
708934
1326831
974786
607162
470399
401194
723482
1424995
566562
1403140
708934
783682
1123206
881097
1408897
381509
230583
1580652
1612987
540576
462019
145251
442772
714837
445036
922377
95094
739961
245755
793173
361906
1256587
417111
1195944
349986
1471011
590378
1016711
1049120
1062658
1153472
1005346
1070698
1217659
512825
58560
1103956
811114
503555
1515785
280219
277537
32801
782068
1210485
721545
590378
1228117
1560424
1456727
708048
1500634
1123206
154389
1408897
1300676
465687
690454
918760
311841
1066467
1585716
787702
28200
127897
901889
836272
57645
655383
451908
991705
178037
223393
1060196
1217456
1413409
556003
766677
619793
1126296
271978
1320758
446926
279729
439641
799753
1048785
1005346
255806
1216357
143847
1453240
964369
409072
372685
1242848
1523824
325117
-1
858917
1517445
1329514
482178
1336675
1307388
1102018
740077
47649
523281
803451
519677
849301
1453240
1424995
157635
22873
1008888
1564570
1062309
-1
566562
605323
170854
512825
1525264
427799
115437
648925
627227
616416
764100
6899
1163331
396621
1353381
648925
293101
1429934
219455
585093
1162518
394024
1496291
245755
1517445
78444
462019
885200
1557499
1385210
331707
1008888
799753
1016711
575473
666475
752077
1534448
388905
750299
1244250
719638
107743
129193
1007705
1200591
1259664
446926
28200
705475
1431826
1210485
665502
375627
1439777
-1
1496291
463028
396621
1206263
783369
1580652
657971
771609
1224964
1242848
696358
29695
895393
207013
264531
141008
993160
1074321
440653
991705
1453591
1409057
1466530
1018457
245755
361102
968022
831667
1221270
721133
1563917
1503437
437856
1221270
401855
635228
917089
1037584
591451
1604306
245887
1367594
663621
1108423
1048319
945481
739961
1382959
1325508
721133
38609
1065331
113259
536501
536501
739141
115596
1211716
325335
1427325
706858
299085
188656
519677
1504895
816550
479144
711013
100212
58560
1266358
1598296
816550
520088
922377
1403140
1166456
59284
1479465
174212
381509
829892
433364
223892
731023
1403140
1472249
1285632
89126
1585467
1062658
433364
388292
219957
1357884
806917
501282
582265
1014685
1041897
881097
258201
1310360
338365
1054873
1479465
672869
78444
1472249
303160
1536434
584119
566562
1631701
588070
410705
433923
1102018
1509562
482178
459226
1299868
464987
678748
583090
783369
991705
798899
120636
331707
527057
723482
219822
771609
1160049
1353381
1249256
479575
729657
89126
19151
243422
727012
982620
1509562
1596897
1248686
697762
568509
123982
464497
341932
258488
465635
680911
750299
495363
583090
477905
32801
1576701
721133
39767
701034
1427325
1408897
210423
815034
860681
324998
680911
1064176
1056014
846147
495363
1177005
1072784
589304
1205867
1564570
943356
78444
1629573
1463134
1015103
590378
277537
1445160
698617
708934
859055
1396375
1364302
1525264
533809
120636
709072
1368703
112344
377922
960909
1350509
915689
357982
785646
1444680
376417
676710
693091
311497
499288
335798
834515
693091
1367594
845676
316391
24273
1367594
47649
425589
1047813
265291
174212
1265050
1470672
38609
546245
1462888
885618
738560
872210
1500129
529582
24273
394024
504016
1419408
1202541
481899
96026
536501
455456
141008
166666
1354943
1367594
1447366
85725
683310
1049322
1004687
622427
1556110
1049120
640012
1598296
846147
1349081
1471011
375627
861030
166666
1632454
223393
299085
1334100
856847
529582
367401
1445160
1277101
527057
742987
1285632
1249256
245755
1002838
39767
791263
356240
603119
42090
596622
603901
1504895
594977
592895
271978
1615985
193257
1185388
716244
1102018
494391
349986
709430
238325
738560
648570
410705
858917
639696
1582062
1533365
1401641
845676
1628352
530872
672481
1379458
869328
1479133
227305
327886
161331
960909
1259664
589304
626103
365496
1509562
1267498
1429823
1325508
481899
434242
1004667
1206263
1627645
499288
672481
361102
1466530
28200
1320303
705475
1277080
1456727
1276934
243422
1585716
223393
1509562
648925
1231084
338365
624894
783369
584119
316391
413125
226937
1272783
528774
112344
495363
1585716
64311
1472249
1409271
1484095
1056014
520878
1615232
215342
592895
1568956
219957
96026
100332
1427325
1470672
867951
1002838
830417
784314
705475
1503437
811114
299085
221157
640825
299085
582758
816501
590993
650061
783369
161331
115437
1065331
1206263
277537
149244
440653
1027702
574636
742987
477905
1496014
374539
740723
1418502
964369
1569225
1068666
1560424
1064176
141839
1115757
-1
942993
1266358
1276934
1242848
1126747
126568
617799
465687
1238809
1416307
1629573
401855
915689
546245
173784
-1
1076790
-1
984216
57006
92772
1004667
488439
1563917
199346
1439777
-1
905972
1427325
16547
1418502
1076410
288398
1341661
113259
6899
1097599
777216
1039017
860681
1176063
536501
271978
533809
503555
816550
939735
434242
392691
710265
145251
831667
640012
1039188
271978
348810
803451
470399
106631
1246043
705475
132824
126568
855043
1542577
1534453
1424995
665502
499288
154389
6899
34137
33396
853569
325335
1613664
650061
619793
198791
1633894
266191
1244250
1444922
511177
298130
338365
1431775
476390
111468
1048319
121766
1546242
1588733
1129779
1409057
494391
723482
1580652
672210
1447366
708048
1016711
398360
1259049
525262
768038
571381
1488753
777408
590378
709430
761118
676185
1276934
1530097
1039017
943784
388905
1596897
1632454
310514
277537
1126747
607162
687145
838904
1374017
401194
149244
714837
1087641
16044
831667
1217659
650061
1429934
708048
859055
1152442
214995
237131
161331
445036
783682
657971
68418
1517965
963881
827385
1334100
1588733
668641
1065331
1137016
1449249
120636
245887
84251
1256587
905757
684625
495363
877597
1439777
1242628
77703
341932
752077
1440595
269187
48315
199346
1470672
413125
476390
157385
815034
171862
396621
607162
761801
36827
1256587
746357
527057
1504895
1276934
804132
449123
856847
156868
1357884
1410348
258201
758909
1382959
86129
175602
1634220
1452208
161331
611056
708048
1514054
525262
310514
911279
1479133
437195
1542577
1027702
846147
648570
481899
1266358
1553117
922377
384943
1613664
374539
92772
693091
421028
703498
1403742
592895
672210
329582
290311
607162
1368703
141008
1409271
855043
1429823
574636
1382959
243422
141008
1342887
1493406
1604306
276615
303813
1609812
111468
1097599
605104
1318011
637645
1115757
1614752
1531713
-1
1229504
782068
894529
662555
288398
1242119
110845
733387
592922
1479465
603119
827385
1618422
1062309
265291
932093
500916
1483657
1558442
1254521
150704
145696
503555
648570
1622090
1176063
349986
1288418
575473
233375
1004667
520088
637645
1492673
510576
166666
747927
1505474
288398
1631701
525262
979558
1543984
447421
1336675
129193
-1
1238809
721133
915689
1249256
379181
1385210
161331
134849
648925
447737
1534453
1569225
1105321
1596897
1187044
156868
894529
1609812
590993
1259049
497543
964369
806142
894529
1268073
895393
1479465
627227
783682
388905
206712
381509
22873
329582
1569225
170854
1475475
361906
1004687
401855
1403742
693091
895393
32801
612022
1342887
1083035
436417
810767
436417
1102018
810767
875167
236867
1206263
183103
740077
85725
943356
1444922
860681
654165
1229504
739961
556003
1588733
413125
134849
617395
311002
1580505
1461196
1444922
-1
230583
1458472
367401
590993
1015103
237131
731977
243422
594977
413234
269187
965633
512825
591451
991705
1288418
1431127
1358088
1457007
1341661
1329514
1429823
823317
1463134
112402
455456
1531212
85725
1623211
945481
729657
357982
303160
1395897
635228
1509110
1618512
1629573
190168
885618
403546
176074
1008888
1543569
612022
1004667
656599
583090
810767
1123206
1623211
1048319
335798
964369
1572390
672064
1488753
1218082
475964
739141
1076410
107743
1216357
640825
1492673
296581
192038
1283964
640156
932093
815034
1214481
1452208
41551
341932
823317
859055
255806
303160
806917
111468
402315
963881
1500129
135009
867951
1543569
946439
127897
1447366
1572390
725245
1242848
192903
481899
1323511
719638
1379071
830417
1273912
1229504
635228
1410348
1114446
1320758
942993
1576701
1594471
356240
805665
639832
810767
1277080
596399
636141
605104
38609
1333372
803451
985675
915059
1437834
95094
374539
1431826
740723
823832
1333372
803451
1254521
758909
1623491
917089
1634220
1415988
909480
295032
417111
403546
1558442
549511
111468
233375
132824
1358088
836398
227305
173784
1420795
731023
1612987
991705
1427325
352694
911279
1221270
892682
1471011
999296
463028
1450468
1266512
1126747
311841
1445160
1479133
836398
617395
761801
665502
637645
943784
746357
447421
777216
1382365
632036
190018
173231
1430729
1627329
1161438
1016711
892417
1493406
280219
57645
1602725
1423158
71088
325335
1500129
1103956
376417
264531
590378
188656
22873
867951
255806
1450468
79876
806917
1479133
1229504
885618
223393
394024
1623491
983945
909480
1323511
440653
39767
1407650
783369
909480
706595
905757
458830
402315
605104
1530097
1623491
238325
115596
742987
536914
434242
402315
-1
867055
458623
1281058
1553117
904841
1226273
1099815
503555
1076955
1237244
1192524
1146115
1177005
206712
846147
785646
473493
1126747
1594471
1463162
154389
1607120
948229
465687
150704
1357884
1429934
1083403
42090
613883
740077
1395897
1076517
1049120
1359875
809005
255806
372685
1374017
262635
536501
145696
965633
1064176
647163
311841
982620
697762
6899
1466530
506739
226937
740723
1310992
630381
452770
100332
867055
1049120
475964
1395897
1500129
1488753
1341144
87429
1416307
1281058
672210
943841
135009
859055
1430434
462019
777216
960909
410705
1129779
1185388
176074
436417
995468
474459
708048
145696
1471011
1339487
180097
1185388
985675
1424995
1265050
1153940
1187044
590378
1364954
592922
-1
59284
381509
505977
648570
1382959
627227
1129779
785646
1114446
433364
894529
629464
456859
816550
-1
583090
612022
1096246
421028
789930
731977
1461196
1556110
315505
535423
1357884
1567767
1628352
71088
1125324
690454
132824
1065331
867055
1613664
656707
407191
324998
1326831
592895
546245
716244
1233600
290311
1431826
219957
280219
1614752
1514054
1103326
86129
1471011
1612987
1598296
964369
1498984
716244
1049120
1137016
683310
583090
1018457
145696
1444680
1415988
703151
1254521
374539
1604306
1415988
1160049
942993
490960
1054873
1115757
221157
1161438
1403140
413125
1076955
1475475
237131
843890
829892
1026163
1431775
1452208
623585
535423
442772
145815
1475475
660904
1430729
284565
690454
1534453
1083035
415739
511177
739961
1403742
143847
1259049
1223094
-1
846147
927661
1444680
1483657
479575
1629441
1490760
464497
215342
245887
946439
392691
1202541
589304
154389
706595
662555
942993
911279
1272783
654504
1628352
361906
1200440
672064
1629573
1214481
1496291
176074
1318011
1523824
1452208
1517445
1300676
742987
1265050
764100
527505
87429
887544
862844
1285965
877597
112344
1195944
895393
152775
1111522
331686
35298
1310360
376417
637645
1457007
183742
28200
804132
193257
501043
1320303
536914
78444
1572884
636141
1054873
214995
447421
284565
1359875
1374410
904231
803451
1631701
290294
112402
1221270
672869
999296
377922
1430434
445036
141839
626103
470399
647163
1268073
856847
778739
157385
1631701
827385
95094
640825
590993
145815
1582062
1295699
1223094
271978
479575
725245
536914
187502
384943
1137016
1081064
219957
785646
1431826
437856
1401641
1403742
1125324
1489159
1153940
1349081
868576
895393
295032
529582
1621302
663621
965633
120636
703151
74674
750299
1323511
123982
1358088
86413
1161438
434335
915059
761801
556003
1374410
1259664
214995
1542577
946439
1305198
1342887
1631701
1242848
1267498
503555
594977
16547
6899
315417
112344
915689
201814
103693
65845
271978
476390
170128
175602
1185388
141008
811114
29695
932093
325861
1420795
1483657
1228117
706858
756634
627227
703498
556003
20170
1557499
1255863
215342
1532089
624894
377922
325335
761801
1162518
145696
42090
1072672
459226
1431127
401194
1049120
634933
485191
1229504
1270784
1453591
1307388
1575657
1564570
1563664
384943
527535
1037024
583090
1612183
1056014
1615985
1431775
948229
881097
922377
149244
739961
42090
861030
1359059
551897
1634220
417111
1277080
1621302
174066
1237244
1484516
1313872
877759
672210
299085
392691
1569225
758909
1513346
452770
1126296
1202541
388292
335228
198791
115437
1390220
945481
654165
640156
894529
719638
1445417
1015103
904231
1039017
1065331
1418502
1543569
445036
1037584
89126
945481
379181
560495
1076955
620383
311497
678748
624160
311841
877759
747927
1216357
505977
1320758
-1
1580652
206712
1112979
394024
856847
482178
430415
1018457
107743
849301
509800
1607120
1266512
407191
383709
637645
556003
1567767
536501
1242628
576969
1039188
1520204
1366886
1623491
567862
589304
439641
377922
1408897
401194
697762
251084
697762
1596897
627227
1044763
68418
1359059
683858
1618422
145251
77101
178037
1403742
1505474
1463162
683310
648570
1353381
1176063
605104
1505474
1496014
1427476
1484095
1076790
1295699
1431775
1622090
338365
6899
374539
251084
1255863
1072672
135009
877597
703876
449123
1281058
575473
787702
1152033
39767
42202
1531212
733604
470880
932093
1385210
381509
849301
1557499
729439
909480
1285965
1517445
210423
1563917
1462888
528774
112402
20170
1390220
698617
1054046
173231
1515785
199346
196111
838904
276615
982620
979558
111468
455456
706296
1590301
1108423
219957
68125
1600603
465635
465635
1018457
1126296
24273
964369
48315
141839
1283793
594977
1471011
495363
536501
1300676
1546242
1627645
376417
568509
942993
1614752
784314
811114
1310360
972949
719638
1277080
311497
437195
1014685
110845
1060196
77101
74674
1364302
782632
1445160
706858
1546242
588070
647163
1070698
813982
68125
396621
1242628
107743
1560424
961518
310514
867055
1596897
1626827
1395897
931265
1575657
1081064
752077
1568956
789930
1495631
1046338
39767
729439
766677
42202
357982
576969
157385
834515
1357884
1221270
176772
942993
1614752
740109
1509110
985675
1305198
1572884
639832
1560424
219822
1543984
230583
446926
783682
1299868
1622090
620614
288215
506739
877759
825531
972949
341932
696358
607162
823317
1628352
1044763
574636
921716
219957
470880
505977
1320758
1285632
1479465
1585716
1371840
862844
520878
1450773
1258047
16547
288398
303813
59284
1492673
1374017
756634
1074321
166666
1563664
1341661
1099815
242335
416676
512825
358742
134849
690454
1248686
979558
872210
701034
1272783
437856
979558
219455
739141
402315
1600603
392691
1445417
226937
166666
823463
1266358
648570
1217456
379341
-1
1429934
207013
111468
1146115
527479
1409057
504016
445036
458830
388905
527057
834973
171862
198545
1002838
516875
264531
219455
698617
613170
1170033
540478
574636
611056
1342887
1615232
173231
1152033
1517965
943356
477905
1192524
1310360
519677
84251
1310992
525262
810767
170854
849301
719638
1007705
1471011
617395
1283132
74674
1385210
710265
145251
758909
-1
509800
170854
1492673
25485
1413409
584119
648570
505977
867951
729657
617395
68125
1364954
358742
1297085
550332
290294
520878
710265
1622090
845676
42090
325861
1457007
1153472
1217456
1044763
1049120
1070698
28200
859055
481899
711013
1073354
979558
375627
1374017
660904
1256587
750299
782632
701052
845676
1484516
1423158
1310360
777408
624894
1359059
1493406
192038
176074
589304
68125
1325508
1463134
465687
1273912
993160
165126
999296
501043
915689
1463162
1621302
892682
1103326
34137
672869
1270784
115437
180097
535423
798899
1004667
816501
437195
708934
875167
165126
255806
806917
1598296
141008
1543657
1531713
1431826
1300676
752077
647163
215342
806917
1054873
1227215
233375
1131136
324998
1176233
550332
221157
974786
501043
258488
1072467
1619448
126568
446926
823463
965633
388292
836398
568509
433364
365840
699870
917089
178037
1619448
733387
1590301
113259
1258047
338365
1634220
157635
904231
740109
1268073
1097599
783682
64311
637645
485191
1153472
219822
881097
1285965
1463134
731977
501043
716244
407568
1256587
1543569
384943
1525264
892417
640156
1525264
112402
495363
540478
533809
877759
226937
657971
999296
24696
1488753
1471011
1366886
939735
1525264
585278
192903
1242848
156940
1266358
746357
415739
455456
531037
917089
296581
215342
731023
783682
265291
1462888
943784
776869
825531
853569
29695
1083403
1615232
917089
761801
392691
1457007
39767
783682
639696
1123206
530872
1037024
1046338
657971
1112979
860681
1299868
693091
830417
1074321
964770
1379071
318494
979558
1618512
711470
660904
1410348
1185388
1044763
530872
68418
624160
210423
358742
904841
141839
86129
1580652
452770
761801
1563917
567862
810767
698617
193257
1354943
1254521
1439414
348810
946439
1195944
180030
1407650
1444922
568509
811114
1463162
176074
1320758
295032
1320758
42090
703151
917089
1056014
198791
135009
897160
1623491
1569225
92772
1177358
149244
341932
1285632
1048319
943841
449123
1582062
1534448
1367594
672210
1553117
1305198
434242
1137016
699870
1046338
740109
965633
1266358
1509110
1177358
1430729
1580505
1609812
446926
295032
199346
407568
1097599
325335
731977
1452208
1557499
535423
819919
706595
449123
352694
546245
1014685
678748
409072
1379458
1487600
449123
787702
86413
1580505
1628352
654504
1382365
1250407
110845
815034
747927
942993
-1
1310360
245887
440653
703876
551897
1366886
698617
761801
284565
325335
782068
157635
1318011
1334100
1385210
298130
1484095
791263
477905
58560
1431127
1557499
1206263
511177
596399
946439
512825
74674
1463162
1103326
425589
706296
640825
703876
48315
1103956
22873
860681
416676
211672
1254521
1462888
656599
1044763
1419408
340708
456859
221157
156868
442772
1192524
295032
943784
1242848
1153472
576969
1177358
1256587
1125324
174212
1126747
1218082
1300676
482411
590993
392691
1207934
1227215
-1
145251
461749
68418
1379458
1505474
596622
739141
311002
375627
447737
911279
477905
711013
1276934
113259
357982
708048
1153472
1277101
669053
1176063
-1
739141
1631800
383709
1505488
938165
357982
1341661
1453240
849301
1054046
25485
699870
1396375
6899
904231
640012
740723
175602
882148
1556110
823463
585093
1418502
409072
991428
242335
663621
727012
1489159
132824
32801
107743
584119
437856
1449249
945481
402315
367801
221157
1037584
361102
1451570
33396
616416
24696
86413
825531
1623491
170854
42090
310514
1367594
591451
1572390
943784
611056
590378
1459997
714837
961586
1470672
993160
223892
811114
1126296
1379458
1227215
853569
687145
1161438
1572390
729657
1385210
107743
374539
974786
591451
549511
696358
574636
1437834
434242
904841
1615232
639832
1076410
585278
622427
1076410
1509562
95094
1266358
1146115
1532089
776869
1161438
1214481
361102
173231
29695
1099815
905940
1200591
655383
1496014
1484516
1066467
1248686
766677
911279
592895
825531
1546242
1500634
758909
358742
1207934
963881
510576
1097599
1336675
892682
477905
280219
127897
738560
379181
74674
1146115
853569
157385
1504895
156868
676710
1602725
789930
74674
1614752
1105321
918760
1379071
1137016
440653
233375
1224964
995468
465687
68418
1525264
173784
1483657
71088
95094
461749
680911
630381
236867
1341144
550332
1430434
711470
315505
1463134
782632
-1
1509562
1015103
1217659
1206263
1600603
904841
706296
290294
877759
57645
173231
585278
938165
41551
785646
556003
592922
1572390
398360
1503437
1202541
1281058
1634220
500916
465687
1087641
271978
394024
861030
1217456
1531713
1576701
16547
187502
430415
243422
1622090
1196306
785646
703498
666475
1551939
161331
341932
303813
1444922
1445417
1158612
995468
437195
1590301
170854
1268073
1070698
243422
946439
230583
1158612
1427476
1431127
1490760
590993
1277080
-1
29695
789930
210423
1336675
199346
546245
192903
995468
1046338
1039017
1551939
210785
867055
1242119
1322396
1299649
1484516
709072
462019
1615232
1413409
335228
1429934
258488
516875
470399
1628352
1181778
1367594
914769
701034
803451
877759
1354943
1205867
620614
731023
739141
1310992
425589
756634
619793
583090
715075
510650
78444
647163
1111522
439641
331686
911279
1500634
1564570
1066467
462019
1431127
872210
377451
585278
34137
171862
482178
610739
782068
242335
708934
437856
183103
911279
506739
778739
877597
1177358
476390
1085892
838904
1218082
277537
1166456
365496
1495631
516875
77846
1615232
1048785
877597
1187044
1358088
666152
585278
171917
111468
258488
86129
440653
1546242
1242119
1242848
383709
523281
1105321
740723
1423158
1062658
1509562
1318011
727012
112402
325335
1076955
242335
325117
706858
590378
1366886
678748
829892
1085892
1515785
154389
141839
1205867
340708
173231
845676
918760
1564570
187502
1505474
647163
470880
6899
830417
560809
1242848
1060196
750299
497543
352694
565545
1218082
1483657
1633894
509800
1233600
1273422
1572390
315417
719667
825531
1160049
525262
-1
215342
430415
237131
834973
1350509
943841
536914
861030
349986
474459
1609348
470880
591451
215342
706858
939735
1288418
634933
620383
709430
727012
1214481
126568
402315
-1
458623
596399
1492673
1358088
860681
1248686
503555
897160
161331
784314
672064
721133
756634
1612987
1533365
827385
183103
379341
1629441
1531212
427799
1560424
885618
352694
1094348
823463
121766
1532089
655383
585093
198545
678748
1308744
1449249
535423
1609812
325861
1285965
1517965
269187
180030
35298
1572390
624894
782068
1395897
1551939
1152442
1308744
1268073
648570
459015
462019
154389
230583
1623491
1097599
1103956
775395
1181778
22873
768038
1336675
455456
881097
201814
696358
113259
1177005
463028
1325508
447421
42202
1543984
1218082
1258047
740077
28200
715075
693091
783682
1594471
816501
1062658
789930
1576701
574636
591451
1076410
427799
1339487
1342887
1049322
1266756
1056014
77703
1273422
603119
1146115
141008
540478
19151
376417
862844
410705
904841
592895
245887
801099
627227
917089
560495
1320303
533809
901889
315417
666152
1233600
111468
1431127
465635
1248686
296581
746357
488439
1102018
804132
945481
193257
506739
465635
1066722
458623
1542577
921716
778739
596622
676710
1333919
901889
588070
1449249
1062658
499288
29695
721133
145815
152775
221157
42202
701034
885618
100212
836398
868576
115437
245887
1121895
86129
433923
550332
1502324
867951
132824
57006
646830
932093
719638
683858
636141
868576
855043
456859
660904
481899
1600603
1475475
392691
672064
1495631
634933
279729
1631403
605323
525262
706595
1073354
71088
1407650
624160
1254521
816550
113259
892682
39767
592895
1062309
968022
1099815
1495631
676185
836272
501282
149244
536501
375627
22873
1166456
462019
1602725
560809
1047813
174212
1216357
377451
1205867
1350509
831667
1618512
855043
582758
1126747
953276
329582
1487600
860681
1214481
750299
1631701
894149
310514
437856
862844
683858
1615232
501282
384943
1160049
1297085
942993
477905
325335
501043
877597
1268073
1266512
1320303
1242848
729439
1615985
409072
1626827
1579379
294931
470399
575473
170854
1105321
622427
1062309
477905
6899
640825
1054046
576624
473493
284565
335798
1472249
525262
403546
875167
1622090
1299649
39767
635228
1062658
500916
1094348
1382959
1329514
461749
1272783
1249256
1014685
47649
1039017
709072
1018457
1613664
1200440
845676
856847
594977
1588733
1542577
1099815
463028
156940
1266358
315417
940531
1254521
1439414
709430
708048
1073354
915689
806917
110845
1403140
1049322
1600603
1048785
859055
843890
324998
943356
427799
740723
752077
768038
183103
494378
1026163
738560
721545
915689
436417
1273912
375627
721133
882148
782068
783369
1246043
338365
622427
693091
777408
1564570
1395897
1560424
416676
1341144
357982
1410348
1322396
1382365
41551
398360
596622
303813
-1
96026
520088
245887
1037854
134849
1238809
447421
531037
731977
171917
258488
485191
1242628
1580652
288215
556003
610739
1048319
1409057
1612987
993160
963881
1427325
35298
295032
464497
266191
165126
1609348
452770
1565680
214995
648925
630381
325335
1242119
1551939
1217456
640825
546245
296581
783369
830417
494378
293101
825531
1531212
396621
810767
943784
499288
859055
152775
223892
265291
77846
112344
318494
22873
771609
734259
904231
733604
92772
510650
510576
738560
1585716
1546242
1318011
979558
377922
624894
657971
1415988
430415
1500235
819919
258488
311002
1374017
1310360
529582
236867
1542577
1308744
464987
605323
1453591
706296
740723
672210
199346
265291
157385
698617
1557499
413125
1048319
100212
1450773
376417
719813
1623211
1259049
1273912
703876
1484516
1276934
230583
503555
16547
156940
296581
533809
829892
617799
942993
1265050
1534453
1634220
811114
731023
885200
723482
1265050
401855
1509562
1523824
1558424
1242848
1074321
885200
106631
1609812
1427476
64311
1379458
173231
183103
858917
1558491
510576
620383
190018
188618
1228117
1558424
806844
607162
708048
86129
298130
785646
689906
86413
856847
1452208
1005346
640012
1099815
740077
862844
1580652
1450468
227305
684625
1503437
617395
227305
716244
1070698
1265050
1493406
290294
806844
665502
210423
588070
1472249
1632454
1283793
1408897
1060196
1627329
1403140
1424995
1158612
421028
1496291
1224964
219957
1254521
1490760
92772
1065331
742987
331686
198545
729657
719667
1168467
35298
1502324
1420795
1041897
1126747
1266358
1444680
331686
1266756
1217456
806917
24273
1231084
882148
1081064
915689
459015
823463
1200591
377922
1037024
427799
654504
219822
79876
1297085
459015
1439777
511177
221157
816550
690454
1085892
1160049
714837
409072
74674
64311
42090
613883
262635
791263
815034
279729
867951
806917
-1
610739
998090
223892
219957
530872
132824
1015103
245755
170854
1074321
1415988
511177
1423158
960909
463028
1185388
1450468
1444922
1258047
869328
520088
1227215
1048319
536501
1349081
1062658
825531
1068666
594977
1403742
495363
1305198
1185388
758909
1242848
825531
520878
434335
1536434
1607120
1427476
739141
237131
215342
750299
576624
1066722
584119
1615985
520878
22873
92772
672869
591451
1409271
1427325
560809
520878
560809
1105321
995468
805665
911279
384943
1500235
806917
403546
485191
1543984
293101
566562
761801
1621302
1484516
485191
459226
1357884
1115757
783402
806142
719638
1227215
1255863
100212
315417
1579379
1427325
646830
1626827
1168467
255806
1558442
1210485
904841
311841
1492673
731023
1004667
154389
57006
403546
74674
470399
725245
1354943
1500235
-1
1096246
22873
1576701
479575
1382959
639696
22873
783369
1588733
1259049
965633
1505488
206712
33396
1015103
1064176
1276934
1098911
851438
479144
811114
1313872
690454
1596897
447421
626103
943356
1047813
699870
64311
905757
782632
943356
922377
413125
-1
505977
782068
1064176
942993
1588733
485191
706858
1322396
293101
-1
646830
1484516
329582
1039017
403546
-1
1161438
477905
831667
775395
1229504
1568956
1299868
536914
739961
776869
85725
433364
1046338
230583
927260
106631
687145
293101
1237244
1333372
648570
458623
1604306
1333919
1379458
1629441
1256587
811114
210785
1358088
1543657
719667
665502
1228117
877597
1076410
407191
701052
1131136
1498984
666475
1228117
527057
1623491
531037
789930
1564570
451908
915059
434242
230583
311497
698617
388905
152775
348810
1403742
1076410
1419408
1379458
327886
1277101
1429823
853569
733604
1582062
1267498
499288
1437834
1350509
708934
591451
585093
501043
68418
219822
565545
624894
479575
768038
551897
134849
1181778
816550
852434
-1
915059
68125
154389
1407650
894529
943356
627227
410705
325117
58560
223393
316391
494391
1396375
1615985
1369874
566562
269187
465635
190168
497543
379181
440653
1087641
1588733
1152033
1146115
437856
1242119
1431826
806844
550332
657971
-1
1358088
1424995
473493
1423158
706858
413234
963881
96026
825531
1266756
1216357
-1
135009
1557499
1277080
968022
590993
701052
1299868
57006
199346
715075
85850
447421
867951
1270784
693091
1300676
303813
501282
1137016
729657
494378
510650
703876
84251
719813
113259
1099815
849301
536914
398360
1403140
1064176
567862
183103
1277080
540478
1185388
1320854
1490760
258201
458623
816501
1047813
221157
752077
740077
126568
223892
1102018
1623491
799753
1416307
921716
892682
1325508
708048
1585467
64311
427799
1612987
180097
230583
303813
531037
86129
683858
165126
65845
527057
885200
92772
1479465
1431127
1503437
709072
1196306
64311
1087641
223393
568509
1579379
1471011
829892
112402
528774
1258047
528774
1490760
733604
915059
430415
1094348
107743
488439
1047813
1450773
1623211
894149
482178
1026163
687854
1018457
831667
298130
881097
549511
488439
92772
583090
47649
549511
1064176
42090
622427
1463134
223393
1270784
1200440
804132
590378
634933
85850
972949
706296
512825
813982
823317
1408897
1563917
567862
89126
613883
624894
174066
361102
349986
1489159
1267498
610739
740723
841087
1217659
1600603
398360
1585716
1530097
1326831
991705
733387
520088
1514054
325335
47649
838904
173231
156868
1131136
699870
1049322
1233600
1594471
585093
982620
1379071
1098911
939735
943356
107743
-1
1489159
112344
206712
188656
799753
1152442
806917
527479
829892
183103
761118
427799
1585467
613170
1007705
527505
1444922
29695
1102018
1325508
1609812
86413
640825
836272
135009
551897
855043
379341
1598296
894529
1484516
719667
316391
1218082
707762
1456727
860681
442772
1300676
1015103
881097
145696
447737
1517445
1580505
905757
585093
894529
461749
1041897
340708
1205867
121766
349986
1629441
1066467
1099815
482411
331686
1580505
1125324
1515785
1048785
1161438
1237244
783402
1170033
1523824
437856
1530097
852434
806917
894529
1582062
461749
777216
1409271
1277101
47649
710265
806844
1509110
766677
407191
152775
1087641
376417
590378
640012
190018
536501
719638
974786
982620
187502
415739
1431826
699870
1409057
477905
401855
1062658
516875
361102
1594471
801099
74674
1364302
816550
100212
16044
855043
35298
550332
311497
1447366
58560
367401
465687
199346
533809
35298
1341661
1631403
851438
654504
1487600
1121895
1493406
782632
1323511
277537
764100
1062309
731977
356240
529582
690454
1272783
447737
1451570
1551939
221157
739961
946439
834515
510576
1214481
1049120
437195
666152
1364302
1556110
905757
1258047
698617
1430434
1408897
747927
1244250
733387
85725
121766
733387
479144
1070698
613170
34137
84251
1408897
715075
42202
1320758
639832
430415
836398
1410348
1004687
758909
413125
536501
1270784
1111522
711470
861030
87429
739141
1475475
636141
416676
1413409
1125324
761801
776869
110845
103693
479144
296581
921716
1039188
1307388
1131136
1342887
771609
1498984
85850
1325508
488439
103693
303160
831667
703498
1277080
89126
1463162
1632454
311841
276615
103143
1227215
693091
711013
86129
583090
501043
1062309
401194
1568956
931265
111468
715075
964770
1379071
1168467
707762
777216
381509
1347059
127897
1600603
789930
982620
71088
127280
1424995
885618
1068666
851438
1567767
145251
1237244
1395897
897160
1097599
529582
103693
961518
48315
1607120
546245
1285632
983945
627227
590993
-1
739141
530872
190018
161331
1297085
1509562
112402
1410348
887544
640012
1557499
963881
473493
527535
961518
1409057
1532089
603901
766677
485191
1048319
1487600
1357884
29695
1408897
214995
1490760
895393
388905
687854
711013
1207934
1409271
143847
505977
725245
714837
629464
727012
183742
1484516
1622090
394024
1558491
1445417
394024
482178
783369
1333372
329582
1444680
1458472
942993
1368703
590378
1453591
193257
1631800
1466530
434335
115596
113259
915059
846147
394024
1083035
434242
696358
622427
843890
603119
1598296
1450468
1060196
706858
1176233
1484516
885618
1014685
1258047
245755
71088
739141
112402
752077
1310360
1439777
479575
953276
176772
71088
1461196
622427
157635
945481
1598296
705475
230583
834515
245755
1590301
1105321
636141
1618512
1272783
909480
666475
576969
1463162
1002838
630381
752077
540576
640012
1357884
482178
298130
756634
64311
676710
1492673
219455
905972
1066722
896116
731023
1505474
1320758
1070698
921716
1074321
1619448
1152442
92772
1166456
901889
527057
1233600
1341144
1251167
758909
1604306
1049322
1572884
716244
84251
1272783
265291
223393
964770
529582
1490760
1530097
1594471
1018457
867951
1072672
823317
111468
612022
1492673
1502324
918760
1623491
427799
1266358
1504895
1371840
657971
42090
1320303
1318011
1525264
1514054
180030
145815
421028
1177005
485191
742987
799753
1531713
1131136
1320854
1453591
1479465
178037
-1
1016711
785646
1258047
262635
1534453
1495631
1359875
1631403
1390220
1300676
413125
77703
1076955
943356
288398
310514
1354943
459015
1523824
791263
1126747
1238809
1631800
394024
723482
1456727
666475
264531
1530097
1325508
188618
1504895
1295699
729439
84251
943841
1185388
266191
1250407
1588733
846147
647163
33396
620383
1102018
918760
86413
611056
1515785
1447366
761801
834515
703876
401855
1596897
782632
-1
455456
1283793
1484095
1613664
193257
953276
662555
943841
447421
1500129
1266358
335228
731977
592895
340708
1609812
1580652
1495631
77703
1250407
1409057
806917
756634
135009
1176063
1242628
1285965
549511
407191
1196306
739141
527535
1072467
495363
28200
650061
361102
279729
1551939
733604
1576701
183742
846147
288398
103693
266191
1027494
315417
327886
527479
1374410
707762
764100
1484095
401194
464987
103143
325117
1250407
707762
1419408
1308744
141008
95094
813982
470880
1359059
640012
654504
834515
1307388
227305
592922
1489159
501282
156868
150704
1270784
481899
665502
1427476
214995
77846
152775
1083403
1170033
1205867
861030
1572884
764100
1579379
556003
943356
112402
134849
711013
180097
549511
245755
1048785
445036
1546242
666152
207013
59284
603119
915059
733387
747927
1410348
478000
1456727
1357884
782632
1267498
1604306
793173
214995
1602725
560495
1111522
1308744
1463134
103693
1326831
531037
1125324
134849
1027702
1466530
943841
1333919
499288
36827
413125
121766
318494
276615
869328
979558
1567767
894529
1170033
697762
1604306
1502324
535423
1487600
206712
1152033
693249
504016
1613664
482411
192038
725245
447421
103143
887544
1112979
1413409
806142
1385210
740723
456859
701052
1353381
1333372
620383
943841
1614752
1254521
789930
918760
1483657
657971
1542577
376417
341932
434242
768038
1568956
210785
766677
1629441
92772
1534448
584119
1409271
1070698
206712
1534453
707762
183103
809005
1103956
325117
761801
1525264
135009
120636
1228117
221157
437856
120636
1283964
501282
409072
35298
1553117
57645
258488
540478
77703
1295699
778739
210423
1268073
497543
290311
708934
740723
823832
1487600
141839
1152033
127897
1307388
983945
758909
815034
299085
311497
654504
206712
509800
846147
1568956
1379071
605104
1103956
881097
1064176
289926
855043
1505488
1590301
550332
1427476
525262
1254521
1407650
1368703
858917
201814
258488
1374410
1618422
1310360
381509
462019
77101
1353381
1410348
470399
676710
1153940
264531
1228117
-1
968022
1379458
310514
1224964
180097
622427
478000
715075
596622
1613664
1543984
199346
501043
1176063
166666
620614
1451570
1072467
1049120
639696
1224964
1596897
264531
1403140
1403742
183742
1568956
1472249
1014685
540576
39767
1453240
520878
1350509
1160049
1176233
605104
1158612
335798
178037
1445160
193257
188656
995468
710265
288398
1371840
1200440
303813
932093
1318011
1439414
478000
311002
905940
331686
1087641
1498984
838904
1621302
1615232
922377
32801
982620
823832
24696
549511
831667
1202541
372685
897160
705475
100212
311002
750299
1445160
316391
656707
905972
1255863
963881
41551
551897
892417
479575
65845
42090
1299868
413234
965633
1374410
607162
1339487
173784
1515785
1613664
1027494
1158612
29695
940531
690454
791263
1551939
57006
689906
672481
331686
647163
510650
1450468
463028
1427476
793173
495363
1056014
494391
1185388
1266756
961518
85850
24696
1430434
1123206
1339487
1015103
711470
280219
479144
623585
482411
851438
783369
129193
1493406
1382959
1224964
207013
697762
654165
1037584
885618
372685
766677
1437834
1037854
1152033
1259049
1336675
1427325
764100
640012
68418
58560
506739
1103326
476390
731023
648925
733387
1039188
1439414
1626827
529582
689906
756634
455456
-1
1336675
617799
1200591
716244
619793
510650
656707
95094
672481
1007705
100332
1500129
904841
605323
245887
881097
696358
1424995
1416307
1310992
904841
171917
383709
836398
505977
843890
1629573
1137016
506739
188656
853569
859055
145251
1424995
1484095
663621
1495631
379181
1242628
198791
1534448
1259664
813982
64311
831667
1631701
394024
520878
689906
464987
536914
439641
1200591
1094348
152775
1452208
173784
964369
296581
127280
1470672
501282
407191
357982
68418
1283964
48315
752077
1249256
525262
1420795
1461196
65845
948229
703498
111468
852434
1619448
1609348
852434
1560424
230583
357982
758909
214995
1580652
1495631
506739
1440595
582758
1083035
915689
1631701
1200440
915689
1359875
141839
803451
943841
1445417
310514
706858
801099
731023
65845
885200
1018457
729657
87429
801099
591451
87429
1504895
171917
894529
1531212
96026
943841
1484095
1231084
1415988
1580505
398360
942993
582758
731023
1267498
1431826
823317
1076955
1310992
620614
77846
295032
127897
711013
1357884
1266756
1418502
415739
1238809
665502
1166456
1176233
961518
918760
991705
672869
113259
683743
776869
430415
1177358
1533365
1249256
149244
697762
1619448
335798
520878
1238809
1500235
1479465
223892
1580652
1631403
198545
605323
711013
20170
758909
77703
806917
852434
585093
721545
1629441
942993
610739
221157
1026163
982620
1509562
979558
1300676
95094
789930
1439777
1612987
804132
853569
1072467
791263
113259
1102018
488439
479575
245755
152775
1447366
1048785
271978
473493
605323
613170
1558491
575473
1495631
447737
402315
719813
295032
843890
1420795
402315
921716
1415988
193257
963881
1627329
715075
1572390
596622
887544
1509110
853569
1604306
25485
34137
1008888
810767
434242
1049120
1409271
1385210
100332
1619448
964369
311002
365496
1027494
219822
777408
1472249
1126296
964770
729439
269187
77703
782068
1471011
811114
1496014
120636
279729
711013
410705
298130
1072467
1318011
85850
1255863
1267498
465687
666475
639832
991705
1210485
945481
911279
782068
433923
869328
1385210
219455
1479133
39767
464497
1281058
452770
456859
1379071
1227215
361906
22873
1152442
1558491
499288
110845
451908
666475
398360
725245
1623491
905757
1503437
1177358
1505488
296581
384943
135009
1472249
525262
1615232
918760
1496291
1087641
1444680
436417
315505
1612183
993160
882148
867055
367801
1408897
1285632
1440595
421028
1072467
293101
16044
1231084
516875
875167
613170
1342887
568509
810767
341932
613883
734259
1341661
29695
33396
698617
402315
127280
1333372
1341661
462019
1114446
1099815
425589
383709
1223094
527535
87429
1047813
145251
1557499
816501
1015103
1502324
551897
494378
1557499
1099815
288215
445036
245755
1177005
500916
1367594
226937
-1
648925
171917
173231
855043
1242628
520878
464497
284565
617799
1008888
689906
991705
1176233
1137016
1627645
1543657
465635
719638
636141
585093
271978
1453591
-1
1403140
1613664
1123206
1565680
627227
734259
672064
1097599
495363
560809
540576
1444680
1041897
290311
1103956
465635
396621
663621
500916
1258047
24273
1027702
315505
1073354
271978
1543984
392691
22873
19151
331686
245887
647163
1419408
303813
620614
299085
1041897
1517445
619793
-1
1553117
761118
192038
503555
1424995
258488
868576
1256587
223393
605104
855043
904841
983945
540576
697762
1266756
1463162
725245
1217456
473493
35298
568509
1347059
1226273
174212
721545
77101
739961
379341
1026163
1470672
1200591
1453591
607162
86413
361102
1403140
683310
1556110
666475
388905
791263
103693
126568
71088
1168467
1450468
243422
905972
1557499
392691
825531
816501
335228
115596
727012
1207934
288215
1152442
834515
494378
367801
856847
324998
528774
478000
1039188
719638
1385210
1505474
915689
24273
38609
709072
1609812
1493406
413234
1430434
135009
991428
79876
1374017
1623211
905757
509800
243422
654165
519677
1277080
703151
1217456
1423158
1087641
901889
932093
565545
358742
756634
1205867
846147
775395
648925
567862
149244
678748
74674
459226
434242
639696
1018457
1532089
494378
1450468
325335
825531
721545
687145
1325508
192903
488439
388292
1250407
293101
1556110
318494
574636
766677
1073354
687145
905757
591451
1445160
1300676
1615232
656707
1299649
1111522
479144
611056
20170
851438
1087641
782632
1072784
233375
135009
1108423
733387
367401
1121895
1416307
983945
500916
540576
939735
1007705
477905
1054873
1557499
575473
1439777
1066722
961518
413234
112402
1192524
152775
1427476
1447366
1111522
506739
877759
1056014
41551
1420795
630381
1217659
1634220
1379458
503555
1054873
858917
739961
1440595
1395897
1283964
1008888
984216
251084
173784
227305
85850
1558424
656599
233375
858917
1401641
1627329
325861
1409271
1068666
877759
571381
415739
-1
1224964
613883
1619448
985675
856847
714837
1470672
1449249
1449249
1631701
87429
1439414
403546
32801
173784
706296
413234
38609
909480
266191
672869
1408897
85725
1543569
701034
834973
1125324
885200
1374017
206712
316391
1609348
1258047
1444680
1216357
523281
680911
1065331
24273
1048319
376417
85725
740109
121766
315417
1374017
1368703
1401641
490960
488439
1444922
1479465
1367594
494391
488439
1493406
787702
1015103
1534448
915059
964770
1354943
791263
95094
816501
527505
451908
245887
708934
1612987
331707
1496014
1307388
1249256
1401641
1424995
20170
1475475
1065331
1196306
862844
77101
733387
1523824
583090
968022
1496291
245887
384943
1103956
995468
1475475
740077
474459
672210
739141
303160
596622
1409057
154389
349986
1517965
1217456
176074
1007705
915689
1265050
1242119
1207934
693091
523281
710265
47649
1027702
703151
1452208
315417
1285965
243422
703876
236867
877759
1580505
1634220
683858
1233600
843890
48315
1229504
1098911
1281058
1382365
1472249
1533365
984216
1248686
85850
948229
711013
481899
656707
746357
747927
823832
290294
858917
236867
841087
1525264
1096246
143847
1285965
154389
603119
156868
740077
1099815
1565680
721545
201814
892417
303813
585278
948229
1131136
1563664
1580505
1339487
1168467
316391
646830
729439
1479133
1277101
574636
1072784
-1
1358088
566562
1041897
311002
36827
805665
815034
1285632
806844
1543657
187502
1409271
1514054
909480
135009
943356
1462888
1027702
1267498
223892
727012
809005
68125
1619448
1103326
1054046
447421
813982
640825
1563664
1463134
999296
176772
1615232
585093
666475
605104
1546242
266191
1379071
845676
170128
945481
324998
761118
490960
849301
610739
520088
787702
540576
357982
1403742
-1
738560
132824
583090
1242848
648925
953276
1211716
120636
388905
1283793
112402
42202
176772
527505
1044763
636141
836272
299085
1472249
183103
607162
819919
227305
266191
1530097
84251
1342887
1483657
402315
1451570
495363
1205867
823317
1492673
1385210
1509110
708934
1027494
16044
1111522
1250407
298130
1594471
103143
193257
1341661
87429
968022
549511
918760
1615985
1479465
892682
198545
34137
325335
1430434
25485
1619448
1371840
885618
1054046
1466530
190018
295032
206712
324998
372685
1076410
1177005
1418502
804132
1046338
1076410
19151
776869
1350509
960909
145696
1185388
778739
1242848
756634
777216
115596
991705
461749
1546242
338365
311002
367801
1382365
1266358
1612987
747927
706296
709072
793173
565545
223393
1371840
827385
540478
335228
294931
536501
1542577
892682
446926
699870
115596
1628352
290294
1582062
1196306
1221270
699870
632036
1366886
474459
1509110
974786
1076410
325861
430415
170128
1470672
396621
639832
100212
290294
1534448
92772
1258047
1195944
1424995
663621
647163
519677
506739
746357
461749
-1
1299649
1196306
145251
465687
1227215
112402
1163331
456859
500916
242335
1609812
1305198
640012
549511
829892
1553117
1531713
1266512
296581
92772
447421
585093
1103326
1472249
1096246
401855
145251
1056014
1585467
669053
171917
841087
683858
892682
1359875
1451570
979558
1283793
192903
442772
1470672
656599
922377
657971
1458472
1318011
995468
1567767
107743
503555
434335
1556110
1532089
-1
1461196
396621
1350509
740077
1533365
632036
-1
505977
1409271
1359059
294931
1609348
693091
520878
1217456
488439
280219
806142
831667
65845
637645
723482
701052
157385
1475475
583090
156940
1558491
74674
640825
740723
1431826
1229504
801099
985675
447421
678748
1503437
965633
1076410
166666
1531713
1158612
1258047
1076517
852434
590993
16547
1326831
1530097
495363
1218082
1563664
1364302
819919
1457007
1076790
960909
672064
188618
715075
34137
756634
192038
265291
1037854
288398
1558491
230583
193257
100332
1277101
1004687
823832
528774
1072467
1218082
1196306
620383
852434
166666
479144
65503
942993
1359875
-1
327886
36827
1256587
1192524
1288418
1322396
750299
528774
1628352
36827
984216
620614
1458472
819919
437856
485191
1419408
242335
1439414
1341144
1349081
92772
827385
1487600
974786
1065331
605104
367401
784314
236867
965633
1044763
1224964
1320854
425589
372685
632036
965633
1256587
1126296
654165
776869
922377
356240
946439
1517445
1076517
198545
683858
470399
612022
1580652
1227215
834973
696358
1226273
640012
612022
288215
637645
640012
180097
1409271
1525264
1374017
1273422
1569225
896116
1567767
85850
550332
1558491
456859
340708
1166456
1359875
338365
465687
816550
1456727
311002
100332
592922
1596897
1158612
841087
1623491
1242119
617395
1358088
476390
445036
1297085
16547
298130
505977
192903
219822
1450773
126568
335228
1423158
377922
1242119
1037854
678748
1060196
409072
1065331
596399
806142
154389
1558442
742987
622427
1048319
905940
1166456
927661
623585
365840
180097
1558424
823463
662555
1558491
