5000 3
2 11 4552
2 2485 1399
2 3747 2906
3 3702 2655 2871
1 3902
2 3893 4591
1 3574
1 123
2 3269 1354
1 1201
2 662 831
7 3302 2808 4537 0 3789 2902 2028
5 3598 2273 4345 4790 2111
2 2604 3829
2 3358 2711
5 2831 3507 2723 3472 929
3 4417 1555 4746
2 640 4809
2 1518 4570
1 4562
4 3081 1145 3030 4813
3 381 3634 4444
4 772 4389 3665 1964
2 1686 4187
1 3129
2 4583 1021
4 4226 3005 50 2447
3 4850 3189 109
1 1492
4 3801 1126 416 3647
1 951
2 3719 3370
3 1129 2652 1793
2 4420 289
2 2425 4772
2 3070 2047
3 1082 4345 1840
1 1639
3 4248 4754 304
2 1642 2036
2 682 1498
3 2751 4041 974
1 2826
1 1519
1 2207
1 3133
3 4764 2751 2425
1 930
2 1478 4337
2 2169 4855
1 26
2 4893 2305
2 3732 3003
2 2606 4734
2 1499 1137
2 3278 1416
1 4179
2 1801 3247
5 2031 442 3231 952 3761
1 758
2 4007 2773
6 3598 3730 3851 974 1886 2333
2 426 4365
2 1486 202
4 1433 4609 4076 3877
3 142 3470 2672
1 210
3 3727 1730 4379
2 1544 1358
5 2009 1528 797 3667 4796
1 2858
2 219 1450
2 1179 963
2 3694 621
2 1188 180
1 3501
1 3600
1 2827
3 1952 3240 2161
2 288 3530
1 664
7 1125 621 1257 4357 4649 4910 3060
2 2463 436
3 2874 2116 4805
2 1045 2237
2 2969 4136
4 387 4818 3481 4108
1 258
2 289 2131
2 2294 594
3 3236 3500 3839
3 4219 4440 3320
2 1029 1400
1 2517
5 1022 206 1849 4026 478
1 3996
2 2762 2096
2 4762 561
4 3139 3929 4012 3144
1 3965
2 820 1355
2 125 1642
5 1156 2900 620 3343 1712
2 1678 336
4 3854 2743 627 494
3 397 231 4042
1 3082
2 4934 816
3 2505 652 3608
4 27 2515 2143 1615
1 304
2 3182 4257
1 864
6 1868 162 1531 1679 4181 1961
2 596 597
1 924
5 1988 228 3571 1187 2915
2 836 3486
2 2227 2933
1 911
2 4880 1093
3 3314 2978 3910
3 595 4505 1499
6 2235 363 4592 3315 1383 7
1 988
3 3583 818 101
1 3675
2 3382 3056
2 2848 1433
2 1951 3345
2 657 2753
2 2072 2033
1 4603
3 3038 490 2733
2 3651 2489
3 2213 1873 3280
2 1444 4502
1 2585
6 2539 1263 2886 2257 1322 2715
2 376 3936
1 3686
2 1000 3303
4 3141 65 1789 2343
2 433 1504
2 957 739
2 794 4903
3 924 1186 831
1 502
3 3515 3742 3521
1 848
2 3750 2155
1 161
4 4639 3686 2912 4865
2 3681 4627
2 1034 2146
2 797 1339
1 2734
3 1184 845 535
3 3887 2838 274
1 1382
3 4087 2544 212
4 3301 2705 2959 151
3 2328 113 1026
2 2421 2830
3 479 2075 496
4 3179 4623 4985 2189
3 4256 4542 4731
1 3923
2 2921 1178
3 318 3003 4360
4 3088 472 4341 1043
3 330 3970 2755
1 1295
3 2269 504 572
3 2138 4117 2521
3 350 518 4085
1 2591
2 1903 311
4 4079 1633 1064 2398
5 466 2811 2872 2527 1859
3 919 4158 74
2 1842 3798
1 2326
4 4371 3672 4141 2978
5 1280 1223 4540 2588 1544
1 432
2 4787 1175
1 1002
2 1215 3364
5 3984 291 1932 4292 4531
1 809
1 3932
4 2965 2012 3916 3206
3 3168 3625 2192
2 2220 3956
1 770
2 4374 3224
2 2296 1389
2 3616 2037
1 2497
1 236
1 4934
3 4037 2636 63
2 3800 1710
1 2322
2 4777 2719
3 94 1481 1686
4 3468 3831 4424 3721
4 4277 2560 4478 2594
2 507 3583
4 4664 3948 1428 66
2 2334 2223
2 700 160
2 2477 2126
5 596 4776 2006 1008 4803
4 1365 4794 351 390
1 848
4 3220 1958 805 3473
2 4758 4659
3 2145 3356 71
2 256 765
5 1183 4930 3232 2291 1914
2 3914 4844
3 4277 4100 1717
2 3038 3684
2 4079 619
1 4500
5 4639 401 2445 2553 4670
3 3878 4304 116
2 4118 935
3 1279 3303 4272
3 1786 4909 105
5 1979 2730 2105 1269 1452
3 264 2246 2564
4 1114 3316 3775 4989
2 1478 4682
4 4595 4978 2882 200
4 2790 3000 4496 557
1 730
1 4101
1 2395
3 4003 3143 1412
3 2337 3387 2924
5 941 1184 465 2662 1823
2 4722 3469
2 3463 838
2 3121 2810
1 1203
1 383
1 3560
1 3355
1 4402
2 1719 2735
2 590 4937
5 3193 3381 4569 2714 2228
2 3998 4914
6 4383 3036 2185 287 220 2870
2 4009 4153
2 1559 87
1 3813
3 4593 2570 2163
2 4562 1333
3 1317 2511 3663
3 748 511 2481
4 233 410 374 2974
5 4293 4477 4666 412 1460
2 3477 3081
2 1182 1075
1 1556
2 1699 807
1 4200
2 3434 4289
2 2383 4669
1 606
2 158 4479
4 4164 3748 650 296
1 3669
3 4049 2704 1025
1 4078
1 1069
3 4041 2044 4681
1 1399
1 2675
4 630 1143 2244 539
1 4274
2 2989 665
4 1191 2511 411 2755
2 4444 256
4 1708 4303 504 79
2 88 33
1 4400
4 3088 189 1069 2056
4 3940 3460 1815 4055
5 1487 1238 4264 2433 813
3 3090 2453 2295
2 4126 1798
2 275 1074
3 4231 4906 2177
2 4826 3357
5 3727 3315 4426 1915 1035
1 3240
3 730 462 2180
1 3272
1 1453
2 38 110
2 507 3850
1 3792
5 675 2040 4847 1328 4543
1 2058
3 4452 4273 3153
5 2896 1361 1457 1350 2724
5 3371 2570 3027 346 177
1 3303
2 3982 1053
2 3661 3708
2 4959 938
4 1425 3821 2432 4752
2 321 2587
3 169 1796 3132
1 3801
3 3253 4975 544
6 1756 3704 2707 4474 2832 317
2 2517 4775
2 4396 3506
4 3469 1770 491 3925
2 3633 4258
1 4335
5 3941 2285 4514 1585 2892
3 1034 2665 4171
1 4225
2 171 2833
3 3909 966 3177
1 4812
2 1362 1986
1 2571
3 3603 4025 568
2 3962 103
2 4879 3295
1 360
2 4431 4724
2 1877 1224
2 723 3771
4 2539 3858 1232 1099
1 2671
2 4551 1427
2 776 4051
2 311 3587
2 3781 1634
6 3779 4937 4807 3478 3542 4398
1 4839
4 175 820 4771 4472
2 215 4378
4 2138 1502 3599 2872
1 3398
2 4826 2453
4 376 665 2019 1897
3 2978 1922 3611
1 2622
3 2952 2078 1893
3 3942 2984 1015
4 4932 3138 338 508
2 3815 4740
7 1492 3962 3587 2893 4269 2618 492
3 2760 1098 123
4 3523 1831 581 769
4 4202 2667 4264 4753
2 2010 744
3 550 3488 1946
5 2906 4119 2958 4299 409
2 4238 3024
3 2656 4068 4155
4 2274 1281 4228 2222
2 2783 634
4 4117 1216 3279 3870
2 264 1665
3 4001 1407 2949
4 2798 355 139 1137
3 3098 3648 1820
1 3003
2 4495 1368
2 2567 2434
5 21 4856 2774 4607 960
1 496
3 1344 4921 248
3 4130 747 3768
1 2379
1 1613
3 86 3718 4626
1 3630
6 640 4240 3337 2157 2478 574
1 215
1 1867
1 1176
1 972
5 1229 4071 4564 4688 1819
2 4953 511
2 671 3717
5 3409 3896 2884 105 2082
5 626 1635 1395 2568 552
2 3919 3507
2 4371 467
4 227 4622 4914 2945
1 1004
5 4202 1647 2897 795 2762
4 2651 1193 1128 4898
5 2738 3061 2374 4128 3458
2 454 1775
2 3508 4304
2 4748 4669
3 368 3463 2366
3 264 4414 2592
1 286
4 265 4761 4955 2048
1 4450
3 4520 1631 3017
2 3282 2495
1 29
2 2072 945
1 2593
2 1002 4736
4 3003 3246 1027 4197
2 4457 4727
1 2316
3 2250 3680 3192
1 1952
2 3057 930
4 1194 4465 1115 62
2 3997 2151
1 778
2 2414 2977
3 3501 1210 1089
2 2997 2061
4 1691 4290 2477 185
3 143 2386 975
2 2826 4189
3 3751 3494 3432
1 82
5 1884 454 810 725 2112
3 2310 1111 2354
3 3802 910 1373
1 1408
2 4912 925
4 2002 58 3486 2854
3 1049 3180 3788
1 1777
3 4924 1332 2508
1 1591
2 3544 1636
3 1217 3804 2088
3 676 2526 943
1 3795
6 2273 2853 4961 4030 749 680
1 3388
2 1566 1695
3 2250 437 406
2 901 1444
2 4442 3804
5 2439 1034 1382 1410 2941
5 2681 3709 1844 4690 4965
4 3093 3894 1210 1388
2 3917 4139
2 4621 2219
4 1362 3324 301 2732
4 665 3055 4205 4399
1 3873
2 3952 243
4 2031 179 2580 4842
2 945 400
2 930 3631
2 503 4194
2 4792 3728
1 3574
2 1562 170
5 812 3109 1149 4650 3349
3 1432 957 2424
3 4193 1938 3424
2 1899 3566
3 1037 1497 3330
2 94 486
3 3785 2068 164
1 4783
1 2605
2 3079 4667
1 1801
1 536
1 4863
2 1048 478
2 3096 2883
5 4421 4692 1656 4550 681
2 3515 3642
2 3876 133
3 2866 324 1345
2 3173 362
3 2762 4791 3417
2 104 721
2 3335 2449
3 164 4560 382
2 1543 3861
1 2501
5 3446 2719 2689 4493 1101
4 693 2141 4167 1755
3 2978 4074 1672
2 147 999
5 2156 1927 469 4737 2703
3 288 173 3687
1 4945
4 1987 1643 4455 1614
4 305 209 3748 534
2 1939 360
2 1394 912
2 3607 2211
3 4041 395 263
3 754 1294 4381
4 4408 4136 1166 3077
3 2760 1816 2658
3 4382 1439 2471
3 1301 4517 3978
3 1508 718 1587
5 4396 175 1205 4895 4099
2 3139 3754
2 1498 4528
2 4968 2829
1 4344
1 3936
2 2799 2773
2 2328 2084
2 4140 3769
2 969 4976
1 4468
2 3727 1091
1 4776
4 1142 4547 1012 3595
2 3303 4565
3 3692 2095 2341
2 893 507
2 157 1665
3 4344 1988 484
2 4024 4106
2 2539 4443
2 283 3955
1 3046
2 2550 3180
2 836 3646
1 2058
2 320 1298
7 4007 1642 1695 2309 2166 4484 2956
3 4586 4060 3953
2 1999 3176
2 924 4833
5 3492 2606 1496 3928 1910
7 824 367 1293 1584 1017 4904 1725
3 4202 4653 2343
2 398 2421
3 1846 1166 2877
2 3464 1581
2 4491 1147
1 3538
1 237
1 3774
3 3484 2597 934
5 4986 3287 910 846 3456
2 1623 97
1 3178
3 3246 2155 4174
3 2813 1118 679
1 3635
2 4496 4106
5 2191 933 3338 4492 2687
2 1258 335
3 3272 4548 2836
1 4609
4 2997 4480 2444 1845
1 173
2 3909 1003
2 389 4208
1 4535
3 3347 3081 3101
1 4831
2 3747 699
1 3025
4 4442 3854 4112 4054
2 3669 364
1 2818
1 3004
1 4328
1 4089
2 1286 2204
1 4966
4 2981 3882 1526 2544
5 3517 4640 1960 4993 3961
3 253 3769 1829
3 1208 3316 1618
1 1001
2 1332 2943
3 4675 1835 89
4 3039 3896 122 776
4 4296 4400 214 114
2 114 1567
4 4163 4640 1818 4646
3 1423 3259 4469
1 4153
3 1362 3034 4368
1 4609
5 3543 2230 4240 3799 3422
2 743 3308
3 2519 2044 4394
2 4579 273
1 1981
4 2020 1253 1371 4432
1 1891
3 2631 2139 1589
4 4316 2040 4881 2717
2 2821 1256
2 3757 1277
4 1310 3632 4323 3843
3 2800 3551 1848
2 3585 4242
1 1682
3 3865 1949 1600
2 3868 225
3 3829 102 1438
5 73 81 2612 4140 817
2 738 3466
2 1423 2128
1 3118
1 1669
4 985 398 2862 719
2 104 957
1 4294
2 1904 2090
2 4069 283
2 3059 4715
2 3384 3547
1 1677
4 3269 4755 372 3977
4 3409 3572 1963 2341
4 4732 3768 2543 2948
3 4710 2452 2589
2 1911 3241
2 4446 4229
3 389 2491 17
2 4382 3929
3 2436 2476 2403
2 3532 1857
3 3625 881 2397
3 3848 4348 1377
2 861 3996
5 3991 971 3749 4338 1924
2 1461 1682
4 1405 2563 1526 4081
1 275
2 759 4203
5 108 2817 1508 2692 4188
1 2754
4 3857 2236 3521 4478
1 2495
2 2386 3753
5 1114 130 1131 879 1539
1 4329
2 3298 4373
2 2167 1413
4 2756 3714 4786 1760
3 1420 1729 10
1 827
5 1954 80 1312 2805 3519
4 463 355 3599 285
2 3301 2342
1 3287
6 3613 2289 2654 2881 2162 3391
4 3731 2037 4278 833
5 1639 3941 1930 4834 1383
4 396 891 4114 4757
1 3540
3 4066 1934 3605
1 2860
3 307 2145 1507
4 449 2677 1761 2415
1 2908
4 2834 2062 2917 3803
2 2794 564
4 1998 451 2992 3102
2 488 1932
3 1202 3654 40
3 1385 2666 2077
1 4412
3 1200 895 2468
1 2746
3 3901 3729 2333
1 1668
1 3678
1 2339
2 2239 1744
1 4452
2 2818 500
3 755 2178 802
2 2565 2233
1 4089
4 3169 887 3621 843
3 1082 3096 1607
2 3939 578
4 3218 1912 212 4606
2 1238 1561
2 4699 4946
5 1032 1814 4922 2390 4843
2 3083 1013
1 2449
3 1403 1738 2176
2 2014 1057
1 3857
5 3524 2040 3973 4160 1248
4 1942 3724 2686 4701
2 1604 1033
1 4899
4 2232 4004 874 4917
2 745 1454
1 2248
3 3509 2735 3275
1 3155
3 1032 2620 517
4 626 2319 4585 2678
2 3509 981
3 1894 964 494
2 4206 3880
2 2519 341
1 3568
1 437
1 3955
2 1854 3669
2 2662 1428
1 4699
3 1616 301 238
4 989 2096 3455 2188
2 1166 4624
1 4349
3 947 3993 1478
1 4164
1 789
1 937
2 622 3071
2 144 2787
3 1574 4838 2090
2 1799 2773
2 4319 4563
3 604 2434 1971
1 366
4 840 2570 714 1720
2 982 3734
3 2738 384 4063
5 1702 4161 1398 263 846
2 451 4497
5 4138 4103 4928 2548 2290
1 753
3 1005 1596 823
2 3471 751
3 3169 1554 512
1 694
3 1813 981 793
1 2514
4 4191 2615 59 2358
3 651 889 4864
2 4441 2902
2 1163 3992
1 4573
2 3093 2411
1 1968
1 220
1 1462
3 4871 1163 4407
1 1380
1 364
4 195 836 4333 4559
2 3536 3972
3 22 1807 787
2 4180 4167
2 3284 4798
5 2296 2562 1800 2498 4500
4 2629 595 2260 345
1 790
5 4320 3304 4874 4747 428
4 2968 2130 3332 4715
1 4760
2 3218 1918
1 4332
3 3142 2855 866
2 2963 4654
1 2979
2 3982 2327
2 772 3248
1 3857
2 3241 736
2 777 2338
2 1027 3733
2 1261 2688
2 756 4992
4 1781 4111 1187 145
4 4023 403 972 4398
3 3004 4103 3172
4 69 1242 1003 155
2 1271 799
4 4277 2135 3159 798
2 4392 1137
2 1704 1235
1 694
1 2059
1 4946
2 2922 217
1 2854
2 269 2460
2 3164 1489
4 3315 2423 3046 190
3 437 2823 4654
2 1748 2320
4 473 1335 2887 1257
3 4288 293 3244
4 1222 2667 2597 922
3 4844 4185 2315
2 107 4251
2 3648 621
4 125 4194 3623 2017
1 2915
4 4959 350 100 1089
1 4821
2 4823 2799
2 752 938
2 550 3357
3 1246 1076 4717
3 4983 1233 1969
4 3239 4761 2603 663
1 2225
2 1616 2774
3 1280 3591 1088
2 146 10
3 4684 2436 1213
3 669 3634 3526
2 4122 1547
2 2919 2880
8 770 1798 3949 542 117 2465 1326 2641
1 3933
3 245 4414 4546
2 4826 3055
2 745 4340
2 4950 2796
4 2368 2235 4981 4279
2 697 2995
3 2903 2590 1234
5 1571 1950 157 3924 4965
3 748 560 1346
2 1726 2905
3 1037 216 149
2 3375 1512
1 3720
4 3125 1197 1511 2203
5 1152 2609 1623 2953 4234
2 1402 4378
3 1273 3790 3546
2 1892 4948
2 4069 3002
2 4243 2512
1 4157
4 4119 2273 1220 1634
1 3802
4 3732 3184 646 2898
1 4604
1 4692
2 112 1068
2 3243 2522
2 3560 783
2 1301 3054
3 2217 3613 3772
1 2962
2 2254 2193
2 3495 1791
5 2266 1584 3429 923 3777
2 4374 4487
2 713 4779
1 1185
2 2345 1776
1 4357
5 3451 1888 3516 1882 2564
1 657
1 3256
4 2456 4027 644 3390
1 1454
2 1092 1933
1 1121
2 3692 2685
2 1122 2059
2 2117 697
1 1697
4 759 3469 3983 2757
3 4010 1504 2582
3 3376 671 1100
2 3912 1935
3 1443 4886 534
1 3086
6 685 1881 1994 3758 4723 1685
3 3773 4860 1353
1 4182
2 1184 1017
2 1022 2069
3 4185 4189 3345
4 3996 455 2966 4481
4 3077 1846 996 1083
2 4259 1522
1 2813
2 2516 3989
2 1019 1000
3 2217 2461 1434
1 2699
2 3745 4627
4 560 2227 439 3508
4 2608 1113 1690 119
4 4946 1296 1055 509
4 3351 4580 1479 3971
2 2746 4642
4 4682 2116 4327 1994
3 3683 3015 2745
2 2842 1509
2 4233 2159
4 2323 180 3163 2761
1 1951
1 1959
3 4657 814 2133
1 872
5 1758 3369 146 548 115
1 441
2 4848 4757
1 4783
2 1973 4455
1 15
5 3558 425 3268 468 47
2 4987 1892
1 2337
3 3878 4563 567
1 559
2 229 2493
5 4959 1928 3082 4329 4769
3 4066 4868 737
3 315 2315 823
1 2205
1 1203
4 4342 4120 243 1506
2 2171 1715
3 449 2574 3597
2 4033 4937
3 417 2831 467
1 3302
3 734 4990 1850
4 1705 3951 1813 4307
4 3293 2079 1071 1897
2 4298 1681
2 30 4790
3 2414 58 2179
2 1734 3554
4 1385 3692 4971 1440
3 4119 1452 3812
5 4489 1317 2484 3235 4845
5 3779 474 3990 144 627
1 3850
3 3141 4776 2645
4 381 2871 3735 4908
1 4132
1 1967
2 72 1637
2 721 2152
3 4191 2559 1121
2 4990 331
2 1785 3568
1 1905
4 527 4179 1812 1070
3 1857 2776 2167
2 1130 647
3 4231 795 393
3 1815 1931 3902
3 61 41 1402
3 3552 433 4572
2 2035 4763
1 2893
1 1858
1 1793
3 2541 2781 3177
4 720 3425 3763 756
3 1273 4409 746
2 1629 3115
3 2737 4664 4306
3 626 1311 2236
1 4863
2 4120 2986
3 124 2547 4815
3 2202 731 1649
2 2012 2611
2 2750 3584
1 4721
2 2990 3816
2 3393 4959
3 3484 2032 3187
3 902 3367 4608
2 3082 2516
5 1047 2931 4355 2123 4778
2 502 1974
3 1501 141 906
4 1318 3638 2820 592
3 1515 419 187
3 797 1230 573
3 2318 2744 402
2 1593 752
4 3254 1806 4603 1812
2 2023 2663
2 1024 214
2 1808 3166
4 4846 3469 4580 1565
2 2287 1087
3 531 1937 2999
1 704
2 3597 3226
1 359
2 2497 3000
4 550 4751 898 4720
1 2348
2 2035 906
2 4311 3175
4 4503 1150 25 2615
3 94 3770 899
2 4038 2619
5 4406 4328 4338 1008 3185
2 277 3401
2 3500 162
3 4916 420 791
1 4468
3 92 1931 4840
3 1188 4249 1919
1 2026
5 4258 1112 718 703 1269
5 1405 711 1846 1172 4995
4 154 457 328 1312
3 4609 299 3198
2 1879 2315
5 848 2070 1175 477 3393
1 4610
2 2676 1847
2 2788 4015
4 2505 2323 3464 3149
1 1790
1 170
1 2425
4 1736 4839 1772 84
4 1545 3704 1988 1162
3 3492 2197 998
3 2190 1731 486
5 1204 1295 443 3867 3817
4 2562 1357 4911 3820
4 1907 1249 4162 3743
3 4021 1953 4393
6 2051 3190 313 2193 4433 2482
2 2850 2211
2 912 1813
2 4465 1448
3 4382 1978 707
2 3162 3589
2 2227 2323
2 2191 1273
1 2393
1 1081
5 1576 4513 2736 4216 3539
3 178 1743 2258
1 4948
2 3783 4111
3 4684 2747 4936
2 864 1875
3 2570 291 279
1 969
2 949 4695
3 1962 1279 3465
3 4849 4488 4635
2 296 1920
3 1936 4891 267
6 4202 4192 2304 1986 4741 825
3 2649 1400 1282
2 1656 2728
1 3853
2 1528 4756
3 2581 4282 1062
4 4447 4662 36 698
2 902 3850
1 4172
2 3157 4792
1 4746
5 4967 4834 3001 1644 1011
1 830
2 430 820
1 3070
3 529 2355 4728
2 2965 883
1 120
2 3738 2594
1 4180
4 4918 4106 3512 1537
2 3178 4005
4 3547 363 3150 3422
5 3000 342 1493 3416 3340
1 891
2 499 1213
1 3598
2 4303 1686
1 1136
2 2749 1169
7 2667 1143 4248 1802 3105 3566 4711
2 1338 4718
2 2070 4657
2 3124 3486
1 1140
2 438 3679
3 3241 1032 1160
3 1403 911 3240
2 657 234
3 4335 426 1240
5 3221 3565 3315 4757 1856
2 1802 1963
5 2651 4768 2114 564 1784
2 4021 2505
5 4919 3625 2689 4812 1475
2 965 884
2 3365 886
2 4758 1250
2 1750 1478
2 81 1427
3 29 2395 2147
2 3166 2128
1 404
3 4103 32 4915
3 971 4098 2602
2 657 2994
1 4930
1 2866
3 4631 3787 3313
2 1902 3210
2 1330 1104
3 376 800 54
3 4190 3617 1725
4 4579 3672 4046 1628
2 3968 1110
3 3335 1911 3338
2 531 2584
3 2406 1106 283
1 4798
1 20
2 4801 2085
2 555 2475
2 4694 4456
2 1423 473
2 1021 3877
2 4352 2589
5 3740 852 4348 3494 1433
3 4549 4325 4582
4 2622 4935 4717 2509
4 2393 4496 4971 4797
4 4245 1870 102 2680
2 1501 2870
1 1200
2 2552 4731
2 1112 3455
1 4907
2 3554 1046
4 2533 1487 761 767
1 2037
1 2852
6 513 732 4634 1716 553 1848
2 3228 4679
1 2421
1 1105
3 1233 1759 4679
4 2117 4161 3040 2716
2 4143 1033
4 2340 1941 3488 2909
2 3657 1983
3 1037 2376 186
5 1795 1629 1622 392 3285
2 2631 3360
2 1253 168
4 3148 4109 72 3664
1 3504
4 2191 2036 4351 4727
2 2554 267
5 4196 4102 221 3774 1463
5 1822 243 157 4802 898
2 3333 875
2 1715 146
2 794 116
5 1365 1030 2215 3150 74
2 1401 2597
5 3554 1310 1461 3131 4886
3 286 1246 3944
2 2907 2877
3 404 2553 2721
1 426
2 4424 1336
2 4397 1857
5 3058 851 4758 3351 2797
1 3056
2 3949 4947
3 1158 685 3195
2 1230 9
5 682 3663 3360 3215 3416
4 4563 247 2942 940
1 1049
3 518 1415 4911
1 3062
1 4578
3 591 1900 3348
5 3476 4402 4044 2627 2362
4 2392 459 3955 430
2 3793 3710
3 4916 3959 2313
3 832 1101 2339
1 1234
4 3683 3273 188 3191
2 373 3658
2 448 3482
2 3736 4473
2 2374 2776
2 859 3659
1 4694
2 2195 814
3 1424 184 3325
1 340
2 2636 4089
1 4637
1 2059
2 4670 4799
6 394 4026 2620 3135 4791 2523
6 1272 4010 1980 4436 1003 1201
1 3906
2 342 2942
3 4161 826 1170
6 1776 844 1214 4011 4462 3153
2 4664 801
2 4392 4947
1 2342
3 701 3939 293
3 2766 4245 3117
3 1115 3515 3899
5 2711 2617 3112 4560 2804
3 2342 797 1262
2 2528 2492
2 4862 3526
1 2454
3 1191 825 3861
1 4963
2 2645 709
5 3039 1051 4415 4787 2357
3 4397 1753 1123
4 1698 3383 4506 2863
2 2625 2888
2 608 1178
1 3087
1 3184
1 612
3 812 81 2353
8 4721 2629 1469 3788 568 3976 1784 2624
3 4821 3054 2098
3 3300 3223 2652
2 4244 792
3 3815 1242 4532
1 138
1 4374
3 2738 3963 1434
2 4440 4210
5 4437 3787 4693 3456 4222
2 2461 1940
3 232 1032 1945
2 2857 3782
3 4049 1763 798
3 1230 1561 4222
5 3425 982 1060 854 3653
2 1903 2318
2 3994 3351
1 4871
1 613
1 1366
2 1072 230
3 184 830 4743
1 371
1 1077
2 2784 3745
2 1842 2262
1 1556
4 4648 4034 1760 586
4 2950 4260 2830 4988
1 2348
2 1673 3413
2 4342 1604
2 2806 3779
1 4587
4 550 4858 2771 4795
2 512 2078
4 1049 4031 172 4536
4 1302 912 1529 1817
2 3495 2065
5 4221 3259 4577 544 4687
2 4684 2389
1 2745
3 867 1424 516
2 3726 1296
1 3405
1 2647
1 4356
1 3059
3 2462 2816 2847
1 1465
3 1509 1402 1934
3 614 3994 1190
4 985 1759 4611 4993
3 664 1034 3105
1 1958
3 3205 2983 1533
1 4360
2 1424 2284
6 262 956 2791 2158 2259 2042
3 1001 4877 4150
1 1390
1 2778
2 2319 4228
2 3010 138
1 1564
1 3697
2 3170 4364
3 836 4873 3203
1 2351
3 307 4528 2073
4 2249 1609 4958 3717
2 3277 1136
1 3807
4 3063 2793 593 445
2 261 4967
3 3544 2884 3019
5 812 1736 2408 3312 2239
3 2259 3382 1195
5 2768 3525 4837 4598 4673
3 2450 1107 3102
3 2126 4011 155
2 3468 2613
3 2617 3744 1497
1 4853
2 1619 4402
2 4415 383
1 491
2 1654 846
2 4151 3398
1 4563
2 2370 4003
3 310 2698 2457
1 3576
2 4254 1359
2 896 1580
2 8 3804
2 3788 100
2 2280 1929
1 1050
5 4562 4169 4572 1733 68
1 1352
2 3693 4492
2 310 1549
4 333 462 4311 601
1 1764
2 2754 3636
4 2556 1188 215 1375
2 1278 4598
2 3547 2510
1 379
2 2233 4233
1 4353
3 608 2050 3204
2 4999 3549
2 439 2324
2 1901 1528
3 1365 2495 4099
1 4393
2 645 1494
3 3854 2451 1983
1 1951
2 3995 768
2 2271 4081
2 457 159
2 123 670
1 3675
3 954 3866 683
1 3854
1 3009
2 4090 459
3 3783 197 2354
3 2706 1319 3883
1 2860
2 4845 3906
2 1411 2626
3 2413 2373 509
3 398 4090 4236
1 3903
2 3499 2714
3 748 2071 4781
7 4527 281 1837 4627 2980 4833 1
2 92 1077
4 3406 3642 1189 1565
5 974 1309 853 3114 2443
5 1480 4219 1113 706 1674
3 2251 4304 2777
2 649 1033
2 3949 4686
2 1512 375
3 2273 3062 440
5 2004 4321 3874 4947 4015
2 457 2099
2 3586 1393
1 241
4 4844 4179 4468 660
2 2586 4610
2 1205 1978
1 55
1 4333
2 2867 2331
3 1653 3686 2748
1 662
2 2576 3193
1 2759
6 3375 1791 1149 4668 599 623
5 2788 1301 1223 1316 2795
3 2928 316 2852
2 2659 2971
3 1125 344 2644
4 210 2170 4059 728
3 2403 1608 3893
4 2215 1829 1809 2657
1 2418
2 474 3778
4 1445 1152 64 128
2 907 1265
1 4018
1 3972
2 2046 3487
1 620
2 515 1917
2 1533 954
1 2834
2 4598 2662
5 893 1553 4143 2317 2736
4 3529 4832 455 136
3 3401 2116 1433
2 3872 1466
2 2276 4506
2 3088 1056
1 2615
3 1619 3742 71
2 3640 3096
2 955 232
4 3932 2426 303 3818
4 714 4133 882 4223
4 2706 2889 1705 4963
2 3247 1623
2 1865 310
2 2031 4301
1 4141
2 3801 265
6 1190 1486 2700 2427 648 4005
2 2206 766
2 2137 1183
1 3959
3 2456 1308 4008
2 2098 1446
1 2169
1 4085
1 1258
3 4675 3850 4925
3 1677 2039 1550
5 4754 3708 3901 4045 4270
2 4411 2083
1 3694
2 3903 1120
2 3932 1781
1 4308
6 734 2007 1560 1124 48 235
3 913 3394 1498
3 3157 2449 1403
3 1959 206 3454
2 3354 1662
1 2881
1 1599
1 4238
4 4858 1461 1876 63
3 3692 1163 293
2 2824 2144
4 1791 3242 4343 808
2 3852 3397
1 3629
5 3904 362 3136 3281 28
3 1099 4120 1889
3 2128 1377 1972
1 3836
2 549 2452
3 477 1341 4042
4 1479 2758 520 40
2 122 54
1 2928
4 1000 1874 4661 1157
4 2824 2225 352 4909
1 4629
6 3604 143 3972 1578 890 4735
1 4772
2 941 1627
3 675 4562 4377
2 652 517
2 917 1309
4 3590 3801 4112 2464
2 4480 851
4 1734 1407 4885 849
1 4063
3 4848 1895 3819
1 1002
1 2226
2 4058 2530
2 18 4295
4 1881 2001 3615 43
1 2979
3 2501 4660 3489
2 2337 903
1 3797
1 4219
2 1943 2706
3 588 649 3600
2 3258 4676
4 4583 1080 69 1374
2 4542 1296
3 4891 1727 1864
1 113
1 3568
5 1314 2227 1440 3639 4270
3 4930 3625 3828
2 3221 4138
2 3193 3192
2 3982 1096
1 2928
1 657
2 1569 2415
1 1743
1 2383
2 1598 497
2 184 68
2 1046 1692
2 4066 4451
5 1571 2065 4576 834 3128
2 3946 2449
2 3301 1361
2 1471 4788
1 2779
3 3469 4187 3097
1 1443
5 754 1723 2223 4165 1782
4 16 3224 4076 1787
2 268 1285
4 3842 3259 2864 3891
2 3648 4124
3 258 3264 4977
2 2296 1478
2 1272 701
4 3969 3050 472 3537
4 2009 2707 4149 2369
5 4208 1998 2263 4557 1323
2 1010 1401
3 2737 3745 453
2 2213 597
1 3341
3 2600 3454 1540
2 1655 2115
4 3157 2975 845 1547
2 4656 2313
2 3999 4758
4 4021 3692 740 2271
2 2053 2097
1 1063
3 2031 2220 4542
1 1504
4 3228 3167 2049 1733
2 1353 1773
2 2164 554
2 2689 1618
1 4968
2 872 550
4 327 3514 1926 1627
4 4829 1928 2058 3349
2 3140 517
2 3439 2094
2 610 3681
3 4688 3197 1929
4 3604 1925 3650 446
5 1699 3152 4377 3790 2173
2 4127 1005
2 4339 4013
1 2477
2 3951 752
1 1721
3 3247 1543 2549
3 2331 2567 1484
4 1999 618 2993 4081
2 2617 4212
2 4575 4016
2 2757 2110
3 711 4067 1290
4 4037 4285 1987 3377
2 2781 4631
2 698 2934
2 1429 3326
3 2608 1329 4861
1 1638
4 2484 3472 2314 4521
2 3595 2658
2 3122 386
2 506 2159
1 109
5 730 2068 4528 3997 829
2 3179 4028
3 591 1582 4773
4 2300 1450 1343 1700
2 4047 3450
1 2100
2 1176 3296
5 852 2643 4621 561 1456
3 3793 2753 4166
2 4860 4059
1 3119
3 1585 4094 1506
2 1139 3048
7 1176 1670 3395 983 4214 3196 3094
2 1851 4129
2 414 3724
1 2764
4 3509 178 1926 1636
3 1958 859 347
3 2440 398 1675
2 1633 447
2 3586 963
4 3594 4525 1610 4989
2 37 670
1 3130
2 3724 3900
6 545 2973 4620 2810 101 39
4 4499 3807 506 2203
1 1087
1 2319
2 4201 4110
3 403 2513 4373
3 3139 3801 4913
2 989 3074
1 4384
2 1872 4633
2 3792 3944
4 2280 3863 1419 4987
6 2136 3633 1676 4173 4742 1346
2 4910 1570
5 3221 488 4064 2674 1078
2 4233 2726
1 2813
3 2783 4919 2484
2 3712 4121
2 3604 2128
3 1482 4440 1769
3 4104 4203 2910
2 2311 3845
4 374 4825 3647 535
4 3858 2053 2256 4073
2 2798 3581
1 688
5 1727 3155 4213 625 3297
3 1629 3783 2591
1 4319
2 501 2148
1 1289
1 1403
2 2027 1635
2 1654 4234
3 1471 1944 633
5 2200 3375 2421 1762 103
3 2819 113 2198
2 2423 3315
2 950 2243
4 3453 1907 617 648
2 2171 2574
3 4724 4930 1871
2 895 4023
3 206 1103 23
3 4132 2601 2055
1 2645
2 4507 1891
1 911
3 432 2468 2902
1 1545
1 3959
2 3116 2045
4 3209 545 453 3031
2 1949 4043
2 888 4297
3 4516 1251 4585
4 4591 3911 1592 269
1 1619
1 2704
2 748 3010
1 3304
3 801 3689 4636
3 4823 1455 948
1 1893
2 1995 3286
4 4722 4441 288 3119
2 3389 2991
2 2248 203
3 3503 3093 2183
1 102
2 3140 3882
2 3011 3490
2 1186 942
2 1166 4618
1 223
2 3262 2749
2 2004 252
2 2056 745
2 3236 1597
2 4249 4998
5 1554 4604 3574 2993 2725
3 3115 3194 2569
2 1138 550
2 847 3523
4 1530 1669 2692 3659
1 2600
3 662 2125 4970
1 67
4 2648 1986 1048 4630
1 2660
3 1358 1579 4204
3 3770 1512 953
3 4130 2351 3044
8 1045 1335 2159 2743 1873 4334 1802 3239
1 3433
2 4751 706
2 4644 2037
1 3875
2 4603 1955
2 3879 2034
4 2200 1064 1541 2633
3 2248 2448 691
2 1751 2760
3 3052 3508 1977
2 2799 2080
2 2866 811
2 4325 2586
3 3367 3127 1124
2 4120 1745
1 2379
4 3401 2260 1250 2618
3 4733 2100 2938
1 500
3 321 3831 4908
3 3842 4968 2698
7 4551 924 4353 2537 3791 3344 2460
3 4574 1311 1170
2 1286 661
3 676 2790 4019
2 4719 1678
2 4142 1271
3 4818 1363 2444
2 4525 3122
1 2027
3 4892 1871 3013
2 3939 3632
1 1662
1 324
1 2313
2 1045 2453
4 2438 3018 3656 1580
1 4812
4 4444 3724 2482 406
5 4207 1234 876 1855 3346
3 444 1981 1985
6 4243 3670 2432 2809 3628 3682
1 3642
2 3237 1945
4 2532 1476 794 3234
2 1554 3740
1 3304
2 1118 1258
4 2971 4501 967 4435
3 3409 231 4972
2 1555 2050
2 2070 3274
4 3601 142 2177 3676
4 4671 3435 4091 1042
7 4733 1423 4390 1489 2133 3029 871
3 4437 2608 4941
2 32 979
2 3472 3475
1 1176
1 318
2 2270 3433
3 2349 295 836
2 3271 741
2 775 4560
5 57 2433 483 2744 2957
5 1106 1736 4376 3977 1117
2 3968 3475
3 4206 3462 3328
3 2306 4489 3344
2 3675 1006
2 772 2740
3 1009 4414 3162
1 1430
2 3146 2268
2 2962 3130
2 969 1006
5 1055 948 4462 756 4504
3 1980 3148 703
3 3318 292 973
3 514 4751 4645
2 1296 3700
2 2164 598
1 394
2 377 4084
1 2137
3 4887 1184 3258
2 243 4395
2 2337 3738
2 4275 4094
2 3467 2107
2 4089 4001
3 2406 2137 3481
4 590 2645 1430 3766
1 1967
3 2760 2794 364
1 2061
1 4722
1 3377
2 594 4078
1 3310
3 4571 1399 4407
3 1970 2414 4603
2 2058 4431
1 36
1 4003
4 3507 181 4901 1284
2 3101 2486
2 458 3193
2 571 4007
4 1865 1033 553 902
1 1039
3 1166 615 2602
2 94 4447
2 4519 947
2 3156 1630
2 4168 2208
1 2067
2 3164 727
2 2581 1776
2 3789 1116
4 4800 643 970 1196
3 2385 978 4840
2 3218 179
1 1931
2 3792 4296
1 4986
2 3219 3603
3 1530 2702 2998
8 3314 1846 1457 3151 3829 4888 2765 4217
2 4333 1927
2 391 3673
1 113
2 2044 4877
2 2323 1156
6 1684 1767 3262 2025 2090 3772
3 3548 2010 1651
2 1736 135
3 1501 3837 3283
2 2559 1068
2 1486 2949
3 4084 340 4108
4 4443 1941 3032 3203
4 2095 2767 1036 4180
1 4871
2 1519 895
3 878 2326 3776
1 2895
3 4454 4113 437
1 3987
1 61
1 2467
3 3668 878 4062
2 1493 3336
1 4071
5 2011 2766 1689 609 4704
6 3310 4120 1984 855 3609 931
2 358 1706
3 3810 2369 721
2 2702 1514
1 4930
2 355 949
1 2514
2 3592 476
3 1208 4854 4830
3 2348 4290 1374
2 1135 3787
3 2642 1274 177
3 4436 4273 629
3 2300 3108 968
1 3913
3 3410 1051 1682
2 3747 2988
2 4285 4734
1 549
4 2168 1141 638 4894
1 700
2 4202 4664
2 2301 221
3 299 3770 2208
4 3303 2644 4266 3065
3 2581 1439 3419
1 781
2 1030 3967
2 4888 1074
2 3697 2160
2 3896 356
2 4318 2858
1 647
1 1591
2 1585 1633
6 3668 2963 1866 2719 503 3782
4 1586 936 3901 3145
2 1590 1356
3 4190 670 3167
4 1029 3689 973 1860
4 1976 189 2164 681
2 2250 883
3 1309 2819 673
2 2848 892
4 2062 1967 4513 1075
2 4267 1012
4 2336 475 3650 3910
2 4962 508
3 4409 2934 1268
3 1878 1173 4227
3 710 3378 3327
2 4651 1525
3 2737 1677 2042
2 1269 1780
4 3109 367 3880 4453
1 3805
2 1981 2771
4 4146 618 2550 1696
2 4708 845
6 2097 3324 920 2840 1379 129
2 78 424
3 4732 1052 2140
2 664 3331
2 3237 1741
2 3161 3208
2 2348 2391
4 217 1313 1634 4331
3 1481 2286 921
2 3882 589
2 4455 113
2 1072 2604
3 2923 635 1117
2 4258 22
2 2019 3420
2 3913 3989
6 2552 1936 4149 3952 1830 962
3 2565 3061 764
3 826 3248 3607
3 2011 4919 1838
2 743 3553
2 1494 2074
4 2988 928 2942 3051
1 999
2 3468 2781
3 2585 1932 4781
1 1746
3 1057 1415 4387
2 2331 232
5 4934 1230 4942 1814 2725
4 4893 1777 1948 607
1 4675
2 1174 1378
2 1892 3411
2 1777 3988
3 1076 333 1731
2 1605 506
5 536 1046 116 3452 3614
1 2153
2 4720 3055
1 3178
1 2961
3 2404 2442 2724
3 915 895 2569
2 1707 3092
1 3036
2 2324 2109
4 2328 1564 680 2523
3 547 1600 2265
1 4038
1 1519
4 442 2182 2740 2980
3 4961 4659 2412
3 2480 1719 1409
2 3742 2205
1 214
2 3946 1478
3 3377 2485 2219
6 2205 69 1563 3652 3701 4498
5 2758 2516 1872 4122 366
2 1970 1891
6 2975 4480 192 4949 3555 990
2 2434 2797
3 3813 3288 707
1 3629
2 4699 4118
1 818
1 2466
4 4149 355 4980 1965
4 4844 2128 2022 608
2 4947 4992
3 2020 4467 3756
2 3634 1007
1 2300
3 1871 3608 4265
4 1031 3368 2261 4822
5 3369 2128 1766 1675 2610
3 2848 11 4224
3 2664 2754 4810
1 4146
6 466 1577 3967 58 1458 3479
3 4967 995 3149
4 2366 2470 3644 131
4 2818 3170 3763 1742
3 976 1019 3002
3 1181 39 4681
5 1164 198 669 2757 1739
1 3338
4 3193 1471 2308 3364
4 307 709 4155 611
3 3995 4332 2752
2 1317 1944
2 2142 4441
5 605 3302 1869 280 4428
3 3299 3374 1694
3 2097 1437 4265
3 2506 35 2611
1 412
3 2454 1579 4610
3 2640 1787 1371
1 1053
1 4101
4 4591 1666 1575 2960
2 3903 2193
2 3876 1687
2 291 1720
1 3122
5 1586 2703 1839 543 308
6 803 3555 2550 2812 1227 886
1 2220
3 4921 1832 431
5 1936 4766 678 4702 3199
1 2546
1 2878
2 1547 1297
2 2120 4738
2 4142 1853
3 1616 479 3696
3 2506 899 2741
4 1037 1788 2847 1108
1 1398
2 417 131
2 4966 1328
6 3454 4333 2557 3441 4237 1972
3 4624 164 4170
2 3113 3835
1 683
4 358 2872 1294 2722
1 949
3 4395 3624 1747
1 3310
1 397
2 4051 1473
4 3955 525 4628 2377
1 1146
3 2872 4157 2339
1 2131
1 448
3 3498 2254 3386
3 740 1871 629
2 4503 3492
1 3472
1 2261
2 1588 4732
3 1879 4075 533
2 731 96
4 1951 2046 1575 3957
2 1259 1466
1 1410
3 4118 1754 1621
3 2591 2784 4922
5 3446 3213 3465 3653 4370
3 2734 4354 3953
4 2280 3592 4691 2327
3 232 3802 3739
2 4418 3047
2 3246 1826
1 4280
2 1997 2232
2 2472 1603
1 12
1 437
2 4372 3582
1 1118
2 4942 1570
7 915 3090 1445 83 2892 4154 3387
2 1171 887
3 2249 3594 3942
3 2136 3229 3404
2 2066 2372
2 3236 3066
1 4056
1 998
2 4238 4741
2 1729 3117
5 3543 213 2918 1339 2592
2 3019 4520
6 2027 2020 1494 1127 1661 623
1 3120
3 3552 779 3451
2 88 2087
3 2169 4583 3006
2 922 1791
1 2818
2 4314 799
4 1654 3249 3958 2119
6 3709 1828 3724 1463 1821 3688
5 2693 174 2309 2524 352
2 610 3023
1 1953
2 4956 500
5 2911 2264 4938 4668 2043
2 3651 109
3 1488 4440 3257
2 675 219
2 3707 154
2 1126 3229
1 1672
2 4083 3289
1 2152
2 427 2222
4 2900 3080 2150 964
2 4699 1989
2 3294 2680
4 4609 150 563 4519
3 4832 503 3087
1 389
1 1317
4 1736 3543 1614 918
4 4766 3131 1921 3023
2 3347 78
2 4262 668
2 260 2644
3 1932 1581 1818
1 4069
2 545 2699
2 970 660
3 2213 1911 2422
3 49 2132 1467
1 1428
4 3990 1683 4475 942
3 4403 4198 4156
3 1592 3867 3305
2 2560 4054
2 2887 3484
3 3049 706 2879
2 297 1789
3 694 4126 3705
2 952 3687
1 301
3 3236 3198 3715
4 3082 2002 3449 4092
2 1711 4890
1 3499
2 256 3822
2 2596 2623
1 4759
1 731
2 165 2474
5 4020 2221 4106 2372 1048
5 1181 567 3361 4802 1060
2 2247 193
3 2054 1053 870
2 4212 3011
3 1222 3713 4482
3 2639 3270 3231
3 3503 1047 2584
2 4501 1679
1 3044
3 1743 4824 1678
1 3625
3 989 4456 4159
2 1643 851
1 586
4 2009 3985 2005 939
2 4641 1462
4 2700 4011 2566 44
2 1915 1852
4 4670 4542 3204 2293
3 4135 2785 3060
4 3250 4274 510 1054
2 4443 4049
4 2168 135 1567 3291
2 3295 4828
3 3184 1188 1430
3 3022 3737 2377
6 2800 907 2867 868 4808 2607
2 4771 2653
2 2008 461
3 194 1577 2060
4 2190 3824 4386 2939
3 4154 371 2151
4 211 1554 2250 2807
2 4114 4461
5 1502 2416 3669 828 2595
3 1516 2513 3722
4 118 1059 910 1533
2 254 2535
2 2348 4434
4 3161 603 4119 2713
3 4411 2323 3892
2 713 2109
2 1369 695
1 2286
3 3982 842 123
3 654 985 4049
1 84
1 4528
3 1335 691 3419
1 4300
1 2649
3 2555 3109 4982
3 3303 3641 1681
1 283
2 4056 3716
1 233
2 3154 2192
4 2565 715 1744 1710
4 1329 4824 2118 4385
6 2223 3480 423 2298 1933 454
4 3160 4948 1404 3026
3 3457 3556 4232
3 4126 2775 2926
3 2089 2314 870
1 3926
2 1666 4887
4 138 4316 4607 2451
2 3814 1064
3 1317 3104 1336
3 776 2604 1753
5 2026 3365 3171 3806 2093
3 3996 2898 1284
1 1564
3 3836 2142 4457
2 3952 1999
2 872 4569
2 4715 2834
2 2802 1810
1 173
3 1797 2393 4061
2 1574 1381
3 3907 4949 3323
7 4826 451 859 12 3447 3919 1408
1 371
2 2593 3701
2 2894 1447
2 2965 2430
2 2843 2486
1 2616
3 1653 2104 1356
2 2793 4617
1 3335
2 4064 4303
1 1316
2 327 4677
4 1959 2640 2234 3814
3 4647 3370 1011
1 2937
3 668 2673 4501
1 750
2 221 4643
2 4934 3938
1 2209
2 2303 89
1 294
4 775 197 1560 4629
1 3032
2 2250 3641
1 3932
5 3174 4906 2024 1619 1905
2 2935 1914
3 4193 3050 4981
3 3067 4760 2294
3 2370 1076 3273
2 51 2558
4 4135 2783 1805 4086
1 3937
2 2039 4364
3 545 2138 3723
3 3353 438 2395
3 2815 1664 4104
2 3750 3712
3 1212 1572 1771
2 2254 1611
3 815 938 1036
1 422
1 1443
5 4502 4855 1274 3433 1004
4 1645 3919 719 1321
2 4927 811
2 2476 3377
2 3903 204
9 919 2845 3369 2682 1059 1041 4878 1870 2231
4 3860 1997 2423 1373
1 3288
3 182 3448 1882
2 786 2104
6 525 3557 1998 162 3056 4683
1 4879
1 3233
3 1599 1979 1418
1 3302
2 61 687
4 3937 211 2346 3171
2 4594 3962
1 1938
4 1824 242 932 1522
2 790 4077
4 2086 1213 2697 690
1 1173
2 635 533
6 666 3934 1242 1237 3405 3786
2 551 142
1 4956
2 4602 876
2 2334 2419
1 4105
5 2229 1957 1018 1901 1288
2 4287 1798
1 2585
3 1735 1327 3609
1 3292
2 1257 4844
2 1389 438
1 1091
2 3545 3914
2 2848 1249
1 758
2 3039 3612
2 4359 2429
1 2644
2 1209 3162
1 3217
3 4395 4298 2995
2 4240 4413
3 409 3634 2033
1 3229
1 842
2 1563 1894
6 4153 4355 2304 4303 1349 4533
1 4359
2 2190 2120
2 2655 1394
3 405 3929 1219
1 3376
1 1175
2 2084 2216
1 3831
3 4541 385 1752
1 2910
3 3160 4360 3715
1 3501
3 272 1542 4621
1 3225
3 3728 1858 4533
5 4189 433 4426 3091 656
2 3021 2628
2 4330 3457
2 1299 2702
2 703 4984
1 1957
4 3745 4025 1210 2442
3 2270 1155 1061
1 3246
3 1126 2310 240
3 4090 3229 2708
1 644
2 178 4953
1 4635
3 4211 3440 4310
1 3987
2 2535 2744
3 3793 642 1429
2 3903 1993
2 4744 3503
4 3711 1828 4290 1143
2 3963 3209
2 1335 3678
3 2609 4739 3685
3 4158 4402 3848
1 763
4 2003 4988 4944 4509
4 1394 3669 4830 3920
8 2701 3055 4106 1838 952 2866 429 4271
2 676 1540
2 3998 2225
1 4718
4 4088 3988 3322 1431
1 2346
1 4215
7 1678 3673 552 4363 4526 163 1168
1 2168
4 2431 2324 809 1680
2 3744 474
3 46 34 1044
2 1453 4409
2 1461 3228
2 3117 4544
3 2360 4290 3786
1 2277
3 3201 3000 2423
2 1778 316
2 293 1801
4 743 3869 2013 380
1 4675
3 832 642 4926
1 4538
1 1773
3 3303 457 4851
1 1635
1 4637
2 2392 1993
2 1402 3219
2 1764 571
3 227 4312 2473
3 4359 2827 3290
1 26
3 2456 1744 4174
6 3409 1480 705 4792 1548 495
3 3055 1338 4484
2 2257 1378
3 2682 637 1496
3 1772 294 354
5 3681 1245 4186 3299 2049
2 3248 2573
6 2758 3586 2448 3852 1465 881
2 1350 3678
3 4169 3523 3407
2 4151 4040
2 807 1758
3 907 3774 1268
4 2532 4774 1307 3005
5 3641 4384 82 3271 3276
1 1510
2 836 3564
3 2018 3505 4883
2 1887 3207
3 685 1691 4137
2 4551 2824
2 2033 2910
2 2795 515
3 4535 4689 2110
2 2445 2855
2 2189 4576
1 1147
3 4200 642 2321
3 432 213 1595
3 389 3576 2865
1 4922
1 2004
2 263 3393
2 1775 1053
1 2964
4 956 1659 1611 2795
3 4102 2008 1
3 2513 2278 1843
1 4453
2 4986 3879
3 4499 3674 134
2 4218 4221
2 3413 640
1 1243
2 4002 935
1 4693
4 4684 1375 655 415
1 3943
3 199 4745 1016
4 775 4409 2742 3534
1 3667
2 4909 2583
3 498 2538 1521
2 4854 3813
1 3221
2 3101 4402
4 108 3860 1041 1119
2 2069 2047
2 4893 4862
3 445 4410 4375
1 1154
3 1367 2550 2930
4 262 286 3449 3478
1 857
4 2226 1647 3414 2486
3 1898 757 4167
3 2669 109 4902
5 2010 4420 997 3038 905
2 93 322
3 3360 4035 3260
5 605 3920 4493 723 2970
1 4497
2 174 3169
1 865
2 1229 1998
3 2138 4929 3284
1 3217
2 449 4716
3 179 3532 4538
3 3618 3575 1243
3 2778 2861 3736
2 3691 1517
1 2933
4 1781 3915 2462 4378
2 1163 4158
1 4218
4 3365 2402 4358 2228
2 2556 3371
2 1758 3269
5 2501 3382 4145 2780 3024
4 138 538 342 3510
2 3765 2937
4 980 3511 3207 4093
2 3413 2558
3 636 4404 3575
3 588 160 3897
1 4444
2 2984 2063
2 988 3697
2 750 4209
1 1598
4 2059 1949 2510 541
1 2996
3 1159 1967 3215
3 1193 227 3886
3 3959 1182 2803
2 4871 2242
2 1365 2536
2 2074 3053
3 3919 2305 2542
3 965 1875 3380
3 4539 208 2174
1 3119
3 775 3646 1050
1 649
2 233 878
4 2248 4327 1968 695
3 4115 2207 2908
2 1599 380
2 4934 398
2 1724 1994
4 311 745 1069 260
1 334
1 3026
2 2455 2637
4 4068 1683 943 3114
1 3499
3 3375 4333 1421
1 4329
2 3362 2781
1 3483
3 466 2841 3588
5 1081 4260 2688 1855 1917
2 890 4997
1 2500
2 2197 1142
6 1976 2350 137 3070 4253 2708
2 1749 1414
3 2647 4997 317
1 184
2 637 1151
2 3057 844
6 1670 3278 176 2101 3651 4750
2 2126 410
3 3747 418 2275
2 208 1094
2 2899 2225
3 2967 2186 2921
3 814 559 1189
1 3576
2 4698 2730
2 1728 1569
1 1687
2 1848 1130
3 3245 827 3415
4 3854 1962 2260 13
3 4692 4874 481
3 549 53 3816
1 2217
4 911 1609 1792 3695
6 4088 852 3838 3990 2409 4616
2 2027 4394
2 990 2047
1 621
2 4631 1340
1 3434
3 1021 758 1449
2 3846 2279
6 3629 1241 3245 1341 4979 1601
2 362 1753
5 3751 3454 3888 4813 1023
2 1229 718
1 3824
2 1154 357
1 2186
2 1258 4950
4 3100 3202 1252 3930
1 1393
2 3439 1209
2 4446 2387
3 1258 3375 776
2 4890 4136
4 610 3686 3651 1177
2 4909 3630
1 1743
1 4261
2 4150 4489
3 202 4037 1225
2 3398 2573
1 3399
2 2903 2196
2 2286 2050
2 836 4269
4 4836 2818 4227 1903
4 1623 3394 3576 4842
4 1427 1916 2361 2163
6 959 3645 1829 4622 1248 1688
1 4777
3 3616 2587 1304
3 3467 1731 3098
3 4467 1077 2241
1 2835
2 404 1118
3 1260 4402 32
1 2218
1 668
6 4544 3 4441 3560 2373 3834
3 3618 370 4605
2 1430 4882
4 3980 514 2720 1612
2 1426 3872
3 2842 3143 1732
3 3811 4040 2728
3 1442 243 728
2 4268 1007
1 2029
2 328 4486
2 4938 683
3 1106 365 814
1 2738
2 2515 3991
1 4499
4 3309 3561 4867 343
2 65 3104
4 4829 3131 2289 4449
1 1656
3 3254 4996 282
1 1039
2 676 2691
1 719
3 3536 3451 2770
2 1156 2154
3 4547 4391 458
3 2323 3853 2452
1 2811
1 4552
2 2867 885
3 2759 710 4036
1 567
2 2581 792
4 499 1120 3426 1582
5 2819 4953 3356 3444 4687
3 2677 3289 4013
2 652 1727
3 2138 3029 3329
2 4985 4526
1 4325
1 3448
1 2339
3 1757 3523 1350
5 4225 4205 3997 2166 908
3 3929 1461 2207
1 2414
3 1895 2389 1864
3 503 2058 2715
2 277 1701
3 3301 161 4928
4 1455 1390 1525 4152
4 321 3967 1563 4309
2 2585 2396
2 4824 3976
1 4259
2 14 1241
2 2872 4756
2 2230 2984
4 254 1397 4920 3317
2 2703 138
1 1171
1 611
1 4844
4 1927 499 4252 205
1 2658
3 1193 4164 4596
1 2078
2 15 3217
2 1993 310
4 1980 1723 3080 3856
2 4227 1657
4 4242 4148 4431 2901
4 3333 2661 4256 1078
2 3864 3638
2 232 2599
2 3948 2738
2 462 4307
2 133 4101
2 2103 156
2 716 252
3 1443 1063 2948
3 984 1566 1944
5 1265 747 405 2668 2731
1 2931
2 1807 2002
1 2069
1 2498
3 1736 3174 104
3 1801 2402 1004
4 916 4312 3339 1300
3 3126 914 686
3 3293 3948 1067
1 1419
3 4038 1105 1718
2 3231 991
3 3914 46 41
1 2041
5 130 4385 1624 4609 3244
5 2029 3219 1364 4996 653
2 286 171
2 2981 661
3 2037 889 1603
3 2010 2456 1498
2 1422 2686
5 514 1831 363 3761 1745
1 919
4 3482 403 96 493
2 3168 4720
2 3531 1632
1 1865
4 2786 4136 1239 1891
3 3066 1879 2932
1 1337
5 3035 4700 2826 3368 3183
1 2679
3 1293 4762 1948
2 3383 4047
3 60 524 741
3 3261 381 829
1 2253
3 970 3871 1219
1 1404
5 4243 3860 1320 2529 4549
3 3770 4493 1551
2 4207 2538
4 980 2578 1606 1975
1 4321
4 1659 2306 3690 372
4 4762 2101 1283 3033
4 4829 2210 4853 3372
3 2766 3624 4104
1 739
4 3752 1424 2834 1040
2 3401 4187
2 237 1761
2 3998 1317
1 4880
5 3500 3378 1332 3168 2281
3 4276 1831 679
4 1424 2484 4439 2471
1 841
2 1197 2013
2 376 1667
4 822 1747 4064 524
2 2217 615
2 4511 3148
3 4659 4291 2268
1 2554
1 1241
2 4849 664
5 3012 3245 1291 4358 4936
2 3663 2223
5 11 3810 3638 4404 4116
2 1778 4579
3 3171 1642 246
2 2683 179
3 2059 3992 4843
4 4247 564 1658 904
4 2964 3733 3989 2888
4 2311 4196 3667 4691
3 4314 3933 1307
2 4553 652
5 2134 2642 693 2034 582
3 2690 1679 1934
3 1001 4617 3020
1 612
3 3590 3174 3227
2 3802 810
5 1502 2887 1488 3567 2469
2 4698 4292
3 2769 434 42
4 4619 3558 77 2446
1 4896
1 521
3 1287 4384 163
4 4127 15 4476 945
2 4724 321
1 330
6 2788 678 1441 3386 2267 4977
1 2650
1 569
1 3483
2 158 3974
1 3109
1 1951
1 2580
4 3012 917 2660 3649
3 2880 2278 3729
1 3062
2 2323 3461
2 4898 4022
2 1307 2070
5 3036 2028 1935 128 2357
3 3591 3014 3862
3 3213 3767 1054
1 3229
2 1425 1165
3 3529 451 4714
2 442 806
2 783 2473
2 4571 2904
2 3913 1270
2 1923 70
2 4175 3840
4 674 2936 3741 1391
2 2529 3634
2 2911 626
2 4961 1251
2 1557 3835
2 3800 2478
5 3174 2414 1748 491 1133
4 2217 4169 1418 2685
1 4434
1 2922
2 256 1157
3 4120 3 960
5 179 352 2078 2712 2086
2 3751 3019
3 3565 3794 83
2 2994 4230
2 3821 4644
3 553 4788 1192
1 2064
3 2176 4242 4951
3 2843 4963 835
2 668 1483
3 236 3551 3032
1 487
3 397 1334 2932
1 3607
2 138 3078
5 2824 812 4365 2175 2913
2 2814 1252
2 3637 1455
2 4138 3166
1 4215
3 2116 327 3844
5 362 4800 977 3818 4625
4 4759 2276 3268 3034
2 1883 4458
1 310
2 403 3750
2 2262 861
2 4374 2595
3 4934 2152 102
2 2727 3911
3 1691 11 760
3 2639 844 3127
2 2856 4267
2 4585 847
2 368 2
2 3348 1192
3 2566 4281 677
1 1173
3 2470 1663 2380
6 2142 2963 2862 3538 3226 4210
1 152
2 4961 2887
3 3147 3840 4361
2 116 819
1 4837
3 678 3067 4726
3 2126 4811 3954
4 3876 4719 4490 835
1 4269
2 2596 168
4 4783 805 2923 2869
3 2922 1963 4825
2 4813 242
1 3073
1 2253
1 3365
3 1425 1538 1500
2 3894 4566
1 2510
4 3646 998 4023 2739
2 2767 2884
2 118 2531
2 1940 1607
2 4891 2301
1 2860
4 3083 4244 2540 2288
1 1754
1 2221
1 3434
1 457
3 1973 1203 1232
3 4332 3083 593
2 4953 4032
2 401 3020
1 3430
4 4392 4835 4125 3256
2 2736 636
2 375 1876
2 1287 3549
1 4581
2 358 4000
4 3728 852 4100 3935
1 3066
2 4846 3699
2 4909 545
3 1801 4250 3610
1 368
1 161
1 2053
3 3333 4151 1992
4 3148 869 1811 3053
4 2911 1927 4330 784
2 2483 2814
5 3637 1092 192 4878 2277
2 901 4919
1 2596
4 3984 779 4875 3822
5 4710 4049 4535 4900 85
2 3505 2519
6 3881 1426 4346 4795 3584 1785
1 4820
2 1642 3629
3 264 4995 3812
3 2012 1571 4864
1 3232
2 3303 429
4 183 121 356 501
3 4390 1520 785
2 2002 1399
3 588 2756 4416
2 2993 4841
3 4290 1314 3706
5 3359 2713 2546 359 3095
2 3331 3090
2 987 3699
2 4585 4313
2 1973 1908
2 4412 285
2 4097 993
1 1709
1 680
4 1723 1600 2982 3735
3 4030 1131 2875
2 2364 843
3 3389 4658 2551
4 571 3238 4326 431
1 1864
2 4698 1012
4 2431 237 1016 1099
2 1087 4943
2 856 2035
5 3726 169 52 420 378
3 583 4196 796
3 26 2462 4006
1 2132
1 3815
1 4426
2 3309 1387
2 1702 1322
3 3252 2194 1714
3 2842 3934 2806
1 1767
4 3155 2849 3723 3075
2 916 4680
2 4261 3811
2 4757 414
2 1773 3697
3 2873 1334 2127
2 2820 2945
3 4945 3813 2387
1 2216
2 2139 2160
2 369 2538
4 4721 4429 3173 579
3 2251 4558 2572
2 4151 311
2 3223 4907
2 2693 1791
2 4523 20
2 1695 3058
3 1878 2882 2297
2 2784 3123
2 2894 601
4 2769 3878 3118 3445
5 4258 256 2848 1996 3200
1 4416
5 3122 2516 133 224 3390
4 4624 1249 595 2359
3 3731 1171 4800
2 4474 4459
1 3481
1 4418
2 1735 2199
1 4384
3 809 3790 540
2 3583 2106
2 1628 3763
3 3168 4116 2176
3 2302 1562 4118
1 1973
2 3713 1746
2 2962 2557
2 867 1259
6 463 2414 2450 3960 1990 839
3 2328 127 1198
3 2590 3708 425
4 3225 1197 4651 3031
2 1306 631
2 81 2210
5 4544 1968 4134 405 3513
5 1206 4530 1408 3129 2844
2 4109 1332
3 3125 3500 3185
1 1916
4 2121 3377 2767 2954
6 3366 2303 2917 4156 4052 3762
1 3625
1 4603
4 2585 4816 1090 35
2 3989 738
2 4345 3648
2 2925 3759
1 1649
1 3014
2 3783 4267
2 513 902
1 2886
2 3462 482
2 2725 2152
4 576 4443 20 266
8 936 3709 2182 997 3235 4609 3328 106
3 2943 2937 704
1 3859
1 3318
2 4319 894
2 2156 1254
3 291 170 1448
1 3137
7 294 4024 2116 3874 4554 3819 2985
1 2386
1 1995
4 459 1711 4997 763
2 1629 4948
2 2984 3928
3 1451 487 698
1 1552
4 2648 4141 3426 377
1 3108
1 2625
3 576 1843 2504
2 680 1338
1 3111
4 4461 3574 2259 2672
2 1312 1106
2 4753 3849
1 3480
3 3607 1905 3099
5 473 4226 1946 2839 2242
1 3435
2 4227 3103
2 1241 4952
4 3903 3233 4101 2076
2 2574 1402
2 1724 983
2 4695 1694
3 1239 2125 2428
4 4850 3035 4083 624
3 1708 1626 2561
2 4131 2129
3 3974 3164 246
6 2057 3726 1765 3038 3912 1613
4 4075 4569 4463 3033
3 4653 4686 1109
2 851 3064
3 2746 4712 4321
2 1750 2903
2 4435 1547
3 4998 3062 24
5 1640 3759 3194 1811 4284
4 1190 2673 2160 3189
1 318
3 3880 3165 45
2 3884 3598
1 1229
2 4296 1492
2 3089 3400
1 360
4 3381 98 1648 519
3 3238 1713 1587
2 142 959
1 783
2 241 2660
1 98
2 3368 1928
5 3813 3674 3592 4329 1810
1 2914
4 2962 1179 1814 2801
2 1041 2032
4 1098 1188 3979 4124
2 4592 1865
3 4873 1592 4128
2 309 1234
4 4656 4291 2247 4890
3 3014 1669 717
2 1851 4896
3 1480 1571 1085
1 4991
1 799
3 2251 4848 2381
3 3554 2230 1956
4 1808 3936 1058 2362
1 919
3 1854 3121 808
3 3230 3133 3346
4 2890 1009 4835 1127
2 1579 1930
4 2793 3049 193 2763
4 754 4770 2521 697
3 2034 3671 1325
3 2334 2261 2810
2 796 3925
3 4258 3025 492
5 2300 2822 2743 2866 4809
2 4849 1020
1 547
2 980 331
5 1991 4969 1097 562 3533
2 1617 165
5 3668 443 4286 4322 541
2 3779 4132
3 111 4918 3578
1 2769
4 861 2215 1255 3602
2 1024 3064
1 4631
1 995
1 4630
3 3131 27 3421
2 1053 4575
2 4227 1215
2 1536 423
5 254 2039 1844 1536 1421
3 1724 3130 4601
1 1200
1 1629
2 1590 3452
2 1035 2181
1 2062
1 3036
1 2431
2 2625 4612
2 1326 1878
2 2209 1371
1 1314
1 192
2 2541 2467
2 1956 4637
3 3501 1695 2407
2 4787 1135
1 3923
1 4236
3 4098 2102 2850
1 4055
3 2552 1202 3510
1 3298
6 3911 3779 2723 3766 2363 2525
4 781 700 1859 4866
3 2754 2443 1863
2 3266 217
5 3986 1656 1116 2503 1535
1 4538
2 1260 3028
2 1555 196
4 3058 3703 4308 2384
2 2911 1014
2 2822 4774
5 2427 4811 1579 3262 1167
7 4522 3655 2396 2367 2119 2147 2851
2 4573 3165
4 2196 58 2750 3682
2 221 2976
4 2330 3568 3113 4415
1 1781
2 3082 956
6 2121 90 2181 1721 4405 4616
5 4175 1955 4940 1780 4667
2 2997 3140
2 1736 827
4 78 1113 300 3885
4 1112 4198 789 638
3 1489 4806 4868
2 865 4528
2 813 2753
3 2617 2806 2603
6 2107 4401 420 3428 2394 563
3 57 1598 1456
3 2455 1969 787
1 2136
1 2211
1 3728
2 4120 3011
3 4079 4088 320
3 4412 1006 2675
1 4252
3 3304 2947 880
2 2144 4020
2 1822 1527
3 1557 1298 599
1 2518
3 4901 3922 2774
3 3228 1871 1718
3 4095 3860 3893
1 1559
1 3885
2 4931 3220
2 4756 3926
2 930 2894
4 8 2537 634 4419
2 3418 2196
3 4136 2463 1799
3 4022 302 569
2 2304 1215
2 1788 4999
1 716
3 2463 4441 3622
2 1330 4427
2 55 2591
2 373 4164
2 4016 135
1 1492
2 4534 415
2 1874 4998
3 2524 774 4301
1 1176
1 1707
3 4929 560 667
2 2014 2325
6 4586 3727 4615 2691 4457 2149
1 2446
2 2213 3646
2 4694 2352
2 2747 949
2 4473 2154
3 2214 337 3438
1 1622
2 1669 3376
4 4450 659 3326 3216
3 2454 2045 3899
2 4079 1260
4 2705 666 161 1549
4 11 2044 946 2332
8 2439 2977 2243 532 1916 141 230 312
4 778 1703 1783 3256
1 2173
1 4826
2 4885 4211
1 604
2 2671 3009
5 1892 1836 3483 3950 2081
1 4776
1 1335
1 1134
3 1865 4046 121
6 1116 123 299 3897 809 1680
2 591 234
1 2714
4 4356 1815 4255 3085
1 3842
1 91
1 3498
1 2418
2 4707 2272
2 1951 462
1 1223
2 1608 3298
2 1942 3641
2 1804 3082
1 2693
1 477
3 1954 4512 2985
2 3463 779
3 1185 2728 2961
1 4745
4 1141 495 4725 2282
2 4934 1889
1 389
4 1141 567 2038 4431
2 3522 2745
1 1099
3 4136 4050 1568
3 4151 4317 3430
1 102
2 1758 1805
3 4464 900 129
2 3165 1776
3 576 2161 4696
3 1208 4559 2907
2 473 1586
1 4774
4 1197 4534 913 1275
1 3395
3 2310 3747 4296
2 1482 4077
2 250 4678
3 2690 3637 219
3 824 4259 298
2 14 4626
3 4243 4849 2984
6 3752 1202 2518 1177 4072 4707
2 2191 4029
2 3810 2578
1 4287
3 4976 2039 188
5 1122 3675 2261 2535 2927
1 3067
2 1750 996
3 2026 2769 3145
4 924 2323 4365 2027
2 31 2287
2 311 2536
2 2785 4559
1 3678
3 4395 3440 2045
6 1423 2576 3915 2629 1678 849
5 3499 891 3431 3297 2375
6 1605 3066 2321 2008 1834 4568
2 2793 1942
1 4354
2 4314 2559
2 254 3139
3 127 2538 1336
3 4994 2772 1251
2 4938 632
2 3545 4561
2 2089 2834
2 2116 242
2 3904 452
2 1709 2996
2 881 3038
1 668
1 4383
3 1037 2481 994
3 3702 2643 1479
4 1629 4837 4023 3352
2 4745 3513
1 1490
5 4818 1347 2637 353 4814
3 4596 4159 2638
2 3137 4185
4 2789 1445 1753 1025
1 4877
1 4058
1 2119
3 2342 1303 4048
2 1401 4475
1 2458
2 4448 3904
4 635 2449 397 1786
1 1907
2 3562 1984
2 4830 3856
4 1289 3690 2491 2542
2 2513 4800
2 2603 4756
2 1099 1202
2 493 4424
1 3270
2 2239 1917
2 4567 1965
2 3189 4119
2 603 1098
1 4726
3 3726 475 4224
3 1273 981 4923
2 3098 2689
2 3711 3908
2 4198 3246
1 872
4 3342 4049 2946 3546
2 3376 4149
1 435
3 1797 2318 1737
4 2614 4966 271 2940
3 1790 4347 3110
3 4425 4734 4608
1 4422
1 3295
3 1588 4801 2627
3 4932 3374 2400
2 2074 4456
1 4483
1 4885
1 2690
1 3035
4 4613 4141 499 2102
2 2273 3755
2 2326 2696
2 2511 2182
2 1620 4213
3 2130 878 2679
3 4734 1988 3197
3 4511 1682 3992
4 1481 2619 2074 1569
3 3548 731 1160
2 560 1267
3 2252 3943 2388
2 4672 405
2 3869 3470
1 292
2 4436 2845
2 3079 1804
4 3757 245 409 3332
2 1041 554
2 2102 1072
1 622
2 2648 1826
3 207 1340 1975
5 324 1552 1010 889 244
2 65 3459
1 753
4 15 1611 2092 1794
2 217 4414
3 3869 3919 3926
2 1803 1794
3 3624 4445 1209
2 4672 266
2 2511 348
2 3638 2031
2 3107 2250
3 86 1828 3042
2 1217 2762
5 3310 3921 4740 2579 2837
4 559 995 2175 4363
1 4560
3 442 117 1109
3 4089 1437 3918
3 1173 367 4061
2 4177 1521
2 3853 1714
2 3494 4438
5 549 1047 4380 3890 2091
2 4387 4587
3 1152 3491 435
4 4552 3938 871 1297
2 3815 4275
1 3713
4 3321 2089 4496 4184
5 3376 2184 4219 1397 2575
5 2793 90 1026 3064 3999
4 3209 75 430 2382
1 4824
3 2197 1711 2405
1 1180
2 2466 2970
1 323
3 1842 15 399
3 910 407 1746
5 716 1633 4685 720 4313
2 2539 3215
2 2541 3875
2 1096 4418
3 4708 3061 3396
1 1585
4 148 4979 1240 489
1 878
2 3657 589
1 4713
1 664
3 3525 4510 4166
2 654 148
2 4590 3339
4 1726 364 2458 2698
1 709
3 1337 3520 3585
2 833 1244
1 3881
1 4198
4 2853 1444 4746 4772
2 79 4045
1 2764
2 643 2527
2 4245 3178
1 2498
3 4410 4394 4350
3 771 4794 2679
1 1562
2 2911 556
2 1063 4154
2 4009 672
1 4783
2 348 4915
4 603 2159 2126 3658
2 447 1334
3 3385 4514 2356
2 3430 854
4 1098 4002 632 1367
6 3914 4974 3635 3572 1872 3455
2 2950 1372
1 4749
3 3629 615 2882
2 2130 975
1 1971
4 3161 1190 953 1162
2 2012 2059
1 2252
2 2328 4703
3 3904 2827 930
5 3619 3565 4178 4107 3960
3 2655 249 866
2 2671 4079
2 3411 4052
1 4035
3 4655 4657 2465
4 4583 3559 1116 2874
3 1106 4293 476
2 2824 4199
5 3233 4756 724 1532 967
2 3923 4045
1 4935
1 116
2 3548 635
1 3725
4 1723 3104 471 6
2 2528 2543
5 2643 1351 2598 2478 4223
1 4827
1 3182
1 4512
1 4631
2 4411 1667
2 2113 4640
4 125 4774 209 3047
2 2971 991
2 3525 616
3 1411 2456 1637
5 362 3747 4743 4786 346
2 2580 3736
1 1058
5 1510 4380 2822 4770 4413
4 4694 830 2849 4048
4 2104 3146 1899 4939
1 3998
2 1638 2118
2 531 1612
1 4927
2 943 1014
5 1102 61 4163 12 3134
2 352 665
2 1526 76
2 3732 1789
2 4226 3184
4 335 4122 3849 1863
3 1591 1504 1661
2 673 3671
1 3663
4 1969 510 3108 2885
2 108 2025
2 2351 1892
2 2957 4495
1 356
1 2359
4 668 4732 3619 868
2 3763 1988
1 1519
2 2647 198
2 4514 1138
5 2656 4098 4152 2528 3739
3 3613 4852 3559
1 4097
2 697 4576
2 3276 4335
3 4060 818 4171
3 2080 2786 3476
7 2201 1120 1534 644 193 3068 4804
2 4445 4494
2 4100 4889
2 1778 3985
5 3551 2973 2617 2015 1491
3 4749 2632 388
1 468
2 614 1768
2 1654 325
5 21 2023 2861 2366 833
3 3548 3781 565
1 1364
3 2965 2889 3356
6 2808 1001 4027 2729 3479 4765
1 1533
2 4591 1451
4 2463 2243 3327 2298
5 1401 4604 4589 489 1779
1 4322
3 2033 4134 4925
2 3764 2645
6 2931 2562 542 3981 4375 3291
2 29 1665
5 3072 3860 377 1558 817
1 2842
2 1938 1591
4 2591 2631 2143 134
1 2009
2 1273 2102
2 682 4199
1 3229
1 1773
3 3517 3823 1174
2 1216 3543
2 1220 1727
1 4828
4 4107 4293 314 4573
1 4543
4 262 1202 2807 3606
1 1179
2 22 3909
2 4827 4485
3 69 2815 2499
3 1888 1927 3180
6 2413 2225 581 727 276 3734
1 1778
3 3170 4956 3605
3 183 1139 4495
3 1867 2421 4584
4 2489 3146 4054 3891
4 3365 1806 126 1384
1 1789
2 4396 3770
4 2408 3373 2457 689
1 1111
3 3895 4208 423
4 2454 4764 153 1589
2 3231 1778
2 1215 916
1 224
2 4279 2409
5 2631 4503 152 1419 140
2 504 2179
1 2137
2 1931 1704
3 2783 3413 4256
2 4555 2530
8 954 1574 1487 885 3981 533 3950 4080
3 4198 4642 1360
2 73 1474
1 2608
2 2068 4548
5 4567 3018 1324 2547 1921
1 4023
2 2986 2955
1 1817
2 2009 2275
3 3394 3 3758
2 3225 4646
4 321 1046 4051 4696
1 2178
1 2983
3 3847 4495 2146
4 1472 3057 314 4312
4 4872 3082 2137 458
2 1211 4018
2 2406 3427
4 4169 1660 4590 2312
5 4751 2195 3052 3497 3855
2 4212 661
2 2381 2181
2 3911 2245
2 1329 396
1 387
2 4719 31
3 4505 4796 850
1 207
2 3730 2226
2 2309 3014
5 2137 710 1631 1775 1641
2 4288 3573
5 3122 3003 1302 3951 3424
4 3289 67 299 529
7 3251 2385 2953 3987 470 3871 4529
2 687 2843
5 4103 61 4633 4349 3722
3 4406 3040 669
4 861 52 3601 4313
2 2814 791
2 3669 746
2 2993 960
3 3588 2529 1218
1 2216
3 4766 1824 1094
2 2105 3618
3 1152 3742 1782
2 4520 2860
6 148 3740 4458 4033 1450 2005
2 3975 1051
3 4551 1341 2424
4 2392 1566 1283 909
2 4604 4747
6 3353 578 3587 2593 2 1908
3 275 507 4201
2 4248 647
3 2897 150 2312
3 2619 2873 435
2 2788 3360
1 656
1 519
2 4013 3447
2 2022 4263
2 3463 613
2 3702 895
3 3130 3073 4810
2 4092 4258
3 2760 58 3902
1 3067
4 981 2034 3048 3614
1 3645
2 3797 2540
2 1829 3217
2 2850 3884
2 636 384
2 590 526
6 1022 3940 1734 3677 2779 1915
2 4041 341
2 868 1871
1 896
3 1183 2461 558
1 234
1 1882
1 872
2 4575 1432
5 348 3217 957 1291 3181
2 4323 3939
2 3635 347
2 1270 1927
6 1389 1670 4897 4090 1066 3076
3 3838 3917 4508
1 479
2 2342 2429
3 1902 1267 1134
3 1258 443 1355
3 11 1856 4351
4 1592 3046 854 3889
2 1758 3923
5 3847 4912 1861 306 1652
6 1211 3994 1624 4316 3794 2403
2 3793 2874
2 4598 450
3 4327 3941 4797
3 3765 4198 1523
2 181 3823
1 603
3 3984 203 2865
5 1510 29 1648 319 1460
5 2823 2105 860 439 4362
1 678
4 456 448 4250 1354
3 4609 4446 1947
2 4890 2261
3 4477 1643 1331
1 4883
1 4126
4 3362 2808 4978 1894
4 2661 4718 3016 4665
2 955 2974
5 2014 3146 3021 259 2502
2 2286 2258
5 361 3007 1262 3496 4173
2 993 2606
2 4798 1049
2 1453 2893
2 3090 1514
2 1050 3962
2 316 2876
2 2968 2185
2 3657 3798
3 2621 2221 4988
2 3992 4528
1 4405
1 3993
2 4831 1534
3 1865 620 13
1 4249
3 207 1756 2378
1 4912
2 4671 4308
1 2655
2 2864 2076
2 1495 2264
2 4304 1874
3 2609 4946 3784
1 90
2 2859 2914
1 4689
3 1757 1557 3319
1 614
1 2892
2 1664 4602
1 2616
2 3707 3792
2 2410 645
4 4924 3603 3106 4297
4 1470 305 1083 958
1 61
4 4503 2456 4973 1490
4 1079 2682 3490 4464
5 1386 104 2604 580 1378
1 3713
2 3412 2725
3 654 708 788
2 1666 342
1 3084
6 2505 2778 2324 4172 3263 3648
2 1246 497
1 2849
1 1653
3 4041 2729 4750
3 618 4305 3870
2 1385 4637
2 2173 1049
2 619 3879
3 3459 2434 3474
2 373 3865
3 2776 3728 4970
3 4620 2659 1446
2 4127 464
3 3090 1409 4376
2 3511 1740
3 490 2919 2055
2 1150 64
5 3035 4261 933 228 4833
5 3868 4192 2488 4600 1742
3 722 1946 3133
3 3527 2971 4877
3 588 1713 1960
1 1390
2 3767 3134
3 4749 3240 3265
2 4121 2553
1 158
1 2619
2 4226 3790
3 4001 3492 4550
3 3674 1557 4239
2 4568 2231
3 3263 1429 5
4 459 4134 2929 4697
1 3680
7 1922 397 595 4592 4507 4512 4387
2 2544 3315
1 4053
2 3299 1240
1 1641
3 1928 1472 687
3 973 3761 4
6 2054 3113 2404 2322 1396 1475
4 1492 3388 3558 3408
1 4045
3 1231 1392 4214
1 2272
3 4114 3427 4952
4 331 4328 573 3665
2 1938 121
4 1699 3217 3716 2901
2 3122 892
4 2857 1906 4423 1966
5 3548 2751 2356 3918 222
3 2532 3375 4730
1 192
2 460 3784
2 3487 3914
5 2319 2273 3474 399 2558
2 2413 2519
1 3483
2 4857 3261
4 3569 167 3791 3211
1 845
2 3172 324
3 3474 2255 3267
2 4887 3994
2 549 3095
5 4698 2700 98 2374 641
1 2625
1 4784
4 1453 1476 2299 191
2 837 2816
3 3012 3996 2342
1 2953
3 523 139 3162
2 2334 2307
2 3495 2292
6 4541 1238 4000 1768 699 3780
3 4400 3770 292
4 327 670 3796 4183
2 2118 359
3 4238 3457 2496
3 4656 1191 1652
2 4155 3948
3 2007 4413 1548
1 4859
5 4776 2747 210 3945 2731
4 4823 836 1406 1199
2 3310 3692
3 3726 948 1596
3 1967 2265 465
3 546 2103 4352
1 2918
4 1210 2084 726 539
2 4011 194
1 2097
1 2136
4 1212 1464 2554 1693
2 3055 3559
1 589
5 362 4035 336 3820 2335
3 1265 4672 2407
1 4709
2 4391 99
1 4580
4 2031 2707 4107 1919
3 1803 1140 4241
1 1562
1 171
1 913
3 1504 771 1436
2 4578 709
3 4249 3121 2838
2 4378 3743
2 1258 2709
2 1802 634
2 4148 516
1 3150
3 4342 2658 4605
2 3692 3646
4 786 2235 313 1537
1 889
3 2968 189 3800
2 2205 3628
2 3221 4505
4 3728 4709 2401 1885
5 4315 4503 2418 4957 1985
5 2814 4538 3071 1966 905
5 957 2609 2171 4121 4350
2 2669 647
5 3453 4300 761 2812 3825
2 734 3827
4 3793 1310 3927 1275
2 1380 2041
5 901 2262 3934 646 95
3 2699 1616 427
6 2416 2791 4759 3593 4772 255
2 3500 1573
2 3939 2952
4 375 1827 3890 4445
3 3547 4969 2493
4 241 4077 1349 1841
4 4968 713 4294 4182
2 1097 1461
2 3005 4734
3 545 60 1845
1 1465
2 3540 257
3 1230 4689 890
4 1234 2207 1339 3956
2 4553 98
3 2691 1594 3755
1 4807
3 1409 1040 4523
2 1602 3280
1 4840
4 4892 4168 1435 3710
1 1761
3 2190 3257 4882
3 1052 1574 1119
2 3272 2846
6 3395 2931 795 3698 4252 1685
3 4037 3090 537
2 2392 335
2 94 1229
3 4587 3638 881
1 1617
1 3361
2 451 2994
2 1295 4115
1 2944
3 3742 4723 944
2 4437 1286
3 3962 2518 3563
1 2686
5 202 2636 4024 1605 4110
3 2000 2749 1023
1 4754
4 2661 4195 2459 4367
5 511 3771 41 3864 280
2 1497 105
1 1696
3 1209 4146 4882
4 1472 3569 3530 3905
2 3314 1139
2 1620 2772
3 3405 3591 4780
6 2236 2969 2212 1271 277 3430
1 3341
4 3704 4212 345 2083
2 3562 3067
1 3898
3 3674 580 2174
2 292 3214
2 2122 2245
1 4858
3 4192 1517 3403
3 1428 1625 4082
2 546 3623
3 2270 3488 4735
1 1888
2 747 1513
3 2799 1656 2283
1 4998
4 4643 1546 937 673
1 1604
3 2574 370 4558
3 630 2165 856
1 4811
2 394 1890
2 3360 4413
1 1666
1 501
2 2095 3123
2 64 1555
4 4003 3354 4537 2338
2 1835 278
5 178 3300 3253 3561 225
2 4826 3692
4 649 1600 4690 1381
2 4400 4059
2 3118 2149
2 1877 1820
2 175 1468
1 2306
2 4990 160
3 2609 2418 3253
6 3487 1827 4918 1225 696 585
4 1395 3783 2396 1388
2 1790 4907
3 2182 4651 3760
2 2541 4964
2 1627 1825
3 4447 3263 4381
1 4708
3 3620 2990 4336
3 1130 3618 3213
2 1375 518
3 223 2953 3627
4 3113 2052 2733 239
3 2485 4876 1183
5 3730 4208 750 1129 796
3 2311 2786 1663
3 2347 4384 4324
6 2414 2190 1096 566 537 4209
3 3559 3967 3661
2 1877 86
3 3063 1179 4782
2 1646 4037
2 1066 794
2 1510 580
2 1884 4464
3 671 3908 2224
2 4031 2566
2 3049 2808
2 373 174
4 3050 2016 2100 229
5 368 2230 859 955 3421
7 1892 3252 987 941 1751 2871 1493
3 3990 1660 3886
3 3603 2010 834
2 4136 4738
2 1558 3150
1 2947
5 2253 295 2178 4960 3809
3 2831 1593 3873
2 3152 405
2 1630 4256
2 1735 384
3 4530 4730 3120
4 1687 3181 4561 961
1 1454
4 3061 3894 4884 3644
2 2210 2306
7 2766 513 3271 3341 2630 4123 85
1 2468
3 2890 750 1535
1 460
2 621 526
4 183 3446 3098 1459
2 2067 1763
2 1443 1172
1 4811
2 2538 4789
4 4674 1949 4044 2030
1 4622
5 2727 4885 4236 4888 3978
4 1563 1967 2019 3431
2 1318 2635
5 1347 3342 3027 2961 2459
2 3618 2706
4 2370 600 4324 257
3 3539 2116 2222
3 2040 370 3945
2 3067 2172
3 4534 2086 858
3 2533 2410 180
2 2202 3399
1 709
3 1171 748 1233
1 1051
3 4215 3598 598
6 4817 275 2721 3279 4523 735
1 1554
2 3520 1624
3 2514 500 773
2 4018 1852
4 3712 2458 2867 1358
1 2075
2 3623 328
2 3860 1084
2 1654 3815
2 2448 563
3 2859 3237 4448
2 4490 4748
2 4648 3489
1 3559
3 969 1413 56
3 1879 1095 773
2 113 4246
2 4004 897
1 3941
1 3498
5 900 4793 815 4584 3400
2 2454 4215
3 1552 2789 23
1 652
3 434 900 2386
3 4998 1930 1138
2 758 965
5 4058 1076 4285 3879 4863
4 2302 4893 475 4494
2 818 469
1 4040
3 2815 3004 1183
1 420
6 3797 3241 2172 3428 3528 3693
2 3567 3654
2 2476 270
2 3748 1646
5 403 1076 551 365 1913
2 651 1663
1 1733
2 2699 463
3 4567 1804 722
4 1776 2780 4910 4702
4 3680 4103 1564 574
2 4106 2548
2 2911 1266
2 3307 2400
4 3714 4051 2194 1601
2 3450 1669
2 3906 1629
5 2891 4163 4186 2420 4459
1 1063
1 1865
2 2534 2490
4 3499 91 1524 1403
1 4674
3 1298 2490 4676
2 1267 1272
2 1454 3576
2 3424 2028
2 2699 329
5 3109 4675 26 3602 3889
5 1941 2642 3111 2726 3191
2 371 1321
2 639 4283
2 4948 2875
2 297 972
1 2252
4 1369 4902 918 1657
2 852 1676
1 4472
3 4148 1395 3212
1 2074
4 369 2124 3943 1485
1 3891
4 389 603 4726 2365
2 3968 4525
3 2727 2879 616
4 2778 1778 3359 857
2 2937 1261
3 1239 1156 3533
1 4181
2 4631 2813
3 1106 38 3749
6 3974 1030 1722 3830 4707 4521
3 3804 4981 2957
1 816
5 2719 4023 3255 4487 4939
2 4603 2585
1 1352
1 3318
4 3690 2728 4129 166
1 111
8 4924 3036 1032 325 3173 1964 3760 4711
3 3357 2710 903
2 2581 1287
4 2634 3878 3016 4785
2 4293 2162
1 3756
3 293 365 4593
2 2046 2025
1 1916
4 4632 1937 2904 3076
1 2663
3 362 2641 2920
2 1533 1472
1 2414
2 4756 230
3 1904 309 4954
2 2211 284
3 3496 4679 1825
1 2794
3 223 208 799
1 669
2 842 3685
1 2108
2 4413 2908
1 1081
1 4229
1 3130
3 4192 1605 1909
1 3180
2 2349 3363
2 3725 813
2 271 4760
6 432 2406 4545 1901 2983 2429
2 3154 2802
2 189 2825
5 265 3661 4262 4549 3566
2 4004 628
1 1518
4 3353 1861 3136 596
2 3849 1697
2 950 2364
1 368
3 4314 3992 2240
2 1458 3284
1 4363
5 2370 288 1103 4628 2283
5 228 1404 3837 4597 407
1 3865
2 984 4386
2 948 2732
3 3833 3225 1477
1 2707
1 2400
2 1362 1020
3 2445 3708 2745
3 3732 3509 2987
4 2135 2816 4300 3380
2 4945 3988
4 3793 4807 611 2257
2 4454 3342
1 1923
4 4724 3086 742 1671
1 778
3 3126 1409 2782
2 3180 3643
2 614 3780
3 4153 4105 4506
4 1749 4347 2695 1153
1 2997
3 2565 915 3796
3 1024 3909 584
4 3146 936 2577 658
2 2963 2388
1 1958
3 2943 2041 782
5 2576 770 2074 1417 1866
1 1736
3 326 1115 3622
1 4097
1 48
2 1024 647
2 4718 1594
1 840
1 170
3 3980 941 1290
1 1489
2 536 522
4 12 36 4688 3072
1 2971
2 4325 3435
3 1152 4779 645
2 3730 733
2 3990 3535
2 3789 1181
2 3953 1151
2 1758 1370
2 2103 3379
2 2370 998
3 3318 4736 1305
2 81 877
2 2806 2535
3 2360 2371 2446
4 4562 169 1315 2381
1 2914
1 3802
3 3484 2421 4302
2 2308 1325
3 3369 2887 62
1 4602
2 4040 4985
2 4629 601
1 4542
1 2102
2 183 400
2 2113 4799
2 1647 659
4 196 2899 873 1264
2 3646 2508
2 1802 3874
2 1592 1507
4 2532 3975 351 853
1 67
4 3590 3492 4987 4599
2 512 4095
4 515 1057 4425 641
2 256 3392
5 4105 2463 2830 3045 1650
3 2753 2249 4581
2 2221 4306
3 1978 3896 3493
2 4635 4675
1 22
3 1791 4995 2979
2 3965 2681
3 2947 1236 800
2 1052 1376
4 605 3535 4649 2610
4 2080 3374 2364 1823
3 323 518 3677
3 4932 1250 1196
2 795 348
1 463
5 3940 290 596 4744 4082
1 3246
8 4734 2410 2652 1209 1343 251 4714 2504
2 4575 2172
2 2808 2543
4 3236 4942 3826 4869
2 3731 1024
2 1837 767
1 513
4 1940 2498 2426 982
2 3535 2508
3 1473 3581 2231
4 3254 684 2989 4515
5 3590 3946 4281 4072 2365
5 1808 410 838 4577 3473
3 1249 3233 1344
3 4689 2981 3037
1 16
3 2106 3512 3043
1 3269
4 4798 2516 33 4729
3 4520 488 4920
1 3437
2 3913 4602
3 207 1195 3417
3 4382 3436 4479
3 2386 299 3008
1 3277
1 2044
2 4956 3025
1 4485
4 2727 3338 1839 339
2 608 4669
1 1053
2 2229 2868
2 1785 3128
3 1230 1904 3461
3 1267 4034 1792
1 3491
1 2795
4 91 1266 2144 1662
5 2655 1708 3276 760 2043
2 456 580
4 1878 3081 538 2212
5 4450 21 287 2545 1775
3 4001 3476 3626
4 639 2628 4518 3805
3 4095 1082 1849
4 4175 4689 3408 4705
1 2673
3 3298 4444 413
1 1546
2 309 692
2 1946 2487
4 1884 4652 4317 4673
3 506 928 1961
3 2202 1148 3441
3 3289 2264 421
2 3742 2895
2 4215 3041
1 4981
3 4638 3104 2224
2 1813 1234
1 3123
3 3853 4113 3345
3 426 4682 1056
1 4821
2 2649 2022
3 1413 528 1028
1 599
1 4638
1 4655
3 350 4753 4235
3 3294 4660 1218
2 321 3041
2 3406 2171
1 2831
2 265 3807
2 208 654
2 4425 274
4 2012 571 1511 4966
1 901
1 2195
2 4807 3442
2 2450 545
3 3666 4492 4430
2 4611 2665
2 873 4252
1 1073
4 4659 956 1805 2635
2 2919 4176
1 555
3 4485 567 1360
3 2519 499 2779
2 4193 3626
4 3672 3707 379 3610
4 237 3498 566 1155
3 4760 749 2520
1 2009
3 2489 1643 2670
2 775 226
3 2289 2198 1785
2 2318 136
5 1021 3988 3852 3686 2091
1 1813
3 3986 122 3720
3 1251 4324 1447
2 3896 1689
2 3784 4711
2 4551 2412
1 3520
2 3453 2801
3 3331 3896 3579
2 1063 1936
3 3545 327 3617
1 4412
2 1698 4701
1 516
1 4446
2 2155 1850
4 4421 414 3741 2127
2 1611 4249
3 3229 4852 4706
3 4164 4015 3030
1 4768
3 1638 1765 4241
2 2421 2694
2 1399 4776
7 3243 1616 1328 3825 520 2238 4951
1 3728
2 3062 4131
1 189
1 1262
2 2370 2385
3 3351 4157 3282
3 2969 2472 575
1 1295
2 11 4077
4 2527 3989 2437 3222
1 2560
2 184 4745
2 2379 3939
5 1577 1529 2209 4369 166
2 307 3662
3 2655 3061 2428
1 4290
1 838
2 531 2681
4 4916 4838 569 3696
3 2778 4293 1153
3 488 3890 4564
5 1758 344 3744 2469 4509
4 3495 4953 2684 0
5 2817 4909 4975 4012 4769
1 3090
2 4574 3691
1 4591
1 1564
2 4068 3026
3 770 3348 3372
4 1800 1241 496 3485
2 3385 4132
5 19 4360 1507 261 1358
4 1203 933 742 1348
2 4550 394
2 532 4635
2 4624 2929
3 3697 4206 3420
2 3377 3892
3 2266 254 3123
1 18
2 2856 1837
2 1358 975
3 3661 762 3230
3 1759 4876 4555
4 1602 3190 4403 3778
3 3621 1547 2474
2 4414 1298
2 1207 3973
3 1139 606 2809
3 913 1010 3966
2 4385 2951
1 1153
4 1528 25 3565 2132
2 3673 4185
4 719 1698 2905 2987
2 3289 546
3 1292 4027 3493
1 4876
1 3642
2 3712 3522
6 1699 3640 2053 4893 4556 5
3 123 3896 3151
2 4264 260
2 4741 2335
1 236
3 4876 2721 3399
2 4304 4830
4 1337 1366 1442 3795
1 4380
1 3879
1 3194
4 4366 2345 3845 4423
6 1006 1838 132 1741 4253 3069
4 3746 1723 3642 862
2 2656 3980
1 700
2 381 2257
2 996 3436
8 3082 2753 64 570 3805 2155 602 1035
3 1414 2049 1038
2 1311 4486
1 3202
1 3446
1 4801
1 3289
2 2609 3236
3 4685 2281 2820
1 1716
1 2827
3 1642 4643 3872
3 1623 2383 461
3 401 2645 4147
1 165
4 3039 4566 732 2075
1 2893
2 387 3358
4 1399 153 4661 909
2 4303 2084
3 2296 1503 4368
3 4930 1731 3188
7 2613 1134 4247 1606 4819 3186 3580
1 4267
2 3730 1651
1 1166
4 1073 4565 4388 2399
1 1704
4 2441 3866 3208 1226
2 4461 4470
2 227 152
3 3582 598 589
1 2206
2 3693 914
4 4066 4942 4620 2291
3 4768 2876 1739
2 1816 4894
2 598 3703
2 4690 2287
2 4177 1286
2 81 4394
1 473
5 4672 3058 1943 4092 4811
1 4454
2 551 3124
2 810 784
3 3564 4471 4742
3 3154 3944 1572
3 3564 922 1108
1 2996
5 4489 2802 4881 218 2003
2 4473 1521
2 1501 4627
1 1082
1 4880
4 984 1235 210 1913
1 3811
1 265
2 482 3237
2 2142 1423
3 272 408 4432
3 227 2209 1228
2 1790 3833
4 3477 4651 3963 3458
2 4454 1337
2 4220 4146
6 1470 4226 594 1982 2435 4388
2 4221 1527
1 2285
1 3355
3 1170 4275 1167
1 3015
2 2036 280
3 915 4465 235
1 2328
4 832 2495 1299 1067
2 3509 4617
3 4946 1406 3124
2 2690 1298
3 394 4345 1590
5 4010 4448 4416 2472 3841
3 4081 458 4647
2 2104 2815
3 2605 488 863
3 4839 1267 2494
4 3591 1148 1221 3292
2 3116 1071
2 3347 3704
1 3894
4 3929 2599 2825 2999
4 2016 2153 729 702
1 2769
2 710 4516
2 4207 2062
1 3557
1 1891
1 4448
1 4522
3 3360 4249 3323
3 4096 3513 1950
2 3964 3987
2 2969 637
3 1106 4258 4508
1 3126
2 4720 3518
2 2853 4402
3 779 631 2267
1 2526
2 1154 825
4 3811 4339 2417 1107
3 3719 2919 1762
4 2763 1017 4713 1990
3 1258 3025 992
3 1708 1833 244
2 4033 895
4 4319 1684 2832 339
1 3335
3 2917 4240 3423
2 1181 421
1 1091
1 4420
2 3915 4131
2 1159 166
4 3613 1953 636 2094
2 1754 1791
6 4402 1909 53 3452 3436 4006
2 1504 4061
2 419 4356
1 503
2 2066 4123
1 2409
2 361 3483
3 2124 1076 4594
2 1654 4655
2 1280 3587
2 4400 2405
4 2497 4540 3334 3396
3 3529 16 1086
2 778 3746
2 408 4176
3 3630 3550 3885
2 2591 3864
4 1738 1816 3713 1017
1 316
3 365 4472 3106
3 1472 38 4039
1 634
7 4854 1080 3568 2712 3267 3415 4272
4 671 1116 3017 926
4 1197 218 1573 1123
3 3998 2894 2187
4 2303 4497 4289 780
2 827 412
3 2784 97 2771
1 976
3 3681 46 4799
1 3638
3 2062 3738 2160
1 4987
3 1118 4644 4524
2 936 4553
2 3169 3590
2 350 2218
4 3529 3998 34 1505
2 4962 1618
4 3583 3227 2462 3350
1 322
6 4527 959 3948 214 3311 530
2 2646 205
1 998
2 4348 874
1 4048
2 1398 1976
1 4109
4 2922 927 3541 480
1 3931
1 4261
2 3587 661
3 1249 3210 186
2 1550 2877
1 4145
2 951 12
2 493 1229
3 2449 470 1085
1 4185
2 215 3536
2 2971 1293
2 69 3720
2 1155 3796
4 4420 1144 774 3817
3 4764 4372 1228
4 3040 1857 2893 3414
3 3439 1146 4614
2 1184 2191
1 214
1 3625
1 83
1 3242
5 348 4316 4483 4870 4014
2 2217 4933
2 3174 17
2 3759 2029
5 4651 2918 3228 4070 4144
3 1120 332 1774
3 20 2619 2924
1 3398
1 988
2 3070 4931
1 4164
3 86 1764 3398
1 4631
1 2972
3 1259 4466 821
1 2026
3 822 1705 3949
4 2200 2249 2709 3502
2 2923 1665
6 2273 354 298 3306 4080 839
2 3666 3577
2 2214 3660
3 1586 2785 2673
4 2413 1900 3412 4597
3 577 3828 4898
2 1444 2156
4 1399 3878 548 4905
2 1087 670
2 3166 2947
2 4858 2642
3 3395 1337 2916
2 4548 740
3 1045 349 4693
3 1029 1858 4017
1 2982
2 2643 466
2 2812 703
6 2020 1413 2353 815 2718 222
3 4909 956 1392
2 2955 1010
2 307 4903
3 3160 1514 926
4 1073 3359 3175 2805
2 27 3118
1 2439
2 3619 4522
2 2785 1342
3 4756 1900 2502
2 2318 49
2 381 4859
1 3922
4 4836 1486 1293 4057
2 4856 3947
2 896 1625
1 1609
2 1244 2507
3 4192 485 986
2 759 2975
1 152
1 3218
1 2671
2 937 3242
1 4405
2 4807 4974
5 4992 1880 767 1276 2555
1 3709
2 3152 1326
2 778 2605
1 2968
4 4574 4102 4596 4588
4 1318 3881 1869 3402
2 2965 2323
2 2329 337
3 120 4663 2792
2 611 4659
3 4044 4020 2657
2 2466 3808
1 4134
4 1512 3307 4148 3443
2 893 1190
3 1822 3927 2256
3 1865 4148 1920
1 3627
4 2183 3154 3806 2630
4 2935 1530 4921 1075
2 4018 1767
5 4591 4193 2507 51 1981
2 4645 1911
1 518
2 3156 2828
1 3783
3 4831 404 2846
1 712
1 2969
2 1842 3261
2 4233 2515
2 4847 145
1 550
1 4833
2 297 2300
3 3028 4091 1161
2 1756 960
7 1502 4553 4845 231 2500 2632 2956
3 81 4207 1655
2 1205 1050
3 3792 441 3832
1 1648
2 255 401
2 3542 1129
3 1212 4548 1027
2 4931 713
3 3182 4089 1096
4 1970 1659 1120 2966
2 4421 2714
3 4891 2061 383
3 703 2101 2479
1 3425
3 4258 445 3849
2 3644 1470
1 2436
2 2320 3596
2 750 2705
2 3287 2524
6 1684 221 1534 4630 1896 1132
3 3266 4917 4816
3 360 4397 3440
1 4808
7 107 3336 2900 1980 2292 2568 201
2 1154 3570
2 2806 1067
3 253 348 944
3 2142 3384 2666
2 4252 3592
1 3237
1 1792
4 4643 1980 4405 2115
1 3001
1 2412
3 4315 3021 505
5 912 3838 702 4686 804
4 1409 1236 1199 2021
5 2251 4230 855 1065 3094
2 2272 2012
2 841 2624
2 2879 4528
2 3112 3908
5 4552 2690 395 2398 2944
1 4273
1 412
4 2141 4429 3671 2344
1 3988
1 1329
4 936 820 315 994
1 4126
4 451 2003 2913 2863
2 1939 4773
3 1455 2880 1247
1 4093
2 458 845
4 3434 4480 587 2073
3 1087 2032 1333
4 1757 4004 1583 521
2 3178 4002
2 1729 3871
2 954 1155
1 1786
1 3852
2 3548 4870
2 4553 320
2 527 3364
2 2834 1559
2 3810 236
2 3515 2617
1 2019
4 842 2302 4460 4250
1 2242
1 826
1 2390
3 165 2694 4367
3 1862 560 2488
4 1653 4380 4767 931
3 3824 1287 2412
2 234 1638
3 947 966 4087
1 3158
3 4871 2021 793
2 1311 589
1 3383
3 1033 4390 2974
2 2675 2754
3 3093 2587 2582
5 4190 3129 1722 4065 3283
2 3274 1372
