5000 3
2 2861 4217
3 4808 3899 27
3 3586 3740 4883
1 1744
2 4563 2822
2 1890 2075
0
2 3889 1490
3 1820 3858 3879
1 3255
1 3718
7 399 4255 258 1374 2121 2455 1706
2 2584 4882
1 1780
3 4531 3796 1657
1 772
3 410 4026 1371
2 4339 4381
1 3080
1 1751
3 3381 3040 4741
8 2031 1620 2804 3126 4553 2583 2013 1813
2 4260 2701
4 1798 2947 2372 4801
5 1275 3950 154 3348 4860
1 4583
4 2070 2571 4190 1893
5 1 1701 4408 1025 3776
0
2 3746 3496
1 562
3 4262 2210 4207
2 4950 3326
3 4623 1854 2094
1 981
0
3 3148 1311 1626
5 2538 3930 2897 582 1716
2 2826 4130
1 3653
1 527
2 584 3360
1 2547
1 2148
3 1113 1369 1088
1 4677
1 438
1 799
2 4184 814
3 654 430 634
4 1362 117 4476 4425
4 4982 3210 4784 1454
5 1599 464 625 4855 4735
2 1876 2051
1 2520
3 106 209 2178
6 3298 4818 3739 1948 3936 3773
4 3501 1167 4231 4171
3 4141 836 1757
2 4982 3304
3 1882 1789 4685
1 3031
4 4156 1353 3048 384
4 1331 2667 3741 3792
5 1726 2629 4872 1313 2325
1 3369
2 2184 2727
4 1859 3958 3179 4123
2 2739 2891
4 2890 2027 86 2449
2 4877 4082
3 260 1982 3098
3 4978 3418 3245
2 1341 1112
1 3999
1 2737
2 1300 1273
2 3028 1006
3 3560 3399 4133
2 1493 3745
2 2264 1717
2 1551 2332
1 3430
3 2266 1196 1629
4 3250 2454 294 537
2 4009 386
2 69 3036
1 2173
1 982
2 4977 1218
3 2438 4353 2025
4 3930 3118 3129 2161
1 3410
3 3310 1446 4356
1 971
2 3965 257
3 1653 4365 699
2 137 4648
1 516
3 3750 4266 811
6 4417 710 303 3903 2558 3961
1 1283
2 1169 157
1 3542
1 3415
2 4808 672
2 55 2257
3 4606 753 3913
2 4981 3794
1 1138
1 2491
1 401
3 3332 600 2206
3 4841 2596 518
2 965 806
3 2532 2545 3364
5 2271 2460 2993 4006 4650
3 902 1634 50
2 4016 740
3 2765 4472 4203
1 2213
1 4470
1 2703
2 3775 4346
4 1904 4657 3036 4908
1 1612
2 2220 3299
1 2188
1 583
3 3166 4953 1660
0
1 2126
1 4267
3 2985 1332 435
2 3777 2815
2 2328 1552
5 4262 3670 3852 4342 1700
2 3162 97
2 469 3613
2 1286 344
3 3843 1116 2565
4 4260 3543 1654 2315
2 1800 4361
2 2779 224
1 4738
6 912 1522 2592 709 3077 2226
3 3480 4697 4026
2 4582 385
1 2906
2 390 3739
1 3351
1 3836
4 3555 4407 2090 4727
2 896 3518
4 24 3777 1250 368
1 3152
2 1179 1304
2 102 1252
1 763
4 1524 467 2284 3388
3 2770 2579 1086
3 1892 4512 4287
1 893
3 2861 3035 2203
3 4277 2858 4453
2 2931 964
2 229 3752
6 2709 1997 1522 4973 606 1065
3 2785 3396 980
1 4302
2 2467 717
4 2793 4282 952 3601
9 812 458 4960 2451 3414 970 3872 4272 4406
2 3346 3697
3 237 3086 4101
4 549 3289 2109 1969
0
3 795 2589 2791
2 2559 2433
3 3214 2278 2533
1 1859
2 4954 1721
1 4915
2 4383 3097
3 2408 3556 3471
3 1982 4186 2258
3 3816 2640 2172
2 1116 942
1 4996
3 517 3296 857
1 3816
3 3335 3682 4803
2 1720 4106
5 3250 4554 2606 679 2048
1 3498
1 1071
2 3735 1185
1 3969
1 439
1 4639
2 1332 297
2 324 2295
3 1496 1864 4683
1 3560
1 4358
1 1397
1 1545
2 4255 1513
3 1915 2877 3221
2 55 3183
2 4320 1941
2 2680 545
3 989 510 1254
4 4557 4802 2435 4374
2 4500 4791
4 2195 2881 4441 3446
2 3318 2737
1 2123
2 290 405
1 239
2 2849 4528
3 2567 4986 3550
1 3022
3 4040 2897 4797
2 1734 143
3 3978 4950 2888
6 4488 676 2890 3453 377 2111
3 2455 1761 524
2 4536 1837
2 1492 166
2 2490 3515
2 2299 1804
4 4822 2299 4665 1580
2 2895 4943
2 4774 3086
1 4459
2 4589 3022
3 174 2301 2082
0
2 4943 219
4 1693 905 3278 4570
4 1542 2574 4278 3266
3 3754 3831 1013
4 328 912 4929 349
3 3759 1802 3603
1 1511
2 1884 4968
1 4108
2 535 419
3 920 3436 2633
1 434
2 1097 1032
2 2101 1352
1 3856
2 4368 864
3 1880 3716 531
1 2447
4 2732 1832 95 3113
3 11 2627 3815
4 2271 4978 4943 2690
4 3797 71 3081 1246
1 2525
2 1359 813
0
2 2788 1059
2 572 992
4 1256 954 1986 3877
2 3811 4044
1 2791
1 4204
2 1369 4126
1 3756
2 4198 2925
1 4169
1 2772
1 1518
2 2877 3297
2 2754 768
4 2071 4636 2876 804
2 1171 1965
4 2736 2196 3902 1358
2 3785 2999
2 4448 2857
0
2 3911 1162
2 1867 1493
2 2899 4250
2 3164 2696
1 1068
3 4526 1966 1947
4 4733 4035 218 3144
1 4141
1 2044
3 4288 3495 2801
2 84 478
3 2152 4677 1835
3 4775 2208 1556
3 2370 200 2872
2 2971 1763
2 1712 3030
4 2686 4401 4477 2539
3 2084 2264 2572
0
3 100 3574 342
2 4247 3649
1 1355
3 2967 578 4195
3 1662 4826 4426
2 3581 1979
1 2629
1 4347
2 1343 3598
2 2008 4181
2 3543 1185
4 1881 2825 2853 816
2 4088 2423
2 1199 3833
3 3322 979 4903
2 3760 1388
3 4711 3791 1215
1 2020
2 1400 3277
4 1043 1618 859 479
3 2555 4189 1180
2 201 854
2 766 1391
3 4623 398 2149
3 2729 1635 2811
3 4184 3331 243
3 4175 464 4683
4 3371 4510 1925 1160
1 4835
1 3311
2 3870 1033
1 2238
0
5 4899 2281 4340 1103 528
1 4162
2 1055 1058
1 2511
0
1 872
3 303 2313 990
2 4795 1029
3 864 2174 139
0
1 4053
3 3088 4680 4685
2 2894 1140
1 243
2 4806 1937
3 3757 3956 2789
2 3009 2023
2 3195 3120
2 3899 2509
5 2566 702 1046 3410 1464
2 819 2542
1 2514
2 3845 4859
1 1566
3 423 2192 2381
4 3798 3065 1838 4295
3 916 3541 2417
3 648 1750 1525
3 2581 3952 1609
2 3710 1914
2 461 1617
3 4968 3813 4431
2 154 2333
3 969 3317 2382
3 2477 4961 3241
3 1290 1668 4085
3 3261 4951 4270
3 1954 3475 545
1 1228
1 3640
2 2131 3105
1 226
1 3685
1 769
5 2421 4671 1467 1336 3034
1 2292
2 527 1099
3 742 3476 4753
2 62 2441
1 147
2 1318 85
3 2490 2148 1365
2 3093 4971
2 2885 2599
1 149
1 615
1 3692
2 1252 1930
4 2851 4553 2199 1326
2 3756 847
1 1914
5 399 2874 1441 1804 4090
3 4850 3434 326
3 11 4892 397
5 1412 1331 4781 1405 868
3 111 2787 1334
2 1885 2333
2 2679 1841
4 3042 3444 2017 2944
7 2974 2505 2977 2199 717 218 2459
2 2439 2266
2 3855 1754
3 4048 1103 2227
1 459
4 1542 16 3697 1737
2 2650 1003
2 3032 4241
1 2640
1 3352
2 2978 2150
1 528
1 1797
2 2576 3922
3 248 4505 820
1 2053
2 3389 659
1 1439
7 1920 675 1435 360 866 3555 4467
4 2085 1227 838 4105
2 2170 832
3 2194 2473 2783
1 1890
2 1395 3470
3 1206 3774 4719
3 4526 49 3988
1 4290
3 3574 1864 3837
2 4159 2950
6 2546 4140 2580 3158 3122 250
5 799 133 1744 4374 2551
1 2007
2 1996 1871
1 46
3 3354 198 4116
2 4273 1803
3 2085 558 3850
3 1274 2933 4951
2 1517 4893
2 4049 3979
0
3 3575 2951 2152
7 4966 1127 4311 3870 4072 4963 4987
1 3250
2 4030 4611
1 4405
2 707 669
1 3172
1 3677
3 956 3288 3470
2 2139 1904
2 3557 2999
2 4682 1966
4 1268 172 4333 1754
4 620 3528 2331 409
2 2013 2134
3 366 773 2337
2 710 685
1 722
4 4820 52 986 329
2 1084 2953
1 3068
3 3037 159 3188
3 4468 2162 4253
5 2310 138 4878 778 3942
2 2580 1233
2 954 3486
3 4392 3574 632
2 4044 960
3 3383 1050 1115
2 1524 4630
7 610 3455 1799 3563 2959 4420 2137
3 627 2101 1337
2 4216 294
2 1756 322
1 3387
2 4337 2853
2 3393 1092
1 4468
2 4106 496
2 2145 2631
1 1915
3 3141 1862 742
2 4121 3555
3 1153 1493 3761
2 4301 4984
1 3720
2 3099 1606
2 546 3224
3 2053 4193 755
2 3291 1934
7 1164 4608 1285 1544 4084 3876 484
0
3 1884 3805 2446
2 3822 3051
1 891
1 2738
3 3449 3834 4377
2 530 3657
4 3704 1902 724 4815
1 1787
3 4812 822 2273
1 4445
1 2356
3 3872 3968 735
3 3500 212 4855
2 4437 1483
2 3977 3116
1 3160
2 1534 2546
4 1511 2841 773 544
2 2784 98
4 1960 1545 189 4245
2 113 1113
2 2355 3075
2 4496 1389
2 2877 4792
1 4519
2 3522 734
2 227 3003
4 4725 796 3106 2643
4 3919 3966 4882 1765
5 3613 382 1475 2130 40
3 336 416 1749
1 4209
2 3220 503
2 255 2127
2 721 4899
2 2874 1945
1 3700
3 4424 2723 248
1 663
1 84
3 1286 4422 3023
2 2804 4632
2 2247 3673
4 1843 3371 3887 1589
1 1158
1 2355
2 515 1717
2 373 211
4 4732 493 3770 3398
2 583 916
7 912 2663 724 3669 4868 1702 4840
3 175 3947 3450
1 868
2 1982 2941
1 639
2 710 1496
2 1388 4098
1 4382
0
2 2215 4854
3 441 3945 3523
3 4750 2898 4245
3 2271 3896 4019
1 3827
1 30
2 3976 3385
2 569 2552
4 2682 2441 1669 4336
3 3786 1421 4180
2 4384 1622
1 2896
1 564
3 2457 3646 4803
2 4977 1853
2 265 787
1 4533
1 2751
3 3859 3580 1423
3 681 1423 1443
2 2596 4594
5 1432 3328 1125 306 3254
2 3171 4486
2 4100 4984
2 3431 1488
5 37 1725 4532 4176 2063
4 919 128 1128 547
2 4648 41
2 4137 1347
2 3627 3768
2 4863 4642
3 1023 3821 4734
0
1 3444
1 4714
3 2028 4014 613
3 4967 2832 3212
4 2591 4188 2044 1506
2 3164 3465
3 3070 3063 2236
4 1532 4131 1503 880
2 2444 3425
2 2641 4909
1 112
4 2355 1844 4360 1809
2 1401 1855
2 2694 3898
4 3394 2029 1924 1855
1 4079
1 167
3 3239 4118 1785
4 4726 4145 3789 790
2 3769 3298
3 3037 476 3816
2 3240 2869
2 4676 4270
2 592 2099
2 3762 3469
3 1756 4863 391
1 3963
3 4074 4738 3299
3 946 2211 3056
4 3271 4036 1437 1416
3 459 1049 3417
2 1937 2313
2 2786 3146
1 2017
2 1863 1546
4 873 52 4314 4508
0
2 4810 477
2 2605 3848
1 4747
1 3224
1 1804
2 1908 472
4 1007 2705 2989 1559
1 49
2 4051 1256
1 4430
2 4437 4451
3 4456 2550 3195
2 896 552
1 1706
1 3793
2 3240 2850
2 2614 2120
1 3975
2 2916 4539
2 4897 1813
2 1719 3047
4 2367 363 1981 2008
2 2120 1990
2 961 4442
1 2740
1 3334
4 2367 1730 1979 3708
3 4595 3002 49
4 3391 1587 2106 1839
1 1722
3 1724 3797 2797
2 3216 2596
5 2877 2154 2764 421 1841
3 3397 1587 2632
3 1178 3846 1467
2 2763 2912
1 536
4 3019 2155 3218 3083
1 2689
4 1193 2617 926 3499
4 4888 2412 3970 1953
2 3691 720
3 451 996 2659
3 1539 2212 2459
3 2507 3754 3423
1 105
4 898 4150 4761 1805
1 3715
2 423 3665
3 1139 2271 226
1 3745
2 4718 1015
2 2532 193
3 1533 1712 3445
4 1724 2898 576 3226
1 4951
1 1015
1 3971
4 1047 3770 462 1519
2 1766 1296
2 3337 1831
2 3096 1779
3 1150 1424 3754
1 1011
3 1199 3117 3404
3 2841 4720 1236
2 1034 3658
2 2294 3268
1 3791
2 1922 2909
1 2360
1 1548
4 96 2145 2603 1927
2 1525 4989
1 4328
2 2430 355
2 2240 4695
1 4991
1 2680
4 2741 2036 4920 3606
2 1922 451
3 3749 1726 1883
2 2096 145
6 1179 100 1679 553 462 2724
1 4854
1 2474
3 3864 3791 2810
1 1052
6 3722 2954 2132 4179 2647 845
2 2095 3906
3 405 1283 170
1 3050
0
1 668
2 3266 532
3 1130 2849 463
2 1994 2042
3 548 504 4044
2 4242 3183
2 729 2128
3 3682 1193 1891
3 3204 4590 4591
2 726 3957
4 3745 2534 1063 2688
1 1220
1 2343
1 801
3 4169 523 2969
2 2826 509
2 1032 1456
1 1868
1 4646
2 3251 1749
2 1672 118
3 1410 2408 4394
3 487 2643 383
0
1 3993
4 1949 3814 1913 1184
2 3091 1704
1 2235
2 1366 1990
2 994 3814
1 1467
3 1178 2662 3153
2 3752 2972
6 971 4948 2913 1447 4578 107
2 2720 2393
1 494
4 3588 2443 2090 1963
1 1473
1 4305
2 3646 1478
2 4928 2676
3 4452 2780 2821
1 1494
2 1064 158
2 969 1745
1 3822
3 325 818 3132
2 3542 3521
2 2452 277
2 379 3285
1 2735
2 4022 3949
1 15
3 515 461 2548
2 4977 4144
1 2596
4 1473 2818 2946 2226
3 3671 1134 1240
2 2049 469
4 3406 1901 3651 2560
1 4913
2 3482 3472
4 1733 1497 2092 2375
1 2566
1 2205
3 3621 1133 807
3 3654 1951 1117
2 572 3967
2 4406 1747
8 3538 4076 872 2512 3476 945 810 4007
2 4111 608
4 3919 2023 3646 3201
2 1390 2261
2 3417 4975
1 4634
3 177 3262 3191
2 2619 525
1 2781
1 3942
7 4781 3209 435 3532 47 4672 3665
1 4025
2 733 2905
2 3886 1489
2 3005 996
2 2973 278
2 4675 1971
2 3889 114
1 785
2 3552 4671
2 3294 2424
2 789 4353
3 4387 99 3748
3 172 1477 4496
3 262 2992 2104
3 48 3806 3057
2 1488 2739
2 2971 314
1 2645
3 3022 766 2984
3 2928 4323 356
2 419 3592
2 2220 2261
4 3578 506 2021 1667
1 891
3 2823 2781 1923
1 3038
3 1697 1752 1198
3 1876 869 4080
1 3964
2 1716 920
5 1146 2055 2257 4005 2469
4 3626 4842 995 1053
1 425
2 3711 3480
4 4902 1430 4911 1572
2 908 2557
3 58 3430 1208
1 1498
3 1978 424 2413
2 4921 3229
4 3050 977 897 1067
0
2 2532 4645
1 2188
3 3174 4121 2576
1 715
2 3489 4762
2 395 3330
3 4319 1171 4309
1 1504
3 4800 4307 870
5 4661 3642 3142 2144 3759
2 1074 1144
4 3109 3634 2033 2747
4 2194 3137 324 2094
2 2944 3239
1 932
3 189 1138 4213
2 2003 2168
2 4747 322
2 3455 1718
3 1055 2135 2943
5 1321 1692 2192 1104 4434
1 1221
4 1331 4456 254 344
3 4368 3242 3877
4 423 2622 1696 4201
2 2410 3870
3 400 550 1541
4 1471 4316 4770 827
2 1218 850
3 4747 4141 4162
3 789 3310 341
1 625
1 3932
1 1674
5 3627 4804 4932 3772 2273
3 4791 1384 3997
1 3663
2 1082 4076
2 3757 597
1 1220
2 4533 2189
1 4432
3 2400 896 1544
4 1426 4858 4138 4567
2 4165 2169
1 1141
2 1967 1110
5 4384 4521 4240 1059 2521
1 1497
4 3392 2345 500 823
3 1010 1781 3458
2 4325 162
1 3508
2 2746 1875
5 3793 639 153 3612 884
1 840
6 4554 3085 2097 938 673 4154
0
3 3415 4817 1026
2 2098 4618
3 117 3427 1600
3 3497 3587 3554
0
2 240 2963
1 1276
3 4115 1614 1968
3 2217 3488 835
3 4642 1468 3564
3 3422 4407 2669
1 2892
4 2855 548 145 243
2 2268 3326
2 1138 3693
1 4045
3 3669 362 547
2 1686 2886
1 1705
5 1345 1247 583 2738 2922
6 3965 4333 1377 4671 249 829
3 3065 3399 4988
1 4525
3 2049 3152 1401
2 3336 1400
1 4370
2 979 666
1 4156
1 3247
2 2274 2840
2 1353 4789
3 3004 3992 4547
3 856 3459 2365
2 1733 3092
0
2 1501 3152
3 1940 2115 3676
2 1043 3610
1 898
2 4998 1908
2 1577 3406
1 4964
3 2797 1637 187
3 2183 1727 1673
3 1307 3534 2208
4 2170 789 1418 1969
3 4697 618 2374
3 955 3287 3087
1 2566
1 2118
1 1535
1 4773
2 4823 171
1 2371
4 4856 266 471 1399
3 4465 4126 947
4 454 4472 4370 4416
1 1375
2 3095 3722
2 1971 2979
2 473 2350
2 3050 650
1 2067
2 4938 2163
3 2711 3999 165
3 4255 4590 114
1 3029
2 4311 4481
3 1498 3138 2907
5 3672 1798 369 764 2363
3 2515 172 1434
2 753 94
2 2421 2993
1 3285
2 4044 3427
3 4738 3556 3240
2 3858 3415
1 840
1 1640
3 1126 926 317
2 168 1421
1 34
3 88 4461 2347
2 1055 2845
3 2050 3526 2559
1 3629
2 464 4434
1 2284
1 1002
1 212
2 342 1060
2 2358 1333
6 3600 2604 3040 4762 265 2836
3 4643 4140 3136
3 3422 2550 749
1 831
3 803 3926 669
1 1260
2 2477 4356
3 2310 3815 4248
2 2243 4453
2 3462 2029
4 988 1355 1256 2021
3 2566 3273 411
1 1226
2 1705 1191
2 1136 77
5 633 4856 2191 4389 2632
3 3135 1796 2706
1 2930
3 2723 892 1784
3 3662 2357 690
1 2486
2 2008 242
2 4636 1729
2 678 683
0
1 4230
2 1536 3542
3 1663 2245 2102
2 1614 4530
3 3423 3457 1457
4 1662 1089 3477 4651
4 2384 4675 1688 588
1 1549
2 27 2531
2 3932 900
1 2005
1 4579
1 343
3 4188 3409 3379
1 4229
2 251 736
2 4408 333
3 4197 1331 693
2 4921 2057
1 2895
2 2860 1987
3 4664 1930 4937
2 3730 1537
3 1061 1948 1175
1 3841
2 3882 1603
2 322 937
1 3845
3 1551 3644 1144
2 355 1781
2 685 3707
3 4551 2863 3815
4 3051 1359 620 3289
3 3009 474 3633
1 3860
3 2750 3379 714
3 831 1523 4748
1 1548
4 983 861 4737 338
1 2838
0
2 3926 338
3 1511 889 264
2 3195 990
3 4402 1040 1499
2 2819 4964
4 730 1743 4817 2561
4 3432 2830 763 2262
3 167 1768 3980
1 2950
1 840
3 1771 288 3230
1 4210
2 2986 4598
1 195
3 1125 4426 2420
3 2353 1901 1553
5 4452 852 1102 2638 1344
2 1560 4400
2 3102 2664
1 1715
4 1305 4078 4011 1194
2 2144 3411
2 1881 1940
1 2776
3 4167 4633 879
2 4710 3834
2 465 2110
1 3777
4 160 2427 1265 3819
3 1763 3205 1386
2 3332 44
2 1022 4889
2 4165 4914
2 1793 1472
3 3221 482 4281
1 4216
3 4820 2196 4784
2 1390 1976
2 2132 2925
3 1738 3866 251
1 4489
2 1562 382
1 1664
3 4778 2578 4624
2 1074 3974
2 408 336
2 862 4538
1 4184
2 4006 2809
3 2880 2860 2185
1 3418
2 4096 4987
3 1168 1673 888
2 2707 1365
4 1616 1532 1642 73
3 44 4532 518
3 2088 2988 1162
2 474 3523
3 2377 140 187
3 3050 786 1240
3 1710 1182 1908
3 2518 2082 2884
2 2553 1290
1 2080
2 3193 3051
2 4271 4870
1 3023
6 578 1695 1740 1072 2429 2143
4 1533 3413 979 2768
4 2581 447 3016 3977
1 583
1 3403
4 4743 3103 722 1712
2 2017 2500
1 2576
1 785
3 3967 777 4103
1 1904
2 1006 4142
1 1334
4 914 109 1670 857
1 676
1 348
3 4156 887 2307
1 1340
2 1379 3792
2 1045 852
2 3056 3838
3 4526 3242 830
1 4795
2 3764 1575
3 1777 3336 3460
3 4791 689 3742
2 3192 3393
1 4880
2 489 4938
1 3684
2 1620 4442
1 4263
2 3455 2171
3 3715 3053 542
2 2420 4487
2 330 4990
4 2073 1534 2414 4956
4 284 1114 2469 2348
1 2895
3 496 1312 1706
1 2088
2 1920 4748
2 2073 57
4 1110 4027 4776 1942
3 4520 4819 102
2 1238 3196
2 848 279
1 4646
2 1854 2379
1 4940
2 1040 3348
2 2215 1892
1 3019
5 4643 2450 661 2493 751
3 710 3089 156
2 323 3653
3 2986 3769 2107
1 1118
2 3162 3445
2 745 3699
4 4953 196 4859 313
3 2832 1621 2224
1 3026
7 1481 1282 1579 1758 2291 1194 2482
2 4307 4413
1 1370
2 1005 4160
3 4164 1237 2176
3 666 727 1566
2 1078 1188
1 3975
2 3085 83
1 4667
2 4691 826
3 691 316 3258
1 2584
1 2289
2 1290 2239
3 3220 4495 4043
1 3766
4 3216 1502 4909 4931
3 2660 2629 429
2 3907 2116
1 836
3 1518 2685 4321
1 3639
7 4772 2990 2844 1664 1230 2782 4734
0
0
0
1 319
2 3134 3129
0
2 89 870
2 1663 3885
6 881 2166 2961 2113 4280 731
2 863 4144
6 4500 3597 4782 4659 4715 3844
3 1568 2971 3953
1 4978
1 2773
2 4818 1004
1 424
1 374
1 4824
5 1211 3963 1343 4225 1872
4 4441 1459 4905 4011
2 4928 4993
3 2282 3161 470
0
1 2550
1 692
2 1493 1192
4 4678 4824 2037 1170
1 4861
2 1117 777
1 1569
2 3389 1339
2 1628 4255
2 3913 4185
3 3025 1820 4976
2 2357 260
1 919
2 4788 3624
2 2530 4025
2 154 3887
1 4267
3 157 3954 393
2 1302 3547
1 212
2 3114 2477
5 3182 1002 1610 635 266
2 4667 1914
1 1447
2 3885 2739
2 2039 997
1 2274
2 1777 3295
4 1877 2648 2931 4861
4 3352 1738 2769 3854
1 1086
2 2779 2926
1 1388
4 4291 458 2898 4516
2 2928 3010
2 4273 3859
4 1521 3743 2329 1906
5 3846 3049 3882 2702 2509
3 3413 2299 76
2 3340 442
3 3336 2264 24
3 3581 906 4704
1 2722
2 1306 2138
1 1616
2 1583 3199
2 1722 2614
1 1188
3 3055 717 101
3 1832 1972 4926
1 496
5 4262 538 4277 139 2252
6 1549 3013 2645 2440 4779 2582
2 2554 4282
2 3112 1599
4 1202 371 1120 1592
1 4530
1 4683
1 4974
2 4407 3724
2 3759 4609
2 686 4945
2 3750 4293
2 4305 4466
0
3 2024 1791 76
2 3342 2933
1 1253
2 4214 4486
2 4822 156
3 4533 3637 1078
5 4912 2695 1278 1402 2388
1 944
1 2512
1 2022
1 3035
3 2931 36 1499
3 4930 1164 1815
3 64 2701 2481
2 4457 4120
1 2469
2 3975 3926
2 4098 3428
3 4443 1581 386
1 3318
2 3131 3549
3 1630 862 4241
2 2214 4447
1 3775
1 1682
2 3039 2471
1 394
7 2995 2512 2358 2247 3784 2134 3813
3 1861 3956 1694
2 3522 2637
3 1585 2248 4585
6 400 3795 864 1390 63 1034
3 133 200 4276
2 4935 991
3 401 3720 1137
0
2 4152 380
2 477 4387
2 2409 4758
3 1242 3487 4972
2 2681 1142
3 4814 3690 73
2 2444 2364
3 1230 3824 311
1 1074
3 3714 919 1931
1 3622
5 585 2483 2378 2230 1463
1 2403
1 2613
3 4329 4924 1601
2 3202 4676
2 2974 252
4 4430 2864 62 930
1 4937
3 1002 305 1848
1 2746
3 2214 3502 1755
2 4862 280
5 1049 262 4607 4546 4900
1 1514
2 4302 3069
4 4122 50 3157 3987
3 4195 2146 4047
3 4615 4828 3630
2 387 1111
2 748 3226
4 4736 2777 1926 1851
2 4528 3015
2 44 270
4 3298 1190 3390 4193
2 3102 16
2 3787 3639
2 1678 4223
2 11 2622
4 3210 1880 957 4108
1 2290
3 920 3432 4922
3 1677 4891 3945
3 1143 4614 3782
2 4826 3334
1 3047
3 1613 1933 4813
1 4163
2 877 3441
1 2715
2 1087 3197
1 2024
4 1940 1267 318 554
1 520
3 1095 1331 792
2 1656 325
1 4147
0
2 3322 4775
2 428 3926
2 2628 1665
1 205
4 3385 2777 3622 2014
2 954 3179
3 924 3246 321
3 923 602 3315
1 1306
1 1513
1 4255
4 2318 400 4573 4806
2 2427 3097
2 3763 2386
4 4315 4830 1602 2055
4 4456 1703 4210 2748
2 2799 741
1 4791
3 400 4333 3284
1 3384
3 1438 4684 2373
1 3904
2 4563 619
1 4206
1 945
2 1808 1701
0
3 3572 566 980
2 2791 1773
2 576 575
1 689
3 4625 2889 2156
2 3598 885
1 3855
2 4164 1684
1 2535
5 834 4910 4126 4089 2466
2 2510 2489
2 578 4716
1 4210
2 970 1518
4 423 3822 3692 3373
1 3813
1 619
4 1414 1869 4431 2598
3 1569 1609 422
2 2925 2787
1 397
0
2 1788 576
1 1537
1 3713
1 93
3 1258 753 3739
1 3862
4 3220 3716 2913 4973
3 3841 4842 1615
1 2849
2 1753 3439
1 3199
1 51
1 2905
2 2611 736
1 1021
3 2084 4289 2571
2 2917 1231
3 2675 1886 3043
2 4352 2232
2 2640 3329
2 1347 2540
1 355
2 2195 2577
3 2431 2862 3256
4 661 380 750 3876
2 3513 909
1 3940
2 4819 4265
2 869 3456
2 4595 1091
4 776 757 2983 3674
1 3968
3 1596 527 2598
1 1634
3 812 4200 2287
3 2129 2261 759
1 3102
1 4109
6 1188 2194 4873 3583 2320 4584
2 1876 3972
3 511 3714 1581
2 3227 3246
2 4110 3505
2 4018 2605
2 2403 4666
4 1628 815 4007 581
1 802
2 1632 7
1 1876
3 229 3311 3944
4 489 285 79 1237
2 2129 762
2 4165 3911
5 553 3473 1796 2338 202
2 782 890
4 3839 837 968 3433
3 1311 1061 4058
4 4028 3519 2327 2687
2 1924 935
1 1205
3 597 2312 4497
4 3956 4122 849 1510
2 2245 1857
3 594 4601 4846
2 3130 3437
1 1562
0
1 1504
4 515 4461 1059 245
3 1960 2200 2019
6 1635 4077 207 2394 1403 2237
2 4044 1360
1 4283
2 3260 3599
3 443 3598 1556
5 1536 275 1209 4165 1434
2 3542 685
2 2605 3045
4 2170 1775 1271 2045
2 167 145
4 1747 3415 2429 1053
2 475 159
4 363 1551 700 2482
5 2384 3979 2221 1875 2018
0
0
1 2592
2 2105 4340
1 4271
2 1112 597
5 4533 1126 2947 4280 680
4 3780 1161 514 2004
1 950
3 1518 1018 2894
3 4479 1444 1039
1 4967
1 670
3 3902 2388 3603
2 868 1726
3 410 241 2871
1 4731
2 496 884
5 2588 4459 517 4947 206
3 2892 624 4832
1 3919
7 4519 698 2785 1054 2173 1824 3365
3 4582 1287 1024
1 2051
3 1045 1525 81
2 4031 135
1 1073
1 1939
1 2020
2 296 1517
2 3623 1875
1 3124
1 633
2 3965 1075
1 3401
3 1508 1099 1585
5 1569 4869 4323 2221 2016
1 4141
2 3874 1853
2 1193 359
1 4521
2 4119 1223
4 1563 1439 1912 1241
2 4560 3620
3 2843 3151 3006
3 834 3925 2079
1 4995
2 1915 3492
2 2213 1148
3 3576 3791 1959
1 940
1 4988
2 1188 3121
3 4225 232 3888
2 1483 1318
0
1 1280
1 3987
3 2132 1562 1330
2 4750 3246
5 2583 655 3468 660 4309
1 2058
1 541
1 3986
2 4337 2286
2 1290 4448
1 2421
2 3529 2849
1 2677
2 2166 1475
2 4237 3082
1 4401
3 52 4510 1289
1 902
1 1350
3 1408 3870 3618
4 2410 3382 4741 1042
3 3672 1881 4559
1 1742
2 492 1669
2 2577 2795
2 1632 4339
4 2368 364 1439 4075
2 1256 2452
0
2 125 2280
2 2587 1382
3 907 4919 1020
1 1450
3 1112 4288 1279
2 366 4106
2 322 3475
2 3561 2120
3 21 2688 1155
2 2515 1186
1 567
2 3089 2911
1 3436
2 2689 4079
1 36
1 3487
3 1243 1488 4574
3 83 2548 1975
1 1321
2 3121 3714
5 1608 3718 3907 1490 3024
1 3210
3 117 4667 1476
4 2863 2411 1513 327
2 3721 2068
2 1655 942
1 2658
3 2634 2147 3755
3 1851 4918 978
1 4538
4 2144 1112 3291 4793
2 4582 4789
2 2556 2066
1 4067
1 4743
2 2342 1813
5 2782 1903 4605 4058 2456
1 2153
1 3897
1 2047
2 4843 3363
2 4824 96
1 141
2 4312 1637
2 4480 1391
2 14 4344
2 4533 2128
1 3753
2 4581 129
1 1676
5 4392 2824 307 1022 3785
4 1019 1219 4534 2946
4 4541 1211 2763 1100
2 3974 1396
1 3503
1 822
2 371 2820
3 2281 565 1606
2 1138 2434
1 2218
2 740 4363
2 1110 943
2 4378 875
2 4882 3544
1 1661
2 1378 4171
2 4732 1373
2 3032 710
0
1 2711
2 4127 1324
2 4981 3948
2 1428 2859
1 4060
2 917 3094
2 2034 2913
3 1023 3547 2501
3 3449 3706 4865
2 3161 4914
3 4224 3221 2533
3 862 3192 4071
5 3328 2419 2935 1845 240
2 1328 3506
2 4827 1125
2 866 3451
2 826 4450
1 3216
0
3 4652 136 4398
3 1419 4205 27
2 3220 548
2 1409 3529
2 746 1769
4 1951 4684 1005 918
5 1164 11 640 3614 3094
2 3112 3525
1 1843
0
2 1118 3324
2 3987 4595
4 1130 2875 680 299
2 4759 4896
3 1987 4944 2234
1 1077
3 37 2978 829
2 80 544
3 860 3487 3880
3 3626 3162 647
1 192
2 181 2494
5 1281 4062 2704 2463 656
2 4112 1770
2 681 657
2 2825 582
3 64 708 1541
3 4392 4395 943
2 2689 4301
1 1014
2 3846 653
2 4119 2955
1 3282
3 782 3874 933
1 224
1 3150
1 3086
1 410
5 1938 2691 1264 1097 3768
2 2513 4269
2 1125 3300
1 1808
1 1605
1 1063
3 2144 435 3
2 764 4906
2 2492 2945
2 1523 788
1 4410
2 739 528
2 3336 363
1 19
2 826 4820
1 1452
2 407 458
4 1357 1814 1976 3380
4 2685 615 2126 479
2 58 4962
2 1188 4997
2 2541 3715
3 3030 2297 2407
4 3925 4234 227 3184
4 2303 2096 4021 2501
4 1874 4589 298 1087
1 2217
2 526 3658
3 4870 3248 686
1 3965
2 3600 1065
3 3520 2462 1704
3 2205 1723 3084
3 2489 1068 3983
2 4738 4549
2 1422 2806
2 4278 4867
2 1521 1963
2 2627 2817
2 1149 1262
2 3587 4303
2 1936 688
2 4118 13
2 892 1046
3 4064 2799 2095
2 3887 3805
2 1010 4812
4 4728 607 2756 2856
3 2049 4574 4274
1 505
2 2030 1443
2 60 2025
2 2636 2950
2 1886 1300
2 3356 3514
3 4163 3340 1091
1 4164
2 2887 4911
4 2657 1496 1008 2374
4 2671 2318 417 3203
5 23 969 4214 4644 2575
2 476 3463
3 142 2375 4345
1 3280
5 2928 4767 2076 4043 244
3 2791 3041 440
4 397 231 631 2478
2 673 1874
2 4096 3028
2 3947 4642
2 1419 1741
2 601 4342
4 3324 1989 2105 2778
2 3438 3143
3 3449 3404 3276
5 646 21 1647 4357 4161
1 1755
3 1312 2573 3272
2 3391 4340
1 4432
2 4100 4729
2 2383 4392
4 8 3277 3419 1245
2 2092 2210
1 2097
2 2719 2631
2 4710 1548
2 2851 4052
2 4651 3073
2 2306 1837
1 4864
2 2047 2475
1 3036
1 687
4 2976 4740 257 1284
1 3147
2 4048 3148
1 295
1 3398
2 228 1827
3 361 3119 3168
2 3608 655
2 3019 2978
2 403 659
2 2868 2597
3 541 2087 1708
2 601 3012
1 1693
3 4311 4435 4543
1 3529
1 1355
3 2405 3121 4421
2 4600 2152
4 1367 3533 1640 4879
2 4184 4202
3 4986 571 1565
5 4881 33 2338 3046 1173
2 602 604
2 3893 3850
1 1505
2 2977 2088
5 4530 67 180 2647 4492
1 2199
2 1328 2665
2 487 2782
1 624
2 432 202
1 3716
2 3066 2499
7 4647 4501 2915 3149 2936 285 2882
3 2005 737 3452
2 1438 2402
2 4921 2511
2 1890 437
2 2706 1230
1 4958
4 1763 4226 1805 2109
3 1526 895 1557
5 2408 1491 827 1482 53
3 1263 3008 4587
3 4404 2452 3168
1 2218
5 255 1375 4391 2474 3606
8 3822 314 3299 2451 4353 1080 4045 1604
5 2861 2184 60 4536 1983
1 708
2 498 246
2 2089 402
3 4329 1460 1791
2 4334 3033
2 3239 4347
1 4164
3 5 1871 427
2 727 2779
2 161 1176
3 26 2661 2569
0
1 3239
1 4684
1 2424
2 4822 1974
1 3010
1 2496
2 1073 779
2 3594 504
5 2133 3196 1648 3683 4735
4 455 1135 124 2842
1 3571
1 1271
3 4405 3205 2045
4 4857 1118 632 939
1 2786
2 4630 2464
3 3025 2775 4517
1 1569
3 745 4809 4620
4 396 2534 1257 365
4 1574 4325 208 486
2 2916 3109
1 3889
1 4333
2 2294 3766
4 423 4607 1166 3024
1 4608
5 4196 696 2181 2267 707
1 824
3 604 1501 4000
1 330
1 1367
2 4465 699
2 4861 3227
5 2648 4370 1967 4807 2813
4 1038 4634 4268 393
2 1345 4618
1 4317
1 1382
2 3553 495
1 4957
3 2357 4178 1779
2 350 621
3 3660 1738 3241
1 1554
3 936 1388 1080
4 3507 210 2440 2805
2 2636 1168
2 2628 2114
2 2386 4397
6 2318 4556 4081 4945 3771 533
2 2071 3155
2 289 4025
2 56 1040
4 745 2162 2385 3810
2 3274 3343
6 3510 4384 786 2390 1705 3190
2 3838 3853
1 667
4 373 2525 2332 3693
1 2041
2 2381 2508
4 4878 4678 4843 3276
1 2423
3 1576 3724 4673
4 4953 4998 517 1512
2 3948 3778
3 2403 2639 3448
2 756 1775
3 4316 3478 4522
2 3899 279
5 289 2497 2826 457 4793
3 1929 2192 888
3 907 4635 3861
2 175 945
2 3346 3264
3 805 3321 959
2 3343 1284
1 4463
1 1898
2 4972 1629
2 1755 1095
2 3058 2137
2 4115 838
3 308 653 4400
2 3634 3549
2 648 4799
3 71 551 185
2 1882 2825
1 4369
1 4357
2 266 2849
2 1714 1037
2 2718 3812
1 1810
4 3053 748 4617 649
2 3967 2160
1 3354
4 4291 4721 4355 2646
1 723
0
3 3307 437 3284
1 167
2 3693 2000
3 3629 3187 2746
4 4134 2812 4692 1998
1 2480
1 3244
2 4334 858
2 1534 3207
3 1868 1027 4294
1 4178
3 436 2537 4674
4 648 312 4173 1013
5 2730 2546 2367 3139 3759
4 2793 4339 3158 3781
0
2 2101 4708
3 21 460 3828
1 1398
2 3594 3231
2 1563 2195
6 404 1131 3705 3424 623 4852
2 4757 1526
2 3296 1512
3 4553 1555 320
2 1002 822
3 4788 4794 1309
3 352 3623 791
5 1300 4014 2940 2610 1387
2 90 1789
2 3010 4221
2 3006 69
3 4577 592 4024
4 4003 604 1001 2904
4 2779 2662 1788 4823
3 21 3650 3259
1 3166
5 853 3358 4665 4114 3985
3 4866 3654 1687
2 4053 3943
3 2051 706 4360
1 1238
2 4802 4679
1 1260
2 4231 2348
5 2139 4353 3743 4251 1955
2 723 4229
2 4743 2677
4 292 594 4415 2225
2 1907 1521
0
5 3939 4545 3634 1829 1651
2 2880 193
6 3886 1786 923 2555 778 3313
3 3967 984 3006
6 2036 4757 1550 4321 53 2351
2 2697 2270
3 420 4547 494
1 4675
2 830 1408
1 3843
2 1035 2186
3 1588 2424 4444
1 4703
2 3065 3800
1 3137
1 4702
1 582
2 4231 2308
2 3437 4909
3 2806 2153 1644
3 3763 962 3992
3 3947 3590 1636
2 4265 3791
4 3566 26 4571 3046
3 278 3147 1946
1 4980
5 1161 1167 3668 3558 2968
1 3626
3 2544 5 4799
1 1802
3 4757 4991 3990
3 2700 2085 3684
2 4737 1572
3 1121 2914 3607
1 3219
2 237 1119
0
4 1458 2644 301 2495
4 441 424 2078 4968
2 4176 2437
2 1843 3139
6 4057 1114 3004 1858 4616 1165
3 3910 4472 1885
2 756 152
2 3986 4183
3 782 2171 1821
1 2473
2 33 854
4 1782 716 3827 2306
4 3655 1762 2537 709
4 4684 898 1822 3400
2 2436 901
3 3698 2368 613
1 4158
4 2012 252 4018 477
2 1019 2244
1 4235
1 813
3 4981 1810 1530
1 655
2 2362 1181
1 3436
2 175 1874
3 1084 4784 3483
1 226
1 4946
3 1220 4105 2828
2 3456 1943
1 936
1 1207
1 2983
2 4891 949
2 3311 3979
3 643 1619 649
1 11
2 4520 3519
2 217 2736
2 2675 3602
1 2705
3 1756 3399 131
3 4764 531 2335
4 1658 726 4166 2560
3 2272 1494 1478
3 2750 527 4513
2 3711 376
4 715 1096 1585 4559
3 3723 1903 3018
2 1327 460
3 861 3288 3217
1 4694
2 476 1977
3 3966 1278 3570
3 455 2041 2500
0
2 3491 4683
2 3814 2754
1 1125
5 851 3669 1642 1744 1079
4 4200 3317 485 699
3 4918 2553 1363
2 1639 2808
3 387 43 4659
1 326
2 415 2630
1 3710
4 2290 446 1850 295
3 4437 1649 2066
2 659 2684
1 664
2 2391 1425
1 4745
2 3868 2617
2 2412 3213
3 1991 2691 4490
2 91 4286
2 1949 468
4 4848 2392 963 4473
2 3650 2580
2 3500 3661
3 1220 1596 2712
2 2295 2367
2 4861 858
2 886 2581
4 1521 3375 945 425
4 1157 2092 4153 4955
1 186
4 4687 1548 4527 87
1 344
2 3565 4017
1 1192
2 4099 3167
2 4864 55
1 3563
2 3957 2660
2 1922 2798
2 3896 4063
5 3395 943 4849 4901 4219
6 4520 3591 1882 4141 66 4604
2 3102 1107
2 4556 2057
2 2222 3925
4 843 2248 3332 127
1 882
2 4039 2587
3 1007 3625 3728
5 3148 862 360 2781 1967
2 2993 3258
5 1481 426 3573 854 4705
5 4319 215 1465 4346 2016
4 4074 1094 2554 280
1 4247
1 4869
3 405 394 1860
4 4645 2806 1512 3159
2 2367 4132
4 4888 4057 4448 4371
1 163
2 3327 4515
5 4964 3862 1770 784 3122
2 2256 112
1 2802
2 944 296
2 4320 4837
3 2423 31 1821
3 618 3557 4049
1 670
2 120 1575
4 1357 2699 1322 4796
5 3163 2911 557 1176 3233
1 4263
3 3415 1764 908
3 1671 2660 1879
1 2549
2 126 821
2 1563 1526
1 2187
2 2272 4248
2 1186 2266
3 3577 2044 4042
2 776 145
2 4335 408
1 4795
2 2475 3193
2 1347 3515
4 4200 4656 4087 4485
1 1461
1 2246
2 1714 2949
2 747 4995
2 596 2837
2 1513 3840
2 3258 334
2 1202 4135
2 2519 703
2 3248 3462
2 3228 4621
2 4890 1000
2 4551 2102
2 1505 1019
2 3646 2233
2 1327 540
3 2188 1330 3374
2 3899 4742
5 2770 2728 2300 2797 3732
0
2 1286 4314
0
1 4720
1 3345
2 3619 2206
2 106 830
1 185
1 3419
1 2617
6 3354 1478 2494 792 821 4713
2 3666 1064
1 3642
3 1275 301 80
0
4 406 4858 83 2224
2 1922 4713
4 3066 913 4423 4518
1 4210
2 2783 2052
5 676 3081 116 259 560
2 2129 2223
2 876 506
5 3186 4801 4680 929 1261
4 3682 3099 3585 3651
1 4486
1 3994
1 179
1 4796
2 1612 3189
3 4552 336 1669
2 2608 1233
2 2536 2475
4 159 987 3869 2309
2 3066 4493
2 1591 4724
1 1477
1 4727
3 3098 3488 1201
3 4760 1376 2152
2 3137 1188
3 4193 381 3188
4 2973 3220 4819 2319
2 694 1919
4 3717 201 4974 2167
1 4798
2 1760 4883
1 2398
4 232 231 4261 1273
2 2250 4264
2 237 4200
1 3918
5 4158 1762 3237 4809 4102
1 4791
1 2807
3 2095 4126 1827
1 1141
2 2064 2611
1 2284
5 469 3958 4654 3469 999
2 2709 4402
3 4786 3629 1503
2 342 621
3 4555 4112 2592
3 3066 141 4594
1 4976
1 4837
4 1945 1797 1405 4090
1 2293
1 1481
1 3673
1 4093
3 4420 3493 2336
1 3469
1 64
2 4697 3074
2 1500 3079
4 4595 2866 135 2607
2 1271 3207
1 3677
4 3002 459 3320 3283
2 1954 81
3 402 2555 368
2 4391 2639
2 2400 2127
2 4224 2323
1 461
3 1854 1496 4348
2 2846 3952
2 2846 4463
1 2436
4 4971 2703 3635 1647
2 4022 732
2 2851 2801
3 3696 891 4425
1 4463
2 4527 982
2 1162 2040
2 2677 2594
3 2807 2432 960
1 2051
0
3 1073 4111 4682
2 3915 2988
4 601 519 4446 543
3 4064 3973 508
4 1936 3505 1011 1246
2 1327 991
1 3603
3 3666 3910 697
1 2707
3 3642 3224 2107
1 969
2 2983 1342
2 932 3912
2 3451 4491
7 2910 2009 648 653 2201 2167 4413
4 4826 2099 1609 3087
1 3904
2 297 2775
2 3243 953
2 4293 23
1 1414
3 946 1796 3799
3 1800 782 3703
3 3090 4463 3804
2 2535 1116
1 1347
2 4300 1173
1 3504
2 360 1956
1 369
1 1819
3 1023 1526 3339
2 1949 3005
2 1944 1407
1 3020
2 1306 1540
2 4496 2652
3 1951 3296 2737
2 2502 2156
2 3540 2163
2 4857 754
2 1513 4752
3 4944 3852 3341
2 4051 3758
4 3576 2856 4001 4955
3 3581 3666 2298
1 2507
3 3108 2335 884
3 3886 2757 3193
2 1869 2681
4 4462 1962 1487 1348
0
1 1849
3 4917 2563 3961
3 4316 1760 3996
4 1876 184 3687 741
2 1338 2742
2 867 1603
1 1635
4 2159 3660 667 3028
2 4017 838
2 1161 2451
0
1 2974
2 362 4909
0
4 3285 2693 1693 2511
3 3744 1072 1159
3 380 1593 972
3 4437 3124 2906
4 2210 4626 315 1958
3 2058 1897 809
0
1 3296
3 1086 2679 1406
1 3349
2 1523 1125
3 702 4072 3191
1 1466
1 2350
2 3200 178
3 4787 4970 1670
2 213 4454
4 3637 2341 2098 4274
2 3335 2086
2 4252 90
1 406
2 1287 1941
4 3831 4542 565 384
1 4827
2 2770 756
2 1342 598
1 3955
2 4606 498
2 256 3079
2 3904 3852
1 69
1 1178
3 172 1881 2414
4 1610 1878 768 4756
1 3594
1 84
2 11 227
2 4134 1648
2 4568 570
2 3164 4971
2 405 670
2 3551 116
1 3280
2 1769 4291
1 1722
1 1910
1 4231
3 2932 1430 3421
2 3119 170
0
3 830 1162 1315
2 4715 2875
2 1325 4894
1 4034
2 426 2093
5 1880 4906 3821 2716 712
4 2699 1829 2283 2229
2 4000 4137
5 3366 1255 370 998 3884
1 1804
2 3951 4049
1 2001
1 1313
2 1188 1525
2 3984 1347
1 2948
3 2881 4922 3523
1 1012
0
1 2741
6 3757 3456 1771 1431 3688 3567
2 387 230
2 110 3255
1 1746
2 3742 1178
4 2854 2261 1721 3554
1 2084
1 1900
2 4978 1966
0
1 1866
2 2139 1131
2 1688 1762
2 4686 2391
1 2754
1 4308
1 405
2 4815 4010
3 671 4341 2399
3 2928 3538 1956
3 1272 4779 354
3 2928 3054 1431
3 2419 1870 339
7 1327 789 1308 2611 4429 4562 4570
3 4353 1739 4976
2 4915 357
5 2700 3690 970 1621 2859
0
2 3924 2972
3 2804 3141 1119
3 3103 2240 4939
2 3791 54
1 889
3 3215 3322 4859
1 4560
1 3524
5 1954 4031 2668 4887 261
3 3133 3032 4222
1 4918
2 2923 4264
2 3485 3375
2 4325 1249
2 2548 1025
5 115 4210 4702 679 842
2 179 1691
3 730 1914 4816
3 4736 2377 1429
2 4878 2283
3 2007 2096 3767
3 37 3260 3166
2 2753 300
1 1463
2 4382 1759
1 356
1 3395
1 2075
2 4252 115
5 434 3389 2009 4778 514
1 42
3 773 2531 1629
2 3520 2219
4 638 994 4045 1235
2 4211 435
1 564
4 2146 2831 1120 2991
3 2196 4610 1288
4 2049 323 3730 2333
2 4337 1644
2 3226 835
2 2716 100
2 984 178
2 779 2128
3 4420 1063 4343
1 4627
2 2406 4098
1 3261
3 140 4299 3405
4 355 1003 948 783
2 4143 221
1 3617
1 1893
2 3947 2657
2 1458 26
3 301 4389 3530
3 4468 3255 1815
2 241 3305
1 1798
6 844 418 3806 1132 3974 2813
4 4555 1465 3968 1607
3 4063 1101 3001
3 3578 160 4493
3 434 2164 470
6 1127 364 4837 4576 2773 2169
1 1287
2 21 1587
3 1200 12 3833
1 4257
2 4982 2981
3 1613 4535 2190
1 1545
1 177
3 3957 3927 4304
2 594 3800
4 145 2314 4214 1529
2 4904 4596
2 4850 2349
2 3027 2864
4 113 775 577 658
3 1842 3904 4182
2 1438 1475
1 389
1 2661
2 3440 4474
2 3718 4836
1 699
3 992 4238 2829
5 4340 1520 628 4818 1486
2 193 3716
1 2328
5 3330 2282 4188 2965 4950
3 4583 4764 3719
4 2024 3111 4380 4999
4 2512 4763 1456 2308
0
3 4984 4470 1349
4 1281 643 4139 3185
0
1 2726
4 666 2260 2669 2158
0
2 796 4331
2 3940 3352
0
3 3149 866 1374
2 4315 4917
4 4921 3882 4275 4780
1 3134
1 4025
2 1776 258
4 2852 3648 1396 1943
6 64 309 3715 2830 1206 2829
3 3659 4766 2150
3 485 3472 1823
4 660 1007 3912 4506
1 249
3 1639 3599 4151
2 2976 4690
4 4928 2848 1942 1790
3 1329 4325 4689
2 1074 3457
2 1962 2334
4 1462 186 3960 413
2 4630 599
1 3808
2 742 525
3 2084 4669 3362
3 3638 1287 817
2 1993 3526
2 1859 715
3 4138 1263 1929
2 3317 4334
3 3863 4121 411
2 2936 4196
2 4234 2389
0
0
0
1 4099
3 1796 2570 3491
2 3360 1638
1 669
4 3039 2218 2180 1206
4 2600 3441 1893 4925
5 4167 2030 4148 4018 751
2 548 4540
3 4140 1076 2862
2 4192 1861
2 4610 4119
4 3503 3459 3463 63
1 2525
4 910 2617 2733 4567
1 3556
1 1797
2 4472 3700
1 4265
0
5 3479 1460 3702 2124 3420
3 4930 760 4652
5 2998 2043 1595 3536 2349
2 3911 4226
4 3049 2427 403 3355
3 4973 211 705
5 1340 4872 3409 2835 2402
5 565 3816 4300 4600 3615
1 3667
2 2154 3533
5 4537 1209 1756 3017 3034
3 300 3031 3367
1 1500
3 1620 730 4658
4 1625 3552 665 1728
1 259
3 1738 4098 2160
0
3 2419 2785 2876
1 603
1 1306
4 2992 3891 4393 287
2 4733 2052
1 4474
2 2214 2475
2 2515 2078
2 1313 22
1 1272
3 122 2342 4182
1 1722
2 633 2125
4 1008 2991 1872 3357
3 4320 1111 2361
1 4810
3 167 4715 2311
1 3378
2 1681 964
2 3170 2166
1 3042
1 4712
1 1385
3 2474 4486 2558
1 2990
1 1988
2 4704 1823
4 4402 4661 3664 754
1 3741
3 3923 4821 1277
3 535 2965 1010
3 3360 710 4744
2 4597 4156
2 2750 2616
1 66
2 2250 3867
6 3298 3578 327 4349 3885 3184
2 2009 4890
2 3419 2997
2 3117 257
1 2669
1 3070
2 770 4530
4 3482 2123 4558 280
4 2390 216 4465 75
4 501 919 3580 3451
3 68 815 1259
2 4036 651
2 706 2488
3 3072 2409 4020
2 3440 2865
2 3005 3565
1 3422
3 1999 895 1356
1 853
2 1409 3631
1 4996
4 2726 3039 1052 2130
1 574
2 4998 4786
2 3008 2539
5 2142 4828 2503 2951 277
2 2928 4458
1 1785
4 3539 3164 2401 3457
1 3852
0
3 4051 3644 3575
0
1 4512
2 662 1664
3 2902 659 3788
3 3397 119 4842
3 3282 3682 4047
0
2 1126 4491
2 1264 3270
3 160 2250 2443
2 4601 4405
1 274
2 2581 1225
1 3157
2 2370 1911
1 1081
3 1398 4273 1367
1 1810
5 1266 2030 4909 143 1891
2 2822 761
3 2192 824 797
5 1211 1862 3494 1648 3675
3 426 3297 2270
1 516
3 1548 2693 168
3 622 1909 3767
3 3546 401 1440
4 3849 4203 3300 264
3 351 3886 2924
2 3830 4050
4 177 1422 1803 268
2 4354 3308
3 2010 171 3817
2 3400 4208
1 1607
2 3220 3375
4 2250 657 942 2847
2 4370 2181
2 1410 1782
1 3946
2 293 2344
2 3764 2207
3 3298 2919 2890
3 21 539 2518
1 1941
4 2200 4992 1773 2066
2 2350 2305
3 4545 4564 2147
1 1106
1 713
1 327
2 4761 2000
2 1929 2576
4 4457 3812 3278 4149
2 4560 134
2 3437 4815
3 4754 1776 4719
1 776
3 3846 1062 3673
1 1668
2 3588 761
3 3467 2780 4
2 4318 824
2 3572 1662
4 1725 314 4447 1983
3 1966 38 735
1 3419
2 2113 4090
2 2604 2629
2 2629 1064
3 2954 2553 3666
3 1186 593 4285
3 3322 3344 4250
3 3399 3740 3359
1 2681
2 3266 992
2 3770 2236
2 4874 1056
1 4242
1 929
2 515 692
1 1904
2 1571 4344
1 1211
2 4085 983
3 4196 2340 2339
2 4299 2797
1 2636
5 1594 722 1986 220 1451
1 642
4 394 4524 1825 2344
2 3712 2628
3 3033 314 481
4 4056 3574 2494 3962
2 912 3235
2 2397 1785
1 282
1 164
2 1684 2515
5 1037 4920 3784 3587 1107
3 163 1882 0
2 1466 2664
3 1635 4743 1048
2 1353 2595
1 2743
3 2328 3736 3118
1 3465
1 1842
4 4936 3216 611 3776
1 4311
3 1542 4622 4947
1 297
1 3179
3 4597 397 533
4 1712 3938 2470 4681
2 2693 278
5 276 659 521 208 4177
1 4853
1 4627
4 3814 1107 2048 2958
2 215 2485
2 1867 3829
2 4829 3313
2 1119 3638
3 2966 389 4925
1 917
1 1795
2 225 4654
2 1425 3150
3 226 2803 69
2 3063 68
2 1546 911
1 3856
2 1536 348
3 1036 1163 233
3 3857 568 4124
2 37 223
3 681 1268 559
2 3760 286
2 3064 4282
1 4602
2 3722 2764
2 4503 3842
1 2029
3 3337 801 1455
2 2422 148
2 968 3476
2 3220 3319
2 696 4034
1 2367
2 1623 2215
1 662
3 753 1449 1687
3 3507 2080 4731
1 1867
5 4409 3226 4367 1916 645
2 3163 1459
2 3971 3167
3 4003 2803 4910
2 3601 3978
2 2990 4501
1 919
4 4134 4174 4102 2528
2 4471 2789
3 1096 1440 272
1 1266
1 3249
6 2510 1802 2755 2508 1269 819
2 4468 3476
2 1009 3453
4 1263 3381 1311 165
2 4036 2466
3 1301 442 3725
2 3630 3561
3 3803 1693 3403
2 1867 2651
2 4734 4317
1 3275
1 4266
2 2024 3796
2 551 3107
2 3545 4106
1 861
2 404 855
2 1746 3165
2 776 1663
2 23 1533
3 4723 2484 3368
2 3801 2234
4 3189 1066 433 1790
2 2754 446
0
2 3733 465
2 715 2831
1 1731
2 3545 4199
2 4969 3696
1 2880
1 476
2 4054 3509
3 1220 3746 3442
2 4936 3937
1 905
1 4462
3 2723 2608 3982
4 4252 2885 3656 4876
1 306
2 2073 4842
4 4988 734 3073 3178
2 3329 3002
4 3189 816 1223 298
4 752 3402 3426 2517
3 2293 3071 804
4 405 4486 1352 2416
0
2 1832 2635
3 405 3114 1858
3 415 1716 1840
1 959
1 4265
1 2586
2 4010 4417
4 1473 4152 2117 2364
1 818
1 133
5 4100 3856 3610 1181 1070
2 3756 4304
2 1114 2354
1 633
5 1211 4688 4052 2717 2921
3 2553 4361 2706
5 4432 3679 813 4523 2696
3 116 2193 972
1 3965
4 1327 4038 3513 4063
1 3696
3 3563 2731 4367
1 2677
2 456 281
1 4403
3 3545 2578 4655
4 654 4313 2331 2970
3 4111 3271 524
3 931 2088 4054
4 3751 2744 2385 803
3 2050 1571 2027
2 4278 3271
3 1877 3732 2753
3 1050 352 4742
3 2026 1269 1899
0
1 1844
1 1287
4 4337 3891 3465 3267
2 1368 3392
4 1127 4471 4798 4060
1 2685
1 2133
3 664 1177 1840
1 2387
1 4980
4 236 818 4382 222
3 538 3110 1124
2 1920 1632
3 4115 1911 1245
2 4294 1187
1 2595
4 1806 2412 3607 77
1 966
3 4765 299 1760
2 2686 61
4 1679 3969 2526 412
4 2853 1887 3511 3504
2 2685 380
3 163 1310 3499
3 124 1830 86
3 610 467 4259
1 825
3 2660 1325 2750
2 992 20
1 1803
2 404 2713
2 1460 3808
2 3166 3921
2 4816 1520
2 2070 1854
3 3709 647 1381
2 62 4488
3 1272 3568 2679
4 961 840 718 1117
4 3130 1049 1122 499
2 3103 4619
2 1158 1990
2 4099 2510
1 1283
4 618 4820 1145 3649
1 814
2 4533 1977
1 4085
3 4647 3419 3623
2 4974 4584
2 4267 3211
2 596 2891
2 4802 2900
3 2060 921 361
4 1866 2268 2315 2285
0
3 466 3596 3720
2 1361 4558
3 3408 596 2734
1 2973
2 4192 2742
3 4235 2969 1826
2 2326 4195
2 519 4368
4 4569 4982 3377 4884
1 145
0
2 2327 2447
1 18
3 260 2271 3789
3 3814 4478 1597
1 664
3 3503 1770 3343
2 898 1196
3 174 234 1736
2 947 2368
1 347
3 1179 1623 3868
2 4539 2376
2 746 4853
3 933 4012 3832
2 4958 388
2 1706 1686
1 958
1 688
3 4954 1406 183
3 71 4938 2289
4 2275 4786 492 3871
0
1 3435
7 1076 3422 4014 1479 3448 2185 1371
4 1130 3052 2519 3747
1 4277
3 4514 376 3804
1 525
3 2941 3827 3400
1 2400
3 4771 853 1916
1 3023
4 4880 4580 4638 2610
4 3733 3522 1707 1289
2 257 4607
3 4791 1255 2977
1 3873
2 4333 512
2 691 2732
2 2866 91
3 4100 1838 2467
2 4100 353
6 3591 4684 1849 1579 4632 1631
2 2205 434
1 4694
2 2422 1558
1 4192
3 4961 21 4986
0
1 4463
3 91 3350 1216
2 3051 1507
3 3740 1320 3940
2 766 4878
2 4866 2526
5 3182 4237 4539 2625 1216
2 1008 4708
3 993 4774 4867
5 2061 3337 854 2291 4304
1 968
2 2009 2087
1 4096
2 487 2518
4 851 4945 3205 4901
2 1811 3182
2 290 3887
1 4803
1 622
2 1833 2071
3 2192 36 1834
2 2622 1867
3 1735 3556 2889
3 1571 3172 4085
3 923 935 155
1 751
2 3704 4699
1 1946
3 4871 4822 3407
2 2774 1362
2 434 2010
1 2200
1 513
3 1233 3228 1690
4 1183 1719 4276 137
2 2215 2917
5 595 2757 3338 2458 287
2 3881 2945
5 2538 4334 3044 129 2032
2 2177 2918
2 1878 1838
2 3981 3223
3 3892 4703 2712
3 3402 579 4617
4 3151 452 4016 4060
1 3321
2 844 4089
1 4539
2 3323 3505
5 3840 3211 3373 4113 3512
1 2969
5 67 2873 3209 4091 1399
2 4070 4436
2 4542 4170
5 3134 1256 3641 3896 3143
3 4091 725 209
2 1761 2729
1 2614
3 3493 3206 2274
2 1999 4226
2 467 2292
3 2950 2971 2280
2 1951 3986
3 795 2430 4239
2 1692 1151
3 2401 1122 2229
1 4538
4 638 4845 353 1060
4 3919 1903 4478 1170
1 1386
1 4207
3 4003 1280 1453
2 3647 2433
2 3758 791
2 1351 4634
2 3879 1797
1 728
3 3142 1907 1087
1 3186
3 4318 2004 2329
3 4842 4226 4887
2 3179 799
3 1375 51 1633
4 3177 3949 3935 3062
1 593
2 3770 2159
3 4232 179 4730
2 2522 3835
5 4795 1698 1205 2869 658
2 4507 2135
1 664
4 3244 4723 2081 3388
8 530 1449 1203 2796 2293 3772 2908 1702
3 1691 208 1092
2 3345 3443
2 4288 3169
3 2362 493 630
0
5 4757 681 2916 1366 2557
2 1928 1484
3 4226 2242 3161
1 839
1 1068
1 2015
2 4307 3609
1 2215
0
2 2855 3396
3 3681 4985 4876
2 4283 2303
2 3540 3828
5 1888 607 4148 1895 855
3 975 642 611
2 370 1938
3 1146 865 4612
1 2371
2 3219 2002
2 3398 72
3 1586 1400 1484
2 928 3545
2 2241 1766
3 4100 2927 3801
4 84 448 193 4317
3 4609 739 4755
3 3672 4847 3488
1 3305
1 578
3 2491 2573 9
1 1466
2 4538 4928
3 1199 2193 2238
1 2031
2 2538 1516
4 4030 2564 4394 372
1 795
1 4428
1 1970
2 3562 3883
3 721 241 2836
3 4254 3014 3577
1 694
1 4934
3 3474 4160 2769
3 619 3007 3003
1 1815
1 1003
1 1950
2 3763 2938
2 1812 1957
2 1820 321
2 2814 240
2 4486 3413
2 2461 1801
1 4863
4 1732 2766 3582 3347
2 2331 4553
3 1996 1412 4790
3 2419 769 973
1 4999
1 947
2 2135 454
2 1049 175
1 4096
3 3796 1642 495
0
2 4621 3536
3 3304 3799 809
2 1262 4421
4 2390 2426 189 2019
2 276 2783
5 2729 1370 2803 56 609
4 1881 617 3664 126
2 1740 2788
2 3313 4604
1 3890
3 3805 4337 3839
2 59 3294
3 2574 3774 3253
1 4949
1 1996
1 2792
0
2 872 93
4 1492 332 2119 3895
0
3 2883 2049 3301
1 4241
3 1401 3942 4136
2 4745 4471
3 369 2145 2649
4 4936 216 1319 4146
2 2908 4965
3 4912 2331 4021
2 3173 1971
5 2522 4505 2833 317 1394
2 4639 3176
3 1710 3712 1810
2 3563 4433
3 4967 32 913
4 4732 4668 4013 2204
2 578 1693
3 4795 1462 2970
4 4003 2608 847 4233
1 328
3 112 2188 1088
2 4754 4455
2 652 1380
2 191 2437
5 1275 924 1149 1750 4135
5 3137 3787 687 2905 4572
2 3164 3682
1 2384
3 1274 3740 1793
2 2395 3884
3 1301 4986 4406
3 3084 1972 1950
3 3352 2833 4483
2 3222 2255
5 4375 1970 4686 173 3703
1 3282
3 1175 24 4644
2 3915 2428
1 3129
2 4888 150
5 1264 3344 414 4411 2620
1 4369
5 4150 4961 2261 439 1992
2 2679 4354
2 1792 4330
2 3690 2706
1 2033
2 2834 4062
3 2658 2724 41
0
1 2644
1 1652
3 115 4071 4107
1 1548
2 2477 4997
2 4386 2686
2 2948 3824
1 65
1 4944
4 541 330 4944 3490
1 3986
2 3177 1435
1 2248
3 2170 2796 2529
1 4200
2 4829 3076
1 2710
2 1052 1030
3 1755 3406 4297
2 2931 20
1 1603
3 474 4959 4217
2 3743 1413
3 1398 4772 563
0
2 4821 480
3 159 3219 4929
3 2546 1242 421
2 3704 1370
2 655 1816
2 891 3015
4 1151 4315 4608 482
2 4871 604
2 2543 2183
4 3235 168 4638 3707
2 2765 660
3 546 3245 1836
5 78 921 4127 2126 2834
3 3107 2097 2794
2 4912 1561
3 2972 3729 3171
3 3870 2935 1129
2 1812 691
1 2565
4 4003 940 779 3380
2 3659 3156
2 3070 4474
2 2681 1030
2 355 92
3 4088 4530 1079
1 3547
4 4869 1126 3279 1273
2 172 3856
6 1523 2217 900 4508 976 104
2 4153 3566
2 793 620
3 4998 72 1108
5 2259 1820 2731 3060 2827
1 2675
1 2466
5 3102 2745 994 910 4272
2 1021 671
1 2017
2 3897 598
1 2972
2 902 974
2 3648 1317
1 4067
2 836 82
2 3505 581
4 4750 1377 1064 4343
1 1498
3 4874 4827 398
1 3101
5 3760 4323 1624 249 2108
3 1507 2065 2816
2 3814 1811
1 1452
4 2601 4074 2743 3498
3 4958 2661 1384
1 2961
2 3222 3766
6 404 4016 3987 4300 4844 590
2 1183 680
1 215
2 3503 4590
2 3102 1962
3 1812 1689 502
1 549
4 4997 2738 2366 1696
2 1868 4913
3 4658 226 2930
1 4436
3 476 1157 860
3 1471 2489 2114
3 1021 2757 2638
2 892 4809
2 932 2667
2 4630 1149
1 4775
3 2241 3578 1001
2 1799 2667
0
3 3014 595 2867
0
1 2822
3 1587 4247 3516
3 614 2310 2324
3 428 454 3875
2 4200 184
3 4284 781 2631
2 4554 1496
2 3678 3270
3 3704 373 1618
4 789 2929 383 2907
2 4355 1022
2 1964 3555
3 2675 3998 4663
4 3891 146 3893 833
0
3 2736 3970 781
2 2110 4963
1 4073
1 2529
2 471 3677
3 1339 1718 1627
4 3252 2289 908 4004
2 846 4769
2 3371 3807
3 2657 3765 2141
2 1574 4403
4 3186 4125 4730 2323
1 2782
1 293
2 3736 29
1 903
3 3440 4132 194
3 3035 666 3861
3 510 2165 3528
2 57 4811
2 4811 1357
5 3598 3447 2667 1666 3084
2 3033 2380
4 2357 1485 3176 3431
1 1694
4 3669 4069 1941 2914
2 3918 894
1 2960
1 1951
3 3033 3783 4155
2 3177 3599
3 2995 4037 1468
2 3594 1792
4 230 4881 2230 4490
2 4160 3468
1 4971
1 153
2 2122 1500
4 4009 1769 4564 2549
2 767 3603
4 4979 523 1329 3112
3 2485 558 1115
4 2524 4835 4796 4596
1 1707
2 2646 984
1 4639
2 459 3500
3 1594 1703 1847
1 2572
2 4603 4935
2 3608 799
2 1851 2684
1 944
0
3 2677 3293 4527
1 4678
3 789 4271 2508
3 2757 3579 4884
4 3600 2392 3647 3238
1 362
4 103 1018 1519 767
3 141 313 4593
3 3762 4110 1675
4 3247 2956 2942 3001
2 3822 2787
3 3412 1253 1688
1 4762
3 4005 1320 1980
1 221
4 2460 4483 4785 3569
2 2689 808
1 1934
2 903 2494
4 488 423 152 3478
5 975 3150 184 4695 2670
4 2211 4983 4117 456
1 2073
0
3 78 203 4376
2 1619 2934
1 3265
4 476 2997 2179 3325
1 909
3 2744 4698 2175
3 2070 3762 3416
1 2489
2 3049 4232
3 3551 4784 3991
2 2138 4931
2 3670 1905
4 1421 3598 3596 2824
1 2194
4 472 303 432 2854
2 2760 446
4 4982 2397 1576 4364
3 4675 3267 2225
4 3462 822 2729 2579
1 3539
2 575 2738
3 2398 1276 308
1 3282
2 1481 3601
0
1 2275
1 2
4 4922 2860 903 1778
4 756 3659 4253 2821
1 3729
2 2068 4065
2 2184 3121
2 820 4502
0
5 1902 2015 3514 2453 4693
2 4792 4068
3 3572 3068 3997
1 1222
6 1426 3572 3503 1517 4027 311
5 3994 1516 2634 3512 4502
3 992 3540 1768
3 3583 171 2920
1 2124
4 244 1540 3521 2359
0
1 4984
2 1880 706
2 2080 3028
3 4881 3532 1839
3 3232 4616 4941
2 937 2986
0
3 896 4599 3631
2 138 527
1 1706
2 2682 4150
2 3987 4941
4 2568 4765 4862 3663
1 1602
1 2256
1 1570
1 785
2 1398 1346
3 3060 2023 1557
2 3801 1248
2 4120 2191
3 2074 1719 831
2 876 586
1 3731
3 1999 2312 985
3 1364 4948 2934
3 3612 3792 2748
2 4765 3860
2 1050 4205
4 2047 3862 853 1980
2 2342 4783
0
2 2436 1305
3 4028 2884 2645
2 1210 1372
3 4049 3814 375
1 3182
3 851 2362 2263
2 4568 4379
4 2760 4892 4197 1045
2 4904 4229
4 791 570 2246 759
3 3540 3770 3200
4 3428 4563 2628 3993
3 4524 3056 304
3 4083 2031 2164
2 2275 779
2 4662 4672
4 39 4033 1180 4209
2 2034 786
2 2096 3748
1 2966
1 503
2 693 1765
3 3588 2630 3407
2 2412 1938
1 2165
1 1011
3 3873 3617 878
2 3299 2720
2 799 675
4 2398 2831 2360 2262
3 3941 4236 2683
1 2073
4 548 916 3507 2144
3 3951 136 3571
2 3742 777
3 3252 969 1604
3 2819 2321 540
3 1473 3721 4512
1 2782
1 936
3 453 3486 2330
1 3474
1 2992
0
1 3236
5 2275 727 2766 3338 191
2 1903 4711
2 2078 1154
2 4795 378
1 4930
1 2408
1 2489
1 4912
3 2515 1341 3357
1 668
2 1435 392
3 1954 914 1998
1 4829
2 3958 4975
4 2957 4147 2345 2996
2 410 173
1 2099
1 1184
2 2672 534
1 4115
1 2675
2 2375 3346
6 4396 504 3390 3475 3154 4098
1 2017
1 1689
2 3396 1047
2 653 3911
4 4978 4688 3047 4591
2 2151 365
2 2131 833
2 3324 2852
2 4252 1445
4 1345 1483 3922 1631
4 2629 1158 674 1759
5 255 1449 1865 2606 4220
3 4743 4611 2295
5 1632 2602 4335 4783 10
1 2609
4 3068 1334 4663 491
5 4760 4913 3674 1636 4756
3 715 958 2902
1 2133
2 1959 1294
1 2933
1 4857
1 4034
1 2191
2 3402 3589
2 2555 1039
2 4264 3628
3 2250 3931 3008
3 4552 2953 3112
1 4997
1 196
3 4495 2866 3496
1 4682
0
3 56 1447 149
4 2 3340 3131 2834
2 63 2721
4 1150 4838 3671 2493
4 2041 1271 3384 4418
2 4671 2420
3 730 79 677
2 2961 29
3 3103 4687 3988
2 3655 811
1 708
2 1297 99
1 3005
2 752 166
3 4737 1659 4598
4 671 689 242 4602
1 1639
3 395 271 2987
3 351 2489 880
2 2396 3201
5 851 2009 244 3927 1295
4 3436 318 3832 2899
2 4316 489
4 614 3566 3836 3544
3 2067 3275 1407
2 1148 2802
2 3923 3491
3 1204 3443 1919
2 2537 2786
2 1738 586
3 1181 4073 609
6 546 685 3213 3647 4797 2837
1 1945
2 3220 876
1 56
2 3305 429
3 4104 1323 123
2 2869 27
3 134 1085 154
2 4311 1961
0
1 1534
1 2010
2 4848 1379
1 3511
2 2860 1327
2 281 1662
1 566
2 3337 1372
2 2764 4359
2 3081 608
0
7 713 319 4429 2069 1576 2520 695
3 63 1143 3631
3 641 896 3995
1 108
1 1331
3 14 2940 3291
3 260 657 4324
1 361
2 2374 3294
2 2060 2591
3 3249 2949 3624
2 4743 3876
2 4424 2935
2 2376 3105
3 498 3303 1783
2 2576 814
1 3490
2 2642 3043
0
1 1949
2 267 4469
3 2814 1988 4128
3 1436 1327 367
8 3082 3438 749 4703 2142 745 2880 3640
3 258 1048 999
4 2682 610 186 190
2 2793 3892
1 4466
2 1086 4997
1 4115
2 2474 588
5 765 3546 1881 1435 499
3 4178 4292 3916
3 4805 1343 3368
1 3834
0
4 2095 3869 3107 561
3 3238 2013 4544
1 2882
1 2790
2 2441 242
2 3760 3092
2 2584 316
3 502 3825 1083
2 4035 3215
2 3762 151
2 432 4514
3 1145 4700 1952
4 4603 3303 1498 4001
3 3177 4032 2237
2 1450 1041
2 3904 2903
2 2056 140
2 1222 4310
2 1044 358
7 2819 1272 661 1730 4980 3879 4249
1 3954
2 628 3916
2 4701 2788
4 441 3921 1856 4699
1 4787
5 4916 136 2448 2758 2395
3 4936 4373 1952
1 1264
2 407 1427
5 2893 2986 3414 4658 253
1 2896
3 8 4886 976
3 1270 575 4578
3 4899 3632 1051
2 3499 1968
4 2205 3634 4649 1448
2 2650 4768
1 713
1 4993
1 1097
2 2728 4548
3 3951 3089 2158
2 2284 3827
5 867 447 1602 3403 333
1 3099
2 172 509
3 4743 3115 3663
2 1733 1565
1 3470
3 496 1467 3802
2 266 865
1 4641
4 3846 8 3203 4113
1 1718
1 3165
4 1272 2624 4600 1042
1 3265
2 3341 2477
4 2729 1219 1259 3894
4 2049 802 2401 2789
4 541 1783 3144 1250
2 4159 1580
3 806 7 1917
1 3302
3 3014 3480 2696
3 4627 3817 3170
2 3480 1856
1 3885
1 3311
4 3182 4981 2182 560
2 1650 3425
1 603
6 4167 1 4046 1965 354 2249
1 4552
2 4677 4528
2 1540 280
1 100
5 3842 2448 2369 2597 1415
1 4860
2 4314 716
3 1207 1632 4613
0
1 4922
3 2089 4056 2360
7 4949 284 4372 4168 3708 1495 2678
2 2632 2365
2 107 1244
0
5 4152 3984 2354 3349 4484
3 3848 3823 4499
0
2 2302 3508
4 3196 526 1547 791
1 4698
2 3044 3850
2 418 3714
2 2722 3765
3 4228 4371 2517
3 2187 1761 1572
5 4864 1316 1395 1058 996
2 3759 2590
1 4224
1 4892
3 37 4647 91
1 3732
3 874 4839 1026
1 4308
0
1 3211
1 56
2 4063 2962
1 2875
2 2047 4351
3 1469 3131 2620
1 3667
4 469 4720 3315 798
1 2035
1 1492
2 1378 558
1 2800
5 2068 4097 549 2570 1807
2 1683 1961
2 3211 771
1 24
3 3670 3868 2479
2 364 2339
1 1223
3 3847 1252 4813
3 4430 4109 2445
3 351 1504 1328
3 729 2590 2180
3 2310 67 3695
0
1 2640
3 100 2406 4194
2 2854 4723
5 4145 4733 1230 4041 616
2 828 4919
5 1767 920 2994 1560 95
2 2138 526
5 1134 2050 4405 1991 787
3 2577 1474 509
3 4615 3032 197
2 667 3482
3 2918 684 4914
2 4733 1482
1 2356
3 1102 2576 1665
4 1316 644 1195 4023
1 563
3 4630 1127 512
2 225 2920
3 444 1526 2119
1 1065
1 3169
1 2965
2 1771 4762
2 3915 2483
1 2033
5 4244 3190 3372 2091 1590
5 3444 1362 1711 1584 3616
2 3747 430
0
1 2077
1 3569
3 931 2067 4781
2 3648 744
2 2277 3599
1 3793
2 2407 4770
2 877 3596
1 3479
2 964 74
3 4272 1924 2476
2 2397 3839
0
7 3330 2919 4822 3406 2029 3199 4753
2 4541 3488
3 4141 830 3549
2 116 1106
2 1488 789
2 4627 4231
3 4563 3520 85
2 2506 2982
2 1078 1231
2 4439 3092
1 3327
3 2024 3102 592
2 4507 4639
3 3172 3444 118
3 4896 2175 2413
3 2662 2101 1486
1 560
1 2742
2 1762 3320
2 771 2343
1 3975
1 2028
4 1249 2626 1947 800
2 146 16
2 1168 3598
3 4329 3638 1500
3 4521 4565 4279
3 449 3261 4359
3 4697 1552 2525
1 3840
1 3653
3 3727 2472 2909
2 290 3835
3 619 2932 2740
1 3513
2 2995 4905
1 2190
2 223 4422
1 3963
1 2225
2 1203 1802
6 267 724 473 4256 1514 974
3 1881 2550 915
1 3899
2 2766 1363
3 408 4223 1834
4 2211 444 3640 2479
1 2790
5 2760 4229 4599 635 2396
3 2990 4229 1825
3 4892 346 2035
2 2960 3004
0
2 3910 2854
2 2088 2202
2 1499 1648
1 4825
4 3016 3172 4712 1685
1 4964
3 4930 1722 3359
4 2995 2182 2578 3937
2 1782 2356
1 3590
1 4612
2 3429 1645
1 3595
1 3507
1 3180
3 1692 4440 3364
2 2430 447
2 3769 3484
4 4525 2196 3440 617
2 1609 4992
2 789 879
2 4448 1513
3 4215 1078 4217
3 4390 1625 605
1 827
2 1945 4295
1 70
2 3650 4874
1 496
4 371 3151 3059 2845
1 4184
2 2231 4227
2 3411 315
2 1430 3174
3 397 2318 2828
2 3179 3183
2 4501 4415
1 2322
2 4649 4645
0
4 1109 3290 3140 1806
2 3947 4573
5 3704 2691 1317 2563 554
4 2177 3054 2656 4917
6 3119 3249 1818 2986 3120 580
1 174
2 2303 2923
2 1134 4986
1 3775
2 424 2113
5 192 1617 2942 4637 484
1 3364
3 4439 1375 247
3 3955 4269 1480
2 1485 3544
3 2353 790 3003
2 2314 1723
2 3177 3879
1 2033
5 1978 907 3025 3701 3820
1 439
1 3557
3 607 1780 4450
3 1568 1731 2666
4 4960 4895 3625 1314
3 2650 488 844
2 1362 1504
2 67 4242
1 2896
1 3493
4 1430 2306 270 955
3 1682 3399 4268
1 3812
0
1 38
1 597
2 2201 3498
1 78
3 2923 2000 2456
3 3336 2239 4172
1 3315
2 585 2476
2 885 2648
1 2614
3 434 993 2664
7 1564 2184 58 4269 291 4005 871
2 1136 4633
1 2567
3 1221 774 4604
3 4542 3963 608
1 3318
2 3696 1392
2 3239 2662
1 2814
3 3354 673 3615
1 2634
3 3915 2983 1336
2 2171 3416
1 898
1 3511
4 1141 927 2725 62
0
2 2303 2100
3 4677 433 3888
3 3270 1191 3516
1 1813
2 871 337
2 1793 1383
4 1428 1889 1192 1794
4 1518 886 1090 1495
2 4424 2128
3 2662 1082 3899
2 4265 3911
2 734 273
2 3181 4580
2 57 1677
2 4421 4135
1 2008
1 2923
1 329
2 582 2086
1 2877
3 2006 1936 3823
1 715
2 4791 566
1 312
2 2597 2703
1 2091
5 1852 328 48 1105 4086
1 1244
1 185
1 4579
3 594 2608 1030
1 323
2 26 4341
0
3 3072 2665 3125
3 1370 494 2292
1 3961
4 3074 306 4994 1363
3 1922 2846 2651
3 4915 3644 1034
2 4868 272
2 4311 2956
6 3376 2301 2231 1477 2145 3471
1 866
1 1852
2 119 2788
2 269 4303
2 1701 3633
1 1417
2 31 3198
1 2794
3 3653 4296 529
5 1409 2532 1069 2269 1433
2 4630 2551
1 4682
1 857
3 1798 2592 1303
2 4078 4989
2 1093 478
3 4078 3383 0
1 4712
1 2183
1 3716
2 2026 4273
1 2526
2 4048 1373
3 1691 3928 2336
2 1230 1580
5 1874 3208 3228 3187 2678
2 4087 4388
2 3924 4908
5 4051 4052 3645 1031 2042
2 4325 1017
6 57 2064 4865 2040 2465 4008
2 3214 3568
2 4765 3330
2 2652 1761
2 2103 3073
1 3667
2 3134 1597
1 2604
1 3191
2 889 4505
3 1321 3314 412
3 2839 4123 725
1 4464
2 4682 3986
2 559 517
0
3 3468 2197 304
2 999 2223
1 3846
2 2833 286
1 2041
5 3713 2438 2966 2545 4846
2 3588 468
2 4743 3267
5 11 1243 207 965 1404
1 4044
1 2585
1 4284
1 3037
3 141 4790 22
1 2299
3 1286 31 136
3 4857 2216 1156
3 2300 3731 2528
7 4805 2980 1470 4928 2069 4168 2673
2 99 2939
3 132 1251 3062
2 4127 1930
3 4141 4109 1739
2 612 372
3 1123 3538 1531
3 3422 172 4000
4 1270 2777 440 4221
2 1786 2436
1 2624
2 1332 3162
4 1286 4661 3104 164
3 241 1774 3007
2 4029 4971
2 1220 1533
1 1092
4 171 4386 2900 1288
3 4774 3237 1515
2 3472 4258
2 2832 4404
1 2161
2 161 4939
5 4569 1616 293 3223 4972
2 1458 4729
1 431
4 1268 1993 2462 4660
1 3823
2 1297 2372
2 2005 3026
2 4081 361
2 4592 4209
2 3380 4883
1 4592
2 2565 2847
3 3444 2682 2379
2 490 1728
3 169 1361 4953
3 4441 4204 1778
3 3137 2590 2987
2 758 1298
1 4712
3 850 3232 1189
3 3933 4571 2504
2 848 1587
2 4456 3844
9 4717 447 4199 1846 3778 4517 4440 967 2870
1 1655
1 3002
3 625 3906 2252
4 1408 3393 2623 4653
4 869 1964 3761 2407
3 1932 3250 2937
2 2823 3207
2 848 2195
3 2209 210 2707
2 1209 2051
0
3 3436 1563 819
1 3797
5 1915 4230 893 2530 2637
0
2 4896 4841
1 701
3 4028 1350 1886
2 4618 3356
1 2619
0
5 458 920 1412 1918 3116
4 2003 3166 1887 2649
2 3718 2227
2 565 4362
6 4768 2556 3303 3014 1591 481
0
3 2010 1608 17
5 336 4935 2605 1816 1530
2 2507 4190
2 136 1809
2 3432 2561
2 2843 1657
1 1800
2 2195 123
2 1888 310
2 4818 2338
1 2729
1 4936
1 3939
2 4885 1461
5 1881 90 2041 2513 810
3 4872 3355 2792
2 1993 3477
2 93 998
2 1813 1985
1 204
2 3788 4030
2 2036 601
2 142 2991
1 4336
2 4762 1672
1 3576
2 96 4427
0
2 2916 2997
3 3075 865 254
2 3353 1984
4 1929 956 2798 925
2 2202 3924
1 3911
2 3853 4849
2 435 213
1 3346
1 3560
1 502
1 1674
1 3643
2 2610 4823
1 17
4 3022 2541 4586 555
1 183
3 889 1951 567
0
4 4676 3367 4549 4282
2 1337 811
2 4743 4227
3 4723 1007 2572
1 4079
3 1880 4959 2334
4 1662 472 1727 1819
1 2696
2 3261 741
1 1727
2 3704 4724
1 1944
2 1700 4819
0
2 1075 1979
2 1598 300
4 4481 2720 1061 2311
2 3492 3000
2 1878 4285
4 3967 2771 1907 450
3 3342 172 788
3 910 152 1294
2 27 1033
1 2916
1 1748
2 3352 4620
0
2 1189 2367
0
2 4092 2044
1 956
2 100 2982
1 3743
1 4691
3 476 2561 2323
3 3295 1849 4172
2 538 4040
1 2268
3 535 3803 4166
2 50 2345
2 1072 307
1 4365
1 3263
2 3791 2512
3 1353 3955 636
2 1438 367
3 1817 2992 883
2 4934 3325
2 986 862
1 1846
2 3454 3180
5 2153 637 2422 511 4811
1 4503
3 4012 4108 4523
2 4311 4071
3 215 1231 4303
2 650 1155
1 1318
2 2058 4952
2 4527 507
1 2355
2 1322 2825
4 282 2202 4077 1592
1 4541
2 4118 1697
1 637
2 1074 761
2 1000 164
1 2435
2 3333 4851
4 1409 638 864 4310
2 2814 1314
1 2755
3 1545 235 4561
1 4659
2 982 1511
3 2964 2403 4640
7 4582 2346 2340 1973 2376 3128 4934
1 4243
3 2737 955 1927
2 3818 1298
1 423
5 2573 468 483 4536 2929
1 3811
2 121 2613
4 4977 3016 3316 2924
4 2089 956 119 2672
1 2163
3 2601 2698 3408
0
1 50
1 300
2 3082 3196
1 1537
2 1656 4588
2 4402 967
1 4498
2 3551 3344
2 4973 3915
1 2231
6 2974 2276 2716 1303 579 3279
1 1159
2 226 3048
2 1098 4985
3 3515 2160 4566
2 2366 2768
1 1859
2 2579 2285
2 4789 4509
2 1203 3736
3 812 520 2389
1 1503
1 4482
1 3916
2 1222 214
3 4092 1867 2921
2 3592 3599
2 4438 2903
0
5 4913 3322 419 4740 4240
1 2632
3 4015 4612 3217
3 3415 625 4780
1 4494
2 330 1599
1 4557
3 3674 161 2762
1 2130
2 3837 3105
1 2204
1 1268
3 1911 4311 4832
1 2268
2 1548 522
4 2122 4935 2184 1169
5 4029 889 4821 4662 1567
1 1964
2 4439 2992
2 2851 3649
3 4074 4745 922
3 289 1146 430
4 3536 2173 4445 2347
3 1368 3901 220
0
5 1859 1291 2735 3411 1020
1 14
2 582 1113
6 573 1533 1658 882 3058 1305
1 1663
1 2587
3 4468 1882 228
1 2685
4 3257 1641 3194 1104
4 3134 3090 3175 645
1 2663
3 1664 4449 4004
3 2441 4145 3181
1 1846
1 3828
2 2047 2808
1 1359
2 2053 931
3 4953 4822 3867
3 1772 4386 4879
1 4720
2 1048 2244
3 2281 3733 3900
4 21 394 2020 3283
3 898 3473 193
3 2314 2577 4628
2 1945 2186
2 213 4511
3 2736 3069 4923
2 2132 1604
3 1570 2815 2523
1 4459
1 2512
4 4009 3648 4 1416
2 2808 3520
1 4029
1 4490
2 2669 885
2 2457 3643
3 3076 4288 4844
2 240 2512
2 2070 4308
1 3337
2 1405 4097
2 1628 1786
0
1 2581
1 2028
2 753 3859
5 4938 4694 4728 4187 1028
2 4170 3111
1 1660
4 1643 1549 4463 147
3 2609 4677 25
2 3061 1481
1 1330
2 4902 4382
1 1877
1 4480
2 236 1763
3 3447 728 965
2 3709 728
2 4296 4298
1 3543
2 2315 577
4 2328 1472 654 1711
2 2593 3524
2 2874 2725
2 3753 1070
2 4051 3612
3 3882 2682 1850
2 2771 1506
2 3754 2901
2 3531 3839
3 4144 2184 3301
1 1648
2 2446 107
3 1920 1359 3113
4 496 3393 1921 4776
2 3251 1295
2 2554 2666
2 449 3717
3 3242 4507 4066
1 3907
1 1379
2 1364 3969
3 2088 3609 4839
2 1990 3171
3 1931 901 4330
1 3052
3 1913 4730 4411
2 3293 2242
1 2871
2 33 326
1 1101
2 1425 4924
1 2423
4 2879 3892 2562 4008
1 4555
1 4942
7 4211 4752 475 1910 3977 2641 3460
0
2 539 3121
2 1082 4142
3 1930 3202 794
1 1968
3 4945 278 1014
1 4106
2 3111 3396
4 4015 3323 199 3527
1 4462
1 3878
3 587 909 1807
2 1178 993
2 1798 3348
3 2200 842 4094
2 1172 738
3 1867 3930 3060
2 584 97
2 3862 4094
1 116
2 1022 1826
2 2676 1700
1 4315
2 2310 2888
1 3001
1 2231
1 124
3 3856 2688 3453
3 2148 1222 4460
1 4291
3 2720 851 4277
2 4521 3652
2 3720 3479
1 1038
2 2033 232
3 4696 1487 4965
3 1634 1197 1257
1 3327
1 2644
0
4 920 380 808 3744
2 799 3652
1 1959
1 2007
4 1023 805 3577 2054
3 1351 612 4386
5 4583 4159 3901 45 295
3 1238 3537 1957
1 2038
2 347 2274
1 2875
5 4244 2353 3737 4212 457
4 202 329 2141 1292
5 1414 2097 1896 3121 1705
2 347 60
2 3346 2502
3 4944 3747 2173
2 2990 3709
1 2637
1 2635
2 4419 1198
1 2000
1 3594
3 4579 3123 2136
3 4760 3556 703
1 4666
4 2326 946 4031 146
2 3565 3920
2 3850 3154
1 3838
1 3849
3 2532 4962 2062
4 3814 4904 3170 2059
2 1276 2719
1 2194
0
0
2 3135 2012
1 4821
2 1824 1083
2 319 3683
4 4060 2714 4218 4306
2 2267 2261
1 591
3 2709 1222 2470
1 1432
1 4311
2 678 4747
2 429 2817
4 3942 692 4550 2254
1 1993
1 4819
4 2948 3219 4389 3962
2 4396 2286
1 525
1 608
2 152 2288
3 4579 4995 1785
2 4289 1818
3 3214 3493 4620
3 4912 2914 1543
4 546 3327 1678 4927
4 3963 290 3972 2697
3 1211 588 2937
2 1903 52
2 2535 1367
3 3753 1055 2079
4 975 1772 617 144
0
2 4505 1832
2 1603 20
2 3009 2249
9 1130 2863 2043 4254 3717 4388 3873 1646 3802
1 2724
3 2157 4525 3316
0
4 4718 629 859 871
2 1053 1166
1 4805
3 1586 3432 559
0
2 4630 2394
2 4003 383
2 3333 2817
1 3251
2 2452 3721
4 3226 2051 2018 2077
1 1338
1 1713
3 2290 3721 4695
2 673 2812
6 846 992 3983 4927 3548 4363
1 2611
2 2127 2609
4 3030 3617 3632 4233
2 2630 4889
1 1802
2 4337 3863
1 3489
2 869 3996
1 3109
2 1211 3385
1 951
3 4283 3136 234
3 296 3461 1394
2 4608 1168
0
2 2546 1101
2 1287 2509
2 4508 2624
3 3992 400 799
1 1222
2 3635 3718
4 1094 51 2110 3569
1 3551
3 2312 3099 2752
2 2434 3851
2 2022 1248
3 1643 4494 930
2 3284 4260
7 1150 3114 877 1411 2304 4180 214
2 521 3595
2 1966 1642
1 2022
6 3329 3685 3216 2228 343 1147
3 3524 2214 2279
2 223 3770
2 2296 3016
2 2075 1981
1 850
2 2274 23
3 213 3064 2038
3 570 191 3145
1 876
3 4265 3824 4749
2 1405 350
2 1929 4849
2 1 105
3 2303 1913 3458
2 627 2708
3 4437 3501 3502
3 506 4989 1784
2 1382 3954
1 1341
3 504 2506 2816
2 2534 3045
2 1063 900
4 2605 56 1226 4348
5 2293 1169 1470 4722 4398
4 1094 3056 464 1752
4 4709 4521 2722 3387
6 4003 1304 232 1898 3156 4548
3 4380 2030 952
3 1653 1238 1229
2 4059 4875
3 2368 307 1380
3 1695 3434 2442
2 1364 2754
3 2883 3377 3694
1 1408
0
2 1546 4517
0
0
2 3524 331
1 2602
3 2581 2317 2209
1 3742
2 4616 3932
1 548
2 4327 113
5 2765 1450 3208 831 2968
2 1957 1652
2 4569 3444
1 3195
2 4252 1506
2 4932 3252
2 2163 3782
3 4373 2183 4807
2 398 2594
1 4455
1 2017
2 3091 2878
2 557 711
2 52 510
3 1007 954 4970
4 2393 4263 3726 1908
2 885 2266
4 1185 2522 4877 358
2 24 3905
4 1263 1928 2168 1239
2 3617 1358
3 615 587 3281
3 3926 1828 2178
2 1689 4231
3 3133 2034 4990
2 1774 3136
2 548 4198
3 2198 3413 1563
2 1123 1766
2 3394 3156
3 64 2681 4354
1 1481
3 2838 4083 3434
1 4825
2 3236 2966
2 4859 70
4 469 1957 3132 2536
2 4549 1851
2 3111 1152
3 3608 1854 3515
3 526 12 1675
3 2 2297 4297
2 3076 3539
1 4352
2 4958 3858
2 2525 3208
3 2202 667 3351
2 4766 1089
2 2243 2730
2 2118 1378
4 3644 399 4053 3929
1 443
2 4933 2471
1 4120
3 4017 4327 1713
1 646
0
3 336 3860 532
1 1359
2 3142 2183
2 834 4586
1 317
3 4703 3645 2593
2 4038 1231
2 2474 1745
0
2 4228 124
5 2779 1205 2065 2417 599
2 2919 1430
2 1795 834
5 3689 3401 1306 4731 3320
4 4505 3721 780 3452
3 3971 1090 1690
3 2514 4197 182
1 3852
3 4099 2406 2623
3 2146 1640 2527
2 3964 1614
2 706 2860
4 1035 2624 839 1870
4 1377 2485 3587 3909
1 4558
2 1350 4625
2 2885 2661
1 1284
2 4762 4732
5 3257 4265 2636 1232 760
2 243 3388
4 1312 4062 3686 2676
2 3570 1205
2 876 4847
1 4894
3 4463 3269 4433
4 4520 3531 4340 1333
5 3853 3318 2962 4350 2869
2 1038 1354
4 3098 1153 4579 963
2 2519 4287
1 1174
2 3616 3609
1 4629
3 259 239 233
5 1714 3371 2395 4687 3370
4 3142 1945 4636 1296
1 2112
2 1545 2871
2 753 3630
2 3306 3911
3 225 2608 32
3 682 442 372
1 4444
5 1185 4302 1960 4548 129
2 3097 181
2 2397 2171
1 1161
1 1935
4 3441 4886 3093 1873
2 3383 4391
2 172 4120
3 3354 3126 370
2 4702 1757
2 3483 447
4 2205 1062 941 4061
2 3319 4666
1 447
3 1538 3326 593
3 2085 246 367
1 2957
2 2434 4856
5 2342 4279 388 3517 2458
3 1339 4288 1975
4 1449 167 2680 4484
3 2295 1293 3061
2 793 3695
3 1245 2513 2316
4 774 89 4471 571
5 72 2497 3709 1224 259
1 3522
3 3846 3021 2072
4 1683 3896 108 2105
5 3076 2586 3576 51 59
1 3557
4 490 2613 580 3605
2 4489 3236
5 3342 3126 1853 4103 221
2 1109 447
3 1578 921 2969
3 4812 4215 700
2 1160 4866
2 704 2077
2 2806 4075
2 3865 1232
1 4195
3 2235 1573 4728
2 188 2749
5 3366 3451 1758 3734 3819
4 3418 1960 939 2752
2 2610 3286
