5000 3
2 1319 3894
3 2262 4948 1431
2 1865 4172
2 4394 780
2 565 4009
2 3826 3351
3 281 3645 925
2 3798 213
3 467 3992 3265
2 1868 3411
6 4227 4492 2030 3812 1028 2819
3 3710 1929 4412
2 1444 2960
2 4117 520
3 2098 2505 1558
4 3706 4568 4164 1259
5 1947 3367 4745 2918 1521
3 393 3930 3724
2 2028 3189
3 2275 2082 573
4 2187 3816 830 479
2 1452 4178
3 445 778 4248
2 3336 1337
4 3446 2217 2824 3281
2 3570 2053
4 1290 2183 3845 2591
5 4051 517 3062 1769 2145
3 1392 3480 999
3 1637 466 637
2 4452 2572
5 113 4525 998 3949 4239
2 1380 4462
2 4053 4900
2 79 1611
2 4377 1890
3 3094 238 1894
2 4884 1926
4 1748 3973 729 1913
3 663 2625 790
2 2096 4906
2 3224 1623
3 3838 914 4879
4 3041 797 4854 2620
3 2772 4772 4676
2 3674 2958
2 3999 3983
3 4221 3648 3259
2 2041 272
2 3400 4821
2 3889 610
3 660 4045 1661
3 647 2036 3072
2 3219 3114
2 4824 1068
2 4389 3094
4 2260 2730 3621 2081
4 664 2901 4218 3607
2 662 4703
3 2086 1593 1732
2 970 4592
2 2721 4826
2 3619 2077
3 2501 1157 268
2 368 1429
4 642 3836 1829 719
2 4065 4560
4 2177 2032 3580 2119
2 249 673
2 1076 3842
3 3278 1207 4689
4 742 2243 3690 1212
2 2818 3025
2 2736 4328
2 618 2226
2 1109 4581
3 1138 3505 1141
3 2295 3553 3566
3 2029 221 3323
2 34 4663
2 1594 2301
2 270 698
2 1127 1104
6 676 3872 427 3305 1616 4126
5 2306 4474 4956 2751 841
2 2396 2128
2 3806 3916
2 4601 2150
5 1994 1647 3061 1628 4811
4 4425 1583 3973 1983
3 2633 1866 4565
3 1822 3428 815
2 2575 3570
2 1576 1902
2 4369 3742
2 3927 980
4 4654 4674 1664 2056
5 1333 3204 4547 2131 4739
2 4553 1035
3 4139 4596 2846
2 1890 137
2 2548 1735
4 1577 3893 450 4604
3 957 1272 2449
3 2891 4012 2435
2 3438 4237
3 1345 1930 1668
2 4313 3151
2 1870 2886
3 2699 417 3007
2 1812 2854
2 4785 1536
2 371 715
4 2197 3179 2518 31
2 1346 3574
2 1518 1618
2 3525 1053
2 1890 3190
2 4753 3672
2 1940 745
3 2357 1633 4461
5 3444 4031 1325 3244 4346
3 3830 985 3298
4 1001 465 1844 940
2 2727 2990
2 3940 3613
2 4056 2345
2 2265 2103
2 1631 208
2 845 3441
2 3435 3817
5 818 2434 3315 4212 4242
3 1574 225 2900
5 2391 4714 1654 2329 784
3 2831 1343 2559
2 2113 4212
3 2330 2536 4513
4 3538 4790 4721 100
2 2619 3009
4 2640 4457 424 1434
2 4154 3248
3 4251 1912 1441
2 1424 4031
2 1503 927
3 1820 2442 3953
4 4815 2311 4967 1107
2 2741 321
2 1440 906
2 2399 4659
3 2853 2875 695
2 3846 864
4 2168 593 765 514
4 4889 846 3934 226
2 4153 4722
2 2121 2644
2 236 4437
2 850 367
3 2263 945 4838
2 1951 4204
2 1777 2792
4 2274 4687 527 577
2 1445 3308
2 3383 3739
3 1633 4957 414
2 281 960
2 1798 3680
2 4897 1439
3 2739 904 1728
3 457 350 4049
2 1983 3320
2 798 264
2 3797 1895
3 4071 4581 4447
2 755 673
2 1582 4936
2 3079 3282
2 1286 2395
2 1187 1884
2 615 3098
3 4613 4906 2722
2 1560 3153
2 3559 4606
3 3431 1538 2266
3 3882 2014 2494
2 1718 3983
2 4113 4289
3 403 888 3886
2 1894 4091
4 1402 196 2448 2025
3 1872 223 1714
2 1401 4363
2 4417 4606
3 1537 3475 2924
2 355 2295
2 2880 4786
2 2022 4590
2 188 2896
2 3557 4247
3 325 3542 1113
2 667 3155
2 4369 1782
2 3133 1655
2 276 2711
3 1033 3293 3840
3 4208 2882 1036
2 1257 2614
3 1713 533 4871
2 1309 618
3 2337 128 2758
2 4913 2379
2 996 3438
3 3944 3030 2545
3 2124 4147 268
3 1742 7 954
2 3334 1817
2 4828 1414
2 4781 4804
2 919 4004
3 2834 2220 3429
2 4688 3544
2 3518 3422
2 3887 78
4 1031 2547 4847 4319
2 3951 189
2 4321 2004
4 2683 3492 132 4874
2 3969 152
3 3221 1692 3204
2 3267 3681
2 4588 3546
3 2967 4442 4831
2 3147 3721
4 1917 4669 1016 1347
2 4625 2810
2 2470 2344
4 606 3760 473 3992
2 4273 155
2 4698 1402
3 888 36 3657
3 1461 4029 4711
2 662 296
3 2506 2701 1485
2 4203 2338
2 3239 4685
2 3696 2660
3 1290 3453 4789
2 2746 4291
2 3493 2052
2 3798 1628
2 68 3541
3 1068 3394 2161
2 4965 2397
2 3220 803
3 1044 1617 4780
2 3856 4989
4 3074 3169 3038 717
3 4192 1598 2059
2 3885 777
3 2609 682 4385
2 4481 1926
3 2410 1200 4950
2 1904 2656
2 1490 1854
2 2078 3756
2 170 4056
2 2869 1710
2 660 1201
4 804 4095 1178 3982
2 63 212
2 2534 3360
5 3810 1206 2801 1422 81
2 4439 899
2 48 3824
3 3886 2113 3186
2 3257 2852
2 563 1063
2 202 456
2 3724 1029
3 2787 2429 982
3 1418 2278 1745
2 1301 4188
2 6 164
4 2878 2632 1230 4837
3 3295 3920 533
4 3158 331 2345 667
3 1249 3659 2516
2 477 309
3 4737 883 400
2 4276 613
2 1096 2948
2 793 4777
2 2287 1411
3 4452 3790 863
3 2098 911 1815
3 419 1653 4165
4 584 3384 1853 319
2 240 1343
3 936 4116 4332
2 2143 3192
2 462 2999
3 1547 3772 4061
2 2745 4724
2 4280 4030
2 971 4124
3 3610 3280 2728
3 646 1098 966
4 3194 3890 4478 537
2 4993 1170
4 2463 801 4674 2960
4 4027 3136 3830 286
2 381 1672
5 3543 3736 2928 3994 4722
3 3502 3178 4985
3 4541 876 3526
4 2248 1800 2876 4396
3 3748 2588 3517
3 1632 1920 1936
2 1753 1374
2 1662 3198
2 295 4472
2 4410 2384
2 1080 146
3 4924 2709 3326
2 2189 2464
2 3922 413
2 198 1838
2 1214 2965
3 3843 2942 2677
2 1370 3036
2 2845 4202
2 2458 4516
4 2369 922 284 837
2 4578 4637
2 4592 731
2 1328 1438
3 4177 3657 2626
2 3088 4267
2 4284 3436
3 3258 3102 1608
3 1394 2030 3416
4 2013 2287 3253 3809
3 1726 1086 1710
3 3895 786 2395
2 3579 1816
2 1124 1507
2 2445 1751
2 1531 4352
2 2124 4644
2 642 1508
3 4965 3256 1737
2 1210 168
2 868 3289
2 3848 1539
2 647 776
2 1592 4856
3 1665 193 1994
2 2858 3879
2 1471 421
2 1855 571
4 502 4134 1247 4420
2 3471 920
4 2317 1563 3364 2843
2 2083 720
3 1997 2230 3088
2 535 2727
3 1363 1941 1030
2 727 1002
3 2944 3933 156
2 64 1608
3 4070 1295 1020
2 4766 4092
2 112 2159
2 777 1054
5 3897 3641 4145 487 3978
2 739 3006
2 3128 4289
2 3409 3083
3 4489 2304 1660
2 4149 3592
2 3315 402
3 4865 951 3305
3 3096 2756 310
3 2422 783 3143
2 1696 2260
4 597 3968 966 3008
4 2293 1520 835 1388
3 795 2670 1697
2 4137 3923
5 1371 1543 2331 805 1474
2 3350 1640
3 4610 2946 2127
3 4272 3890 612
3 1504 1289 4167
2 1867 17
3 1716 3345 3368
2 2715 2454
3 1953 597 826
2 3701 4239
2 2726 3627
2 2788 3357
2 487 287
2 3194 3748
2 379 3095
3 186 2959 2175
3 1574 4642 1845
2 885 2401
2 1274 1052
4 2844 4685 4589 3917
2 4493 4187
2 3163 1391
2 1326 1804
2 2889 1333
2 1164 4228
6 2765 4646 4400 3189 2318 324
2 163 4188
2 1161 4490
2 981 3477
5 2394 109 1319 2199 2441
2 3304 4243
6 4045 3714 4174 294 4725 2114
2 1196 613
5 357 4259 1628 433 785
2 3656 3293
2 477 2977
3 4706 139 4933
4 4625 884 520 4204
2 3688 2824
2 83 1456
4 2572 1279 2125 507
2 3869 1241
2 3676 4970
2 3299 1262
2 1867 3762
2 421 551
2 2916 3982
6 1924 2052 2621 1995 1436 1737
3 1511 3781 1962
2 3492 1110
2 1022 1813
2 1090 2716
3 2393 3795 4917
2 3662 4235
3 4109 1391 1469
4 3750 1499 3520 574
2 1923 2320
3 1329 22 2960
2 4893 1318
2 3337 532
3 2256 4284 4635
2 2787 2748
2 775 102
2 3458 3958
2 2310 4249
3 4880 3172 1980
3 2042 4760 3241
2 2827 1532
3 2054 4826 276
3 891 1747 168
6 3004 827 2288 1875 4292 4844
2 2160 2465
2 777 2687
2 1326 1674
4 3853 1895 299 3996
4 2604 1360 611 2472
2 1322 4932
5 2878 3300 123 2309 2988
2 3325 29
2 8 4236
2 1615 2768
2 4329 4764
2 4881 637
2 2878 4962
2 4211 4541
4 3821 235 2050 1282
4 1776 4029 1571 1556
4 2256 799 1375 4205
2 2245 1418
2 423 286
2 1562 4219
2 20 1261
2 2612 4989
2 3893 4229
3 2093 2486 1541
2 2736 932
2 4734 3915
2 4965 3394
2 2607 2156
3 2864 373 400
2 4802 3598
4 4854 1507 4068 4778
2 4701 3797
3 3855 2147 3047
2 1473 2465
3 2712 2055 2402
4 4533 3389 2402 3779
2 1232 650
3 2557 3800 1777
2 4708 4156
2 1406 1262
3 1629 3780 874
2 1944 3035
4 2894 930 3869 826
2 359 3420
2 3617 3778
2 687 1325
3 2415 1682 3994
2 3375 4502
2 428 837
2 4847 3098
2 742 2021
2 4717 2909
2 4824 1618
3 789 4962 594
2 4080 4245
2 151 2983
3 4533 4735 2796
2 1483 4122
4 27 4887 3737 964
2 2858 4875
2 4968 1907
3 425 2558 13
3 4151 3980 2921
2 4916 3349
3 2187 1515 4572
2 1770 3623
4 4299 1357 3303 2236
2 2938 1217
2 160 1826
3 1151 4244 2240
2 4384 3872
2 2444 3431
3 2604 3181 4023
4 447 1788 3598 2573
2 283 206
3 1615 933 1167
2 4362 364
2 2319 2025
2 1617 306
4 683 3880 4512 1648
3 4402 1638 880
2 4007 1362
3 3990 1987 3955
2 887 1626
3 1662 4598 1029
2 2875 1384
2 4312 3738
2 624 3555
2 3558 1970
2 2374 1804
4 654 4441 4226 4563
2 688 4886
3 4910 1721 433
4 1690 1797 1188 1344
2 2599 4569
3 3684 4911 4724
2 3893 4033
3 2890 3932 3991
2 2234 832
3 3736 2156 4986
2 1696 728
2 2802 1428
2 4953 4883
3 1215 3475 1045
2 275 2437
3 4766 576 4924
5 572 1440 3120 774 4
2 1126 1360
5 1113 4326 3610 4419 2252
3 2458 3588 2882
2 1535 1130
2 1182 3772
3 650 2067 358
3 565 2933 1821
2 3067 19
2 3866 443
3 3023 1324 3580
5 564 2849 3652 3761 4074
2 160 3659
2 2854 3043
2 608 2969
2 4516 3967
2 3723 4972
2 1199 1617
3 1749 1194 1901
3 295 845 2912
3 1551 4730 4795
4 1326 1584 4025 4077
2 1359 4384
3 3111 3640 3076
2 1268 668
3 3799 2105 4951
3 4879 1762 991
2 1410 3123
4 1788 650 3442 151
2 1438 512
4 3739 2749 4706 4168
3 3947 2138 3003
5 1423 4061 396 384 4094
2 1335 2215
2 2277 3167
2 1158 1105
2 2705 993
2 2146 4265
4 1980 3677 4978 1674
2 4820 3685
2 4260 1262
3 235 4584 998
3 2980 1976 4557
3 3467 579 2556
2 3909 4522
4 4908 2856 723 50
3 3126 463 2865
2 391 4004
4 3874 420 4901 288
2 1740 3445
2 3129 178
2 2667 2742
2 653 3033
3 3361 74 207
4 2912 4217 4491 2292
4 1700 4955 2536 3733
2 2656 3737
2 3085 4146
5 1843 2215 3413 4089 2731
3 4802 1904 546
2 2587 4945
2 2461 1387
2 4998 3556
2 2901 1137
4 2696 1023 903 1474
4 2856 1810 2998 941
3 2016 2434 796
2 4527 1936
3 1277 2273 1687
2 847 3980
5 2964 3457 3727 4238 1427
2 3377 814
4 2506 29 3097 470
5 3710 4250 2443 1637 3116
3 917 3572 2918
3 1447 1482 3461
2 3717 3912
2 65 348
2 2642 2975
2 2469 4803
2 4491 2404
4 2713 305 1567 4863
4 353 52 2686 3852
2 2591 4571
2 2986 4709
4 3314 571 593 495
3 4731 2483 1348
4 3086 1561 3443 1964
2 2063 617
3 549 2293 2001
2 1456 745
2 3963 3400
2 3673 1947
4 3689 725 4713 4513
3 2707 4337 1495
4 2036 51 266 4298
3 1244 3372 1828
2 240 58
3 1288 2256 39
2 57 693
2 3564 2355
3 2784 1111 769
2 284 199
2 839 589
3 2379 3333 927
2 1614 4410
2 1192 3577
3 3612 3578 4702
3 68 173 958
4 4518 2203 1181 1039
2 910 3845
3 2080 2560 83
2 1571 2054
2 2337 1996
2 4357 4814
2 4794 2827
3 3370 2510 4931
3 940 3622 258
2 538 2590
2 2349 4775
2 2397 3635
2 3755 4142
3 1186 504 2983
2 550 4053
3 1580 1846 3957
2 2836 2744
2 886 4983
2 2950 1992
3 3278 664 717
2 910 2143
4 149 1323 4978 2836
3 1448 2766 4320
2 1515 1266
3 3954 896 81
2 2940 3739
2 3162 3644
2 1757 4144
2 4660 1523
2 734 2721
3 2383 2992 4771
2 1789 3489
2 851 3712
4 4161 2664 2672 2767
4 2164 2072 4619 1035
2 4077 2228
3 1079 2777 3078
2 4603 2296
2 2294 2570
2 1426 2235
2 2234 4403
2 112 3210
3 2197 4550 4010
2 255 693
4 3600 1966 3966 4005
2 1552 65
3 1252 1873 362
2 3713 1776
2 3084 2296
2 2518 610
3 3269 3750 3575
3 658 2424 4725
2 4288 2725
3 4930 3640 366
4 559 3945 2131 2389
3 38 3875 4682
2 2079 1709
4 4648 3824 333 2285
2 1766 4156
2 2524 4952
2 703 2118
2 3746 4756
3 3945 4859 1444
2 2137 1381
2 2282 931
3 851 4519 374
3 3819 4533 1134
2 4915 4535
3 71 3060 509
2 2908 1931
2 1150 1844
2 655 119
2 2056 2932
2 3159 4190
2 4488 4202
2 2715 3113
3 4892 2224 3591
2 3561 3862
2 866 1274
4 4693 1082 2411 1686
4 3542 4133 3661 2603
3 173 1542 4017
3 4677 4015 4582
3 3300 907 2308
4 4964 3930 2073 1987
2 4534 4053
2 3793 4740
2 3768 1281
2 2939 2037
3 3491 3803 2676
2 3143 2374
2 3417 151
3 3581 1054 1993
3 2608 3519 1866
3 4965 1432 1211
2 666 4756
2 3755 2780
2 1501 4416
4 2887 4956 4549 4354
5 2384 3635 3575 3209 4066
2 2966 565
2 450 4052
3 353 3057 3264
4 460 372 871 257
3 22 1310 4843
2 1493 3526
2 4157 3
3 2645 3372 1426
2 3908 2379
3 382 3036 838
2 133 4245
2 4730 421
4 1237 342 4690 4298
2 4975 4096
2 4533 2331
2 1321 512
3 4078 39 4738
3 3119 3618 1064
2 2858 2829
2 3711 290
2 4748 4351
4 2930 386 2497 4846
2 3931 631
3 43 3297 2912
3 1146 170 1954
4 3595 2493 4013 475
4 3398 4252 2227 1988
2 308 2485
3 2448 1309 3629
2 252 2931
3 2904 267 4605
2 2958 388
5 2989 3682 2668 1227 3068
4 4036 2894 1016 4058
3 4928 4870 2502
2 2192 2420
2 2808 2336
2 4201 2640
3 4570 3634 1852
3 4707 1173 3851
2 636 2268
2 4089 91
2 2714 3725
2 1612 2249
2 4925 131
3 1621 4213 928
2 2544 2008
3 2104 3415 988
2 4498 1430
2 2698 4511
3 3985 944 4659
2 3151 2278
2 396 501
2 458 2379
2 2316 4948
2 3527 2343
2 3363 20
4 2711 4116 2588 4073
2 2399 557
2 4050 1301
4 3145 1818 3880 3582
2 2917 385
3 3349 4939 3358
4 331 946 2220 507
2 2642 783
3 3948 3449 668
3 1839 2132 4104
2 2499 84
3 2062 3299 2438
2 3080 4902
2 4268 1651
2 129 584
4 1798 152 2060 4579
2 3081 634
2 4296 4843
2 4159 2560
2 156 2674
3 739 706 977
4 3588 1526 2122 3346
2 2757 3059
2 4757 4529
3 3127 1243 3708
3 3328 3778 1485
2 3361 1696
2 4987 2308
3 4545 1820 1682
2 2238 2448
2 4826 2642
4 2809 1723 2795 2981
3 2369 292 1205
4 150 4842 3632 2565
2 1978 4692
2 1916 752
2 1786 1216
3 351 2425 3906
3 1273 3013 1525
3 1040 4613 2361
2 1160 777
3 4943 1981 2437
2 3524 3867
2 499 2955
5 4204 2832 2225 3118 2322
4 1553 4091 313 4754
2 4162 1208
3 1071 3765 1297
3 3916 1176 2136
2 1008 539
4 2982 1805 3395 1596
3 3971 2170 1573
2 287 3965
2 425 3155
2 1708 405
4 691 3553 1676 2553
2 2898 542
3 186 238 2247
3 4156 3449 2405
4 4483 1254 4163 4774
3 457 1789 3382
2 2202 2153
5 4188 2519 2680 2067 3741
3 3482 1213 1142
3 1838 3481 1561
4 698 2645 2562 3085
2 1049 2852
2 1750 3864
3 271 1663 2855
2 1351 1110
3 1843 1185 1661
2 4368 1257
2 3080 629
2 167 3544
3 4652 3972 1246
4 1871 2206 147 4878
3 757 2688 2498
2 4926 2061
2 1721 4178
3 694 4763 675
4 1723 2756 293 3788
2 2853 1505
3 2372 3020 1177
3 2524 3611 42
2 3041 4355
2 2436 2861
2 639 2706
3 3653 2070 4523
2 217 2023
4 4656 2019 360 1810
2 3381 4917
2 331 1860
2 3688 4020
2 3601 1895
2 2513 6
3 4462 3160 3923
3 143 669 1352
3 819 4059 3733
3 4219 3000 4449
3 501 1399 2801
4 952 3384 738 1861
4 2122 4443 4101 483
3 3127 2197 534
5 2333 3400 1510 1408 3292
2 2844 1127
3 297 4751 3476
3 2135 2729 4375
2 4648 2324
3 1446 2660 2312
2 682 123
2 630 2314
3 1328 1775 2893
2 1760 1709
5 3742 2242 824 2476 3035
3 157 4331 4297
5 1449 3704 3508 3170 837
3 971 4507 1854
2 3251 4947
3 2778 3810 3236
2 1817 1110
3 1362 380 1600
3 3479 931 2799
2 4548 969
2 4220 213
3 4665 2818 4327
4 3501 3145 4690 4538
2 4400 103
2 2347 673
2 3344 4431
2 2105 164
2 4468 3449
2 1831 2055
2 4063 1385
2 4387 517
3 1542 4014 2280
3 384 305 1733
2 1877 1059
2 2626 1189
5 2567 4343 3356 4062 953
3 3722 3976 60
3 303 1782 947
2 4518 2815
3 2051 3598 4451
2 1042 3088
2 1570 4523
2 4849 1496
2 1154 851
2 2576 1693
2 3970 2766
4 95 4547 2006 3685
3 4757 416 4342
2 278 2083
2 3702 3031
2 2824 3752
2 3051 122
2 1818 4710
2 1943 3525
3 1232 821 4425
2 2544 4949
2 3110 1610
2 591 4422
2 4315 4336
2 3716 601
2 4480 4376
3 4536 1793 3552
2 2034 210
2 1129 2607
2 606 31
2 3273 28
2 3086 3640
4 3107 3746 123 1383
5 1309 3021 366 2453 3331
2 4746 1118
4 3879 2553 4717 1705
2 2374 2277
2 2800 4942
4 4107 2470 3398 4198
2 880 2075
3 2757 4442 2325
2 1410 3559
3 1712 3274 3524
2 4696 2510
3 1870 1963 2830
4 3514 2687 3604 3450
3 1328 4652 3017
2 232 807
2 2683 2169
2 2432 4944
2 4914 3665
2 2250 369
2 1891 3533
2 438 1225
2 629 3911
5 3381 2849 2627 1878 4870
2 4456 1442
2 3317 1176
4 4372 4805 4863 1084
2 3818 10
3 1329 543 277
2 365 1900
3 2979 4030 222
2 4412 3049
2 3884 203
2 2472 2494
2 98 708
2 204 2136
2 1496 1822
3 1646 4215 3271
3 4282 674 2692
3 870 4786 1470
2 1683 4532
3 974 3956 1839
2 1689 4823
4 4121 253 3033 3517
2 3500 562
3 2893 1545 4636
4 3105 1443 1910 2335
3 2107 1152 4258
4 3891 897 2651 2830
3 3781 3912 2821
2 1746 4028
2 406 4418
2 116 4693
2 372 766
2 3991 4878
2 4717 4312
3 1250 2966 1135
2 3616 2197
3 1583 1921 967
2 2419 3987
2 1899 4646
3 2702 4884 1067
2 275 1160
2 2771 791
4 1192 4127 3112 1383
3 4899 1331 1215
2 1062 3513
3 1557 250 54
2 4842 1115
3 2856 4911 4302
2 878 1501
2 4260 1152
5 4065 3929 1652 3804 1142
3 2597 2514 2416
4 2907 4945 1750 4782
2 69 3796
3 1593 3804 4283
2 4484 1239
2 4715 710
3 4143 321 4709
2 1239 3706
3 753 1634 4548
3 3910 3872 2985
2 3805 1027
2 3934 3907
2 341 4579
2 1901 4063
2 1112 3976
4 4618 3832 2017 4399
2 2897 439
2 1883 4645
2 3924 2110
4 4797 2933 2534 3707
2 1115 4988
2 3952 1450
2 289 2178
2 1759 3878
2 305 4084
3 1879 1983 1280
3 4779 1159 1808
2 2340 2393
3 1998 2223 3829
3 3576 2774 4739
5 3321 3272 82 4087 2115
4 4731 2483 4380 600
2 3522 3873
2 145 4479
2 4772 1609
4 1273 3181 75 2719
4 950 437 1760 900
2 1239 666
3 2515 1088 3483
3 567 198 1636
2 2046 2207
3 2289 1094 1069
2 1417 1470
2 2587 1741
2 1003 3278
3 1832 4420 4171
2 2038 3715
2 4892 4523
2 1905 2413
2 4712 2399
3 344 1178 2010
2 2681 1707
2 566 2532
5 2193 3726 935 3073 82
2 3964 3465
3 3217 2594 997
2 569 4911
4 2471 3210 4542 3053
3 4402 1952 2628
2 2309 1248
2 740 2407
2 3198 1057
2 4395 1828
3 1958 1186 628
3 1771 76 1310
2 2315 1483
2 2646 3161
3 1592 76 4649
2 1073 894
2 2123 1550
3 4382 2362 2726
2 1620 4353
4 1465 798 1440 3656
2 1617 3340
3 4974 3950 1722
2 1248 2326
2 4008 744
2 3103 528
3 4146 1048 1072
2 2535 3098
4 1807 3814 3841 977
2 4126 1390
2 1692 1800
3 3001 4056 63
4 3279 1941 1399 600
4 1100 2149 1778 3231
4 871 1063 1864 4915
2 415 3655
2 1554 1477
2 2820 3602
2 412 2699
2 4573 1865
2 3211 4139
2 534 3760
2 3385 1260
3 4475 4005 2412
3 4090 4458 307
2 3715 4007
2 4288 3717
3 4178 4455 813
3 2479 2275 1639
2 1672 2392
3 2106 879 1026
2 1996 913
4 1124 267 2921 3138
2 2734 4402
2 2949 1813
2 674 2681
2 3806 570
3 4855 1749 1529
3 2795 3643 3946
2 901 1320
4 687 1137 2477 2668
3 2164 177 1946
2 4716 552
3 4143 968 3158
2 4608 3747
2 4435 4317
4 671 2306 1065 4170
3 2651 4134 3156
2 583 4900
3 3732 1846 2813
2 4591 420
2 3254 1212
2 2700 3364
3 3555 582 3470
2 260 3487
3 2436 4872 266
4 1859 2298 2200 3052
2 2139 2871
3 1367 2467 3773
2 863 3602
3 3683 270 3528
2 4949 70
3 2098 3082 877
4 4625 4185 1353 4385
4 1576 350 1552 2248
3 768 1468 3026
2 1197 71
4 3141 894 4465 4799
2 3168 326
2 562 1066
2 867 3833
2 526 4586
2 4424 4824
2 2229 2278
4 1330 3816 1709 3025
3 3670 2925 2174
2 3989 1969
3 4304 4000 3854
2 2927 3691
3 1022 2541 2834
2 4144 3873
3 1322 806 3861
2 4311 3251
2 3436 1571
3 282 3851 3478
2 4344 3354
3 988 495 4959
2 4741 2837
2 1579 3477
4 3235 2392 2637 3285
2 2183 1547
2 3468 786
2 2030 3343
3 1111 1081 1078
2 1855 2187
2 429 1703
2 4481 2462
3 855 3100 3608
2 661 4593
3 4992 3342 1982
2 3961 905
2 1670 359
3 2883 1149 1133
2 4600 285
3 1057 2279 1876
3 1787 1856 3510
3 720 3179 3847
3 4553 2286 1931
3 1305 2291 890
2 4031 3986
2 2963 2231
2 902 205
2 3569 4520
2 3981 15
4 3169 2529 4580 1168
3 4536 479 4799
3 605 431 498
2 3707 2143
2 2546 1421
2 3643 2016
2 697 3621
2 2215 2435
2 3535 589
3 1885 4922 4555
2 2875 3393
4 3614 2355 4736 2023
3 103 3108 4356
4 1109 2162 869 1791
3 3767 752 406
2 2552 4127
2 2654 1865
3 633 4844 1853
2 3862 4570
3 4970 1498 428
2 1099 4882
2 3274 761
3 3321 473 3540
2 1565 4206
2 4633 2278
2 3529 3596
2 176 4240
3 2978 3786 4590
2 663 4719
4 4358 2331 392 1601
4 3121 245 26 3938
2 3006 4091
3 2513 1820 4344
3 2365 4534 2267
2 3341 1886
7 4452 1781 2812 369 3215 3142 4427
2 1437 1731
2 4552 878
2 3720 3843
2 4291 2450
2 3898 4193
3 2531 280 833
2 2602 3388
3 2340 3854 3546
2 2986 2534
3 1254 3563 3877
7 1657 2840 3415 1561 2044 4829 2115
2 3105 1845
4 3592 3090 2943 2484
4 3917 1002 802 207
2 778 1138
3 2792 1879 4129
3 4036 2400 4232
3 3810 4350 2654
3 1667 4751 1607
2 4540 3536
2 4597 1671
7 3636 2833 4147 2065 1999 4239 3808
2 446 2854
3 417 0 2881
2 3003 1185
2 2609 789
3 2869 464 1227
3 3905 4673 695
2 2848 575
2 504 121
3 461 586 410
2 4307 2771
4 3347 1015 942 334
3 2905 445 1029
2 1220 3958
2 4845 1066
2 2749 3000
3 3585 97 411
2 3310 1688
4 598 3794 3018 4022
3 3659 3986 4119
3 3764 3938 23
3 3972 1742 1582
2 2675 4439
3 4967 4801 4733
2 3509 3976
3 4079 4489 2314
2 134 296
2 2334 552
2 1898 106
3 2939 4198 114
2 2558 232
4 1459 651 2271 3968
2 4386 4819
2 2495 4613
2 3518 900
2 2859 927
2 1209 1442
2 2651 1492
3 2274 2213 3462
2 3820 4433
2 525 3081
3 3001 4638 4841
3 2138 587 3806
3 566 463 4751
3 3142 4429 2613
4 2455 951 540 1649
4 365 3959 4860 1847
2 2568 3821
4 1453 2508 1762 4503
2 3174 2753
4 2390 1634 1204 2380
3 4770 3342 4677
3 4877 4567 2956
3 328 1496 4635
2 388 2490
2 1459 4517
3 1805 2700 4666
2 317 3621
2 3131 475
3 1402 4420 3154
2 2273 2166
2 4653 4454
3 2889 3056 1658
5 2022 3548 32 1799 4914
2 737 2726
2 3523 1663
2 1001 1065
2 4263 544
4 2665 2704 963 1516
3 4048 2772 4054
4 1793 4107 626 4807
2 4907 385
2 2915 1870
5 3266 2294 1546 1155 3234
3 442 4883 409
5 3757 3365 1850 28 4222
2 3566 4727
4 3866 2651 339 3116
2 1712 1704
3 4527 2976 4643
3 1658 4266 1701
2 2584 2259
2 1158 930
3 2041 3852 1522
2 3738 190
3 188 1376 237
2 3511 4289
2 2793 3599
4 1477 1707 4815 2881
3 3149 498 4341
3 2310 4503 3966
3 2796 934 3166
3 2266 2174 4318
3 592 1010 2671
3 3577 2683 291
2 1897 4388
2 4480 4832
4 2003 3970 4432 215
2 4528 4203
3 1564 4944 3407
2 4132 1116
3 3649 279 476
2 2049 4499
3 4443 4993 3109
3 4773 1264 1736
2 270 1825
2 3817 597
2 142 1662
2 2376 2384
4 713 781 2285 4733
2 2753 635
3 1977 4583 560
3 2710 2679 64
4 2461 3288 822 3034
2 1 1938
2 768 4544
4 1986 2827 2716 3638
2 139 4929
2 3197 4438
2 4515 435
3 1296 2669 2396
3 4181 594 334
3 3898 4400 166
3 147 1146 565
2 3709 141
3 2091 1025 1353
2 1047 4222
3 3624 736 12
2 3096 161
2 939 1782
5 1712 1833 640 4746 1720
3 1766 3984 696
4 4993 946 1486 4082
3 1095 2913 1695
2 3702 1841
4 1768 2303 21 4085
4 4296 1365 4370 4337
2 4050 4188
3 3184 2738 2509
3 2702 655 427
2 4433 4940
2 4352 4501
3 3841 1348 1372
2 2504 4088
2 239 4112
3 4785 3846 2634
2 3617 4305
3 1786 2144 3421
2 1146 4925
2 1470 3098
2 2663 2124
3 2343 2267 1211
2 4019 442
4 1040 2473 1116 1466
5 2718 2118 357 3583 3490
3 2234 2589 4502
2 2531 492
2 629 388
4 3893 4231 1664 1595
2 1585 1942
6 4347 4840 3739 1162 1405 3240
2 2841 3538
3 4380 2606 1857
2 3764 1661
3 3510 3725 4946
2 640 2614
3 516 1139 4639
2 3495 1547
2 241 856
2 1449 2795
3 2527 1734 1864
4 1965 3455 2368 3379
2 2776 1564
4 262 3109 3734 4485
2 4059 2688
2 2894 1354
3 4372 3503 779
2 4947 4083
3 659 1777 4866
3 976 1370 1037
4 2530 3627 3055 1972
2 3693 1279
3 1752 443 3021
3 1747 4729 3313
2 1071 771
2 2318 2107
2 143 3119
2 392 2542
3 912 3759 2182
2 1809 4985
5 4111 3536 4857 344 489
2 1512 348
3 4912 3187 4119
2 934 4096
3 2127 436 3065
3 2594 1508 2737
2 1880 4857
2 2339 1905
3 697 4484 523
2 3167 1385
2 2058 1918
2 115 2420
2 1971 4164
5 1831 3684 385 4622 2367
2 3157 16
2 4207 1400
2 4498 702
2 3758 1656
2 4328 869
2 852 1955
2 2954 4618
2 3563 1689
2 1852 1183
2 3456 4637
3 1784 4016 346
3 455 3679 4861
2 2342 3749
5 2275 3700 4556 2243 4373
4 569 2690 2708 2165
3 2915 111 2150
2 192 4049
4 4812 3564 182 4806
2 352 3254
3 4610 3851 4552
2 3879 482
3 755 965 3663
2 388 3866
2 2024 4630
3 1046 4947 4019
2 2732 1390
5 300 4831 1236 3788 1484
4 2979 3263 3163 4287
3 3093 3932 4961
3 1708 3572 1143
3 585 4236 4620
2 1210 719
3 876 4492 2015
2 1162 1566
3 4457 1903 3744
2 1580 474
2 1068 4788
2 4484 14
2 1764 1735
2 180 1927
3 1306 895 652
2 478 2254
2 361 3210
4 1416 1565 1489 3835
3 1564 1283 2085
2 4483 1554
2 1698 646
2 2362 1723
2 3746 1997
2 4335 975
3 474 677 1229
2 4960 4846
2 3206 882
3 404 132 3203
2 3406 3568
3 2615 93 1210
3 4963 4566 102
3 3703 2922 2292
3 4422 1234 3859
5 3125 689 1556 2799 4397
2 4531 2455
2 174 1338
3 4245 1059 89
2 586 2725
3 4958 1956 1476
2 3421 1776
2 3627 1754
3 1850 2433 2309
2 2524 2448
4 4325 2946 1677 2549
3 2452 4297 3947
2 1141 354
3 1077 2333 59
3 4156 80 4871
3 2308 1475 2624
2 881 2270
2 1806 3374
3 2665 256 2768
2 4210 1708
2 3450 951
2 4229 1289
3 2610 4263 3899
2 3180 3452
2 3724 2817
2 3983 3747
2 3771 4060
2 2553 1314
4 2375 338 2130 368
3 1650 1734 1108
4 1631 990 4389 1616
4 4256 3246 34 3863
2 3879 817
2 3866 3179
2 670 3503
4 4868 534 1641 468
2 1610 83
4 537 253 582 1147
5 4585 2648 115 3049 511
2 2912 4544
3 4942 4015 1145
2 819 2883
3 4755 1944 4623
3 4118 2819 41
2 1645 3653
2 4688 4561
2 542 1739
3 3711 1918 2363
3 88 421 248
3 1975 499 1934
4 3447 4999 4768 2886
3 128 3709 1610
2 316 3321
3 120 3064 163
2 1082 1367
2 2586 4308
2 1113 3513
2 29 638
2 4904 539
2 3547 1174
2 389 2971
2 4787 1615
2 3386 2423
2 4448 2544
3 1842 2774 2803
4 4599 3933 1624 3687
3 2471 3352 1038
2 88 3522
3 3063 538 1989
2 3015 1362
2 1609 4704
3 3228 1988 844
2 1073 4759
2 294 3589
2 4406 133
4 201 2351 3779 3326
2 1524 2534
3 4911 1306 4526
2 1397 1379
2 4394 4983
3 377 4560 3476
3 901 51 1480
4 318 543 4655 1424
4 4463 899 4321 1382
2 96 1475
4 355 2890 3207 2517
2 4386 3705
2 1314 2141
2 106 4624
2 4836 1855
3 1813 1859 1247
2 1316 2691
5 1803 1175 310 3132 3286
3 2717 4776 1896
2 461 603
2 4431 2814
2 886 3241
2 1590 2084
2 3754 2214
2 3374 2424
3 4684 3126 1914
2 2305 2206
3 859 2528 505
3 4584 4706 1041
2 4272 2393
2 3039 4024
2 2542 753
2 4980 633
4 2678 4524 2099 1334
3 1043 2563 1528
3 3381 552 3606
3 4191 2073 1770
4 1156 227 4539 4179
2 978 4218
2 1916 3631
2 4504 1450
4 2829 559 383 857
2 386 1919
2 4416 1567
2 4596 3374
3 4673 2570 620
2 4861 1397
2 3057 2983
2 4998 1241
3 4110 4846 1395
2 1004 3293
3 1850 2370 4408
3 1405 4300 1125
4 3358 1550 885 1599
5 1743 1220 2475 943 730
4 4405 341 265 2931
3 3556 3883 3182
5 1447 3052 1753 1011 1395
3 206 2789 4607
2 3842 189
3 2750 4482 3213
2 2226 394
2 2265 4842
2 3585 184
2 4554 2983
2 3025 1447
2 551 909
2 4045 1148
4 4694 911 862 1568
2 2329 2984
2 2741 4348
2 1908 341
2 3223 2289
2 3978 167
2 1825 4827
2 3664 3786
2 1296 1813
2 4553 59
2 3098 966
3 2619 1487 1609
2 1559 101
2 1985 1421
2 435 349
2 1834 2518
3 3391 2172 1626
3 3893 614 2224
2 4125 1117
2 213 1338
2 1709 3163
2 3970 3668
3 279 3755 4348
2 1051 2400
2 1500 457
3 38 3484 2014
4 583 2816 3515 1183
3 1075 898 2744
2 3180 345
3 2171 1499 2892
3 2662 1712 317
2 1587 3160
2 3514 4586
4 2417 4291 1787 4835
3 701 2113 2380
3 2157 3414 4862
2 1097 2598
3 1110 2414 943
3 3697 4253 2443
2 591 1365
2 2739 4944
5 3337 4803 1559 4396 4747
2 2168 3908
4 1874 1448 732 3877
3 4076 3225 4972
3 1452 2012 4232
3 3464 27 2904
3 524 1691 2616
2 2671 1138
2 4370 4551
2 2580 4878
2 2679 4945
3 3152 942 2249
3 474 721 1586
3 159 496 1495
2 1159 3211
2 3903 4882
3 4028 2874 2720
2 1295 4778
5 3409 3527 1446 971 200
2 4416 4881
3 1531 2987 3196
2 3278 4323
2 867 1464
3 1756 1251 4841
3 4272 593 532
3 891 2725 705
2 4936 3578
2 2616 1273
3 1904 2907 4334
3 1387 4616 995
2 4567 3809
2 3846 1884
2 2203 4688
3 552 2075 4240
4 846 2937 3362 165
3 1380 4683 2028
4 3190 4616 314 1156
2 2325 3403
2 3440 3782
3 1993 4290 1672
4 1971 2421 548 410
2 1373 881
3 1597 3050 3878
3 4146 1154 2326
2 4154 1100
3 2016 3787 1506
2 630 920
2 2559 3102
3 4730 110 3979
4 1180 1670 1731 438
2 3217 3725
3 4600 293 4129
3 343 3075 2141
2 950 214
3 834 986 2742
3 3915 4753 4632
4 1292 859 144 4798
2 572 4236
3 91 4869 1037
2 2073 3975
4 4887 2726 2745 2953
4 2300 1729 1422 3767
2 527 2783
2 3340 4014
2 661 1136
3 3129 65 1895
2 2979 4110
4 1520 3558 4988 962
2 1119 4216
3 2877 1447 2546
2 3603 1738
2 2961 4237
2 4482 2884
2 4031 3775
6 2863 895 4577 325 4835 3227
5 3462 1042 840 2151 2015
2 3881 4447
3 1451 2664 4058
3 1644 2184 2661
2 623 901
2 744 123
2 1307 404
3 689 3728 1195
2 3616 1363
2 4018 2257
2 4572 2072
3 1706 1392 1588
3 4426 2321 4410
3 1529 812 3655
2 295 1277
2 262 947
3 1240 1669 358
2 3448 1251
2 4900 1479
3 3387 4387 3631
2 1670 1202
3 922 4764 4624
2 2340 931
2 4247 2392
2 2252 4576
2 1487 1160
4 2 3980 1276 1165
3 90 767 2430
3 393 1873 432
3 9 3823 3486
3 4149 2605 3776
4 4210 108 1013 1389
2 906 4479
2 189 3334
2 720 1867
2 1766 3619
2 458 3440
2 1250 4790
2 967 2562
2 2663 1024
2 1311 1099
3 2299 1513 4562
3 2772 1978 4500
3 4529 2103 4427
4 1091 2296 4977 3593
3 1795 2908 177
2 1269 2485
2 4737 1294
2 2114 4499
2 2210 2905
2 3688 2450
3 117 100 35
2 1021 4594
2 4544 2769
4 3899 4278 4614 4626
2 187 36
6 1829 3598 924 462 2566 171
2 4007 1673
2 1412 3754
4 1345 4278 4279 3135
4 3206 1061 2655 3078
3 4509 4264 1030
2 583 1087
3 4115 2522 93
3 1555 3949 4574
4 1792 261 3506 624
3 2890 1122 1514
4 2209 3984 3100 4408
3 3437 1966 519
2 1726 2652
3 4673 3106 2307
3 1047 2538 2879
2 4026 2623
2 141 3238
2 4670 38
2 2360 1680
5 4247 2029 3802 2314 2033
3 866 1694 3252
2 4668 232
5 2421 2667 2336 1627 1517
2 1697 4444
2 316 4881
5 1059 3519 4325 3291 3751
2 3201 2062
2 444 3606
2 435 2644
2 3730 4982
5 3351 4118 37 259 3921
2 3925 1560
2 4586 3884
4 3608 3286 11 3965
4 3769 2021 106 3136
3 3147 1253 743
3 4751 3823 3757
4 1954 3672 2423 3310
2 3665 1629
2 4336 2348
3 632 316 2059
4 3815 2404 1939 3591
4 4381 2100 2462 1431
3 2802 1937 2366
3 4132 119 3760
2 1158 365
2 1476 4986
3 3997 4163 987
3 1622 3700 500
2 2278 2449
3 2408 1187 2094
5 2752 16 2407 657 3068
2 3746 3182
2 3753 2254
2 3269 4405
5 2187 3772 3485 2426 158
3 3223 1132 3792
3 396 4723 3425
2 798 1933
3 1526 2776 4155
4 3764 3128 1585 4464
2 3119 2113
2 1137 3875
3 2219 2440 2159
3 4785 2621 3511
2 3599 2910
2 436 3250
3 3131 3367 1013
2 2051 652
2 2505 1488
3 1907 4339 718
2 3922 2239
4 4571 3176 4797 3773
3 2706 4054 1222
2 547 4700
3 1519 1804 4333
2 2190 1497
2 4703 2673
2 4437 4216
2 1629 4305
3 3536 2521 607
3 1428 3405 4041
2 1881 865
2 4761 3601
2 453 603
2 4113 872
2 3499 1245
3 169 89 1099
2 2699 4108
3 4867 2926 1736
2 4317 1433
3 758 541 3267
4 3036 800 1651 2761
2 1648 4270
2 4885 2318
2 3112 3539
5 692 3639 2861 4617 3319
2 1803 766
2 88 355
4 2612 435 3308 3681
3 2428 1177 678
2 363 1569
3 2087 4866 1102
2 3906 1317
2 4399 4751
3 654 4151 4582
2 4816 4580
3 4256 1414 2843
4 2617 4568 4784 224
2 2805 3093
2 3212 980
4 4609 2961 3041 3345
3 820 4732 3412
2 4749 2147
4 4363 1124 2140 3275
2 2276 3513
3 4369 2188 1768
2 3758 340
2 1748 183
2 1839 1553
5 631 1809 1265 2218 3135
2 3499 1089
4 2952 3069 2104 3002
3 920 3837 2803
2 2572 2223
3 2459 1930 509
4 195 1380 3447 4961
2 1271 919
2 3400 1544
5 3152 188 2554 536 3306
2 2088 3309
2 3622 3356
2 18 1799
2 1915 78
3 10 1238 339
2 4162 3434
2 67 3071
2 3388 1915
2 2873 996
2 4934 3394
4 660 3005 52 4255
3 2704 2658 762
3 4411 4304 1120
2 4949 2063
2 4165 3224
4 1400 2877 48 2857
3 454 3711 2733
2 3469 4851
3 3380 1306 2620
2 3471 2760
2 1114 4616
2 3782 4344
2 2429 2679
2 1419 2211
2 4943 473
3 973 1964 2064
4 435 2627 3979 247
3 2955 25 4913
3 3184 456 677
4 493 4359 3705 962
2 96 746
3 2164 4095 2780
2 4335 1517
2 256 1936
3 846 2302 3552
4 3359 2804 2198 908
2 1922 842
3 2039 2861 653
3 2051 3107 3896
2 2965 1317
3 2201 4834 2573
2 893 571
2 2219 2200
2 4727 3945
2 918 2215
2 3530 2411
4 2419 4504 708 1849
4 1823 758 1691 4986
3 4743 3059 4135
3 1008 1797 3262
3 2353 2766 2914
3 3932 62 4044
3 3492 3831 263
2 4594 730
4 4360 2619 2334 676
2 4889 56
3 3260 4423 19
3 3403 982 362
3 4182 1677 4969
2 1565 4975
2 59 4836
2 2986 1998
2 2026 2092
2 2552 2403
2 3101 4989
2 3278 1442
2 2088 2537
2 2973 482
3 2829 1946 2110
2 2841 3882
2 40 4629
3 3446 3803 3357
5 4505 1208 14 293 3833
3 4087 1688 3774
3 3840 1938 4293
2 4873 3267
3 3820 3270 4319
4 3391 3464 127 1882
2 821 2018
4 2538 960 590 2158
3 1176 2230 3230
7 2631 4602 1048 3313 2196 2783 1502
2 3614 4762
2 2112 4546
3 4493 2094 1092
3 2466 4290 3398
2 3584 2109
6 2204 135 4734 1957 273 1757
3 1887 419 4120
2 1104 1306
3 3781 3521 2167
2 3551 2992
3 1471 2859 734
2 4216 67
2 3872 3226
4 3118 154 3765 2684
7 4178 852 932 2387 2638 3281 2781
2 4973 1143
4 212 347 4080 1467
2 3842 428
2 2491 4996
2 1511 390
3 2431 85 3468
2 3474 4308
2 3302 1608
2 728 97
4 3146 4159 3219 840
2 3198 2974
2 4467 3970
3 4472 4583 937
4 3893 879 4032 1036
3 4112 3822 737
2 1359 596
3 1203 4608 2166
2 4157 2010
2 1816 1667
2 2803 4166
3 298 694 1263
2 2527 1464
2 27 3700
3 602 2987 3296
2 491 2009
2 2633 2505
2 1159 3769
2 1536 87
2 1839 4006
2 4306 3148
2 892 3033
3 4182 2463 3601
2 2568 2999
2 558 486
3 2919 3007 1758
2 2105 2193
2 371 1959
2 3179 459
3 4703 250 3249
2 1273 3642
2 2332 2264
4 708 3894 2057 1187
2 1535 4951
3 2139 4932 1377
2 3428 2116
2 151 1765
4 3924 4608 3354 1017
3 882 3922 4373
2 1752 2341
2 1739 3658
3 4257 3974 4170
2 1409 1221
2 403 4563
2 3766 3803
2 3350 67
3 2787 4970 1096
2 4762 3451
2 3518 4993
2 2516 3919
2 1505 4970
2 26 1236
3 1842 4411 2909
2 2627 3809
3 4501 3077 4724
5 1951 2816 523 20 1240
2 2012 4391
2 2530 323
2 2538 1972
3 3173 3307 4459
5 3097 2439 2496 809 3770
4 3732 1127 4358 2158
3 2686 2246 4349
2 2880 2736
3 2588 2107 3629
5 3835 716 933 1058 113
3 2600 2061 4895
3 3108 417 4401
2 2068 1202
3 3250 3285 2066
2 892 3218
2 674 1796
3 3190 4510 2113
2 4665 3466
4 2872 3727 906 1681
3 3430 3433 1114
2 3276 2517
2 2442 1906
2 1888 3793
2 4574 2049
3 2427 2401 4759
2 1355 2703
2 1678 2586
4 2070 623 1267 598
2 4154 4558
3 24 3344 2494
2 2016 3913
3 2068 1959 2398
2 218 837
3 2376 3512 3698
4 3683 4748 3766 3427
3 2020 3071 1102
2 750 1740
2 2995 875
3 1716 4667 74
2 3128 800
3 3505 3723 709
2 4858 1219
4 4100 363 2106 4478
2 1256 3077
2 4144 2415
2 2383 4326
3 1472 557 714
2 713 4734
2 3255 525
3 2482 2522 3432
5 4996 4375 3550 860 4069
2 1967 2886
2 3981 528
2 3940 2505
3 3603 944 4294
2 71 1534
2 3620 3823
2 476 3101
2 2194 2578
2 3901 888
2 314 1210
2 1775 817
4 4524 3665 4261 1020
2 2775 4920
2 1863 567
3 3279 2972 4141
3 1949 2770 1562
2 4764 2686
3 448 663 475
2 1848 4180
2 4180 2501
3 3095 2344 1398
3 2963 56 383
2 3335 4162
2 3914 1
3 157 3625 3718
3 3057 2929 2163
3 4798 1717 127
2 1409 182
2 1293 1468
2 2720 814
2 4485 3742
2 1596 4744
2 4634 1348
4 3243 2694 2808 3034
2 633 1377
2 1355 160
5 1534 19 2903 1174 3294
2 2011 4753
3 599 2718 1005
6 4109 1284 279 1219 825 1945
2 1250 4806
2 4279 965
5 3279 2293 3697 2916 4691
2 4934 738
2 2909 4078
2 3605 2505
2 731 1426
2 2782 1253
2 340 291
2 3586 458
2 1115 1727
2 3658 2811
2 1254 3487
2 619 1578
3 2281 385 654
4 1390 4783 2971 712
2 77 193
3 1883 711 722
2 4310 3202
2 3211 1202
2 1880 4039
2 4291 1825
4 80 2584 3442 4364
2 2060 2544
2 1452 4791
2 377 4294
2 2602 1681
2 84 1192
2 1909 4711
4 757 1595 2889 858
3 1588 465 1133
3 452 1407 2432
2 145 2697
3 939 4360 2388
2 3451 4404
3 1915 1342 941
2 4904 1139
2 2756 828
2 361 4434
3 1990 413 1502
2 2489 536
2 3716 444
2 1851 3996
2 2451 875
2 4362 3369
2 938 2907
2 1801 1009
3 2735 1807 1149
2 3065 4342
3 3600 4067 3858
2 1724 133
2 136 3015
3 1289 388 788
2 2791 2163
2 1593 934
3 4876 2080 1344
2 2815 1047
3 810 1918 4555
5 3593 3049 4136 678 208
2 242 4037
3 3981 3425 1514
4 2700 1303 1861 1101
2 2171 3324
2 4662 1533
2 829 1468
3 3551 2259 234
2 126 284
2 2776 2955
2 958 3645
3 4941 4891 1935
3 2505 4190 684
2 4268 4813
2 1655 3411
3 2578 3642 3265
2 2076 3089
2 2537 2497
3 4097 1271 665
2 4990 3380
3 120 2885 2851
4 4499 3730 2433 3335
2 3085 3801
2 4589 1914
2 870 3057
3 1144 1568 3054
2 3839 1627
2 4158 2936
2 1293 2771
2 4621 1939
2 1520 3580
3 3614 1488 3571
2 331 863
2 1706 2612
2 2855 3834
4 4365 4640 913 4128
3 4652 2669 3412
3 548 764 1005
2 3850 1608
3 2221 1425 4314
2 3885 4922
3 4117 2853 3673
5 782 669 827 209 2507
2 1367 1757
2 3870 2618
2 3796 3609
4 704 3875 4271 2233
6 773 3242 320 2521 1425 3530
3 4551 4072 3522
2 4728 3206
2 4613 2122
2 2646 2312
2 3798 728
3 1367 3188 2628
2 133 4578
3 1235 1175 1862
3 440 1684 1101
4 4497 417 3529 4839
3 342 3080 176
3 85 1437 4222
3 4048 251 685
2 2592 2219
3 832 1123 148
2 1746 1312
4 4972 2212 405 3827
2 493 494
4 2698 3891 2747 2089
3 1937 4896 645
2 889 4279
3 3843 3963 3139
4 3594 1947 1134 4140
2 1946 2473
2 3861 3803
2 4612 260
3 2595 753 2071
3 4891 1169 4807
2 1122 4483
2 1760 4852
4 505 4554 2232 3647
2 3844 1074
2 2427 1756
2 4243 4436
2 1060 2072
3 2482 1518 809
2 1918 1804
2 4127 382
3 1642 1933 4075
2 725 1679
2 868 4310
2 1951 3170
5 2212 4414 4086 2417 2519
3 1996 3071 4810
3 278 2048 3479
2 1866 2801
2 3637 2128
2 1018 2310
2 1588 2358
4 3971 131 631 4722
2 1267 104
3 1201 3090 916
2 563 872
2 4480 842
2 3659 2192
3 4181 4908 1959
2 3322 417
3 4700 2209 144
2 1761 638
2 3578 530
3 345 2556 2920
2 3228 3910
2 4572 4670
5 3024 188 1589 802 860
3 2713 103 1945
2 1299 1889
3 4020 4576 2322
2 1591 4397
2 3311 1002
3 3602 4839 395
2 1362 1581
2 4640 3714
4 2883 4440 4769 4809
3 3492 330 568
4 2690 3380 2021 4517
2 4397 4891
2 1430 626
2 1938 1242
2 308 2154
3 3423 4546 323
2 492 459
3 2111 4300 3234
4 4090 2590 4392 1204
2 4276 4002
2 4479 644
3 234 3032 1007
2 1646 1131
3 2647 463 1034
2 1470 2408
2 3977 4078
2 2766 1709
3 4938 944 4098
2 3942 1186
2 3132 4901
3 2747 4642 1174
2 4252 3494
2 4270 4793
3 2237 2420 4327
2 1105 651
2 2733 1308
5 2826 3825 1885 801 4010
4 2589 2492 3762 482
5 4339 4607 4927 3386 4032
2 4027 3205
3 2319 4909 3759
2 1371 2961
2 3348 2126
2 3059 2486
3 2642 2555 799
3 2217 183 1034
3 4728 3089 1350
4 4615 2192 4025 4649
2 2354 795
2 3644 907
2 841 4808
4 4489 3919 4679 4494
2 63 2258
2 4149 808
2 3509 3356
2 1460 3588
7 2284 2349 14 1965 2638 2241 2148
3 241 637 2900
2 3847 2379
2 4453 1365
2 3443 1455
5 681 3200 3695 2905 1012
2 3976 3604
2 4316 4020
2 925 1292
3 3485 4886 1074
3 1112 3060 3012
2 2181 285
2 2208 1665
3 113 723 1738
2 893 2427
2 3336 3597
3 1976 2384 4874
3 1902 2237 4626
2 3030 2627
3 1589 914 733
2 4551 2630
2 2995 3092
3 2144 1487 4716
2 1682 2877
2 4057 1260
2 2189 1497
2 1473 1301
3 4665 4705 1126
2 3534 2886
5 1093 269 1304 3311 1656
2 2812 1153
2 136 620
3 4700 2092 2354
3 2105 2190 1910
2 3248 4459
3 3674 2814 2911
3 3912 3162 1225
2 1686 1504
2 2775 4266
5 820 2870 1643 989 2302
2 2731 211
2 1833 1264
4 4207 4762 222 3537
2 101 3535
2 4837 1590
2 2776 4003
2 4594 3401
4 1275 3740 2089 3977
4 1004 886 3735 1607
2 2025 4696
2 2493 2743
2 2445 608
2 496 4873
2 520 1347
2 134 1811
4 3415 2604 849 676
3 2908 3667 3967
3 4122 896 1877
2 1689 4698
2 4402 3375
2 3942 864
2 1895 3291
3 4086 969 2795
3 2155 1364 2641
2 4445 2854
3 1700 4989 712
2 4180 4098
3 2020 30 428
2 532 2066
2 2908 3228
7 3785 3485 3998 2771 3633 92 3390
2 3318 978
2 2662 2660
2 2352 2246
2 4426 3746
3 1773 4133 3863
2 3144 2828
2 4932 4324
2 4409 3391
2 2301 1398
2 3340 3928
2 1635 2214
3 625 2622 1117
3 831 2196 315
4 1472 2486 2991 4246
2 683 2467
2 648 26
3 3730 2398 3186
4 3604 2741 4320 4217
2 1129 1512
5 3924 2411 3926 4711 4466
2 3458 4595
2 4192 1074
2 2740 1759
2 553 2998
4 4488 4974 2198 3075
2 4285 3048
3 2305 4711 1302
2 3484 754
4 463 531 2560 2788
3 3554 1869 2673
2 3842 1479
4 3264 4034 486 997
2 767 4616
3 1321 4818 258
3 1602 3045 3044
2 3740 3276
3 480 1995 2370
3 1361 4014 4179
3 2666 1482 205
2 1576 3703
3 3676 1770 1791
2 4357 2004
2 2381 4973
3 1734 2080 138
2 2044 43
4 2835 435 3453 1960
3 2885 2806 2587
2 3776 1911
2 4588 1595
3 39 4944 3048
3 968 335 4356
4 2052 1024 2523 2185
2 2390 1132
2 2665 3620
2 4162 2525
2 2107 3250
2 282 2997
3 90 3714 2148
4 3399 1462 4073 3022
2 4395 3780
2 2708 4867
3 4277 1235 3424
2 2122 2505
3 4006 4909 2934
3 139 2785 811
3 4599 2568 4743
7 2493 3959 643 3901 861 838 3298
2 4868 3789
2 1924 154
2 896 781
2 2388 1140
2 2717 2472
3 1618 4564 4777
2 4636 4198
2 3088 3624
5 1193 1049 4469 1394 1354
5 1908 3258 3010 4926 4834
3 2711 3587 4371
3 3161 1313 1276
2 2858 1899
3 261 3019 621
2 2996 4667
3 3080 2037 3366
2 3570 4780
3 939 244 2577
3 4348 1842 3590
2 1753 2577
3 2975 1467 1878
3 707 3378 1841
5 1385 1598 4301 2629 4487
2 4092 2614
3 1918 616 3319
2 806 1186
2 1437 2373
2 386 2898
2 1771 1410
2 707 3891
2 1973 2605
2 850 4387
2 2991 1339
2 4885 763
2 2768 327
2 1688 2682
5 1429 2048 3091 1774 3707
3 893 3756 4959
2 1181 1125
2 2678 4277
4 1411 4463 225 1017
2 2121 3154
3 3574 3881 2902
3 2194 647 2255
3 1014 460 3921
3 4994 1491 907
2 3825 4758
2 2459 1535
2 1671 3311
2 3765 1039
2 3960 2860
4 2797 3125 2272 4193
2 3504 4838
2 629 3204
4 4558 3837 2311 3331
4 3266 2403 4394 823
4 109 1984 1164 3426
5 3301 2340 1373 1198 3002
2 241 2975
3 1456 3508 1062
2 2213 4639
4 4997 1385 2037 3084
3 601 2965 3054
2 917 1969
2 659 4890
2 2636 1535
5 4404 3069 322 4927 2927
3 4808 1429 2937
4 831 2653 202 4392
2 493 4558
3 646 3723 2449
2 4676 816
4 749 2841 2823 395
3 4929 1433 439
2 2647 1673
4 4038 1471 2277 4152
2 1109 3373
2 2268 1780
4 4995 61 703 4322
2 3819 179
2 3607 4029
3 3180 4662 2735
3 726 1584 1789
4 1824 1144 398 1381
3 3070 124 364
2 304 3171
2 3609 937
2 3911 56
2 623 2545
3 1546 4334 3402
3 2484 2042 3868
5 4394 4345 1179 3147 4361
4 3562 2724 2326 3784
3 73 483 2195
2 4274 1512
2 3931 1455
2 1763 167
2 2598 4473
5 146 1725 2593 3660 4326
3 1818 2922 616
3 4880 3474 2555
3 1750 3520 690
3 3104 1824 301
3 246 3586 4035
2 2479 2403
2 449 2754
4 595 4954 3233 1332
2 1715 3563
3 3585 84 3027
2 1947 3787
3 1427 3807 1366
2 4244 2748
3 3056 2772 4470
4 3159 911 381 2316
2 1009 853
2 3899 208
2 3926 4726
3 4735 4629 2045
2 4538 1988
2 3428 4330
2 2777 4435
3 3703 4343 2915
2 413 3741
4 2475 2076 696 979
2 3408 707
3 2677 1598 468
3 3457 3671 1892
3 3597 2254 3407
4 2575 2365 1327 1064
5 2755 1881 44 4681 1386
2 3063 4890
3 1103 4706 1644
2 2251 2543
4 1955 2346 1489 2550
3 710 3631 2763
2 3665 949
2 3350 4890
2 770 2057
2 4755 2122
2 4641 2286
3 1826 2107 3312
2 3624 666
2 2640 3485
2 3417 4869
4 278 2178 4683 449
2 399 2604
2 4680 1713
2 4954 4825
3 2945 3177 2332
2 1311 159
2 3931 1404
2 3778 3410
4 2567 862 1486 1184
2 1408 515
2 3946 2694
2 4286 3339
2 1580 952
2 3051 1006
4 270 930 4681 2430
5 3291 2840 4429 560 1939
3 1644 2019 2142
2 2061 4076
2 4158 2005
2 2622 3734
2 3652 3104
2 810 2272
3 4196 3650 862
2 233 4189
3 4118 2290 2941
2 1295 2535
2 3497 1195
3 2540 1675 3675
3 2335 4814 972
2 2187 1749
3 3029 1604 3191
2 72 955
2 1623 10
2 1163 3089
2 4986 1050
2 4900 3881
2 4318 2715
4 3726 24 984 426
3 3138 3185 2936
4 4289 2485 3414 4131
3 455 1433 680
2 2581 3677
4 1696 792 2094 4012
2 1049 1013
2 134 4301
2 875 4614
2 1317 3009
2 218 1225
4 2621 3855 4775 3486
3 4871 695 690
2 2864 1233
2 2895 3038
2 3090 4712
3 4070 1306 2802
3 2095 1478 2715
2 3627 4309
2 361 2003
2 407 935
2 3900 329
2 3628 99
2 3786 3975
2 1324 4495
3 1024 576 3488
2 3785 4064
2 3387 2357
3 4353 897 274
3 2378 912 149
5 3033 1318 578 110 2569
2 2371 899
5 630 3841 610 1070 3633
2 4236 2041
6 2655 2990 792 3680 356 518
2 2118 1352
3 2693 2926 3770
3 2063 1992 916
2 4028 4702
4 1838 4052 3167 3630
2 2837 487
2 611 3748
2 3626 4074
3 4160 4645 4468
2 3376 4717
2 1322 265
2 2544 4678
2 1203 4575
2 3694 2206
2 2034 3692
2 1780 4331
3 1270 544 149
2 3126 314
6 4787 1833 4966 2041 2528 3284
4 3023 465 282 471
2 3607 1910
2 2195 194
2 1405 1319
3 3539 568 204
4 1621 4057 2457 1248
2 4379 1836
3 2622 3564 2357
4 2239 1630 108 2533
2 772 3857
3 3337 4189 4931
3 1379 2308 411
4 556 1905 1665 4982
2 4822 104
3 1752 3711 4205
2 1046 942
4 3179 1492 807 501
3 4212 4366 2838
3 196 3720 3297
2 1090 3070
4 3406 887 4269 2670
2 3864 4341
2 132 2506
3 57 4752 628
2 2685 4804
2 2275 3850
2 804 1769
3 1329 2510 1888
2 3000 3531
4 1075 3648 1792 2324
4 1884 2574 2561 743
3 2283 2184 510
2 1961 4421
2 2540 2938
4 584 797 619 1619
3 4904 1450 4068
3 4763 2076 4460
3 1536 2764 1389
3 2281 434 3678
2 835 3536
2 639 16
4 4311 3295 3435 2157
2 4055 2445
4 521 1178 4682 4200
2 1578 2742
2 4953 4361
2 4765 192
3 1221 3703 3470
3 4264 1985 2860
2 1224 2709
2 311 4328
3 3815 4100 2264
2 795 3246
2 803 1710
3 3251 3414 746
6 3867 3329 1093 4445 3383 572
2 3239 2639
2 3107 4448
2 2364 2825
2 1798 2710
3 526 2955 2911
5 3959 4241 1346 4293 762
3 3181 699 3073
2 3953 2811
4 4935 3004 327 4413
2 1308 4081
2 367 4703
2 2791 3410
2 390 1590
5 3179 3164 4273 2997 4195
3 4875 289 3156
2 1180 4618
2 692 3175
2 4131 4564
2 4211 2018
2 1824 4797
3 1527 4757 4853
5 4393 2053 2346 2938 874
2 1369 4712
2 3980 3277
2 805 45
2 403 4067
3 308 445 12
4 4792 2007 1835 2490
2 3258 4987
2 1256 2260
3 3344 635 3557
3 2705 2065 326
2 1057 774
2 3935 230
2 4070 3515
3 4750 579 4026
2 3722 3160
4 3284 2294 1640 3216
2 2253 3828
2 3701 2093
2 4169 2133
4 2663 2701 643 4987
3 4064 4750 1396
3 423 3335 3895
3 1287 3103 4258
3 1031 1548 1830
3 4882 607 4736
2 3860 862
2 4726 881
4 514 687 1702 1719
2 1724 3611
2 3216 1083
3 649 2087 1304
2 1784 2146
2 4137 465
3 4328 4295 806
2 2858 124
2 2589 2675
2 704 2117
2 4252 3080
2 3225 4568
2 2526 2225
2 2657 4815
3 2632 2947 4918
2 630 2599
4 3793 4917 2155 299
5 4872 3188 929 1332 2906
3 1358 1157 4650
2 2700 2018
2 1320 596
2 458 2942
2 2036 4923
2 374 1291
3 3822 109 2157
3 384 3504 4521
4 4996 3933 138 2833
2 2652 3876
2 4286 3459
2 3445 2515
3 869 4237 4451
2 4877 4704
3 3597 2330 1649
2 3114 4053
2 4677 1015
3 1335 3749 3099
2 4658 2656
3 3715 913 4496
2 1002 1499
2 3651 2634
4 2878 575 3680 3424
2 2448 4553
5 4530 1220 1720 72 3550
2 3298 1211
2 2751 4815
3 3969 3302 4998
2 2817 3214
3 3897 211 2523
2 983 4949
2 2470 3674
5 1044 2153 2854 617 3431
2 1430 2272
2 500 944
3 328 783 1988
2 3185 3831
3 255 4706 2838
2 1685 4477
2 4820 4999
5 3183 2007 43 3495 915
3 3221 3172 4142
2 578 3369
4 2610 4091 3494 3139
2 2610 4803
3 4329 3243 4950
2 4875 491
2 2601 2625
4 2337 1618 4876 1032
3 3320 4289 1806
2 2800 985
2 1712 1202
2 3245 1131
2 2705 2362
4 4110 1497 4186 3253
2 2755 1379
5 2264 776 3963 2361 1702
4 3150 4288 4145 3275
4 2492 3555 2074 853
3 3432 742 2515
2 88 4095
2 27 4093
3 4718 1648 2773
5 4417 3309 3174 4330 1633
2 1511 2327
2 4404 4531
2 4832 573
2 806 1947
2 2709 2018
3 4428 2727 2897
3 2428 2223 2032
2 52 4507
2 1127 2940
2 255 4409
3 3551 2600 1816
2 3371 588
3 4343 2186 2231
2 710 1899
4 4705 3466 175 3744
5 843 2658 2395 903 2993
3 847 3087 1357
3 4024 1208 4238
2 3091 376
2 722 2704
3 2359 896 622
3 4592 1000 652
2 4818 3081
4 363 336 974 2650
3 2820 2353 2495
3 1308 2436 2839
2 2679 3083
3 3282 2526 3627
2 1549 2005
3 36 3635 55
3 402 4980 2259
3 1445 381 3638
2 2192 637
6 508 1153 4903 178 1733 1466
2 3461 3018
2 1243 1906
2 2245 2090
2 1811 338
3 1151 2978 4318
3 3126 2807 2745
2 1307 1047
2 3199 1909
3 1001 2935 2064
2 1272 2199
3 1490 1420 4666
2 4532 990
4 588 4007 3769 3339
2 1991 1065
3 3856 749 3360
2 3016 53
2 4939 4555
2 1394 638
2 3586 3772
3 2121 875 4495
3 791 1957 1503
2 565 3501
3 3884 4456 1290
2 3272 4822
3 592 3599 3888
2 3557 4429
2 1580 2694
4 3104 611 2876 1680
2 933 855
3 375 2227 1956
2 1829 615
4 4096 4760 3962 4745
4 1963 1375 3581 3845
2 2478 1672
2 4788 201
2 3628 4274
2 1898 2016
2 309 1930
3 3568 4249 3531
2 2825 1178
2 3044 2406
2 4941 3322
3 4254 1213 3961
2 1361 1295
2 382 764
3 4702 2581 4632
3 4382 834 956
3 2132 3255 3290
4 3960 2734 1931 231
2 3664 2152
2 3940 1406
2 3439 3058
3 107 4144 825
2 1775 2025
2 180 3819
2 2684 1376
3 4605 884 199
2 1193 2948
2 1521 4086
2 284 1189
2 2756 747
4 2970 3646 926 1754
2 2654 1140
2 2541 700
3 1548 409 1743
2 2947 3545
2 3755 4567
2 1408 4079
3 2863 1516 599
2 3268 1214
3 1260 255 4215
3 946 4957 2426
3 4151 4173 2728
2 453 3042
3 3964 2191 4720
2 1366 3064
2 2950 4292
2 4393 1968
2 2791 4037
2 312 4963
6 1252 2947 2894 113 2160 1613
3 1751 2724 1603
4 3330 2940 1109 531
4 1711 3944 3708 1948
2 3041 4123
2 2054 1455
4 4243 3037 2825 3197
2 273 2592
2 4428 1509
2 3000 2390
3 413 4248 18
4 2204 1800 4157 117
2 3212 2817
2 298 4262
3 3439 4726 4186
2 306 401
2 4167 3963
2 1784 4047
3 4197 3185 1435
4 4691 1135 318 2133
2 3106 4699
3 4529 2510 3818
2 1922 3549
2 2297 3323
2 1574 4761
3 227 97 2696
2 2488 4483
4 1573 4954 1899 2386
2 1665 3662
2 4492 3520
2 4106 773
3 1563 1131 715
3 1166 2298 1778
2 2006 3191
2 3628 1715
2 3029 4820
2 1295 3532
2 2985 2971
4 3902 1129 1814 4253
2 2202 3330
2 53 2132
3 4469 252 4115
3 227 3427 3042
2 3955 4138
2 1952 1727
3 41 4424 2040
2 2994 1767
2 2120 3525
2 3463 1838
4 1651 4990 2574 2446
2 3671 4377
3 3376 2106 4250
2 4113 1159
3 4833 4860 3836
2 4945 2749
2 2466 1390
2 3264 1235
2 949 4428
2 3460 3912
2 1912 3419
2 2934 243
2 4930 1477
2 1676 454
2 2384 3712
2 3046 2272
2 121 3701
2 4367 3053
3 2930 4730 1611
3 3577 3709 3905
3 2539 3623 140
2 2161 3277
3 1962 2631 2201
3 2932 1228 948
2 1916 3939
2 340 3055
3 4571 1539 1197
4 3516 4591 2236 3146
2 349 4495
2 274 3729
4 338 4567 2652 2962
2 4177 47
2 4896 2082
2 4705 3285
2 3456 2075
2 1548 4984
3 3235 776 2607
2 8 2352
2 1390 2698
3 228 1987 2101
3 3449 3168 4378
3 4979 724 1950
4 3353 4450 2102 4407
2 1038 3755
2 1104 3122
2 999 4573
3 1281 3632 1011
2 2010 3058
2 2611 2208
4 2957 3369 3249 4487
6 2091 693 70 1785 3686 1118
3 2253 2281 1158
4 304 4569 3611 4920
2 2122 24
2 3092 175
2 3437 4910
2 2971 2877
4 4008 1235 2201 3261
2 1929 1672
2 3972 3771
2 1430 4457
3 4619 4621 351
2 3316 3146
3 2802 1921 2566
2 4460 934
4 4793 203 422 1705
2 4249 2275
2 2919 283
2 4842 2146
2 797 2896
3 2642 122 3026
2 431 842
2 465 757
3 2700 3624 4622
3 3837 3028 2130
3 525 4114 4849
2 3791 418
2 83 380
2 4790 2025
3 3342 2191 4973
2 161 1995
2 3064 2026
3 3990 1933 1334
5 3425 2534 2453 4230 2691
2 3698 2783
2 1500 2107
2 650 3730
2 131 379
2 3797 3290
2 1026 4234
3 4672 2576 3465
2 1992 2667
2 3050 169
4 1632 4714 1104 1282
2 3140 2441
2 3202 78
2 4234 2341
3 466 4801 3902
2 1655 322
2 3628 3703
2 856 4296
3 2933 4801 4565
2 3181 3218
2 2697 1002
2 4015 4053
2 669 3548
5 214 4221 3514 1872 4099
3 2977 2358 2261
4 4706 2520 23 3813
3 447 1764 2888
3 4183 4212 4560
2 2798 3111
4 3742 2585 1827 1147
2 3360 1294
3 1368 3307 1245
2 4209 1238
4 2964 4199 959 2217
3 2007 4308 394
2 3433 852
2 1328 4002
2 3646 2491
2 836 522
5 389 3381 4333 2177 2779
5 5 1926 3616 4136 4585
3 4597 1646 3928
2 3270 3719
2 1231 2169
2 3618 3869
4 969 2027 2503 4206
2 399 2097
2 1708 836
2 2061 4887
3 3341 3113 269
3 618 4465 857
2 1798 4433
2 4627 830
3 4172 361 1198
2 4578 1392
2 2658 3434
2 1963 16
2 394 3924
3 2323 3277 3043
2 681 4161
2 4463 3076
3 781 661 3747
2 4884 2719
4 4781 1679 1699 1597
3 4667 506 2564
3 2868 3418 3230
2 636 4914
2 4267 2664
4 3650 1488 4094 3537
4 2459 3950 2044 2356
5 1690 1024 4898 3350 921
2 4992 891
6 2933 3653 3761 162 4406 4388
2 931 295
2 3500 1168
2 1642 2487
2 2851 1858
2 2033 1302
2 4661 494
2 4787 2575
3 2583 1739 2103
2 3396 3974
2 4902 1270
4 485 250 2035 3536
2 4999 881
3 4970 3392 4376
2 3547 3473
4 2111 1007 800 4336
2 4749 2634
4 934 656 2024 49
3 3790 4968 2551
2 4029 2732
3 2083 4033 1801
2 3471 4509
2 3848 1977
3 1575 2898 4431
2 2770 1416
2 3871 2767
2 1782 376
2 2945 2794
3 9 4775 2351
2 2008 2373
2 4952 623
3 2826 2932 1758
3 2560 1306 821
2 339 4608
4 4769 2786 765 3728
2 3376 3720
3 4687 4663 3238
3 3461 4882 502
2 1464 1586
2 220 3521
2 4265 2464
2 3023 2637
3 3311 1953 2339
2 4038 2699
2 3221 2222
5 3696 91 2762 3507 2167
2 218 4929
2 4758 2207
4 4800 3033 530 182
3 4750 2237 3060
3 3346 4822 2207
3 4100 2031 3366
3 2919 130 4969
3 1229 4840 337
2 1907 3283
2 210 105
2 3193 3150
3 4424 1802 1875
2 4563 129
3 2301 593 4022
2 2509 652
2 121 4940
3 3563 614 3012
3 2097 24 4042
2 1630 2022
2 1856 4861
5 3268 889 3844 839 961
3 1014 1600 3721
2 2179 2313
3 4684 3490 1603
2 245 2621
2 4479 3679
3 3939 4675 1488
3 1530 3541 3262
3 2769 635 4231
4 3692 2596 451 4175
2 3931 3011
2 3565 3237
3 3420 640 3099
3 1839 1355 4060
2 4672 3227
2 1769 2103
2 1128 3318
3 3079 4187 2205
2 608 4562
2 1237 2128
2 4977 2043
2 2925 1199
3 2045 3404 360
2 4017 4383
3 4259 3988 3397
2 2743 2129
2 562 192
2 936 1660
3 416 4698 1234
2 4894 1230
2 952 2429
2 28 3920
4 895 3666 3941 3900
2 4979 894
2 3811 1112
2 1748 2603
4 2514 1951 2575 2785
2 1868 2835
2 1200 2291
2 2849 3654
3 3984 3493 705
3 1471 4122 3452
2 763 3790
6 437 4842 2078 2458 225 4195
2 3489 247
2 2480 3044
3 4587 3041 1484
2 3800 4492
3 3904 2813 3949
2 4354 4613
2 2017 1982
4 4525 3385 1045 3828
4 4160 956 3120 3904
3 312 4897 3687
3 1493 1614 3678
4 4161 2695 3008 4660
2 76 2228
2 3987 1904
2 4506 3428
2 2702 946
2 1341 2503
2 1251 1481
2 1403 1960
2 2221 3742
4 2011 3638 1067 1636
4 1014 3334 4194 1755
2 2968 1749
2 3255 3567
2 315 1044
3 220 2180 1351
3 1921 767 4123
3 3208 443 2744
2 3422 2116
4 4368 2385 1647 1106
2 4692 1382
2 873 1011
3 116 3226 987
3 313 4218 779
3 1782 829 4155
2 4723 1206
3 2394 1285 4383
2 2384 2071
3 4821 3137 2906
3 4059 3215 4809
2 1021 4014
2 4975 2533
3 4848 1268 2548
6 1507 3394 1976 2917 3943 1315
2 2547 3379
2 1478 137
2 1991 2882
2 1282 4128
2 249 3456
2 198 754
2 311 4484
3 219 4520 904
3 4052 3164 4148
2 1303 229
3 4235 1639 3397
2 1380 3333
2 4583 3201
2 2238 3025
3 2117 2344 3075
2 995 2060
2 886 77
3 3930 2605 4899
4 4490 1199 3059 546
2 627 1711
5 2964 3942 197 4390 3124
3 3819 547 1831
2 1010 181
2 3715 4924
2 3903 751
2 4312 2735
4 1528 1305 3445 2750
3 1538 2885 665
2 4984 3460
2 77 1393
2 3516 4895
2 1575 3137
2 1258 4813
4 25 4506 2659 92
2 3618 2368
3 639 1550 3795
2 3786 4591
3 2685 3613 114
2 773 724
3 4584 1103 4430
5 4282 671 3751 1411 3247
3 672 2444 1790
3 4514 343 4951
3 575 67 2367
2 766 3131
2 834 4183
2 1471 4808
2 2112 4390
3 1333 1718 2751
4 2746 3117 2288 4471
2 4833 2653
4 852 2504 568 3619
4 4875 4308 3859 1653
2 2661 4864
2 750 1937
2 1308 378
2 2337 1883
3 3745 2407 3763
3 4615 799 4372
3 3615 4592 1285
4 3874 2770 3015 2520
4 973 532 488 1895
4 4046 1961 3123 1404
3 4367 718 2328
3 924 2154 1979
3 2454 1163 1205
2 2242 1834
3 1014 2593 2511
2 4097 2284
2 1923 1690
3 2723 57 2879
2 1929 1243
2 2729 2382
2 304 567
3 3280 2984 914
3 672 4640 3651
3 3574 4867 125
3 1271 2108 2368
2 4818 3596
4 1058 3351 4213 1847
2 503 1463
4 3571 4359 3355 791
3 1874 3588 62
4 4134 4930 2629 2244
3 1266 56 1374
2 682 2027
4 524 3972 3853 3248
5 2784 4064 1444 3301 2650
2 2263 4370
2 2866 4437
5 1497 3092 1587 2842 398
4 3134 3327 2846 3213
2 802 2196
2 2863 3937
3 1694 1858 2777
2 3274 864
2 2856 2575
2 4418 812
4 3995 773 3094 685
2 1317 3956
2 2431 4241
3 1433 3096 3513
2 4496 1992
5 727 588 4349 4174 1000
2 373 4628
3 4671 2352 2162
3 3986 1265 1184
2 700 2498
2 6 2347
2 3160 3348
2 4509 2415
2 2907 47
2 1418 3651
2 2809 3379
3 3022 3612 3649
2 576 2807
4 918 3383 1624 4430
2 3704 3488
2 1161 1852
3 3818 1146 422
2 238 335
2 2172 2290
4 1336 2439 285 577
2 4287 2741
2 4676 754
3 4073 441 3207
2 1542 3988
2 1730 3148
5 2778 2250 4960 1934 1019
2 4715 3481
2 2561 4595
2 1744 4191
2 3782 4224
2 4718 1221
2 3229 2769
3 4600 1933 118
2 2378 657
3 2540 3032 45
2 4696 2814
3 3772 2616 430
3 3780 603 2828
2 2916 3503
2 1532 3454
3 2858 3023 165
2 1995 228
2 4395 806
2 1206 2222
2 1520 554
4 980 4395 604 4043
2 3278 4726
2 3502 1645
3 923 426 1889
2 4093 658
2 4182 71
2 1224 4505
2 3458 2873
2 1498 4096
2 2872 3951
2 2510 3740
3 244 4103 3428
2 1761 2281
2 2221 3312
2 4274 4676
4 1534 3763 1944 2145
4 2973 397 3244 4829
4 4680 1451 4907 983
5 1578 2615 2764 2925 3327
2 946 3654
2 1666 2055
4 15 4727 1081 4175
3 2679 1093 1263
2 855 3182
3 1631 3247 1441
3 638 11 4150
4 2042 793 1627 2892
2 3242 706
2 721 3838
3 419 2633 2456
4 3020 1171 1120 3560
2 2320 993
2 641 1172
2 4189 2263
2 3353 3911
3 3418 2896 1298
3 4707 3450 231
2 2970 970
5 2713 581 3992 2228 4371
3 1604 17 277
5 4545 4843 1814 1481 816
3 1127 3834 2824
3 4767 635 2206
2 1846 3417
2 4174 3257
4 1925 2358 2592 3314
2 4631 4446
3 2193 4603 1195
2 620 928
2 2806 1490
2 2553 4001
2 558 311
3 4346 517 621
2 1401 545
4 1477 595 699 162
4 2611 4324 3695 2552
2 2765 893
5 944 3340 2269 94 3512
2 3970 4257
2 1555 3079
2 3594 4228
5 2579 1569 1001 735 1948
5 4365 3372 1190 1605 4548
4 4594 315 2865 401
2 3018 1533
2 443 724
2 3577 1921
3 4384 4801 984
2 1949 4848
2 1897 1678
6 770 686 4281 1745 3271 3165
2 2680 263
2 1392 1932
2 2013 1524
2 1505 2489
3 235 1940 1167
4 3383 576 3948 4225
3 4980 2486 432
3 3700 3594 4518
3 1956 1337 1480
3 2692 2121 878
2 2176 2222
2 1274 1825
2 4932 761
4 3111 1930 2149 4732
2 2192 2860
2 3287 1606
5 1951 3676 3117 300 570
2 1204 1968
2 4779 2099
2 4963 1837
2 2623 1869
4 4271 3856 4903 4623
3 2794 856 503
2 494 1655
3 499 3677 2635
3 1050 2116 436
3 3669 2047 1802
2 4494 4049
2 4731 2735
3 2575 3904 2850
5 1287 1730 4655 3573 2847
4 1809 4793 2752 4538
2 911 1547
3 3909 4242 2643
4 3401 292 3491 4227
2 4683 3304
2 1952 4438
3 2999 760 2210
2 1335 3894
2 440 3572
3 2382 4883 1076
4 490 4650 3316 171
3 7 2389 248
2 590 4640
2 3496 496
2 4657 2359
2 3864 1915
4 2097 763 2176 2409
3 1077 1073 4114
2 4467 1084
3 1182 1359 86
2 2753 4418
2 4863 1317
3 340 1794 2185
3 1313 949 270
2 3483 3819
2 4825 10
2 3336 4072
2 1154 4358
2 1937 2929
2 1220 20
2 130 1423
4 3200 4057 3656 1028
5 3558 740 3811 2722 3153
2 2102 1356
3 473 4407 1364
2 2137 3007
4 1932 3967 1868 2244
2 272 731
2 2689 2485
2 5 3876
2 4686 2401
2 2972 3500
2 4837 1102
2 309 122
3 2078 4819 3037
2 1089 4266
4 2098 4163 1216 4738
3 4218 2371 3726
2 2197 1564
2 65 3232
6 3302 4197 3846 2697 2019 4435
2 3713 42
2 3998 2363
2 203 2100
3 2856 1154 1459
4 2606 2125 69 1714
4 327 2406 4522 1298
2 2416 3449
3 3131 26 675
4 150 3837 1795 1462
2 1252 2507
3 3405 352 4539
2 3858 4984
3 4381 2375 2903
4 1540 813 1230 4741
2 1400 647
2 462 3623
2 1303 1223
2 491 2835
3 3777 254 3113
2 2887 4723
2 3849 2328
4 3589 1579 4869 4414
2 4471 2981
2 2409 1227
3 4260 1278 751
2 1611 2580
3 2899 898 3802
2 4620 4088
4 574 1543 1613 1394
2 2933 873
2 2733 4119
3 501 429 3355
2 2381 4773
3 4675 3408 4647
4 2120 83 1083 529
3 1226 4492 1106
3 4783 613 3597
4 729 1958 4656 2383
2 3010 3826
2 1305 1766
3 4894 1806 1097
4 1004 1612 356 1541
2 538 834
5 1840 4544 2685 2822 4621
3 4331 183 2095
2 4601 1711
4 1033 3121 4041 1928
3 4347 257 2377
3 273 186 4285
2 221 4011
2 3919 3123
2 50 4897
2 391 306
3 1049 2403 2672
2 4070 4345
6 1740 1475 481 102 555 2136
4 4006 2164 3794 0
2 342 2977
2 2064 4547
3 373 3030 4379
2 1300 1439
3 1602 2758 1893
2 2845 3481
3 2247 2642 4514
2 3217 3325
2 1779 3561
3 3785 3501 3497
2 1323 3247
2 868 1999
2 1085 4508
3 782 1765 4653
2 609 3789
2 2446 1083
3 2730 1023 3719
5 1050 2541 3237 641 4440
2 4125 2218
2 4042 2262
2 1819 484
3 4497 879 86
2 1309 407
2 4692 4397
3 3888 2500 2181
2 283 3480
2 1926 2687
3 324 1967 2170
2 926 387
5 2169 2595 4118 3368 1092
3 1927 4994 4946
2 2595 2759
2 4279 95
2 2585 3352
2 1073 4781
3 3554 758 17
4 3459 796 2738 2793
3 2077 556 1549
3 1645 3009 367
3 1085 152 4184
5 4577 2967 4719 4468 4918
3 4483 4531 4665
4 4108 4063 3630 4401
2 1337 1290
2 3455 3252
3 125 3149 2241
2 4703 3481
5 3557 4536 2565 2477 4789
2 4176 3536
3 4480 211 3182
3 728 2069 736
2 2797 1184
2 596 1591
3 4198 3761 839
3 3497 31 1903
2 1148 3380
3 4308 223 3694
2 1095 4776
3 2941 144 4043
2 698 4658
2 3222 541
2 1042 3636
2 4476 689
2 451 1330
3 2642 2939 1363
2 3147 2693
2 1246 3141
3 4418 3130 4120
4 3057 656 2406 3195
2 3173 1128
2 883 1929
2 718 1407
3 3823 2561 580
2 384 1348
3 3028 4201 226
6 1744 979 3743 4226 1414 2134
2 2434 882
4 3287 1338 905 3623
2 38 89
2 2173 3392
3 1823 4338 2847
4 970 2511 1341 1088
2 2474 2552
2 1728 373
2 2052 1812
4 1865 521 2957 634
3 1259 2240 2339
2 267 434
3 184 1605 46
3 1448 1906 3489
2 824 4080
3 1336 3643 1255
2 1060 3506
3 3663 4035 3473
2 4550 1222
2 3310 541
2 1055 556
3 235 3723 8
2 4510 4358
2 505 311
2 4568 3635
2 2321 462
2 4149 1943
3 3839 2575 4303
2 4598 46
2 1223 4340
2 3735 4268
2 2468 3347
4 4764 4592 4633 2550
2 612 217
2 1169 718
4 4535 3894 2151 2639
4 3111 1171 540 1896
3 3285 4436 1150
3 4291 4770 4
2 716 2485
2 3887 4861
2 104 2829
2 799 4152
5 965 4511 3533 1827 2613
3 1620 3332 756
2 1531 4508
2 755 3472
2 4374 1848
2 1545 1469
3 923 2451 2512
3 4768 4721 4971
2 3442 1335
2 4780 531
2 3082 1685
3 2496 586 4223
2 2969 1911
2 2488 309
3 1051 1780 2862
4 474 239 2723 3402
2 302 1031
4 1255 1837 121 142
2 2136 2487
3 3403 4530 555
2 4047 2607
3 4981 2746 3988
2 1312 807
3 3177 4638 2338
2 2718 3426
2 4650 2299
2 4618 4533
2 1977 3884
3 3446 4347 3914
2 3953 3685
2 4352 2077
5 51 4792 419 4776 1722
2 3599 4194
3 4510 4034 3196
2 1386 2397
3 3783 168 1537
2 833 1454
2 4341 27
4 3545 2863 775 4854
5 759 33 3016 3332 688
2 1386 1969
2 4991 2920
3 126 1157 264
3 2529 2883 3818
2 807 1841
3 1491 3532 928
3 3462 4659 1606
2 597 300
2 4590 969
3 3937 963 1087
4 4458 3624 2850 2976
3 4461 66 1073
2 4674 773
3 4606 2959 2328
2 2913 489
2 4537 2238
5 2840 3892 369 4985 2968
3 4571 172 4997
3 2385 4770 3813
3 2634 831 3662
2 2866 576
2 4148 2423
2 1767 2804
2 709 586
3 2283 2474 790
3 4366 1342 3166
3 2124 3985 513
3 2943 4744 4643
2 1449 4742
2 4330 1494
2 4525 1098
2 4975 1452
5 2567 2427 4575 3157 4823
2 2099 1104
3 1460 4422 3865
2 815 623
3 1170 2467 4360
4 187 876 3044 1291
3 4301 2666 370
3 4816 3689 3062
2 597 3379
4 3061 267 2057 4214
4 3130 787 1510 3693
2 3605 2355
2 2476 2571
2 4850 3334
3 2230 3434 2929
3 4336 932 4454
3 4703 4702 4767
2 3696 4246
2 840 4151
2 4796 4805
2 4742 3209
3 1007 1387 4712
2 3937 1984
2 442 2278
4 1704 3055 4651 1830
2 1507 4345
3 1461 4891 2137
3 185 1981 3231
2 3303 3804
4 1902 3220 4196 4858
2 831 297
2 13 2378
4 1926 3924 2811 1623
3 1509 1336 3868
2 3962 2114
2 1044 4976
4 516 3490 2562 4557
2 3183 3519
2 303 4648
2 1741 3913
2 1155 83
3 1275 2422 1065
3 2372 4783 3540
2 1311 1815
2 4609 4976
2 2826 2951
3 1940 4824 1417
2 2580 754
4 4334 3620 359 1193
2 2074 4481
2 2337 3351
2 2988 387
4 4873 4817 4275 3222
3 99 4412 1166
2 4209 2407
2 4964 2253
3 686 3042 4444
2 1189 1080
4 1226 2232 701 3151
3 3058 373 4923
3 1152 1807 622
2 212 1317
2 3545 4075
5 3997 1869 2502 378 4765
2 4381 3710
4 521 3171 4104 2001
2 4013 2718
2 153 4673
3 1808 140 2216
2 1955 3527
4 889 1594 732 497
3 3190 780 2140
4 2805 4991 4790 2364
2 2132 849
2 3501 2867
3 3504 3370 707
4 2031 2630 877 2261
3 1943 890 3833
2 1519 15
2 2040 294
3 4475 4911 2142
2 3195 392
2 4354 595
2 2974 4554
3 2173 1192 4937
2 4908 1119
2 3364 2
3 3171 4273 4537
3 419 3640 3729
2 3706 3458
2 3943 4533
2 3259 335
5 1173 4705 2122 21 909
2 2613 1692
3 2571 2258 2257
2 1438 2440
3 2154 2084 3690
2 3338 3582
2 4476 3934
2 1209 4224
2 3193 3055
2 408 3466
4 893 1454 280 414
4 3718 2810 2888 4570
3 4651 2349 747
2 3668 1691
2 2597 256
3 4297 2694 1300
2 4046 3514
2 2947 3492
2 2809 4115
2 3837 3197
4 3948 1007 1346 2649
2 3344 4402
2 4475 2921
2 3969 811
2 748 329
2 242 1415
4 875 425 4486 158
2 2892 475
3 3356 4941 1283
3 2547 4830 1522
3 4663 4322 204
2 4140 3343
2 1870 1599
2 2952 472
5 3338 131 4941 135 2895
2 819 3616
2 4330 4095
2 1038 3169
3 1832 2119 1974
3 2593 4288 619
4 57 3834 1693 3526
3 4573 929 478
2 4423 954
2 3334 47
3 1392 2396 1443
2 4025 4694
3 4185 4493 3669
3 4939 3761 4540
2 549 3970
2 10 3790
4 4251 4474 3745 412
2 481 1601
2 4374 3311
2 1475 3457
2 1312 1768
2 4893 4967
4 4262 3324 3317 4419
2 3547 441
4 1551 467 1821 2857
3 1835 3013 105
2 635 3082
3 31 1317 397
2 1797 1286
2 3637 2939
2 3789 131
3 3185 2418 418
2 2754 528
4 1583 4708 784 513
2 4103 2589
3 1915 1862 197
2 3189 22
5 452 4350 4928 3137 3294
2 638 3230
2 141 4228
4 4262 800 2480 2993
2 1761 3217
2 3141 4905
2 4270 2036
2 2003 1611
2 2173 3743
2 2978 1048
2 421 3473
3 3862 605 1072
2 4855 2250
3 4234 4252 3192
2 1602 1384
2 1900 2926
2 3423 602
4 4519 3832 1397 2543
2 3378 336
3 844 2350 4001
2 2898 4999
3 4255 2481 1989
2 3777 2383
3 1788 391 1684
3 236 2947 4173
4 4898 3134 2737 3699
2 4530 4138
2 2468 288
3 2637 4888 2682
2 1893 1898
4 3927 1898 2405 2280
2 302 4942
2 3755 4948
2 1039 3577
2 4323 1077
3 448 4995 337
2 2601 3886
2 2798 3011
2 3660 1548
4 726 1172 3058 4217
5 3050 185 2826 1403 375
2 1803 2111
6 246 1299 2300 4710 1756 4009
2 3175 458
2 2100 2939
2 2304 2242
2 4762 2989
3 1453 848 3328
4 1591 945 4856 4193
3 660 786 4644
2 525 4948
2 2466 1707
3 4092 2665 2831
2 1070 4750
2 4381 3998
3 2038 1223 4660
2 1975 1463
2 4318 2152
2 4742 1327
5 3951 2129 3345 1635 3589
2 4905 2842
2 2297 2425
2 1228 2919
3 3562 545 1056
2 107 4494
2 2376 4862
2 992 4979
2 2512 4615
3 1986 4925 1191
4 3103 1409 4306 2823
2 222 2102
2 696 2593
2 224 1663
2 4208 2721
3 4526 4283 1785
2 2582 3740
2 1590 1921
3 567 2741 2233
2 955 2482
4 73 2989 2928 1525
3 3046 469 4612
4 3064 4083 2762 4214
3 3882 945 2874
2 297 4475
2 3350 1971
3 4134 1792 2732
2 2058 1570
4 4101 3398 992 1935
2 659 1453
2 3975 4522
3 2487 4473 1966
2 4000 4686
4 4051 1406 4520 2899
3 4850 981 2327
3 969 3077 2764
3 1231 1292 2047
4 4111 4921 2734 3892
2 3737 121
3 1477 4042 3885
3 2661 1745 1725
2 2194 3640
4 4949 1313 4249 4415
3 4792 794 4868
3 346 4044 1458
3 4561 2852 1145
3 772 3498 4168
2 4853 915
2 2626 1272
3 2617 679 4811
4 2193 1289 3814 3993
3 2055 4678 3618
3 2080 4090 2312
2 2923 2734
2 535 2323
2 2010 190
2 2301 4418
2 3747 2372
3 4079 4661 2895
2 3245 3600
2 902 3522
3 2012 200 94
3 1772 1453 3625
2 3723 2653
3 1027 3595 1493
2 1534 2170
3 4230 4018 4795
2 2238 937
2 3396 994
2 3229 35
2 4971 3268
2 2884 3897
2 1479 1105
4 4303 3850 1938 4150
2 3145 1144
3 4919 3529 3472
4 3752 529 4764 587
2 1209 258
2 1666 1349
3 964 1858 2674
3 4624 3383 1412
2 1610 55
2 3557 3584
2 2188 4889
2 2711 2467
2 3176 2955
4 1659 2698 2734 3
4 3682 1136 2635 3685
2 314 1764
4 2460 1580 2452 3918
2 4515 4859
2 1089 2000
3 413 957 1439
2 3937 2199
5 1132 539 4199 1179 2564
2 4602 714
3 2709 3066 2313
2 1710 1950
2 1654 3383
2 3270 3821
2 1906 1706
2 2583 3074
3 320 1851 670
2 2038 2184
3 4139 11 1032
2 4800 2942
2 2427 3859
2 4350 4711
3 1698 1783 771
3 4763 191 3064
5 3962 3634 3807 1052 4364
2 4234 567
3 1119 359 1376
2 4556 2910
4 1579 4505 4088 991
3 2082 4673 4220
4 4919 3440 3224 1218
2 89 988
2 1851 2579
2 1882 1295
3 3070 3187 3236
3 1361 2802 3124
2 3653 3576
3 3406 1675 959
2 4464 1414
3 1356 3362 1457
2 4827 2317
3 1191 3837 2763
2 4008 2418
3 1974 155 3626
2 3792 1435
2 271 1339
3 2457 3912 4834
3 549 4812 4774
2 230 1009
2 1420 932
2 4142 1919
3 2569 2933 4634
2 4479 3731
3 1840 172 4549
3 4999 1643 2935
2 4710 929
2 3270 4560
2 3013 973
3 30 1295 292
2 4910 2508
2 1378 4101
2 1173 4723
3 1025 3121 4938
3 1555 139 3288
2 1170 4064
2 2539 2191
2 2914 3292
2 4065 120
2 32 926
3 3371 1663 2683
2 1956 4432
2 1213 3361
2 4720 2595
2 3805 2134
3 3935 2867 961
2 3220 2651
2 2755 4810
2 3860 3586
4 2135 4899 4813 319
2 4339 2740
2 84 4228
5 4679 1169 4166 4332 4200
2 3957 4184
2 4981 3039
2 306 2230
5 3454 2469 1107 4446 1871
4 1413 994 3944 2438
3 1242 259 4135
3 4512 1836 1715
5 1566 890 3936 2413 3205
4 1515 1558 1078 3543
2 2269 1490
2 4204 4990
2 3277 2665
2 748 2600
3 2500 377 1342
3 3555 4593 415
2 645 619
5 10 3208 3496 1553 3873
3 2110 408 4224
3 2500 3783 4313
3 3256 3118 2848
2 3639 3020
2 3916 2394
2 822 1523
3 1887 2358 1419
2 1881 4581
3 4803 2186 1458
2 506 1472
2 1365 1407
2 2072 1695
3 4422 2098 3691
2 3570 3507
2 3072 947
3 4016 4657 3907
3 1900 3404 3647
3 4047 2204 3993
3 823 4014 4791
3 4830 538 4482
2 658 136
2 3579 3901
2 1436 4398
3 4850 580 330
2 1372 2459
3 674 3763 972
2 4266 739
3 1258 4341 3544
2 3008 4992
3 3843 4338 609
3 1121 918 975
4 4888 1688 2250 4912
4 4084 3500 4865 31
2 4323 1657
2 632 1396
3 4695 4699 1415
3 3200 1882 854
3 4033 4275 3025
3 3936 1581 3066
2 3110 1041
6 515 4040 494 740 4176 788
3 1293 759 4701
2 4006 741
3 1261 3942 995
2 4173 4069
3 956 3787 2761
2 1692 3848
2 1315 4225
4 472 4955 313 4740
2 4587 1131
2 4907 4871
4 3881 1892 1432 1619
2 3725 859
2 2464 2109
3 980 97 3896
3 3747 1082 953
2 4447 772
2 3989 716
3 2525 2385 1772
4 4984 1540 1297 4564
4 1253 1732 3024 98
3 4169 2415 1719
3 1269 2336 3115
2 1534 4421
2 4122 607
3 2697 2216 2712
2 4948 4586
4 66 3338 1660 4450
2 4353 1625
2 3467 1880
3 3441 549 2175
3 2648 4552 2951
2 3329 90
2 4664 1577
4 3258 1794 1369 3165
4 15 3995 2004 2994
2 553 3280
3 812 4189 1278
4 4071 1968 648 3254
4 2447 523 1849 4937
3 1165 4219 3273
2 2211 1903
3 4086 4949 2871
2 2451 1863
2 1838 3935
3 332 3365 2391
2 846 1086
2 2002 1260
3 172 75 4500
2 756 2001
3 2135 1428 3549
3 606 1683 3576
2 1618 3351
4 4559 1928 1755 1217
2 3495 4542
2 229 2624
2 2360 407
3 1287 4062 195
3 1196 3255 3573
5 3086 60 4003 333 3596
2 4490 1244
4 2551 3748 1891 2079
2 2596 3667
2 1699 99
2 1316 3352
2 3999 543
2 1645 2641
3 3672 1249 1815
2 3883 87
3 2107 4403 4754
3 3732 711 4782
2 4729 102
2 804 3155
3 4067 181 191
2 2487 1713
4 1190 2139 2169 3416
2 4130 2007
2 390 1540
2 4669 4771
2 2410 4329
5 870 2387 179 3498 1350
2 2832 1893
3 3595 2496 4316
4 2608 1800 2046 1793
2 4666 1992
4 1089 1527 2949 4040
2 3289 708
2 3865 1551
3 3289 3881 2366
2 1520 3301
2 3777 1622
3 4388 1860 1668
3 425 233 1209
2 1893 2522
2 3363 4672
2 3641 4934
2 2096 2760
2 1544 4805
2 4935 3731
2 3144 1819
3 1284 4003 4796
2 2271 4445
2 448 1370
2 2649 1046
2 1530 332
3 1358 4890 4037
2 2703 1483
5 3612 2372 4794 2456 3799
3 2782 4966 4938
2 404 2479
2 1396 4081
2 347 4298
2 1091 2867
2 413 1061
2 3871 4904
3 938 731 4124
2 2496 1141
3 4039 3001 3797
2 4190 4110
3 2373 905 1015
2 3908 1378
2 4933 96
2 3786 1662
2 3875 920
2 3801 4508
2 3954 3019
3 4060 824 148
3 3504 4304 702
2 3389 4366
2 2724 2342
3 4208 79 3419
2 4566 4962
4 3936 2205 2532 955
3 3109 1373 4617
4 3375 2226 4804 2657
2 4671 1917
2 232 4611
2 2447 1913
2 3642 4668
3 3463 3318 4627
5 4153 4423 1700 1323 1909
4 96 308 4828 4066
2 3871 3455
4 3661 44 2714 3699
3 3017 1368 756
2 4359 2870
2 2500 4475
3 2789 4726 3702
2 2772 2801
2 729 2921
3 2787 3791 1799
2 1680 3452
2 407 243
3 4962 3827 4340
2 160 3419
3 219 1625 1796
2 70 4966
2 786 956
2 3198 2281
3 865 3918 3523
3 753 4942 1053
2 1723 4223
2 4930 4528
3 1012 2554 3675
2 4752 4848
3 3477 237 2563
3 4528 4715 3199
3 2442 2537 1970
2 4534 490
4 3144 672 2862 4102
7 2161 1973 2944 3941 4866 58 4102
2 3014 1650
4 3079 4178 2532 3261
6 424 595 2774 1683 3336 3038
2 3721 813
2 497 4245
2 649 1080
3 4449 4291 986
5 2595 239 4415 2602 2307
5 4921 4107 2956 1123 2839
2 4864 658
2 133 3321
3 1079 3666 4699
2 1188 2527
4 1004 1056 2868 510
2 3063 3670
2 1288 3935
2 4466 3173
2 4021 137
3 311 2434 153
4 1953 3857 4455 3528
3 554 2186 301
2 725 419
5 2982 3193 4680 3686 2759
3 3706 2069 1393
2 2386 2495
2 1500 4604
4 585 3246 1812 785
3 1105 651 3784
2 2008 3769
2 1426 1340
3 484 2113 2235
2 515 2760
2 1271 2980
2 287 1886
2 790 3833
2 97 1103
2 760 4541
2 1233 3851
3 4106 4307 4082
2 2641 2074
2 2270 4081
2 3130 16
2 1003 1447
2 1764 4860
2 794 2222
2 3399 2009
4 2969 3432 2976 4302
5 1932 1360 2000 936 1314
2 4697 2901
3 2276 1819 118
2 4602 876
2 1622 2781
3 4916 735 769
3 854 981 2954
2 2689 3430
2 1652 2212
2 3130 454
3 4945 1979 3203
4 2179 4295 2547 2108
3 910 4417 2914
5 2255 4384 4003 1860 469
2 4149 2924
2 564 370
2 3727 4102
2 1630 4021
2 3417 2457
3 1368 4072 4009
2 4611 704
2 44 1108
2 3870 1421
2 4441 890
3 684 2835 3411
3 3952 4045 1673
2 290 2648
2 1781 489
2 1100 3774
3 253 4023 2659
3 3374 216 3929
2 4603 1075
3 3874 2294 4128
2 4805 2004
3 1960 111 1462
2 1040 194
4 2877 3390 4821 1641
2 3133 1557
2 245 3942
4 4158 3306 1876 137
2 2303 4511
3 2961 4351 4045
3 3293 3787 2481
2 680 4640
2 585 4374
2 4633 4105
4 1968 1093 4953 2953
2 2265 1820
2 1213 1261
2 4413 3431
4 3329 3325 3752 1340
2 488 624
4 4501 1764 644 3045
3 4667 216 2902
4 1027 4630 4784 4105
2 2279 1538
2 2412 1387
3 2499 2710 3583
2 2457 3532
2 4470 2428
2 4357 88
2 1538 4441
3 3569 4472 2350
2 679 2815
4 145 1405 2996 3027
2 2002 4093
2 4138 4965
3 3615 3087 2609
2 3831 1349
3 3214 3040 604
3 3531 4787 49
3 2891 3433 3122
2 1043 4086
4 54 511 4132 1218
2 2790 3812
3 61 456 861
2 4434 1729
2 215 4674
2 1306 3701
3 4207 4512 4845
2 1547 230
2 3067 1413
2 3587 3232
3 4440 2652 2066
2 1838 1756
2 1669 2086
3 3829 282 2549
2 2695 157
2 2454 2394
2 1477 3436
2 1787 1358
5 864 3492 1717 3296 1069
3 3725 778 848
2 1277 458
2 1331 4830
3 1704 795 1572
2 222 508
3 3535 3753 4697
2 976 3303
3 4516 4342 4099
2 2043 4941
2 2414 4867
2 4355 2954
3 43 4052 489
2 1183 4261
2 4297 354
2 1513 1507
2 2229 4115
3 736 4926 4398
3 1363 3232 4747
4 1701 1532 3448 4011
2 4314 1758
3 1027 646 3808
2 4713 3590
2 4525 380
3 4703 1495 1998
4 1985 3613 4852 2636
3 2643 4351 1615
3 1822 3859 2786
2 808 1024
4 1594 206 4543 2836
2 1201 3000
3 4138 2101 2557
2 2521 225
4 3589 2948 518 3047
2 2334 3049
2 3014 1369
3 1055 906 1773
2 591 42
2 453 2743
3 1920 470 1783
4 2980 3420 1779 1280
3 3796 1391 561
3 3373 37 1062
2 1990 2676
2 550 2514
3 1824 517 3359
2 4277 4524
3 4391 2081 152
4 4638 2707 2779 2773
4 2412 4112 2460 2348
2 1121 750
2 446 4233
2 3878 3478
2 3567 2198
2 3260 2404
3 3502 3889 166
2 4274 3381
3 3554 1066 4472
4 2822 1194 33 1857
2 2478 613
2 843 3393
2 3777 3098
4 1638 2913 2315 4647
2 4254 4309
2 40 179
3 3702 4543 1388
3 2440 610 4171
2 2489 2639
3 551 4453 3283
5 1657 554 1130 1070 4166
2 1509 4524
2 209 2053
4 4958 1380 3377 1019
2 741 1160
2 4756 522
3 440 2999 921
2 2997 3935
2 4424 4383
2 2251 3280
2 4712 4345
2 1269 2377
2 3005 4145
3 322 564 3560
3 818 4317 1465
3 2652 4859 908
2 2709 2487
2 808 4249
3 3429 2716 1434
5 4695 4990 3620 727 3240
2 2888 681
4 3768 2582 464 2166
2 4654 424
3 2282 2035 4628
2 4631 2942
2 174 1790
2 4170 4572
3 4641 4456 2476
3 836 4225 3115
2 3444 1457
5 3140 4212 4206 2348 4851
4 4280 1620 4693 1006
2 872 2050
4 1416 2625 1763 1018
5 1075 4761 3233 1774 625
2 1481 3925
3 1545 1494 948
5 4559 4299 4281 828 1
6 1207 4350 2039 4575 3031 989
2 3046 260
3 590 3579 2165
2 3413 733
3 4797 561 2923
3 2749 3206 2790
2 4541 620
2 84 772
2 3170 163
2 1585 4914
2 2680 1232
2 3665 1572
2 1549 2022
4 4664 4686 512 471
3 1577 3775 3178
2 758 4141
5 349 768 485 251 4817
3 4641 2877 4689
3 145 4233 1340
2 3401 519
2 3435 2084
5 3396 1279 2178 430 2182
2 4378 4021
3 1767 581 2401
3 2123 3307 2618
2 2600 1148
4 787 4085 3534 2085
2 4121 4130
2 1883 3469
2 603 695
3 3482 3269 4315
3 3762 1687 3095
2 4477 4035
2 1925 2890
2 691 1659
4 3263 3565 3849 4552
3 312 4070 1506
4 558 2073 2821 1942
3 858 2975 2962
2 1094 1831
4 480 2570 254 2090
4 4930 3228 4486 2356
2 4158 4055
3 3382 1245 4521
4 1420 307 1449 2180
2 3925 2688
2 4284 2721
3 3009 2238 2126
2 2704 4071
3 627 3028 1703
5 1630 3395 4448 3040 4269
