1242 3
2 183 734
2 551 1161
2 786 604
2 497 1161
2 295 1161
2 611 466
2 428 841
34 15 638 854 200 195 151 875 143 167 994 689 903 645 830 911 802 1102 832 1131 793 664 343 693 981 684 947 627 241 1163 452 250 436 65 482
2 1078 842
2 1147 1123
2 493 414
2 485 466
2 724 66
2 1076 993
2 1078 22
2 929 7
2 1182 1076
2 1123 757
2 1110 581
2 22 869
2 414 66
2 919 841
34 691 94 1049 301 661 677 843 707 1045 532 499 72 109 1162 678 1206 14 807 1203 916 239 104 114 885 852 19 1029 452 789 733 555 534 1035 683
2 493 976
2 435 738
2 879 66
2 1076 657
2 596 841
2 493 1053
2 724 466
2 83 414
2 83 1161
2 611 1123
2 742 83
2 604 1161
2 1088 485
2 1182 466
2 976 73
2 742 1161
30 430 1187 934 705 566 876 189 966 625 356 1128 509 1151 839 112 652 798 172 752 473 118 565 276 974 1236 1237 1064 636 1230 1035
2 428 662
2 361 260
2 716 1110
2 361 1021
2 100 361
2 604 414
2 929 582
2 1076 466
2 696 624
2 1108 581
2 879 1180
2 624 260
2 756 604
2 575 756
2 604 497
2 696 724
2 428 66
2 786 361
2 485 414
2 611 931
2 919 66
2 493 993
2 73 1046
2 696 83
2 976 581
2 1088 7
36 98 137 866 578 1154 20 996 889 654 1003 12 991 1069 369 60 925 495 113 166 25 56 335 747 155 1054 951 126 981 277 852 207 85 1127 1157 560 492
2 786 73
2 582 734
2 624 497
2 1110 414
2 485 644
2 22 1180
32 1201 552 960 62 146 1040 943 572 142 783 1026 427 421 1065 991 511 526 67 794 630 939 990 900 958 820 1083 838 1080 37 1193 377 237
2 724 842
2 756 1076
2 869 1180
2 581 535
2 596 1076
2 466 1180
2 397 1021
2 756 361
2 929 841
36 289 30 1148 666 394 962 750 694 273 1229 63 31 1025 601 783 279 709 762 1150 202 669 1074 817 426 640 935 1168 277 862 33 1086 331 463 1233 1062 1226
2 1147 1023
2 756 66
2 154 100
2 1110 841
2 1088 1021
2 1078 397
2 756 535
2 919 929
2 976 342
2 1078 1088
2 428 22
2 879 1108
2 183 1021
2 756 786
2 66 662
2 295 230
38 1001 255 321 764 1186 227 943 263 714 127 160 229 386 481 1058 1106 101 1072 460 608 913 1131 955 172 1111 670 175 219 346 844 748 207 1112 699 754 86 44 203
2 100 1053
2 1078 724
2 696 361
2 742 22
2 976 742
2 154 1108
2 551 535
2 929 485
2 22 260
2 611 493
2 993 581
2 183 39
2 66 1161
2 575 22
2 551 295
2 842 1161
2 611 1161
2 428 39
2 183 435
2 842 841
2 644 230
2 435 230
2 919 295
2 786 624
2 1108 467
2 66 435
2 100 993
2 493 1046
2 716 295
2 1053 1180
2 295 662
2 596 1147
2 1147 644
2 428 497
2 976 183
2 414 641
2 575 66
2 1147 1046
2 931 1161
2 976 1147
2 1088 786
2 73 734
2 485 7
2 428 414
2 611 738
2 551 73
2 1088 1046
2 716 1147
2 414 230
2 931 435
2 7 662
2 1076 295
2 1110 535
32 505 779 639 833 1119 275 1132 521 106 1135 1032 489 258 827 451 1051 824 339 573 450 867 502 269 389 212 201 751 784 471 542 629 86
2 66 841
2 1078 1110
2 575 919
2 657 662
2 1110 657
2 100 869
2 581 1218
2 879 361
2 624 879
2 397 535
2 575 361
2 66 535
2 742 7
2 734 497
2 493 295
2 1180 260
2 230 535
2 100 39
2 1123 467
2 611 919
2 100 497
2 361 467
2 183 738
2 929 1053
2 931 260
2 493 1218
2 485 1108
2 1182 1108
35 135 305 888 1024 373 639 764 1205 775 192 1216 823 735 1030 96 1130 0 1169 767 597 112 475 343 177 1029 687 504 363 372 283 937 759 119 1002 871
2 1023 757
2 1182 879
2 604 742
2 596 869
2 1147 879
2 39 1161
2 1182 1161
2 786 734
2 183 467
2 696 435
2 742 1021
2 7 841
2 993 1108
2 1078 1161
2 976 1180
2 1108 1218
2 7 435
2 154 1076
2 83 869
2 100 724
2 716 624
2 1110 497
2 929 295
2 100 66
2 397 641
2 879 1123
2 361 662
2 1023 414
2 1088 154
2 644 435
2 993 467
2 397 1180
2 260 1218
2 1110 1147
2 1078 869
2 100 738
2 931 734
2 575 1088
2 993 841
2 497 738
2 1046 1161
2 724 1180
2 716 919
2 716 100
2 1046 738
2 100 295
30 1114 149 619 432 960 853 267 422 1113 461 99 257 1008 550 374 760 483 740 726 122 434 121 395 744 1115 799 171 904 524 309
2 929 466
2 295 535
2 993 551
2 976 535
2 1182 611
2 604 662
2 73 657
2 641 582
2 22 497
2 1088 757
2 397 7
2 260 1161
2 1088 641
2 581 841
2 493 657
2 1108 657
2 976 734
2 976 869
2 919 535
2 879 7
2 976 696
2 1078 1076
2 644 414
2 919 428
2 1023 100
2 644 1123
2 786 230
2 154 435
2 919 1161
29 1055 440 977 1043 674 1047 927 365 441 969 355 631 109 51 510 597 1241 747 835 242 518 1141 324 216 41 769 170 665 179
2 1182 1180
2 582 342
2 100 551
2 993 734
2 1046 497
2 1053 657
2 1078 230
2 1182 397
2 154 879
2 604 1108
2 611 716
2 1182 742
2 83 466
2 428 1123
2 929 154
2 39 581
2 83 66
2 716 641
2 83 361
2 716 993
2 435 342
2 993 497
2 183 361
2 869 435
2 742 581
2 1182 428
2 493 1088
2 493 1108
2 83 1108
2 1088 1123
2 1023 842
2 1053 757
2 611 1021
2 581 295
34 975 1075 1077 1201 152 232 874 4 1185 129 229 771 99 968 809 169 396 1102 642 613 763 311 721 294 115 836 131 737 862 965 123 906 363 206
2 1182 1088
2 716 757
2 976 1161
2 493 361
2 734 1180
2 22 757
2 869 1046
2 414 1180
2 919 756
2 183 551
2 1110 1021
2 428 1108
2 1110 919
2 624 230
2 1088 734
2 641 295
2 929 1108
2 611 1108
2 596 1088
2 919 467
2 869 467
2 1182 919
2 696 342
2 929 742
2 1147 551
2 696 100
2 929 467
2 1023 581
2 919 260
2 929 1161
2 1023 1180
2 1180 657
2 493 435
2 696 551
2 611 414
2 83 1053
2 976 1076
2 1078 466
2 1110 1076
2 611 66
2 1023 841
2 716 738
2 1182 1110
2 154 466
2 414 467
2 724 467
29 1232 432 318 576 650 433 775 690 545 782 949 262 1195 472 628 1074 910 828 92 630 561 437 1189 376 281 855 564 917 391
2 183 7
2 575 993
2 696 535
2 100 842
2 1180 1161
2 596 551
2 485 1046
2 696 841
2 397 1053
2 1088 738
2 1078 734
2 756 414
2 1182 260
2 931 39
2 786 757
2 929 993
2 397 842
2 842 581
29 1178 576 210 299 165 992 464 81 749 103 279 402 162 507 418 633 1093 703 491 684 496 43 41 57 904 176 283 1227 44
2 931 1123
2 183 295
2 1078 493
2 260 757
2 397 414
2 1053 497
2 1053 466
2 66 757
2 493 879
2 467 757
2 183 497
2 929 183
2 879 230
2 841 662
2 1076 342
2 1123 73
2 435 757
2 716 734
2 1046 657
2 742 414
2 624 414
2 931 841
2 716 931
2 976 435
2 976 100
2 1076 497
2 756 1088
2 154 1180
2 1147 535
2 428 342
2 1078 1046
2 611 1053
2 83 757
2 1076 230
2 1147 295
38 973 490 893 1055 1028 692 164 519 920 268 822 1121 528 359 741 89 531 80 1103 208 908 215 806 1221 1165 752 351 660 439 241 496 982 366 1173 846 804 1116 895
2 742 644
2 1078 575
2 624 841
2 611 1088
2 716 361
2 1182 582
2 931 644
2 611 575
2 929 842
2 604 551
2 786 931
2 879 497
2 497 535
2 428 435
2 993 582
2 1108 641
32 149 30 803 614 440 136 330 211 1117 70 20 704 1118 58 829 10 512 354 381 45 720 253 1219 997 382 303 504 366 144 482 340 1230
2 879 435
2 575 624
2 1023 1108
2 724 361
2 1076 1123
2 1110 485
2 73 738
2 756 230
2 1088 1076
2 582 1161
2 724 497
2 493 83
2 73 467
29 94 926 998 638 307 563 635 915 954 274 1229 6 1022 489 548 1058 1164 1056 40 286 557 56 411 254 118 134 712 144 391
2 869 841
2 919 39
2 1078 756
2 342 230
2 342 757
2 230 662
38 978 490 791 469 284 200 378 213 258 1045 507 700 1175 1041 649 385 1176 957 1153 922 328 1100 122 415 518 126 411 281 1010 634 193 796 24 1193 1071 119 150 892
2 7 734
2 611 342
2 742 467
2 1110 397
2 414 260
2 497 260
2 738 757
2 842 757
2 1110 644
2 742 1108
2 1147 993
2 756 657
2 724 879
2 485 841
2 154 841
2 1182 154
2 22 7
2 1078 696
2 716 497
2 786 724
2 466 467
2 493 467
2 724 993
2 696 1180
2 611 100
2 575 230
2 596 604
2 644 83
2 361 738
2 485 1021
25 1057 1192 1068 273 5 848 1030 1099 333 1207 79 456 514 231 339 36 1033 368 29 515 47 768 899 600 11
40 1215 926 568 854 192 214 637 708 840 999 1160 427 1199 894 316 1041 173 456 584 457 642 1138 341 970 322 371 880 1115 498 315 125 1217 176 474 542 886 494 1233 438 340
2 919 551
2 435 1046
2 575 724
2 154 644
2 644 342
2 724 39
2 485 467
2 611 183
2 644 879
2 919 1076
2 976 993
2 1088 1147
2 485 1161
2 100 657
2 7 414
2 976 230
2 1147 869
39 893 907 779 672 1105 1049 420 989 536 622 1231 1214 884 588 143 501 1151 449 868 480 71 1176 58 651 914 1093 847 35 108 554 1225 819 1042 349 812 474 181 11 465
2 1123 734
2 604 734
2 604 581
2 428 154
2 397 435
2 1078 361
2 696 66
38 1232 1057 621 586 245 299 1158 977 128 110 553 370 364 531 1027 180 867 645 169 426 61 10 457 648 328 23 1013 28 952 522 1015 1014 956 774 287 805 288 861
2 716 467
2 66 1218
2 397 361
43 975 223 1220 409 621 410 1094 387 69 663 559 425 1070 679 3 441 282 1011 1103 54 922 910 454 1235 1095 239 168 367 175 205 620 134 810 1016 953 265 1067 812 372 818 612 800 1062
2 756 467
2 22 724
2 551 869
2 485 657
2 154 641
2 931 724
2 183 414
2 575 154
2 929 624
2 361 435
2 1182 1147
2 39 662
2 842 260
2 993 73
2 1182 414
2 756 993
2 976 466
2 716 466
2 1078 1021
2 596 724
2 435 260
2 716 397
2 919 662
2 154 993
2 493 756
2 724 1108
2 604 230
2 641 738
2 611 73
2 976 757
2 931 397
2 756 841
2 1088 869
2 493 397
2 1023 22
2 1147 1180
2 1110 22
31 1215 410 164 345 1171 833 232 77 912 1009 782 249 390 588 234 717 1190 671 1085 166 857 90 755 820 153 171 1188 1204 1039 1090 107
2 485 582
2 551 641
2 1088 724
2 919 879
2 1078 1108
2 1110 724
2 154 467
2 724 551
2 1053 724
2 1108 342
2 1046 841
2 1053 842
2 428 869
2 624 551
2 230 757
32 549 305 864 1220 468 146 1231 263 543 616 1087 1 1019 1101 878 329 320 537 115 407 500 956 348 1127 1086 712 787 739 808 727 107 233
2 842 73
2 716 493
2 485 1023
2 756 22
2 1078 1180
2 428 1021
2 1053 734
2 1147 497
2 66 1046
2 716 342
2 919 976
2 929 428
2 1147 342
2 39 657
2 1023 39
2 624 1021
2 842 467
2 575 582
2 931 662
2 716 1021
2 596 73
2 154 1046
2 1076 1161
34 505 1158 53 165 137 882 722 1137 932 1026 461 1017 1199 969 968 405 603 863 569 806 399 221 1038 1239 114 1189 416 1120 470 1204 157 587 344 851
2 361 342
2 611 662
2 66 581
2 1110 757
2 624 1161
29 1104 244 1094 77 111 1125 959 578 285 1089 655 1195 49 1061 631 1223 794 323 294 488 18 64 748 667 276 1210 360 789 161
31 46 536 859 1107 659 1172 735 1166 966 262 655 1149 403 569 1136 763 979 1206 610 1211 970 424 68 699 713 412 995 818 1092 804 238
2 1182 738
2 604 467
2 724 1046
2 493 786
2 575 757
2 485 535
2 1110 976
2 1110 786
2 1182 596
2 1088 993
2 604 1218
2 1076 1021
2 931 1218
29 187 1228 1001 989 591 1125 1073 780 572 132 517 902 700 963 462 1194 603 802 1165 27 1013 695 865 813 744 348 314 891 78
2 183 260
2 786 1053
2 644 738
2 466 757
2 1078 83
2 786 1108
2 596 575
28 1222 934 646 236 52 918 487 34 1018 462 270 980 1183 54 2 584 1241 45 488 1239 849 407 1157 186 524 778 1227 593
2 1053 993
2 1078 929
2 1110 1108
2 919 100
2 734 1218
2 919 582
38 1028 1139 998 1007 330 110 5 663 698 393 999 59 235 1061 401 460 405 174 795 526 740 577 335 475 145 313 293 117 1168 1142 972 437 1042 32 796 1212 668 271
2 976 497
2 1078 295
2 976 414
2 756 662
2 551 841
2 786 662
2 696 1108
2 1123 230
2 641 497
2 493 497
2 756 485
2 1110 734
32 549 163 666 658 567 719 69 859 884 877 400 124 506 963 811 204 942 51 580 984 955 790 793 416 751 1122 382 1237 950 309 48 683
2 1182 39
2 919 742
2 919 7
2 342 1046
2 154 657
2 73 342
2 581 260
2 1147 734
2 361 1046
2 435 734
2 428 1180
2 644 39
2 734 467
2 428 7
2 183 154
2 919 83
33 1196 1187 985 765 1205 525 136 1159 1154 834 698 243 677 858 938 413 1207 781 208 680 502 278 945 311 537 755 935 620 1238 788 754 673 238
2 295 467
2 919 993
34 398 476 1050 874 646 213 1081 674 714 599 444 71 472 941 1085 1056 940 900 807 761 253 815 133 121 1000 1037 1213 471 404 788 463 861 636 256
2 493 7
2 604 644
2 696 662
2 493 1023
2 1110 435
2 342 662
2 919 485
2 1053 39
2 1110 842
2 976 66
2 582 581
2 879 1046
31 158 1077 1104 447 985 245 1184 159 1234 758 481 1031 26 894 1175 980 501 327 380 817 988 1198 266 865 565 1034 713 246 1174 629 237
2 976 624
2 869 582
2 397 738
2 22 1123
30 158 98 676 872 570 650 210 151 814 236 647 509 520 1194 1152 948 40 577 434 720 1138 1083 617 131 1000 375 1129 615 777 851
2 611 497
2 7 842
2 734 260
2 83 624
2 1147 581
2 611 734
2 83 1123
2 100 841
2 716 535
2 485 842
2 641 734
2 644 260
2 696 1123
2 1182 662
2 22 641
2 716 22
2 1182 497
2 786 641
2 879 1021
2 1182 842
2 22 624
2 7 361
2 976 842
2 1182 734
2 183 1023
2 786 929
2 716 7
2 879 342
2 1088 22
2 696 397
2 7 1161
2 83 724
2 596 742
32 692 321 318 803 345 350 1044 718 1043 63 1144 55 823 103 875 647 675 329 1012 459 1134 939 737 1037 453 193 251 618 971 48 492 1004
2 742 1147
2 611 641
2 100 582
2 596 435
2 1088 929
2 1021 757
2 1053 361
2 414 738
2 929 39
2 724 1161
2 22 738
2 1076 467
2 1182 83
2 756 869
2 1123 842
2 428 551
2 582 657
2 644 100
2 919 869
34 730 961 379 227 519 148 797 553 129 964 402 689 204 671 297 824 860 847 278 454 1124 678 990 561 515 280 870 42 337 384 571 226 494 271
2 1078 535
2 696 742
2 624 1180
2 414 662
2 993 295
2 1182 575
2 929 1147
33 538 1075 455 706 102 585 225 458 694 543 425 541 74 55 517 12 781 1051 523 418 499 984 29 815 341 473 838 470 503 825 544 448 203
2 931 742
2 1147 230
2 551 1180
2 1053 1021
2 1078 786
2 716 1076
2 993 738
2 1147 1021
2 929 22
34 1228 609 191 623 907 379 632 637 882 822 142 558 1113 487 0 827 310 686 220 1126 942 168 486 247 300 634 774 68 668 264 436 353 673 665
2 183 582
2 756 1180
2 696 295
30 223 1222 228 442 898 525 845 464 1047 583 704 707 1087 599 909 421 731 930 1156 1208 145 352 766 219 660 177 337 906 24 917
2 1053 551
2 611 230
2 929 397
40 961 1178 398 1066 920 1132 718 272 1007 626 1224 877 285 949 1036 319 1065 167 1027 1143 725 194 697 445 381 104 746 1063 695 773 810 33 105 1188 923 186 1064 1096 438 38
2 919 931
2 596 230
2 1076 879
2 742 1046
2 66 260
2 100 581
2 869 361
2 756 83
2 154 624
2 397 39
2 1023 1046
2 100 641
2 641 535
34 75 1024 304 1005 447 513 53 750 529 422 622 52 1224 431 1098 81 1099 1128 736 354 1079 831 90 522 710 855 498 85 615 97 826 555 388 1116
34 946 292 394 301 1066 527 433 442 1209 378 1214 944 17 579 443 918 365 983 369 809 297 550 357 184 952 240 702 371 1034 950 587 937 600 1167
2 1147 657
2 1182 183
2 230 1218
2 644 1108
2 1076 83
2 582 295
2 183 100
2 993 641
2 1180 738
2 183 1161
2 466 1021
2 1076 260
2 1110 993
2 295 1046
2 976 1053
2 742 993
2 493 734
2 183 342
2 1110 1053
2 1123 662
2 1110 604
2 485 154
2 596 1123
2 724 641
2 342 535
2 83 73
2 154 1147
2 1023 1161
35 978 191 586 896 602 455 890 688 915 598 873 866 1133 124 257 1143 1101 680 941 2 67 1033 590 357 1203 729 1211 617 1112 953 57 97 1090 408 141
2 1076 551
2 644 641
2 22 581
2 919 624
2 1088 435
2 1078 919
2 624 7
2 73 581
2 611 976
2 611 435
2 1182 716
2 39 1123
2 1182 230
2 1078 497
2 976 1108
2 596 7
2 696 414
2 397 582
2 493 869
2 575 397
2 644 22
2 551 1046
2 295 757
2 742 497
2 1078 624
2 485 497
2 596 993
2 1023 662
2 644 724
2 919 1123
2 83 657
2 582 497
2 485 1218
2 73 535
2 1088 879
2 397 734
2 696 183
2 716 154
2 724 841
2 756 1053
2 154 734
2 1182 342
2 414 1161
2 7 1218
2 756 1161
2 1076 7
2 154 535
2 1053 641
2 1147 260
2 1123 295
2 1078 931
2 724 73
2 39 1180
2 1046 467
39 888 21 244 1202 1091 896 350 1059 429 195 1068 898 383 529 82 6 616 1009 400 1070 1036 1160 1008 449 222 450 908 933 120 87 670 27 155 885 1200 375 825 546 336
25 406 1052 672 552 568 682 856 74 443 996 359 547 116 685 1032 291 711 510 120 664 8 346 653 1179 360
2 22 1021
2 100 1161
2 1076 738
2 397 1023
2 716 485
2 1023 466
2 931 604
2 1110 1218
2 575 662
2 22 66
2 1053 230
2 7 467
2 756 342
2 1108 842
2 1053 535
2 641 1021
2 624 582
2 716 1053
2 493 644
2 83 295
2 575 1076
2 976 551
2 596 657
2 786 66
2 493 154
2 931 485
30 187 1139 284 429 76 484 1159 749 160 659 548 202 316 248 1152 1126 1225 1124 1060 302 710 19 500 936 805 530 1146 218 1167 715
2 716 1218
2 183 1046
2 1076 662
2 786 1161
2 644 295
2 696 7
2 1078 39
2 742 624
2 1078 551
34 973 163 409 476 821 912 690 1216 185 1137 370 1031 162 656 374 1012 948 269 95 1156 25 1111 415 188 681 539 1179 886 50 250 209 1096 448 745
2 467 1180
2 1182 1218
2 575 734
2 1180 1218
2 485 624
2 22 841
2 879 467
2 931 1023
2 183 841
2 1108 66
2 786 1218
2 596 1161
2 1078 435
2 485 397
2 467 657
2 397 1046
2 786 841
2 931 1076
2 841 738
2 466 1218
2 644 73
2 1046 1218
2 596 1023
2 993 7
2 361 230
2 931 1180
2 295 738
2 485 734
2 397 841
2 1123 738
2 342 497
2 1053 7
2 879 535
2 100 1108
2 485 1180
2 786 428
2 1147 22
2 342 738
2 604 757
38 304 21 430 468 626 259 249 816 520 91 308 562 60 608 957 1082 651 174 1162 790 640 477 610 1219 627 254 743 1213 317 315 123 324 539 226 157 643 715 792
2 397 742
2 1078 1147
2 435 497
2 742 1053
2 931 1147
2 993 66
2 428 467
2 1088 260
2 1023 1053
33 723 406 373 701 15 46 705 688 563 275 312 82 741 319 325 506 1150 91 983 606 1011 231 1183 108 940 1038 1140 322 358 1212 206 178 733
2 1161 738
34 362 595 1148 570 383 528 905 1135 887 1172 139 59 1130 356 1177 868 897 220 725 967 1084 1134 1048 1198 849 743 384 503 404 924 408 150 837 179
2 575 1053
2 1147 841
2 604 39
2 83 641
2 993 869
2 183 757
2 641 1046
2 696 73
2 929 644
2 786 644
2 624 734
2 100 73
2 1180 757
2 641 1180
2 1046 757
2 1147 7
2 879 662
2 742 342
2 624 757
2 1147 66
2 493 757
2 786 497
2 428 1147
2 100 624
2 493 551
2 919 435
2 1078 73
2 581 1021
2 73 230
2 716 742
2 83 1218
2 596 624
2 716 1108
2 1182 295
2 39 582
2 931 1046
2 575 295
2 575 260
2 582 467
2 696 1161
2 1078 611
2 397 879
2 39 1021
2 295 497
36 135 864 1005 614 527 1119 658 198 1025 140 332 386 685 654 234 248 514 385 562 795 483 92 23 298 64 1200 801 772 247 1120 105 251 478 37 612 589
2 493 260
2 786 435
2 582 1218
2 604 657
2 7 66
2 397 1108
2 929 757
2 624 724
2 641 657
2 1182 993
2 1078 1023
2 1023 657
2 596 485
2 716 73
2 66 73
2 1088 361
40 513 765 458 111 592 214 521 127 13 1006 770 986 731 282 903 222 511 1020 605 925 61 446 1221 721 1048 1142 773 280 813 936 196 358 478 1236 412 264 643 1170 344 233
2 1110 7
2 582 1180
2 66 842
2 1088 414
2 611 428
2 611 467
2 644 662
2 596 100
2 1078 183
2 1088 66
2 696 1053
2 756 976
2 993 1046
2 611 742
2 230 841
2 841 535
2 1076 435
2 929 497
2 696 879
2 596 493
2 493 1076
2 493 1180
2 497 1218
2 575 1110
2 1088 604
2 551 1218
2 1078 993
27 1114 306 1052 516 567 959 1144 858 843 88 96 80 194 728 1100 557 1095 293 768 702 681 571 43 974 732 465 594
2 1078 428
28 785 326 255 566 417 814 211 887 1109 848 902 532 928 291 988 554 323 648 184 1060 1054 753 84 687 987 1170 336 846
2 756 183
2 976 83
2 575 73
2 493 742
2 611 397
2 183 22
2 183 466
2 879 657
2 154 842
2 786 466
2 657 757
2 22 39
2 742 841
2 696 644
2 575 929
2 1088 535
2 1053 73
2 435 467
2 611 485
2 696 260
2 696 1147
2 22 435
36 946 469 62 585 228 1191 1171 138 128 1081 224 1006 840 771 938 1118 656 380 392 628 573 633 967 901 1079 746 753 302 349 265 147 560 546 808 871 895
2 260 738
2 931 993
2 485 22
2 644 1218
2 154 724
2 842 1021
41 292 1105 1240 853 1040 598 776 1181 932 834 558 393 547 1149 101 1197 928 130 605 860 911 1164 703 728 652 368 857 28 367 351 266 772 923 331 544 739 1071 1146 826 178 1004
2 1023 66
2 397 260
2 428 644
2 493 466
2 428 100
2 1182 841
2 1023 869
2 611 581
2 83 497
2 1076 742
2 742 39
2 742 73
2 742 757
2 1088 497
2 466 841
2 1076 66
2 841 497
2 1053 435
2 100 1123
2 596 1218
2 83 342
2 724 295
37 75 730 574 872 152 1209 387 845 252 13 708 332 762 26 1069 897 863 832 419 477 334 16 1063 201 423 47 1140 376 1238 395 1010 1014 787 769 745 594 78
2 295 657
47 921 516 1091 102 267 431 252 93 601 876 1022 1097 364 89 333 717 606 811 878 1020 392 556 1223 491 197 399 613 540 14 958 1208 8 729 156 972 1141 1163 453 1092 987 800 353 1002 218 792 892 837
2 756 1046
2 73 1161
2 644 1046
2 919 1147
2 73 662
2 1182 931
2 644 535
2 83 551
2 551 738
39 538 691 791 701 821 1240 1186 592 992 1185 93 243 296 927 1166 88 1003 310 1018 401 479 35 221 290 352 212 423 997 240 287 147 1067 314 530 65 1039 1226 388 141
2 1123 581
2 786 535
2 1078 841
2 1078 582
2 485 361
2 581 497
2 1021 497
2 742 879
2 1078 1123
2 756 1108
2 756 466
2 435 1021
2 786 551
2 7 295
2 397 497
2 581 657
2 485 1053
2 100 1180
2 1108 582
35 289 602 307 182 1191 312 417 106 545 856 1107 1098 964 889 607 413 49 1190 270 199 523 913 445 95 540 313 761 801 196 125 246 982 618 181 288
2 1110 1023
34 623 306 420 776 159 579 1155 541 70 1109 770 607 1017 444 994 1177 649 308 850 590 87 334 153 156 338 18 205 42 439 653 778 217 589 534
2 100 879
2 786 100
2 230 734
2 1021 230
2 230 467
2 756 397
2 414 1123
2 414 1046
2 976 154
2 575 976
2 397 1218
2 1147 624
32 362 619 274 780 1234 9 1117 17 661 1097 816 1145 675 1089 909 173 669 1072 711 1136 419 1235 798 290 836 486 32 209 377 1173 777 256
2 716 869
2 596 581
2 869 734
2 551 66
2 756 39
2 1147 662
2 183 931
2 100 7
2 154 742
2 1182 786
2 696 931
2 931 154
2 1123 582
2 575 879
2 467 662
2 611 869
2 929 1076
2 1078 260
2 611 993
2 786 742
2 696 1021
2 1123 1161
2 1053 869
39 723 921 138 1044 954 484 632 148 9 559 758 390 140 132 508 533 1082 933 479 396 320 697 446 726 916 835 951 133 188 947 84 1122 784 667 1129 924 732 564 217
2 931 83
2 1053 582
2 929 83
2 485 39
2 869 662
2 435 1180
2 641 66
2 1110 1161
2 879 738
2 604 66
2 575 493
2 869 641
2 467 841
42 785 347 574 706 1192 4 873 31 224 1155 259 189 139 1145 116 1 325 3 34 480 767 1197 829 580 930 113 197 831 298 117 242 693 844 424 1080 1217 1174 891 1210 971 190 38
2 919 22
2 1078 7
2 428 1053
2 596 397
2 1088 582
2 869 757
2 611 83
2 183 1218
2 1023 993
2 1046 535
2 931 582
2 397 1123
2 1161 657
2 435 657
2 485 435
2 1110 931
2 742 361
2 879 842
36 347 326 1202 225 76 635 719 198 944 905 79 1106 533 327 72 556 130 1153 215 883 736 914 839 261 459 945 389 766 1015 880 300 303 995 50 170 727
2 1053 1218
39 1196 676 1059 182 1184 591 272 268 722 185 682 797 881 296 583 709 679 625 1133 986 235 508 355 451 686 403 36 1084 261 828 512 286 16 338 965 799 317 759 190
2 929 604
2 1182 657
2 1088 295
2 1088 100
2 39 641
2 742 535
2 575 342
2 1108 535
2 1108 1046
2 466 1161
2 435 73
2 596 662
2 581 342
2 1182 641
2 1053 1161
2 931 657
2 575 467
2 976 841
2 73 295
2 841 1180
2 786 22
2 575 535
2 183 641
2 22 582
2 641 466
2 1078 738
2 1076 757
2 581 1161
2 786 582
2 611 929
2 919 644
2 485 757
2 467 535
2 183 879
2 467 1161
27 609 595 1050 962 890 1073 1181 1121 881 1019 199 180 1169 850 830 760 901 883 495 819 979 870 899 1016 216 161 593
2 919 414
2 551 497
2 397 993
2 604 738
2 1078 581
2 756 742
2 485 869
2 1088 83
2 604 361
2 596 734
2 428 83
2 39 414
2 485 551
2 493 342
2 83 467
2 1123 657
2 1123 497
2 993 39
2 624 39
2 1076 641
2 575 604
2 1088 1053
2 604 260
