5000 3
2 3352 2300
2 259 1492
2 3352 860
2 2079 225
2 1765 1736
1 696
2 696 3466
1 696
2 1491 2988
2 1726 1673
2 3099 741
2 3352 957
2 3425 3734
3 696 3281 74
3 696 2240 2284
1 696
2 123 4829
3 3352 4485 1472
1 3352
2 1057 2676
2 3352 117
3 3352 2110 757
2 3352 1738
4 696 2063 486 4992
5 696 663 219 84 4337
2 1080 964
2 696 894
2 4502 1143
1 696
1 696
1 3352
1 696
2 3352 824
2 611 1042
2 696 3310
2 3352 858
2 1081 2930
1 3352
2 4735 3329
4 696 1794 4152 4722
1 696
2 4237 855
2 3352 2284
1 3352
2 1614 4900
2 696 4311
2 3352 4532
5 696 1518 209 432 2384
3 3352 3664 2689
3 696 4645 91
1 696
2 696 86
2 3352 4217
1 3352
2 696 655
3 3352 463 1769
2 3352 2069
3 3352 3288 693
2 2181 2865
2 696 4126
2 3120 4962
3 696 3968 3506
4 3352 1481 3687 3857
2 4421 1662
3 696 4424 3520
2 4550 3953
2 2098 3210
2 3352 4510
3 696 3959 4200
3 696 463 4045
1 696
3 3352 207 3424
2 3181 3263
1 696
2 13 4873
2 4078 3122
2 1255 1667
2 2960 3069
2 3409 727
2 2803 4468
2 696 4161
1 3352
2 3869 3999
2 2290 3147
2 24 2163
1 696
2 51 1938
3 3352 2873 2975
2 602 1259
1 696
1 696
2 49 1268
3 3352 4572 2760
2 4479 1060
1 696
1 3352
2 696 3978
1 696
2 849 1520
1 696
2 2438 3577
2 1725 3098
2 2082 3822
2 387 4036
2 696 2688
2 696 3788
2 3086 3496
2 2261 1042
1 3352
2 2948 3373
1 696
2 834 3712
3 696 4368 379
3 3352 2515 1558
4 696 3032 4021 3838
1 696
2 3352 1945
2 4193 20
2 696 2723
1 3352
2 3352 4554
1 3352
2 696 1094
2 696 16
2 3040 540
2 3352 1968
2 1247 3712
6 696 2424 449 4700 4289 4001
2 2744 4866
3 696 1605 2735
2 696 4510
1 3352
2 3352 141
1 696
2 3352 3961
2 4758 535
2 696 738
2 696 339
1 3352
2 783 1093
1 3352
2 4283 132
1 3352
1 696
1 3352
3 696 577 162
3 696 3395 1512
2 1092 4444
2 696 2467
1 3352
2 696 2024
2 696 2843
2 3021 1043
2 696 3523
3 696 2489 3258
5 3352 2411 2206 501 2889
1 3352
2 696 1316
2 3352 4994
2 3352 3354
2 696 1728
1 696
2 145 3401
2 4453 2135
2 696 1960
2 3352 742
1 3352
3 696 4790 2696
1 3352
2 361 844
2 696 1748
2 696 1870
1 696
2 3352 1947
1 3352
2 3942 1959
2 3352 4053
1 3352
2 1877 3936
2 3352 2749
2 696 1674
2 3920 2219
4 3352 2939 1205 1730
2 1111 2739
2 3356 2356
2 3352 4077
1 696
2 696 837
2 1475 4591
2 696 1194
1 696
1 3352
1 696
1 3352
2 3352 2919
2 3352 3130
2 4266 1112
2 3352 3262
2 669 3334
2 696 4095
2 302 1521
2 1920 4267
4 3352 2946 3485 1743
1 696
2 2938 3844
1 3352
2 2172 1063
2 491 71
1 3352
2 47 1734
2 211 2928
2 696 210
2 696 1158
2 3352 531
2 696 2413
1 696
1 3352
2 3352 1844
1 696
2 24 390
1 696
2 4794 4092
1 696
1 696
2 3352 4886
4 3352 2405 3824 3
2 872 970
2 800 1993
2 361 3686
2 2727 2656
2 1882 3697
2 3352 2712
1 696
1 3352
2 696 2680
2 696 1031
4 696 3262 1230 740
2 3394 3106
3 696 607 3431
2 4916 2705
1 3352
2 1136 970
2 2103 1566
2 3352 2146
5 696 4391 4327 863 2733
1 696
5 3352 3418 1691 4828 2653
4 696 4246 1276 4723
2 3548 1608
1 696
1 696
4 3352 1483 2049 2076
1 3352
2 364 1313
2 1221 4878
4 696 649 730 3219
1 696
3 696 2539 2363
3 3352 4144 3335
4 696 1 1012 1854
1 3352
2 4313 660
1 696
1 3352
2 696 728
2 3773 3039
2 3742 3339
1 696
1 3352
1 3352
2 696 1034
2 870 1381
1 696
2 2699 1378
2 696 1979
1 696
4 3352 4612 4694 665
3 3352 4075 4667
2 696 1367
3 3352 3613 2019
2 3365 1944
1 3352
3 696 3717 3814
2 4454 4124
1 696
2 1011 2153
2 1571 2428
1 696
1 696
2 3352 1650
2 3014 2105
2 3860 451
1 3352
1 3352
2 3352 4147
2 3352 4646
1 3352
1 696
6 3352 4269 4476 3105 2542 4046
2 1977 3453
3 3352 3109 2604
1 696
3 696 831 200
3 3352 3195 4964
2 4233 807
2 4688 343
2 1229 2346
2 3505 3815
2 3352 2918
1 3352
1 696
1 696
1 3352
2 3352 3799
2 3352 636
2 2207 1713
1 696
1 696
2 3884 2342
3 696 3989 768
2 3521 4873
2 696 763
2 3394 4551
2 696 4639
2 3352 1466
1 3352
4 3352 1480 4445 2927
3 696 726 4964
2 2224 2375
1 696
3 3352 3486 778
4 3352 4170 4023 2861
1 3352
2 3087 948
3 696 2270 1000
1 696
2 3352 2227
1 3352
2 1695 4565
2 137 3543
1 3352
2 3942 1292
2 696 2605
3 3352 4169 305
2 696 2400
2 696 3242
2 3552 821
1 696
5 3352 2808 2345 4592 2860
2 696 4774
2 2309 2824
1 696
1 3352
1 696
2 4757 2185
2 416 4657
2 696 1914
3 696 4003 957
2 4415 2012
2 1695 1425
1 696
5 696 169 1177 4782 228
2 3352 414
2 696 1722
2 696 253
2 3352 3197
2 3352 2312
2 696 2422
2 702 4309
3 696 2048 955
2 3352 3950
1 696
3 696 1338 1132
1 3352
3 696 2863 2579
2 909 4242
2 892 1551
2 3352 3367
2 696 1611
2 112 3937
1 3352
3 696 2037 512
1 3352
2 3705 2657
2 4867 3872
2 3200 4065
2 3352 2680
4 696 823 3101 103
2 4027 4965
1 696
2 3352 219
3 3352 1562 1644
1 3352
2 696 4828
2 3179 1102
4 696 1716 2027 4230
2 2154 4011
2 4687 3981
1 696
1 3352
1 3352
2 696 3111
4 3352 1907 3537 806
2 595 2327
2 4659 4221
3 3352 3349 2477
1 3352
2 2057 2592
1 3352
2 696 4611
3 696 898 4419
2 696 4800
1 3352
2 2291 483
2 1073 362
2 953 3447
2 696 355
2 3352 486
2 4701 4657
2 4758 1228
1 696
1 3352
2 3352 4884
2 4283 3090
2 3352 3790
1 3352
2 696 2469
3 696 4576 992
2 3568 1823
2 4975 4054
1 3352
2 3352 850
2 47 3157
2 4924 1884
2 4903 787
1 3352
1 3352
4 3352 3728 2168 562
1 696
1 696
4 696 4594 2867 2378
1 696
1 696
2 817 1770
1 3352
2 879 2537
2 4042 2785
1 3352
2 3370 4786
2 127 2527
1 3352
2 3352 291
2 4315 882
3 3352 1366 4689
1 3352
1 696
2 2724 2811
2 917 4323
3 696 4322 1907
2 3352 4741
2 4874 3325
3 3352 4303 1815
2 1111 725
2 69 55
2 3648 3806
1 3352
2 696 2367
2 3352 3976
1 3352
1 3352
2 3938 1195
2 4514 974
2 696 4876
2 3690 2698
1 3352
1 3352
6 696 3245 767 3824 4855 1539
2 4903 4871
1 696
2 2972 2846
3 696 524 4243
2 2496 1363
1 696
3 3352 1527 413
2 696 998
1 3352
2 23 417
2 3352 980
2 3211 4908
1 696
1 3352
3 696 207 3244
1 696
3 696 3902 2214
2 3352 3895
2 696 1925
1 696
1 696
3 696 3062 1573
1 696
2 4340 2701
2 3376 155
2 842 721
2 3352 4473
3 3352 1129 3387
2 3621 4258
1 696
1 3352
2 937 845
2 3352 899
3 3352 4119 4552
2 3304 4043
2 381 4802
1 3352
4 3352 2223 2628 4343
2 4695 2871
1 696
2 696 4556
2 3352 4555
1 3352
2 3352 1870
3 696 2663 634
1 696
2 3680 2718
2 480 1593
3 3352 4618 2690
2 3352 4931
3 696 1178 1370
2 4429 1841
2 3477 1621
2 3765 2501
2 1072 213
2 3867 2012
3 3352 3951 4492
2 1935 3459
2 3352 135
2 2999 1306
2 696 3569
2 973 4410
2 3901 2958
2 3352 124
3 696 3420 4023
4 696 784 3746 685
1 696
2 3352 3676
3 696 3196 1206
1 696
2 1654 1447
2 696 3573
2 3352 4296
2 696 2898
2 3352 1224
2 3352 2957
2 3352 1796
2 1570 1965
1 696
2 696 2031
3 696 2939 3795
3 3352 1434 1085
1 696
2 4987 1418
3 3352 1484 830
2 753 437
2 1336 3210
2 619 2247
1 696
2 1560 4142
1 696
3 696 2112 597
2 1152 3207
2 696 4773
1 3352
2 2947 1291
2 3352 1201
3 3352 1270 1109
3 696 2934 3662
2 696 4414
2 145 1899
3 696 1088 1743
1 696
2 696 780
2 3352 3395
2 1311 694
3 3352 2754 751
2 1057 4034
2 3352 4819
2 907 1063
2 696 4949
2 3653 4770
3 3352 4126 4637
1 3352
1 3352
2 3116 1999
2 696 4039
2 3590 3829
4 696 1407 4405 403
3 3352 4196 2582
2 568 4730
1 696
2 834 2105
3 3352 1027 780
2 696 2372
3 696 88 2196
1 696
1 3352
2 696 4035
1 696
2 238 2916
1 696
1 3352
2 1545 2074
5 696 33 4485 1772 4716
1 696
2 3053 3239
3 696 2316 1202
2 696 4487
1 3352
2 3614 4163
1 3352
3 696 564 4926
2 3352 819
3 3352 945 637
1 696
1 3352
4 696 2093 4847 1782
1 3352
2 3835 1864
1 3352
1 3352
1 696
3 696 4201 1097
2 3061 3235
2 4910 4344
2 696 1238
2 521 4380
2 2222 1662
2 2995 314
2 2665 621
2 696 2144
3 696 4170 744
2 3352 1125
2 3877 1829
1 3352
2 3081 1886
1 3352
2 2503 4699
2 3352 2488
2 696 2072
2 3851 3464
2 255 2648
1 3352
2 1476 3480
2 3802 3741
2 2529 4387
2 1508 2292
2 54 4893
3 696 1966 899
2 3848 4054
2 825 4359
1 696
2 3352 261
2 1311 1843
2 3352 2965
2 24 3819
2 3352 4579
2 1888 276
2 3448 3842
2 4415 3057
1 696
2 696 198
2 4452 4928
2 2181 1479
2 3551 4056
5 696 1376 2250 2008 2004
1 3352
1 3352
2 1571 1008
3 3352 4723 2720
2 3352 4850
2 4155 1259
2 4889 3769
4 3352 1509 2254 768
1 3352
1 3352
2 696 2873
2 542 3570
1 696
4 3352 2738 1036 4832
2 696 3868
2 3051 1533
2 3352 2771
2 696 1098
3 696 1524 2167
2 4310 57
4 3352 1591 582 4682
4 3352 4362 1230 1607
1666 3776 2803 2667 1767 971 15 3326 24 50 3915 559 3869 136 4078 3997 278 3593 498 4531 1485 1493 4042 3554 1636 1089 2970 4093 2665 3551 3552 438 2822 3139 1825 2271 1665 4776 2810 4202 4285 917 2261 4752 411 4904 2532 301 750 351 3851 115 99 4711 3423 925 4633 656 4059 1614 3817 1994 2083 3660 2952 104 2642 537 2516 1335 3848 4183 2310 1420 1927 3043 2781 4089 3440 4809 4837 2938 455 1280 2855 3421 4299 2626 4903 4038 543 3436 1817 180 1297 3173 3075 4080 4340 215 4889 1426 4983 1860 1305 2311 800 2170 3318 34 89 2724 4718 3086 1876 4701 4396 1778 556 3397 2673 3211 2272 4190 4659 2524 1988 3900 2987 793 2972 3007 4735 1219 1666 2960 2610 2343 3742 3777 2895 1269 3738 916 3938 4479 4587 4358 4389 381 2940 2464 2812 1369 3155 4425 612 2913 2407 4650 2599 4924 1323 4834 1679 1645 2570 841 4794 2777 3388 4394 3598 938 3200 2062 853 3261 2645 2563 913 4562 3110 2263 1575 4817 3828 4535 3890 3362 4621 2647 1570 2769 2716 4775 356 1072 3056 993 2460 316 3331 1598 4574 4879 973 2780 669 1872 1476 1455 1883 3067 2213 1171 349 361 4247 51 1380 3505 4938 601 1302 4502 1892 1255 2979 255 812 409 4184 3924 342 80 360 1128 3644 847 4792 282 2544 3231 3896 1450 3648 2561 389 2819 4922 3739 1980 1244 4648 3630 1075 876 1504 3161 3977 2549 1985 369 1656 491 1630 2071 1053 3555 2022 4024 1223 4249 1739 3481 4283 4088 3719 2222 4737 1074 3885 68 3858 2337 1822 4750 4888 2983 545 1136 4373 2877 3003 257 1920 4191 3044 3471 3171 4379 4950 4331 2109 3201 2768 799 3495 3947 2380 1126 3316 3772 4877 4513 2507 2040 3584 1061 262 4845 172 4014 1079 367 521 1511 2385 2216 3073 118 1668 816 4826 2095 1791 1334 4251 2493 1081 3040 1275 4109 3831 2035 357 4530 4290 1615 3797 3713 4634 416 1163 1889 3657 2783 3889 825 3727 4393 1981 3189 3145 854 2583 2941 2394 4130 4451 659 3222 4870 2562 4851 719 4955 1130 2269 1084 2047 3165 647 1374 2795 2999 2398 2993 4892 4772 3278 1697 2446 154 4002 244 758 2778 426 1026 1432 1307 1055 4189 3255 2751 353 3078 3120 3448 753 3218 3879 3884 7 755 2614 3802 3980 1830 1242 1263 2807 2470 1247 2149 2986 1561 4925 4662 1563 4355 2246 420 1689 1119 1135 2629 946 4880 4350 985 4823 4497 256 157 1824 3878 2632 2989 2949 2767 2290 4553 1682 3248 907 2838 1266 3525 2393 3081 212 2973 327 2231 2057 2279 3634 2502 4138 3754 2455 3856 1209 3901 2211 2828 1090 2152 2301 546 232 1071 90 1278 919 1672 2234 1398 702 2282 926 2259 2084 4822 1478 1246 2045 3137 4919 4433 2472 1632 3082 2948 395 2458 686 2293 4585 2235 4732 3279 953 167 4874 884 1890 2525 1402 4182 4415 2618 3590 2172 1025 123 1678 639 700 4706 480 482 1004 1888 2517 2649 1803 2978 5 1502 3413 476 2287 2399 1871 3148 3409 4472 598 151 2471 1891 4566 4430 870 302 2208 1197 3791 3609 1073 794 4771 2451 1336 1489 1585 47 317 4627 2784 3911 1906 2323 187 218 199 4623 2245 499 614 2181 1964 26 2503 3014 2758 4751 211 638 1023 2444 1070 1560 3926 578 2285 1542 4392 3710 1222 2726 4218 1040 4811 1712 171 1241 1500 3439 2533 833 4315 1251 220 892 1215 2968 70 2042 1710 3876 2924 2187 1797 3690 2193 145 4805 1329 190 1532 2552 3058 146 3226 2704 4027 4976 1932 3521 4664 1243 2869 1468 1444 2389 1792 329 363 250 497 4608 4195 909 565 4557 335 3116 4266 1152 2171 1820 4517 3136 1239 4486 2906 3469 1309 2564 914 398 548 4688 364 4600 4313 4759 978 3888 673 3784 3835 1620 1750 1322 4112 4493 28 2497 4970 3365 4777 3670 541 1529 3723 933 1765 1308 1557 2732 122 297 4345 1087 3412 4695 3475 976 4044 2782 4758 478 334 3179 3923 3946 4471 1565 2734 3294 4470 2849 897 4496 997 2423 29 259 731 1330 3304 630 2155 4101 4081 684 2969 3491 4708 4407 3099 323 879 1048 2068 2721 3779 54 3601 1720 133 3190 4943 1032 493 935 1311 775 2827 4353 374 3767 3789 2242 4661 1111 3402 4211 3699 4721 4910 3425 3499 1933 1628 576 815 2401 2858 371 3600 4171 3061 2850 1653 235 2331 4626 2184 2067 1508 1176 1159 2786 1900 1897 4815 2198 3087 4068 615 1977 3633 2888 1284 1799 1567 1525 3166 798 3457 1417 4086 2555 3603 40 6 2338 3366 4974 1967 3018 568 3702 1877 2192 2309 1962 2744 555 1801 2376 249 2433 4607 773 2217 2474 4495 2900 3034 1445 2041 3055 3298 3837 4063 4159 4094 1659 4125 4490 1076 1726 13 1905 3548 4466 59 3455 1517 3516 2277 4743 1862 3247 1353 3479 1887 1397 4665 764 2686 1037 3376 4810 1385 4839 4571 4649 2445 972 1188 401 1711 2427 2438 3533 1700 3021 705 2857 3438 2079 4560 1475 4905 4507 3399 2382 3430 2452 2887 781 4842 2183 3053 4757 1387 2498 3745 267 4609 4559 593 2090 3437 4370 3833 1818 1065 1740 3706 4913 516 3860 1024 3816 1399 4145 441 849 105 2336 112 1715 4237 4458 1686 4920 2468 3675 3287 439 2268 1371 2840 3773 192 1853 3792 3243 4975 3576 2016 4672 2015 3580 3916 1597 319 2621 1548 783 4234 2353 1828 85 1054 1364 4403 1603 4050 4979 4452 1934 31 880 2009 3568 619 3935 1764 2540 3025 2594 862 3356 3614 2373 2977 1501 3845 1252 4453 848 3804 3912 2699 275 1701 3386 717 3091 542 2601 4408 2741 3628 1438 3744 3370 3378 2137 988 1595 4177 2305 472 4916 4724 2864 1619 3658 160 611 4274 4151 4306 1424 1849 4524 2409 550 1168 214 3398 3855 2581 522 442 127 1833 1881 1753 924 4310 605 4666 170 321 2404 3826 4534 2317 4155 1459 4207 3995 345 2440 4909 4504 4628 2529 3504 4174 4213 1795 2929 372 1092 692 3498 4104 3743 3023 1513 701 4033 517 1963 1588 4601 2907 2421 1267 4620 1331 410 3599 14 2098 4215 820 1103 4216 944 153 2616 186 1913 1732 61 440 1147 2607 4599 3765 633 1661 4434 754 1433 3227 1091 2816 4233 624 4604 2996 2418 1827 310 148 496 2224 3920 3509 344 4454 2429 4704 4097 393 4127 4596 2995 2361 4703 247 1543 4512 527 3546 1857 3827 2625 1537 3138 4586 45 1217 1935 1865 3141 622 950 2496 3667 3446 2233 4386 1416 3344 4825 4193 865 3632 2403 4503 1148 1642 3338 3534 311 1350 4914 4967 137 4197 1654 1589 4891 963 580 1394 2050 3181 4993 2283 4447 3293 3113 2419 575 1785 724 4120 608 1170 4514 1951 2021 1810 2546 492 378 110 1609 1014 3308 2578 785 3877 587 2842 1198 2485 1587 1477 743 2615 3528 3042 23 3626 4488 4111 4448 2791 4335 2646 1210 4936 3234 3052 4270 3468 817 2967 1227 2156 2761 3740 3669 1157 1948 4584 4318 3624 2727 4114 3020 3859 4911 245 3264 3518 3152 2136 2964 1351 3653 4785 3689 1773 3812 1695 1571 4400 1356 3215 937 3320 2793 2706 3942 3295 2821 1189 4647 595 3917 4156 720 4515 1312 4015 3426 4265 4354 3874 3146 3722 2725 931 1056 834 73 458 4986 2273 709 4545 1403 1326 2017 96 4474 1144 4867 506 270 223 3016 2481 3403 1882 2265 3715 1837 3807 264 236 2207 4868 861 4352 4856 3343 602 3238 3303 4999 629 2377 3408 2318 2326 2587 2096 2073 4426 238 2804 2881 691 39 3934 842 3663 723 1221 3553 3129 3649 4477 4304 809 1685 3672 4383 2070 3511 4687 4550 3000 466 3167 1869 868 97 3237 1911 4578 4796 1408 4134 1482 3749 274 1733 3836 1572 3962 2082 3774 996 143 1874 4268 990 1819 1390 1973 2912 737 3972 1576 2103 2755 3943 1321 3781 2788 3063 928 4690 2302 715 1639 1808 786 1855 4429 4795 2894 2350 3394 3621 3544 2134 2362 284 161 1901 3154 114 234 3825 2408 706 3192 495 2116 3322 3041 2306 2406 387 852 4861 1016 4113 1498 3893 1510 4501 2936 864 2947 4747 4558 1735 4105 2275 3786 4341 2092 2044 856 3271 287 2130 2457 2339 4203 2151 484 1937 1423 4214 2154 3629 4102 4421 1859 2818 1564 4321 1011 189 4085 3092 3588 4848 288 3051 2600 1409 2239 2801 4799 2776 3004 4953 3206 4895 710 2118 762 1580 1766 567 2078 557 3005 3757 2366 3182 1515 2341 3350 1361 4449 2550 2770 1798 130 3489 4543 2298 3759 347 866 2535 3351 1258 4381 4194 2961 1442 3651 714 1640 4500 1080 3547 489 4106 872 4641 3015 2113 49 2876 3314 2789 1545 3992 64 2711 427 4316 4693 3625 222 771 4096 3952 2463 3038 1179 4133 2490 4071 1185 203 2177 1725 3867 3705 2013 3647 4291 2491 2278 3581 2576 570 4935 2291 3250 4918 4342 2671 4846 2762 2596 1414 150 2055 1191 2836 1328 766 3451 958 3680 129 2745 2052 4668 603 4740 2560 1847 1990 1346 4000 828 4137 1568 3160 2994 164 4917 69 2937 4702 4264 3535 878 779 1949 4520 2065 1559 1462 2695 1105 4968 1491 1983 688 579 4652 668 1057 272 4206 3256 2088 3477 606 1277 4263 2253 94 4860 1183 1393 1229 4538 4987 3225 4117 2005 1998 3602
2 3946 1310
3 3352 4422 956
2 3051 2672
2 696 2254
1 696
2 696 368
1 3352
2 3352 4780
1 696
1 696
1 3352
3 3352 2251 2075
3 696 4320 1861
2 696 3131
2 2109 4636
2 4042 3064
2 3352 4697
3 696 2946 3203
1 696
1 3352
2 696 4169
2 4752 1192
2 696 2602
3 696 4542 2708
2 3352 502
1 3352
3 696 1125 4681
3 696 2875 4667
2 3352 462
2 327 1339
2 3352 78
2 264 3140
2 3468 4154
2 255 4410
1 696
2 3352 738
1 3352
2 3352 4499
3 3352 3925 4505
2 1920 3541
3 696 4972 2297
2 136 732
2 3352 4348
2 236 4699
3 3352 3267 10
2 2937 165
3 696 1775 2003
2 639 1768
2 3352 1141
2 4191 4253
2 1830 3311
1 3352
2 1517 2764
2 696 1474
2 3137 583
2 1032 3726
3 696 562 1606
4 696 1388 3813 2032
2 696 2000
2 1191 1265
2 3980 21
1 696
2 4373 2681
3 3352 3615 2008
2 3352 4136
1 696
2 321 4684
1 696
2 2468 1260
4 696 1237 3382 3317
2 476 4432
2 319 681
4 3352 1894 1165 2162
2 3023 3937
1 696
2 3547 2984
1 696
2 1869 930
1 696
5 3352 3431 3062 2447 2129
1 3352
2 4924 330
3 696 4977 2829
2 580 600
2 696 4072
2 4389 995
3 696 139 1499
2 542 4446
1 696
2 696 2634
2 3352 434
4 3352 4833 1421 3487
2 3352 4167
4 3352 4325 4580 2658
2 1964 893
1 3352
1 696
1 696
3 3352 1046 1669
2 1092 3252
2 3876 890
2 696 4671
1 696
3 696 227 2075
4 3352 1731 2038 2281
1 3352
2 3352 1787
2 3352 1707
2 2888 2089
2 3421 402
2 3352 304
2 3352 952
1 696
2 2629 3452
2 3352 2589
1 696
3 3352 1634 3870
2 3599 1584
2 696 3691
2 696 3482
2 696 443
2 3352 2237
2 4490 620
2 696 2143
2 3352 346
1 3352
2 387 2537
2 1152 32
5 696 4525 2582 658 2878
2 3352 4940
2 3352 1383
1 696
2 1403 1204
2 1589 561
2 302 1658
2 4415 4455
1 696
3 696 111 599
2 3020 2603
1 3352
2 187 3135
2 3352 2011
2 3848 3787
2 3352 2372
1 696
2 696 502
3 3352 3736 4029
2 3352 169
3 3352 2882 508
1 3352
1 696
1 696
2 696 98
2 3222 431
2 2095 4533
1 696
1 696
1 696
2 3352 41
2 696 4162
2 1459 4793
2 1882 35
1 3352
2 1188 2
1 696
1 696
2 244 3385
2 696 3557
1 696
2 696 3054
2 1695 3502
1 696
2 913 1386
2 696 271
2 1859 2356
3 696 2204 226
2 3352 4049
2 2877 2476
2 2353 4388
2 696 1986
2 1837 3230
1 696
2 696 445
2 696 1506
2 4138 1019
2 3352 452
2 4877 3539
1 696
1 3352
2 2529 3752
2 3005 3819
2 4559 3353
1 3352
2 3352 797
2 3609 2714
2 696 376
2 3352 791
2 26 4364
2 4503 3291
2 1598 2410
2 696 1955
2 410 1389
2 656 509
1 3352
2 1302 4338
2 1312 1793
2 1988 4598
2 2645 4764
1 3352
2 1048 4069
4 696 2693 586 4644
4 3352 4095 2313 2400
2 696 375
1 3352
2 1977 3820
2 3338 4178
3 696 4287 869
2 696 3284
2 4194 1467
1 696
2 696 457
2 2446 2851
2 696 4025
2 4877 4115
1 3352
2 2564 1768
2 1308 4236
4 696 1289 2229 3782
2 696 1151
1 696
2 3352 4208
3 696 1721 2856
2 3352 2214
2 3352 774
1 696
2 3352 1663
2 696 1592
2 3352 4052
2 696 3305
1 3352
3 696 3224 508
2 696 4858
2 3352 3788
4 3352 3527 4226 2674
2 1374 2522
1 3352
2 3599 3597
2 696 952
2 2552 621
1 696
2 4109 3494
2 3352 333
1 3352
1 696
2 2594 1676
2 944 808
5 696 3587 415 1490 1190
3 3352 2800 4722
2 369 4533
2 4891 698
2 357 11
2 696 3212
2 4777 3128
2 4112 3381
4 3352 1474 4660 4679
1 3352
2 696 1729
2 3352 25
2 2755 3194
2 4666 3808
2 2268 2681
1 3352
3 3352 2467 1742
3 3352 241 226
1 696
1 696
3 696 538 4030
2 3352 471
2 4490 2387
1 696
3 3352 3704 2367
1 696
2 3352 3340
2 3629 487
2 1432 4680
2 1147 2164
3 3352 2545 4055
2 1244 1479
2 696 2802
2 3352 2413
2 4861 2613
2 696 3921
2 1416 3686
2 696 3485
1 3352
2 427 2436
2 696 2547
2 3352 2191
4 3352 2420 782 2003
1 696
2 696 4691
2 484 1760
2 3352 1914
2 334 2210
2 2560 3392
2 1615 2765
2 2596 2058
1 696
1 3352
1 3352
1 3352
3 3352 676 1097
1 3352
2 4024 2620
2 696 285
2 259 4153
2 1076 4367
3 696 2837 1641
2 4839 3864
3 696 3559 1460
2 1525 2926
1 3352
3 3352 2886 881
3 3352 1031 4546
1 3352
1 3352
2 696 4580
2 696 1530
2 696 1273
5 696 2178 2633 4348 1262
2 4290 600
1 3352
2 2279 4267
2 1239 3236
2 235 1020
3 696 4865 752
4 3352 1979 3017 4110
2 270 3220
2 3352 3755
2 2491 687
1 696
2 3352 2622
2 4559 2426
2 696 2628
2 3352 4681
3 3352 33 107
4 3352 152 2215 1657
2 3660 2218
1 3352
2 4101 795
2 2594 2824
2 696 906
1 3352
3 3352 3965 4210
2 4530 3887
1 3352
3 696 4139 1954
2 696 3346
3 696 1894 4554
2 696 3374
5 696 584 2142 19 3144
2 4703 2479
2 3352 2692
3 3352 93 3274
3 696 1122 2771
2 2673 2369
3 3352 586 206
2 3352 2122
2 696 1896
2 3352 2297
2 3352 1690
2 1874 1533
1 3352
1 696
1 696
2 696 531
2 696 414
1 696
1 696
3 696 1013 3638
2 1432 1793
2 4109 3472
3 696 4147 2146
2 696 25
2 696 36
1 3352
2 4268 1755
1 696
2 3670 558
1 3352
1 696
2 578 4442
1 696
1 696
1 696
5 696 796 147 2515 1303
3 3352 139 3512
2 122 3183
1 3352
2 3352 2856
2 630 1008
2 691 4254
1 3352
2 3278 3954
2 3352 4707
4 3352 394 3873 1505
2 696 2918
2 4358 3752
3 696 3164 2434
3 3352 1717 1722
2 3739 1156
2 4353 1834
2 3600 574
1 3352
3 696 462 183
2 3352 196
3 3352 2921 4639
2 3580 2824
2 1475 2053
3 3352 2677 4731
2 3352 2848
3 3352 2883 3273
1 696
2 3352 1544
2 2989 4713
2 1061 3635
3 3352 4921 2031
2 3626 3979
2 723 640
3 696 1318 4715
2 2529 3652
2 696 4397
2 2463 504
2 696 4058
3 3352 2437 3939
2 372 4459
2 4892 3199
2 3352 1942
2 696 2220
2 696 241
2 2068 4803
2 3352 1194
3 3352 4761 3281
2 2758 3476
2 3889 745
2 3352 2572
2 3352 27
2 696 3416
2 3352 3515
1 3352
2 696 982
2 696 1781
1 3352
2 4911 3336
2 925 3107
5 696 1625 824 569 4411
2 1476 1363
2 3352 1373
2 3352 1718
3 3352 1107 3144
1 696
2 212 2736
2 696 3105
2 2625 3973
2 3352 4187
2 3352 3066
1 696
2 3352 4028
2 3884 769
2 4130 4118
2 2855 1287
4 696 1201 2200 1947
2 1803 2815
1 696
1 696
2 3352 2602
2 3394 3445
1 3352
2 3352 1694
3 696 2702 3704
2 361 1982
2 527 2043
2 696 4217
1 3352
2 3352 2384
2 3352 2951
2 696 2202
1 3352
2 696 1220
1 3352
2 4111 4988
6 696 860 3372 1601 1200 4240
1 696
2 953 4713
3 696 2512 756
2 3352 718
3 3352 3969 3729
2 189 1138
3 3352 470 1301
2 4702 1938
3 696 2997 2754
2 696 3763
2 3352 4397
2 1188 2531
2 1168 573
2 614 3210
2 2427 2681
2 3352 829
2 3934 182
2 545 3147
1 3352
1 3352
2 696 4689
1 696
2 4545 1969
2 3294 4509
2 3352 1926
1 3352
1 696
2 3234 3986
2 696 2486
2 3352 3605
1 696
2 1185 4638
2 696 254
1 696
3 696 2209 3540
2 2052 551
2 3352 4465
1 3352
2 696 4028
3 3352 2029 419
3 696 3748 306
2 236 695
1 3352
2 3352 2316
2 2070 4638
2 3352 4774
1 3352
2 4014 4959
2 766 2330
2 633 4087
2 696 1030
1 3352
2 696 4483
1 696
2 696 4271
2 696 984
2 3326 2787
2 696 4022
3 696 2140 126
1 3352
3 3352 2863 4072
1 3352
1 696
2 696 1301
2 3352 1842
1 3352
2 696 76
1 3352
1 3352
2 696 3692
3 3352 88 679
4 3352 765 1555 1377
2 1374 1379
2 1026 2916
2 696 4226
2 4042 2119
3 3352 3085 756
2 696 1464
3 696 2077 3387
4 3352 4209 4025 91
2 696 4210
2 4634 574
2 2704 1386
2 3352 3345
2 1025 1751
2 3352 4259
1 696
2 247 2210
1 696
2 696 3790
2 3352 4175
1 696
2 1356 1288
3 3352 1794 4788
2 4000 3405
1 696
2 1666 4254
2 4120 3686
2 3352 1167
3 3352 1281 1846
2 924 4036
1 3352
4 3352 4927 3814 572
2 3352 341
2 2906 2930
1 3352
2 3812 3090
1 3352
2 696 4630
3 3352 1802 3963
1 3352
1 3352
2 1252 1195
3 696 1434 901
2 1092 3822
1 3352
2 696 2554
2 3352 536
4 696 4378 3899 2689
3 696 4019 923
2 696 3349
3 3352 697 2036
3 696 582 661
2 696 902
2 3352 253
3 3352 3583 4199
2 4403 2442
2 157 4509
1 3352
2 1126 3541
2 3352 3095
1 3352
3 696 2835 3512
2 696 3422
3 696 4330 3582
2 1557 3898
2 3468 3937
1 696
2 2385 2100
1 696
2 696 2965
1 696
2 696 2487
2 2095 4678
1 3352
2 696 2925
1 696
3 696 1359 563
3 3352 2917 2794
2 372 4428
2 3352 726
3 3352 4427 4395
1 3352
2 2021 2288
2 3860 3829
1 3352
1 3352
1 696
2 3727 3741
2 3352 3462
2 3352 2499
1 696
1 696
2 1872 1959
2 696 1657
1 3352
1 3352
3 696 4577 1281
2 2341 4692
2 3352 2196
2 1336 4728
3 3352 2289 4241
4 696 1484 4343 4637
2 3630 2703
5 3352 2466 1400 1153 481
4 696 4365 4890 2792
2 4112 1868
2 4757 453
2 278 3496
2 1778 4869
1 696
2 527 2650
2 696 4677
2 3505 4254
2 3075 1154
4 696 2430 941 1261
1 3352
2 673 2984
2 4285 1260
3 3352 4978 273
4 3352 3337 3422 1261
1 696
2 3352 271
2 3468 4066
2 2268 827
1 3352
3 696 3507 4437
3 3352 1271 869
1 696
2 754 3033
2 3352 898
2 696 3458
2 3633 1975
1 3352
2 696 2530
1 696
1 3352
2 1402 3780
2 696 3001
1 696
1 696
2 3152 1363
1 3352
2 696 1396
2 696 829
2 3917 1991
2 4389 3460
1 3352
2 595 3090
2 696 1943
2 696 4756
2 2616 3463
1 3352
1 3352
1 3352
1 696
3 3352 1966 2759
3 696 989 4334
2 696 2931
3 3352 560 3284
1 3352
1 696
2 3835 788
1 3352
2 696 1523
1 696
2 3352 359
1 696
2 2235 2678
2 3352 4275
4 3352 3390 2901 3569
2 2647 3039
3 3352 4926 4289
4 696 981 1077 3579
1 696
2 1302 558
2 2109 4804
1 3352
3 3352 2204 3258
1 696
2 4703 3966
3 3352 4519 4311
3 3352 4632 2652
2 696 2635
2 1892 3069
1 696
4 696 2166 3661 4077
2 3505 4272
4 3352 4709 4013 547
2 4429 4622
1 3352
1 696
2 3352 3536
1 3352
2 3087 1463
2 1557 3240
4 696 1717 2425 1942
2 3352 2229
1 3352
1 3352
3 696 1503 857
2 1016 4995
2 4127 4006
2 696 1480
2 3352 1453
2 1266 1708
2 3352 4108
2 4151 324
3 3352 915 3084
2 696 4820
2 3352 3795
2 2423 4297
2 3091 2611
2 3206 17
1 3352
2 750 961
3 696 188 1115
3 696 651 1153
2 696 2374
1 696
4 3352 2835 671 984
2 1462 326
2 3087 62
2 696 2432
2 4687 251
2 1361 561
2 696 4505
2 4454 2346
2 2821 2638
3 3352 3959 2378
2 696 2896
2 953 2930
2 696 8
3 3352 1 4339
3 696 4275 2720
1 3352
2 3352 2028
2 3352 1996
1 3352
2 696 2943
2 783 2728
1 696
1 696
3 696 1970 2712
2 1459 4730
1 696
2 2972 1102
2 880 2954
2 3900 3852
4 696 2901 654 1669
2 2083 681
1 696
1 696
2 146 4439
2 696 4816
2 3352 4084
1 696
1 3352
2 696 749
2 47 3594
2 3352 4738
3 3352 98 4536
2 3352 200
1 3352
2 1423 3881
2 692 3681
2 696 1017
2 2906 3089
2 1739 483
2 3200 4539
2 696 3324
2 1024 1744
1 3352
2 696 2347
3 3352 689 1068
2 3352 4844
3 3352 4862 4357
2 3779 3731
2 696 4885
2 3352 3131
2 476 2966
1 3352
1 3352
3 696 4862 4481
1 696
2 2216 1120
2 696 610
2 1973 2106
2 2977 3114
1 696
2 3352 1633
2 3352 2633
5 3352 3718 376 1880 4716
2 3352 3374
2 4938 3940
2 1837 2541
2 1882 1260
2 2155 4946
3 696 1454 1324
2 2457 113
1 696
2 696 566
4 696 4696 2623 3591
2 2065 391
2 696 3537
1 696
2 696 4055
2 3352 242
2 696 3251
1 696
2 4559 4907
3 696 554 1885
4 696 4223 676 286
1 696
2 498 4778
2 3352 2329
1 696
1 696
1 3352
2 4687 3383
1 3352
1 696
2 4071 1834
1 3352
1 3352
2 3352 814
2 696 2738
1 3352
3 696 4927 4915
3 696 3048 2799
3 696 3941 830
2 4171 2519
2 2067 694
2 933 2541
2 3352 524
1 3352
4 696 2248 3823 1958
3 3352 3112 4644
1 696
4 696 4990 896 3254
2 4341 3236
2 2096 2914
2 1188 3327
2 4195 4262
2 696 4205
2 3352 2766
2 129 4314
2 753 3108
2 4661 695
3 3352 2506 248
1 696
1 3352
2 378 3002
1 3352
1 3352
3 696 44 3487
2 696 1002
2 3896 2593
2 3352 2523
2 3352 4923
3 696 2411 3678
2 696 4013
2 3352 529
2 2498 1893
2 3689 2558
2 3680 2637
2 1152 2150
2 4342 2280
1 3352
1 696
2 2083 4984
1 696
1 3352
2 696 3863
2 4268 1549
2 2092 813
2 2005 3187
2 696 4473
2 3148 2280
2 3352 4806
2 696 1972
1 696
2 1014 4678
1 696
2 3660 3106
2 4113 391
1 696
2 2207 1823
1 3352
1 3352
2 2497 3607
2 3934 289
1 3352
2 4213 3143
1 696
3 696 547 2598
1 3352
2 696 3708
2 1353 1043
3 3352 1705 831
3 696 2051 2175
2 3352 4746
3 696 3631 2304
4 3352 635 3048 63
2 2964 932
2 4693 3124
1 696
3 696 1285 2412
2 3352 76
1 696
2 1508 795
2 3352 3346
2 3468 4835
3 696 3730 2129
3 3352 4603 9
2 180 4026
2 3833 4116
3 3352 2539 951
1 3352
2 696 1846
1 696
2 3352 1687
2 2092 2325
1 696
2 3352 3830
2 3351 2654
1 696
1 696
2 3425 1680
1 3352
1 696
2 2887 1067
2 4514 246
2 4870 2260
1 3352
2 2409 1175
4 696 338 867 359
2 3352 2753
2 696 1705
1 3352
1 3352
1 696
2 696 4632
1 3352
2 2403 3276
1 3352
2 1697 1658
2 3739 4728
2 2362 804
4 3352 1464 4489 3582
3 3352 3693 3803
2 696 3963
1 696
1 696
3 3352 315 2829
2 3352 2007
2 696 3384
2 395 3982
2 1455 1106
2 4392 1155
2 3052 2387
2 696 3993
2 928 2874
2 363 1106
2 4383 2359
1 3352
2 696 101
2 696 9
2 3044 2526
2 160 2588
2 963 4051
2 3092 182
2 2849 801
3 696 2609 2950
3 696 4457 2390
4 3352 3746 2974 209
1 696
2 3352 4
1 3352
2 1849 22
2 696 1527
2 696 4427
1 3352
2 2399 969
2 578 202
3 3352 2534 1530
2 2850 2679
3 3352 4010 2548
2 4145 3183
2 170 3180
2 2068 3846
2 696 4404
2 3352 1273
1 3352
1 696
2 3352 2030
2 3352 1083
2 3890 4784
2 3554 3443
2 3590 3373
1 3352
4 3352 4035 2304 998
2 4138 3503
1 3352
2 3352 4605
3 696 1805 4832
2 696 4
1 696
1 696
5 3352 2140 744 3292 922
2 2279 55
3 3352 4658 443
2 3352 2896
2 611 2846
3 696 2329 4465
1 3352
2 743 4745
2 3352 2590
2 3352 4414
3 696 4572 1368
2 2341 2897
3 3352 4412 1835
2 1148 3734
2 624 4521
2 3352 3411
2 4672 3539
2 696 3990
1 3352
2 3225 803
2 3352 4327
2 2960 3760
1 3352
1 696
1 696
3 3352 902 1077
2 39 1282
2 696 3564
2 3218 553
3 696 4075 4901
1 696
1 696
1 3352
1 696
2 4817 1298
2 696 1169
2 2136 4048
2 1764 4680
1 3352
1 3352
1 696
1 3352
3 696 2111 1831
1 3352
3 3352 3268 4511
2 1906 2670
2 3352 4457
2 3757 461
3 3352 3998 4816
1 696
1 696
2 696 2357
1 696
2 3352 3834
3 696 3074 4618
3 3352 1646 428
1 696
2 696 2158
2 2610 4635
3 696 4742 2760
1 696
4 3352 641 4827 2814
3 696 747 3400
2 1810 4186
1 3352
2 696 4951
3 3352 1108 1581
2 2136 1780
3 3352 3050 3832
4 696 877 4673 1554
2 4650 2091
2 3352 2202
1 3352
2 3352 528
2 3900 1253
2 3352 661
2 2995 217
2 3352 3849
2 1678 1288
1 696
2 3352 3526
2 696 1738
4 3352 2262 2575 2963
2 3352 2797
2 3352 4287
1 696
2 259 4563
2 696 2416
2 3352 4797
1 696
1 3352
2 696 871
1 696
2 709 2456
2 696 3687
1 3352
2 3352 626
1 696
1 3352
2 2907 2356
3 3352 1365 2737
4 696 4168 2488 774
2 171 520
1 696
2 696 1352
2 4233 3861
2 696 1068
1 3352
1 696
2 696 178
1 3352
1 3352
2 2877 1551
2 696 3130
4 696 1555 230 858
1 696
2 3352 433
2 1570 4413
3 3352 643 2111
4 696 3735 1904 3636
2 696 665
1 696
1 696
2 696 4196
2 696 1443
2 3352 1622
2 1055 769
2 1981 3240
2 1065 3711
1 696
1 3352
3 3352 3071 577
1 696
1 696
1 3352
2 4033 3945
2 1887 2779
2 696 4705
2 696 1813
2 458 402
2 3352 4807
1 3352
1 3352
1 696
2 4341 2176
1 696
2 356 999
1 3352
2 3352 4099
2 3352 4516
2 3352 3254
2 3352 4768
3 696 201 736
2 4218 3328
2 3352 4506
3 3352 3701 2167
2 3352 4782
2 495 3381
2 2301 1213
1 696
1 3352
1 3352
1 3352
1 3352
2 696 4906
3 696 3991 3274
1 696
2 696 534
2 3489 4928
1 696
6 3352 2439 2178 1196 86 3974
2 3352 2412
1 3352
1 3352
2 1455 1134
2 1408 4744
2 3352 280
2 4724 116
2 2610 4031
2 1168 173
2 696 2321
1 696
2 2298 1965
4 696 2800 3615 2397
2 2259 2722
1 3352
2 1053 4123
2 897 4406
2 4379 3217
2 3206 3282
2 1595 4020
4 3352 3123 1352 175
2 164 4590
2 2632 2853
4 696 3619 2919 4489
2 696 4978
2 696 791
3 3352 554 1950
2 656 1415
2 696 2266
2 4138 125
2 3352 1211
2 1502 3175
2 3215 3114
2 1639 4821
4 696 2061 4806 1546
2 3352 3823
4 3352 4129 4831 1391
2 3352 4575
3 696 299 911
1 3352
2 274 1033
3 696 2569 4328
2 696 1895
2 3352 1177
1 696
1 3352
1 696
2 876 3460
2 4038 4814
2 696 903
2 3352 4858
1 696
4 3352 4890 3967 1404
1 3352
2 3352 227
2 696 2805
1 3352
2 3869 1496
1 3352
1 696
2 3352 592
2 755 4468
3 3352 4726 4653
1 3352
2 743 995
2 673 2255
2 696 1635
2 3120 3646
2 2343 1714
2 673 760
3 696 3010 4132
3 3352 2093 3449
2 2234 838
3 3352 532 358
2 696 4546
1 3352
1 696
1 696
1 696
2 4094 3892
2 4757 279
1 3352
2 696 1342
2 696 4791
1 3352
2 150 3272
2 4452 4866
1 3352
2 395 2962
2 2421 1495
2 4574 1228
2 3250 1754
2 556 1123
2 754 3057
2 3271 2824
2 3653 3562
2 696 4049
2 3632 1310
2 381 2691
2 3078 801
2 3352 3949
1 696
2 696 2852
1 696
4 3352 4484 1178 3219
1 696
2 696 2228
2 3352 4062
2 696 4824
2 369 2218
2 3624 251
1 696
2 1659 2448
2 696 1224
5 3352 2982 4021 3309 1115
2 4106 3463
1 696
1 3352
3 696 407 4232
3 3352 1003 4781
1 3352
1 3352
2 1973 3445
1 696
2 23 2431
1 3352
2 696 1562
2 3352 4966
3 696 4399 1591
3 696 1137 1749
2 2406 56
3 696 1233 4029
3 696 2447 2683
2 647 3204
1 696
2 3352 610
2 800 708
2 4845 251
2 1267 4615
2 696 3022
3 696 3 2927
2 3352 3100
2 3352 2688
3 696 102 2094
3 696 1509 1629
2 696 4282
2 4321 3341
2 3947 4753
2 3352 4365
2 696 2482
2 3352 805
1 696
2 3352 1838
4 696 1634 4761 1681
2 624 2010
2 2082 4961
4 696 4957 851 1332
2 696 1600
2 3352 3096
2 696 66
2 3448 3880
3 3352 2267 1327
1 3352
3 3352 4022 3903
2 696 242
2 3352 3716
5 3352 2790 599 290 4691
5 3352 2241 1546 4464 4320
2 3041 4588
2 3146 4625
3 696 711 1435
2 3568 21
2 1810 1886
2 568 3565
2 696 3907
2 3689 2847
2 3075 3252
1 696
2 3352 3654
1 696
2 3352 1264
2 4266 4945
2 2618 2588
2 4193 1064
2 3052 4965
2 4641 4980
2 3352 4937
2 3352 4271
1 3352
2 4306 2559
2 1672 776
1 696
1 3352
2 4708 4812
1 3352
1 696
2 3352 163
3 696 1804 1835
1 696
2 3603 3910
1 3352
2 1247 1768
2 4313 3731
2 1057 2521
2 820 3285
2 638 4945
2 3352 3213
2 1079 243
2 3647 2608
2 2552 4260
2 696 3345
2 3352 1625
2 696 4755
1 696
2 3352 285
2 696 396
2 696 1556
1 696
2 3352 3671
2 1825 3377
1 3352
1 3352
2 3352 2528
2 2769 769
3 3352 84 3610
2 3352 982
2 4834 4657
2 1445 4946
2 692 1923
2 3667 437
1 3352
1 696
5 696 4091 3006 4592 2612
2 696 206
1 3352
2 4888 2932
2 1659 2717
4 3352 3024 4594 1912
1 696
2 1026 1938
1 3352
2 3352 3906
4 696 58 671 4762
1 3352
2 696 3126
1 696
3 3352 4181 354
1 3352
1 696
2 3352 3891
2 3352 3622
1 3352
2 3477 994
1 696
4 696 3728 4099 2957
2 4472 3187
1 3352
2 602 1358
1 3352
1 696
1 3352
2 1168 3419
2 2877 3033
2 1183 1839
1 3352
2 872 1437
1 3352
2 3719 155
6 696 4881 1646 3088 315 2351
1 696
2 1223 3494
3 3352 1276 1000
3 696 3030 4780
1 3352
1 696
2 493 929
2 4571 1043
3 696 3290 1544
2 696 4575
4 3352 1044 2048 3571
3 3352 3030 181
2 1135 3194
2 2741 4020
2 696 635
2 2996 514
2 696 328
1 3352
2 3352 2640
2 4458 336
2 2045 4684
2 924 1456
2 2563 2522
2 696 3095
2 3352 3794
1 696
4 696 4256 4017 2011
5 696 3008 4548 1427 2303
2 3352 3978
2 3014 818
3 3352 4440 2740
1 696
2 14 3766
2 3438 2106
2 696 4057
1 3352
1 3352
1 696
1 696
3 3352 564 4887
2 1595 2280
2 3352 3560
2 673 4048
2 3295 708
1 3352
1 696
2 700 681
2 3352 2004
1 3352
1 3352
2 3352 3968
2 696 1952
3 3352 4478 1692
2 696 107
2 4553 1850
1 696
2 3352 4885
1 696
2 1967 2299
2 2438 2100
3 696 1383 967
2 696 3755
2 334 4692
1 696
2 696 2630
1 696
2 2912 2817
2 696 3532
2 4627 4360
1 696
1 696
3 696 1029 1769
7 3352 1626 3507 2248 4319 3559 1637
2 2419 801
1 696
1 696
2 14 42
1 696
2 3670 2865
2 696 4150
2 3352 1342
2 2472 1360
3 696 4175 83
3 696 2534 413
2 3352 654
1 696
2 3352 4261
2 2751 2714
4 3352 3841 3474 3029
2 737 1066
2 696 1950
4 3352 2510 2266 2683
2 3826 0
2 696 1926
1 696
2 2235 2526
2 1661 1760
1 696
2 696 3474
2 3078 4153
3 3352 4419 2475
2 696 350
2 696 4797
4 696 4937 4187 4669
2 4874 366
2 3773 908
1 3352
2 3352 3737
2 614 1232
1 696
1 696
2 2983 4420
2 3352 3899
2 1948 4257
1 3352
2 696 3289
2 3352 3289
2 3352 1681
2 696 2674
2 3352 403
2 3352 4577
2 1773 1574
2 3352 1237
1 696
1 3352
2 3469 4971
1 3352
1 3352
1 696
1 696
1 696
1 696
1 3352
3 696 1357 1779
3 3352 3103 318
3 696 2007 3070
2 3727 3937
2 3023 348
3 3352 1486 306
2 1532 2655
3 3352 3748 3244
2 3777 3646
2 696 4303
2 2207 4260
1 3352
4 696 4941 3486 875
1 3352
2 2996 4443
5 3352 4152 871 1867 184
2 1819 4302
1 3352
2 3352 1723
2 3352 3360
1 696
2 696 1707
2 257 4329
1 3352
2 2864 2573
1 696
2 466 977
2 2704 4565
2 3352 1062
2 3901 2414
2 2995 3733
2 601 840
2 696 4614
2 1477 3183
2 3352 328
1 696
1 696
2 440 1488
1 3352
1 696
2 3413 3107
1 696
2 4189 3214
2 47 1181
2 696 1327
4 3352 3619 2571 3668
6 3352 1719 975 3178 3970 2482
2 3352 2536
1 696
2 1733 4185
1 3352
2 3658 3156
2 696 3462
1 696
1 3352
2 3161 4160
2 1951 2417
1 696
2 696 1742
2 344 908
1 696
2 3352 2434
2 696 1703
3 696 4516 3684
2 2828 225
3 696 2589 2069
1 696
1 696
3 696 1694 2415
2 3352 896
2 1619 155
2 1666 1939
2 214 986
2 3352 2370
2 2409 3753
2 1855 4597
2 3352 2397
2 696 2719
2 696 2281
2 2460 995
2 696 2028
2 367 4087
3 696 1470 3424
2 127 4958
2 1455 2568
2 3352 1039
3 696 1203 3998
2 3352 286
2 696 4807
2 1374 4435
2 3352 2063
2 1482 3332
1 696
2 1105 2402
2 4648 2449
2 3352 992
2 4304 1131
4 696 2267 4561 100
2 2995 1938
1 696
2 3005 3323
2 3352 1315
2 3005 3578
1 696
1 696
2 696 918
2 2071 776
3 3352 4789 2051
2 3352 2435
2 3087 3381
3 696 3484 3545
1 696
2 3352 3150
1 3352
1 696
2 3352 1861
3 696 4441 1558
1 696
1 3352
2 696 2420
2 3826 2752
1 3352
4 696 3654 4781 1129
1 696
1 3352
2 2642 1363
2 148 969
2 696 765
2 426 2899
1 696
1 696
3 696 2834 2289
2 4860 3643
1 696
2 4626 2308
3 3352 4128 874
2 3609 405
2 3653 3336
2 3352 1058
2 3352 4853
1 696
2 2088 2387
2 3352 4201
2 3352 4282
1 696
2 1217 3031
2 1331 2638
2 1869 646
2 154 4547
1 696
3 696 1036 3659
2 3120 3724
1 696
2 2793 2717
3 3352 4645 3579
2 696 481
2 696 1649
2 696 1622
2 3350 1349
2 2578 4439
2 3352 530
1 696
3 696 645 4007
1 3352
2 3352 3709
2 3706 1608
3 696 2606 3768
2 3067 2718
1 3352
2 2781 2299
2 4861 3090
2 1191 3996
2 4795 4533
1 3352
2 1092 113
2 696 4741
1 696
2 3352 2742
2 3352 1590
1 3352
3 3352 2142 4933
3 3352 2230 941
2 4159 1617
1 696
1 696
4 3352 3257 2303 1727
2 3352 449
2 3715 2161
5 696 1127 653 3029 886
2 1393 4852
2 3352 1200
1 696
2 696 3077
2 2291 1744
1 696
2 3206 2388
4 3352 4399 823 445
1 3352
2 257 1676
1 696
3 3352 1592 1554
2 3896 298
2 3352 2693
1 696
2 4000 983
1 696
2 993 3013
2 4920 1746
1 696
1 696
2 3779 4522
5 696 945 2148 2841 4241
2 4604 3741
2 1305 4178
3 696 4707 3610
1 3352
2 2819 4360
2 3352 1623
4 3352 2128 3902 3662
2 696 1001
1 696
1 696
2 696 2230
3 696 2759 922
1 3352
3 3352 3342 3871
1 3352
3 3352 2425 4437
2 1980 4238
1 696
2 3055 2386
2 2600 1142
2 3352 2365
2 3705 4494
2 2977 1850
1 696
1 3352
3 696 2982 2500
2 374 3235
2 3409 3954
2 696 4499
2 825 596
1 696
1 3352
2 3759 3623
1 3352
4 696 3172 3794 4570
3 3352 2121 1728
2 2406 811
2 3621 1776
1 3352
2 3352 407
3 3352 1616 4992
3 696 1047 951
2 2881 4803
4 696 1003 3017 4464
2 3352 3163
2 1654 3574
1 696
3 696 2572 3961
1 696
2 719 1172
2 3352 835
2 3516 300
2 342 3265
2 2507 3953
1 696
2 3352 2147
2 1732 4257
3 696 1826 1946
2 3352 1471
2 2171 3236
2 3352 987
2 696 3280
1 696
2 696 1410
1 3352
4 696 2121 2921 2814
1 3352
3 3352 1010 2643
2 696 4149
2 2647 1038
2 1561 2932
1 3352
2 696 1160
2 696 3841
2 2967 4654
2 1040 514
3 696 3969 810
2 2272 4222
2 3352 3591
2 696 1961
2 1026 1550
2 786 3618
2 1442 3339
2 3173 4043
2 3352 1624
5 3352 2487 1487 3117 4032
1 3352
2 3099 2226
3 3352 3372 4212
3 696 2466 3488
2 4837 2620
2 4650 3132
3 696 3260 904
1 696
3 696 1430 2622
4 3352 4256 4542 649
2 696 2664
2 3352 1370
1 3352
2 2770 1441
2 3171 246
2 3352 1684
2 3352 2347
3 3352 4969 229
2 3352 383
2 4335 790
1 3352
1 3352
1 3352
1 3352
2 521 4522
2 2649 4565
3 696 4934 637
2 4585 3434
2 696 3655
1 3352
2 2973 2910
2 3352 1813
1 696
3 3352 3484 699
3 696 1062 2809
2 2326 940
1 3352
2 3352 19
2 4471 1116
2 3352 1427
2 3352 1745
2 234 386
5 3352 1203 4363 759 967
1 3352
2 2071 2299
1 3352
2 3352 2837
1 696
2 4935 3183
2 104 2081
2 1307 48
2 3314 525
2 3352 2037
2 2842 1059
2 907 2543
2 3352 2723
3 696 4629 3832
2 167 4896
2 3352 2735
2 3352 473
3 696 273 3840
1 3352
2 3352 500
2 1176 4896
2 3352 1362
5 696 3514 1271 3301 2368
2 3352 239
2 696 3355
2 3505 3093
2 720 4253
2 3352 3389
2 3352 4469
1 696
2 1502 231
1 3352
3 3352 2295 891
4 3352 4671 3080 4467
1 696
4 3352 2950 2494 2175
3 3352 2508 523
2 2418 4866
2 1493 677
2 696 3798
2 3352 1952
2 118 2694
2 696 456
1 696
2 696 3268
3 696 3117 229
3 3352 1499 2825
1 3352
1 3352
1 3352
2 696 3666
2 244 4016
2 696 3302
2 129 2697
2 3352 1158
2 3016 1868
2 1585 687
3 3352 4322 183
2 3362 2238
2 696 2221
2 3621 2518
3 3352 3612 2799
2 696 128
2 696 4052
1 3352
2 4216 3999
1 3352
2 4101 179
2 4888 3810
2 696 2295
3 3352 2461 3396
2 3063 1696
2 1197 583
2 696 965
1 3352
1 3352
2 696 1140
2 2564 1415
2 1827 92
1 696
1 696
2 3041 3829
2 3352 749
2 3352 1002
2 4453 1604
2 696 2774
2 696 3883
2 696 2162
2 696 2652
2 1061 690
2 4860 4997
2 3261 3334
2 2767 4769
1 3352
1 696
1 696
1 696
3 3352 1904 3077
1 696
2 696 2510
1 696
1 696
1 696
3 3352 446 4570
1 696
3 3352 4755 1245
3 696 3428 4694
1 696
2 3630 2105
1 696
2 1364 3565
2 696 2494
2 3797 1337
2 696 3729
2 4566 2988
2 4496 1851
2 3352 3076
2 1588 2743
2 1951 954
1 696
2 985 4878
2 696 79
1 696
2 1994 3956
1 3352
2 696 3185
2 4785 348
2 2673 4540
1 696
3 3352 4865 456
1 696
1 3352
2 2618 1829
4 3352 3919 1169 3532
2 696 3104
3 3352 2274 3768
1 696
3 696 4658 2557
2 3352 4725
4 696 1487 4682 3801
1 696
2 2999 4907
5 3352 2033 1047 350 1114
2 4867 2728
2 4331 2893
1 696
2 696 2405
2 779 1713
3 3352 3032 3369
2 3598 3562
1 3352
2 4452 3764
2 2472 3820
2 1321 1479
1 696
2 1014 2685
1 696
2 3505 4635
1 696
2 2552 2980
2 696 2692
2 151 3756
2 3352 3008
2 3189 4902
3 3352 1772 479
4 3352 2114 4705 3088
2 2940 1117
3 696 1731 4261
2 696 1745
2 3352 918
2 2041 3442
2 3352 1961
1 3352
2 696 1167
2 928 1096
1 696
2 696 4844
2 3352 3708
2 3116 348
2 3004 331
2 3352 4337
2 374 1249
2 696 2365
3 3352 58 2286
1 3352
2 440 3170
1 3352
2 696 4110
1 3352
4 3352 4368 515 4989
2 3352 2875
2 684 87
2 3352 1721
2 724 2872
1 696
4 696 2201 1880 874
2 825 4026
1 3352
1 3352
2 696 2595
2 4171 845
2 3942 1118
1 3352
1 3352
2 4316 1019
2 696 1690
2 696 805
2 2929 155
2 3352 3770
1 3352
1 3352
3 3352 2826 3242
2 696 3967
1 696
2 1489 1771
3 3352 1779 4541
2 550 4948
2 3352 2469
1 696
2 1508 1429
2 3352 3010
1 3352
3 3352 4334 3028
1 3352
3 696 1526 1293
2 696 1867
1 3352
1 3352
2 3352 2669
2 3352 4424
3 696 2274 4357
2 696 3803
2 3352 1600
1 3352
3 3352 607 1262
2 4687 1337
2 1103 308
2 1962 194
1 3352
2 2618 1113
2 3082 3887
1 3352
1 696
2 1334 3432
3 3352 1017 4328
2 2079 326
3 3352 210 3355
2 696 2889
5 3352 1293 4336 1490 36
2 1417 3929
3 3352 2174 2623
2 3352 3458
2 575 4521
2 3533 4301
1 696
2 696 742
2 696 204
2 557 182
3 696 3411 2848
1 696
1 3352
2 1498 2958
2 3352 4915
2 3352 3420
2 714 202
2 696 572
2 696 109
1 696
2 1732 2717
2 4247 1182
2 696 3085
1 3352
2 3352 1506
2 3997 2998
2 3352 3302
2 2193 552
3 3352 2943 539
1 3352
3 696 1789 77
2 696 4401
2 3352 2027
2 3625 1850
2 696 1663
2 1329 662
4 3352 4573 3691 1539
3 696 4833 2627
1 696
2 696 4062
1 696
2 4815 4286
3 696 1505 479
4 696 3257 2669 4469
2 3767 1734
2 4732 87
2 4621 4154
4 696 1547 2575 3299
1 696
1 696
2 3352 2841
1 3352
2 2578 2053
3 696 2319 3676
5 3352 4401 1376 772 3006
1 3352
3 696 3919 3501
1 696
3 3352 8 2796
5 696 3390 3701 1121 4108
2 3397 4784
3 3352 4820 4039
2 3161 4678
1 696
2 696 4921
6 696 636 2439 2371 1844 4863
3 696 2223 2355
2 1197 4294
4 3352 4279 2955 4949
4 696 2823 4209 536
1 696
2 1397 3249
2 3352 1611
2 696 3928
2 696 2861
5 696 3046 887 2443 2441
2 2171 2984
1 696
2 2235 2844
2 3352 4824
2 2009 2902
2 3581 4728
1 3352
3 3352 3260 2547
4 696 290 2237 3709
3 696 3380 4248
2 696 2737
2 2596 1033
1 696
1 3352
2 696 835
2 696 152
2 2078 3999
4 696 770 2345 4898
2 3376 2176
1 696
1 3352
2 4097 3898
2 4112 2904
2 2529 2296
2 2211 2219
3 3352 2486 3482
2 114 2830
4 3352 1388 2201 3991
2 696 3974
2 3754 4896
2 3352 3908
1 3352
1 696
3 3352 265 1430
3 696 124 3433
4 696 2107 3983 2763
1 696
3 696 3736 3688
3 696 3050 1727
1 3352
2 3005 3731
1 3352
2 1588 1662
1 3352
2 3044 1836
4 696 689 4697 699
4 696 1719 4555 2123
2 696 613
2 866 3608
2 696 2571
1 696
3 3352 2032 667
2 696 4603
2 3352 3778
2 4737 4692
2 696 631
2 498 776
3 696 3292 2753
3 3352 712 3932
2 3145 3241
2 3675 1162
2 696 2508
1 3352
3 3352 77 1443
2 2343 3806
2 4771 1899
2 3352 4018
2 696 3596
2 1822 3459
3 696 1373 2115
2 4953 2798
2 2533 2779
4 696 3561 2038 2307
1 3352
2 4015 2715
2 696 643
2 696 2922
1 3352
2 3477 1467
2 2952 1265
2 696 106
6 696 2450 1481 333 1453 4748
2 2207 2847
2 3352 1526
5 3352 1407 423 2511 1295
2 696 1471
3 696 3109 1730
2 3352 2707
1 3352
2 2231 1319
2 3890 2097
2 4834 4814
2 3352 101
4 696 2640 3903 10
2 4466 2080
2 387 3711
2 3553 4008
2 4817 2342
2 2816 3297
2 1159 298
3 3352 237 1643
3 3352 1151 2381
3 3352 4378 1606
2 3092 300
1 696
2 401 4420
2 3947 1596
1 696
3 3352 1547 1971
2 3352 4139
3 696 592 2860
2 2727 2638
1 3352
1 3352
5 696 60 2492 2006 4296
2 3352 3838
2 3352 75
2 4967 1959
2 3352 1664
1 3352
2 2183 4439
1 3352
2 3352 959
1 696
2 1881 195
2 710 1538
3 3352 2644 4438
1 3352
1 3352
2 3352 837
1 696
2 696 751
1 696
1 696
3 3352 4610 728
1 696
2 3352 3921
2 3352 1652
2 1057 1156
2 696 3065
3 696 4277 2108
5 3352 3984 1206 83 4248
2 696 1637
2 4771 3538
2 4396 2453
1 3352
3 696 1400 3266
1 3352
2 696 3269
1 696
2 3352 2392
2 3352 432
3 3352 3941 4330
1 3352
2 696 4231
3 696 2992 2396
1 3352
2 4315 2597
2 1105 3432
2 696 4438
2 696 4018
1 696
1 3352
1 3352
2 3352 2867
3 696 2653 3965
2 2587 3452
2 696 2636
2 3352 4508
2 3352 1970
2 3352 4787
1 3352
2 4313 2387
2 696 394
2 3352 1748
2 696 72
1 696
5 3352 1747 2374 2687 1094
2 3352 4712
2 2807 3275
1 3352
3 3352 1635 2194
2 4304 4253
2 696 2845
1 696
2 3352 4229
1 696
1 3352
4 3352 3523 965 2220
2 4194 303
2 545 4036
2 3797 365
1 3352
2 3352 1133
3 696 1528 385
1 696
2 3705 4346
2 714 4838
2 3352 2072
2 3352 3602
4 696 1472 1957 2536
2 3352 569
1 3352
1 3352
4 3352 66 563 1202
2 696 488
2 958 3332
2 4621 2145
2 3352 2383
3 696 1971 3949
2 3403 3229
2 3352 1956
2 696 1796
2 255 2043
2 3352 1034
1 3352
3 696 4250 850
1 3352
2 937 3904
2 696 1787
1 696
1 696
1 3352
2 3352 3216
2 3352 877
2 696 4319
2 4512 4252
1 3352
3 696 4541 1216
3 3352 631 2579
4 3352 1599 1030 2612
3 696 4709 4768
1 696
2 3352 613
3 3352 1454 1895
3 3352 3065 4754
2 345 2893
1 696
2 491 2348
2 476 4293
1 3352
1 696
1 696
2 3352 3001
3 696 2030 4739
2 1567 3930
4 3352 4847 796 2115
1 3352
2 1598 1918
1 696
2 696 4199
2 2973 2526
2 154 1437
2 3614 4236
2 2645 3013
4 696 2773 3358 4886
2 236 197
2 3352 72
2 696 4940
2 3352 2605
2 3152 4814
2 3398 741
2 2726 1812
2 3154 4260
1 3352
3 696 2033 4144
2 3352 2024
2 3837 1118
2 1933 1060
3 3352 3363 3185
3 3352 1703 4863
1 3352
2 696 1100
1 696
2 2614 4281
2 13 1139
2 3352 1957
1 3352
2 914 1418
2 3352 2143
2 3479 4236
1 696
2 3946 57
2 2323 2324
2 2216 3808
2 3352 895
2 3063 1768
1 696
3 696 3363 1212
2 696 2251
1 3352
3 3352 4308 3104
1 696
2 2977 4590
1 3352
2 2704 4036
2 2734 2956
2 696 3800
2 696 511
2 935 4866
1 3352
2 3352 4548
1 696
2 4560 2053
2 34 3806
3 3352 747 4030
2 4584 4418
2 3352 4841
2 696 2690
2 4379 4961
1 696
2 766 4852
1 696
2 3352 4231
1 696
1 3352
1 696
2 3352 2441
2 1529 4873
2 3352 460
2 696 1245
3 3352 1601 3763
2 3352 1921
3 3352 3928 38
2 3934 3894
1 696
3 3352 3212 2432
1 3352
3 3352 2773 198
2 4134 258
4 3352 1150 2478 4669
2 3828 1379
3 696 4766 912
3 3352 266 2635
2 4341 979
2 3352 2085
2 3831 2566
1 696
1 696
2 2149 1272
2 1054 1670
2 3352 3501
1 3352
2 1309 405
2 696 2499
2 696 1684
1665 893 549 314 1154 3124 292 4302 108 2953 119 1288 447 1248 3503 1708 1997 4657 3642 513 4814 2984 1759 4997 2375 1771 2296 4326 4959 268 2756 1541 1162 4417 2479 3808 1540 930 3013 4960 2611 3513 4509 4359 3033 4770 3741 382 590 4420 2654 1893 4730 3246 1253 1841 3936 4598 940 1038 3383 1425 2915 3434 2717 1995 2176 474 3174 2179 4613 2700 4643 818 4710 1300 3334 391 2182 3429 4143 121 1683 2449 3752 412 1009 2926 600 4783 3375 1521 1033 1688 826 1940 4006 2567 3119 2933 1333 1924 2930 970 1928 298 4946 640 3652 2682 1552 4298 716 1494 3700 838 81 1093 3220 2410 3775 2619 1228 435 4714 468 2923 646 3694 408 2299 3810 1064 166 3291 2676 3467 3570 804 1116 734 1812 660 3697 2039 525 3820 964 213 2988 4301 2026 4719 3357 4656 2294 2504 3510 2639 3241 1110 3307 4436 1354 1774 2001 312 1411 4945 2153 585 1175 1676 3125 1101 733 1412 1929 1770 4996 3597 4522 1768 1022 934 2752 405 4908 3866 3806 417 1049 3339 4037 4349 949 2678 561 3089 140 1313 4590 3973 294 1254 1156 3193 4428 994 2387 1918 3194 3414 1856 1041 2566 4482 3665 3079 1192 1596 591 790 289 986 1182 2862 1522 2558 910 1067 929 3463 977 3953 3039 4582 932 3650 1340 1008 4387 4798 4153 3819 453 2186 3118 1456 402 3726 1045 2388 1172 4295 2661 1975 2893 2462 4020 2335 465 380 627 1582 3929 4186 1533 3645 3558 1704 3450 3852 3550 4830 2501 2586 3407 3157 277 4338 2657 4122 4011 2613 2126 4692 4651 2417 258 2980 87 1878 3933 1566 4928 1279 1146 4100 4547 1917 4655 1235 3756 2315 3847 4245 4988 1469 1534 2902 4591 1989 4351 3818 4385 1028 1042 4980 4165 4148 2820 373 3122 1360 330 1344 4065 1809 3646 4056 1180 3731 62 1938 2844 552 494 4956 4439 2518 3958 2364 131 3239 1549 325 400 437 3639 2346 1673 2903 343 1060 2531 650 827 2714 2308 787 2713 3472 1915 708 4533 1823 4873 461 2135 2701 138 1495 216 246 2334 3199 336 3465 905 4410 3170 1341 4118 2219 4219 551 3611 4753 4180 2891 3019 144 628 2255 2556 4157 792 2541 3927 22 4004 1449 3233 125 3681 1538 983 2731 1389 3059 3306 4808 1294 3461 3490 3321 2954 2537 2203 4016 1941 2 3090 3460 4286 2675 1696 2014 3205 4893 4685 581 4309 2105 2568 1976 177 4894 2730 2023 3966 571 2056 2236 2314 703 969 1043 1310 573 514 2218 1909 2880 1648 3072 741 1413 3865 2243 263 604 1436 182 1181 2431 202 3214 392 3898 4294 3960 2684 3637 205 3809 1143 2884 467 3944 1741 4008 300 1840 836 1184 3175 3183 3108 2199 21 3282 1348 1488 1811 507 3031 1006 822 4840 1145 526 4549 2360 3500 3844 243 4475 1381 4995 991 1898 3987 4675 3494 2189 2909 3787 3401 2402 3311 2597 4606 3986 3937 1839 1670 2806 4460 4526 623 4260 2648 4784 4878 3419 2956 2811 3333 2288 134 3821 1579 2212 2679 2591 3592 558 732 4763 2718 454 2775 4431 2225 3861 2851 1832 4043 3106 4680 3373 2358 1260 485 149 4564 745 35 1274 67 1680 4866 4835 1431 459 3822 4267 2846 2060 510 1375 2959 3964 2813 2538 3336 4146 4961 4849 3476 2698 4070 2173 2715 2426 2911 1161 1492 2456 4930 3567 535 4375 4204 1392 3147 3159 1422 3616 3473 2617 1923 3329 4468 3577 1875 3359 3459 1780 4103 1164 1231 1709 1845 176 3464 583 1378 1816 1908 2395 3208 1447 4074 4459 1018 4728 4907 4252 1473 240 821 3037 1793 2133 3695 1834 2748 4258 92 3999 4683 4220 4982 2325 4838 4083 3377 961 1931 3068 4323 4973 4912 3617 4551 2322 3595 3905 1234 4684 2064 3524 687 469 4736 2066 1751 3707 1102 2866 1095 3875 674 1213 231 3711 3815 518 789 2655 2703 2785 2815 1999 2442 2685 4896 4767 1992 53 4116 3107 3956 1755 4929 4242 4699 4480 450 1406 2859 3209 2746 1131 1386 1667 208 2514 1516 2899 3297 1069 4361 1249 3502 2386 846 1428 2131 1807 1155 813 3415 2080 3143 3805 1117 4060 451 4642 1660 2764 2010 735 4034 2100 1930 2483 348 3971 4518 2871 1123 1608 1463 503 1457 4812 1763 1240 424 698 4284 4563 3064 1465 4801 1519 113 4372 4821 3538 4314 4498 3405 2592 436 1415 4374 2868 352 1226 324 326 2736 4765 2874 4663 252 4619 1863 1497 2163 908 4786 1754 4442 2484 690 3026 1734 2145 3191 3623 4461 3094 2584 1744 1899 2577 803 2832 30 3522 801 845 4539 431 1852 4872 4494 2543 2932 2454 1593 4154 1991 3128 807 3332 1677 1339 2879 2865 2559 4416 1304 1082 979 1776 544 3957 2998 1752 2694 4222 694 2691 2332 1112 4388 2249 4897 1858 3263 520 3228 4293 4527 811 3057 2264 331 4254 1379 2180 1737 4176 390 4769 3733 3364 1868 2757 3578 4398 4305 2465 4280 2854 4971 3673 1479 1050 843 2354 422 4616 3880 3036 386 4051 727 574 55 11 2195 1919 4253 18 313 3151 962 1174 4583 4589 4172 890 3445 553 2670 3156 2260 2824 4141 3842 3606 1355 4255 1287 1638 4602 173 2244 644 739 1916 2292 927 3783 3135 2139 1118 3839 1978 621 3909 2944 1291 3361 3283 224 4813 616 1320 1186 1577 3162 3771 217 2238 1969 968 1452 1535 2205 1736 2127 1829 2565 3497 675 3945 704 921 1531 4954 1086 1866 2157 2521 1292 2928 2631 155 57 3229 1586 4638 1618 4720 2520 1699 1384 168 4238 1594 2620 4329 1142 678 4852 1208 3761 4793 3442 3493 721 1651 3940 1440 4670 2104 32 2258 2480 2765 3272 4883 4166 2359 4636 3539 4443 3186 2787 2247 2672 4079 1613 4115 42 3620 2476 276 4402 4674 1306 3328 3496 4307 3381 4005 3640 1256 1207 3443 4622 2379 625 609 4131 2522 4031 4409 695 885 4615 4178 1993 4698 3780 3432 3721 362 2414 4300 4713 519 332 3720 3176 1096 1232 2089 1099 3574 4491 4312 4998 1702 3982 4984 2012 954 4654 2637 995 1851 3230 3452 120 808 233 4188 4523 3922 1550 17 4859 4054 642 1610 4185 2958 3142 296 2161 3897 2340 3886 132 3575 1953 4160 2519 444 3009 3313 197 3325 1218 3368 4734 840 3132 1551 3913 2102 2046 722 4900 2495 4745 4026 2945 2058 2910 3674 3270 1419 844 3725 4192 3724 2892 2872 3158 3217 4779 377 3012 2328 1467 2150 142 3385 4597 1902 2942 3235 366 4418 1066 3253 3478 2188 165 1345 4228 1035 421 939 179 4857 295 873 889 195 1514 4958 4948 4567 533 4985 3994 43 2369 2119 2847 1713 3608 4617 2169 3391 3563 3453 251 4124 2330 1821 802 2327 3930 2914 1790 2905 2257 2320 1319 1317 2391 3864 1982 71 3566 2709 3047 3988 174 1021 509 2059 1944 3252 1621 337 3635 2160 1063 1458 1272 2020 2638 4455 748 4236 4376 2729 3341 3240 1604 1007 303 4369 677 1836 4347 4040 1429 2608 3910 4444 855 3850 3760 3492 3979 4565 4390 3508 4142 1965 664 3881 2428 0 1204 1139 4843 1647 4272 309 2573 2159 3766 4744 1395 2853 4965 4456 1814 3406 1884 4067 1282 3607 4276 2985 4087 56 158 1314 4944 3049 974 3277 4962 2870 3083 1612 4521 795 999 4163 4406 3353 2256 3114 3914 3618 2916 475 1337 2981 1358 4360 20 3180 681 4413 1698 2232 1005 1910 1214 1627 430 662 2197 4902 3734 1760 942 3892 3221 3529 3153 4364 761 2106 1496 3347 760 683 3177 1848 504 2641 3585 4764 193 4135 3327 1843 1363 4569 4082 1149 3265 3379 3348 4221 776 4802 3223 2527 2505 3751 1195 4244 1113 3198 2453 4064 620 3392 1662 3249 2798 1788 2101 1783 4804 425 1984 2342 3276 3045 4332 1850 2509 490 3300 3862 3954 2074 2830 2280 2817 4625 3140 46 1724 1106 293 1800 3594 2091 2226 4963 2117 4435 4036 4377 1714 2908 859 1250 3543 4803 3796 3168 2966 1020 370 3210 4864 191 4869 3069 1418 948 4854 2087 3427 116 1693 308 4717 406 340 3184 4257 2660 2324 1631 4297 2651 4076 2043 3093 2705 3133 4380 3643 487 4593 3470 4875 3454 2656 260 2650 159 4048 4344 1617 4069 2097 777 3686 4333 769 281 2659 2897 3996 4098 3904 713 365 1939 1298 3447 1806 2779 3683 540 2624 399 4981 4836 3712 2697 4581 4066 2920 1864 2526 3762 882 3323 3169 4423 2962 1019 2890 4107 3371 1193 3204 4324 2739 3627 2002 2593 3531 682 2588 37 1655 2252 4123 2662 1762 1259 707 4121 3764 2728 3975 48 4225 1268 725 4262 3758 2885 52 1052 4140 3483 1959 3404 1451 3236 4631 1299 3480 3127 2436 3685 2904 3319 3121 2185 1441 4778 4227 1290 3002 4432 4239 4829 3793 3753 269 3098 4871 4367 1437 3541 2348 1777 4288 1120 2668 2743 4235 2681 194 185 1401 4092 1879 4292 1265 279 2081 618 3549 1257 3604 1583 4356 1974 2459 3703 3829 589 3275 1138 3441 4198 1225 3115 156 2356 1134 2164 1520 4952 4371 1349 3843 4061 483 4047 1658 2448 95 3887 3187 3981 4158 2710 4635 4942 4588 3641 596 1922 4760 1059 2722 2125 788 4540 2053 3769 3565 900 1296 1199 2991 4678 1886 4346 4281 3846 3894 4686 3296 4073 1786 3134 3562 3285 1584 2603 4446 4882 1746 2352 2190 3872 225 1574 2210 936 3985 3207
2 3352 888
2 4233 159
2 2706 2928
4 696 4612 4528 184
1 3352
2 3261 3865
1 3352
2 3851 2360
2 3352 3589
2 696 2740
2 3294 3275
2 3352 4977
3 696 4729 280
1 696
2 3439 377
1 3352
2 4701 2830
3 696 3449 448
2 3352 3750
2 1188 2641
3 3352 109 1758
2 1056 1552
1 3352
4 696 3024 501 4090
3 3352 2158 4556
1 696
2 3352 3456
2 3015 4069
4 3352 2450 1925 960
2 766 4418
3 3352 3918 1578
2 1715 3843
4 3352 4205 4529 863
1 696
2 1267 504
1 696
2 4283 2709
2 2989 1429
1 3352
4 3352 1001 3517 4748
2 3555 4779
4 696 237 1173 322
2 146 581
2 4513 2752
2 696 2990
2 696 3267
2 696 4136
2 1830 4074
2 3352 162
1 696
3 696 4931 3216
1 3352
3 3352 1283 3677
1 3352
3 3352 4382 4149
1 696
3 696 78 2580
2 4845 3910
2 2940 1783
1 696
2 696 2381
1 3352
2 3352 4317
2 1144 4142
2 4846 4204
2 4263 246
2 3352 2200
2 541 2945
3 696 3931 806
2 1322 1379
1 696
2 2423 71
5 696 4853 4362 12 1687
2 696 3976
1 3352
2 2788 4036
1 3352
1 696
2 238 776
3 3352 3164 2925
2 3040 4675
3 3352 4384 2666
2 3629 3979
1 696
1 696
2 696 2241
2 696 3367
1 696
1 3352
2 3352 2852
2 3352 1757
2 3812 4192
3 3352 2061 1173
1 696
2 3352 415
3 696 2099 666
2 3370 2010
1 3352
1 696
3 3352 3172 810
2 3352 299
1 3352
1 696
2 4202 3379
1 696
2 1390 2933
3 3352 534 3074
4 3352 1986 1405 4934
1 3352
2 2393 1348
3 3352 2054 1410
2 3352 648
1 3352
2 6 4897
2 3352 3564
6 696 3932 1325 1382 1671 729
3 696 4827 2333
3 3352 3801 3948
1 696
2 3352 1078
2 3352 4749
2 2306 2296
2 696 4579
2 3352 1140
4 696 2191 529 3084
1 3352
2 696 3286
2 3352 651
2 696 4519
2 816 3031
1 3352
2 2451 2672
2 990 202
2 2353 330
2 1614 788
2 2642 4016
2 696 1936
2 3352 4481
1 696
2 3352 3656
2 3352 4696
4 3352 947 4756 2209
1 696
3 3352 1367 106
2 3352 3983
1 696
1 696
1 3352
2 2986 3347
2 3352 867
2 3352 1761
1 696
6 696 1372 2839 307 2707 1446
2 61 4657
2 1385 2280
1 3352
1 696
1 3352
4 696 3870 4506 3895
2 1321 1093
1 3352
2 2704 4459
2 4608 1145
3 696 2604 4646
2 4415 3392
2 696 4787
2 4389 4684
2 64 4349
5 696 320 4363 4395 3948
1 3352
2 153 3194
1 3352
1 696
2 4794 1848
2 4182 940
1 696
1 3352
2 4479 3866
1 3352
2 2275 2815
2 696 2935
1 696
1 696
2 3757 1451
2 1563 402
2 3352 3149
3 3352 1784 883
2 1223 4642
3 3352 736 1318
2 3924 4160
2 3352 339
2 696 4269
2 2451 4622
2 696 3785
2 696 772
2 696 248
1 3352
2 3352 4951
2 696 672
2 696 346
2 696 3102
2 696 1757
2 696 3393
2 4502 4547
2 864 3606
1 3352
2 1016 2280
2 4216 2249
2 3078 4719
3 3352 2831 2034
1 3352
2 1795 3467
3 3352 2112 2792
3 3352 4162 3931
1 3352
3 696 2110 428
2 537 1429
2 3352 685
2 3779 2218
2 3851 4719
2 548 4674
3 3352 4240 2598
1 3352
1 696
2 3352 100
2 3352 2443
2 1432 2495
2 696 1114
3 696 3011 4595
2 1323 1708
2 4315 1314
2 696 4384
1 3352
2 4451 4675
2 953 4166
1 696
2 4585 3361
3 696 594 1758
2 1561 2631
1 3352
3 696 4128 3882
2 3352 1518
1 3352
2 3073 4928
2 3352 943
2 696 2831
3 696 943 814
3 696 4317 1109
1 696
2 696 3205
2 696 2138
1 3352
2 4086 1218
2 3352 3557
2 3352 1649
4 3352 4463 3054 4700
3 696 2477 891
2 2555 2163
2 3352 4250
2 3807 2743
2 4889 279
4 696 4640 3259 617
2 1951 760
2 3352 4742
1 3352
2 3352 2634
2 1962 2386
1 3352
4 696 2590 505 2742
2 3924 2189
2 3352 2585
2 696 2049
2 696 2963
3 696 1124 4084
1 3352
1 696
3 696 980 3435
3 696 2790 1362
2 1661 4567
2 696 2036
2 696 1391
1 696
2 3352 1122
2 1887 4301
2 3352 3698
2 1076 4069
1 3352
1 3352
1 3352
1 3352
2 3352 2473
1 696
2 3352 3661
3 3352 2006 2349
2 696 2147
2 696 464
2 696 4012
1 3352
1 696
2 3352 1127
4 696 588 2034 2478
2 2463 2117
2 2667 4980
2 3744 3492
3 696 4382 4422
3 696 2392 4536
2 2491 3953
3 696 1044 1643
2 1445 3645
2 575 2559
2 696 4173
2 3943 48
1 3352
2 2732 4420
3 696 2168 4933
2 4543 2386
1 696
3 696 1085 2286
2 4270 2157
1 696
1 3352
2 3352 4132
2 696 3066
2 2983 544
2 4408 3405
2 1619 4292
2 3835 3844
3 696 1624 523
2 3352 1524
2 4837 4897
2 3352 3868
2 2404 4869
1 3352
4 3352 989 1286 228
2 1862 62
2 3043 4267
3 696 2114 1623
2 696 473
2 815 2966
2 1258 4482
2 4434 1709
2 3352 4898
1 3352
2 4211 4779
2 3352 230
2 3900 3637
1 696
2 3352 4629
2 2989 1923
2 696 4278
1 3352
2 1176 977
5 696 3202 383 4738 2574
2 696 2506
4 3352 4972 4404 3883
2 1656 2859
2 3014 2505
1 696
3 3352 3101 1896
4 3352 111 4991 126
2 696 3714
2 3713 3810
2 696 2528
2 3781 2104
2 282 3898
2 4101 1551
2 696 2206
1 3352
1 3352
1 696
1 696
2 3352 2492
1 3352
4 3352 4483 3882 752
4 696 3918 2344 1347
2 2193 437
2 2795 1193
2 1672 4764
4 3352 1536 3046 2141
2 4290 4494
2 3352 2371
3 3352 1781 12
2 1887 4783
2 3043 843
2 3754 2315
1 696
3 696 1706 1107
1 696
4 3352 2553 652 1347
2 696 266
1 696
2 696 3656
1 696
2 542 1734
2 4403 4783
2 1229 2348
1 696
2 4138 3371
1 3352
3 3352 1104 886
2 3352 2415
3 696 3035 3737
2 2269 1035
2 3352 2843
3 696 1815 3536
2 3352 4901
2 696 2585
3 3352 1789 4007
1 3352
3 3352 4595 3993
2 1198 3327
2 3352 2833
2 696 530
2 3352 2240
2 696 2974
2 2507 2817
2 3352 680
2 4341 2890
3 3352 4818 4009
1 696
3 696 2313 265
2 696 4887
2 3352 3989
1 696
2 696 2349
2 4815 3059
4 696 1536 3571 2551
3 3352 4405 1396
4 696 4969 4537 3716
2 924 4178
1 3352
1 696
2 3546 3887
1 696
2 3352 839
2 105 939
1 696
2 1278 424
2 696 4273
1 696
1 3352
2 2587 2232
2 557 1469
2 3352 3854
3 696 3197 2794
2 2721 4442
2 4815 313
2 3303 4446
2 2821 3470
2 696 652
2 2913 1709
1 696
1 3352
4 3352 3070 3310 464
2 696 3612
3 3352 3290 966
1 3352
4 3352 4947 2750 3714
2 4920 4875
3 696 3444 1295
2 754 4589
2 282 1291
3 3352 307 4544
2 696 4712
1 696
1 3352
3 3352 663 887
3 3352 2834 911
2 3352 3863
3 3352 102 1303
2 1595 1974
2 476 225
1 696
4 696 4939 2461 2300
3 696 4119 4568
3 696 3337 4653
4 3352 594 1343 2763
2 4517 1683
3 696 4679 3342
2 2695 1836
2 696 1675
2 4063 1821
4 696 1421 626 3679
1 696
3 696 3273 4467
2 114 3121
1 3352
2 2699 4533
2 2626 2296
2 3352 666
2 3352 3384
3 3352 204 3679
1 696
2 3352 1749
1 3352
3 696 657 839
2 4895 1845
2 3352 3853
4 696 3572 3360 648
2 3352 1507
2 4403 3850
2 4237 3796
2 696 4754
2 696 3970
2 3884 62
1 696
1 696
3 696 1343 291
2 3352 1873
1 3352
2 1632 3821
2 3352 1015
2 3352 3358
2 3352 3530
2 696 532
2 688 3683
3 696 1996 82
2 3511 813
2 4777 2566
2 3352 384
2 4214 1102
1 696
1 3352
3 696 797 4841
2 696 641
1 696
2 696 4733
3 3352 2099 4224
2 3352 1523
2 3593 3726
2 2768 3707
5 696 318 1165 3951 3857
1 696
1 3352
4 3352 1051 3785 2922
2 696 4989
2 696 1141
3 696 1756 3096
2 4097 2188
2 3352 2018
1 696
2 3352 3330
2 3511 494
3 696 1616 2542
1 3352
4 3352 3717 3027 1324
2 1307 2320
4 696 3698 1842 1507
3 696 2370 539
2 493 2559
2 3099 2102
2 3352 3224
1 3352
2 4495 2180
2 2113 4258
2 4203 3036
1 3352
3 3352 2138 3410
2 696 4450
3 696 4994 4605
1 3352
1 3352
1 696
1 696
2 696 1404
2 3727 3383
2 2986 2815
3 696 181 4492
2 988 3142
1 3352
1 696
3 696 3622 3542
2 4913 735
2 696 4544
2 3352 4150
2 3003 3329
3 3352 4057 2931
2 3352 3251
2 3421 3566
2 3468 3064
1 3352
5 696 4484 3330 1205 1650
1 696
2 3352 178
5 3352 770 2344 1325 379
2 696 470
2 4911 1131
2 3352 1553
2 1589 3158
4 696 2883 341 175
3 696 3664 4819
1 3352
2 3352 1903
3 696 3288 697
3 696 3112 2086
2 3521 3470
2 3215 2039
2 4708 370
2 3884 533
1 696
4 3352 2606 65 3659
3 3352 1100 2580
2 4373 4374
2 3352 2805
1 3352
1 3352
2 68 1488
1 3352
2 2600 134
1 696
2 1710 1298
1 3352
2 3171 1050
2 3352 1439
2 2894 1991
2 61 2258
2 2629 1193
2 3856 2387
1 3352
2 696 4041
2 3352 1160
2 3034 1938
1 3352
2 3426 467
1 696
2 96 2236
3 3352 1124 3435
3 696 4660 757
2 3352 397
2 3352 1716
2 3041 3497
2 4860 3147
1 3352
2 3352 1216
1 3352
1 3352
2 319 3775
2 1785 4802
2 1933 3033
1 696
2 1720 3762
1 3352
1 696
2 3352 2512
3 696 4440 2955
2 2427 1816
4 3352 82 3022 2747
3 696 2545 1283
2 127 4683
1 696
2 357 4509
1 3352
1 3352
2 3352 1461
2 2503 3760
2 3352 3102
2 4916 3771
2 4306 1746
2 3352 396
2 3649 4385
2 1620 1447
2 696 1236
2 696 3080
3 3352 2733 3488
2 2234 4734
2 3166 3072
2 1308 4509
3 3352 2221 1958
2 114 2053
2 1246 2102
2 541 331
2 696 1010
2 919 1268
4 3352 4411 1674 2878
2 696 388
2 1227 1164
2 2070 843
2 973 3311
2 3352 1946
2 4711 2638
2 696 1903
2 3352 584
2 605 1760
7 3352 1289 3428 3196 4611 3301 103
1 3352
2 696 1987
2 593 2991
1 3352
2 3972 4192
4 696 712 1264 446
3 3352 511 2636
1 696
2 69 4547
2 4448 298
1 3352
3 3352 1804 2250
2 2035 873
1 696
3 3352 4173 1729
2 2745 934
2 4306 176
5 3352 657 429 4090 4278
2 1565 983
2 3352 672
2 2242 3929
2 1130 4338
1 696
2 3352 4899
1 3352
2 2969 2046
2 696 3834
1 3352
2 3352 385
2 3352 1382
1 3352
1 696
4 3352 3380 906 3638
2 3352 4168
2 696 1581
2 781 1249
1 3352
2 3352 3400
2 1797 277
1 3352
2 1445 185
2 696 75
1 3352
1 696
3 696 4947 4325
1 3352
1 3352
2 3626 1514
1 696
2 696 3605
4 3352 4091 2422 1238
1 696
1 696
2 3376 4054
2 2171 4087
2 3352 221
1 696
2 696 2018
2 199 908
1 696
3 696 3027 3891
1 3352
2 2193 1916
1 3352
4 696 3718 1046 2749
1 696
1 3352
2 696 4789
1 696
2 696 2054
1 3352
2 2989 1465
4 696 4818 1078 947
2 2869 1033
2 696 1187
6 696 4532 4476 1365 3028 960
2 696 1644
2 696 4129
3 3352 4179 920
3 3352 4790 1675
1 696
2 3352 1166
2 3827 510
2 696 1286
2 3352 4525
1 3352
2 3352 1954
2 3352 283
1 696
2 59 589
2 696 1461
2 3593 2476
2 4114 1975
2 696 1166
1 3352
2 2009 3674
1 696
2 696 3335
1 3352
2 3399 761
1 696
5 696 1968 881 3750 1761
2 1053 3115
1 3352
1 3352
3 3352 566 3416
1 3352
2 3271 258
2 696 1747
1 3352
2 1079 294
1 3352
2 2621 3407
2 2287 3927
2 696 1466
2 39 2356
3 3352 1012 2307
4 3352 2976 4441 729
2 696 679
1 696
1 3352
1 3352
2 696 2523
3 3352 2396 3542
2 80 4446
2 856 3566
3 3352 4990 617
2 4634 4622
1 3352
4 3352 3587 4462 4614
2 4538 789
2 1869 4070
2 717 343
2 639 331
3 696 1590 2882
1 3352
2 3663 4051
1 696
2 2290 1279
1 3352
2 696 4923
4 3352 2554 912 3782
2 4935 4115
1 3352
2 4458 2185
2 696 3527
1 696
1 696
2 3352 2390
3 3352 1831 4487
2 2311 1161
1 3352
2 696 2383
1 696
2 696 746
3 3352 3444 4041
3 696 2122 117
4 696 915 3195 4831
2 696 1602
2 1891 596
2 696 4511
1 3352
2 3256 1314
2 68 4307
2 630 2483
2 696 3456
2 696 3908
2 3352 3417
2 1603 3385
1 696
1 696
2 4628 927
2 2999 1268
2 1269 1050
2 696 3696
2 4805 2641
4 696 4726 4462 1652
2 696 3873
1 696
3 696 2747 3560
2 1179 52
2 696 1921
1 3352
2 3352 4273
2 3352 404
2 3352 2630
2 1571 4589
2 4891 3880
1 3352
2 1263 940
1 3352
2 3352 4673
2 4566 3191
2 395 4292
2 3160 3319
2 2057 4583
4 696 304 1873 3354
1 696
1 3352
4 3352 3259 3286 923
3 696 3854 41
2 3352 2569
1 3352
2 1188 3574
2 2552 1360
3 3352 4537 375
2 480 4329
1 3352
1 3352
2 247 4857
2 696 2951
2 3015 3147
1 696
2 3222 3611
1 696
2 3352 3232
4 3352 746 3188 2708
4 3352 1098 1372 1285
1 3352
2 2234 2648
3 3352 2609 2321
3 3352 3907 505
2 4341 1274
4 3352 2148 2351 3269
2 2849 2294
3 3352 4881 1602
3 696 3418 4966
1 696
1 696
3 696 2120 196
4 3352 1029 201 3688
3 696 1633 1083
2 3544 298
4 696 4624 4508 3671
2 1243 2126
2 3352 1446
2 3791 4220
1 696
2 1493 1428
1 3352
2 3146 4563
2 3702 4054
2 4650 2998
1 3352
2 3352 3280
2 2084 2484
4 696 141 3389 423
1 3352
2 696 1377
2 3352 2971
2 913 1852
1 3352
2 127 1431
3 696 1027 3732
1 696
3 3352 3678 4230
2 3352 3245
2 3352 2997
1 3352
2 3120 549
2 3352 1470
1 3352
1 696
1 3352
3 3352 2935 3636
2 3352 2357
2 2350 461
3 696 2437 3188
1 3352
4 696 4010 2128 4053
2 3352 4200
2 4501 3297
2 3352 368
2 696 693
2 45 1440
1 3352
4 696 2141 3178 261
2 3352 1605
4 696 3583 452 3163
2 696 2886
2 3600 3415
2 696 4478
2 3231 2280
2 709 2106
2 696 2085
2 458 2739
2 3352 457
1 3352
2 4081 790
1 3352
2 244 1788
2 1980 2926
3 3352 4243 2363
2 1323 3158
2 696 2826
1 3352
1 3352
2 1416 2904
2 696 2658
2 4737 2930
2 24 2862
3 3352 4058 901
2 4987 1492
2 696 500
6 696 4259 1599 3340 3770 1912
2 696 1626
2 1361 514
2 3352 632
1 696
2 3352 3202
1 3352
2 1026 739
2 3352 3520
1 696
1 3352
1 696
2 696 1108
1 696
1 696
1 3352
2 2912 1535
2 696 1104
2 3352 658
3 3352 2276 2557
1 3352
2 3425 695
2 3521 2681
4 3352 894 4733 4677
2 1364 2087
2 4627 4808
3 3352 1013 4676
2 112 2871
1 3352
1 696
1 3352
1 3352
3 696 3955 759
2 3352 3955
1 3352
1 3352
1 3352
2 1307 3108
3 696 1956 3315
2 3352 634
1 696
2 3657 3407
2 696 1723
2 3584 3434
2 3352 4012
3 696 4610 4932
2 3352 653
2 3352 875
4 696 782 3519 1405
1 3352
2 244 4736
3 696 4788 1718
1 696
1 696
2 3521 1340
2 696 3150
2 1128 1199
2 3352 4630
2 2067 2537
1 696
2 2961 2984
1 3352
4 696 3853 1315 3747
2 1750 3707
2 595 3780
2 3352 1955
1 696
2 696 3677
1 3352
3 3352 538 730
2 1152 4026
2 4706 1780
2 3352 1885
2 576 1777
5 696 832 358 3517 667
1 3352
1 3352
3 3352 3312 3382
2 410 2308
4 3352 2319 3111 3666
2 696 63
2 3657 698
2 3352 4561
2 64 2911
1 696
1 696
2 1740 1340
2 3352 1338
3 696 528 1448
1 696
1 3352
2 3352 767
1 696
2 696 3693
2 3352 2430
1 3352
2 1385 2568
2 3165 3132
4 3352 1512 3126 2500
2 3997 2238
2 2457 4154
3 3352 1088 3798
2 3352 2355
2 3352 147
2 4986 326
4 3352 4161 784 3800
1 696
2 696 4046
1 696
2 3911 4615
2 696 3586
4 696 2833 2025 670
3 696 2766 163
3 696 1486 283
2 3352 832
1 3352
2 1733 1814
3 696 4181 2227
3 3352 3514 1132
1 3352
1 3352
2 4213 4166
2 4665 3608
2 2596 2106
2 1773 1225
2 696 3100
2 3837 2715
3 3352 2000 79
2 2973 2710
1 696
2 696 2677
2 696 2194
2 1636 503
1 696
1 3352
2 4112 298
1 696
2 4318 2260
3 696 93 3530
1 3352
2 1542 3490
2 3352 3692
2 1241 3726
2 3934 2043
2 611 17
1 696
2 615 4186
1 696
2 1962 1708
3 696 819 975
1 3352
2 3920 533
1 696
3 3352 2574 3732
2 696 3906
3 696 4746 2797
1 696
1 3352
2 2581 734
2 696 4529
2 696 4308
3 696 27 3556
2 696 895
1 696
2 1485 735
2 3511 1922
1 696
2 4270 3174
5 3352 4003 4019 1316 1212
2 130 67
2 4197 1812
2 696 3232
2 696 3396
3 696 1691 471
1 696
2 2404 1917
2 696 3830
2 3352 4766
2 3481 1440
1 696
3 3352 2934 1782
3 3352 2663 2551
2 3352 4727
2 696 4899
2 825 4121
1 3352
1 3352
2 3356 4710
2 4500 3385
2 696 1051
2 696 4749
2 4112 46
6 3352 851 3840 2513 4906 955
1 696
1 696
2 3658 1520
2 3781 4242
2 696 4167
2 3352 1528
2 3352 2809
2 3234 2897
2 720 2648
2 696 3668
2 3926 3815
2 696 1211
2 2013 1020
4 3352 2489 4045 3556
2 2235 3307
1 3352
2 696 65
2 3352 322
2 4950 510
2 696 2262
2 1055 120
2 3052 518
2 517 3377
1 696
1 696
4 696 1039 1569 888
2 696 3309
2 2438 4423
1 696
3 3352 4277 1854
1 3352
4 3352 338 2664 2368
3 696 4229 2796
3 3352 3631 4773
2 3827 4902
1 3352
2 2587 2785
2 696 2215
2 1778 92
2 4735 2966
2 696 2029
2 2217 1976
2 427 4942
2 1356 2328
1 696
2 3475 664
2 1023 790
1 3352
1 3352
2 3352 4232
2 696 3312
3 696 3589 2666
1 696
1 696
2 3352 2107
3 3352 4223 3813
3 3352 1960 3299
2 3352 188
2 2171 348
1 3352
2 440 2176
2 3581 3762
1 696
3 3352 2416 4762
3 3352 4939 903
1 696
1 696
1 696
1 3352
2 3058 1673
2 696 2553
2 3912 1763
1 3352
1 696
2 696 3515
1 696
2 4386 3140
2 409 4036
2 3356 276
1 3352
2 2373 4166
3 3352 2077 4450
1 3352
1 3352
2 1822 525
1 3352
1 696
3 696 2976 3213
4 3352 3545 1448 4164
1 696
2 4270 4838
2 3352 2108
2 696 2475
3 696 2276 4366
2 696 4208
2 2695 3700
2 1297 4398
1 3352
2 1701 1441
1 696
4 696 4884 1270 4164
3 3352 2839 1826
2 3352 711
2 1361 589
3 3352 1233 1220
2 323 1113
2 3614 4873
2 696 2124
2 3352 3540
1 3352
2 907 1596
2 49 2495
2 3516 295
1 696
2 696 2435
1 696
4 696 2644 4279 1838
1 3352
1 696
2 3828 2001
2 3352 2627
1 3352
1 3352
5 3352 418 2165 355 3506
2 2819 1770
2 696 404
2 3980 961
2 696 1607
1 696
1 3352
1 696
2 696 4463
2 696 966
2 724 277
1 696
2 2311 3336
1 3352
2 798 2715
2 696 1784
2 1837 4228
2 3352 3573
3 3352 3586 3433
2 4777 4367
2 1371 4364
4 3352 2992 1641 1332
2 3831 961
3 3352 1805 981
2 723 1041
2 2821 694
2 3352 4001
4 3352 763 3519 2228
1 3352
1 3352
5 696 397 1578 2917 1483
2 696 305
2 1209 453
1 696
2 997 2105
4 3352 1357 3060 2270
2 696 1664
2 2788 276
2 696 515
2 1561 3493
2 3051 713
2 3352 4957
3 3352 645 740
2 127 3608
3 696 418 3369
2 696 1196
3 696 1439 1058
1 696
2 1905 2847
2 696 4412
2 2555 1101
3 696 2132 3950
2 3237 1447
2 3352 4528
2 696 4032
2 3816 3184
3 3352 1121 1190
1 3352
2 1126 4981
2 611 1551
1 3352
1 696
3 3352 3561 3572
2 3352 4932
1 696
2 39 954
2 247 677
2 696 1945
2 4938 2820
2 4213 2001
2 4740 4523
4 3352 3011 1359 1706
2 3365 4893
3 3352 1503 597
2 4909 1116
2 696 2975
2 3879 4364
2 3352 4017
3 696 4573 38
2 3352 4391
3 696 3060 4336
2 3705 1519
2 3250 4872
2 696 4727
2 2516 459
2 1827 3616
1 696
2 3352 1943
2 3352 1775
2 4496 1660
1 696
2 3087 3392
2 4531 3473
1 696
1 696
2 696 718
2 3352 2086
2 3855 3241
2 2151 2787
2 1409 3494
4 696 354 1366 2019
3 696 419 135
1 696
1 3352
2 2092 1139
2 2181 4597
2 3352 4941
3 3352 904 3730
1 3352
2 3338 4518
1 3352
2 3237 1919
2 3352 2774
2 3352 588
3 696 3149 3071
1 696
2 570 4567
2 349 1234
1 696
1 696
4 696 959 4676 3871
2 3352 1573
3 3352 3393 3696
2 2211 704
2 2463 2058
2 361 1924
3 3352 3735 3747
3 3352 2990 1756
2 696 2808
2 3352 448
2 3518 3176
2 4392 1282
2 4104 2448
2 167 4116
2 2022 4944
1 696
2 3352 857
3 696 3526 221
2 696 2513
1 696
2 2310 1856
1 3352
1 696
2 411 4883
1 3352
3 3352 3990 512
3 3352 1137 2595
2 3352 1435
2 696 4212
2 1973 1638
2 2429 1908
2 3352 4366
1 696
1 696
1 696
2 3352 2132
1 3352
4 3352 3097 3266 1987
4 696 3799 3778 2971
2 1513 1816
3 696 1802 3103
2 4109 3771
2 3943 585
2 1468 2991
2 3352 1972
1 696
1 696
2 2047 3009
1 696
1 696
2 3469 1829
2 393 246
2 3352 16
1 3352
2 4194 1975
2 1764 687
2 2967 788
3 696 3097 2165
2 3352 1671
1 3352
3 696 3682 2643
3 3352 4624 3203
2 696 1015
1 3352
2 3876 3313
1 696
1 3352
2 2858 1534
3 696 3410 2076
2 696 3417
2 624 3252
1 696
1 3352
2 4987 678
1 696
3 3352 2530 3317
2 3425 2480
1 3352
2 476 4857
1 696
3 3352 4246 4855
2 938 1989
1 3352
4 696 3984 2473 2772
3 696 2511 987
2 1542 1535
2 2995 3276
1 3352
2 1032 2811
5 3352 128 3305 2719 2025
3 696 384 2825
1 696
3 3352 3684 1368
2 696 1692
2 3352 477
2 3352 4739
6 3352 4876 3324 4640 320 74
3 696 2312 460
2 3352 3811
2 472 4873
3 696 883 920
3 3352 254 2802
1 696
1 696
2 2207 4262
1 3352
2 3352 4800
2 4634 422
2 1537 2264
2 3261 224
2 3774 2247
3 696 2750 2174
3 696 3613 680
2 1364 1991
3 696 4224 956
2 696 1133
3 3352 4729 655
1 3352
2 696 3849
4 3352 3035 2702 2696
3 3352 3682 3466
2 3023 3694
2 4524 4060
2 3352 44
2 1797 3758
3 3352 4568 2845
3 696 434 477
1 696
1 696
2 1932 4533
3 3352 2823 1569
2 3352 488
2 696 4731
2 696 632
4 696 4991 3939 1150
1 3352
2 696 3925
1 696
2 1587 2944
3 696 4009 239
1 696
1 696
1 696
3 696 3811 2548
2 2994 1123
1 696
2 4177 1618
3 696 433 778
1 696
2 619 1431
2 1587 1291
4 3352 3596 670 1936
1 3352
1 3352
2 3403 526
2 4386 4720
2 3667 2521
2 2665 3460
3 696 4179 2687
1 696
2 2311 2125
3 696 1553 4725
2 3826 4598
2 3264 826
2 2353 4763
2 3352 4576
1 696
2 3352 4791
3 3352 2120 2144
3 3352 2166 1556
2 4081 3810
2 3352 2898
2 587 2998
2 696 4552
2 1833 3550
1 3352
2 696 3076
1 3352
1 696
1 3352
2 2095 4698
2 3352 2424
2 3352 1236
1 3352
3 3352 2094 3315
2 3352 60
1 3352
2 327 303
3 3352 388 2123
2 4263 2066
2 696 3123
1 696
2 3781 2656
1 696
2 3352 2333
2 737 3707
1 3352
1 696
2 696 429
1 696
2 779 3364
2 1963 1378
1 696
3 3352 2124 3655
2 3352 4715
1 3352
1 696
2 3352 1629
1 3352
2 696 4445
4 696 4850 4339 560
2 3352 1187
2 3888 2871
2 1598 4163
2 4911 3712
2 23 2593
1 696
2 3912 158
2 3352 1460
1 3352
2 3352 2772
1 3352
1 696
