5000 3
1 2358
4 3124 1577 4532 34
4 1520 3135 2550 834
1 4310
1 1608
3 1776 3497 4111
1 1663
3 4052 4660 2936
2 4763 1683
2 1517 3390
2 3754 2875
8 916 1110 3367 4812 249 955 3275 3221
4 2211 1121 2834 2598
2 4492 2100
5 4962 238 2864 2019 3400
2 84 327
4 4617 3874 450 2285
1 3115
2 3406 4305
2 843 1679
2 2405 3063
1 2723
2 1227 2852
5 2380 1539 4922 742 1673
2 1409 4799
2 4020 82
3 3502 1588 4557
1 955
4 2852 3479 2716 4295
3 3295 4986 4301
2 4591 4404
3 4002 2477 3146
2 2591 2910
2 2095 3115
2 4530 1
1 846
2 3038 1272
6 1554 1974 204 4996 2638 2143
3 3254 3915 699
1 2177
2 2926 1550
1 4667
6 4226 4530 4623 4789 1253 761
2 721 2216
2 1222 4462
4 1011 4984 609 1026
1 2647
3 4529 2153 1475
3 3963 1819 3518
3 2192 1862 2308
4 4625 290 3660 3424
4 950 1134 692 2920
2 3672 2729
3 2988 2490 918
3 2793 4441 694
2 275 4545
2 2886 1396
2 4017 1049
4 1061 2357 2257 1315
2 2672 2774
2 2006 2627
1 4256
1 4927
1 352
2 3777 1159
3 3551 4867 1257
1 1527
2 3320 1116
3 297 2023 4239
2 4446 3440
3 4924 1544 338
3 4053 1473 964
2 3342 3696
1 3052
2 4995 4102
2 1674 3459
3 632 4827 320
2 2104 1659
3 436 1742 1152
2 1109 2710
2 3335 3516
2 1301 1708
2 4482 25
2 4180 3085
2 15 3153
1 871
2 3787 3303
1 1861
2 201 4120
4 4582 2861 4005 2511
3 1507 3529 2055
2 1435 4475
3 933 3547 4373
2 248 245
3 4993 2773 3276
2 3004 1931
2 987 1353
1 3250
1 3472
3 1511 3620 1989
4 2591 4257 4374 4684
2 4053 2110
5 424 4492 4016 219 3077
2 2412 3335
3 272 2516 3962
1 3257
3 332 1587 2636
1 2002
2 1549 4921
2 648 3819
3 3608 4641 2227
2 3397 494
4 4576 1055 571 4513
3 3016 1188 2969
2 4666 4344
4 3538 2393 2117 1026
2 601 4177
4 3353 1047 1282 654
1 2315
1 4822
2 1328 510
2 2163 1976
2 519 1873
2 1040 3998
2 3832 3558
2 2043 3649
2 4276 578
1 2938
3 2739 4255 4926
1 447
3 3326 4424 2531
1 1383
2 2983 4729
2 2848 2057
1 729
1 3190
1 4310
1 710
4 3944 3066 2730 2885
1 2908
3 2294 4632 190
2 3509 4857
2 2139 4912
2 3972 2686
2 2964 4876
4 4101 3825 4939 3173
1 2668
2 4312 4777
2 828 2057
2 2534 3141
2 1400 3895
2 3822 262
2 156 2401
4 2660 3717 2007 2769
1 4888
1 4089
2 3216 152
3 2719 4966 3484
2 2318 1463
2 4523 254
4 4800 4590 4839 3711
7 1674 4164 1350 993 512 679 4323
2 2032 4246
3 1320 4751 1329
3 4399 3435 3676
2 1451 4171
1 3117
7 2251 2976 4904 4182 1865 398 686
1 4912
2 2183 3428
2 4972 2705
1 1536
2 2627 1805
2 789 3277
4 651 3766 777 3336
4 2037 2825 187 2603
6 776 3378 778 179 3582 2526
3 2350 2617 4814
3 2171 356 1626
2 176 1062
4 4596 1789 3735 591
1 2709
2 2631 2614
1 1432
2 223 4687
1 3966
3 4229 1740 2242
2 175 2532
2 2362 370
1 1630
1 140
2 2318 2961
4 2700 2260 3040 3406
2 3836 2039
2 3425 4297
2 1902 3049
1 3726
1 990
1 1678
2 858 3805
2 1616 2188
3 3494 88 1758
3 3162 2087 3605
2 2610 3549
4 37 1497 3499 1687
1 632
1 1226
1 507
2 4220 2326
2 1027 2308
2 4048 3007
5 1604 1528 4539 2232 4981
2 607 3904
6 1892 4701 2115 1829 768 1701
1 4919
5 2617 1461 3269 1322 2160
4 1185 644 1737 2963
2 1802 1548
2 3208 3129
2 769 102
3 1572 2514 3516
3 3186 3555 2236
2 3959 2633
6 950 2863 4731 184 2570 413
1 4478
1 4764
3 2310 3879 1617
2 2037 2973
3 3387 2854 430
4 472 3243 944 2890
2 2198 1074
2 3007 1169
2 2998 3282
2 1318 4816
2 2631 4912
3 4118 515 1019
3 927 1725 649
2 4519 2121
4 4633 14 3206 3363
2 2192 1657
2 3746 725
4 1582 1490 3793 3871
2 4943 4419
3 2003 3573 703
2 2514 2638
2 93 867
2 1870 2158
1 3563
2 541 93
2 11 2617
2 1775 3480
1 3877
1 748
1 2507
4 4340 159 4640 1897
4 1016 448 1019 1858
2 4958 1900
1 3151
3 1408 4731 274
2 263 3318
3 3177 803 2287
2 1054 3536
3 1135 151 4833
4 4741 3186 4316 259
1 1435
1 3473
2 1414 3084
4 1612 291 1646 616
1 1010
3 2725 4237 4045
2 2858 913
2 2388 665
3 2793 3149 104
1 2869
2 4002 258
4 676 3080 55 1717
3 1509 1297 1401
2 1717 4219
3 2618 2745 2899
1 723
1 889
3 296 4543 411
3 574 2498 1184
1 624
2 4520 450
2 1022 557
3 2097 1075 2459
2 4333 4009
1 3503
4 4079 2064 3712 4285
3 867 50 1013
3 4683 267 4386
2 4059 1934
5 2006 3513 1866 1100 1927
1 2766
1 1773
4 281 1874 3981 823
4 68 1746 4481 1033
2 4245 4113
3 2955 4039 903
2 1782 3147
1 3071
1 1438
6 4073 2972 3968 4819 4422 3771
1 3531
4 3855 661 1250 4294
2 699 1940
4 2404 336 427 481
1 4447
2 4965 3534
2 534 3181
2 1966 4937
2 4750 3380
1 3215
5 4434 4061 3297 4188 3731
2 1946 2331
1 2518
2 907 3958
1 2205
4 713 4309 1959 4133
1 76
2 3972 1171
3 3930 2595 3585
4 752 1941 4517 4194
2 757 2398
7 3124 1725 1960 1133 1181 3470 3109
1 2622
3 15 1859 2292
6 1581 710 3536 4080 4224 4169
2 3497 1512
1 1537
2 4884 886
2 106 3664
2 1993 2839
1 1513
1 841
3 4742 307 4220
2 388 4412
2 70 800
1 3176
1 826
3 1297 1669 1909
3 4659 2875 4296
3 1432 367 4130
2 4311 2491
1 1709
3 1568 4330 4991
3 1393 4904 2901
3 1214 2933 1783
2 1402 3900
2 1697 3822
2 2001 2537
2 2088 63
1 2485
2 4257 4822
4 504 2660 463 4281
2 983 178
3 3593 4900 4239
2 858 3009
1 3072
2 2538 1085
3 3720 2866 3034
1 3838
2 3440 3042
4 4012 1098 3197 2446
2 1345 2767
3 3546 4622 3199
2 343 4181
1 397
2 662 657
4 188 4478 3140 1863
5 4101 458 3953 4715 4200
1 3698
4 4164 1880 2122 3312
4 2761 3788 849 3114
1 4278
3 1136 2015 925
1 2726
2 3447 1689
2 4552 2970
2 4824 3997
1 4258
1 2235
2 1456 4296
2 428 454
2 3332 1360
5 1588 1551 868 2298 1358
4 2009 3021 2216 590
3 774 1032 337
3 3910 2080 2378
2 2218 2575
3 3025 3181 2224
2 1152 2994
2 2195 3530
1 4178
4 3559 4717 2505 1231
3 1420 2726 1278
2 462 368
3 167 2090 4684
3 3681 4407 3987
6 1118 2843 1287 3481 1176 4446
1 1632
4 818 2423 2541 1324
1 4260
2 4061 4595
3 1549 1163 4620
4 1878 3617 610 2541
5 617 3129 1860 1979 2753
4 2480 3096 1222 4647
1 4611
3 1996 3302 3547
2 887 281
1 1759
1 223
1 1671
3 523 1040 1840
2 2913 4861
2 4302 804
1 4974
3 3358 2138 4866
1 837
2 1953 4227
2 1653 4537
3 1095 2853 2127
5 3322 3252 4354 4566 102
3 1260 4291 1382
3 4040 3535 462
1 307
3 867 660 384
3 2887 2559 817
2 228 659
2 3361 4223
2 3444 3229
2 1595 687
4 812 921 2936 755
1 4977
2 2068 78
2 3473 4680
2 1498 1644
3 4800 558 4537
2 572 3713
4 756 3252 2376 2962
1 2306
2 1733 924
3 2573 4353 3382
1 4600
4 2053 1126 1100 3283
4 3705 4783 129 3357
2 3093 255
2 4480 566
2 284 16
3 3866 835 4724
3 2797 4849 1947
2 652 1195
4 3139 3807 751 384
2 3097 2939
1 1500
2 790 1957
5 2377 872 371 2214 4197
5 2073 548 2127 3354 3488
3 490 4267 4734
1 2163
2 426 397
3 2936 355 3090
3 1612 3670 3481
1 3662
2 1735 4639
3 1769 4936 1814
4 3031 1435 4753 1034
3 3030 476 995
1 4561
1 3476
2 229 2193
2 3103 2933
4 4910 3556 1402 3365
2 678 2239
8 2085 469 2596 2355 2198 4464 3253 3434
1 2316
1 3051
1 4131
1 4127
2 307 2652
3 3902 898 2229
2 3260 4669
2 3960 3206
3 1064 3532 829
1 2231
5 1238 1207 2050 3745 1245
1 4160
5 4824 4573 2000 3998 4348
2 460 3060
3 3992 1848 561
3 3913 3024 1741
2 2260 2605
1 111
1 2932
6 2211 3426 1678 1896 3074 893
1 551
3 931 4199 1523
1 898
3 3306 2851 3262
4 2803 1227 4718 4019
1 4844
2 4150 540
4 2012 4482 355 4727
2 4244 1778
3 1228 896 1522
4 2686 1901 207 4274
1 576
4 2194 2692 2364 1386
2 2757 120
6 1497 3160 2822 1392 2270 554
2 161 1839
2 4300 2519
2 3907 4273
2 235 3403
1 813
3 2410 4641 2173
1 1928
3 122 3317 3089
1 1900
2 3131 4539
2 1267 2867
3 415 3954 2975
2 1727 2435
2 1022 3752
2 3032 2467
3 1316 1717 842
2 1538 4629
2 2540 4826
3 1726 1007 4210
3 2213 4600 4853
1 3025
1 1087
3 2883 925 310
3 4338 3568 735
2 4630 1444
2 1668 3852
5 4561 1103 4613 2483 3889
3 840 753 4018
2 1068 503
2 2405 248
2 2276 3363
1 4753
1 2514
2 4112 4896
2 4372 2515
1 866
3 459 4815 4574
4 1867 1991 2463 690
2 1340 3601
3 497 3453 3171
7 1581 1775 943 4329 1716 3933 3272
4 2490 3250 1515 1029
2 511 2485
1 1426
1 1413
1 285
3 439 4142 4906
2 1763 4810
2 3137 772
2 1986 491
3 3850 3683 1780
1 4351
1 2165
2 3154 4094
2 4665 449
2 1713 3553
1 2976
2 2699 4571
2 2061 3930
2 112 1723
3 1442 3187 440
2 3055 4338
3 282 4265 2704
4 3720 619 638 1751
5 1536 2192 2994 2494 508
1 3812
4 3081 907 126 4476
2 2884 2009
2 2771 2690
2 4223 2924
4 801 1858 4401 2812
3 4205 4749 4345
3 1492 4449 4770
3 4526 3110 2562
1 4562
3 4955 2017 3893
3 1810 4063 3779
1 4970
2 387 3178
1 180
4 3194 4730 1837 1173
2 1949 2497
5 4606 1063 1987 1934 2775
3 3076 860 1979
4 2265 1158 1757 1194
3 4159 2306 1605
2 4882 4180
1 4778
2 4519 2041
5 2213 3317 116 825 1433
1 2760
2 1286 885
5 1057 1351 4505 4845 4756
2 742 4189
2 4245 4879
5 1612 3162 3004 212 1774
3 726 2231 4696
2 2979 45
3 406 2138 2682
1 2395
4 747 3632 3946 3503
3 3839 3717 1700
3 3964 4803 4817
4 1258 716 2017 3984
2 267 3334
4 1540 3225 407 738
3 4973 4813 3373
3 4786 575 3708
2 3213 2693
1 1053
2 3147 3075
3 4639 829 1646
3 283 3053 4618
4 1046 4336 1895 3663
1 3670
3 1588 3894 2008
1 1466
2 3754 4791
2 2210 3316
2 4244 2111
4 1467 3899 205 76
5 3371 3207 4437 974 2527
3 4255 4994 1920
4 4781 3845 1785 3070
2 668 2196
4 3955 4606 4923 2114
2 575 3845
4 843 4748 1008 1289
3 3950 1804 4509
3 1892 3035 4467
1 762
4 4380 3736 4413 1794
2 216 3244
1 4172
5 3709 1248 1325 2446 3518
3 3429 2507 811
5 2534 1332 3250 109 1566
1 236
2 1568 4402
1 174
2 453 1815
4 1507 2822 1707 3325
6 4240 117 2768 1550 2789 2999
1 2388
1 885
3 4040 369 1208
1 4833
6 1683 1297 2281 430 1700 3728
2 428 2148
3 2353 3839 305
3 4666 369 1148
1 4438
4 4391 4733 3195 3569
1 271
5 4468 2720 2051 737 2727
3 3480 735 3233
2 1209 636
1 1081
4 4199 1197 2005 4645
4 2735 1377 1803 2860
1 2950
4 3265 3010 2096 4880
2 4028 4452
3 4973 3930 3813
4 4256 3784 275 938
1 1076
2 4310 475
2 161 1967
1 2875
3 1677 796 888
2 3532 1499
2 4361 3634
3 1384 806 2643
4 2766 1205 4707 2331
1 167
3 4064 1645 433
1 2888
4 3352 4779 3443 1803
2 1970 549
2 1138 2808
3 51 2281 2906
2 3711 2434
1 54
2 725 3274
2 2964 1758
1 4971
2 733 1620
5 38 4299 2481 1402 306
1 4988
3 1520 2689 2407
3 4436 1447 732
2 2031 243
3 779 1743 2263
2 769 1549
3 3661 4998 2996
1 4033
4 3864 3177 3596 4116
2 3120 1986
6 4762 1568 1230 328 137 2176
3 4020 3084 2206
1 3484
3 3510 4141 319
2 1984 1055
3 4037 2685 1091
3 2358 615 1590
2 4892 3004
1 2514
3 1795 1734 3573
2 2685 1399
3 43 1303 1237
4 4280 2928 960 1487
2 4261 279
2 3409 3495
2 240 695
5 2543 3545 3386 1472 608
6 2332 1091 2035 2426 3338 3813
2 1286 2427
4 932 134 957 3281
3 4276 3594 946
1 4599
2 2970 702
2 698 2589
5 2214 4159 2759 1983 4619
2 667 535
1 1487
2 3721 666
2 617 1094
4 2422 2995 4487 1543
2 1664 4440
2 1533 2842
3 2322 23 605
2 1340 3278
2 4006 1104
2 2484 1247
1 4298
6 1686 612 3225 3653 2401 4938
2 2626 252
2 3977 4896
3 917 4285 2323
2 2689 454
3 323 1983 1440
7 1007 539 2898 3335 3621 3449 2542
2 2163 4887
2 4654 434
2 441 3419
4 2194 324 1269 4269
2 3397 3280
2 2710 4582
2 766 4395
2 3205 42
4 1868 2118 642 1090
1 4256
2 3019 4756
1 1179
3 3902 1080 760
1 3620
2 213 3848
3 4085 705 219
2 1884 3099
3 3265 1620 4495
3 1812 2405 560
3 984 1773 4804
5 1616 1860 388 4367 3996
4 1525 3408 1371 2456
1 176
2 174 3533
2 176 3883
3 4154 704 2706
2 2767 3167
2 1481 1901
2 3787 2207
2 980 1685
5 1538 3218 1543 2038 4251
4 3900 3690 2496 2100
4 1709 1267 2241 1846
2 3638 1120
1 2058
4 1520 1913 1952 173
3 3375 2855 457
2 2855 1528
1 1146
4 3790 2367 4554 4682
2 3857 3311
2 3429 4748
3 1318 681 1718
1 3303
1 4443
2 2626 3037
2 2860 338
4 3462 4352 947 582
1 2941
1 260
3 929 417 1236
4 1540 4900 4041 1968
4 1021 1049 3131 684
2 1214 1785
2 3060 3897
1 4848
2 3947 4797
2 1215 647
3 4101 434 4829
3 4154 1436 516
2 4778 1765
1 2107
1 2697
1 429
4 1577 402 2604 1236
1 3785
3 2816 2038 1215
1 2211
4 3552 2083 2544 4175
3 296 1050 4880
1 862
4 1776 601 1604 4551
5 340 3687 2892 1467 1946
2 2365 4970
3 148 1634 1784
3 485 4734 623
2 4302 950
5 2029 2796 2121 1004 935
3 3821 3808 4124
1 970
4 2 3849 4291 2533
2 4992 451
1 1123
5 420 1112 2844 2520 2379
2 4253 2428
4 4552 2372 1056 1705
1 539
2 335 2740
2 527 2317
5 19 639 2398 3541 2227
2 3838 4567
2 3093 2520
3 35 1691 4056
1 1063
3 1902 3568 3511
3 374 2799 4021
2 2472 4834
4 2782 4080 3372 2987
3 3801 2134 2792
2 2157 1759
1 4482
1 1977
4 1999 2608 1278 1647
2 888 1517
4 2041 3350 199 358
1 3037
3 595 2910 3950
1 4528
2 3646 824
3 1516 2992 4176
1 4890
2 3385 4957
3 1918 2411 547
6 428 290 4234 2052 2238 245
3 2009 386 1382
3 1518 3827 1149
1 3346
3 4241 1824 85
4 3115 458 1409 1920
3 4144 4802 2881
2 1027 3955
1 2967
3 3428 3543 2829
4 1738 4242 1425 3638
2 4900 4498
3 4654 1432 2724
3 2230 2380 4843
2 3331 3435
2 4052 3804
2 3295 4523
1 3482
4 3232 4002 603 656
5 2446 1339 4015 2152 331
3 1012 4437 411
3 681 3889 857
3 2131 3664 280
3 1988 2258 3991
4 2153 1003 1157 1146
5 1904 3910 3418 3600 1596
4 4134 496 949 4851
3 4962 1867 4396
1 3032
3 3489 1714 506
2 2863 3710
4 4203 1327 499 482
3 984 2474 3288
3 3426 3561 4587
3 4592 3573 2322
6 3480 2346 2834 1500 2946 1660
1 299
1 2738
2 1573 4897
3 1802 4754 2552
3 3864 578 317
1 4145
2 2765 3345
1 3105
2 4164 4586
2 3167 2407
3 270 1657 4891
1 4496
2 2405 1877
3 11 3381 2445
3 4312 750 939
2 53 1441
3 4519 1501 2293
2 1113 1150
3 3948 434 3101
4 2416 3413 4213 4397
4 2074 2000 1383 1314
2 443 4123
4 376 534 4221 4248
3 1205 2578 3178
3 236 2864 3826
2 2337 4465
2 2654 804
2 4204 2605
2 3502 498
1 729
3 3559 4192 92
4 1586 1130 4362 2180
4 4182 831 2045 4581
2 1369 3245
2 2698 1254
3 1420 676 2877
2 3068 917
2 3141 2611
1 1672
2 3463 1910
3 1077 552 2559
4 229 1343 2579 4565
3 1318 3396 1593
3 730 2419 1126
3 2892 801 4393
1 2085
1 893
4 223 51 830 1916
1 1793
1 3105
2 4653 2108
4 1598 3150 4534 3730
2 11 27
4 4013 4477 3549 1020
2 729 3536
3 3568 3637 4852
2 1813 2739
3 1534 722 2733
2 4992 3849
4 4933 2950 3901 1251
3 2450 3200 3701
1 71
1 3694
1 2720
2 3439 1536
3 1767 2909 4980
4 3919 3318 1799 2634
5 4245 3065 1560 2659 833
3 2468 3766 1833
1 4848
2 4831 3033
1 633
3 1932 3426 1519
1 4100
2 1408 3619
1 3697
2 3555 3035
4 4284 2965 783 4379
2 2555 3833
3 4033 3037 4416
4 3967 1649 998 356
3 899 773 2830
3 1814 4341 1265
4 1077 2133 4767 3217
2 1935 96
2 3182 1799
3 4340 4158 3433
3 1063 2108 197
2 3190 3915
2 3218 4102
5 161 3936 4014 3305 1404
3 1632 1776 4954
2 469 3842
2 3102 3705
3 1938 3023 2508
2 2289 983
1 1577
2 3157 2630
3 2097 2062 4370
5 1661 1854 1482 3106 4476
1 891
3 1203 831 2517
2 4137 2321
1 1458
7 530 753 1134 2618 2184 2439 2682
1 639
3 1613 3447 2234
3 4331 4312 268
4 3723 2646 45 3880
3 2841 2010 887
2 1263 290
2 2520 4056
2 1604 3228
5 1302 255 1738 2933 3151
3 4385 4264 4461
3 4910 4874 4502
3 235 255 4472
1 956
3 806 4660 2821
4 3680 2129 285 525
3 1138 4527 3859
2 3902 3721
3 2975 2406 3357
2 115 45
4 1202 3927 209 874
1 3053
2 3838 553
1 2342
1 4558
5 3068 4205 2462 1318 388
1 297
3 3425 468 4597
2 4180 1481
1 1200
3 2411 3919 4063
4 1782 4333 3226 2521
1 3179
3 415 123 4155
1 3975
1 2294
4 2208 1554 4388 3314
2 1174 1928
2 4808 1797
4 2871 3243 1898 625
1 117
2 4582 4541
3 806 57 3174
3 2545 4987 823
2 3247 2255
2 1319 1077
4 4583 1192 1828 621
5 2219 2732 4610 261 1659
3 112 1922 714
2 839 4189
4 604 4718 3686 1416
2 3510 3403
2 3704 3530
1 1880
6 2960 2011 3441 1941 58 2904
3 3856 4985 179
4 594 990 3351 847
5 4829 1628 485 3461 1296
2 2772 4941
2 1421 4193
1 3136
6 4383 3825 1163 540 1429 1959
1 4927
3 2979 4474 2226
3 4808 1844 2538
2 1321 2557
2 3770 3954
3 2952 230 1592
3 2936 286 4129
5 4787 2353 2091 2307 677
4 4235 986 943 1052
2 1642 4072
2 1168 3763
3 3770 766 3170
3 3588 2243 669
4 4596 1411 2119 2168
3 1325 4330 4501
3 1994 2457 1131
2 360 4744
4 3065 2655 1760 2190
3 3702 3399 533
1 1683
2 4292 3888
4 762 4793 2593 3810
2 727 715
2 4123 2305
2 2131 1108
4 3038 2855 1384 738
2 1186 423
2 1641 1743
7 2049 3557 3293 1310 4635 1916 1326
3 3535 364 1771
4 4017 2985 3408 2105
3 293 446 3558
2 4668 3804
2 4921 2635
2 538 1621
3 744 3249 4632
2 4188 2062
2 2039 2888
1 3615
3 2462 1093 1836
4 2693 3411 79 1981
4 11 3385 1585 3628
1 3607
2 1993 837
1 920
2 2796 2759
1 3520
1 67
2 4305 1526
5 400 1211 1887 4977 1216
1 3986
3 2979 1291 787
3 1435 12 2093
2 4757 2484
4 836 1350 1853 4948
1 4030
2 4857 2882
2 946 446
2 3535 3358
1 1962
2 2988 2616
4 934 2854 2350 2032
3 3878 1084 3858
1 4575
2 325 4240
3 3717 1007 51
4 3344 2725 262 4156
6 3598 1674 4834 1182 376 3679
2 4738 2502
3 1023 691 3746
2 4582 3175
2 4008 3119
2 1680 3520
1 2396
2 2608 2908
1 4441
2 4590 3471
4 891 792 2835 2077
2 4039 3313
1 662
3 869 2509 2712
3 920 1686 2606
2 2472 1452
4 1893 78 3356 392
2 2998 4137
4 4665 1679 4612 2482
4 3209 1767 2890 2324
2 3979 4779
3 891 3758 2229
2 1316 596
2 1398 64
1 2213
1 2873
1 3539
3 1068 405 1169
3 3941 4707 2701
1 2757
2 4311 3163
4 4150 2202 4194 3906
3 2875 1079 2465
5 1163 231 2333 4560 2982
2 1496 3441
4 2967 1806 2091 321
1 4759
2 592 4278
3 3147 3117 1044
4 4939 4329 3077 2937
2 3788 400
2 2871 2449
3 1677 3816 3008
4 765 3245 1950 3017
2 1423 3708
2 325 1911
1 1136
2 1354 1496
1 282
2 216 3377
3 1095 1876 2394
2 1558 3158
3 4863 113 3176
3 4941 3389 4167
1 4029
1 3641
1 1053
2 3790 1211
2 596 1369
1 453
3 2192 4252 2269
4 670 1367 3274 3164
1 1353
4 4637 4755 1502 4510
2 1036 2709
1 4100
3 4690 1027 2375
2 2265 1004
3 2671 2387 4759
2 685 926
1 4911
3 3134 487 4875
2 657 3231
4 1228 2729 668 2437
2 2432 4419
3 3662 1118 1193
1 3841
5 1421 1247 1873 4940 2914
4 1997 807 348 4078
5 4800 820 1229 1561 811
1 1118
2 1762 2499
2 1648 1360
3 4659 3285 1252
1 4178
1 1526
4 408 2947 44 4021
1 2278
2 2317 4204
2 4523 3929
2 1827 206
3 501 4252 22
7 1335 3442 506 1209 2122 4125 4127
2 1215 3286
3 710 4288 3685
2 395 4929
2 4245 4919
5 1238 1321 1734 2049 3697
2 2574 1712
2 2082 1834
2 818 804
3 721 4615 3799
2 1233 487
2 1766 2990
3 3757 2464 3445
2 3380 3314
3 3948 3127 4812
6 3082 4264 1357 4173 2300 4705
3 3834 3138 3728
1 487
2 1583 4899
2 1213 745
6 4298 3618 646 4283 3136 4506
1 2681
3 2042 305 2747
1 962
2 4299 1219
1 42
3 937 1635 3338
2 2950 2731
2 4987 3964
2 2765 65
1 615
2 3366 2573
4 4312 4092 425 4497
2 1533 2890
3 4799 1811 4713
4 2972 3340 3533 1013
1 1432
1 985
1 2700
4 4163 786 1970 522
6 4040 3095 1907 2628 1948 2721
3 757 4573 4685
2 4600 3757
2 3751 2921
2 2196 36
1 4500
1 4656
2 2939 4889
4 1698 2011 4236 1277
2 1276 2144
2 396 856
1 1552
3 4680 4304 2734
5 2613 1388 3524 3700 1973
3 117 2194 3058
2 3879 4237
2 2675 2354
5 4992 1673 3104 2106 1532
5 3586 2954 728 603 1607
5 400 3786 3731 3438 2019
2 3110 4534
2 4147 639
2 4603 3555
2 2341 1120
1 3750
2 3333 1877
1 4320
2 4322 2433
1 1064
5 276 659 3051 3507 341
2 1987 4107
4 2601 2265 4503 4676
2 4561 1849
5 1951 2896 81 1344 4133
1 1016
2 721 4013
5 2028 2129 1897 1387 2262
1 4945
3 4244 4603 4522
2 2103 2642
2 3289 2070
1 3139
2 1097 2566
1 3907
3 3350 4950 4001
1 4335
1 923
2 58 4225
3 1158 527 2286
2 2208 3529
6 1032 1638 796 945 233 2382
2 4457 1052
5 2545 163 2718 4903 3437
5 1233 2371 1574 2313 1072
2 215 1748
2 2161 1543
1 402
3 4421 646 1083
1 1097
4 3086 898 1583 2104
4 4318 3180 120 3643
3 163 4380 1499
1 2702
2 4919 2652
2 3472 648
3 4727 4969 2548
2 4272 1420
2 1228 2474
2 1619 3867
2 1862 1536
1 1422
5 1776 3208 886 2124 2817
3 743 550 2320
4 4273 2492 4174 2038
2 3228 4398
3 2350 944 4978
1 1301
3 4822 2271 365
2 1569 4997
3 3192 3454 4836
2 1773 3018
1 4031
3 161 1123 3264
4 1460 604 1652 4486
3 2691 3910 2884
4 3196 96 4460 1198
2 1183 3172
4 4484 1995 1407 2633
2 2960 3077
2 1243 4678
2 386 1800
2 4872 2848
3 3121 385 1218
3 2591 3588 2444
2 3366 2239
1 1414
3 2166 4321 4511
2 2785 3975
3 4382 1860 4794
4 1653 1197 3897 4293
2 2220 1883
3 2144 936 1194
2 1375 3547
2 775 2065
3 2381 2409 4843
1 4142
3 4768 1978 3624
2 2497 1370
1 3472
3 671 4334 1477
1 2213
2 1428 4279
3 3659 4878 1869
2 2722 1708
2 868 425
4 923 4098 131 4370
2 1094 684
1 3931
1 509
2 1304 2612
2 1281 3207
2 4099 3809
2 1647 3744
2 3735 4463
4 511 3712 4035 4347
2 2657 347
1 1524
2 3209 3314
2 4842 56
2 3328 1441
4 2430 4415 3561 1159
2 2046 720
2 150 2850
2 276 2714
3 699 474 349
2 3346 3673
1 993
2 2960 3059
2 3913 2775
1 1355
3 1812 977 258
2 872 24
2 3977 1597
1 1082
1 1435
3 556 3219 4278
6 4820 2034 266 3388 1363 4840
1 2362
2 1057 2054
2 1894 2051
1 2340
4 4677 3260 1597 2072
3 396 938 1334
7 1213 3853 3896 1066 2201 1676 4627
1 1338
6 1680 4208 2274 4195 1180 2206
2 3213 2043
1 877
3 3899 4463 555
1 2084
4 4311 1974 1379 4055
1 1068
1 1508
1 3141
6 2491 4425 1264 879 343 183
3 601 2013 1943
1 4174
6 3612 468 1412 1121 91 264
5 4377 2695 1563 813 2706
2 4666 4051
2 302 4972
3 3825 2540 4775
2 752 1833
3 1397 3037 918
2 572 4719
1 1604
1 536
2 4199 4161
2 2648 4371
3 702 2432 4431
1 2038
1 1528
3 1536 1697 2476
2 2899 165
3 3788 1151 4868
1 3697
2 2350 4594
2 4965 2982
2 4546 383
2 4907 3533
3 1006 3133 1975
2 2615 4539
3 4240 1351 4651
3 1719 215 3789
2 2419 4225
3 4219 158 4213
1 4682
2 3371 4751
3 3646 1635 628
4 826 632 2149 3491
1 3257
2 2939 4613
1 3197
2 1598 4516
3 726 4675 2859
2 71 3627
1 3610
1 47
2 1726 4967
3 1377 4358 3650
3 3453 3559 3548
1 4495
1 4998
6 1035 4110 4575 4887 781 4993
1 1002
2 4686 4885
1 2725
2 3406 3364
2 4362 3096
3 2173 722 736
1 2142
1 4110
3 241 3106 2363
1 3872
3 584 1546 2136
2 2535 1879
3 4245 2587 3070
1 3959
3 1183 2691 1170
5 4244 2758 204 511 1718
3 4289 438 2366
2 682 1329
3 1869 902 456
4 3576 2475 919 3884
1 1199
2 3915 4714
2 4313 2086
2 4250 3447
4 2618 4114 4238 3616
6 3709 1656 90 2952 653 3405
1 1430
1 276
2 4138 3361
4 2294 99 3686 2812
2 329 3442
2 4186 334
1 3088
1 553
2 863 4887
4 4636 1590 857 9
3 869 2175 3256
1 975
4 2 789 3415 701
2 4154 2900
2 3992 506
4 1545 498 4062 1779
2 3385 1394
2 4020 775
5 2556 1221 4512 1117 4401
5 2723 4531 3005 4635 66
3 1449 211 791
1 4800
2 4009 4113
2 4146 1749
2 1285 2748
3 4352 741 1261
5 3021 4190 960 4744 1985
1 1828
8 1450 576 171 4902 2763 1337 967 2329
2 1868 330
3 3282 528 784
2 23 3919
3 805 2518 617
1 4820
4 3577 4225 2217 3125
3 739 784 1323
3 2890 70 4345
3 3878 1523 2938
1 1492
2 4658 3133
2 217 1582
8 405 1798 4545 4727 3251 108 705 4645
3 3455 654 40
4 2689 386 3490 2230
2 3898 1279
2 2081 2931
3 1043 37 4202
3 3834 2255 4873
1 2851
1 2679
2 3660 1187
2 4497 2505
2 4500 970
2 1215 2606
3 4298 2488 3743
1 1436
5 3545 3705 2518 2145 4168
4 1829 3995 2984 1973
1 648
2 2745 4313
4 346 710 650 1986
4 4541 1692 2228 1346
1 2854
1 2425
2 3662 220
3 2614 3952 905
2 1321 1958
2 1702 3746
1 3948
4 818 3826 1 999
3 4358 3388 2802
1 1800
3 2260 1773 2575
5 2550 3577 328 552 2856
4 2639 241 1548 3464
3 2621 1327 1246
2 4907 1878
3 1110 4617 3400
4 934 2198 3890 2609
1 106
5 627 26 4103 386 3775
2 3623 2122
2 716 1517
2 3702 1653
1 1074
3 3590 945 4705
2 2067 3814
4 1813 2919 433 2179
3 892 2443 2116
2 1410 1419
2 954 1471
3 3641 2165 2532
3 1916 4790 4676
1 3710
2 3409 3598
1 4003
4 825 211 1015 1443
2 597 3165
2 2972 1666
2 1286 2311
8 4436 4857 3492 3973 3689 4832 4471 4
2 2357 1797
3 4134 3768 2113
3 3214 4360 2076
6 4535 2848 267 607 3671 464
2 1009 4220
1 3153
1 2202
3 774 200 4943
2 2730 226
1 2483
7 2452 1725 1984 1336 2319 2283 3159
2 771 698
3 1882 1103 4899
1 1786
2 3030 2625
3 2153 3006 1766
1 3694
2 4035 178
2 4159 1785
3 2785 2767 1064
1 4146
2 4927 189
2 2725 3194
3 3729 994 401
2 4328 3284
1 828
6 2919 4719 3407 1466 3414 1254
1 4795
2 4552 4730
3 2886 1318 4304
1 2010
3 2826 2720 2907
2 1096 1875
2 1772 1078
3 4967 4607 4815
2 2928 438
4 3444 2284 687 2612
2 623 267
3 856 3407 1390
4 3418 3557 3888 1218
4 3713 983 2209 4278
2 4147 4122
1 3779
2 1351 1977
4 3417 1367 1591 422
1 2253
2 4017 2654
3 4535 1507 2756
7 239 2119 4697 4533 3951 913 4007
4 3642 3535 3961 3544
3 4755 1054 77
2 2481 902
2 2245 1002
6 4825 1852 4415 4802 4106 3942
2 6 2808
5 4782 1678 4935 2470 740
2 3284 4790
3 3684 4406 1606
3 3919 2540 3234
3 4474 537 4580
2 2977 341
1 4425
2 2932 414
3 1710 2438 941
2 1285 23
7 1902 161 1136 4648 4774 75 1969
1 4459
3 1421 1786 1687
5 681 3661 2350 1178 3138
4 496 1664 3057 198
4 19 1154 3517 4416
3 1141 1423 3044
2 4276 2110
3 3698 3968 2562
3 659 8 1088
1 4389
2 783 4410
3 747 1150 2170
4 1676 204 3273 4518
4 3406 1813 3640 1855
3 3635 3303 378
1 2456
2 2192 846
3 1732 1569 4901
1 3722
1 3857
2 3332 2776
1 4791
3 1450 350 3988
3 1797 2489 1276
1 3704
2 613 659
2 2918 213
3 3652 3913 1575
4 2957 4131 4065 2461
1 3574
2 839 3874
3 1911 3839 2828
2 653 4650
2 1381 81
3 345 1820 786
2 1672 2438
2 3225 2654
2 1234 4139
2 2199 567
2 896 2758
2 4266 4335
2 552 3609
4 275 527 2593 277
2 796 1497
3 2154 4390 1461
2 3375 1905
2 2653 3117
1 4936
2 4383 571
3 3608 4368 3376
4 236 325 1619 2702
2 530 1476
4 4929 2824 1787 524
1 4976
3 2316 2062 4023
1 3260
1 4970
4 1928 1692 2839 4769
3 443 3733 4055
3 719 1233 4214
3 466 3737 3906
3 3072 4684 2014
2 2006 216
2 1016 877
3 4683 4357 3665
4 3154 4332 4515 186
1 492
4 1988 78 4481 4314
4 1096 2887 3979 704
1 4527
1 1764
1 297
2 4137 4111
3 2917 1322 4376
2 2239 1531
3 4180 2174 4956
2 2584 575
2 2667 3457
1 4951
4 2170 4288 2315 2958
1 3873
2 1894 4754
1 596
2 696 201
3 853 3696 412
1 1086
2 4849 2739
1 1217
3 4474 3796 559
2 4842 1745
1 814
3 1624 4292 1239
6 3477 3669 1155 4672 968 1790
1 3266
3 2639 467 1842
4 2211 4641 3246 3308
3 1098 2790 3707
3 4257 1642 3445
6 3673 773 1580 1348 295 3316
3 607 3076 1896
3 3535 552 250
4 5 1339 994 825
4 3722 3180 2094 2678
1 505
2 1523 2878
2 562 3216
1 3944
5 300 4646 1038 1864 3572
2 348 1919
2 3150 828
4 2841 635 807 1627
4 2667 4500 1676 1622
1 1727
3 1881 3360 3541
2 3756 180
2 2877 1767
1 2915
1 2431
2 4110 951
2 643 2184
1 719
5 2954 3476 4856 2906 2291
5 1698 1609 1045 3498 4593
2 1549 3957
2 988 969
6 4425 4073 3572 1579 3399 1358
6 2966 4555 3351 1839 2869 3452
5 217 3255 4728 2268 906
2 671 689
3 4160 2350 640
2 172 4973
1 1171
1 2087
2 2092 4052
1 4462
3 4813 4601 588
3 1262 2121 4414
3 1408 3436 772
5 3047 2430 1688 1595 959
5 3661 467 4496 4547 985
2 652 4975
1 4197
4 1862 4073 3939 2788
4 4854 4258 4126 2464
1 48
3 2447 1709 3321
2 3992 4795
1 2877
1 2229
2 4377 871
1 2957
2 4951 2833
4 4153 2524 4792 1226
2 1053 1535
2 213 1565
2 4412 4085
1 2647
2 4907 3160
5 1982 971 4657 1440 3370
3 1235 4182 4794
1 4698
2 3537 1108
2 592 2147
5 3513 4998 3890 3958 4735
2 512 1801
2 415 3388
1 2984
1 1769
5 4849 2219 4117 4583 2008
3 1071 4040 2692
2 4046 3296
2 2939 786
1 3746
3 2997 3071 491
2 1300 4264
2 1965 2458
2 2015 3014
3 1662 3904 3384
1 1123
3 2990 1002 2267
1 1688
2 2133 2082
2 2608 4491
4 255 2112 582 4004
3 2431 327 1890
5 407 774 1366 2162 3211
3 2948 2975 87
6 3350 1817 3425 49 1337 3184
3 370 1988 4008
1 1782
3 4595 167 2424
2 293 3719
3 894 3545 549
5 1537 2387 2658 3091 762
3 4613 1380 1500
2 4076 246
2 4331 4659
1 3830
3 122 1213 2558
3 296 2568 2428
3 1641 3718 2197
2 2824 1186
5 3121 1293 915 3384 4499
3 406 1584 1937
1 1493
5 373 4972 2961 3291 1060
4 2916 1788 3792 4176
6 3992 2964 2974 3782 1621 3155
3 1368 2591 3478
1 770
3 3618 3021 4612
1 3705
3 4683 1118 3721
5 4751 2507 3971 2979 3762
2 3791 3458
2 4968 1859
1 3282
2 641 213
2 3847 1152
2 1417 1756
1 625
3 496 1774 4871
2 1304 254
2 1046 3223
1 3831
4 520 3551 256 2416
2 507 781
4 2220 848 1674 195
2 4742 3435
1 892
4 1720 4598 2894 4090
1 2862
4 1268 2389 4589 2347
1 4400
2 341 3920
2 2781 942
6 2677 3220 4859 1181 3356 1706
1 4662
1 789
2 4611 3221
3 2693 2114 2297
3 950 1097 1600
1 2726
3 2941 1988 866
3 4081 3484 1783
2 872 634
2 3312 2951
4 2797 4377 1055 4602
4 2075 3989 4525 4946
1 4478
1 3297
1 4526
2 293 3416
6 1732 3121 4708 4320 1044 518
2 2851 2422
2 2619 3824
2 2954 95
4 4392 975 2599 3283
1 3717
3 292 594 3212
1 987
4 2736 2404 3345 2567
1 1878
4 997 2056 3560 3921
1 2399
2 4326 306
2 1061 323
2 2632 4242
1 1433
1 4820
2 4473 3423
3 2235 826 315
3 452 2310 3527
2 3366 1268
6 2282 3662 3674 4341 593 2836
1 1179
1 1301
3 4271 789 2944
2 3795 421
2 3259 2783
2 2358 3180
1 3273
4 3749 2500 457 2572
2 1574 4644
2 1068 319
3 4313 325 4197
2 2877 4426
3 4527 1128 2870
2 3463 2654
3 3440 3358 2805
3 3586 2739 1850
4 4865 4085 4025 311
5 3274 2120 2636 679 2798
2 1993 805
1 1674
4 4568 1267 3149 690
2 2080 4452
1 4789
2 1281 1565
3 1428 37 4577
2 3106 1458
1 121
3 1652 2692 855
3 3120 2923 1374
2 407 595
1 4718
3 3746 1109 4518
2 4456 1833
4 752 734 2137 3929
3 1619 3104 714
2 4054 1534
4 1568 4435 709 561
3 594 2089 1298
5 1742 2099 1918 890 1863
1 99
1 2258
2 3637 549
1 2662
5 3248 1112 4529 1968 333
4 1084 3597 2360 4201
2 4692 1355
7 4951 410 3590 3911 3946 4366 4560
4 1214 3936 3446 2800
2 2096 4523
2 3216 856
3 923 489 3395
3 2210 351 4864
3 4694 2524 107
2 3117 243
1 2578
1 670
6 3510 2397 60 293 1737 2616
2 153 3532
2 627 1843
3 387 868 579
3 3739 1639 1012
6 2235 1061 4020 2986 1276 4162
4 4578 504 2199 3413
2 3760 1433
1 1736
3 2422 376 1851
1 4692
2 615 587
2 3031 2847
2 1287 14
2 2183 4152
2 4048 2084
4 2350 4622 2832 3341
2 68 3271
1 3935
1 2811
2 4033 3818
2 4425 3103
3 1304 4344 3431
2 3307 831
2 3088 2843
4 4253 3936 4906 703
2 1130 162
2 2887 3890
2 2973 1414
2 3853 727
3 3475 3845 4792
5 175 2240 4911 227 4116
4 784 1341 820 1448
4 3344 4282 193 1106
1 3277
5 600 4139 3369 858 3797
2 2759 1250
4 2282 1424 125 4366
1 3412
1 935
2 3326 1399
2 2432 4134
1 2355
2 1233 1097
1 487
2 666 1417
3 867 3606 3696
3 446 2506 3029
2 4976 1416
3 90 3083 2105
2 1938 2352
2 133 148
2 3790 788
1 3923
3 2411 3459 3421
2 2605 570
3 1105 1001 1729
2 2757 3124
1 289
3 2660 4652 1371
1 3382
4 3115 1594 4074 3983
2 436 4219
1 2217
4 3656 4073 1308 2549
2 4955 2219
2 4752 1419
4 459 2566 2150 4485
3 4203 923 4091
4 3344 1923 4263 4281
2 3244 1611
1 1146
2 3158 4191
1 4760
5 1971 2451 389 2396 3486
2 2839 1553
4 4759 2154 1235 1856
2 822 2327
4 2138 4949 2021 1427
2 476 948
1 1504
2 202 1807
2 2939 352
6 3022 4146 3290 1987 2505 3763
2 3646 398
2 1171 1076
4 2719 2609 1808 2870
2 1121 3612
1 1777
3 2809 33 3044
2 673 1998
2 286 1001
1 3029
2 1988 3915
2 785 13
4 2770 4038 3986 3892
1 4305
1 1307
3 1327 4789 77
2 2055 1099
2 1285 2409
2 3411 815
3 4377 990 953
3 2273 2362 4128
2 1681 101
2 4056 631
5 4154 3066 2357 1858 3416
3 4927 1610 2713
2 1915 637
2 213 2314
3 1596 4207 2585
3 3066 115 2799
2 762 3222
3 1082 3395 1657
3 1967 3608 4451
4 831 237 1811 2351
3 1228 373 1589
3 4528 2868 2662
2 1339 3205
1 3398
2 3608 4847
4 459 423 4915 3771
2 4031 3625
5 4046 1304 4661 1022 4728
1 3953
4 1093 889 2191 3668
2 4877 3958
3 2722 986 1856
2 852 4196
2 4199 2294
2 1492 3352
1 1983
5 2084 610 2825 419 4138
3 142 2439 4299
1 2299
1 3018
2 3465 1488
2 37 2264
4 1369 3290 2179 1277
3 1564 4264 3685
2 2574 3754
2 4878 1837
4 2577 660 2185 4836
2 1467 3947
1 2073
2 3126 4039
2 886 2771
4 2423 891 1624 47
3 1719 2082 3819
2 3342 4284
1 2814
2 3510 853
2 246 4570
1 4641
1 215
3 2489 2447 1323
1 1860
4 121 461 754 4286
2 4457 4027
2 564 1599
2 4321 1364
2 4061 4391
3 1082 3068 3868
2 3793 4793
3 1686 2955 1754
1 178
2 2175 2708
3 517 4311 1487
2 1750 4978
3 3080 1518 2172
2 3492 710
1 39
1 4995
2 2144 1595
3 3386 934 4409
1 4521
2 3824 4904
4 169 4131 2020 4010
3 1007 3743 1794
1 2148
1 3847
1 3836
3 4283 200 2623
2 4077 4723
3 3939 1086 2845
2 2131 3006
6 1196 576 1691 3550 49 239
5 3661 472 4799 4601 4773
4 757 1282 2448 509
2 2406 393
5 3476 1272 3409 3015 636
3 1875 2538 4746
4 476 1586 4230 230
2 2012 1713
3 2991 2435 3542
2 1421 4863
5 4772 4245 1167 1615 4113
1 2682
1 3874
2 4104 318
2 1423 711
1 782
3 1043 1317 4156
2 3555 1649
3 2001 630 2249
8 496 12 1770 3873 3589 821 4841 4932
3 2729 4945 2417
6 601 2910 2918 1378 531 1160
5 458 3304 734 3761 3603
3 3485 3111 2968
3 387 43 2794
2 1542 2069
3 390 3544 2946
5 4403 2071 1843 1054 4355
2 1902 1368
3 2468 3520 3399
2 4112 3152
2 4205 4575
2 391 4139
2 3835 4508
2 4629 1070
3 110 843 4218
2 1569 2790
3 482 1157 1823
2 1551 880
5 2314 608 2631 2842 486
3 2497 211 3155
2 3252 4577
1 1009
5 2011 3419 382 1946 2359
1 221
2 2793 2856
2 867 3187
5 1362 4636 475 1749 4355
2 2037 3702
5 786 3532 4035 3374 4624
2 4211 186
2 4371 1081
2 3247 3673
2 1661 3100
1 3415
1 2318
2 3669 3768
2 4412 2210
3 4716 2742 4369
1 167
1 2639
4 4289 1654 3651 3448
2 4098 2461
4 3856 1555 3514 1051
1 3570
1 58
3 4052 890 1990
4 4997 4643 4444 3201
5 4146 192 493 4162 1580
2 4701 2891
2 1304 3476
3 4255 704 3665
4 4816 3754 4263 2143
4 1299 1203 4909 596
3 4939 4233 3450
2 2722 1854
1 1802
1 1196
1 511
2 2839 1345
2 4796 4668
3 4135 2109 2752
1 1423
2 3618 4785
3 2848 3023 542
3 2430 4789 3098
3 3729 2292 1223
1 3740
1 4169
4 659 692 3540 3609
4 3800 2959 1949 2043
2 1619 4776
3 1645 4530 4839
2 4255 16
1 1316
2 260 2460
2 3718 2515
3 4302 4232 998
4 3798 4229 3543 2965
1 1796
2 2278 327
2 919 4613
6 3025 1511 2135 2436 140 1042
2 3425 3504
2 4971 4121
2 1915 3281
2 4672 386
4 2140 4826 2679 3925
1 1243
3 4280 2956 2455
1 2888
1 3741
4 3487 2731 4314 2715
2 1092 3304
4 597 3809 442 3455
2 1076 4553
3 209 49 4448
2 3082 4327
4 2383 3409 226 1947
2 1607 2683
3 4493 4531 4439
1 1321
2 2231 2115
2 1754 118
4 2969 477 1729 4287
3 3141 1224 842
4 158 4717 2247 191
1 1619
3 3568 1340 3365
2 2337 1005
2 901 742
1 750
2 4312 1155
1 3226
5 3382 3751 3306 208 4740
1 2083
3 2431 4331 2374
2 1536 3132
1 4311
3 3917 685 315
3 3995 3381 727
3 1169 4337 4739
2 4686 3252
1 4591
2 4055 4540
2 928 2321
2 4754 2524
1 2698
3 3429 4611 1418
2 1291 4725
3 3092 3650 1030
3 2754 2624 3823
2 3539 4497
2 2936 2398
3 4982 902 4329
1 1907
1 2376
2 2997 4579
7 1677 1130 2022 1343 177 1804 1454
2 4929 2121
2 2586 2056
7 1076 4808 4331 4020 3349 661 3165
4 3576 2497 2442 1284
2 476 2048
3 3598 4541 2816
4 2112 4686 58 1609
6 2680 4683 4173 716 0 1955
2 2235 4463
1 1994
1 2740
4 3142 188 2109 1415
2 1490 4891
1 509
3 4131 4441 827
2 1498 2664
4 793 3249 2489 3734
4 4979 4311 2580 4990
1 3480
2 3941 4305
2 3694 1321
2 839 2755
4 3134 3821 4588 4317
2 4080 2328
1 1202
3 441 4792 2348
2 458 3294
3 389 4948 4619
2 837 3976
2 23 880
4 4119 4267 1372 3676
1 1318
1 2310
1 3320
1 3097
2 2761 4626
2 1204 1868
3 271 655 4458
2 1907 3520
3 2447 3543 4754
2 4190 2973
2 2796 4620
3 115 4848 4445
2 1186 2857
3 3299 2586 611
3 3349 2080 1142
2 2006 4083
4 3645 843 324 2345
2 3378 1939
2 3081 3981
4 3304 747 152 2582
1 3938
1 4335
3 1936 4388 307
5 4663 541 915 20 772
4 2195 4357 1025 4426
2 701 912
3 2658 3103 4585
3 2106 1372 3144
3 4405 3407 517
4 2060 1037 866 4365
2 103 4461
2 3720 3368
3 4736 3895 3416
1 3213
4 1900 2597 922 4179
1 2212
1 2786
4 946 3385 4548 1462
2 2786 3011
3 3752 3387 3018
4 2015 2953 1929 739
2 2153 402
3 4122 1865 4961
2 1571 3085
1 727
2 728 3152
2 1874 838
2 2629 4489
4 1398 2277 1813 2607
4 2328 1859 1792 3881
4 1210 2047 1447 4381
2 1295 2589
2 4045 693
2 2200 524
2 4893 2294
1 1209
3 1710 1672 3140
2 1007 2139
3 4881 4204 3567
3 4882 2461 4644
1 2354
3 4965 3160 1596
2 1361 3515
2 916 3626
3 646 364 886
6 2390 3887 1820 2868 3479 2161
2 2194 3957
1 1177
4 2685 3887 4045 963
3 2080 3571 3851
3 4147 2550 1619
1 3306
1 4143
2 4073 2301
2 775 1690
4 4170 1084 4711 4344
1 1850
2 3782 286
3 3119 2700 2287
3 2441 1703 2254
2 1032 1108
1 549
2 1818 1240
1 1168
2 3689 3048
2 4057 526
4 971 4696 2221 4642
3 3720 3052 4502
3 3832 1664 4363
1 3236
2 850 1151
1 2571
4 899 1335 2675 3863
3 4973 1501 3565
2 1450 4508
3 4143 31 3970
2 3460 2868
1 3035
1 408
2 699 1660
1 1154
4 2803 538 1618 4469
3 4468 745 1122
4 3709 3552 353 554
1 4081
3 3801 4031 3614
2 1562 4334
4 2367 1698 2161 3695
4 4031 553 3870 53
2 1432 344
3 1341 3068 4926
2 3597 3673
2 3874 576
2 4929 4949
1 785
5 3584 1375 2354 2232 593
4 282 3652 2905 4649
2 2865 1217
4 2786 1957 2943 4323
2 3367 3071
2 4271 1137
1 4159
1 3635
3 395 2089 1559
2 2053 3428
3 1888 647 253
2 997 4435
2 4461 1149
1 4662
2 89 4467
1 2993
1 3587
5 4247 244 718 544 220
4 2288 546 3163 2620
3 2819 2776 104
2 4737 1004
3 1564 1540 316
1 513
4 4415 837 1014 845
1 1038
1 3840
1 3198
4 2621 2338 1827 2002
2 4211 3572
3 176 3181 2684
1 633
2 3351 4999
2 3001 3374
1 3660
2 4764 130
3 4779 1599 187
2 2801 834
3 4339 648 149
3 3039 3644 1493
1 4999
3 351 4749 2859
4 1071 4972 360 2197
2 4101 3944
4 3309 1667 1439 529
2 406 402
2 3947 753
5 2935 726 4975 2732 3236
2 822 4752
4 1320 3874 1050 4765
2 3377 4356
1 3489
1 1333
2 2070 2979
4 2 2843 1581 2452
1 4434
2 3038 906
1 3292
1 4952
1 981
1 1526
1 1072
3 1873 3766 2987
3 943 429 3861
2 2758 2986
1 4077
2 585 1682
1 3463
1 4654
1 2833
2 2073 1310
2 3500 1936
1 1874
1 4158
1 223
1 2473
1 1957
4 444 4335 3860 1259
2 1234 2146
2 390 1580
1 4930
5 2660 4271 4296 2148 4100
2 926 2004
2 944 3961
2 2368 3767
2 4349 4679
1 2401
3 3594 2664 2956
4 2874 3134 1751 2690
1 2116
4 2352 2728 3183 2395
2 1494 4346
2 2743 4065
3 733 2889 2433
1 3832
5 1361 100 2838 32 1883
1 3513
3 1717 1090 3439
1 4070
2 3715 322
2 476 4981
2 2416 3573
2 12 3737
1 1932
2 3945 2904
1 1299
2 4191 3505
2 3468 175
1 818
5 2061 493 4165 930 4129
3 4321 1150 1561
1 2430
4 1143 4734 856 1857
2 2092 1586
3 4253 3182 203
3 940 3806 4551
3 1645 3147 1387
2 1281 3660
5 4667 1573 3647 4821 182
3 4152 4328 1459
2 1129 2006
4 215 3689 177 249
4 1007 4178 278 1506
2 1930 3554
1 2515
3 2524 1583 4198
2 3907 326
1 2188
2 2343 3196
1 1623
3 748 799 4148
4 3758 172 60 3603
2 4610 1268
4 3014 2971 2970 2429
2 2977 1000
3 2231 234 182
2 4186 1942
2 1355 222
2 2739 969
2 4439 1102
2 106 1967
3 4503 3127 4364
2 244 37
4 1769 1582 3258 2252
3 3383 3492 2675
3 3757 2689 4714
2 1307 2848
2 4505 684
2 4043 4793
1 3437
2 1011 3506
2 46 1831
1 1446
1 2945
1 3751
1 3775
4 3531 1331 3693 481
2 4750 1721
6 1655 3435 929 1711 1963 4183
2 3698 1086
2 3599 4528
1 1393
4 4596 1868 2408 3414
2 970 3674
6 3599 2577 355 153 2065 3504
1 3772
4 3635 2123 1992 3188
2 4754 4755
2 2583 2366
2 3013 3617
2 2975 4480
4 1786 3827 4193 1752
4 4625 4484 146 2934
1 4442
2 3393 4294
3 1204 4157 3714
2 3552 59
1 3284
3 3822 4535 3969
4 2640 2474 1284 3379
1 3122
1 1911
2 1777 2944
3 2299 4391 1557
1 2358
1 1249
3 610 1007 2203
2 2311 4503
2 2526 4769
3 2450 715 720
2 507 143
1 2709
3 4877 4351 3579
4 1551 2641 751 701
2 580 2584
5 3726 4889 1496 1352 3446
3 1844 509 1977
5 1109 620 1915 4879 3692
1 2995
3 1436 3627 3732
1 4027
3 4514 816 4798
5 4715 4385 937 2339 4324
4 3515 3845 569 3061
3 1266 2460 192
2 4722 1164
3 1725 3474 1330
2 3304 3560
1 574
3 3841 2810 170
2 779 1436
1 3104
2 2172 4648
5 3419 1200 3430 181 2687
2 79 759
3 4711 4748 3654
2 1149 2961
2 2113 3206
2 1401 3752
2 2304 3191
2 3775 28
1 3936
1 1320
5 157 4188 3774 2092 3294
3 666 1640 966
1 1268
4 2133 4761 2267 1381
4 1527 3023 21 3818
3 879 3678 4209
4 269 1135 1631 1484
4 4915 396 1917 377
3 3552 666 4770
2 2586 3990
3 52 1209 2212
2 138 1617
3 4750 1255 2304
2 1054 2543
1 960
1 1280
3 671 2954 3011
2 1936 3387
3 3758 3049 4224
1 904
6 128 3850 1761 1965 2634 959
2 841 2361
1 4300
1 2250
3 2991 2588 4494
1 4280
5 3196 3056 278 3172 1567
2 4393 3034
1 1250
1 1532
1 4342
1 3149
1 2975
2 4850 2273
3 4193 407 4706
2 2343 4986
2 3309 2372
3 4968 1656 3724
3 510 1165 2063
3 1714 1497 2560
3 1114 734 2042
2 3235 602
2 2386 374
1 4875
3 1536 4781 4307
1 4663
4 4417 4786 909 1257
2 685 294
6 3056 1628 3098 3897 780 365
2 654 4923
1 153
2 2101 3495
4 3023 4134 580 2152
2 3989 1065
3 3234 3769 94
5 3393 4395 3970 3738 59
5 594 4787 3238 3803 1406
2 1695 2516
1 4215
1 3742
3 3645 3485 4758
3 4547 3639 3783
3 4191 2874 1910
1 851
3 1954 2869 3185
1 3430
3 4862 1628 1365
4 2418 2500 3938 2420
2 2959 3262
1 1817
1 654
3 4456 1771 2228
2 4919 4760
1 852
6 54 3215 4046 3579 272 2237
2 4597 2216
1 3052
4 1114 4145 2392 831
4 4827 2990 1922 452
2 1967 3738
5 4877 2117 849 3239 3069
1 1997
3 3208 2916 2533
2 1578 2976
2 501 2483
1 3065
2 3553 1964
1 3250
1 4424
3 1663 691 3448
4 2853 2095 4548 2876
1 2705
2 3901 2025
2 582 1511
1 3919
2 4984 2156
1 4598
2 2356 820
1 1339
1 3640
5 4639 4556 2516 3666 3000
1 4432
2 3356 1021
3 653 511 4628
1 3581
6 4582 1727 1876 3811 4688 4343
2 175 2138
3 3655 4845 1640
1 4277
1 1706
2 876 3150
2 984 3239
1 2998
1 2022
4 4662 2565 3355 1826
3 12 902 3240
1 1146
1 1949
1 4162
2 2591 3305
4 1732 2271 2081 333
1 4867
3 4604 1785 1012
2 741 2231
4 400 3157 2550 2030
2 837 3456
1 2190
2 4044 3927
1 2018
5 1612 1359 133 2642 2276
4 4186 4479 4644 3748
3 3462 1400 3118
5 4030 1929 500 4049 1556
2 28 22
3 2809 423 4487
3 1570 1130 228
4 1094 4482 790 791
4 1581 4321 3300 2237
3 2394 3511 4536
4 4556 3914 4909 270
2 1472 2537
3 4459 671 800
1 89
3 4816 3837 1906
2 223 897
2 927 14
7 4313 3035 2499 3107 4946 3884 4544
1 361
2 4392 522
5 2123 2447 4625 3762 2478
3 2783 1801 273
2 2092 1962
3 4549 1046 1177
2 3935 4570
1 1161
2 2781 2584
5 1168 342 680 4835 10
2 2809 3180
4 938 1961 1822 1790
2 1779 3218
1 3590
2 3843 4321
1 873
2 4934 1125
2 534 3457
2 1352 579
1 138
3 1638 56 4179
4 1743 4521 2033 429
3 688 2302 1106
1 2589
4 1155 229 1544 1261
1 2261
2 826 947
2 3277 3760
2 1905 3081
2 4745 4511
2 3253 1301
1 3769
1 753
4 4940 278 4454 1451
1 1521
4 3213 347 3613 4559
1 4420
4 3298 3071 4699 2934
2 2600 1061
3 2498 3636 3376
2 1796 692
2 2960 1640
2 1143 139
3 968 4337 3773
4 2213 860 32 2949
1 4754
2 3352 3207
2 416 3947
3 1213 3791 3402
2 4319 1791
3 1881 3982 2801
3 3680 3600 1748
3 4279 2213 1701
3 1635 3042 1595
2 4928 51
2 1271 3036
1 3015
4 3796 1978 3557 4016
1 581
2 4569 4762
2 3327 40
1 4748
3 722 1644 3607
2 3247 4575
1 3917
3 4763 3617 1553
2 1671 495
5 1016 473 4378 348 3263
2 2668 2903
2 2543 4766
5 434 7 463 2345 1075
2 1175 4996
4 1545 3926 3347 127
6 1469 1275 455 2088 3815 1846
3 3737 3934 4605
4 3209 1918 802 4483
2 3796 4088
2 2500 4779
3 1952 3032 2678
4 4395 4494 2649 4883
2 2218 902
5 4088 4256 3091 1222 4861
2 1861 3183
3 4459 2910 3339
4 962 4250 1255 672
2 4812 1921
4 4653 1507 1074 4036
3 2422 3770 4758
4 1286 2735 1796 1931
3 3108 2170 299
2 2301 2583
4 1703 1825 3512 4685
1 1754
2 2282 2787
5 4504 1061 1405 1356 2907
3 1880 191 2712
2 441 4339
2 216 4080
3 1882 696 144
5 2290 4826 3148 4580 980
4 3706 3493 1801 3609
3 1171 875 4870
2 2215 4216
2 113 2316
3 379 2629 732
2 2629 3999
3 1263 303 1606
5 2034 3065 3468 2391 227
2 1882 4576
5 1861 523 2666 2751 1025
6 167 3960 3750 2802 568 3143
3 3393 1669 2630
1 4441
8 1888 4272 1120 3118 2549 609 1070 3145
3 3787 4160 4248
1 3332
2 1455 1169
1 132
2 1565 1841
2 3285 1099
2 2011 2560
2 851 2558
4 4913 3198 1129 53
3 4517 4963 4559
7 1854 2797 3764 3690 4788 3994 1239
2 2743 2200
2 863 3438
2 2512 3358
4 576 4979 4301 392
5 2694 4903 4703 3354 739
2 706 3689
5 4173 4436 3862 2349 1848
5 2831 3454 3757 1153 232
1 654
1 2819
3 3005 3779 2529
2 3777 3737
1 3515
6 607 3277 4886 3254 717 95
3 1527 4520 3001
5 3740 3467 2191 1624 3697
3 4719 210 231
1 1178
3 4623 4241 358
3 3205 673 4947
3 2735 3016 2420
1 4321
6 3224 4919 3902 4783 4757 2665
2 2629 1851
4 3462 2196 2922 3203
2 3011 113
1 1179
3 2421 1348 2141
2 4538 764
1 4096
4 387 1534 1885 4687
2 2089 3036
5 997 2723 2771 2276 3062
1 492
4 2294 391 4732 532
2 4753 4781
2 3304 3300
2 4656 4440
3 2053 4428 2098
4 4095 469 1623 3105
3 468 3398 2018
4 3210 526 895 2944
2 4012 973
2 361 2746
4 641 2865 979 2479
2 3022 2921
4 982 1441 799 859
4 4480 1094 2552 36
1 2535
2 3830 192
2 3645 3241
5 2919 4598 363 4542 3195
1 3099
3 1680 2095 3564
2 4165 4882
1 4229
4 4863 4865 1813 3470
2 4916 2466
2 195 2737
1 4447
2 1297 478
7 4260 3831 2469 3323 3525 73 2795
2 624 1028
1 3749
2 573 4126
2 2767 2745
2 1678 3922
1 1282
2 1405 3232
4 490 4842 4881 808
2 4225 2699
2 3023 4510
1 20
1 4241
4 2973 2804 970 1086
5 2112 138 3736 2117 4896
1 4178
4 1032 2492 2168 939
3 2799 4797 4433
2 1494 635
8 4695 2903 301 3394 3610 2501 1848 3263
2 359 1736
2 3537 4864
1 496
2 4141 622
2 595 1774
3 1175 102 1356
2 3141 3198
2 4423 4087
5 275 4144 2175 4905 4540
5 3200 578 2400 4394 2894
3 1243 4390 2309
1 2055
3 4818 266 711
3 3566 2425 83
2 1327 4901
1 4553
3 3112 2030 1514
2 519 4412
2 4380 463
3 2947 1868 4546
2 2342 4315
3 448 3505 845
1 3315
2 1268 3954
3 408 4385 1486
4 4391 455 4811 2385
3 2277 2767 3258
2 770 3043
2 2245 3220
2 921 3224
2 4736 996
5 2408 4126 473 3403 2027
3 1984 1285 2707
3 3030 910 952
4 1002 1490 3916 1975
2 2865 3466
2 2955 4876
1 325
2 585 1288
2 2215 4758
2 3088 3901
2 4927 4880
2 374 4453
5 2067 872 4081 33 17
1 4728
7 4319 3216 2003 166 4120 1174 1721
2 2979 2850
3 3494 2460 1140
3 3713 1978 709
3 1928 1877 1360
3 3641 4481 2676
1 4185
3 325 1 2063
2 1542 3634
2 2151 4833
6 1242 2637 3859 4614 3610 4270
1 4955
6 3162 3705 3382 407 3132 218
2 4057 4774
2 806 521
3 3129 4172 2329
3 1458 1547 4082
3 1207 2373 2584
2 2 3830
2 1248 1067
3 3532 3705 560
3 3208 1677 1244
5 454 3222 3959 4087 1309
3 370 2438 3501
8 3078 4779 940 2317 3169 1431 3508 149
2 2362 4376
2 2976 3261
2 2409 4734
1 2979
2 31 4944
4 2612 300 622 1174
2 2965 4212
4 4882 1970 2750 272
3 954 2829 1784
2 1016 257
2 2222 2427
2 84 1614
4 3344 4152 565 1740
2 2232 1882
1 3766
4 4389 2843 3181 1000
4 4235 2078 4336 1187
1 1619
3 2443 511 1832
1 4927
3 3129 607 202
2 2515 1166
3 1197 3671 3404
2 2353 1605
1 4538
3 912 4702 780
1 4703
1 3141
2 3698 1080
1 551
3 1354 2745 4105
2 145 4997
2 1049 3292
2 1139 3742
4 1188 4937 3880 339
3 4997 260 708
2 926 590
4 4703 3973 1039 4689
5 1777 3757 1328 2876 1955
4 3157 391 2526 310
4 988 4884 3580 2610
3 2586 2948 4928
2 1862 3413
2 4189 2783
2 263 221
3 572 3218 2238
1 2662
1 3551
3 4226 135 991
1 2715
4 4432 3581 4557 1347
1 4831
3 4668 592 1631
2 3042 664
4 1353 2624 2745 3882
2 364 1470
4 2988 3078 4945 2523
2 366 3435
3 3081 4443 963
1 2259
2 4457 4420
2 3015 3238
2 3311 3928
3 3010 2124 761
5 3396 238 3648 484 2713
5 633 1388 3702 4707 2912
5 4816 3138 1339 218 2801
4 2941 4786 1395 1155
1 3032
1 1860
1 1934
4 2415 620 1424 2901
4 1611 3840 3857 4181
2 2793 313
4 1999 3117 156 1780
1 986
7 992 4531 4359 3691 784 3187 2878
3 3418 1413 3625
3 1911 4282 3100
2 1914 11
3 4372 3139 2118
1 1898
2 3013 3101
3 747 617 1711
2 1038 2325
2 3781 3659
4 1342 4599 1015 3286
3 3555 3733 432
1 3938
1 1208
3 4550 885 3059
3 3851 667 4172
2 1667 2773
1 2760
3 2543 4916 2471
3 4139 4796 4121
3 2775 4538 3203
3 4943 2799 2830
2 3335 2834
2 4336 3041
1 4727
3 4064 229 1046
3 4701 644 2076
3 1179 936 3986
2 4703 1770
4 4388 2244 2929 1051
1 1993
4 3391 2367 1104 4032
5 648 553 2806 3812 97
3 1549 4178 4086
6 441 424 4847 3274 2334 2233
2 476 2896
3 3870 3004 38
3 3934 1802 4408
2 4726 1518
3 4953 105 1468
3 2639 3098 3589
1 1954
3 1419 1730 483
2 4421 3143
2 2787 500
2 3071 2933
2 1350 3492
3 771 673 4332
2 4699 1768
2 4998 4021
1 4208
2 215 3914
1 3994
2 3531 2023
1 552
2 1687 1956
5 3252 1197 1967 4855 695
2 11 4894
1 94
4 2893 3004 2040 173
2 743 4879
1 3296
2 4936 758
2 729 2297
3 1538 232 1891
2 1932 446
3 1633 1665 2673
2 2985 1219
2 1229 3228
1 4702
2 899 4059
3 3397 4578 1308
2 2089 2144
2 1880 4140
5 3553 2553 4907 3174 3301
2 1097 4372
2 2719 2377
4 3727 4262 29 883
3 3330 1845 3279
3 4232 314 1925
2 4877 2903
3 3352 3331 2395
2 2856 3027
1 3292
3 3641 410 3423
3 1689 797 86
7 2703 3574 2214 3837 3027 2401 2305
2 2838 993
4 2326 4983 500 2453
3 4207 4844 2029
2 1770 4367
3 2540 3556 2755
1 3680
4 4022 3204 4098 794
3 373 3982 1921
2 3529 1147
3 1395 1043 1241
2 3511 3094
2 1773 630
3 601 519 4859
3 969 4952 259
1 3597
2 2384 67
1 1820
1 424
2 3052 4051
1 4147
1 653
3 130 2046 3367
3 4139 2926 4489
2 1397 4527
1 3673
1 3296
2 881 3299
3 385 1695 2981
2 1293 3466
3 4970 4075 616
5 753 103 80 3240 4011
2 174 4846
3 3835 3595 4513
2 727 1254
1 2949
2 1263 4601
1 2022
2 2155 72
1 4065
5 2039 3154 1135 2075 4989
3 1936 3435 909
3 4927 1403 870
2 4641 2938
1 4992
2 2353 2396
3 1862 1312 858
4 1063 1801 3983 2528
4 689 3299 2912 2136
1 117
3 2995 459 3629
2 4140 2833
3 1152 1911 2821
2 1025 447
4 1127 2993 1964 419
1 3614
2 1788 3523
3 431 1510 4852
2 3979 4758
3 4055 238 542
1 1485
2 474 2320
3 1362 1948 1259
5 11 3326 4648 3852 2501
1 2413
1 2041
1 1833
3 633 4998 1465
1 851
2 4289 618
2 2241 2529
4 1720 3571 790 4584
3 2905 1724 4647
3 1185 4656 2546
2 176 2399
1 2675
4 312 4346 4084 1241
2 916 2332
4 444 3129 2326 2066
3 2640 3536 4905
2 1852 1877
5 1524 2419 1110 865 3688
3 726 4022 2180
3 2421 2736 228
4 1414 1578 3932 1840
2 4988 1189
2 4811 9
3 3249 4368 4047
1 3513
3 2977 2774 2670
1 3071
2 2119 2000
2 945 3206
4 111 3289 758 3922
3 4695 3031 2125
4 1800 2221 3675 1087
2 14 1585
1 4070
1 2914
3 515 3103 1058
1 3164
1 1507
5 192 4611 18 1688 1485
3 1635 2410 1647
3 1099 4558 775
4 2196 2310 724 1602
1 4988
2 1109 2107
2 2044 3988
4 4463 2012 922 3184
3 1635 2658 3460
3 4163 1520 2246
3 2112 2414 1927
2 1653 4283
5 892 4630 3219 4547 1648
3 2235 756 2709
1 4642
1 2060
1 3713
2 3302 1945
1 50
4 1862 2295 1034 194
3 496 975 900
2 3537 4091
5 169 4872 2506 876 3908
5 795 2340 4753 647 4710
2 2709 2784
1 2028
1 4526
1 989
1 476
7 3345 881 2654 1903 3870 164 3199
2 1812 4236
3 4773 1320 2645
2 2992 1287
3 2593 4466 967
6 4493 3477 1964 3945 363 69
3 1061 1170 3802
2 1228 1512
1 689
2 1645 432
2 1240 1772
2 1997 2691
3 1505 1009 378
2 2253 2808
1 753
1 2266
1 4002
2 1801 3754
4 3502 551 1478 3554
3 2998 3519 1347
2 2306 1550
2 2844 4408
3 3823 2883 1752
2 4023 1889
2 2060 75
3 3816 3414 2478
2 1064 4986
4 4334 801 3015 2850
5 3559 2563 4989 942 1963
3 1582 4486 3582
3 4796 4027 2142
2 3333 3107
1 3006
2 2973 2603
1 3647
2 3047 325
1 1145
4 1332 3555 1376 98
4 3593 3937 437 265
2 4498 2702
1 2036
5 2196 1796 4394 471 2262
2 3440 1767
1 1883
2 2447 28
5 4869 902 667 2369 250
2 464 400
2 4630 884
2 4813 3974
3 157 1919 712
3 2215 4919 2779
3 4553 2080 3820
2 3805 2304
1 459
3 896 4618 2547
2 1551 3724
1 1467
4 2640 1608 3264 2176
2 2966 4245
2 201 3119
2 2770 724
1 4188
2 5 329
1 1797
1 204
2 4170 2567
2 3729 3140
4 931 4109 3453 26
3 612 3931 288
2 2295 2660
4 3680 3093 2602 3613
2 4410 2646
2 1297 4840
2 3141 3611
2 4071 141
6 2006 713 3995 2157 4817 1058
3 848 3315 2857
2 3556 2957
8 3670 3392 3843 1838 293 2592 4790 3922
1 2255
3 2699 2444 3003
2 80 220
1 1679
2 48 646
2 3454 4611
4 1141 2221 2389 1115
1 4462
1 4902
1 3360
2 4066 1281
2 3052 3844
2 4811 4877
1 1947
2 4122 4378
4 90 1317 4579 3313
2 1059 393
4 2652 3271 3611 304
6 682 4805 2241 3137 2007 485
3 777 1263 1457
1 309
5 1127 1098 1658 1775 426
5 3383 328 957 3927 261
5 4435 4419 1836 3427 3073
2 115 4581
4 4438 3681 1162 2344
2 3954 2281
2 843 1788
1 2200
4 2290 2390 876 4994
2 2218 1658
3 1564 726 1867
2 366 4623
3 1370 410 92
2 4407 1478
2 956 203
1 2192
5 1900 4558 65 3189 4838
4 822 2485 2672 2727
3 3292 567 2805
2 2619 3453
8 3472 1290 3229 3843 2209 3921 979 221
4 3309 4863 474 3512
4 2923 3840 1097 1648
2 1100 124
4 395 3463 933 1478
3 1938 2703 3850
3 3971 1398 900
1 4773
2 3740 247
1 3044
3 4164 2475 4587
2 4701 3085
1 2440
4 848 535 958 2320
1 664
2 2256 4747
2 3375 2451
3 1800 1782 2525
6 719 901 3592 4806 243 2597
3 4403 3304 1704
2 4742 3658
3 1501 3865 2354
2 1542 1581
3 3835 4653 4099
2 2793 2688
1 3182
3 3192 2823 4616
2 176 3464
1 4503
1 2497
1 322
2 1286 1965
3 3713 3732 2513
5 1361 4968 1081 4704 3993
2 2211 3258
4 3705 1996 2879 1593
3 4604 3846 4222
1 3573
2 3473 357
2 2583 730
1 3337
1 708
5 4778 1994 2493 3319 4450
4 3641 1136 1602 2356
3 2660 2656 3855
2 2917 892
2 550 4098
2 4550 4175
2 2627 2214
1 4822
1 202
1 2052
2 2928 1111
5 1724 110 4375 2126 2120
4 2966 2281 1716 3891
3 3127 3071 1474
2 3531 3508
4 4351 1435 4568 2093
2 2901 3505
3 3784 2487 3359
3 4547 3857 1107
1 1506
3 2931 406 2665
3 2275 1248 1885
2 977 3911
3 99 4598 767
2 4598 753
1 3919
3 4461 4777 1589
1 1374
2 3219 2128
1 2445
3 4615 2695 1473
1 1110
1 3354
1 3838
1 4162
1 612
1 4878
4 4646 683 4364 3125
3 1689 2662 2504
2 4617 2905
3 958 4532 1991
2 877 787
2 4611 2780
3 1688 3735 2818
6 3302 3598 1599 4261 3122 1191
2 4957 1658
1 1328
1 2535
5 4658 2779 2398 3041 3776
4 862 1466 2090 4807
3 3798 2614 3469
2 3675 3206
2 4395 125
2 2342 1477
1 2253
3 4519 2498 1702
3 747 4356 3918
2 4566 2711
3 2826 4892 3700
1 2070
2 4097 4699
1 3575
3 4782 1380 3227
4 50 2613 2530 1558
6 1677 2193 1814 706 4342 3735
5 4459 1211 1949 465 1572
1 625
2 889 332
2 2263 1739
1 2819
1 4088
2 2131 3943
4 2248 4109 1767 4674
3 626 3513 464
2 1612 3164
3 52 4050 4993
6 4279 3329 1773 2493 2244 1403
4 1949 4255 3695 2659
3 3399 3648 4853
2 2381 164
1 4598
2 3878 2724
2 3957 1136
6 4040 4595 3310 2917 1022 3505
2 3539 399
3 4615 4847 4204
2 4255 562
2 4153 1666
2 2145 1230
2 1057 1511
2 826 3756
1 3385
4 2617 1608 2996 2466
2 2990 785
1 3218
1 2693
2 2652 4506
3 2371 1625 965
2 2489 3674
3 2052 72 1759
4 1233 3006 978 1453
5 1682 2655 3170 372 4209
2 4563 4000
2 3655 1281
1 963
4 3207 2240 1591 1087
1 4412
3 1699 4157 1059
8 1564 3129 3590 447 1886 3137 4299 996
1 2966
2 3872 1771
4 619 3911 4589 1180
4 1507 2485 646 4776
4 897 4664 3817 1601
2 160 693
2 289 1392
6 3120 3587 1649 4546 3422 440
1 2671
1 2595
2 4457 4873
4 1933 613 1134 153
3 2288 1875 3851
1 1866
5 575 361 2469 2413 3912
3 1887 737 1024
3 1777 1693 3759
3 4959 1011 4254
2 2756 3490
1 4921
2 2691 196
2 4960 3295
3 1244 659 3985
3 1632 2278 3501
2 4971 954
2 1287 314
2 2695 3587
3 3992 1733 3229
2 2367 4503
4 3661 180 3640 1391
2 3066 643
4 1735 3002 2940 2598
4 4267 2774 2798 4107
2 2010 3876
4 3006 4524 3563 2279
3 4478 2303 4743
3 4696 3175 2778
2 1562 2184
1 1390
2 4986 487
5 1138 240 1981 1575 1847
2 4143 4652
1 2849
2 3054 1957
2 2976 1292
4 2650 4558 2326 1271
3 2421 525 2714
3 4562 4396 4440
5 629 2146 2264 3452 10
2 4707 4242
3 4488 1789 3687
5 1270 2998 2641 3180 1240
4 2627 4271 2737 1157
1 3722
3 2893 2013 4442
2 3981 2214
2 2868 1888
3 4768 2089 1079
1 2990
1 4736
4 174 971 3156 2558
2 4349 2580
2 2248 1610
3 2897 3815 2773
3 1073 2953 1080
2 2127 303
3 2661 4944 4801
2 2909 4348
2 4826 2719
4 1588 4520 2716 2651
1 3645
2 3002 64
2 4586 4678
3 588 1651 3001
1 4372
2 4578 3227
2 1882 2459
2 4897 2780
3 676 4409 3614
2 4847 819
2 4170 1287
4 782 4815 2980 86
5 1452 3934 374 1176 4011
2 1461 4130
3 793 1193 2058
4 4043 2914 3924 1889
3 1881 4849 4246
2 241 2169
1 4861
3 4427 4803 1953
5 2923 1763 3806 3961 2942
1 2041
2 2290 3647
1 1237
2 2282 4784
2 852 2487
2 3441 4551
1 2775
2 882 1101
3 3487 4610 199
4 3796 4147 4563 2611
1 454
2 4680 832
3 4959 2306 1389
1 1090
1 2824
2 3250 577
3 727 675 4303
1 1594
2 2939 3769
2 1178 3460
1 3710
3 2723 2026 4268
2 2154 109
2 3486 4317
3 832 2373 4895
3 151 2674 350
3 2343 3457 4024
4 1930 4827 4135 2182
5 1068 3965 145 1439 4132
3 927 1577 4627
4 2667 869 4837 4605
1 4025
1 3915
3 3135 3040 1872
2 3052 1899
4 4701 124 2590 2470
2 981 4954
3 4247 1555 1244
3 3337 3578 2225
2 2187 193
3 3304 2862 4097
5 3847 362 844 1029 3630
4 4562 613 661 1706
5 3214 3557 2522 4930 4177
2 1212 2705
3 4424 995 4780
3 3513 3555 2880
2 4581 3525
4 2699 2036 638 635
1 3591
3 3838 1893 2186
2 3955 768
3 961 834 4093
4 2739 3560 3978 562
3 2451 3718 3233
2 537 3367
3 1421 2035 4851
1 4132
2 3599 305
5 4988 1062 4828 2255 4609
5 3214 4910 3615 794 1694
1 1131
2 1023 3127
1 2573
1 2559
1 2997
2 3868 2474
3 907 4070 708
2 4535 3576
1 451
1 1336
3 2168 3934 3863
1 4068
3 2490 3435 3254
1 241
3 4777 1491 3707
2 2211 1755
6 2545 16 4999 2494 1705 2204
2 4978 4876
1 3739
2 4653 251
3 1545 1131 3678
4 1283 226 4127 4008
2 1011 3176
1 2431
1 3196
2 778 4023
2 1501 2865
1 4480
1 4558
2 2447 2450
2 1089 1648
2 538 888
3 1838 1586 2033
1 3609
1 2101
1 587
1 627
2 2414 150
1 1421
4 2767 1367 808 4166
1 1552
3 1426 4407 632
2 785 349
3 3112 962 2811
4 3013 766 1024 482
2 4764 4659
3 1852 4027 212
1 4533
2 1167 1735
3 2622 1311 514
2 3428 4064
1 3960
3 892 389 1352
4 1996 3708 3619 4466
1 3720
4 4066 492 1702 1406
2 2858 3269
5 2099 1503 38 991 3829
3 4436 3106 4522
3 4637 2331 2930
2 3653 4006
6 969 1037 1539 1667 3622 2813
2 3956 1909
3 3555 1938 3975
3 3397 3513 3057
2 4615 2059
1 3791
2 2299 4701
2 4761 2938
3 2846 3536 1027
2 4567 3204
2 1983 1225
4 4654 675 322 570
2 1385 3503
1 3388
1 552
6 3788 4392 3255 4472 2940 3868
2 2024 2872
4 2031 1997 993 2717
1 3473
3 2786 2402 3230
3 1817 2190 4995
1 4167
2 2370 1164
3 1662 4465 4937
2 4187 3668
3 138 2539 1781
2 3440 2600
2 612 1996
5 2913 4309 810 2149 2542
3 1242 921 1576
1 4902
3 860 640 4726
1 1657
3 4389 1573 4631
3 371 4679 2130
4 1073 523 3095 3540
3 3848 637 874
1 3920
3 1798 2448 3679
3 2132 1838 317
3 3139 1495 222
4 4349 2976 3909 484
4 1658 3796 2579 4327
1 104
2 4507 48
2 614 1256
2 3825 4187
2 4473 185
2 983 4622
3 303 1682 4609
1 2674
2 2774 2477
3 1888 3561 4060
3 4753 143 321
4 1608 4708 4738 3179
2 3483 4095
5 3921 4369 1041 1365 4243
2 4921 2379
2 1410 749
2 4828 3850
3 1743 3362 1156
2 4079 4678
5 2400 296 3761 4015 4451
2 2916 3312
2 2067 3351
1 615
1 3728
3 2101 3245 1119
2 399 4953
2 1697 3412
3 2772 4529 1923
2 2728 4935
2 890 4587
8 1882 4146 4942 3733 1522 4505 1821 491
1 3588
3 4904 2990 3270
4 3510 2332 1565 4217
2 4782 774
2 4573 380
2 489 123
1 2971
3 4605 3699 4287
2 1312 4257
5 885 31 4778 3451 274
2 4987 1603
1 1858
3 89 4271 4720
2 744 3918
2 4943 1657
3 1863 3879 1140
3 4461 287 1530
2 2183 4159
2 3335 3788
2 364 3033
3 4240 956 1303
3 4455 993 4373
2 3981 886
2 102 2923
3 1655 57 1099
2 539 4707
1 501
5 2011 2353 1525 711 25
3 1222 849 3267
3 3311 3386 4441
4 4241 1729 3883 3458
1 3823
3 1966 4650 3828
2 4031 4249
5 3465 4330 3904 2696 2164
2 4827 674
1 1190
2 2851 1124
5 2490 4026 2487 2128 1349
1 3249
3 982 2026 707
3 4758 4368 4198
3 2241 1392 1626
1 2952
4 4066 4292 715 4828
1 2101
3 299 2151 1147
8 3680 1268 657 1844 4427 426 4934 4752
1 805
1 4393
3 4698 2644 3791
2 4048 2846
3 269 2450 2434
4 2793 2129 4811 1845
1 3391
4 4044 4941 210 2021
1 2851
2 3672 4206
3 4631 1437 3323
4 7 882 2258 1808
2 71 101
2 4719 1985
5 1428 1733 3363 2336 4693
3 846 1014 2111
5 3130 4242 4553 4912 2467
1 4455
2 292 3288
1 3971
4 4622 314 404 2167
2 4667 1523
3 4686 1037 588
6 4520 3243 3908 687 4449 4543
3 1703 2588 3343
3 3913 4037 3524
2 4777 4778
2 4999 3869
1 4773
4 4110 3864 3401 2594
1 3509
2 4842 1078
5 1817 2070 1800 303 2455
2 2067 4353
2 3334 4763
2 4118 1870
3 2189 4361 2561
2 1214 4868
2 289 3980
4 328 851 2374 2963
5 3115 4712 4424 2486 1919
2 4844 3133
1 2397
1 3380
3 1966 769 1830
1 3251
2 3139 3079
3 3667 2947 2942
2 4762 155
1 1905
5 2074 4578 3427 4136 4932
1 1260
2 3849 4241
2 4736 565
4 3030 4664 3974 4584
2 4730 3020
3 3837 4150 3657
4 1383 3311 3601 2254
2 3578 1389
3 2577 1201 976
4 812 371 145 2539
2 992 74
2 4824 1588
4 2205 4206 4119 4974
1 3172
1 1662
2 3738 1298
2 4564 4120
2 3669 3502
4 1481 4070 1793 1489
2 1747 5
2 2222 545
4 298 2202 4914 1530
2 1506 4339
1 4574
2 2037 708
1 1843
2 235 4076
2 4104 2381
3 3117 88 4108
2 3237 2296
4 4890 1650 2424 3528
3 924 4817 1092
1 832
1 1228
3 3055 1818 3103
3 1228 3879 480
1 2109
2 2605 1075
2 343 3789
4 2183 1703 2365 479
3 3825 4487 3854
2 319 1301
5 2047 2771 1610 893 4384
3 3824 2273 4841
1 4091
3 1747 1153 1005
2 2138 1510
5 3327 1712 3237 2041 2224
2 3291 3355
3 3075 713 4142
3 4141 1373 558
3 3747 2454 2477
2 873 3080
3 4352 2796 908
5 3992 2089 2260 1531 1629
6 3324 3806 1650 4908 2452 1289
2 4464 2626
1 4582
4 4428 1167 4097 503
1 4833
4 4951 3154 2020 2615
4 4692 3684 4442 1827
4 2112 1521 779 813
1 1040
2 1135 2208
3 3704 2671 4491
3 989 4395 2569
5 597 734 2503 1627 4010
3 488 2980 1804
2 1445 4536
5 2260 2011 2837 3631 4577
4 1267 4881 4230 3415
4 373 161 3565 911
2 2605 3045
2 3897 4227
3 1189 4983 3940
1 1564
3 4315 328 2280
4 3786 4848 2457 3500
3 4333 4457 165
3 3132 3233 645
4 1243 2358 4964 2997
2 1341 1434
2 3602 822
2 863 1881
2 3840 116
5 394 1220 2618 3251 3067
2 2416 2886
4 1035 1750 83 598
2 367 3214
4 167 935 4227 1834
1 2654
1 4291
1 3123
4 2849 1513 4337 2632
2 3965 3943
4 2719 314 3496 1105
3 1056 3185 605
4 1534 4541 4621 2391
3 2781 2078 2602
1 933
3 1066 2667 2753
2 323 1167
1 1423
1 2134
3 1960 458 1816
2 2621 4034
4 670 2135 498 1445
1 371
1 1994
2 4892 1554
2 2074 898
4 3682 1224 930 2440
4 1032 4665 583 2223
3 4541 4104 4050
4 4965 3307 4803 2116
3 4434 1423 3268
2 3698 2724
1 530
3 4820 2525 2242
1 3148
2 922 1463
2 1734 4920
1 2777
1 2968
1 3995
1 2227
4 2068 4788 1463 277
4 336 1613 4261 208
2 925 4727
1 3591
2 431 581
2 2737 328
5 1542 4653 1462 3061 1315
2 42 3190
4 4166 4182 421 4689
2 4400 4671
4 2290 4383 3046 186
2 2198 4163
1 4473
3 4888 3297 2289
1 2266
1 867
2 3158 1077
2 3436 1276
2 269 1283
2 1506 4331
2 357 68
5 1460 4013 654 4452 1133
5 3009 4093 3064 871 4023
4 4057 877 1942 3755
1 3975
6 505 1306 1497 4611 4688 631
8 2202 1494 4998 606 3493 970 298 1232
2 3792 162
3 3834 2514 4328
2 2980 925
1 4026
3 4277 2950 1505
2 784 4724
3 1196 4599 1227
3 2031 838 2610
2 3723 4594
6 128 3674 3683 2263 634 2285
4 676 2947 61 763
4 1772 100 4001 354
3 1818 381 4767
1 4670
2 3052 403
3 4220 3641 723
2 3295 4953
2 2264 2075
4 1243 1017 1849 2145
2 574 4386
4 4330 4658 1715 4379
3 460 2381 3738
1 3818
2 757 4842
1 3127
5 3758 2577 4005 2502 1952
3 2979 1334 4858
2 1341 514
2 4680 507
1 4977
3 1681 730 126
2 4250 2827
4 1649 1413 1173 375
3 3673 1379 2918
3 2301 2744 722
2 355 2075
3 2039 3220 4858
4 3417 1248 2188 4455
3 2155 4955 980
2 289 750
1 2163
2 4000 2316
2 1754 1230
3 2253 1498 3373
3 4482 4607 4307
3 834 425 4184
3 1089 4037 1766
1 1367
2 305 2670
1 28
3 342 2577 383
2 4930 194
3 746 1248 1562
4 3705 2139 1252 699
2 513 2741
2 2994 29
4 4410 830 2289 417
1 3813
2 1280 1638
4 2370 18 2102 1117
1 4500
2 4290 2763
1 4831
2 319 3947
3 678 136 3
6 1428 2368 344 1166 2173 2330
5 917 1260 1010 2324 147
5 2865 4362 1504 1960 1567
2 1742 2304
3 3092 4933 4169
2 263 4828
2 2373 3820
3 4992 4349 1328
2 2915 3117
2 1928 1294
6 2166 1364 2606 2880 2856 3012
3 4872 1295 4453
2 2500 161
2 4418 2698
2 4607 4778
1 1940
2 3961 2309
3 4247 2615 1633
3 552 2346 1175
5 346 4266 4027 4512 1083
5 2353 2328 1010 1871 4238
2 1740 3265
3 1038 4171 287
3 3462 1377 2488
4 1715 2573 2403 1313
3 625 3158 3241
3 4186 2333 2909
3 573 4816 535
3 2534 4114 2962
2 989 254
5 1949 4656 985 4995 4925
2 3661 2749
1 2824
3 2457 2028 114
2 1544 583
2 2587 3380
1 1392
2 3773 489
4 2581 4318 3960 3767
1 4939
3 3612 2688 563
3 1533 4145 801
2 4074 444
1 424
2 2239 2219
3 2546 3653 4469
2 2406 1739
2 1578 1477
2 3218 4504
2 4822 1611
3 4077 4569 683
3 934 4313 1486
1 2470
2 2637 3634
1 2411
2 1996 2043
2 774 3308
4 1724 3391 4874 4034
3 2250 4428 3975
2 1001 1383
2 1446 2243
5 546 3222 4982 3293 3780
2 92 4014
1 100
1 3608
2 1748 3142
5 1436 1922 4694 2108 1824
2 2933 3528
2 980 4266
3 643 1329 3090
1 2432
3 4861 4507 1366
4 1068 4229 4857 1723
2 4134 4496
3 1017 3096 2698
2 291 4265
2 4405 4771
3 2404 1043 3247
4 3952 4402 3157 1684
4 1719 3082 4760 4673
4 3097 664 2167 2679
3 1932 3934 2867
3 947 2746 4042
2 3081 3476
5 2945 4158 2774 3649 760
2 894 3753
1 922
1 1342
2 4873 164
2 4228 1908
2 582 1526
3 4389 4969 650
2 2219 3574
1 30
2 2410 4387
1 1666
3 3899 399 3548
2 3456 3255
2 3784 2180
3 3506 4302 1685
1 4965
5 3089 337 1830 3703 2249
1 643
1 1811
4 1662 1398 2520 4732
2 1679 982
1 2765
2 4781 4324
3 1210 3537 242
2 3202 2902
2 3261 1325
1 303
2 4520 3079
4 4081 130 2807 3842
6 4763 1432 1800 1670 4655 2027
2 1961 2406
2 4040 3795
3 4150 3029 4369
1 4927
1 4768
1 1447
3 3192 2820 4798
1 3069
3 314 4208 2551
3 3537 2508 1986
4 1608 702 2997 3916
2 633 887
3 4634 3539 663
3 4484 2312 2635
3 3753 3028 740
5 54 4022 2365 2978 1144
3 3760 4153 2669
3 3200 4552 798
1 2259
1 2393
2 400 69
3 4519 3050 308
1 2308
2 4064 584
1 3597
2 3981 2120
3 1971 4240 674
2 4322 3114
2 4729 2899
3 4283 4014 4058
3 1982 4743 2790
5 3716 3202 1319 4171 2164
1 2388
4 3662 2860 2949 1675
1 1353
5 2412 1017 3623 4009 2509
3 44 3521 1809
5 1426 3413 1391 4691 2359
2 476 4148
2 928 3942
2 3439 3911
2 2511 641
2 666 2484
2 2483 4356
1 4944
1 1608
2 3934 1019
3 1945 4231 3966
3 1668 1763 1070
2 4952 91
2 1002 578
1 956
4 3741 370 1924 224
1 2849
4 3038 449 2666 3885
4 1742 297 4700 3122
5 4290 504 2855 854 82
2 2941 4969
3 1355 2668 4439
1 2073
2 3464 1351
3 2853 739 4132
1 3756
2 3327 2429
2 4622 4763
2 4157 1857
3 4992 102 13
2 3440 2312
2 2945 2743
2 771 1479
3 1814 914 4384
3 1260 2344 1559
2 3474 878
1 1877
4 1786 1560 1273 4306
1 1083
2 2469 1018
6 4922 1299 3734 2637 3583 2683
2 2960 4359
3 3992 604 2643
2 3693 1248
2 3963 4382
2 2476 2225
1 640
2 1199 3062
2 2895 1364
2 1526 4330
2 3337 112
1 2697
1 1740
1 1471
2 323 2989
2 1981 1687
5 4447 237 919 3652 600
5 4064 284 3005 3775 4423
2 2887 2181
2 1306 3916
4 1225 159 883 1998
1 3740
1 1923
4 585 3432 1926 4616
4 1023 3328 1962 1744
3 2123 2656 861
3 3989 1993 47
3 42 2284 34
3 3218 1527 2312
2 1 3637
3 1657 3905 4918
2 954 1288
4 1612 2674 1656 3865
2 2857 4161
2 439 422
3 3019 3238 3166
3 521 211 1459
2 2336 3080
6 1569 4206 4190 1048 4583 2356
1 3042
2 281 4064
1 2865
2 1549 55
3 3713 3091 1456
4 1814 3418 3615 2780
2 2419 2809
1 2871
2 3232 3602
3 2611 825 3802
6 379 4443 839 4831 1637 4790
4 4057 3486 2307 3087
2 4728 793
1 1801
2 2858 2819
2 3192 26
6 3751 3551 4608 3886 3408 1031
2 2901 2989
2 1169 1996
3 1300 538 470
3 3839 3753 586
3 3806 4586 3699
2 4751 4108
2 4943 944
3 4677 424 3654
2 844 3928
3 4890 3612 1970
3 4762 2925 4361
2 2158 2872
1 569
1 4673
4 4663 489 3997 1269
2 548 4115
6 1481 4595 2223 4721 1132 2929
2 112 2974
3 4162 1974 2233
4 2012 3289 4091 3781
2 2349 3529
2 2965 1668
3 3538 935 3844
6 89 1139 2824 1048 4149 759
3 4541 1843 1053
2 4095 3375
1 2408
3 4563 911 3778
3 3565 900 3991
1 2373
2 1907 3708
2 160 1145
2 30 2335
1 901
1 1797
2 4254 1454
4 3680 404 4575 1865
3 1082 2658 180
2 1034 2794
7 3677 1905 3042 3621 4614 3620 2815
3 3228 4252 731
3 445 1270 531
3 2193 1810 3340
1 1922
2 1290 1306
2 2841 3591
3 2940 3827 4000
2 594 637
4 1643 4290 4799 4325
1 4558
3 3856 3968 4823
3 3805 1054 2628
8 4244 4722 3406 1914 3639 2340 409 3519
2 1885 1154
4 538 1469 2293 1869
2 3127 4598
4 3682 3627 3923 1237
2 3581 4526
3 16 3636 1585
2 3489 624
2 2378 734
3 4964 405 2392
1 4190
5 366 3967 4061 2022 4490
3 42 3546 3009
1 2241
3 2868 50 2668
1 2386
2 1421 3826
2 4847 2822
2 528 2226
3 536 3418 3482
2 3952 4051
2 140 1104
1 238
1 4438
3 1527 1097 4966
2 1517 2239
2 1199 3917
1 4939
3 466 2819 623
1 254
5 2159 517 110 1770 3347
2 2468 3420
1 2259
3 2849 2441 1958
2 1549 670
3 1782 4927 3634
2 3376 408
3 1674 3367 2708
1 2498
2 4025 1707
2 1460 4659
2 3747 2065
6 3578 3877 4225 2952 4895 953
5 4983 3930 879 2564 755
1 4425
4 1274 3377 4341 3028
1 1833
3 3645 4266 1547
6 4988 3903 342 1219 4651 1871
3 1021 7 4870
2 2129 4702
3 2510 2833 1912
3 2405 4573 2764
2 4095 3710
3 1154 4205 566
3 662 1437 114
3 2614 4062 41
4 1101 2272 4976 3194
1 483
1 4259
1 4228
2 1767 2298
2 4390 4572
1 3669
2 1472 4824
2 1299 1600
3 1419 4761 4566
3 1357 3778 3980
2 2581 3953
5 4984 1280 3808 437 4274
1 4882
2 793 1464
4 2358 1887 291 1739
3 398 100 1736
2 2957 1269
4 2357 4063 1483 2334
2 3021 184
2 4244 2824
2 4227 3179
2 4818 1202
1 4463
3 4153 1995 2016
1 4055
3 4377 2002 4883
2 3071 3398
3 2468 608 3742
1 1657
2 4043 1835
3 2903 3657 3266
1 4481
6 2261 213 3566 3832 3244 3925
3 3167 4661 3287
4 2995 3179 3246 3168
1 3588
2 1593 1243
1 2753
6 3207 685 1164 4902 4018 3755
2 1928 3973
1 4848
1 3429
3 4919 2457 2711
2 4730 4081
1 1262
2 2641 1503
2 371 2698
1 2250
2 2318 395
3 501 1057 1980
4 1442 1635 3007 4054
2 4005 4842
2 4765 4575
3 4611 4897 2701
1 2189
2 451 4251
2 2341 4807
2 3950 3256
5 1549 504 1333 3242 4221
4 2129 1802 4554 3116
2 132 4454
4 4712 1637 592 4096
2 223 258
2 3025 4415
1 664
4 460 2608 829 3144
1 1838
5 3102 4860 2414 3765 4094
2 4893 2517
2 3973 1137
1 2333
1 2326
1 263
3 3575 336 1903
3 3741 4456 4809
2 1534 1085
1 2895
2 2197 4784
1 3570
4 795 639 2711 2927
2 2537 583
3 312 2731 2653
4 1888 163 1465 4564
3 4040 2544 2072
5 3429 468 3972 543 3026
6 1756 2390 2663 2911 2338 906
3 1199 2663 1659
2 764 604
3 3013 1122 4814
5 2953 2779 3111 3362 4034
3 1204 1172 2082
3 4390 2791 2079
3 4677 2722 3926
4 4569 710 2925 4089
5 2931 8 4425 4075 4490
4 225 3903 4781 2531
2 2545 4721
1 2935
2 4258 986
4 4849 4430 3763 1374
3 1732 4894 2684
2 2727 584
2 4387 4829
1 2202
4 2193 3437 4069 3562
2 1674 3130
2 1439 4925
2 3709 2283
4 4067 3872 3623 147
6 4002 4067 3597 4325 814 599
5 3141 689 2532 2943 1156
1 3842
5 4764 635 2763 4418 3026
3 3659 1664 3996
2 3013 447
2 3800 4746
1 2275
3 2765 3209 619
3 1076 4958 2775
2 2990 4219
4 42 2277 2104 1972
4 4552 3513 1665 1600
3 4874 629 1696
3 1827 2036 2376
3 2644 2169 1090
2 1834 1366
3 4898 1636 1821
3 3465 2272 3237
3 810 3069 4917
2 4432 2697
4 2193 4607 24 1262
4 160 439 1529 1215
1 3772
2 873 1662
3 614 4207 3795
1 773
1 3532
1 3573
2 4725 3646
3 1071 2353 1045
1 4743
1 559
4 4046 3097 3390 3526
3 11 1242 2951
3 618 1810 3483
2 177 4757
4 3787 1643 548 4911
6 3208 4338 2264 4922 233 2862
3 614 3510 4123
2 4690 3084
1 303
4 4211 1414 1944 1541
1 2614
5 1345 119 3604 4360 354
1 4609
4 489 4103 380 4675
1 1662
4 2299 2965 3774 529
4 4028 2797 3824 76
4 4037 3856 4316 3978
3 812 1064 4771
1 4889
4 4552 4308 973 3193
2 1608 4866
4 3126 262 658 4151
2 1136 850
1 2875
2 1347 2148
1 3827
1 3551
2 2284 160
2 1414 3507
2 2211 4135
6 4072 3060 1764 4720 4269 1396
2 880 1372
3 3307 502 4082
2 604 2826
1 3336
5 3682 3252 2126 4628 3785
5 4170 2393 4709 972 809
5 4768 1843 452 1761 3792
2 4852 2752
2 3853 893
3 3361 958 4850
2 3675 531
1 1818
1 3274
1 1796
4 1608 4383 1125 141
2 4272 4282
2 1911 3317
1 4736
4 2947 416 4382 3794
1 2785
4 1188 3047 3556 2201
2 2001 3073
3 1966 3047 4974
2 4832 419
2 65 2840
2 4078 1452
1 3480
2 2967 4660
1 1896
3 1359 3428 4322
3 1555 3716 4399
3 4368 1018 4791
2 1207 2762
4 4927 3108 3875 144
5 3298 2132 2688 2799 3526
3 1380 3633 2147
3 2693 606 3278
3 823 673 3113
3 3060 4163 2440
5 2441 3149 4681 598 3045
2 2945 4694
2 3182 331
1 1483
1 3004
3 1516 1481 754
2 4232 154
3 2691 1275 4830
3 4122 864 4568
2 2363 913
3 3655 717 4202
2 4737 2436
2 4769 3275
2 4653 3821
3 3066 749 545
3 4722 905 3783
1 4795
2 1621 1246
3 805 357 878
2 1692 3086
4 1536 4707 3522 3949
2 1320 2995
4 167 347 2182 3994
2 3383 3080
2 558 2031
4 3292 1832 1457 1584
1 4147
2 2858 2265
3 1018 3857 474
3 4815 2037 1206
4 4057 142 234 168
1 2988
1 4113
2 2127 2726
2 3236 3048
1 4797
1 4533
7 3485 3013 4711 1331 2791 1232 214
1 4214
4 3976 1102 108 3725
3 23 4816 4503
2 637 2768
1 70
2 4775 4341
2 128 2492
10 3346 1630 4646 1069 62 2113 4429 4876 3161 3113
2 3183 2920
4 1727 1231 2495 2351
3 3840 2576 4297
1 4979
2 4091 2211
2 962 4315
2 4040 2882
2 1664 3990
3 1722 467 3280
3 3942 311 3176
1 747
5 145 2266 4638 4350 1175
2 1213 2899
3 4048 1189 1065
1 3992
5 1616 3239 4565 242 4007
3 3772 4470 3146
3 3198 2212 1305
2 2865 1923
1 3010
2 1123 2378
2 2084 2495
1 1312
4 4152 1996 1753 1826
3 2554 3318 4475
3 3257 4262 3987
2 994 3833
4 587 2071 4284 3128
1 1750
2 3642 865
2 4787 256
2 3809 3723
1 3727
1 2424
2 894 14
1 2989
2 4173 4620
5 4207 309 2443 4411 1455
2 4635 157
2 1643 1476
3 3588 1890 2756
3 4402 1333 4483
4 589 1731 3334 827
3 2296 3730 697
4 1880 1438 2538 170
5 675 2475 618 4986 1805
3 4104 4865 418
2 2543 1815
3 4668 2054 1728
3 1118 435 4275
3 2174 1343 3875
3 4931 2368 2994
1 968
2 211 2596
2 4372 2346
3 4654 3306 4167
3 4680 2814 45
1 1062
5 2754 4973 3745 29 3461
3 4003 1050 1256
5 3856 4659 3389 3410 700
2 3463 3344
1 2368
1 346
6 961 4318 4492 1285 3348 835
3 3672 1481 94
2 3543 634
4 3939 4341 74 2178
2 37 2937
4 3177 2259 3173 1346
6 4245 3371 706 1838 3267 1480
4 3874 4068 2528 2536
