5000 3
2 3886 4976
2 3410 4204
2 3696 1856
2 4926 1743
2 1749 138
2 836 730
2 710 1407
2 3679 2777
2 4941 4813
2 1312 1246
2 2047 1575
2 2139 2514
2 1689 3228
2 985 4894
2 980 3231
2 4331 3377
2 747 321
2 1144 2248
2 2206 154
2 685 4436
2 1662 4256
2 4972 4453
2 1962 2239
2 2400 2443
2 2984 2149
2 1080 2338
2 2418 1265
2 303 230
2 2456 185
2 4321 263
2 4517 534
2 3096 2860
2 282 803
2 157 456
2 3580 824
2 2594 326
2 3199 4527
2 696 4094
2 2362 3108
2 1393 3579
2 3088 4122
2 3906 3815
2 3506 4856
2 3996 1693
2 562 1477
2 2159 1493
2 3119 3707
2 842 4125
2 4933 1733
2 3891 4832
2 3537 4283
2 2501 1199
2 1744 4767
2 1424 2379
2 3394 111
2 3086 1612
2 3346 756
2 3799 2264
2 1748 2196
2 1931 661
2 2564 3145
2 3727 1002
2 1390 1549
2 2977 2551
2 1519 4679
2 3626 3661
2 649 3126
2 779 3010
2 266 159
2 4029 527
2 4853 3325
2 1087 1632
2 3887 4895
2 3393 2840
2 1218 4048
2 1067 2170
2 623 4411
2 2219 497
2 2694 2115
2 1283 425
2 3430 4153
2 2094 3031
2 2753 3160
2 900 2965
2 1445 1889
2 715 4463
2 2913 826
2 394 1936
2 3868 1463
2 490 827
2 3471 1764
2 866 1392
2 3014 2095
2 354 333
2 1603 2867
2 4175 1408
2 2327 1861
2 1330 1225
2 2276 1470
2 1313 4457
2 3060 166
2 591 4875
2 4214 4962
2 2627 1638
2 3741 789
2 1572 4664
2 3010 2344
2 371 4418
2 334 3056
2 2568 2323
2 957 660
2 54 3650
2 1168 4057
2 2791 685
2 2007 220
2 3052 2954
2 1658 2175
2 2264 3834
2 4572 3859
2 3132 4692
2 1474 2474
2 4031 2801
2 4328 1290
2 2417 1533
2 3359 2724
2 3000 210
2 2651 4198
2 3020 1990
2 2854 2145
2 2428 1336
2 2116 3207
2 1652 4545
2 4757 928
2 4199 2685
2 4709 4725
2 566 1670
2 3602 3038
2 2547 4402
2 4 547
2 4244 1518
2 3940 3758
2 1979 2829
2 2707 1573
2 1441 615
2 829 1070
2 786 3299
2 3889 287
2 2664 2123
2 4271 4776
2 3428 1647
2 4618 3575
2 3682 3069
2 4049 853
2 4970 4047
2 18 1579
2 2955 3211
2 1113 4620
2 1887 33
2 3330 4885
2 68 2588
2 1726 2491
2 2497 4788
2 4770 894
2 4997 348
2 2354 3756
2 665 1968
2 100 574
2 768 2000
2 3668 3600
2 528 1910
2 1378 1245
2 1816 2197
2 4065 4784
2 2849 1742
2 613 274
2 4662 1744
2 3860 2591
2 1505 3109
2 387 1080
2 3251 4210
2 2986 2890
2 3252 4340
2 1885 3939
2 3463 2423
2 3130 3218
2 28 2174
2 291 1060
2 4908 4490
2 1596 4557
2 2435 3683
2 3078 3578
2 4278 268
2 720 2339
2 3904 298
2 3817 4896
2 2542 2569
2 4593 4330
2 4319 4360
2 4857 4526
2 306 869
2 1240 2505
2 882 4037
2 2182 4993
2 4546 478
2 2662 784
2 938 1076
2 3443 3802
2 3456 3879
2 855 4513
2 3431 4434
2 125 4570
2 677 4558
2 1178 693
2 3778 3675
2 518 4493
2 2345 2927
2 617 2189
2 380 2720
2 1411 1974
2 4151 1360
2 114 2425
2 4140 4929
2 4532 2596
2 1212 1313
2 1237 2741
2 2016 1130
2 4483 2637
2 4409 3088
2 875 2877
2 4105 4219
2 27 1089
2 4719 2307
2 1788 3993
2 3102 2069
2 628 3824
2 3736 450
2 880 4563
2 4637 3439
2 2697 733
2 4680 2661
2 2131 3436
2 800 2836
2 1625 4435
2 575 2367
2 2541 4215
2 687 1306
2 3800 4912
2 4095 3417
2 2896 3684
2 910 2480
2 3594 3780
2 278 2800
2 668 4961
2 808 4728
2 3570 3216
2 2752 1391
2 4535 4608
2 4956 611
2 2290 3485
2 281 516
2 4830 2296
2 871 896
2 2277 3934
2 29 3431
2 3365 2515
2 4590 1071
2 1918 68
2 3488 3739
2 191 2839
2 2871 4105
2 4548 3167
2 2789 3291
2 2412 3482
2 2676 3504
2 174 2554
2 1266 1529
2 2123 4602
2 3743 4138
2 2801 251
2 1900 1131
2 2993 3603
2 418 259
2 3908 32
2 1906 700
2 3655 1505
2 1000 3592
2 4211 3545
2 146 1149
2 2142 1536
2 1142 3649
2 1645 4529
2 1590 186
2 1558 487
2 403 4647
2 361 3909
2 4219 990
2 1467 4381
2 2560 3940
2 193 1716
2 3772 4209
2 348 2431
2 439 3816
2 2174 2163
2 797 27
2 3611 678
2 2944 2906
2 4217 199
2 706 1374
2 2406 951
2 2569 4824
2 1116 1986
2 839 4353
2 4545 4431
2 4136 1738
2 1860 1098
2 3360 1522
2 4304 3062
2 4197 893
2 4018 2226
2 1465 4953
2 4629 4742
2 16 2745
2 1994 4041
2 497 1605
2 3643 1872
2 4010 917
2 35 3374
2 4890 421
2 4196 2887
2 1023 3430
2 2271 2757
2 1975 4306
2 525 2873
2 93 4665
2 4729 108
2 4020 405
2 656 1305
2 1440 4718
2 2783 1930
2 2302 4956
2 558 3181
2 2644 706
2 3050 392
2 4877 4412
2 1198 821
2 1758 3896
2 540 2026
2 4204 4819
2 163 300
2 783 2042
2 1282 2007
2 2907 1213
2 930 3495
2 3922 4440
2 4889 93
2 1241 4724
2 1050 2730
2 673 2328
2 662 4867
2 2997 1630
2 4227 4409
2 3980 294
2 4531 3607
2 3879 2473
2 1061 3012
2 666 536
2 1320 703
2 3017 2807
2 1895 2735
2 3165 624
2 3366 1343
2 1653 107
2 4287 1996
2 2499 1875
2 1609 579
2 3805 1348
2 1129 2611
2 417 1566
2 3363 4281
2 4849 3847
2 3308 217
2 1443 495
2 1642 875
2 1757 3728
2 944 1154
2 1083 2433
2 538 4861
2 4562 178
2 850 3452
2 1418 506
2 3011 3036
2 2756 2384
2 342 1616
2 2968 4018
2 4145 87
2 2465 1888
2 4975 3991
2 3644 2162
2 4350 3017
2 1296 521
2 4643 1238
2 1045 1737
2 1324 2920
2 3747 293
2 2608 626
2 335 465
2 1901 2913
2 1781 3272
2 4653 590
2 2595 553
2 2615 3258
2 928 4375
2 4780 942
2 1601 4135
2 4730 4108
2 4847 4313
2 4876 809
2 576 377
2 2886 281
2 3951 2457
2 2504 3379
2 327 4938
2 1130 4947
2 3824 4107
2 749 918
2 79 1419
2 2922 1668
2 2903 3312
2 3850 1718
2 3520 1665
2 923 2112
2 2155 2846
2 2581 3194
2 2734 4946
2 1253 2662
2 4298 1807
2 4583 4150
2 4139 2352
2 4019 717
2 2273 301
2 3188 1324
2 833 2015
2 4744 2625
2 2370 2412
2 3035 4990
2 4192 3371
2 1438 3699
2 2394 4158
2 1349 2995
2 1375 973
2 235 2217
2 3047 1658
2 1020 3395
2 2840 3061
2 3858 2011
2 4391 2185
2 33 2974
2 2709 2198
2 2953 3400
2 2490 676
2 3028 4979
2 1849 1270
2 1230 1715
2 2980 3045
2 1876 2310
2 405 1972
2 864 2826
2 4291 2325
2 729 3917
2 2154 2318
2 3278 1768
2 4685 2924
2 1299 4460
2 971 2864
2 1946 2249
2 1059 1139
2 692 1602
2 1387 1006
2 203 1846
2 3519 4059
2 2318 1777
2 1166 2372
2 4539 2038
2 1822 1789
2 2332 1582
2 3862 2244
2 2260 1037
2 292 517
2 4671 2963
2 3468 2400
2 3808 89
2 1395 2689
2 3914 1603
2 622 1772
2 2910 1258
2 381 2040
2 4668 3262
2 77 323
2 3306 3827
2 4734 3398
2 1532 3964
2 825 3621
2 3377 596
2 4707 3681
2 4742 1166
2 4466 4720
2 389 2074
2 1101 780
2 1776 4757
2 3458 1000
2 3758 1469
2 590 3421
2 822 658
2 1277 968
2 3898 3846
2 3205 3667
2 259 3224
2 487 4328
2 2011 214
2 2787 2653
2 3929 2334
2 399 1844
2 3478 2438
2 3681 2083
2 3513 1788
2 2267 332
2 4046 3547
2 69 2476
2 1139 169
2 3314 3769
2 3083 4514
2 2617 4766
2 4469 4980
2 2717 2186
2 30 1837
2 3654 2838
2 365 655
2 2609 4262
2 2775 386
2 4413 1366
2 2924 346
2 2693 1535
2 2621 4994
2 3583 2718
2 3963 993
2 1879 3000
2 4733 1326
2 138 3166
2 918 1701
2 1889 2203
2 2307 2093
2 2548 3950
2 1371 2921
2 409 4247
2 2597 1045
2 977 2989
2 4420 4694
2 2117 2842
2 1001 340
2 1583 4021
2 3745 3641
2 3136 4334
2 4985 44
2 1035 1437
2 2449 2294
2 2969 3570
2 2205 135
2 1392 2261
2 4162 4357
2 4441 4746
2 3894 1766
2 4874 4876
2 828 3480
2 1547 2644
2 166 4942
2 4613 243
2 4861 417
2 3949 1548
2 1460 1627
2 374 3397
2 2351 2103
2 2360 1671
2 4611 1180
2 4705 2659
2 2396 934
2 4369 4827
2 3837 2041
2 1151 2517
2 3572 2329
2 2311 634
2 408 511
2 657 101
2 1062 1318
2 616 1119
2 4650 4141
2 647 2167
2 502 2463
2 2220 835
2 4638 3438
2 4973 819
2 1109 3091
2 608 3163
2 1832 2615
2 2169 1642
2 2100 2233
2 4403 4669
2 4907 3141
2 2295 4582
2 738 601
2 981 1092
2 4586 3465
2 257 2624
2 1120 4786
2 3950 174
2 2299 4491
2 143 2050
2 3711 593
2 2342 216
2 4953 4723
2 633 2166
2 1829 3666
2 4895 1331
2 3105 493
2 2540 76
2 369 3640
2 3566 3201
2 404 1158
2 1874 1120
2 3630 234
2 3191 4366
2 921 978
2 1884 4258
2 4305 4207
2 3160 619
2 589 3424
2 792 3785
2 3417 3877
2 4040 4009
2 1622 4872
2 4424 4643
2 787 2812
2 2442 4655
2 4372 3406
2 3452 3952
2 4987 4162
2 4782 2024
2 1306 1203
2 2525 595
2 1039 4322
2 817 66
2 2181 3581
2 1323 2308
2 700 3414
2 1364 659
2 2035 1016
2 536 2401
2 3002 336
2 4984 591
2 512 3553
2 653 787
2 110 3526
2 59 4355
2 2829 358
2 2059 2065
2 1632 2070
2 2545 165
2 4656 365
2 3148 2760
2 4223 252
2 2488 4642
2 815 888
2 4056 3293
2 908 4115
2 1167 357
2 2064 4839
2 1379 1188
2 459 3918
2 3650 211
2 304 4134
2 760 3402
2 3538 4852
2 2080 4515
2 1436 3992
2 3110 3050
2 4659 3597
2 113 19
2 4249 4433
2 2688 245
2 2740 2502
2 4358 778
2 2962 2034
2 4144 3841
2 4011 476
2 212 2570
2 3313 2651
2 3877 2882
2 3746 37
2 3170 4148
2 1903 1481
2 4089 1821
2 283 652
2 1529 4735
2 1551 2091
2 366 2743
2 1813 4035
2 2221 852
2 341 307
2 1824 4101
2 1317 4792
2 3510 984
2 4267 6
2 1377 1661
2 2432 2177
2 2549 2759
2 3362 1834
2 3482 85
2 2733 4772
2 438 1811
2 3939 2541
2 2538 3196
2 3841 192
2 1531 831
2 2125 1085
2 2719 872
2 1791 4536
2 4001 2578
2 1894 2419
2 2773 1869
2 3224 2892
2 4364 468
2 5 3155
2 3806 3096
2 2950 1144
2 238 3881
2 736 4697
2 3722 1446
2 791 734
2 3206 1652
2 1709 608
2 4016 1232
2 4195 858
2 2949 4468
2 4412 1161
2 1995 2781
2 2516 1704
2 4083 4288
2 1764 1434
2 4913 16
2 2935 4363
2 4808 424
2 2190 1249
2 1367 1338
2 3249 1009
2 1631 3484
2 4684 3443
2 2966 1077
2 56 2670
2 3953 4628
2 1655 3894
2 2779 4866
2 2447 679
2 2630 2736
2 3730 947
2 1366 4840
2 2168 1794
2 2659 3858
2 1760 4404
2 814 2769
2 3498 167
2 1707 3233
2 1950 1350
2 3658 1525
2 818 1050
2 1401 1355
2 1794 4481
2 3628 2368
2 4198 1352
2 2517 3256
2 689 2365
2 1954 67
2 507 2319
2 3709 2968
2 2464 1952
2 2825 349
2 204 967
2 2673 1918
2 4598 145
2 659 640
2 4062 2479
2 104 3668
2 3755 1707
2 1647 736
2 2677 635
2 1097 1593
2 3561 3177
2 4649 4480
2 4521 4541
2 3969 303
2 3457 1178
2 1504 2603
2 1293 241
2 1495 4089
2 4965 1748
2 32 3558
2 4468 2830
2 3531 2464
2 2118 4673
2 2323 3833
2 2374 253
2 416 3442
2 1011 1678
2 3823 3866
2 3853 2288
2 1695 1587
2 4167 767
2 4708 670
2 3640 4265
2 1687 649
2 1542 772
2 599 2739
2 2025 3875
2 344 4726
2 4909 512
2 1498 1975
2 34 1569
2 2689 501
2 86 3840
2 89 2018
2 4524 572
2 2444 144
2 1209 845
2 721 1791
2 2308 4523
2 2333 441
2 1639 4056
2 597 4296
2 3364 5
2 2213 1995
2 1148 4341
2 1823 311
2 1745 3740
2 3141 4441
2 1480 47
2 3311 1247
2 2879 3804
2 830 4606
2 3692 4449
2 1799 1086
2 2721 2300
2 2196 1859
2 893 388
2 2848 2932
2 705 1495
2 152 1803
2 1279 3478
2 1862 208
2 2069 3412
2 4710 2712
2 740 3220
2 4093 4086
2 3080 3985
2 4743 1442
2 2226 3682
2 2570 2241
2 2385 466
2 2838 4654
2 2239 91
2 4967 4821
2 1636 3891
2 199 3949
2 1872 2314
2 2178 261
2 723 3129
2 1561 3574
2 4654 3567
2 382 228
2 3336 4333
2 1560 1172
2 3466 1639
2 1068 2804
2 2255 236
2 4878 3860
2 1714 201
2 2383 3280
2 3280 4613
2 1941 940
2 4784 2861
2 4983 3214
2 670 4078
2 1568 2598
2 1618 2560
2 4107 4015
2 4043 4714
2 317 850
2 162 4194
2 1128 3410
2 261 3084
2 4570 1393
2 2166 2389
2 2045 1938
2 4500 83
2 3164 2785
2 4904 2462
2 3883 2969
2 1363 4297
2 2436 4659
2 4310 2228
2 4178 1146
2 2660 672
2 4569 4597
2 2751 249
2 1382 4224
2 4428 4925
2 3373 1708
2 3528 4187
2 1771 3173
2 1604 1162
2 325 2252
2 424 548
2 1289 3787
2 1004 2981
2 2033 630
2 1025 2939
2 3717 430
2 4073 1885
2 4994 4016
2 2193 3081
2 2434 4356
2 132 411
2 2335 1368
2 4407 352
2 1350 1592
2 4120 3941
2 1396 2811
2 584 1644
2 1057 4062
2 4122 4390
2 1232 3848
2 1926 205
2 2472 2843
2 885 4549
2 4828 1511
2 412 2008
2 2129 1982
2 3657 384
2 4142 2959
2 2107 4984
2 762 2558
2 2970 1286
2 2056 2246
2 2263 4533
2 308 2658
2 1311 2289
2 3065 1963
2 3234 3143
2 3835 1728
2 3441 3366
2 4949 110
2 1444 2245
2 4869 1985
2 3582 1532
2 2641 3001
2 4564 1711
2 2737 1784
2 2053 2949
2 4566 4550
2 1102 3359
2 784 2590
2 513 2572
2 2682 3150
2 2647 3392
2 2084 473
2 1202 4103
2 449 2122
2 2552 2958
2 1065 3046
2 2000 3461
2 3703 555
2 630 2619
2 3238 4886
2 2240 14
2 3664 609
2 4551 2917
2 3216 1471
2 709 1653
2 4645 13
2 4774 1489
2 2167 4271
2 4229 2274
2 1713 2260
2 295 4182
2 1372 2752
2 2058 3947
2 544 1384
2 3023 2357
2 3645 1689
2 3512 3333
2 4126 4646
2 4840 4456
2 2326 1079
2 509 285
2 1957 558
2 61 2501
2 4765 4901
2 2336 920
2 4181 4093
2 477 4248
2 3935 4444
2 4863 3534
2 752 1422
2 2521 3984
2 1747 810
2 4025 1280
2 1599 4849
2 4191 3039
2 2426 2140
2 654 1043
2 1236 3259
2 2976 1267
2 1175 4658
2 1466 452
2 4954 2647
2 1815 1191
2 1629 329
2 4797 1759
2 2685 922
2 4801 2859
2 1734 2200
2 1183 1334
2 1999 4019
2 1589 2693
2 4255 2600
2 1643 4450
2 1135 3246
2 4205 2772
2 1871 563
2 3034 3966
2 486 1211
2 4478 4633
2 3139 648
2 2782 4038
2 2233 2363
2 4810 3712
2 1016 1551
2 4910 1541
2 554 401
2 4754 4580
2 4602 1553
2 3670 4106
2 3221 4940
2 772 356
2 2657 3257
2 2872 2386
2 4399 4487
2 1138 2146
2 4844 2376
2 3186 3344
2 2785 935
2 2695 3783
2 1409 475
2 186 2131
2 2798 364
2 3719 592
2 2003 3662
2 3690 3178
2 1219 975
2 3610 3713
2 1355 75
2 2198 879
2 2875 3745
2 144 4859
2 265 2978
2 3434 1562
2 1345 1218
2 4675 4083
2 1986 4957
2 205 1396
2 755 4687
2 2350 4775
2 999 4752
2 178 25
2 1419 3829
2 4218 3748
2 3567 385
2 3134 3197
2 722 1960
2 847 1752
2 2864 71
2 4829 4973
2 230 4445
2 1896 1479
2 2702 3322
2 609 4050
2 4631 3154
2 3525 2562
2 3647 3115
2 1199 3624
2 1960 793
2 314 1654
2 1767 4001
2 3153 1781
2 3785 507
2 2018 966
2 3031 3019
2 1821 3973
2 2518 1440
2 3179 4883
2 3830 1454
2 2658 2534
2 1384 600
2 1717 2816
2 3162 4706
2 3586 4612
2 3319 156
2 3697 1656
2 4918 1719
2 3501 310
2 1905 4447
2 4888 2206
2 593 2612
2 627 612
2 4203 3870
2 2376 2982
2 3248 2089
2 2543 1486
2 3820 2664
2 4689 2771
2 4495 4352
2 4952 895
2 2985 376
2 225 422
2 279 3810
2 1486 3904
2 3689 2966
2 2937 2446
2 3961 1033
2 2085 3509
2 2484 3003
2 3765 1054
2 475 528
2 2470 2579
2 4159 3112
2 3928 289
2 3007 3935
2 732 17
2 3415 3627
2 907 2880
2 2817 1482
2 2191 838
2 287 4787
2 3854 2744
2 1215 587
2 2393 1365
2 1989 3079
2 384 1944
2 4176 4911
2 4462 2494
2 4879 4983
2 626 3884
2 2646 1559
2 2431 2645
2 742 2485
2 916 3260
2 3683 3677
2 4464 1307
2 2200 4270
2 504 481
2 3095 673
2 1569 112
2 4592 2467
2 1792 2317
2 3618 4509
2 877 3687
2 1659 2466
2 1796 3378
2 3514 1019
2 3378 2230
2 4561 2415
2 798 212
2 1391 1879
2 582 3261
2 3714 2956
2 2008 3836
2 2134 1028
2 3257 3505
2 3667 2763
2 3976 4111
2 2981 1943
2 675 2218
2 2571 4242
2 1286 1799
2 1022 3961
2 3641 3350
2 2071 2116
2 1697 2627
2 4768 3693
2 1517 4672
2 2012 3444
2 1746 344
2 51 1096
2 1552 3942
2 2706 3757
2 2310 972
2 646 3851
2 3857 3127
2 4313 4758
2 1553 1382
2 2925 1312
2 1496 2119
2 4339 830
2 3237 2722
2 1037 4475
2 2971 223
2 351 2997
2 1873 4064
2 1933 1151
2 2780 3583
2 4231 3854
2 1073 74
2 2230 1065
2 1932 3486
2 3907 3070
2 2245 3698
2 3268 3774
2 3930 4461
2 97 4312
2 2804 4812
2 3541 2703
2 1920 2399
2 2684 3568
2 3973 462
2 4557 3047
2 739 937
2 4538 3656
2 3022 3195
2 2077 4391
2 1952 1017
2 1613 224
2 400 1461
2 1541 2916
2 3873 200
2 4030 355
2 1595 4902
2 4290 2072
2 2923 3999
2 170 1947
2 9 2304
2 843 3654
2 3615 3890
2 750 4684
2 1383 4008
2 2797 4816
2 1913 4701
2 2972 434
2 2690 2232
2 2050 3730
2 4257 1401
2 2665 3022
2 494 3528
2 2611 3464
2 3097 4826
2 2176 1635
2 2546 1497
2 3590 3111
2 1380 4407
2 26 3729
2 1797 275
2 1018 2922
2 1452 4640
2 3121 2276
2 461 2886
2 3490 4666
2 1660 4472
2 1469 2486
2 1861 1590
2 4472 3948
2 1527 3539
2 1521 513
2 3504 3591
2 1682 854
2 1012 2475
2 4112 3349
2 3348 350
2 2932 79
2 1819 1356
2 3900 1863
2 948 1190
2 3357 2849
2 3406 4626
2 4241 919
2 122 3710
2 2579 1390
2 2489 4295
2 3432 800
2 2319 1413
2 3843 2577
2 4543 399
2 4758 1429
2 4537 1554
2 2423 472
2 3071 4862
2 4177 2866
2 2843 4932
2 4296 1979
2 3223 4099
2 336 4952
2 245 646
2 1164 4196
2 4408 4336
2 3247 3460
2 3161 3165
2 3322 952
2 1207 9
2 223 99
2 3775 4013
2 2218 4087
2 3516 4850
2 1923 708
2 592 4372
2 1574 4671
2 3581 366
2 4925 2242
2 3660 3945
2 1337 651
2 440 402
2 1528 1421
2 546 1757
2 4250 3018
2 2041 3900
2 3076 2012
2 4608 97
2 621 3777
2 3454 4906
2 3335 3981
2 1028 2481
2 3038 1572
2 129 3793
2 4451 1323
2 751 2796
2 2760 2477
2 3125 2353
2 2584 1899
2 3027 1375
2 370 1623
2 3517 1570
2 4499 1073
2 4282 4600
2 1985 1806
2 375 4571
2 4208 448
2 770 931
2 4455 1657
2 776 1598
2 2150 2154
2 2042 1790
2 773 1067
2 1284 4264
2 3773 1977
2 1830 2622
2 3072 4689
2 219 2326
2 2256 4278
2 4891 2086
2 3046 904
2 4307 653
2 1152 3276
2 539 763
2 3874 751
2 929 4815
2 4206 2234
2 2463 4348
2 2850 552
2 4132 991
2 2628 3076
2 307 3331
2 1342 449
2 4316 4459
2 2128 711
2 1720 170
2 4695 675
2 4194 1264
2 3092 3907
2 1206 911
2 4003 1250
2 993 1109
2 4749 2267
2 2020 1892
2 4380 477
2 4157 3142
2 2805 4246
2 1291 62
2 255 1179
2 91 567
2 897 39
2 3135 4963
2 3609 491
2 1076 933
2 4899 2837
2 1485 2520
2 3770 4632
2 1729 3042
2 1256 773
2 4738 3073
2 4717 3413
2 3053 3507
2 2324 4680
2 1741 3639
2 6 4857
2 95 2417
2 2498 1059
2 2607 4949
2 4371 218
2 2503 1517
2 1294 4828
2 1685 3951
2 3171 4149
2 4367 4805
2 3632 2266
2 3005 389
2 425 1081
2 4293 4394
2 1325 3440
2 1009 1714
2 4009 3311
2 2130 53
2 3101 4846
2 3473 4683
2 3764 3303
2 1859 2120
2 1297 3619
2 3678 1992
2 3521 4467
2 3117 3295
2 3376 3288
2 746 1526
2 4614 2263
2 4922 682
2 563 4260
2 1691 446
2 2292 1698
2 1105 337
2 3026 143
2 861 3855
2 2309 381
2 2506 958
2 2165 84
2 735 1452
2 3964 3826
2 2800 3140
2 2375 4454
2 3661 4617
2 3535 2893
2 1446 1268
2 1494 3794
2 1107 4878
2 4581 3988
2 3533 3477
2 3045 3540
2 3819 4637
2 4027 4206
2 2835 578
2 1238 1829
2 4000 2649
2 88 2097
2 3558 2683
2 4427 319
2 3244 1020
2 1855 296
2 1763 2708
2 510 1273
2 98 2944
2 983 1956
2 1982 3401
2 4630 4800
2 3030 120
2 2999 3908
2 1937 2027
2 44 2992
2 3753 4943
2 1090 3573
2 1814 842
2 698 3418
2 1147 4170
2 2587 2847
2 3341 4729
2 4604 1398
2 1124 1132
2 3323 3536
2 3236 3972
2 986 3674
2 4366 3327
2 3496 4761
2 2861 1912
2 45 3080
2 3004 1453
2 852 801
2 2044 1208
2 1262 3162
2 4383 823
2 3699 1519
2 3851 4362
2 3688 3390
2 3100 4234
2 3276 3487
2 3140 799
2 284 177
2 3503 2382
2 2593 2990
2 1684 4889
2 4247 1599
2 3549 2726
2 941 1552
2 4193 1555
2 1699 3954
2 4485 1694
2 4699 4737
2 2315 1628
2 1412 1196
2 139 1933
2 1499 64
2 3235 3633
2 3147 1277
2 315 2056
2 3923 4428
2 3421 4084
2 771 3897
2 1434 4040
2 4686 1276
2 4235 1325
2 275 701
2 1579 4650
2 4376 721
2 960 500
2 123 3761
2 3229 1726
2 541 3727
2 288 1851
2 3905 4329
2 3771 4583
2 4072 1608
2 3839 2571
2 1044 1239
2 2995 818
2 3665 4581
2 2915 3537
2 3187 2610
2 4284 4298
2 1833 573
2 577 4118
2 62 2762
2 4911 3338
2 1043 702
2 1511 1200
2 1047 1206
2 1298 2043
2 1512 4811
2 2282 2224
2 1892 2099
2 1981 292
2 1159 4309
2 2839 877
2 3946 873
2 1072 4168
2 2519 4870
2 4131 3313
2 2242 4223
2 377 4528
2 4471 4771
2 3436 889
2 824 1168
2 1344 2006
2 3353 3910
2 1335 105
2 142 1927
2 1842 1319
2 10 2395
2 4694 4438
2 3515 4972
2 2137 2907
2 154 1530
2 1977 2831
2 1956 4755
2 484 4369
2 3477 559
2 1993 1866
2 2408 2075
2 4477 3790
2 813 1955
2 4436 1724
2 2967 1030
2 1274 291
2 3967 2516
2 931 2682
2 793 1787
2 1787 2580
2 3408 1242
2 4812 188
2 3016 3175
2 1352 3320
2 1509 1013
2 4252 4841
2 3077 413
2 476 4354
2 492 94
2 2530 916
2 323 4113
2 2275 3092
2 4917 4914
2 1539 4794
2 3486 374
2 3180 4537
2 2171 2303
2 55 3715
2 3461 1237
2 2768 2734
2 3115 4058
2 392 2111
2 4354 4222
2 4476 890
2 4344 4732
2 4325 2690
2 4563 2292
2 1633 638
2 1343 4403
2 4186 3576
2 4404 242
2 2210 4638
2 578 2172
2 1516 3809
2 4327 1023
2 359 2380
2 1706 753
2 71 664
2 3892 1622
2 1844 3305
2 1261 3067
2 2948 868
2 3675 3471
2 103 1756
2 878 834
2 1754 3529
2 2511 2977
2 603 382
2 3299 1032
2 934 3589
2 2343 290
2 3367 4076
2 149 791
2 3584 4178
2 4842 3085
2 2397 4770
2 2037 4091
2 737 131
2 984 371
2 1098 2272
2 2363 758
2 1114 4702
2 1351 3123
2 451 116
2 4246 1173
2 4285 1272
2 711 2332
2 4683 20
2 2203 4303
2 4974 4762
2 429 3199
2 3158 1776
2 4150 1686
2 426 4919
2 4634 1934
2 135 1739
2 581 2530
2 3339 2045
2 4374 4408
2 3189 2628
2 3869 2827
2 2083 1755
2 4559 2616
2 810 2674
2 1765 2221
2 2562 4033
2 1912 3594
2 1736 1279
2 2510 2223
2 4006 1508
2 3672 1414
2 1667 2044
2 1917 817
2 2551 3773
2 995 12
2 1974 2545
2 2194 1438
2 2153 4049
2 43 4974
2 1514 3323
2 2462 813
2 3388 3381
2 3305 1194
2 1439 3779
2 4234 1513
2 4292 4171
2 548 4029
2 3810 2510
2 4161 4429
2 744 3714
2 2494 3122
2 4963 1631
2 790 769
2 913 3188
2 4773 738
2 2855 2361
2 962 3005
2 3716 3587
2 3495 989
2 1422 882
2 462 4624
2 298 4554
2 4498 1110
2 428 1749
2 1115 2592
2 2026 1378
2 3056 3523
2 2626 3314
2 1902 4226
2 1588 3275
2 2770 2900
2 1534 160
2 2214 3063
2 955 3186
2 3735 1400
2 4289 1741
2 2885 2733
2 3680 2454
2 48 3174
2 4392 1027
2 1759 4096
2 4507 1682
2 401 3936
2 313 1932
2 1670 2295
2 2404 4043
2 1730 1406
2 173 4140
2 3 3446
2 175 52
2 2476 840
2 3617 1198
2 1984 1011
2 802 58
2 1718 4
2 3304 3819
2 4914 3559
2 1086 2851
2 3391 2254
2 3149 1640
2 1676 3956
2 1638 4214
2 1326 383
2 4308 345
2 1024 1735
2 4429 766
2 1938 2754
2 2575 2468
2 2632 1468
2 90 746
2 3880 1679
2 570 2825
2 4862 1099
2 470 3499
2 3327 2767
2 4447 4338
2 3623 915
2 493 1999
2 2141 4937
2 2998 4663
2 3337 4437
2 1666 508
2 480 3869
2 3033 3563
2 2877 4584
2 1928 2943
2 1100 407
2 3232 2729
2 4804 3772
2 963 2490
2 2856 3103
2 4017 4393
2 1593 1594
2 524 232
2 483 1833
2 1354 2092
2 831 724
2 2931 1170
2 4979 2459
2 764 774
2 1869 4708
2 2818 1174
2 3260 1266
2 2592 3149
2 1190 847
2 2574 2987
2 3925 3148
2 2951 2341
2 853 3384
2 2243 2737
2 4005 2010
2 1347 4379
2 435 4257
2 3740 4406
2 2961 2063
2 3272 3953
2 717 4879
2 3273 2601
2 3599 704
2 4202 1480
2 2339 1022
2 3856 171
2 2938 2869
2 3756 2884
2 2109 1284
2 2211 3873
2 699 1104
2 4373 483
2 2279 839
2 2990 707
2 2738 2607
2 3955 4080
2 4097 3467
2 3192 4388
2 1461 620
2 4528 1358
2 4351 3590
2 3518 602
2 1789 1547
2 714 3223
2 2863 2614
2 3777 2345
2 534 4026
2 4237 3027
2 3579 3742
2 4021 2919
2 4438 1900
2 4332 1574
2 3340 4535
2 521 1634
2 2112 4573
2 478 2632
2 4867 4823
2 4297 3522
2 2098 461
2 2728 3695
2 1536 3601
2 2989 3921
2 4728 2986
2 2487 2623
2 2231 1467
2 2 2358
2 3494 3072
2 2898 4474
2 849 1428
2 4326 314
2 96 1274
2 2446 855
2 1285 4873
2 2136 3049
2 3931 3437
2 1584 4948
2 2344 3975
2 4745 3820
2 727 1795
2 2043 2546
2 3926 1035
2 324 870
2 3146 1214
2 4432 627
2 373 2428
2 4856 464
2 3082 4446
2 1976 4190
2 1179 545
2 3783 3765
2 4201 2582
2 3303 2451
2 3999 2533
2 3659 631
2 924 182
2 2357 3368
2 2099 157
2 395 1904
2 84 549
2 3074 2547
2 3058 2768
2 1386 1557
2 4497 3736
2 3574 726
2 3781 368
2 3616 1090
2 4881 3428
2 3433 3642
2 1341 4785
2 1841 279
2 4589 406
2 3738 1723
2 3475 698
2 1888 3604
2 2847 1117
2 4529 283
2 3909 2527
2 3985 2106
2 2062 2124
2 169 4603
2 4555 3351
2 1492 1681
2 2732 1252
2 2409 4252
2 3111 3466
2 2266 4517
2 4827 1687
2 785 266
2 4700 2841
2 3981 1228
2 3418 4175
2 3411 2630
2 3057 1317
2 2964 4203
2 4843 3786
2 2591 938
2 1573 1931
2 3865 1780
2 2512 2996
2 338 3282
2 1927 59
2 1738 1220
2 1518 1215
2 1669 3369
2 4606 4854
2 87 3383
2 4416 1476
2 899 1761
2 3801 2573
2 3159 3110
2 2102 885
2 3426 4342
2 1187 2247
2 1154 2182
2 3374 3622
2 4915 474
2 1245 4347
2 2846 4186
2 4470 3137
2 4439 770
2 1969 2108
2 782 1236
2 3208 2090
2 2314 779
2 1587 4715
2 1471 1581
2 2361 1001
2 4333 4116
2 2386 3735
2 1085 1097
2 4858 2282
2 3331 22
2 953 2862
2 2480 4023
2 3766 4147
2 2841 3644
2 3090 3300
2 165 4560
2 2803 1951
2 3469 4667
2 4172 3040
2 465 3304
2 3669 2667
2 218 1690
2 823 331
2 3910 1878
2 1357 1580
2 2678 4082
2 1303 141
2 3207 3775
2 4912 1558
2 943 1472
2 3779 4524
2 3196 1747
2 959 1347
2 310 1075
2 2649 4324
2 2288 3023
2 3642 1153
2 127 4773
2 3085 2059
2 1430 4415
2 2558 1584
2 3267 322
2 837 743
2 372 4384
2 4935 3799
2 3787 2100
2 1772 1029
2 167 976
2 2902 2512
2 4086 2911
2 2228 1063
2 3142 4145
2 3094 4065
2 1570 3489
2 350 114
2 942 1182
2 3652 3169
2 1805 3457
2 454 518
2 1329 1197
2 3764 3705
2 3872 4395
2 441 2575
2 2355 225
2 3876 4825
2 827 1102
2 4626 3686
2 2887 1386
2 2663 2240
2 4753 2404
2 4002 2715
2 645 2153
2 2405 820
2 346 1720
2 1476 3326
2 4619 4225
2 2399 3204
2 2619 4133
2 4607 3345
2 3302 3887
2 4280 921
2 690 3273
2 2828 654
2 2880 3517
2 2457 1651
2 482 4496
2 4113 4858
2 495 3651
2 586 1328
2 349 1354
2 1554 1870
2 1686 1496
2 1672 899
2 3676 3468
2 4969 10
2 2614 4188
2 2103 2506
2 615 1255
2 4058 2449
2 4927 3315
2 2722 964
2 4329 3492
2 2258 2118
2 1522 949
2 4047 4439
2 3576 992
2 1991 663
2 4739 3011
2 2108 4511
2 3209 1909
2 1809 4128
2 3788 674
2 663 3290
2 2878 3101
2 2325 3217
2 4454 2809
2 233 856
2 664 4289
2 3387 1193
2 1243 3511
2 4516 4992
2 506 2947
2 1585 2687
2 4518 4420
2 3989 1235
2 4055 4124
2 3809 2707
2 2582 681
2 2161 4166
2 4690 4887
2 523 1676
2 2926 971
2 3977 1136
2 1362 4284
2 3263 2617
2 3729 4229
2 1123 4205
2 1953 4197
2 702 3361
2 1790 4530
2 550 3632
2 2675 81
2 92 3983
2 3114 4685
2 1463 3892
2 4560 1849
2 1557 1887
2 1998 604
2 2553 4587
2 3634 1941
2 580 2049
2 2438 3498
2 3447 3208
2 1908 3121
2 3409 946
2 1951 2061
2 2257 1819
2 2857 4799
2 1616 2766
2 430 1845
2 2189 4430
2 3195 3476
2 78 3617
2 1193 130
2 2894 557
2 2055 806
2 1208 4750
2 1428 4738
2 2539 4682
2 973 4933
2 147 276
2 1909 3782
2 3177 722
2 2772 2164
2 2741 3156
2 4752 1377
2 2158 943
2 4580 1424
2 1060 240
2 4520 2150
2 4740 3927
2 2771 1183
2 2443 4833
2 3051 1864
2 4924 1578
2 4111 2643
2 4696 11
2 1015 3283
2 4074 1773
2 4075 288
2 2338 2173
2 3239 3997
2 128 4704
2 1054 4693
2 4553 3731
2 3802 3490
2 24 3114
2 2132 1353
2 2420 4169
2 3197 4253
2 2024 1692
2 1353 469
2 4400 431
2 3154 2469
2 4930 2284
2 4527 2129
2 4506 45
2 4340 2297
2 2495 2081
2 397 2934
2 302 4609
2 2126 3157
2 3059 1445
2 619 898
2 595 987
2 3636 764
2 4028 603
2 75 2492
2 4389 1611
2 1627 3340
2 2143 4797
2 185 302
2 116 2442
2 2940 1261
2 712 3048
2 3621 871
2 4406 4822
2 2577 3980
2 4865 650
2 1944 202
2 2590 4916
2 3614 2589
2 455 2298
2 533 2495
2 3392 3100
2 3167 3071
2 216 2113
2 4388 750
2 2919 1148
2 4356 4808
2 2482 926
2 2298 1691
2 4256 4028
2 58 849
2 171 4941
2 457 1068
2 4054 4254
2 1027 1165
2 2358 3613
2 3595 3580
2 549 1663
2 4119 4152
2 3370 566
2 1118 18
2 3698 3139
2 2691 4656
2 2322 3958
2 2759 1626
2 3112 1820
2 2698 4960
2 4554 837
2 4977 1727
2 3600 3144
2 2346 3905
2 450 3337
2 1188 1315
2 4504 77
2 4309 597
2 1679 705
2 4735 4455
2 1683 2542
2 1556 2250
2 3511 2402
2 318 862
2 3231 4898
2 906 2003
2 4783 2700
2 1176 1219
2 2832 1855
2 1254 4400
2 604 1041
2 1369 3324
2 4461 2716
2 4076 4294
2 2296 4032
2 2865 3098
2 22 866
2 2021 980
2 863 4239
2 1321 1565
2 4940 1804
2 485 2392
2 958 1222
2 949 2605
2 1943 4238
2 17 3726
2 474 3153
2 2224 2942
2 4039 2408
2 917 4991
2 4127 4132
2 1753 3861
2 4143 880
2 4896 1361
2 3068 2109
2 2792 2055
2 4493 3113
2 989 486
2 567 4982
2 4860 2803
2 1435 950
2 57 117
2 3287 2872
2 1417 1916
2 1385 525
2 4722 4652
2 3491 2618
2 3145 4903
2 4359 330
2 1654 3636
2 4183 439
2 988 2315
2 2730 1606
2 1269 98
2 4610 262
2 3332 3746
2 4792 1823
2 2680 4382
2 2493 3535
2 1961 1556
2 4947 2436
2 2157 4967
2 4264 3209
2 3826 4396
2 3588 3612
2 812 1988
2 952 4884
2 4542 258
2 3416 4831
2 1621 1439
2 4916 2858
2 564 3296
2 1739 607
2 260 2237
2 2160 2482
2 2185 2194
2 3522 614
2 848 4688
2 3137 4964
2 4674 339
2 1611 4427
2 1246 4130
2 4751 3722
2 3172 4359
2 231 550
2 651 832
2 3021 1443
2 464 1202
2 2731 589
2 4361 3373
2 3104 2823
2 870 1954
2 2274 1516
2 3185 4161
2 1170 2686
2 469 480
2 780 1294
2 4033 2461
2 4647 3653
2 2425 2209
2 109 807
2 2845 1405
2 467 2067
2 1360 999
2 2638 96
2 357 4392
2 588 3179
2 4315 4900
2 4032 3703
2 1661 484
2 4788 833
2 520 4184
2 3972 929
2 4342 1004
2 4320 2650
2 25 2143
2 192 1815
2 3958 4345
2 1802 4845
2 3155 617
2 3383 1645
2 106 1867
2 1836 215
2 4799 2216
2 2807 3404
2 4474 3623
2 4425 4774
2 3598 1078
2 3866 580
2 437 3102
2 1340 2593
2 2578 164
2 2960 2016
2 3040 3899
2 994 1886
2 1856 2201
2 2897 4604
2 4512 581
2 1710 1957
2 4479 38
2 1041 1655
2 4639 3055
2 778 3557
2 3253 3183
2 243 4201
2 775 4743
2 2565 2725
2 2754 443
2 2643 3147
2 481 4564
2 3242 3813
2 4786 808
2 3768 1449
2 1055 1122
2 4600 4577
2 2635 3107
2 53 3068
2 1630 3187
2 2808 2824
2 1506 2665
2 3166 883
2 391 4662
2 3018 864
2 1052 1959
2 2692 3638
2 3804 2923
2 898 2684
2 4165 4986
2 3782 3251
2 2244 3481
2 3624 1152
2 4599 447
2 1575 3074
2 3832 584
2 2661 1650
2 4490 2835
2 1228 2029
2 489 23
2 655 3977
2 2225 3066
2 4260 4022
2 2022 1740
2 4522 2025
2 2618 308
2 4268 2680
2 2251 1585
2 4094 1914
2 3527 3358
2 3607 3134
2 443 272
2 2515 4060
2 4641 4326
2 1177 4075
2 3848 4104
2 1408 123
2 3254 26
2 726 2845
2 4370 2151
2 4048 3227
2 4597 2755
2 183 1299
2 4484 2519
2 220 2322
2 3723 1015
2 3163 2694
2 1875 129
2 3396 4063
2 3592 3615
2 300 1160
2 3193 712
2 385 4279
2 4452 927
2 4070 189
2 2283 905
2 2946 2654
2 522 2104
2 2474 2817
2 3222 2699
2 4081 4756
2 2175 641
2 23 2135
2 2927 829
2 4276 3248
2 1134 1862
2 4146 760
2 2767 4589
2 2051 564
2 4222 4465
2 1882 2795
2 3015 3035
2 2988 4921
2 1732 2899
2 3354 2629
2 4270 28
2 419 2037
2 2954 2500
2 1793 2529
2 4796 3118
2 2320 4110
2 902 1695
2 596 1370
2 805 782
2 3271 395
2 1173 3014
2 1169 4703
2 1762 2773
2 2156 4277
2 3220 1140
2 3840 2799
2 2648 939
2 363 3425
2 120 2439
2 1280 4191
2 527 1745
2 1339 4561
2 4188 2750
2 788 4798
2 249 1964
2 1334 3215
2 2297 2193
2 4976 2941
2 4488 1137
2 1161 3658
2 1273 4397
2 4669 1854
2 4053 669
2 3355 1292
2 1784 459
2 160 4855
2 2170 4765
2 4991 2281
2 1156 1705
2 2186 2161
2 3754 3588
2 3564 161
2 2683 1409
2 4166 373
2 2458 3514
2 1002 51
2 688 4621
2 4942 1412
2 4322 420
2 200 2821
2 2049 1444
2 4816 4012
2 4475 3006
2 4790 4892
2 1702 1683
2 2866 1641
2 2001 1929
2 3881 4882
2 11 4368
2 264 2413
2 1591 744
2 587 777
2 2934 1105
2 2424 1563
2 1398 3411
2 4795 1010
2 3325 3788
2 4242 3692
2 3548 4483
2 2834 647
2 4397 3862
2 1907 3967
2 4156 4120
2 2459 3152
2 1671 1604
2 4620 2901
2 2642 4293
2 1883 2556
2 1108 3171
2 4534 3893
2 3069 3987
2 4430 4721
2 4398 719
2 4636 2121
2 4642 623
2 718 244
2 2223 195
2 4243 1124
2 4253 3357
2 1690 665
2 1870 1262
2 1890 137
2 2612 551
2 2724 713
2 3596 3138
2 63 1688
2 4929 974
2 3122 2101
2 274 2928
2 2823 3672
2 2533 3396
2 3811 3562
2 947 1993
2 2994 3265
2 890 297
2 3543 3572
2 1094 1680
2 4274 4657
2 3295 60
2 3970 2369
2 2781 4351
2 2613 2819
2 2701 109
2 195 309
2 693 863
2 1540 1189
2 968 2671
2 1939 3625
2 3217 1800
2 2015 1762
2 3540 4373
2 1295 2180
2 725 2354
2 1140 1291
2 1594 2587
2 3258 432
2 1881 2080
2 3706 4045
2 4981 1341
2 4772 3226
2 4174 4498
2 2580 1483
2 159 3676
2 2184 3542
2 967 2183
2 176 1926
2 1719 1798
2 2353 1507
2 4060 35
2 4964 409
2 222 4795
2 2884 554
2 889 4300
2 4114 3462
2 1031 3034
2 1812 3754
2 2858 3626
2 799 3943
2 3916 2967
2 2246 2646
2 3291 4981
2 1825 1410
2 4568 404
2 3037 537
2 1545 4276
2 376 1259
2 1119 2548
2 3241 2567
2 1835 2048
2 602 410
2 1677 4098
2 2087 531
2 2269 2406
2 978 2030
2 3813 4364
2 2735 542
2 1358 2964
2 1854 3852
2 611 3706
2 442 4888
2 3846 1722
2 1194 103
2 1674 1373
2 2455 4488
2 1922 761
2 3828 2633
2 1846 1763
2 2631 2856
2 3174 4958
2 3479 2378
2 3816 4317
2 226 4486
2 2911 2327
2 4978 4538
2 3382 3380
2 3612 961
2 3264 2532
2 2138 2371
2 573 341
2 1160 4568
2 2605 1159
2 1021 970
2 4299 2472
2 1462 1987
2 2337 4267
2 694 126
2 3589 4791
2 519 3002
2 2437 3268
2 4852 3784
2 4821 3717
2 2769 1051
2 951 1108
2 583 765
2 4004 908
2 239 2397
2 434 204
2 3210 2021
2 1125 147
2 2382 1257
2 3455 3767
2 1973 4448
2 3863 3420
2 3587 3449
2 756 4768
2 2572 4615
2 3608 3800
2 4714 785
2 1678 3798
2 3261 2094
2 4279 273
2 3202 792
2 3315 1978
2 3001 2931
2 2407 2280
2 3639 3128
2 1592 969
2 1464 2498
2 2389 1229
2 133 1025
2 2317 4053
2 2075 3955
2 4822 687
2 491 825
2 1620 1254
2 4052 2208
2 3356 2387
2 1030 541
2 2427 78
2 4445 1058
2 4826 3206
2 2893 238
2 3450 2212
2 2440 2828
2 2229 4417
2 4644 2568
2 4414 1091
2 1227 3065
2 3182 3409
2 2746 3347
2 4066 1201
2 2079 142
2 1468 4308
2 4601 457
2 4096 3033
2 4275 3689
2 857 4109
2 4486 3472
2 4525 4747
2 2023 4661
2 2235 3203
2 2868 533
2 543 4559
2 4776 723
2 217 4539
2 4866 848
2 1210 2053
2 2725 3817
2 124 2549
2 2369 2723
2 1510 3569
2 4793 4410
2 3995 1850
2 1782 4970
2 356 2275
2 4762 2311
2 4492 1913
2 1731 716
2 1614 433
2 368 2621
2 761 4905
2 1804 963
2 3721 1825
2 819 2999
2 4239 688
2 224 2127
2 2888 3771
2 703 3685
2 1150 4367
2 321 4321
2 4014 2705
2 4148 4532
2 3225 2955
2 3470 3097
2 2478 3116
2 4437 910
2 991 255
2 2790 82
2 1761 2370
2 2422 3082
2 2822 391
2 330 3015
2 2776 3353
2 713 2210
2 667 1339
2 3120 4000
2 1549 3585
2 1185 3663
2 3214 4512
2 4487 4320
2 2111 4123
2 1769 2448
2 1891 1614
2 767 2657
2 2815 1725
2 1126 2134
2 1034 2126
2 2468 727
2 4681 4477
2 4951 538
2 4676 2758
2 7 3721
2 4226 4595
2 4748 759
2 4185 1216
2 743 2566
2 3552 1040
2 4225 338
2 2936 4136
2 901 1057
2 4834 4790
2 4882 519
2 3442 3329
2 3884 271
2 4440 2753
2 4802 113
2 4995 2258
2 4884 4131
2 4335 3755
2 2451 2984
2 1338 4232
2 4760 1251
2 2882 1061
2 2471 4485
2 251 1448
2 121 278
2 4508 3611
2 2262 1969
2 879 1226
2 3620 1389
2 3674 4331
2 367 2347
2 4646 2381
2 2068 4619
2 3798 4117
2 933 3146
2 640 4678
2 4118 4142
2 4946 4630
2 4050 2770
2 1110 4627
2 2439 1147
2 3944 1796
2 2567 3532
2 2975 4576
2 2505 4567
2 3834 2756
2 2313 2555
2 2381 3571
2 1766 783
2 466 4731
2 1675 3502
2 2699 2035
2 141 662
2 804 2910
2 1580 4907
2 4421 2231
2 3275 3473
2 3530 2525
2 2398 1460
2 241 4339
2 1397 3750
2 535 865
2 268 1560
2 73 453
2 1919 1966
2 557 4365
2 939 1302
2 4258 3924
2 2419 2324
2 431 1948
2 1483 1905
2 4678 851
2 1287 173
2 3190 1371
2 1752 3628
2 4652 4713
2 4008 3550
2 4134 128
2 4571 1710
2 2633 1785
2 3524 2110
2 2293 2602
2 1026 3932
2 31 3363
2 886 1492
2 1963 3716
2 3213 1835
2 473 1087
2 4459 2238
2 1301 2511
2 94 3287
2 4615 2717
2 1817 4007
2 4410 3230
2 2876 269
2 2265 1052
2 332 4067
2 3144 3416
2 3556 1069
2 4164 2871
2 228 1779
2 4190 2066
2 4831 844
2 1146 2036
2 2973 4211
2 695 2798
2 4375 4881
2 1818 2597
2 4530 1731
2 1270 418
2 328 2020
2 3571 2742
2 3404 4302
2 180 2970
2 4547 3328
2 728 3593
2 1451 2697
2 3713 2117
2 3422 2930
2 3855 248
2 4824 2359
2 3751 1858
2 2454 3930
2 1725 3920
2 2531 4674
2 4189 2001
2 4109 427
2 3523 4221
2 3395 3496
2 305 3334
2 1578 351
2 4103 2915
2 4526 4783
2 2830 494
2 2002 2638
2 3649 4127
2 406 86
2 3445 3556
2 2908 1544
2 1239 4179
2 982 4922
2 3412 3213
2 1840 2191
2 402 4273
2 552 3700
2 1267 426
2 2388 1244
2 471 540
2 3936 1207
2 4724 2084
2 215 2444
2 2554 3889
2 2959 4598
2 2895 4079
2 2679 1792
2 851 1283
2 4213 3221
2 2162 2518
2 3606 748
2 3762 2784
2 4102 1134
2 3201 1817
2 922 4350
2 4998 2176
2 2483 3541
2 2250 4156
2 1780 4476
2 1470 305
2 3032 3718
2 3109 2437
2 2074 4834
2 3793 1636
2 964 741
2 3742 732
2 3157 1802
2 3329 4304
2 4931 458
2 115 2458
2 2748 155
2 1181 4618
2 3385 3130
2 974 3242
2 945 2929
2 4133 2355
2 4814 1809
2 4360 690
2 488 3791
2 2622 1924
2 83 4482
2 1133 755
2 2604 1589
2 781 393
2 903 565
2 2890 948
2 3978 1212
2 3349 1253
2 4698 2881
2 456 3184
2 4666 2820
2 3627 1018
2 1641 63
2 1071 3911
2 4155 3551
2 4731 463
2 920 1187
2 1122 4553
2 4939 3821
2 2795 24
2 3250 1129
2 1853 180
2 1800 3548
2 3991 2453
2 555 1852
2 1507 1824
2 4084 4711
2 1477 3974
2 3569 280
2 4345 2559
2 448 1542
2 1929 4280
2 1213 359
2 3959 1774
2 2739 1475
2 545 125
2 961 2679
2 2653 656
2 1137 3510
2 3847 1494
2 1711 1418
2 2508 3762
2 3859 1143
2 3124 4046
2 3099 3723
2 67 106
2 2060 390
2 364 4473
2 4791 4931
2 2466 92
2 2757 2452
2 4640 1597
2 398 367
2 1327 2385
2 1103 3269
2 3044 127
2 4349 2309
2 1257 1234
2 1988 994
2 4502 3503
2 3666 3284
2 3284 1441
2 1838 1342
2 4068 460
2 3536 4414
2 4494 1474
2 81 1103
2 3320 2945
2 2710 1778
2 2600 1036
2 2452 444
2 390 4763
2 4721 2609
2 136 1335
2 1014 3888
2 1971 2356
2 4514 4451
2 1400 4820
2 3686 3871
2 3712 3020
2 463 1457
2 975 1363
2 1231 451
2 2177 3702
2 1864 3734
2 683 342
2 4894 2136
2 3844 115
2 3901 1404
2 3673 3724
2 2364 4119
2 108 1721
2 3965 1923
2 3960 1891
2 4921 2165
2 3937 100
2 453 3938
2 316 4031
2 1727 3753
2 3539 4802
2 2703 953
2 2402 3913
2 1635 4803
2 2379 2257
2 151 2536
2 1221 4897
2 2188 1300
2 1857 1359
2 1402 4590
2 2395 1890
2 3255 3850
2 1373 1329
2 4673 1601
2 3386 190
2 1153 3919
2 1493 860
2 926 4838
2 2755 1877
2 3259 530
2 896 4074
2 1649 1991
2 4505 55
2 3776 3524
2 227 40
2 3563 3564
2 3414 1967
2 600 3352
2 1606 1381
2 4667 4052
2 3118 2005
2 4444 1167
2 731 31
2 2749 1260
2 2238 4499
2 3435 3009
2 2187 1502
2 2066 1425
2 2352 233
2 1785 4616
2 3919 2313
2 4883 622
2 4875 3132
2 2378 3828
2 38 4801
2 177 2946
2 1940 683
2 1263 1915
2 1141 2211
2 2259 4988
2 2149 2096
2 1095 1615
2 2750 4189
2 3852 1432
2 2460 3094
2 4100 46
2 4657 2761
2 2106 1269
2 1705 2553
2 1657 4565
2 4723 3008
2 4846 1340
2 66 3292
2 1204 3263
2 2681 4389
2 872 4543
2 2957 184
2 4688 3455
2 3106 119
2 4259 3391
2 2411 1084
2 3390 1394
2 3791 561
2 1949 2301
2 2550 3294
2 2207 1039
2 1448 1504
2 606 841
2 1388 2004
2 954 3434
2 2215 2874
2 60 2270
2 2811 1873
2 2371 1521
2 1801 667
2 1798 1754
2 969 4202
2 3429 3631
2 2529 4072
2 2249 1100
2 1093 2156
2 730 2342
2 2127 3454
2 2164 2951
2 4632 1666
2 3979 1940
2 82 633
2 3864 1310
2 1497 1111
2 601 2427
2 3915 901
2 1310 369
2 547 2383
2 270 2188
2 4220 3660
2 2009 4307
2 4934 697
2 2534 1415
2 3687 2306
2 915 4668
2 1733 2634
2 1597 3240
2 4141 4159
2 794 2125
2 1064 3362
2 2329 1106
2 3952 1610
2 340 4644
2 4759 2704
2 2366 4370
2 2974 3598
2 3604 2316
2 1728 1056
2 2380 1545
2 1708 440
2 3481 1674
2 4171 2850
2 4216 629
2 3228 1828
2 3918 2432
2 432 3348
2 1234 2114
2 719 1984
2 1084 2152
2 4077 3423
2 1665 36
2 3384 4335
2 625 2938
2 3825 2677
2 2716 4464
2 2029 3697
2 3671 515
2 2696 737
2 130 1980
2 2105 1953
2 2285 2062
2 3562 2663
2 155 4151
2 3398 3960
2 2918 2863
2 887 2764
2 2481 4944
2 254 983
2 2067 2574
2 184 4837
2 4769 4935
2 858 2470
2 2933 1049
2 3780 2440
2 1834 1304
2 516 728
2 4091 2748
2 2585 3376
2 2421 4542
2 12 3192
2 4726 1534
2 2870 3760
2 14 2227
2 3324 1782
2 769 4290
2 3446 954
2 4635 1520
2 4180 1488
2 4173 1210
2 4549 979
2 3565 2144
2 3175 4319
2 3591 2613
2 2958 2373
2 4306 4311
2 4633 1466
2 3710 4877
2 1033 4266
2 3419 1309
2 2445 1123
2 4301 752
2 4303 2985
2 2391 179
2 4785 181
2 3321 2366
2 3352 2418
2 3438 3075
2 777 4011
2 1051 1184
2 410 2581
2 1017 3083
2 1162 1797
2 1180 2675
2 496 3343
2 3127 2087
2 4651 2642
2 2559 4315
2 4078 4653
2 4807 1994
2 2654 1223
2 3019 3849
2 4442 4814
2 4179 2465
2 407 1810
2 2034 1812
2 4449 3459
2 1724 2833
2 1365 1503
2 4207 3435
2 3986 470
2 3338 3609
2 883 884
2 4456 4227
2 1930 4085
2 2140 3336
2 3025 3026
2 4625 3330
2 3505 4042
2 2867 2265
2 1433 4548
2 4135 3634
2 2065 4240
2 271 2606
2 3126 4484
2 671 4301
2 3138 4200
2 1432 2564
2 2294 4540
2 4789 4699
2 4628 4740
2 145 1643
2 1967 4890
2 3344 3596
2 4128 2032
2 1427 1882
2 1972 1750
2 1634 1697
2 4418 498
2 4775 3445
2 4302 380
2 3842 4675
2 4825 3389
2 1423 843
2 427 4230
2 1564 694
2 1722 529
2 2052 2678
2 4277 3830
2 4262 3560
2 3767 3356
2 3725 1113
2 1598 3032
2 3350 3253
2 1091 1311
2 1694 1487
2 2234 3232
2 70 2522
2 2027 4518
2 1490 1769
2 2891 4479
2 2788 2952
2 3285 158
2 1374 1962
2 4515 2278
2 996 3385
2 2906 4144
2 4670 1333
2 3283 876
2 2217 1775
2 1550 3279
2 3545 1672
2 2172 1843
2 3718 1484
2 4968 4928
2 3262 3629
2 1056 3301
2 2031 3878
2 3821 56
2 2705 4100
2 3194 1282
2 1281 2972
2 1192 3321
2 1911 4071
2 3091 3254
2 2758 1571
2 4071 2455
2 3794 2489
2 3318 2692
2 2544 1287
2 2410 4865
2 966 124
2 3554 315
2 2091 4531
2 3178 714
2 2860 378
2 3752 836
2 4101 264
2 956 370
2 4390 1646
2 1886 3709
2 1934 4466
2 3651 2205
2 445 4039
2 4936 3770
2 2312 913
2 326 1945
2 4755 3863
2 3226 1433
2 15 502
2 1174 1176
2 420 3990
2 2640 3963
2 1696 4426
2 4750 2640
2 1936 2343
2 1803 3200
2 3333 2957
2 4336 3078
2 3462 2071
2 4736 1696
2 3310 3759
2 1501 3135
2 3133 1753
2 970 2187
2 3807 73
2 4080 54
2 452 2905
2 2556 2429
2 579 4645
2 499 3212
2 3693 4909
2 458 4185
2 1472 3923
2 679 4425
2 4509 4069
2 2347 2889
2 4265 4995
2 642 1288
2 3948 4782
2 3982 1595
2 2704 2107
2 895 1
2 2520 1922
2 856 2918
2 1403 4361
2 652 3090
2 3731 1145
2 2874 2291
2 247 636
2 1481 1921
2 4713 3247
2 2668 3822
2 511 1524
2 3833 2895
2 3198 3595
2 634 3508
2 2473 4648
2 3885 1942
2 4664 4977
2 1897 149
2 4756 3151
2 329 80
2 263 209
2 4617 1293
2 3708 1898
2 3143 1072
2 3277 3099
2 240 1568
2 1865 4748
2 598 3255
2 237 3494
2 1421 4544
2 4837 956
2 809 2788
2 754 206
2 1197 4500
2 3307 2914
2 1743 3234
2 4022 2105
2 3559 3582
2 2669 4778
2 4417 2698
2 3633 3500
2 388 643
2 4450 3561
2 3156 1332
2 3131 2666
2 4085 207
2 2010 798
2 3947 509
2 3274 3506
2 1309 3844
2 976 1613
2 2599 3387
2 4621 183
2 1259 4562
2 610 3752
2 1915 878
2 1827 3882
2 2046 489
2 4149 1970
2 4817 2749
2 1637 90
2 2713 3906
2 2833 1426
2 4603 4195
2 4023 1903
2 2114 4377
2 1456 1583
2 854 522
2 4481 2635
2 572 4913
2 2392 3189
2 272 715
2 4353 4504
2 753 4097
2 258 3635
2 1220 1609
2 1503 4904
2 4423 267
2 2006 4917
2 2148 1271
2 3943 2269
2 2054 4129
2 4221 3825
2 3439 1857
2 352 1713
2 2905 1491
2 4458 4753
2 2104 768
2 1768 3655
2 3451 4736
2 3509 1116
2 2827 3708
2 3024 1506
2 273 1278
2 1184 3286
2 3459 42
2 1404 4399
2 3424 4836
2 1136 3501
2 3003 709
2 2072 2225
2 3739 996
2 4805 524
2 2500 1175
2 3945 1577
2 4463 1316
2 2036 1344
2 3912 1832
2 4051 479
2 3534 429
2 4923 1431
2 1848 2299
2 1721 2904
2 3087 2857
2 4693 1094
2 660 4102
2 4064 2410
2 1258 914
2 1640 4927
2 4273 2834
2 4871 805
2 2819 4516
2 4672 1456
2 1008 3520
2 2281 1451
2 1487 3029
2 1544 50
2 3971 680
2 1276 3064
2 1457 2576
2 2941 1227
2 2589 3646
2 4311 2561
2 3629 3678
2 286 3339
2 4402 4572
2 526 4525
2 2987 2524
2 3812 1510
2 2853 4556
2 2979 4779
2 3903 2782
2 658 3898
2 4747 3360
2 3829 3811
2 2914 2875
2 2365 4880
2 803 1464
2 1751 3448
2 3317 3719
2 3453 794
2 2557 3210
2 1778 3089
2 3089 2497
2 4612 3239
2 4536 625
2 874 1083
2 1229 4807
2 2726 2993
2 565 254
2 2824 2888
2 2561 588
2 1479 3805
2 873 1894
2 150 4343
2 1624 2058
2 4368 4126
2 190 4344
2 39 1839
2 2202 34
2 650 1320
2 3448 960
2 1216 543
2 3992 1648
2 2762 3843
2 4665 1112
2 1712 2669
2 2496 2287
2 1644 2652
2 1831 1263
2 1278 3241
2 285 2430
2 2892 4954
2 1681 250
2 3423 2202
2 3301 2550
2 684 4299
2 3184 2350
2 4314 1813
2 168 2215
2 1851 4625
2 3663 136
2 280 4325
2 1904 3185
2 4035 4245
2 4727 2935
2 362 2411
2 4841 2672
2 3279 1395
2 3695 1066
2 2802 304
2 2287 2641
2 2201 4469
2 4363 2184
2 2430 1248
2 3921 1896
2 2115 1746
2 4565 1171
2 1429 3886
2 4082 2805
2 501 2178
2 1945 3795
2 2348 1771
2 1096 2393
2 2573 4154
2 2602 65
2 1145 2976
2 2851 775
2 3343 3544
2 4764 628
2 3151 4192
2 2093 1417
2 1520 3451
2 3289 2102
2 3485 4139
2 2272 2168
2 4034 3976
2 2387 4853
2 1406 2681
2 624 816
2 560 1192
2 1898 1989
2 4938 324
2 1966 397
2 4541 995
2 3542 3659
2 4575 1095
2 4015 3842
2 289 2912
2 111 677
2 2040 3370
2 3954 2009
2 2321 4004
2 1247 535
2 3499 284
2 1233 4863
2 4848 944
2 2485 771
2 3646 1884
2 3168 1322
2 65 1450
2 1063 3737
2 2763 3602
2 4401 981
2 4168 1543
2 620 3025
2 515 1185
2 789 168
2 4121 1973
2 4591 1048
2 4741 3205
2 2555 1685
2 4348 3054
2 1489 2806
2 213 1637
2 2588 2046
2 1163 3776
2 3544 1430
2 4026 7
2 4763 1732
2 503 523
2 862 151
2 189 1163
2 248 4594
2 2743 4690
2 2019 3043
2 1172 3172
2 4108 1501
2 2711 1133
2 3715 1064
2 3861 4749
2 2523 846
2 1195 3399
2 3924 3738
2 1850 3610
2 3744 2
2 3204 1114
2 1222 2207
2 446 1499
2 2921 4501
2 4160 3814
2 3048 4114
2 2331 977
2 4063 4237
2 4585 2013
2 2624 2583
2 46 3902
2 3502 3433
2 3368 781
2 1290 3245
2 4473 616
2 1042 3044
2 1066 2894
2 1704 1181
2 1612 3690
2 2862 1712
2 2656 923
2 2945 3341
2 3560 1062
2 3890 4092
2 2777 2738
2 2305 735
2 3009 2426
2 3054 4218
2 4993 3319
2 2248 3968
2 1535 61
2 383 3835
2 1265 2088
2 1255 762
2 2147 3415
2 4123 4636
2 4919 4780
2 3049 4796
2 1959 1729
2 1893 235
2 3662 4213
2 3694 1902
2 267 3512
2 840 1808
2 4453 104
2 1839 2950
2 4766 277
2 4312 3696
2 1069 560
2 2278 696
2 4980 403
2 1082 4830
2 4966 4759
2 2837 4510
2 4648 2898
2 3465 3364
2 3063 1478
2 2601 2496
2 2794 790
2 164 1818
2 1201 4777
2 140 510
2 3389 4413
2 3230 4272
2 1533 3792
2 3006 2936
2 4809 4989
2 2013 1427
2 1880 1138
2 4511 1965
2 2666 3318
2 4295 2375
2 529 3874
2 3372 1399
2 2742 1538
2 1783 299
2 1688 1357
2 1223 4458
2 1980 1314
2 3677 3087
2 1331 1836
2 4850 213
2 1698 1983
2 250 3222
2 4609 1895
2 2124 2391
2 1058 1880
2 2655 4502
2 635 1101
2 1925 4676
2 919 1998
2 2522 2064
2 4433 4966
2 1586 4137
2 2963 3136
2 3761 4710
2 1336 2948
2 1453 3355
2 3622 4337
2 4746 4936
2 4411 3971
2 2674 2810
2 1997 57
2 2672 246
2 4996 1939
2 206 2148
2 4261 4174
2 844 2388
2 3573 375
2 4482 731
2 3838 3393
2 3988 490
2 1628 2079
2 1131 1702
2 3555 2557
2 4893 3549
2 2373 2620
2 3701 4585
2 41 4698
2 301 2636
2 2723 194
2 3932 4998
2 1750 1458
2 1868 1125
2 2983 3346
2 3420 4305
2 4079 811
2 234 423
2 3493 3202
2 1447 2286
2 498 4707
2 3107 2631
2 1081 3555
2 3316 1107
2 4465 3931
2 4395 2396
2 807 3422
2 117 2822
2 3728 955
2 1182 4386
2 4854 586
2 4286 3807
2 4897 1540
2 826 2471
2 691 720
2 3648 3309
2 3585 1295
2 3460 3052
2 4163 4769
2 514 2626
2 379 3004
2 937 2416
2 3269 4930
2 3075 428
2 1203 1500
2 2623 3117
2 4885 812
2 1217 1150
2 1442 2896
2 4887 1816
2 3984 1204
2 765 454
2 118 3007
2 881 176
2 2254 3691
2 2526 485
2 3375 2668
2 4716 3161
2 4660 1928
2 811 2351
2 4960 4471
2 4381 88
2 1777 1675
2 1121 4208
2 3043 4915
2 4467 2014
2 1820 1240
2 3769 1367
2 820 4579
2 4038 2017
2 636 695
2 3345 4157
2 207 363
2 4943 1765
2 733 2513
2 3467 4871
2 4594 903
2 1158 2789
2 4573 3426
2 3619 0
2 2032 72
2 3039 4985
2 2928 146
2 1248 3720
2 868 49
2 2097 1633
2 2535 4503
2 758 570
2 4578 4268
2 345 4575
2 1525 4193
2 3553 514
2 2356 4003
2 1328 1285
2 4036 3053
2 3707 3937
2 4300 3552
2 1132 193
2 2216 1537
2 3472 41
2 1381 1221
2 1475 282
2 294 1907
2 1571 1976
2 2978 4323
2 4384 3518
2 3066 4700
2 4702 492
2 4898 3164
2 4230 2604
2 468 4442
2 676 3193
2 3079 3104
2 2900 3965
2 1852 3616
2 4158 353
2 3401 1523
2 2844 3694
2 4116 1801
2 4582 1871
2 2133 4596
2 4813 1142
2 4137 520
2 2899 1224
2 3831 1865
2 2859 3818
2 4513 4269
2 262 4969
2 1143 1007
2 1737 2925
2 3902 3060
2 3061 4971
2 182 718
2 297 140
2 932 4844
2 1200 4217
2 2603 3491
2 4781 2818
2 1322 3515
2 4037 1561
2 992 3458
2 1275 3407
2 869 577
2 551 613
2 1414 419
2 643 3180
2 1810 757
2 1513 3652
2 2687 1826
2 1755 4387
2 4655 4405
2 2209 2340
2 4251 2998
2 3212 3058
2 1191 1135
2 4706 4810
2 3380 544
2 500 1447
2 3920 3057
2 1036 4055
2 2527 1591
2 3726 4997
2 4415 797
2 4819 2565
2 3797 3538
2 1488 2335
2 1104 1230
2 2992 4534
2 1867 4244
2 3637 1186
2 2401 2085
2 4663 2971
2 4236 3159
2 2180 361
2 1333 1920
2 4838 3408
2 2095 4073
2 1010 3857
2 860 1908
2 4616 3278
2 2536 4611
2 1455 3808
2 4138 2077
2 3379 4891
2 396 2988
2 682 3584
2 232 4712
2 4110 4923
2 4341 2728
2 4405 43
2 2144 4739
2 4281 4044
2 1244 1883
2 2761 1462
2 1099 725
2 4238 2023
2 3899 1383
2 3653 2660
2 4272 1805
2 4832 1684
2 2869 4566
2 1250 2853
2 637 1423
2 4061 325
2 3256 692
2 2507 4167
2 1314 4228
2 4396 2746
2 891 3648
2 925 739
2 4129 1786
2 393 318
2 1029 438
2 4523 335
2 559 1840
2 2403 3447
2 1964 3475
2 4154 4681
2 4574 1012
2 1837 3679
2 4624 1459
2 2195 2169
2 1701 69
2 4959 1241
2 3062 121
2 2237 2331
2 1680 2320
2 4777 3637
2 704 3605
2 4920 3901
2 201 3946
2 1040 3876
2 3371 2251
2 1526 637
2 322 4874
2 3286 4744
2 1740 892
2 3998 4793
2 2583 4259
2 3008 526
2 153 2057
2 74 2421
2 1692 152
2 1092 2815
2 4900 3519
2 3093 2691
2 2686 2488
2 4106 2199
2 3966 2078
2 834 671
2 112 4176
2 1615 2051
2 479 4716
2 2413 2594
2 4779 4010
2 935 788
2 2429 3704
2 1214 3527
2 2005 172
2 4248 2706
2 2873 4918
2 4153 3028
2 3403 4987
2 4318 2435
2 3351 3354
2 3152 1539
2 3983 924
2 3084 2141
2 2415 2142
2 1646 2236
2 4362 3198
2 888 3266
2 2930 3823
2 1826 3394
2 4711 2441
2 1978 3620
2 1074 745
2 1524 2991
2 3282 3456
2 859 2002
2 1315 4968
2 4661 4955
2 801 699
2 4823 4686
2 1651 3225
2 3720 4251
2 1005 859
2 37 2409
2 4692 247
2 1735 2710
2 3484 1827
2 2616 4569
2 1304 4263
2 3347 3119
2 707 3365
2 3526 2937
2 972 2908
2 2416 4605
2 269 229
2 1048 4054
2 423 891
2 414 3688
2 2712 2903
2 2461 3994
2 1186 2138
2 4501 1281
2 1605 2039
2 3702 2599
2 672 4818
2 1958 3925
2 2810 4505
2 1548 2813
2 3055 2204
2 2528 932
2 4903 3669
2 40 936
2 2766 3732
2 2078 4371
2 47 4346
2 3577 997
2 2912 2253
2 2063 3302
2 3492 4017
2 2304 4233
2 2793 1564
2 2253 1372
2 2030 2960
2 678 2854
2 413 3289
2 2784 313
2 3790 3929
2 277 3989
2 3635 437
2 1742 221
2 594 3176
2 2813 945
2 4266 2255
2 3334 691
2 2004 394
2 4431 2447
2 1965 4924
2 697 2747
2 1415 3469
2 436 1667
2 3211 219
2 2204 4422
2 80 4068
2 3625 4024
2 4595 2979
2 2942 2528
2 3878 1388
2 447 3922
2 3176 1141
2 4811 3701
2 2316 1703
2 644 568
2 4845 3845
2 4343 2876
2 4794 2390
2 2081 2499
2 4012 814
2 1562 3665
2 2151 4804
2 1482 4470
2 1700 3190
2 4868 1971
2 4989 3237
2 3803 2586
2 1921 95
2 4057 1155
2 4901 1301
2 1648 907
2 2916 3271
2 4209 3236
2 4732 1005
2 990 4183
2 4182 2273
2 2334 4443
2 3400 2780
2 1948 1624
2 914 4292
2 2048 2478
2 3116 2902
2 1878 2878
2 2475 1014
2 3631 445
2 3897 1512
2 894 1380
2 3474 740
2 1307 328
2 2090 317
2 126 776
2 4703 133
2 3294 4327
2 2367 1881
2 3150 1814
2 1924 1121
2 1 347
2 2089 1034
2 1459 1369
2 632 3277
2 3870 1349
2 299 4180
2 179 4999
2 2881 286
2 4587 4282
2 3737 2933
2 1756 102
2 244 4249
2 4588 3191
2 3942 306
2 3724 1082
2 229 295
2 4932 3168
2 2904 3493
2 1617 2450
2 1565 668
2 911 4241
2 2028 2783
2 1723 2778
2 3281 360
2 4013 4610
2 2088 988
2 3312 3916
2 4245 1217
2 2796 4255
2 4130 4641
2 1502 1699
2 4945 1528
2 4679 3979
2 3704 1838
2 2247 4002
2 2241 2740
2 3290 4860
2 4224 1289
2 1189 2523
2 4288 2543
2 3975 139
2 3605 4231
2 1389 1659
2 553 1509
2 1006 4066
2 4215 686
2 4720 1327
2 4092 3959
2 1914 1600
2 2152 2544
2 2199 4318
2 4232 1031
2 20 2195
2 1807 1256
2 631 2844
2 4045 3133
2 1437 2403
2 4357 3803
2 537 3317
2 4099 4421
2 1356 2285
2 816 3405
2 3246 4143
2 2650 710
2 3895 2407
2 3933 4842
2 1165 2456
2 987 148
2 3760 4005
2 2920 3530
2 4556 2563
2 4787 2711
2 2610 2445
2 2469 3316
2 1361 191
2 2433 2676
2 2996 2033
2 378 3998
2 4212 1346
2 50 4734
2 2086 1546
2 4701 1660
2 4584 3838
2 4386 372
2 745 4243
2 2070 1730
2 3233 1243
2 4393 467
2 4187 1700
2 2532 1420
2 2236 4462
2 1292 3768
2 835 1303
2 904 1848
2 1546 435
2 3597 2648
2 2598 3903
2 3293 3249
2 2889 3308
2 1663 3250
2 2952 316
2 3822 632
2 331 3243
2 3169 1364
2 2708 1758
2 1559 2220
2 4419 906
2 3243 3543
2 1225 3744
2 415 1205
2 4577 3599
2 3265 2330
2 4999 1376
2 2636 4965
2 4254 4070
2 3240 197
2 2765 2337
2 2745 29
2 648 2504
2 3911 4705
2 1987 4552
2 3603 1620
2 2414 1860
2 4200 1629
2 517 122
2 1537 2054
2 196 4623
2 2806 15
2 4906 1842
2 876 1958
2 561 4764
2 3200 2794
2 1308 3386
2 3795 4521
2 1770 4622
2 2836 1209
2 181 2160
2 838 3995
2 1942 2336
2 3575 4164
2 3578 1619
2 2340 2994
2 4125 4452
2 1947 4730
2 1370 3673
2 4687 3021
2 2939 398
2 2566 1831
2 1127 4975
2 311 3483
2 1602 1617
2 661 4519
2 927 2192
2 568 4261
2 4761 689
2 2306 2271
2 197 2962
2 3413 2312
2 1500 4077
2 748 3614
2 2620 729
2 2842 4507
2 629 1490
2 2744 1416
2 2514 3577
2 1582 585
2 3183 2420
2 4124 1411
2 1318 642
2 2576 1822
2 4622 1673
2 411 2883
2 4778 1531
2 3476 4401
2 4880 4424
2 1806 4380
2 4379 1387
2 296 3868
2 2280 4677
2 4864 1498
2 1996 3912
2 4872 4848
2 3836 4287
2 3956 4847
2 1828 2190
2 3128 2171
2 936 3367
2 1235 455
2 2328 1734
2 1786 4291
2 1420 4614
2 2014 3832
2 2286 4014
2 2486 2526
2 4704 2538
2 3507 1053
2 2232 2155
2 4377 3664
2 137 3546
2 1623 605
2 766 1625
2 3957 3996
2 1808 2179
2 1264 930
2 1673 1308
2 360 227
2 2727 2870
2 76 3797
2 343 742
2 3759 539
2 3029 2702
2 1992 3969
2 4798 1937
2 2700 3450
2 107 3306
2 4859 4310
2 2076 556
2 4263 2832
2 4152 4651
2 4948 3488
2 4378 639
2 3402 2349
2 3381 4599
2 2303 1465
2 1523 912
2 1703 1760
2 2113 2537
2 312 4146
2 4435 1874
2 686 3789
2 209 4864
2 242 4432
2 19 1588
2 1775 2751
2 1576 1841
2 2057 1950
2 353 2790
2 841 569
2 3917 3270
2 4184 4868
2 1007 3095
2 1089 2695
2 1877 4719
2 1117 1770
2 2667 4522
2 846 3274
2 1032 3453
2 3041 1337
2 4346 2434
2 21 3741
2 1449 2068
2 2222 1351
2 998 3281
2 99 4520
2 3774 3497
2 1376 2865
2 472 4751
2 1224 2235
2 4294 1156
2 85 3516
2 3203 1164
2 2450 3831
2 3369 505
2 1431 3872
2 741 804
2 3613 532
2 4170 1949
2 3867 1567
2 1272 1275
2 3012 3711
2 1858 2348
2 1211 2508
2 2943 1618
2 2774 1586
2 4691 1038
2 3328 2362
2 795 4745
2 774 3479
2 2965 3806
2 2524 226
2 3292 2424
2 2799 1514
2 2637 2713
2 1053 2765
2 2629 2484
2 4990 4649
2 187 2398
2 614 4639
2 4800 2732
2 214 2259
2 4928 3030
2 4937 1127
2 2038 4978
2 4682 1893
2 2586 1717
2 3098 1345
2 3444 900
2 3700 4112
2 3784 3024
2 3893 4741
2 3483 2219
2 4117 3086
2 4803 2159
2 4365 1736
2 4851 2802
2 1171 3403
2 3750 4910
2 2061 3766
2 2764 2360
2 208 3933
2 530 3041
2 681 3332
2 3532 2073
2 1916 30
2 3326 2076
2 4355 4727
2 4457 2132
2 4337 796
2 4448 2405
2 832 4020
2 1983 828
2 3547 2714
2 198 2909
2 36 2158
2 1566 1830
2 290 1906
2 2092 2885
2 3361 362
2 2747 222
2 950 4635
2 3974 2535
2 1843 256
2 724 3566
2 1610 1298
2 2639 1233
2 2720 482
2 3296 4601
2 796 3645
2 3227 2290
2 3129 1296
2 3440 4670
2 131 312
2 4961 203
2 4992 2891
2 3288 270
2 940 3238
2 965 4959
2 4820 982
2 4324 4578
2 2982 2147
2 1716 2213
2 4944 1911
2 3550 4274
2 188 1231
2 211 4733
2 2718 1677
2 1968 2098
2 2477 1177
2 3464 387
2 236 1621
2 2372 962
2 3123 3618
2 4007 965
2 2821 4574
2 2645 2608
2 4098 909
2 210 897
2 1348 2855
2 3546 118
2 1845 3885
2 4567 4025
2 3896 3647
2 2820 4899
2 2377 4314
2 4552 3895
2 3875 4634
2 1046 2130
2 1543 1455
2 607 3926
2 1538 436
2 1779 4286
2 3814 3705
2 4718 610
2 2101 4212
2 4886 4216
2 2448 1901
2 3073 265
2 4988 3670
2 4623 1169
2 4982 196
2 3684 3883
2 2778 4155
2 3927 4789
2 909 2422
2 2929 786
2 4426 2394
2 1346 2377
2 4540 2709
2 276 1047
2 1910 3474
2 2359 1485
2 4104 4809
2 845 1935
2 4815 2031
2 256 1330
2 2163 3781
2 4228 2277
2 3987 582
2 1112 3565
2 884 575
2 4394 1435
2 2671 2868
2 3103 3986
2 1450 3432
2 2956 150
2 2809 2028
2 156 2531
2 2502 3463
2 4338 4374
2 4330 4592
2 1715 4027
2 3601 3285
2 1288 2019
2 2816 4939
2 757 3298
2 4715 320
2 2814 1473
2 4971 1093
2 1399 3158
2 1038 3244
2 4579 1669
2 4533 3235
2 3732 2539
2 1458 237
2 1626 598
2 4491 2364
2 1268 3016
2 4233 2414
2 669 2540
2 639 400
2 3181 2701
2 3397 985
2 997 2808
2 293 2321
2 3425 3751
2 4489 795
2 1530 594
2 4422 3264
2 2268 2852
2 3266 408
2 865 874
2 641 3957
2 2208 666
2 2563 3120
2 1019 4920
2 905 684
2 4737 3865
2 2715 4088
2 2384 175
2 1774 3978
2 105 3427
2 333 3586
2 1271 2975
2 1970 3093
2 3173 496
2 605 2487
2 4544 3335
2 1319 488
2 1196 3533
2 806 3077
2 2901 2302
2 3309 1074
2 3786 2776
2 4382 4717
2 2812 2848
2 64 4236
2 1405 239
2 4024 2774
2 2121 4497
2 1426 1662
2 1249 754
2 2096 471
2 4090 1527
2 1077 4349
2 2300 3131
2 1359 1126
2 3685 2082
2 4835 4478
2 119 4095
2 2146 3525
2 556 1576
2 4833 1379
2 4955 2139
2 734 4951
2 3815 2973
2 3297 1515
2 3913 1919
2 1252 4285
2 1656 3914
2 2467 4199
2 2145 4398
2 4323 583
2 1111 3962
2 3827 503
2 1795 815
2 4839 134
2 3792 857
2 2991 4081
2 3993 4851
2 2852 3419
2 892 2673
2 1955 4629
2 4059 3864
2 4677 1403
2 337 4586
2 4446 231
2 505 4250
2 2537 3037
2 4962 2268
2 618 3124
2 355 2926
2 134 4781
2 821 3229
2 4519 3606
2 253 1853
2 1484 334
2 4347 414
2 2826 2980
2 1619 4181
2 4558 546
2 4283 499
2 701 2222
2 3500 3388
2 1515 4660
2 2120 1402
2 3997 2060
2 3298 2133
2 4503 3671
2 320 504
2 2368 861
2 4042 442
2 4480 1868
2 569 3796
2 2714 3554
2 3437 2779
2 3691 1385
2 2119 3382
2 4460 2305
2 1079 2128
2 3497 2022
2 4902 1046
2 1581 3375
2 2441 3429
2 508 132
2 1205 1297
2 3749 3182
2 4767 2797
2 1491 4358
2 1664 2731
2 3036 3680
2 4334 3630
2 2492 1003
2 531 3743
2 52 4760
2 2670 1195
2 3845 3219
2 1650 162
2 1567 4806
2 716 2585
2 1990 1709
2 2349 986
2 1078 3307
2 148 2719
2 3757 4034
2 3449 4376
2 3551 4061
2 3733 412
2 4725 3944
2 3407 645
2 2909 2229
2 172 886
2 1899 3252
2 612 2374
2 1149 4275
2 161 2333
2 4596 3297
2 2786 2509
2 2652 3013
2 708 2279
2 4044 2727
2 1608 4165
2 2596 2521
2 3734 2460
2 2173 1024
2 2479 4416
2 2110 2346
2 1473 4492
2 3108 1026
2 3064 2791
2 3067 4506
2 4169 1783
2 1416 3513
2 4771 4869
2 3568 3267
2 2192 749
2 4605 3763
2 3962 1042
2 1555 4160
2 1226 1596
2 8 3928
2 3270 2961
2 1368 4607
2 1251 2507
2 4870 3470
2 4115 4893
2 347 3970
2 3042 4551
2 867 2656
2 2179 2688
2 1847 4090
2 309 2897
2 2017 3310
2 1260 2696
2 585 1917
2 1413 941
2 4892 1088
2 3748 260
2 2291 2879
2 49 4006
2 2135 4695
2 2947 2786
2 4957 4691
2 3508 4950
2 3218 3441
2 3081 3982
2 674 4709
2 763 998
2 1600 3608
2 4269 1649
2 4958 1925
2 3941 1055
2 2341 4163
2 1425 3125
2 4387 415
2 4385 3657
2 1013 379
2 1316 3778
2 4712 4508
2 680 2655
2 3638 70
2 1935 3837
2 2491 4926
2 42 1876
2 1407 198
2 2039 1961
2 1070 4419
2 4240 2262
2 386 576
2 1300 1767
2 3656 1008
2 4434 4383
2 3358 2181
2 759 2721
2 358 1847
2 4443 4172
2 4806 959
2 1563 4817
2 3882 3531
2 638 4385
2 1863 4908
2 4041 571
2 101 3106
2 571 416
2 3245 343
2 1454 881
2 1811 1157
2 3557 4378
2 2883 1897
2 2513 2787
2 1106 3105
2 2289 2793
2 158 3853
2 979 4588
2 2082 3856
2 2625 1118
2 1508 354
2 3300 327
2 3990 1362
2 2509 4829
2 4818 3812
2 13 3051
2 72 621
2 194 2256
2 3070 3839
2 2227 3915
2 4576 1397
2 2330 4051
2 1003 4177
2 1242 4754
2 2270 4121
2 3487 902
2 2736 4945
2 1332 4332
2 2831 606
2 4873 187
2 3399 822
2 4510 1044
2 1155 1550
2 246 1981
2 3480 747
2 1607 1751
2 3871 1946
2 2183 2293
2 3489 1607
2 4067 1115
2 1668 3733
2 4658 4036
2 2453 3059
2 2917 1436
2 3994 3521
2 4147 2137
2 912 1321
2 4855 3
2 3529 2052
2 3342 4494
2 221 2552
2 3849 2157
2 3013 2953
2 1302 4220
2 2122 48
2 4950 3170
2 3219 1997
2 3796 3372
2 1773 4495
2 421 3643
2 4627 2983
2 1049 2243
2 2197 8
2 574 2503
2 1478 3880
2 3215 4555
2 4905 4235
2 433 2814
2 422 2283
2 1866 4423
2 1410 957
2 4836 4934
2 4697 2775
2 1305 1128
2 319 618
2 3593 1021
2 4088 4696
2 339 257
2 1075 4835
2 2634 4843
2 4550 4030
2 2212 3867
2 252 4546
2 102 4722
2 1394 1706
2 2301 2595
2 4317 802
2 3789 3749
2 2284 867
2 4087 3342
2 3934 2047
2 2729 153
2 3938 4631
2 1577 21
2 1088 599
2 1693 1664
2 4352 396
2 0 2483
2 3427 2214
2 4496 2639
2 460 1793
2 532 3747
2 2606 2584
2 2261 4593
2 1157 887
2 946 657
2 3888 562
2 2390 4996
2 4069 644
2 3113 4591
2 3763 4173
2 444 4489
2 2252 2493
2 2073 4547
2 202 3725
2 542 925
2 3405 2792
2 4986 3801
2 3968 163
2 3818 2940
2 4210 4316
