1242 3
2 814 398
2 184 395
2 170 8
2 8 730
2 531 931
2 282 285
2 520 657
2 1081 97
38 88 988 354 1155 871 422 889 977 119 31 850 1193 38 2 1107 594 146 84 1211 603 941 363 279 3 1170 458 420 140 1208 510 1097 608 1037 791 806 1168 366 455
2 1081 207
2 184 1035
2 559 1019
2 1003 713
2 130 828
2 71 178
34 962 535 921 1004 745 893 360 1193 553 697 1138 549 440 1074 108 136 312 823 1146 41 911 473 1038 1108 868 141 132 596 838 629 892 151 72 1232
2 170 847
2 983 520
2 514 896
2 847 1003
2 484 814
2 97 1035
2 1078 1203
2 282 569
2 768 672
2 700 559
2 211 97
2 211 785
2 389 910
2 355 768
2 1187 896
2 782 8
2 1178 398
2 1203 73
2 931 1003
2 657 730
2 922 423
2 768 1081
2 352 8
2 241 52
2 899 1078
2 15 1019
2 742 814
2 1017 768
2 742 657
2 184 657
2 896 814
2 1019 73
2 910 71
2 1081 1219
2 643 1078
2 559 389
27 702 652 699 739 225 600 723 1066 114 93 108 271 1123 793 1181 56 954 39 523 109 807 1061 773 1198 955 764 909
2 299 1109
2 922 97
2 931 1086
2 52 828
2 742 768
2 355 782
2 389 1203
2 355 1035
2 569 193
2 1003 520
2 470 931
2 983 1017
2 423 1219
2 531 299
2 484 395
2 355 742
2 1078 73
2 1017 1081
31 1029 1009 555 819 604 457 48 630 1022 651 1000 885 1185 85 446 938 433 1056 1152 610 985 14 533 387 202 503 987 516 513 303 545
2 15 899
33 480 859 704 739 865 69 33 47 952 232 651 591 374 861 262 289 228 1238 312 726 940 1090 522 1179 563 159 347 173 598 435 728 410 1037
2 423 520
2 1078 285
2 484 299
2 814 1086
2 1094 657
2 672 1178
2 355 531
2 282 395
2 170 896
2 643 484
2 8 1109
2 899 71
2 389 639
2 828 1178
2 8 814
2 559 1017
2 389 569
2 672 896
2 454 931
2 170 52
2 700 352
2 643 657
2 742 1109
28 1213 864 1045 676 1099 7 602 789 54 666 930 362 1237 1211 1197 137 351 725 26 239 188 1031 956 249 587 198 903 21
2 742 423
2 782 193
2 391 211
2 531 1086
2 1187 218
2 241 1219
2 1017 241
2 531 389
2 880 742
2 910 782
2 15 52
2 211 52
2 391 899
2 922 207
2 983 1219
2 880 398
2 1078 52
2 899 1178
2 1187 130
2 1017 1203
2 922 1109
2 931 8
2 299 1035
2 241 1019
2 768 657
2 211 569
2 931 657
2 170 880
2 569 1019
2 674 896
2 1078 520
2 470 899
36 203 1161 833 1222 895 871 116 1167 870 935 746 1010 300 887 948 1104 195 940 856 670 256 822 1132 686 237 137 749 536 918 383 838 1174 13 794 827 1113
2 713 814
2 15 218
2 983 484
2 910 899
2 352 768
2 15 241
2 130 97
2 1086 178
2 768 639
2 742 8
2 15 355
2 1187 389
2 700 674
2 643 1109
2 282 1178
2 8 398
2 470 398
2 218 207
2 899 768
2 782 423
2 15 782
2 983 398
2 1187 285
2 1187 782
2 782 730
2 983 814
2 1187 922
2 211 352
2 391 73
2 355 639
2 1003 1086
2 470 1094
2 299 193
2 531 207
2 391 1019
2 880 520
2 352 1035
2 184 828
2 241 207
34 537 1042 441 125 419 1230 921 16 1233 1099 231 788 1006 93 2 267 661 453 1216 270 1188 185 670 840 1111 1241 1014 290 507 1182 82 474 1143 875
2 899 193
2 713 395
2 814 73
2 299 672
2 1094 1019
2 899 1017
2 559 178
35 583 1177 537 759 281 758 138 292 760 539 719 889 600 1215 452 177 197 390 1127 1130 856 589 1126 277 347 832 14 860 314 1031 442 993 1141 425 265
2 241 814
2 899 639
2 922 785
2 1094 1219
2 1078 896
37 203 707 10 654 1091 45 1069 790 350 1062 384 212 1 498 973 1002 342 590 263 236 978 1085 485 358 944 635 625 563 351 488 1023 1043 168 611 425 766 1008
2 170 1219
2 391 742
2 700 896
2 97 398
2 391 1081
2 389 1144
2 896 207
2 880 207
26 719 1028 447 952 912 774 360 356 317 1024 1136 560 415 793 556 163 433 635 99 61 928 835 171 1014 427 399
2 880 1144
2 130 768
2 782 1035
2 910 178
2 423 97
2 211 241
2 782 828
2 569 1035
2 71 1086
2 130 184
2 674 1203
2 983 768
2 983 730
27 757 148 530 881 780 1004 164 209 685 111 192 191 446 863 1195 1053 589 365 619 582 568 9 959 169 593 909 1143
2 454 1019
2 207 657
2 282 218
31 158 511 123 673 1075 1185 1027 1002 469 1026 762 724 343 1158 199 109 920 26 429 731 1111 752 100 27 1231 1137 1096 496 255 547 472
2 285 184
2 218 520
2 559 1219
2 639 730
2 713 398
2 922 1219
35 570 376 102 148 1234 318 732 561 1051 710 1095 310 322 885 378 590 688 618 436 210 693 403 213 407 132 383 1012 923 410 490 1039 1240 338 502 658
2 674 1019
2 700 389
2 241 828
2 922 814
2 643 285
2 1019 395
2 880 52
2 423 1003
2 1109 896
2 1187 73
2 657 1178
2 1109 639
2 170 285
2 285 73
2 352 241
2 389 730
2 559 423
2 470 184
2 423 130
2 395 828
2 880 97
2 910 1219
35 1064 1016 950 456 676 492 324 996 179 577 103 960 1052 121 1153 841 371 136 852 301 1162 763 39 199 648 705 479 615 169 104 987 605 233 221 327
2 531 742
2 282 931
2 391 299
2 742 352
2 299 1086
2 569 1003
2 880 531
2 742 97
2 282 814
2 299 639
2 700 1035
2 983 299
2 299 785
2 910 211
2 470 130
2 1081 1094
2 672 395
2 742 1035
2 559 352
2 355 1003
2 643 73
2 1019 184
2 643 454
2 1094 178
2 910 847
2 170 730
2 454 1219
2 768 814
2 170 1019
2 355 52
2 1081 713
2 1144 639
2 657 814
2 470 355
2 559 931
2 355 178
2 983 910
2 8 1094
2 742 896
2 782 178
35 526 250 702 830 81 609 638 602 529 994 641 825 1130 534 210 323 5 1090 367 1021 891 145 826 491 1098 752 597 986 23 243 451 516 605 532 857
2 470 559
2 899 814
30 1213 988 315 714 459 346 649 901 232 980 212 416 75 231 478 1218 943 153 1146 5 866 500 1202 1154 1101 408 1139 223 1073 972
2 880 785
2 559 922
2 1081 1203
2 1094 73
2 170 643
2 1078 657
2 1078 178
2 643 569
2 922 398
2 785 639
2 454 398
2 782 1017
2 1109 1144
36 733 174 244 538 790 380 477 660 253 1055 1128 53 1153 1237 163 246 1056 363 251 622 868 66 311 993 76 568 691 254 1182 359 1110 1087 120 472 544 658
2 130 931
2 643 241
2 1086 828
2 71 639
2 1081 398
2 643 899
2 391 1094
2 910 768
2 828 639
2 674 1178
2 218 1219
2 470 299
2 15 73
2 1187 1109
2 983 178
2 470 285
2 389 1086
2 643 193
2 672 218
2 1187 470
2 910 742
2 847 782
2 218 569
2 282 899
2 241 395
2 1203 730
2 782 657
2 742 241
2 395 1086
2 1094 639
2 1187 1144
2 643 847
2 389 395
2 910 672
2 910 569
2 742 1019
2 983 1178
2 559 531
2 896 218
2 514 1019
2 389 1017
2 713 730
2 672 184
2 211 639
2 1187 910
2 700 657
2 454 285
2 73 178
2 910 1017
2 674 742
2 768 184
2 184 97
32 798 158 414 1088 1095 1172 245 855 755 862 677 260 38 94 428 1074 167 919 135 627 552 863 493 834 1202 1207 1043 827 818 233 926 946
2 983 389
2 768 8
38 715 406 707 1150 414 441 681 816 68 976 953 487 356 588 261 1186 646 271 1106 275 884 1100 60 964 80 866 160 58 845 1164 277 141 29 751 496 542 482 628
2 355 193
2 713 657
2 1081 184
2 880 299
2 15 193
2 700 880
2 97 1086
2 299 8
2 672 1086
2 1017 207
2 922 8
2 282 1094
2 674 1144
2 983 1019
2 1078 1081
2 389 241
2 1219 1203
2 484 531
2 73 730
2 1017 1219
2 674 218
2 643 395
2 1017 218
2 470 730
2 299 520
2 395 1203
2 880 768
2 130 218
2 782 184
2 1081 1019
2 1144 1035
2 71 814
2 910 922
36 924 859 90 234 1060 1233 142 316 989 220 190 1138 930 51 371 340 332 105 353 779 845 891 584 86 902 971 773 437 1020 907 59 620 831 1116 28 972
2 643 178
31 1016 165 244 524 989 776 667 659 1188 1032 1133 964 1005 186 1059 1152 159 488 439 1082 874 554 100 815 189 306 795 1227 818 110 906
2 514 1203
2 847 1035
2 1187 700
34 1177 1180 652 238 744 681 328 81 1065 324 381 888 506 855 1 224 965 1027 377 688 332 594 172 761 911 1200 258 1082 572 917 450 67 581 1011
2 713 1144
2 899 785
35 687 886 541 418 1169 296 113 294 967 152 1163 904 304 756 809 506 515 216 487 693 1104 146 1126 32 434 188 874 879 595 636 1020 519 653 147 0
2 768 193
2 1187 559
2 700 1019
2 1078 713
2 218 1094
2 847 922
2 782 814
2 355 880
2 218 1086
2 782 285
2 484 782
2 218 73
2 910 785
2 520 1019
2 470 514
2 355 352
2 922 193
2 768 285
2 1219 1144
2 1086 398
2 170 899
2 1017 8
2 742 785
2 531 8
40 1079 882 530 1007 150 1068 743 740 756 1217 226 824 664 735 1080 74 1117 995 36 235 443 607 771 724 633 1021 65 237 1200 784 622 533 1023 642 705 1214 198 1073 873 98
2 643 1178
2 184 178
2 484 742
2 674 193
2 352 1019
2 643 211
2 520 814
2 672 828
2 1144 828
2 71 193
2 531 398
2 569 73
2 218 814
2 389 768
2 922 931
2 391 1017
2 15 672
2 170 355
2 1219 178
2 899 423
2 742 1003
2 700 454
2 71 207
2 193 1144
2 768 1109
2 847 785
2 395 1178
2 282 643
2 1203 178
2 170 742
25 92 445 1058 748 296 950 696 346 645 268 750 603 463 208 877 918 1103 264 580 698 1135 1240 991 876 854
2 700 8
2 241 1203
2 1187 71
2 1078 8
2 285 1086
2 1078 1094
2 983 785
2 1187 931
2 1017 454
2 931 1144
2 643 531
2 1187 828
2 484 768
2 785 1178
2 211 922
39 1205 508 315 758 970 673 129 283 861 810 1006 162 236 844 275 919 534 741 379 256 1038 951 574 708 843 642 311 729 319 608 587 1039 503 63 413 620 650 1070 147
2 674 899
2 211 299
2 15 1094
2 170 514
2 569 1086
2 674 1081
2 514 299
2 742 285
2 983 241
2 1003 73
2 643 828
2 355 1178
2 1019 639
26 20 1115 373 1048 616 690 809 1160 498 960 722 1136 783 83 936 1147 467 426 867 76 1096 1119 67 133 545 409
2 559 184
2 514 1109
2 355 398
2 391 184
2 910 1081
2 218 828
2 282 674
2 569 241
2 352 1017
2 520 1144
2 1094 1086
2 355 211
2 782 520
2 484 184
2 931 1109
2 285 1019
2 983 782
2 700 218
2 470 71
2 768 1219
2 1078 672
2 395 398
2 170 531
2 470 847
2 931 639
2 1081 8
2 211 742
2 768 730
2 847 71
38 18 604 1234 1077 1045 711 392 937 1041 851 1191 477 997 339 515 927 839 722 517 1149 884 726 486 625 771 834 1050 916 671 1097 572 815 800 837 474 413 1124 854
2 514 398
2 282 71
2 514 1178
2 531 1081
2 700 398
29 566 166 412 1036 430 497 494 380 870 878 74 1057 577 1239 1024 656 6 1107 1053 213 1184 765 128 17 601 1227 644 62 932
2 1081 1086
2 828 73
2 657 52
2 1187 391
2 983 1078
2 282 847
2 896 1094
2 1078 730
2 282 742
2 423 207
35 337 373 1129 422 609 573 1142 1217 772 164 808 893 1239 242 1089 618 1149 1223 105 741 80 1076 465 518 66 811 434 914 848 956 248 507 4 101 655
2 282 730
2 423 71
2 470 282
2 15 1035
2 130 1144
2 170 178
2 299 1203
2 1017 178
2 896 1086
2 398 730
2 355 910
2 931 1019
2 1187 299
2 484 71
2 880 899
2 211 828
2 1109 1178
2 15 1203
2 569 1094
2 1187 1086
2 674 352
2 15 880
2 391 931
2 71 1081
2 193 1178
2 931 569
2 1086 730
33 11 1220 337 276 945 865 929 214 177 1235 908 283 260 25 646 667 51 485 933 235 586 1197 1228 637 915 992 1061 698 665 287 400 89 1124
2 713 193
2 218 657
2 700 1017
2 184 73
2 785 569
2 700 768
2 643 520
2 983 742
2 299 207
34 1054 90 123 550 492 780 293 1022 1171 878 322 201 475 557 943 564 627 1199 679 883 1047 61 1170 1040 623 334 1183 247 435 1103 23 764 126 1011
2 218 1178
2 657 1086
2 514 395
2 700 531
2 470 768
2 785 730
2 643 922
2 241 520
2 931 730
2 700 639
2 454 730
2 1219 395
2 672 207
2 1003 178
2 389 1109
2 674 1003
2 559 782
2 470 97
2 355 730
2 207 178
2 218 184
2 983 73
2 1078 814
2 899 207
2 8 395
2 847 398
2 15 1144
2 282 1017
2 1081 73
2 828 1035
2 52 178
2 742 520
2 282 97
2 454 8
2 514 71
2 282 241
2 910 814
2 423 1203
2 470 8
2 282 531
2 71 672
2 184 713
2 742 828
2 643 931
2 782 1144
2 880 241
2 484 1178
2 742 1078
2 531 218
2 910 207
2 470 389
2 700 1086
2 299 423
2 569 730
2 1203 639
2 514 184
2 785 828
2 352 569
2 355 896
2 15 730
2 71 1019
2 983 672
2 742 931
2 423 1035
2 782 922
2 184 193
2 910 398
2 559 674
2 282 1109
30 799 970 483 180 230 710 295 273 509 329 1052 215 160 343 928 813 579 251 308 1040 86 826 624 805 770 139 991 303 946 1033
2 700 814
2 282 768
2 470 423
37 613 566 895 95 743 1165 293 317 390 377 262 1236 576 1085 83 1224 424 301 465 954 1059 1050 1018 429 50 305 736 144 264 290 1175 1145 223 451 913 331 481
2 520 1035
2 454 672
2 355 559
2 782 1203
2 768 241
2 910 285
2 470 1003
2 71 73
2 395 52
2 1144 398
2 847 184
2 983 531
2 520 1086
30 687 1155 1077 1189 561 45 703 95 571 122 1060 209 735 745 229 326 274 44 357 1112 345 6 124 659 291 523 747 35 78 914
2 299 218
2 391 657
2 299 1144
2 170 672
2 922 730
2 782 931
2 983 423
2 559 713
2 1219 97
2 559 391
2 1094 1144
2 1187 1019
2 170 130
2 847 514
35 678 781 1173 318 900 864 1115 174 682 1105 631 505 431 1118 774 982 694 333 645 836 342 440 661 24 686 610 79 258 879 582 800 955 364 701 91
2 470 211
30 143 376 900 833 476 309 1230 787 1121 953 349 776 471 783 1125 127 552 1162 585 1063 754 368 491 204 637 736 427 804 791 219
2 1109 1003
2 241 97
2 352 1178
2 672 1003
2 569 814
2 768 1094
2 355 395
2 672 1019
2 768 1003
2 1187 880
2 931 207
2 130 672
2 657 398
2 218 395
2 1081 828
2 484 1081
2 299 730
2 1187 785
2 218 398
2 782 672
2 1081 1144
2 454 814
2 15 814
2 559 454
2 922 52
33 143 1205 445 187 573 740 1028 1229 746 25 220 565 94 345 737 252 1192 1216 706 969 1005 640 401 579 796 807 394 361 621 562 519 455 502
2 1017 672
2 282 52
2 899 657
2 785 73
2 423 241
2 700 931
2 355 184
2 470 910
2 983 880
2 218 639
2 514 713
2 899 1081
29 1044 775 711 816 1165 216 1121 808 982 341 810 357 1117 560 1127 963 396 172 272 721 402 898 853 131 12 892 907 665 611
2 285 1203
2 355 1017
2 847 1094
2 742 1144
2 899 1003
2 193 178
2 847 1219
2 713 1178
2 484 514
2 52 1086
2 211 423
2 97 1178
2 514 73
2 1219 1019
2 782 73
2 470 742
33 558 662 541 234 975 1148 1142 803 374 973 155 588 1010 341 325 267 512 215 206 379 961 3 796 623 35 629 575 580 691 578 1013 532 528
2 211 899
2 910 218
2 299 922
2 1017 785
2 423 657
2 643 674
2 700 1003
2 1203 1144
2 52 73
2 700 423
2 470 531
40 1180 717 259 511 106 979 1222 68 617 1191 320 245 57 632 529 349 42 44 242 280 444 453 478 612 421 1047 186 1018 426 140 96 601 1225 1212 335 729 249 567 327 98
2 643 423
2 847 395
2 15 657
2 700 130
2 1109 657
2 922 454
2 130 1003
2 454 785
2 355 847
2 282 211
2 922 1203
2 910 674
2 983 352
2 423 398
2 207 1019
2 470 178
2 768 178
2 1144 178
2 1017 395
2 211 782
2 1078 241
2 569 52
2 847 520
2 1094 184
2 880 1094
41 382 354 759 882 849 350 122 416 965 57 1134 839 641 565 683 512 135 1224 1026 24 195 269 307 883 680 43 467 37 574 648 149 29 205 139 504 437 934 399 448 932 875
2 1219 828
2 1219 639
2 514 423
2 531 899
2 389 52
2 672 193
2 931 713
2 391 674
2 1017 931
2 785 1109
2 389 1078
2 569 207
2 1081 672
36 196 281 634 150 1114 497 647 31 1156 947 384 694 326 155 663 154 200 1125 405 1226 762 586 58 99 905 107 614 408 728 501 926 1070 151 297 321 409
2 484 674
2 423 1178
35 1220 704 1157 397 1167 626 295 947 888 851 824 1215 468 939 750 981 734 449 984 564 421 181 1032 286 778 986 27 575 254 411 1008 692 461 903 1194
2 1003 828
2 674 1017
2 170 1203
2 1003 97
2 299 184
2 674 8
2 1094 1178
2 193 52
2 880 130
2 391 1035
2 700 730
2 922 1081
2 910 352
2 814 639
2 514 672
2 1086 1144
2 922 896
2 1178 730
2 674 814
2 1187 639
2 8 1019
2 700 52
2 531 713
2 484 398
2 470 713
2 531 1178
2 931 828
2 922 639
36 799 88 250 20 77 1091 696 430 606 592 284 179 1080 274 42 697 1046 1100 436 269 679 405 1133 966 640 156 999 131 387 173 968 872 222 804 46 0
2 391 514
2 355 713
2 847 1144
2 391 352
2 880 71
2 1017 1109
2 1078 1035
2 130 1203
2 15 828
2 423 785
2 282 1035
2 282 639
2 352 130
37 238 87 1083 626 431 901 974 812 1190 1186 1223 200 844 612 1192 936 823 599 56 522 308 786 466 832 689 432 1093 302 13 168 490 990 769 998 221 547 481
2 880 1035
2 282 1144
2 389 1003
2 828 178
2 674 130
2 514 352
2 910 193
2 931 672
2 1187 514
2 15 130
2 514 768
2 170 983
2 922 241
2 931 1203
2 470 1219
2 470 828
2 355 389
2 1017 1035
32 404 526 508 654 744 266 19 16 912 862 716 897 963 449 817 1084 1001 852 961 720 393 765 671 751 1225 848 595 990 513 1102 331 321
2 531 847
2 768 1203
2 8 1086
2 514 785
2 847 241
2 713 1203
2 514 454
2 352 395
2 130 178
2 282 1078
2 931 1219
2 389 73
2 1109 178
2 470 73
2 847 352
2 352 207
2 672 97
2 559 73
2 355 285
2 484 1017
2 15 299
2 910 1078
2 130 520
2 130 8
2 1003 814
2 423 1094
2 391 398
2 170 768
2 454 896
2 454 1144
2 569 520
2 672 398
34 382 890 819 406 166 106 1007 125 113 225 1041 980 684 1118 553 192 1112 709 829 286 1209 1025 1208 239 767 361 915 248 923 794 194 615 546 359
2 1187 207
2 423 768
2 768 569
2 355 514
2 71 218
2 896 398
2 899 130
2 785 395
2 8 178
2 880 1178
2 282 389
2 15 713
2 15 531
2 983 1109
2 643 130
31 18 886 187 958 527 183 1221 908 191 227 280 948 1001 127 944 540 30 802 1204 917 1214 1231 1176 1145 82 46 338 91 876 628 906
2 847 1203
2 983 713
39 1131 134 712 1150 40 180 703 129 397 967 419 937 1221 1171 772 176 284 85 887 471 1034 323 1226 443 1184 171 149 1101 731 305 115 1207 546 110 1168 1116 593 718 72
2 674 672
2 285 828
2 389 1019
2 785 97
2 398 1035
2 782 1109
2 391 896
2 389 713
2 559 896
2 207 52
34 798 134 958 266 489 732 606 48 649 869 320 240 344 197 333 278 933 307 107 835 388 708 754 334 348 619 636 1175 1135 542 255 411 28 1122
2 15 395
2 847 193
2 643 1086
2 531 657
2 559 880
2 514 922
2 896 395
2 454 130
2 470 352
2 211 1019
2 15 170
41 1092 404 733 662 962 699 748 634 438 294 1051 753 217 157 976 111 994 469 54 415 576 841 1238 36 181 797 1076 1140 813 802 388 1025 916 1201 971 287 118 1141 222 998 366
2 880 218
2 389 1035
2 1081 1109
2 782 352
2 514 1081
2 193 639
2 559 1144
2 389 97
38 613 92 1079 842 775 55 462 276 438 119 858 1172 509 812 685 632 663 836 499 777 300 557 124 706 1030 464 34 554 543 1139 243 949 63 578 1120 4 1232 1194
2 768 520
2 559 910
2 768 1035
2 130 1094
2 484 828
2 514 899
2 1017 71
2 785 1003
2 130 73
2 8 1219
2 1017 1003
2 285 569
2 896 184
2 559 1203
2 352 639
2 782 785
2 130 896
2 1078 931
2 454 241
2 470 1178
2 193 73
2 355 674
2 643 52
2 672 52
2 531 97
2 1078 1109
2 910 896
2 207 1035
2 484 241
2 847 730
2 15 922
2 847 713
2 355 391
2 768 395
2 1019 814
2 899 398
2 1081 814
2 700 1178
2 470 639
2 389 922
2 389 285
2 184 730
2 1019 828
2 1219 730
2 355 922
2 8 1035
2 184 1144
2 742 1203
2 880 285
2 785 1219
2 672 713
35 336 152 631 664 591 253 525 755 278 1106 1034 709 112 353 206 1195 156 898 17 1201 205 314 840 894 1012 479 1206 992 369 133 501 567 64 461 655
2 785 1144
2 71 1003
2 282 785
2 71 241
2 8 285
2 391 389
2 847 828
2 454 639
2 983 559
2 299 178
2 282 922
2 423 1144
2 1109 241
2 514 1094
2 922 828
2 814 1178
2 71 1178
2 847 896
2 211 184
32 583 678 480 1042 1071 19 1065 226 789 683 261 939 444 737 942 675 585 161 786 985 749 34 12 247 872 831 62 650 718 1015 1122 1033
2 15 207
2 700 391
2 470 170
2 880 423
2 785 184
2 71 1144
2 130 730
2 569 395
2 983 218
2 1019 730
2 170 193
2 1003 1035
2 391 241
35 715 1069 539 787 176 117 846 777 378 734 938 1123 942 340 70 1084 820 493 375 43 761 463 439 420 365 867 597 348 562 104 701 64 1087 89 297
2 643 742
39 11 1131 757 165 1189 483 412 682 630 47 1151 339 974 224 175 121 263 428 1210 270 1181 966 1159 500 41 401 208 920 902 385 335 543 369 669 727 806 1013 219 126
2 389 398
2 282 423
2 71 569
2 423 184
2 520 193
2 880 922
2 211 768
2 211 395
2 700 193
2 71 1219
2 931 1094
2 97 178
2 391 785
2 1003 639
2 983 899
34 924 259 1173 196 10 535 977 904 821 386 1160 201 1067 825 846 252 167 829 60 1166 599 633 1179 1228 1154 1158 393 795 959 934 644 120 1015 21
2 1081 520
2 8 73
2 15 470
2 470 218
2 569 639
2 880 514
2 170 1003
2 352 184
2 1094 713
2 514 97
2 1109 814
2 742 569
2 484 1203
2 1219 1178
2 643 514
2 922 218
2 241 639
2 520 207
2 1081 569
2 299 1178
2 299 71
2 520 1178
2 454 1109
2 643 391
2 389 657
2 559 52
2 1109 184
2 1187 674
2 241 1178
2 1003 395
2 1109 52
2 1094 1035
2 423 1109
2 1017 184
2 470 782
2 1003 1203
2 1203 1178
2 423 285
2 15 352
2 1187 211
2 531 922
2 514 657
30 1129 40 292 69 592 505 617 1156 183 821 869 75 525 1134 114 1128 291 779 763 402 458 22 128 50 460 370 957 949 857 528
2 423 931
2 423 814
36 781 555 712 1054 288 489 1157 476 1114 1036 690 304 257 927 7 70 358 797 49 518 272 37 385 689 510 1204 370 968 598 189 695 9 925 1102 521 1120
2 391 395
2 1203 828
2 847 1017
2 643 184
33 558 77 55 418 138 459 328 571 850 475 316 1196 723 656 362 495 246 1147 540 161 551 1164 407 801 1212 1174 621 302 202 364 913 521 101
2 299 1017
2 352 1219
2 531 1203
2 282 73
2 184 814
2 922 1178
2 1109 828
38 1044 668 550 1105 527 792 257 997 1229 935 1235 1067 329 1190 175 716 162 1236 289 495 403 367 680 1030 1140 279 473 182 78 460 767 1241 306 1119 766 265 1110 873
2 352 218
2 484 211
2 514 8
2 282 1219
2 170 97
2 355 814
2 899 285
2 847 1081
2 454 569
2 130 398
2 672 1094
2 983 355
2 8 520
2 15 1109
36 1161 298 1058 1068 230 1062 996 638 227 499 1196 1066 53 1046 1210 1199 820 84 486 905 675 778 313 548 1108 584 747 96 860 894 957 1093 144 118 925 448
2 299 1094
2 170 211
2 880 657
2 130 1178
2 782 1081
2 484 672
2 389 899
2 423 713
2 880 672
2 484 1094
2 931 1081
2 674 713
2 910 1003
2 1017 52
2 559 514
2 674 782
2 398 178
2 713 178
2 299 1078
2 531 1078
2 282 178
2 899 1019
2 130 1219
2 391 814
2 1078 768
2 910 454
2 484 193
2 211 1219
2 15 389
2 931 285
2 922 1094
2 922 178
2 531 730
2 170 207
33 717 1009 298 668 830 760 494 929 447 273 660 386 738 190 995 978 984 817 396 614 877 464 330 536 596 1183 368 432 801 194 695 417 653
2 643 896
2 15 285
2 484 1086
2 1187 730
2 531 514
2 355 899
2 1019 1178
2 391 71
2 299 241
2 285 1035
2 8 657
2 782 1078
2 785 1081
2 211 1035
2 1019 1203
2 484 1035
2 130 1109
2 674 241
2 1203 398
2 355 1086
2 643 713
2 1187 1035
2 785 130
2 899 8
2 1219 398
2 8 569
2 899 569
2 352 931
2 672 1035
2 130 1086
2 643 910
2 896 1219
2 395 178
38 570 1092 1072 890 336 1064 87 616 309 792 803 1151 1000 1057 229 1055 677 468 517 1218 556 424 969 721 548 784 145 951 999 79 725 811 32 115 1049 450 1113 482
2 73 1035
2 742 395
2 1019 52
2 170 299
2 569 1144
2 899 520
2 211 71
2 355 828
32 102 881 462 457 116 1148 524 157 1075 142 684 344 154 228 153 1166 30 313 1063 551 466 330 805 394 1206 319 1198 669 837 400 692 544
2 170 391
2 1019 657
2 1094 828
2 742 514
2 700 828
2 15 8
2 785 931
2 983 207
2 1109 1086
2 559 97
2 1187 52
2 1109 569
2 423 395
2 983 922
2 352 285
35 1072 842 979 1071 849 288 1048 714 945 392 538 456 1083 33 753 1163 647 381 117 452 788 738 1089 325 549 897 372 607 1159 822 22 624 853 204 59
2 1081 896
2 470 700
2 1187 983
2 899 352
2 880 8
2 880 1219
2 1109 1019
2 8 97
2 742 1086
2 285 97
2 423 896
2 785 178
2 170 700
2 531 423
2 285 1178
36 1029 1169 1088 975 217 858 310 240 214 103 268 666 981 372 112 185 941 1209 1132 49 720 375 65 182 843 770 1049 1098 442 504 1137 1176 581 769 727 417
2 559 785
2 899 896
2 742 130
2 531 828
2 643 768
2 847 742
2 899 782
2 391 520
2 559 1035
2 700 1094
2 170 674
2 211 896
2 15 931
2 170 389
2 514 218
2 559 1094
2 643 1094
2 299 97
2 922 73
2 531 520
2 454 218
2 170 1094
