5000 3
3 1362 1082 786
2 3599 4179
4 1266 2190 547 4739
2 2747 4567
2 3262 528
2 1833 1694
2 4550 1974
2 1523 4834
2 2329 2542
2 4707 642
3 2834 1858 3947
3 1473 3974 67
5 1036 3652 1233 1318 3514
3 3718 4608 2899
2 2506 3582
2 1722 531
2 2153 1350
4 3209 4531 374 4570
3 1220 4261 1782
3 4385 2990 2979
2 1633 2847
2 1496 2933
2 3208 651
3 3261 2377 4759
3 2177 4501 3351
3 121 2363 2737
3 3646 4722 4118
2 3068 2573
3 4088 2857 3902
2 375 4089
2 4499 211
2 4260 917
2 968 4969
3 2344 3996 3941
4 640 4020 4918 301
2 4443 2793
2 1314 1994
2 4634 2876
4 3662 2267 2701 3378
3 1542 4059 3923
2 1784 2631
2 3365 3005
2 4417 4114
2 4103 1728
2 1655 3309
2 3484 1189
2 3510 3248
3 4187 3471 3418
2 2976 1595
4 4757 4656 1602 2110
3 3035 1036 4953
3 1382 825 2830
3 3781 3416 1825
2 3254 3983
2 273 2905
3 1330 3658 2122
4 4954 453 2794 3445
2 3431 4199
2 1479 111
3 4781 4455 1135
2 1826 733
2 3627 2828
2 840 2506
2 661 4457
3 3142 4945 2745
3 2906 3686 4769
4 4391 1029 1684 3604
2 4331 11
2 3725 2661
2 3609 3199
2 369 3669
2 2219 2585
3 1108 3318 1168
4 3098 4008 318 3536
2 650 1293
2 2388 4358
3 983 2612 4120
3 2371 3956 329
4 3211 4366 2138 1718
2 806 3639
5 1645 2894 3677 365 3528
2 4320 370
4 4362 3921 242 3193
3 1714 3127 513
3 3098 909 2126
4 3078 1338 818 4793
4 3623 4467 1294 3630
3 1040 4785 2967
2 1682 2859
2 3846 3054
3 715 1053 1524
3 949 4114 4259
2 1660 3393
3 4600 2565 3339
3 416 3289 3469
5 1103 4585 2373 2425 622
2 1008 3825
4 2086 2780 2389 3322
3 4481 1824 1569
4 785 2499 3681 1172
3 1757 2435 2614
3 3371 1505 2238
2 2660 4752
3 1250 3717 456
3 4324 2895 3594
3 1737 2734 868
2 1692 4911
3 297 2363 3429
5 3637 3511 1209 227 1126
2 2301 2123
3 378 4838 1213
2 2373 58
3 1829 1987 3646
3 2550 4160 2213
3 1549 3338 800
2 865 1301
3 1128 1769 676
3 1760 2188 2330
2 2683 3574
2 4609 1330
2 4186 2680
4 25 2597 542 2346
2 3300 699
3 2398 3640 2307
3 136 3959 1791
2 2754 4243
2 2529 3593
2 1958 539
2 3470 2853
2 917 2216
3 1622 4996 1015
3 1084 332 3294
2 3567 3106
2 3505 2354
4 278 288 2193 487
2 3509 2066
2 4623 124
3 3302 4279 4343
4 3194 4911 4322 549
3 1849 261 812
3 4874 3297 3372
2 1330 4221
3 1053 661 385
2 1671 1090
3 2918 4606 420
2 4687 608
2 199 2571
2 3256 3625
4 2739 2973 3290 1463
2 4215 2685
4 3831 981 314 3076
2 1982 1825
3 4032 1268 3619
2 2827 3630
4 4544 1361 2606 1744
2 4045 3404
2 4717 4911
2 4345 977
3 1001 1588 2259
2 3826 4419
2 3336 636
2 3818 4688
2 3052 3517
4 3026 4564 1426 1673
2 4689 4926
3 4191 1228 3027
3 2869 4826 2608
2 2759 4176
2 2191 4078
3 948 2381 2845
2 4435 4461
2 2406 4024
3 3904 3427 676
2 1619 1178
3 1090 2373 3308
2 2736 826
2 2214 3346
4 1540 457 1209 1804
2 923 2491
3 419 1021 783
4 2018 1338 2663 2417
2 2054 3639
2 1101 1027
3 4291 2531 3484
2 3004 646
2 2689 3311
2 4062 4405
2 3274 3229
3 2749 1406 1188
3 2156 4348 1341
2 2133 1975
3 568 2445 3436
3 608 2457 301
3 4644 1865 3707
2 1613 1475
4 4241 3960 1934 3381
2 1599 3687
3 714 3793 3026
2 3749 4004
5 3593 146 4709 1977 1833
2 3084 809
5 1539 3654 2281 252 2394
2 2343 2223
2 4424 418
4 288 3885 1378 2512
3 2060 1510 3314
4 4796 4414 4069 4919
3 2702 454 2720
3 4654 1303 1763
2 1144 1143
2 4882 2344
2 2012 30
2 4839 4657
2 2066 3317
3 2885 2715 3841
2 1130 4798
3 3335 1885 3642
2 2006 2686
3 1146 2142 4771
2 4194 4595
4 4899 3981 2901 3518
2 1122 3682
2 1513 3640
5 4921 232 4009 4516 3196
4 1926 4759 4981 3779
2 4473 996
2 637 856
2 239 108
2 3292 1846
3 2601 3999 3811
2 695 3217
3 3086 3165 2796
3 223 4217 1700
2 2750 2820
3 3167 2671 2859
2 3939 338
2 1599 3916
5 3813 1794 4872 1217 3983
3 3891 598 1392
2 227 3392
3 978 3211 2450
2 1684 1357
2 82 3866
2 4057 3279
2 1731 2154
2 3276 1423
4 2455 1007 4524 1889
3 3151 796 2129
4 2410 891 413 3399
4 4406 3293 2651 1738
2 1421 3536
3 292 1503 4289
2 3023 201
3 4076 835 2494
3 3327 3135 822
2 524 2514
2 426 2220
3 4983 818 4533
2 4623 3130
3 767 991 2244
2 3556 1783
3 3439 3350 139
2 2251 3885
2 1783 844
4 3477 4675 4197 632
2 2405 3650
3 4810 2817 3204
2 292 1208
3 3650 4831 3007
2 2850 2220
3 1103 3546 3545
4 3831 3097 984 2275
2 2158 408
3 54 2028 4243
4 2973 434 626 1202
2 3233 2433
4 4304 4758 3632 2205
2 1396 921
3 914 134 998
4 760 4599 781 4568
3 1734 359 3205
2 1633 2753
2 935 4902
2 2247 3711
3 2081 3275 2088
3 294 1900 1762
2 605 4204
3 1278 2880 552
4 4588 204 134 1029
2 3931 2915
2 485 4696
3 3203 4449 2636
2 267 251
2 2279 2717
3 3697 1129 285
2 3225 3125
3 1808 4279 3094
3 3034 770 107
4 3895 490 3493 4159
2 595 4684
2 2607 1654
3 192 34 2926
2 1012 827
2 4559 599
2 2498 1450
2 1467 2540
3 3315 1353 3513
3 1475 1646 4121
2 1295 1711
2 3160 2106
4 4856 2221 4285 1422
2 1169 3132
6 2838 872 4869 4200 2701 3184
2 2478 2243
2 150 1875
2 1755 624
6 2854 1387 3701 2656 900 844
3 1947 4566 1594
2 666 73
2 2147 2639
3 4317 4937 3448
2 3403 1944
2 578 4231
2 1394 1468
3 3051 392 1436
3 2800 471 4580
2 2673 2849
2 2109 3127
2 2486 3756
2 77 3304
3 2667 2776 998
2 4247 3140
2 131 4162
2 525 4786
3 3271 715 4262
2 1775 739
3 1667 1898 2474
2 1421 2680
3 235 4677 1131
2 2710 4239
2 4124 3756
2 3778 2305
2 4808 4543
2 3686 646
2 1823 1911
2 4087 1759
2 1298 1883
2 654 3030
2 2118 4057
2 2041 2482
3 3227 3543 1362
3 4562 3825 1693
3 4830 3029 3880
2 1168 800
2 1894 1474
2 2221 3449
2 1990 3338
2 2818 1224
2 473 1488
3 2873 1175 280
2 2863 1750
2 2863 3809
2 4000 853
4 4509 2157 2947 2199
3 3582 1288 4569
2 803 80
2 4681 2283
4 3810 755 4161 1374
4 2072 1198 1657 1151
2 1999 70
3 4700 699 81
3 1488 1709 627
5 2817 4019 1054 4651 3547
2 4933 1277
3 17 2910 2396
4 3422 3561 29 1522
2 4560 4639
2 965 989
3 1190 110 2932
3 4906 2759 660
3 4390 2262 3721
2 1765 1543
2 3325 4839
4 2150 4119 1793 415
4 3303 4630 4436 3659
4 634 142 4021 4274
3 4619 3788 3218
2 1334 3728
2 4881 3933
4 3403 4156 4437 635
4 945 867 3516 936
3 1364 4823 4451
2 324 1182
2 4636 753
2 1462 2004
2 1713 3579
2 2521 4788
2 2730 4486
2 3117 4271
2 3392 4167
4 3154 4271 1767 3830
2 1197 2362
4 1959 847 3441 622
3 3888 3347 2610
2 991 4094
2 1528 830
2 3447 1706
2 2906 1604
3 272 3824 3541
3 4652 3658 2200
3 1143 938 649
2 2357 3690
3 3587 2178 4653
3 4775 248 614
2 2456 4552
2 908 383
4 94 853 3884 954
2 2286 4020
2 203 1663
6 3578 179 2939 1320 3606 1299
2 144 2787
3 4675 1429 4720
4 3364 2052 2987 2844
2 1194 1159
2 1522 586
2 4283 1652
5 4197 3001 3313 1068 256
3 1261 2318 4092
2 4653 965
2 3376 1638
3 3079 2454 1420
4 4215 3449 4017 1071
3 2101 3870 655
3 3936 687 3507
3 4813 2717 274
2 4954 1144
2 3770 1879
3 3625 2110 673
2 606 2040
3 4884 2793 468
2 4835 3032
2 1358 4336
3 4924 4004 2962
3 2577 1493 2139
4 3095 2905 1456 4171
3 4015 3367 1293
3 4284 1386 3263
3 2950 1922 3019
3 1698 887 1163
3 4336 3460 495
2 3922 3159
2 1123 1082
2 869 1112
2 56 2015
4 930 4877 207 817
3 2523 4141 3565
2 2017 103
3 2403 177 2882
3 2939 3572 3997
2 1947 2365
3 719 2498 2297
3 2341 835 1469
4 4422 3146 931 4712
2 3685 1142
3 3461 4273 1339
2 1341 1264
2 4116 4181
2 3191 1673
2 439 1223
2 2195 956
2 858 3864
3 325 1398 4696
4 2349 1084 713 1656
2 358 4586
2 2296 4293
2 2610 3952
4 4761 4921 3696 4611
2 4848 2913
2 3890 1398
3 1316 579 2299
2 3460 1648
3 4185 1912 2017
2 1187 2940
2 1797 2030
2 3460 4134
3 3976 2103 290
2 1679 3501
2 585 134
2 2802 2874
2 4644 3868
3 2695 1003 298
3 2957 1159 1245
2 4835 2335
3 2184 2596 3984
3 2730 1099 763
2 3199 449
3 3964 3920 2106
2 1060 4247
3 1575 1759 3760
2 3025 3715
2 1908 1570
2 594 4250
2 3533 1182
3 2991 2768 1878
2 4520 1919
2 2120 3928
2 2359 864
3 1960 2722 2022
3 3532 4908 4750
2 3865 3417
3 3512 1203 1346
2 734 1040
2 567 4011
2 83 1121
2 4110 1596
2 3602 4344
2 4454 1582
2 4383 623
2 2892 4091
2 4414 2017
2 4732 4664
4 3081 3955 2947 999
4 2951 1505 1277 3913
2 4488 2366
3 255 4375 2171
2 333 864
2 4892 2380
2 2678 737
3 4 3803 4318
2 4163 3280
2 3163 570
3 3302 1740 15
2 2044 2699
2 2009 2946
2 576 3486
2 2360 2494
3 2364 4960 4866
2 3287 1540
2 1306 1272
3 4484 4569 127
2 4939 3969
2 4008 1266
3 121 3379 4046
3 3067 4392 4238
2 3500 2377
4 3027 2141 1240 3889
2 710 2078
3 1041 2 1685
4 1314 3719 3581 2510
2 4704 138
2 1518 957
4 2483 1391 2075 4957
5 287 4728 1907 3730 1200
2 4693 3380
3 3251 2081 3471
4 653 2866 1166 4085
2 4556 2585
4 4764 3764 2773 1028
3 3509 4043 3801
2 703 1446
4 2888 3400 3270 2161
2 1110 1896
2 2133 4027
3 1883 3049 4108
2 4018 4987
2 1492 2572
4 4183 1181 2809 1874
3 2218 512 718
2 191 899
3 4772 2580 1191
3 4584 795 530
2 4458 2860
2 2382 4684
4 968 2100 4195 1410
4 2094 2738 607 3989
2 3382 912
4 4209 534 4782 1745
2 2765 4572
3 1221 1614 322
2 1818 479
2 1027 1688
5 2013 3522 2517 4337 1716
5 2216 2029 4946 953 4617
2 4520 2098
2 4804 4567
2 487 4336
2 424 2724
3 3772 1198 1454
4 1876 938 4459 4085
2 2393 3373
2 4251 1186
3 4861 1554 4458
2 4680 4144
2 4958 2070
3 4851 4277 501
2 299 4357
3 2942 3459 2164
4 625 941 1409 825
2 238 4024
3 303 3955 2864
2 1325 3148
3 2135 1402 2708
2 1662 2532
2 1169 1302
3 3749 2798 3354
2 286 3988
5 3034 2559 4098 438 2241
3 2672 574 1524
3 192 2927 145
3 689 4421 2881
3 3101 4897 2716
3 4180 4599 2978
2 2546 4826
2 3161 3579
2 2561 413
2 1036 2015
2 3718 3273
2 2520 1483
2 4549 1161
2 2851 710
2 3452 4817
3 667 2570 1259
2 402 95
2 517 2344
2 4037 315
3 597 643 2782
2 707 274
2 2331 371
4 4940 3074 1928 4513
3 3028 3584 3569
2 2028 2534
3 1144 3067 4219
2 4557 264
3 902 2543 1659
4 2353 1826 385 1907
2 4310 389
3 1582 2803 160
2 226 3805
4 4563 893 4807 2815
2 2378 2749
2 34 1934
2 4462 3214
3 9 4170 4837
2 625 3670
2 3488 1141
2 682 4167
3 184 1081 343
3 2102 2967 2716
3 849 2416 4879
3 3358 410 4208
4 1326 657 1819 74
3 1082 22 4423
2 727 2522
4 555 3025 1904 1866
3 347 4920 2726
3 4569 432 2918
2 820 3777
3 2462 2690 650
4 4863 3650 3844 932
3 3223 1675 1031
2 3908 379
2 63 142
2 1950 3585
2 3488 1005
2 4002 4237
3 3625 816 4285
2 318 1416
3 4951 621 4798
2 1638 3449
2 807 4567
3 2602 4128 1551
3 3433 3342 1058
3 2072 1493 2813
3 437 4780 2741
4 2072 3614 2558 3518
2 3040 1620
2 172 116
2 756 3077
2 4643 3929
3 911 2030 1323
3 4683 3258 4350
3 2642 1017 1647
3 645 2128 4521
2 4441 2573
2 2272 2250
4 4676 1247 3513 3775
2 4712 4120
6 1444 2042 433 737 4301 4487
2 1021 3349
4 3426 4031 2746 609
3 933 3848 1275
3 1117 1228 3889
2 3633 3257
2 4392 3741
2 1089 1527
3 230 3264 1279
4 2268 2267 3056 4902
2 1473 4787
2 4971 1333
5 3298 370 4129 122 974
2 2624 4238
3 1310 2652 2889
4 869 2453 3628 4322
2 559 3420
3 4746 4736 1152
2 4576 2025
3 4133 4689 1735
2 4276 626
2 3936 2358
2 4881 2390
3 4134 546 619
2 2815 4703
3 2184 1495 1699
2 4485 472
2 2843 197
2 90 334
3 2519 2685 4561
2 2907 2553
2 3264 567
3 460 3383 2377
5 3613 1173 4844 3083 4860
2 3414 2306
2 3273 4336
3 2254 1437 1970
2 2760 3920
2 1702 766
2 4549 1273
3 652 2448 2228
2 752 3657
2 3130 4529
4 2571 4596 2825 4496
3 4736 2422 3705
3 4053 3781 4894
2 60 4512
4 3726 2749 2508 511
2 1162 2595
2 3176 1538
4 4015 687 3220 527
2 824 1466
2 335 1156
3 3860 2902 2318
3 4119 4453 832
3 3788 1534 3013
2 4105 4295
2 4870 2764
4 3738 1514 2233 3381
2 1435 3345
2 1477 1095
4 1679 4605 3114 4368
2 3550 3232
2 1607 2789
4 1420 2561 2999 3107
4 2186 1171 3435 728
3 4641 2271 393
2 1194 2580
2 2604 367
2 2825 677
2 2400 2292
5 3273 1541 3232 913 2647
3 4721 1547 1141
2 2511 279
3 1674 2940 3911
3 2627 4896 1516
2 3879 494
2 4848 2586
2 4849 4620
4 2494 2546 725 1597
2 3451 259
3 2678 1826 2449
2 4541 2653
4 3508 1457 297 2293
2 1896 3293
3 4822 1151 2515
3 846 1385 3666
4 2601 2867 1010 2580
2 3371 4231
2 3145 901
3 967 4328 2768
2 4460 3564
2 3365 4697
3 3715 2536 2732
2 3409 279
2 2253 1863
3 2752 179 3234
5 1888 3623 3441 1905 2276
3 2909 99 3357
2 808 0
2 1625 4751
2 2876 1813
4 1753 1905 3803 2071
3 3102 4391 1205
3 1186 1199 946
2 3282 2166
2 2116 1413
2 1118 1221
3 2826 1993 570
2 247 1133
2 2058 4344
2 4354 3717
2 2084 4972
3 114 1983 353
5 4397 1386 1694 2731 4757
3 3055 4871 1408
5 3288 2140 4224 4891 365
2 2297 3091
2 2645 4848
3 3944 4041 79
3 1877 2873 669
2 2153 786
4 1449 3154 4298 200
2 3978 2095
2 3626 2670
2 2578 139
2 4397 1545
2 3853 3130
2 3453 2165
4 665 848 1438 2988
2 1969 454
4 85 2458 257 1396
2 4645 3637
2 2802 656
2 2642 2164
2 2840 254
2 1593 2222
4 3674 2467 1685 738
5 597 2898 1331 1760 51
2 2171 175
4 4329 1806 302 4497
2 4734 2630
2 1503 4667
3 4862 1661 405
2 4932 899
2 3928 741
2 4365 1387
3 846 2575 2999
3 253 914 461
2 4164 1107
2 1644 2383
2 1485 4034
2 2786 1943
3 3992 1849 62
2 1637 2298
2 2584 3878
3 3523 1889 3334
2 263 316
3 2206 2755 1804
3 4223 773 834
2 402 3647
2 2350 816
3 1020 648 4323
2 4707 1155
2 1224 1653
2 1145 3657
3 416 3312 362
2 2259 2872
2 1979 4048
4 3015 1565 226 3869
2 3964 2351
3 4528 4382 470
4 3151 3511 4530 2984
3 2041 1939 4660
2 3310 1038
2 1595 3938
2 4810 1391
2 525 506
5 115 2207 2948 2868 1852
4 3248 4315 2489 3760
5 3075 390 4601 4452 4762
2 105 4431
3 452 702 4088
3 2026 3182 4603
2 2431 3919
2 312 4900
2 2593 3534
2 4299 2368
2 1864 881
3 1112 1006 3055
2 897 1094
3 2891 2299 4212
4 4706 4993 1570 3231
4 1961 2488 2300 2812
4 922 1925 875 3360
3 2524 4527 1817
5 1881 3594 3003 2960 3946
2 4220 2582
2 3036 3150
2 1600 4743
2 1014 448
3 2776 1211 1136
2 1035 4022
2 3675 4236
3 248 3506 3394
2 1960 3079
3 638 1046 3220
2 3840 1028
3 2376 1379 2961
4 4808 2506 3761 1370
3 877 4227 3622
2 1567 3001
3 2443 568 831
2 4142 316
2 776 2297
3 633 2473 1795
2 2994 4813
2 3852 2970
3 4278 1834 3774
5 1473 1852 982 2657 1750
2 4269 4669
4 3242 415 2659 3620
5 3762 2579 1643 84 3077
2 4744 2369
2 3861 679
3 575 4332 4601
2 758 2047
5 278 835 3656 3348 2008
2 3070 4670
2 4336 4261
3 129 31 3746
4 2314 2288 1993 3224
3 3088 1734 2224
2 2765 1995
5 4905 3186 3391 2735 277
3 3344 2479 881
2 3914 178
3 2621 3544 1678
2 1776 1132
2 2655 4034
2 2844 1556
2 4258 3731
3 2948 1810 1646
4 454 1452 3013 4907
2 462 1123
2 2237 658
2 3965 690
2 4622 1779
3 2805 282 4030
2 1507 390
2 4733 3244
2 410 588
4 1693 2958 967 4665
2 3557 1603
3 3478 597 3009
3 2197 1340 3138
2 2161 4063
3 4383 3894 4007
2 4447 390
2 1033 791
2 4825 4154
2 169 4538
2 91 1651
2 2179 1574
2 1812 4723
3 1865 2196 3396
4 582 4498 2095 3991
2 1526 416
3 1723 4625 2121
3 2665 3844 469
6 2496 1497 550 1403 3806 1091
2 1120 2576
2 2884 1578
4 1308 4760 1952 1147
3 3021 1407 2501
5 4647 4852 4404 3375 1822
3 2539 4202 4305
2 4983 2946
5 3303 377 2023 2769 428
2 2011 3855
5 4074 939 777 2468 1206
3 4045 32 573
2 4287 2890
3 1014 3313 2485
3 4682 2187 1606
2 4809 3781
2 3723 2723
2 699 1954
3 2308 2319 992
6 3994 3380 4829 4494 3041 2397
3 1316 1083 157
3 3131 240 4846
3 3238 1945 1117
2 2550 3542
2 1645 150
4 906 4326 2446 2031
2 76 4595
3 4330 271 1736
4 4942 3221 4232 2903
2 1288 1825
2 2076 3667
2 3272 2338
2 2210 377
6 3258 4732 2597 4179 1616 2807
3 259 4023 404
3 975 1402 4432
2 3437 2066
2 4309 3960
2 1350 2220
3 225 2537 4604
3 3467 4191 2932
2 330 278
2 521 4842
2 1364 4787
2 158 4017
2 3885 2168
3 490 3979 1726
2 3616 2089
2 663 3042
2 876 2162
2 246 2729
4 1786 3754 96 3910
2 3488 1956
3 2194 774 1012
2 4664 3543
4 4420 1010 302 3591
2 3181 2414
5 887 2207 3589 970 4482
4 130 1135 4049 1453
2 3593 1639
2 681 2847
2 2442 3454
3 2963 4125 2995
2 4701 849
4 688 2946 179 1957
2 1366 4768
2 1416 2603
2 4172 1578
3 1690 3302 4577
2 2538 1384
3 1842 580 182
3 557 4359 894
2 66 288
2 2162 4216
4 2848 659 4288 2473
3 1300 3757 1802
3 946 1241 4489
3 4731 4507 1302
2 889 2253
6 12 3330 50 1798 615 1767
2 3698 4204
3 3677 1497 861
3 4310 2144 2585
4 87 3849 511 1594
4 3956 2079 3355 547
2 4003 3660
2 3008 3124
2 2334 3272
3 3836 1077 4873
2 893 1939
2 3416 2714
2 3686 1748
2 2706 1271
2 2372 3173
3 2453 2432 1557
3 4751 2789 4934
3 142 4587 90
2 4536 372
3 1427 4690 2778
4 3688 2974 2536 4868
3 1511 3977 2691
2 671 4606
2 3153 3871
3 1541 3540 497
2 2610 2658
3 1274 1620 3789
3 4904 2127 1950
2 3348 1996
3 1517 4955 2464
2 2846 1717
2 2165 2311
2 4831 426
2 1548 3337
3 2037 4461 4480
2 2514 431
2 2227 4616
3 2196 2803 4049
3 3277 2686 2900
2 2525 3799
2 2263 4036
2 1045 1411
3 4464 1127 2744
2 2827 3656
2 3506 4908
2 1590 646
4 1499 651 451 0
3 3458 3542 977
4 1327 472 131 2278
3 2691 3909 3132
5 3269 1913 2597 1707 2346
4 3405 2588 1601 1964
2 3134 2375
2 694 3964
6 174 2475 4783 143 4764 4363
2 3076 957
2 4947 2541
2 4345 1185
4 3537 2289 877 2249
3 3605 4955 747
4 3776 2404 2779 4824
2 2029 1708
2 4438 1531
2 494 4236
4 1540 2894 2309 4341
3 4101 1571 182
5 3943 1485 2615 1405 2437
2 95 270
5 2353 3765 1203 3180 3304
3 3773 2068 1936
4 4086 2572 1403 2295
2 836 2910
2 2538 72
2 2496 1439
3 3353 561 3133
2 2818 1218
2 876 452
4 4124 4742 1235 2105
2 3173 1554
4 2868 1862 3882 1284
2 3568 3046
3 691 979 1800
3 2893 794 3031
2 3422 2162
3 958 1537 4685
3 4479 3758 513
2 221 3782
6 4531 931 451 4714 3991 3450
2 2328 1959
3 3111 4795 2646
2 2747 108
4 4376 1078 4266 3830
2 116 4540
3 4193 4860 294
3 1559 2769 215
2 1279 338
3 1909 3884 925
2 796 2499
2 2145 3322
3 1015 59 3901
2 888 1687
3 2430 4906 1854
4 3286 3178 4618 2074
2 3051 1184
3 2671 1799 2279
2 644 759
4 4630 4251 463 4023
3 3423 410 209
3 631 435 209
4 2007 852 1900 2284
4 3054 218 1539 1590
2 960 4651
2 2222 1462
3 2598 1489 1976
2 1259 1529
2 772 368
2 704 4094
2 4210 1230
2 1871 1298
2 850 3257
2 3719 739
4 3876 4033 3428 3704
3 1547 3784 3245
2 491 423
2 4838 3583
4 4559 618 4655 3031
3 1774 735 1433
2 2493 448
2 2324 3821
2 2321 2107
3 555 4094 1708
2 2183 2728
3 2176 72 353
4 311 603 3825 1610
3 2451 1313 1771
2 752 4310
3 1501 99 1903
2 3158 720
2 3319 3147
2 359 1797
2 1304 4628
2 4649 4173
4 173 3612 1720 3857
2 4518 3247
2 2180 4318
3 4634 1464 566
3 392 1399 502
3 1871 1246 4270
3 1139 2092 1793
2 1093 1487
4 3224 2857 791 590
2 2905 482
3 188 1853 2564
3 2149 4677 45
2 2027 378
2 569 2091
2 3051 3509
3 1824 1695 1552
4 754 2216 2227 423
2 4079 3305
2 2811 2491
4 401 2718 2278 4033
2 368 587
2 791 1338
2 4824 552
3 4057 2998 3833
2 274 4478
4 1650 1104 510 2236
3 1984 4524 1363
2 1239 790
2 967 1880
3 3684 2770 1727
2 267 1247
2 177 108
3 1895 4786 3744
2 888 1696
2 4582 4098
2 110 4983
2 1248 2570
2 2118 2521
2 4203 3524
3 2282 237 1406
5 2325 2258 1309 2146 1111
2 3736 3173
3 18 3237 1752
3 794 4437 578
3 2829 3783 1877
4 2823 2440 3845 468
4 851 2505 357 1369
3 3911 3047 2045
3 3853 1369 4482
3 3663 1406 4498
5 2135 1567 165 691 1239
3 4096 3763 1322
3 1636 2463 1153
3 4789 3430 4312
3 1668 2594 2790
2 12 3859
3 3152 2810 2383
2 2732 1113
2 3386 2786
3 2581 2023 4786
2 2680 3153
3 3857 1228 1205
2 3146 545
2 1033 2880
3 2363 2039 3466
2 3228 1556
2 3167 2392
2 1252 491
2 3610 1183
3 1208 1251 685
3 2175 1214 3708
4 4156 4214 4972 2125
3 103 4956 4421
2 1417 1247
3 1245 1398 3805
2 3415 1595
2 3051 2566
2 3276 4706
2 1579 4821
3 2200 4464 2087
5 2609 4875 1847 4119 3987
3 1150 621 2879
2 3950 2722
2 427 3517
2 3479 3113
2 4952 4274
4 4021 2362 1461 465
5 3487 2495 4589 2862 3164
3 2 4449 541
2 1757 3666
2 152 3962
2 4720 3862
2 1466 2308
2 1049 4975
3 538 2376 1979
3 726 4411 1749
3 1062 2218 1708
4 3859 690 4933 4174
2 4912 1611
3 522 373 4307
3 287 2114 4305
2 695 1131
2 1926 2135
3 1872 2750 2065
2 3190 1314
2 4503 3932
2 1115 1757
3 3111 3962 1561
3 1781 4037 3683
3 4311 4016 4294
3 4398 364 986
3 3327 4563 1344
2 1885 3630
2 4029 4778
3 1955 1587 2401
2 74 445
2 1710 86
3 2180 308 3586
3 2381 4993 1631
2 2955 1417
3 4766 346 1154
2 2120 419
2 1032 3282
2 115 1554
2 603 1034
2 208 3296
6 2459 1176 2638 4525 3926 2886
3 3020 4356 3281
2 538 2144
2 4649 3096
3 960 3267 4890
2 3323 1218
2 701 2386
2 4853 3439
2 2758 4024
4 1170 3524 4026 4297
4 548 36 1282 1654
2 4128 3521
3 479 977 2075
2 2833 1872
2 12 2682
3 4389 2439 2695
2 3301 419
3 4251 3508 4608
2 2792 1229
2 3929 679
2 2217 3996
2 600 4723
2 650 3035
2 1084 4837
2 4947 2785
3 4861 3210 1785
5 55 141 1493 4071 119
2 4101 825
2 4336 4164
3 698 4417 1628
4 3540 4081 387 3858
2 4804 4389
2 2175 1554
2 2916 3838
3 180 85 1199
2 464 3286
2 942 2452
2 465 189
2 2875 3469
2 3078 4448
2 1289 1865
2 3478 3779
4 510 3844 4474 3877
2 2858 3432
3 2600 2042 2552
2 1792 3299
2 995 16
2 4195 2897
2 3331 2640
4 3600 2419 306 2443
2 4738 3539
2 3820 1895
3 4106 3777 4144
3 2704 241 3033
3 3638 441 1712
2 3022 4857
2 3695 4286
5 4935 1474 2068 154 3798
2 350 0
2 2470 1204
2 1000 391
2 3853 3338
3 4356 3851 1022
2 2425 2661
5 3673 1582 2831 3776 4302
2 1226 1224
2 4184 896
2 1741 4229
2 4198 2505
6 2030 4971 4495 4306 4740 1985
3 3689 367 3099
2 4949 3062
2 1381 2500
4 3045 3641 2004 2370
3 204 4602 2372
2 4979 895
2 3155 3750
3 1376 4192 3092
2 4226 51
2 4360 2313
3 3235 1026 2851
2 3861 773
3 446 801 3331
4 316 1856 833 3852
3 2152 4076 2789
3 3244 2738 4887
2 1838 1464
2 551 863
3 3361 238 2212
2 1566 1669
2 323 2230
2 2776 2910
3 3633 818 277
2 3954 4754
3 471 1252 478
2 1182 1873
2 4111 1664
2 2266 1886
3 601 3151 992
2 957 1106
2 1668 2049
2 4209 1102
3 188 1217 1227
3 4695 961 1495
2 802 4198
2 3398 597
2 573 4018
3 2068 2274 1077
2 3241 4156
3 4290 2201 793
3 1799 1710 4811
2 2268 4711
4 1023 1928 4282 666
3 1251 4054 1297
2 3776 4123
2 4760 4660
5 3590 430 751 3957 1765
3 4766 250 337
2 310 4989
3 245 2114 2516
2 3252 4332
5 4982 4875 2466 4286 4380
3 1819 163 2430
3 4120 1055 3107
2 1803 4597
2 421 4288
2 3045 4966
2 4395 1770
3 2944 2175 2952
2 1162 4131
2 1930 4266
2 1548 746
2 324 1976
4 2021 2804 723 4300
2 816 2036
2 1109 4476
2 4302 4256
2 3626 3297
2 4848 2549
3 4014 3534 3175
3 687 3972 3559
2 1764 4597
2 559 3200
2 3239 1644
2 4683 2923
2 809 2848
3 3451 4007 304
2 2202 4924
2 930 2667
2 2924 1015
2 4665 587
2 2065 3527
4 444 2436 1742 4469
2 4716 770
2 4700 1629
2 3463 3167
2 2214 3890
2 1264 4070
2 1148 394
2 3589 148
3 1181 3973 1390
2 4178 4662
3 1270 2507 738
3 4901 305 1635
5 4695 323 4702 1936 2437
2 4582 461
2 4644 2919
2 3482 3495
2 2048 2805
3 906 11 697
3 1361 3793 354
3 3194 307 194
2 3546 4914
4 4976 3240 2643 747
2 4798 4769
2 1721 58
2 2973 2211
2 4068 1652
2 2477 4494
2 617 3647
3 2611 3493 3775
4 838 1552 1102 2626
2 3016 3551
5 4644 4400 2413 2668 1185
2 358 371
3 1149 2869 2407
2 2909 1677
2 2973 2900
2 2393 565
3 1330 443 672
3 3068 2832 1556
3 1407 712 4121
3 3286 4758 21
4 1038 1999 4500 957
2 4589 2921
7 4706 3749 1082 4670 3632 1956 3897
3 3149 2308 2832
2 1172 4152
2 3336 4348
2 829 251
3 3535 4621 3099
4 522 101 2981 2510
4 3819 4187 2493 3951
2 4822 936
4 4110 2709 4553 2884
3 2738 3315 3914
3 205 4688 2931
3 1057 2150 1589
2 3207 4938
3 2142 2170 222
3 3256 745 1683
3 3393 1954 4203
2 2556 762
2 1065 4960
2 550 1555
3 4249 2724 2687
3 3527 2077 4339
2 2488 3960
3 424 375 4724
3 4287 4679 7
2 607 90
2 3282 3336
2 954 2191
3 2188 2432 694
2 2172 405
5 4781 1858 4797 2492 1150
2 4923 2319
3 4393 4195 1098
3 3879 4190 2943
2 2628 2265
3 2603 742 1832
2 4292 2328
2 3274 3554
4 1120 3457 3603 4590
4 3475 1619 736 3139
5 4795 1146 3253 3591 201
3 1100 177 537
3 1060 758 4358
5 2246 4138 39 2123 2770
5 381 3330 2712 3388 3898
2 4637 3520
2 813 2890
3 3261 3805 2025
2 1158 759
4 1069 1435 3115 4949
3 2187 3773 114
2 3468 2571
2 4932 670
2 1485 1193
2 4775 2218
4 1336 591 1301 1114
3 2561 2885 1518
3 1494 1243 927
2 1051 4722
2 4096 2104
3 3052 1130 4770
2 4702 3629
3 1285 4257 3655
2 4468 2490
2 4963 2195
2 4930 3315
2 856 3654
2 2467 1393
4 3921 898 1228 4338
2 2898 2527
2 98 4336
5 4920 879 3398 1803 500
2 2237 1101
2 4055 4239
2 3369 2048
3 1768 4324 950
2 2957 498
2 2016 2872
2 3529 4505
3 959 1024 3409
3 1256 2229 1983
4 2539 4228 2163 3429
3 3838 4414 4554
4 636 1368 4420 516
2 4470 3610
4 4204 4654 4501 2912
3 4573 1943 2374
3 3985 3795 3654
3 1292 4840 4387
3 3878 3967 158
2 1511 3624
4 1081 1146 3024 3682
3 2377 2340 1612
3 2112 4430 4334
2 4645 823
2 317 1040
4 2955 862 1253 48
2 3489 514
2 766 4943
3 1881 3364 3832
2 196 236
3 2375 886 4886
2 1087 2664
3 49 2191 4109
2 3400 940
4 407 4563 4977 2208
2 4220 2936
2 4725 971
3 4132 750 2719
2 3862 3116
2 2035 4331
2 1966 1169
3 2623 4444 1276
2 4127 1591
3 194 4196 2751
2 4093 578
2 3311 4181
2 4102 990
3 4080 3506 2628
3 2672 2661 1983
3 173 1538 4235
2 1062 675
2 2366 2600
2 1809 130
2 4948 2354
2 3597 4222
2 2877 787
2 4300 1940
2 2750 4898
2 3401 1333
2 3975 1458
3 4454 3650 2199
2 4765 1296
2 2793 4819
3 1662 281 20
2 4429 4008
3 1467 3104 2349
2 2983 1230
5 4013 1929 3821 3080 841
4 668 4247 4785 429
3 3262 3997 1016
2 3122 3993
3 4597 3497 2123
2 3585 1734
2 4051 909
3 837 1447 2980
2 80 981
2 307 929
2 681 4445
2 480 3166
2 4472 4194
4 1203 2315 2264 3628
2 1735 949
5 4681 3986 1481 425 2273
3 1937 2344 851
2 300 1314
5 3531 4244 44 3201 1903
2 472 3582
2 2408 368
2 4465 4555
2 633 3816
3 92 4551 1732
2 830 2878
3 602 1633 2024
3 3844 418 2778
3 4648 1835 1400
2 4746 4461
2 3892 4261
4 336 4813 3963 3316
2 1404 1232
5 4326 2931 1393 4537 2751
2 3304 4537
2 3155 143
2 4562 1799
2 467 163
2 761 4544
3 659 2571 1859
2 2022 1840
3 3119 1490 2771
2 4741 924
3 748 3374 486
2 3568 3987
3 3531 1889 2124
3 3437 3893 88
2 3143 1514
4 241 66 4709 4487
2 824 547
4 2613 4411 3634 3779
3 3110 2735 1136
3 2617 2528 580
2 2867 3915
3 2527 2715 1025
2 2517 4230
3 4508 106 4450
3 939 351 1938
4 3394 801 5 4082
3 1193 2006 4513
4 2226 1211 2227 2131
3 4055 4778 4662
3 448 3773 4778
2 4961 712
2 4338 232
2 4789 4914
3 2795 1882 725
2 4613 4041
2 4969 3199
3 3817 2982 1800
2 406 3385
3 4622 1086 3886
3 1274 1166 1097
2 3503 371
4 1294 1414 3954 3333
3 308 4740 4139
2 2382 1358
3 395 3112 3684
2 83 3992
3 3030 3238 3070
2 4207 581
2 4614 1066
2 3733 78
3 3851 3724 3747
2 1178 4854
4 4639 1479 2146 2228
3 1890 15 3485
2 3249 955
2 3355 4094
2 4941 1862
2 3388 1003
2 4320 1207
2 43 3992
2 4539 1817
2 4276 2077
3 2768 4167 244
3 1660 3959 2460
4 3241 3899 3904 3180
5 4796 280 919 1642 2313
3 1651 706 2469
2 984 3076
3 3570 105 3958
2 249 2855
2 4051 2549
2 2337 531
2 1371 2713
3 1456 2652 3735
2 4681 2930
2 154 3015
2 2412 576
2 3206 3883
4 3352 3080 4293 1874
4 1048 3769 2439 1985
4 1879 1273 4409 1953
2 360 906
3 2588 4815 2117
2 1220 2534
4 789 3653 2959 3877
2 3063 4892
4 3956 315 3166 4642
2 4092 4583
3 1267 100 1284
3 3503 1828 2356
3 2604 345 498
2 117 825
2 4710 2904
2 2823 285
2 208 2323
2 4412 1445
2 381 1420
5 2567 4800 3263 2703 2474
2 1036 400
2 1574 2634
2 116 3844
3 1886 4943 1431
2 1170 1944
2 2684 2760
2 2962 3720
2 1162 4940
2 335 2980
3 3035 4106 925
2 2190 4140
2 3383 4965
4 2148 4850 934 2533
3 4800 4262 3903
2 4102 1286
2 4930 18
3 263 2619 260
2 40 3644
3 3656 1329 4103
3 2298 1008 3770
3 4434 3278 1887
2 3923 3374
3 3736 3611 2102
2 1850 4116
2 2895 124
3 3699 1349 2970
2 1184 383
4 237 4327 4339 2286
2 4124 902
3 4283 3750 2626
2 483 1175
2 4351 1036
4 4865 1414 1140 1672
2 1705 1117
2 3324 3834
2 4193 1032
3 2402 1570 1428
2 177 845
2 2496 1976
3 4858 2356 827
2 2101 4737
2 2171 296
2 1622 4122
3 4833 929 4265
2 2886 3866
3 3245 4427 951
3 4833 4507 788
2 2234 2833
2 4291 2922
2 2083 3942
3 2279 882 1729
2 2133 579
2 1426 650
2 3022 4151
2 3704 4146
2 2115 962
2 344 4861
3 1193 3984 98
4 2549 52 151 986
4 634 768 60 1978
2 3569 4664
4 2242 3847 1758 4349
3 112 3452 4211
2 4218 4965
2 2635 2947
2 1895 1534
2 5 199
4 1873 3558 905 4373
3 3861 1664 4404
3 2658 3415 3856
2 2622 3822
2 1390 2467
2 4678 3805
2 1676 2162
2 4994 2032
2 2400 1027
3 4695 3521 2775
3 4990 2328 3869
2 3300 2761
2 228 2074
2 2301 1258
3 3318 4887 2291
4 840 139 2896 2480
3 1790 2921 3817
2 4443 2773
2 906 865
2 1188 3597
3 4207 1137 2426
2 3907 4661
3 2035 1387 1861
2 3332 3306
3 1529 3135 10
2 3876 1675
2 3160 2843
4 1856 4288 3683 3069
4 4083 2294 1115 1725
3 4052 2046 782
2 875 2490
3 193 952 1344
3 4045 653 4340
2 2184 2966
3 3996 3846 3857
2 2252 3847
3 3465 4630 2875
2 1154 1183
3 1281 3618 1317
4 1834 2282 1399 3156
4 1747 566 3434 2824
2 3982 314
2 3895 588
2 807 1222
2 3829 503
2 436 1749
3 3201 3959 1206
3 883 1598 4585
2 3871 1702
5 3431 3781 563 3903 346
2 3353 3349
4 2828 2029 216 1290
2 1770 1401
2 1787 3825
2 4393 784
4 843 246 1681 4555
3 2352 1722 4175
2 4852 4698
2 4008 4575
2 3022 3408
2 2414 354
5 1832 3082 4752 1210 1355
6 771 3919 4561 2537 3986 561
2 2499 3412
4 4155 2617 336 2568
3 2657 2631 4355
3 2699 1145 285
2 3739 2640
2 3893 3682
2 1655 1172
2 2969 653
2 789 784
3 3813 4993 2413
3 552 634 4073
2 3918 500
2 1132 3157
2 4188 4201
3 3828 3824 344
3 481 1948 2711
2 1086 3478
3 2007 2176 4864
3 3588 4210 3790
4 3871 3870 4130 2981
2 3323 4662
2 4491 2511
3 3570 4518 504
2 2183 4480
3 1980 4551 4208
3 3479 447 2061
3 3338 3639 2421
2 4465 3380
2 881 2532
3 224 2928 1280
3 3719 4533 3714
3 4443 628 1416
4 4704 1637 1993 4213
2 1434 3602
2 4408 1986
3 2824 4127 4745
3 4219 2113 4301
2 195 640
3 4382 4018 3202
2 1105 1468
3 2805 2509 1653
2 4311 1693
2 860 1046
5 4619 1988 2283 3464 1626
2 4196 2460
2 4758 2998
2 839 1585
3 2594 321 1771
4 3361 979 3436 4099
4 2062 4012 4125 4303
2 459 317
3 1912 4150 2103
3 2196 2049 4363
2 662 1063
2 4084 2784
2 4530 960
2 4731 1749
5 3785 3548 3692 1515 974
3 2148 3874 1292
3 2001 1499 1009
4 1021 2066 3977 3580
2 127 2816
2 402 1124
4 2404 892 2721 507
2 2132 880
2 4873 3759
2 2348 3003
2 4294 1087
3 3709 4311 4320
3 3144 3238 1610
2 4064 4045
2 3091 3706
2 817 2664
3 4590 723 4614
4 2784 4529 3948 4816
2 3408 4672
2 3905 4981
2 6 3347
2 4370 190
4 1149 2802 1436 1805
2 4991 199
3 1826 3723 4934
3 855 1272 4459
2 1921 2481
2 2647 4774
2 2863 151
3 1618 1579 800
3 1204 2949 3091
2 1748 1373
4 3407 2271 4080 1931
2 112 3837
2 1940 2461
2 4364 2002
2 356 3557
2 3284 2681
2 2083 2202
5 1929 918 795 4457 4030
2 36 4282
3 4776 2592 920
3 3571 4929 1064
2 4719 4504
2 3212 2576
3 1497 4059 369
3 2151 4865 3586
2 1956 2954
3 2623 4253 1989
2 2060 3976
3 3733 1377 394
2 4289 2516
2 1695 217
4 1145 2826 3680 1914
2 914 3488
4 3435 533 3332 4970
2 4366 4103
3 2067 2762 966
2 211 2823
2 581 3733
2 4285 3954
3 453 3964 615
2 4606 1576
3 456 481 519
2 2251 180
3 3169 4561 4017
3 3108 3373 4113
2 1437 3265
2 1676 507
3 1237 965 3235
3 1662 2355 3189
3 4161 1546 705
2 870 4557
2 1190 3215
2 273 630
3 1885 582 1097
3 679 1373 483
2 2961 982
3 3182 1841 3608
2 3124 2181
2 4944 4957
4 3081 1856 3822 1609
4 4693 3151 3027 1438
3 1070 2239 3006
2 3530 2398
2 1242 2635
5 4371 4406 438 2281 2429
2 860 349
5 687 3355 1348 3526 3480
2 4758 4075
2 4005 532
3 2466 1225 3309
3 2699 4679 1863
3 913 3907 4999
3 2434 1472 1573
3 1404 3047 1949
2 2989 4192
3 3748 4200 3553
2 422 4967
2 2254 4936
2 4177 181
2 4988 4493
3 2312 2293 4967
4 2711 2821 4699 2327
3 3128 797 3598
2 3169 3663
4 205 2003 2754 3880
2 2797 1922
3 4479 1946 2230
3 4992 3793 2587
2 4837 2206
2 1455 1281
5 213 4063 1957 993 135
3 2543 2011 3898
5 4931 1361 3238 1105 1411
2 2561 3451
2 3320 593
2 789 2955
3 674 672 368
2 4249 2854
3 1138 1846 3622
4 1316 551 3744 4521
2 987 4396
2 1520 1730
6 3042 4701 3867 546 3097 3621
3 1041 4747 2132
2 4593 4137
2 554 284
3 2181 2949 4542
2 1992 1816
4 4635 799 3140 3411
3 2327 2757 4668
2 97 3970
2 3013 1257
2 284 3006
4 4250 3665 3407 1004
2 4384 3123
2 3610 1191
4 1184 4888 4584 2558
3 4841 4956 2112
3 4888 574 4893
2 810 953
2 4689 3224
2 2278 3742
2 4772 583
2 3681 3004
2 4756 573
4 1807 2538 3823 432
2 647 1789
5 1948 4541 4342 2270 485
2 1558 3440
2 4951 1113
2 496 309
2 1165 4531
2 3203 4267
2 327 3181
2 437 49
2 3256 2750
4 2093 1592 4714 2612
2 1933 2303
3 1278 1423 2719
3 3879 1822 4915
4 4596 4796 3104 793
2 4050 1751
3 2902 348 1215
2 4050 4946
3 1299 505 2956
2 4995 955
2 55 2745
6 1641 1542 4511 2465 2766 109
2 4618 1681
2 3392 1249
3 4036 84 2679
3 1063 3237 3588
2 682 3594
2 3461 247
3 3179 3590 3925
5 1696 4100 3866 3643 2728
3 1961 2079 3196
4 1818 190 2136 562
2 2652 3266
4 3924 1228 601 1280
3 3198 2133 3306
2 2734 3037
2 4983 78
5 4393 443 2303 2964 4355
2 803 2234
4 4899 4115 545 4515
3 218 4315 1513
2 3221 4867
3 1306 2272 1039
3 4496 4042 1134
2 1721 1218
3 3662 319 4750
2 1955 1779
3 2713 1189 2446
2 1511 383
3 3337 2000 3242
3 3340 4143 1388
3 16 808 3671
3 4968 2496 244
2 4680 4185
2 4104 189
3 363 4245 2170
3 2576 3794 272
2 4060 4433
2 2481 4293
3 943 560 3105
4 1119 1006 1030 1840
3 1580 3151 3912
2 821 596
4 1067 2689 815 3814
2 792 3354
2 4883 2645
2 1002 3543
2 4618 4173
3 4399 2157 1513
3 1808 524 826
3 1528 4567 2351
3 2416 4909 4547
2 4485 2365
4 3192 1248 1432 1336
3 1168 2361 1914
4 24 4447 4505 3566
2 3690 412
3 4992 950 4414
2 1295 1180
2 2082 2033
2 3610 4566
3 1167 3686 1920
3 493 712 1867
2 3239 2549
2 752 3517
3 1549 971 3432
6 2797 1527 2591 117 4399 4386
2 3264 3017
3 2 4571 1777
5 4547 168 3792 1526 1602
3 3248 4351 2533
4 134 3324 2707 2317
3 3531 4375 1010
3 2707 1563 469
3 952 1073 1949
2 3028 942
3 3036 4610 3414
2 363 1630
2 1257 409
2 3977 1413
2 1992 1451
2 2273 3522
2 4443 4953
2 2600 276
3 845 2600 2064
3 865 1014 4995
3 4587 1604 4896
4 2334 4234 4674 4481
3 4884 989 2637
2 1480 4370
2 1392 3372
3 113 3453 2908
3 176 3374 1460
2 4518 4814
5 1194 582 129 2511 4433
2 3240 1324
3 567 1553 1274
2 2930 71
4 995 4331 256 269
5 310 3279 2379 2421 355
5 2231 4632 1148 4868 823
2 202 4531
2 2364 919
2 4856 3751
2 1696 3319
5 1696 1194 3935 1072 2332
2 727 1721
2 2905 1579
3 4650 2062 1394
2 2222 2270
2 4977 2705
2 3014 745
4 4133 1814 2654 2140
2 2915 4777
2 1203 3624
4 1571 3874 4357 932
2 3922 101
3 4293 4272 2037
2 4506 4527
2 3352 606
2 1828 3391
2 313 3221
2 259 4166
2 3570 3821
2 1542 3584
2 283 3462
2 2788 4878
2 3234 1094
3 4989 2663 684
2 2018 262
2 1869 3454
5 3819 782 4878 4368 1035
3 2053 723 4040
3 2674 3601 4328
2 2261 2330
2 2325 2625
3 1218 3805 3888
2 854 158
2 2687 4131
3 3838 2256 4280
2 4961 380
2 4997 1076
2 2329 1650
3 2341 4995 1533
2 1401 3920
2 696 38
4 1415 3139 696 4879
2 4917 2644
4 4344 2103 2231 4426
4 1986 2953 753 3910
2 2144 684
2 2203 1652
2 2559 1411
2 4330 271
2 3669 784
2 4893 4484
3 1084 1197 2097
4 3281 1140 1817 293
2 3636 4206
2 201 2040
4 1217 1873 2513 3129
3 4317 1940 366
2 1145 2356
2 4241 4831
2 417 1794
2 3302 4994
2 918 4349
2 4246 1094
2 3875 2303
3 4791 1848 3366
2 757 2928
3 2056 770 3814
3 1862 3224 2295
2 2294 1106
2 2984 474
5 901 460 4694 804 3305
3 1786 3264 841
2 878 479
2 880 3371
2 1847 109
2 4374 2881
4 4784 2139 2113 2290
2 4466 2607
3 4843 2750 341
2 721 3073
2 4469 123
3 1500 975 1270
2 2976 1100
2 4656 2378
2 1067 4213
2 4962 2056
2 1734 1383
2 2678 918
3 1650 3870 4510
2 3637 2963
2 3183 2193
3 2336 740 427
2 1530 975
2 3807 4545
4 1165 2650 3203 4753
2 4423 4216
2 1763 4730
5 1164 3883 4997 4810 2877
3 2257 1218 4231
2 3810 4256
2 2085 2057
3 1535 1844 1124
2 2264 8
3 117 2256 3729
3 4996 627 3385
2 2735 2227
2 3286 3707
2 1044 2209
2 2704 492
3 3772 2318 3250
3 3314 1740 4450
2 4093 988
3 4726 4166 4938
3 3000 4084 1591
3 4799 2265 461
3 4743 2619 4523
2 202 4369
6 4244 1653 210 3811 623 33
2 2398 4961
2 1086 121
2 2897 4157
2 3931 1963
3 1635 472 3863
2 848 3783
3 3603 2172 857
2 1890 2717
2 634 1104
2 133 1623
3 3906 3765 2024
3 1806 1758 2284
2 3692 411
2 708 3971
3 506 4996 2482
5 2514 3136 3750 535 4413
3 3935 2176 4488
3 1264 3905 401
4 25 107 3119 1242
3 536 4964 2224
3 2174 3715 459
2 523 1621
3 3206 4424 3425
3 3943 3086 874
2 4605 910
2 2525 1377
2 77 3573
3 1378 1050 2682
3 95 174 111
2 4792 1585
3 1600 3423 1088
4 2431 895 1272 3431
5 719 1591 23 544 3316
2 2310 639
2 2221 3195
2 526 3380
3 2914 169 1296
4 2777 1712 4181 572
3 1234 4718 837
2 4563 2445
3 3473 4001 2864
3 1310 3228 4763
2 2600 2866
2 2973 75
2 3238 97
2 4595 709
2 4744 3163
2 1244 4847
2 589 1492
2 3042 201
2 2516 4668
2 3341 374
2 4790 976
4 3865 2345 123 2038
2 3775 4602
2 757 1842
2 3544 1292
2 3641 1803
2 3032 457
3 1960 1096 4024
3 4746 3477 265
3 4150 2565 171
2 3458 1489
2 1657 3730
3 4123 4783 3620
2 248 4821
2 2579 3499
2 3098 1745
3 1487 1906 2487
2 1894 1013
2 3046 4564
2 2173 648
2 3721 180
2 3623 4955
3 2925 3188 1353
2 4255 3864
2 1923 2221
5 2622 4232 731 2934 4169
3 3179 3321 3061
3 3364 4939 4116
3 95 3735 1367
3 3920 1854 4570
2 3998 2940
2 4217 4805
2 3121 2040
2 1137 1426
3 4779 871 2376
2 1527 1051
2 275 2956
3 2508 2048 3768
2 3912 100
3 4663 4850 1456
2 1102 1468
2 2603 3720
2 1319 1748
2 1223 3417
2 3207 4122
3 1018 4005 4612
2 899 1353
3 4670 3696 4628
4 4982 4802 191 2384
2 982 2149
3 3494 3363 3278
3 4138 4122 727
2 3908 768
2 240 3122
3 1170 3818 2861
3 4895 4760 1340
2 1051 702
2 430 4568
2 246 4002
2 414 3955
2 192 4821
3 4793 3510 818
2 1304 4001
3 1941 1732 3061
3 3575 4275 1988
3 2613 657 2487
3 1230 3168 3970
2 3136 1065
2 4438 2123
5 4742 1425 3456 2045 4435
5 1566 4048 2472 824 1838
2 4315 967
3 4908 1735 2870
2 3789 1363
2 4809 3512
3 2467 4402 2605
2 902 1031
2 1766 336
4 3649 3198 1090 4678
3 4573 4403 3549
2 4174 1482
2 313 4943
4 922 2575 2753 3290
2 1849 2666
4 4308 2606 1980 2160
3 2359 349 3474
2 2846 551
2 3899 2706
2 4283 970
2 328 3564
2 2462 2413
2 880 1521
2 2723 866
3 4705 1864 1562
3 178 1196 2557
3 4538 1529 4527
3 2850 1506 1163
4 3221 253 766 535
3 4950 3925 1265
5 1109 2757 2154 957 1805
2 4160 4867
4 460 3387 2562 304
3 99 1897 1133
2 1376 2616
3 2556 961 2566
2 4792 4859
2 2915 2940
2 3965 3268
3 4612 1372 1224
5 3200 14 3236 896 62
4 3960 3090 2799 1466
2 2434 734
2 1937 4857
4 548 1505 4254 3635
3 760 2216 1918
2 204 2625
2 4043 2282
4 2360 255 4182 1071
2 2521 772
3 2005 1423 2395
2 581 1691
2 2971 3501
2 716 2892
3 3030 617 4198
3 2515 1215 396
2 2985 652
2 2804 455
2 882 3669
3 2370 1075 3299
4 4479 3755 4622 2821
5 3709 4360 4105 1690 1568
4 2577 2874 1688 2726
2 126 2603
2 4525 4420
2 4451 183
3 602 4052 1925
2 1779 2192
4 2936 4391 1752 630
2 3881 3841
2 1056 780
2 1896 996
3 1026 1108 2101
4 1580 963 3515 4388
3 2758 2887 305
3 4440 1092 3852
2 8 4225
4 633 2067 3854 4811
3 2650 2853 3050
2 2736 4581
2 766 612
2 4347 3336
3 4460 2911 3658
6 3919 1442 4817 2185 1825 1739
2 113 980
2 4099 3819
2 4173 1348
3 3260 4505 717
3 4023 3769 3858
2 3577 3663
4 2662 3411 1516 2501
2 2801 2491
2 2092 674
3 2274 606 3209
2 4779 3988
5 751 1555 4968 2069 614
2 2872 2498
3 4598 4540 4283
4 1188 3689 4687 3259
2 2406 93
3 2501 3052 1254
2 1766 3816
2 3443 1898
3 4664 4735 3640
2 1214 621
5 1675 730 4717 1550 146
4 3772 3427 1106 565
4 4434 27 4851 683
4 4853 4390 3995 4935
3 834 4551 2479
4 958 2158 3756 1998
3 4341 443 2528
3 2946 4409 812
2 909 2411
3 569 774 754
2 1237 3806
4 3741 3500 3174 884
2 4042 3260
2 842 2838
3 556 1039 71
3 4131 2912 764
2 3114 2063
2 1087 1751
2 4292 4807
2 3499 4165
3 2188 4773 3066
2 1995 2777
3 3999 873 3872
3 1944 4808 1232
3 3552 4823 735
2 493 4367
3 1086 990 121
3 4275 1149 3856
2 3491 4040
5 2206 2387 1348 1621 2205
3 2668 774 229
3 3237 670 3729
6 3356 1534 2529 2438 1023 3787
2 1759 755
2 4874 2472
2 2481 154
3 300 3703 2304
5 2865 166 3990 3514 4794
2 1258 3226
4 3874 403 475 1061
3 4168 1484 3033
2 76 2112
3 1686 2462 2729
2 100 3957
2 3328 1102
2 2500 3546
2 1898 1688
2 4650 2994
3 2725 2342 1783
2 4516 4117
2 3141 924
4 2422 4379 2908 1837
2 1611 2002
3 700 3004 4671
2 2257 2512
2 1485 1796
2 3804 762
2 1533 1617
3 3523 4089 4392
2 3788 828
3 1899 4047 40
2 3728 2880
2 3145 4089
3 4557 1768 2937
3 2039 4164 1831
2 4481 291
2 4188 2210
2 3318 1304
2 319 3022
3 2702 1901 1352
2 4964 3892
2 821 681
2 1477 4145
2 2269 3438
2 805 2167
2 3692 1125
2 1981 758
2 3211 4389
4 3590 4615 4444 3148
2 2544 2321
2 249 3134
3 701 2134 1742
7 3166 4737 4295 769 4803 2779 3979
3 4126 2234 3927
2 3680 926
2 4237 316
3 1899 906 3796
3 4311 1836 1061
2 3641 908
2 102 3500
4 1618 68 1367 4820
2 2556 4113
2 2250 180
3 1601 1969 3634
2 956 3479
2 4870 2480
2 330 1452
3 2601 1487 4067
2 4083 4814
3 811 4222 3820
4 1140 234 3350 4948
3 3651 1618 607
3 4410 326 4836
2 4492 2255
3 3649 3086 4515
2 3255 4485
2 2889 2693
4 768 2314 527 3739
2 2717 2126
5 3121 3043 1238 120 337
3 3996 1991 2772
3 4403 2372 1318
3 118 4784 4018
2 2721 1772
2 716 149
3 3161 1074 217
2 2260 1519
2 4884 4450
4 2165 185 3421 4461
2 2725 657
3 1057 4633 1085
3 2693 4234 4415
3 3939 2692 2677
2 3879 2729
2 490 1319
4 4572 4455 3679 2743
3 3831 4124 3971
3 2822 3082 2965
6 4729 2046 3576 4252 1900 532
2 3457 3068
2 38 312
3 2640 4240 207
3 4117 1766 3243
2 2335 1357
3 4386 4094 2232
3 2484 1049 2767
3 3116 2193 2195
2 4427 601
2 1508 4522
4 3930 3038 3530 339
2 1912 2057
2 2911 1543
4 3364 4286 1741 2149
3 4564 3052 1047
2 1690 214
2 610 647
5 2679 3406 434 2352 293
2 4813 1197
2 2114 1607
2 3626 207
2 1960 2684
4 3681 4250 507 1260
3 4782 973 2489
3 4862 586 1519
2 2619 2690
2 2528 654
5 4831 3390 3343 4255 3059
2 1167 2131
3 2694 2613 1007
3 494 397 4343
2 3843 801
2 780 1235
2 4340 3926
2 2137 105
4 1687 921 2332 4998
2 2545 175
2 25 3900
3 1389 574 1509
2 3123 148
2 4968 4050
2 673 3376
2 4925 4220
2 4359 2696
3 4347 1078 4889
3 64 4812 2122
3 3170 689 4475
4 4618 3710 3 1126
2 4510 3425
4 188 3612 734 639
6 2111 1281 4952 2305 1627 233
2 1669 1613
2 3261 783
2 281 2479
3 125 2060 2970
3 845 4251 3341
3 4372 4646 4842
3 2496 4941 2085
2 2540 1312
2 167 379
3 4785 724 1772
2 4931 1845
2 4682 2011
2 4172 3828
2 3446 744
3 577 4646 920
2 3486 2123
2 4419 2706
3 1731 777 503
3 1130 965 2903
4 1207 1542 3854 4735
2 1677 4422
2 3841 2681
3 557 1851 4035
2 4875 3974
2 3840 1843
4 888 330 4402 1395
3 2382 2592 3418
2 1663 1055
2 1096 2653
2 97 2892
2 4444 3968
2 625 3824
2 3697 3564
3 3451 1971 1951
2 1328 4440
4 839 3623 4011 1236
3 3444 4889 420
3 4477 2248 4910
3 1052 1388 750
2 3348 1232
2 2950 3533
3 3448 1322 3850
6 3995 3039 1632 3413 439 35
2 3474 56
2 4780 1702
2 4330 231
2 2188 2061
3 4206 604 4959
2 4659 2507
3 3088 325 3424
2 2557 3390
3 820 488 1976
2 636 1073
2 2523 1437
4 1937 1472 935 4788
3 4249 4376 4927
2 990 4636
2 3624 3878
2 3096 566
3 1234 4218 3057
2 3815 1196
2 3742 880
2 3433 672
2 4376 4202
4 4725 638 711 4441
2 4841 1958
3 372 3005 266
5 3519 1111 2897 357 3391
2 4677 3318
3 3291 4424 233
2 2526 2057
2 3368 2698
3 1223 2012 1762
2 1932 1874
2 756 730
3 2007 795 4126
2 153 1079
3 3356 1885 61
3 1222 4832 3106
2 4978 51
3 3147 1368 3786
2 1494 1500
3 1317 2972 1814
2 4612 10
2 4377 3941
2 3450 4056
2 3702 4113
4 312 2584 4776 3246
3 4638 3742 4061
2 822 2898
3 3934 3645 4624
2 2868 3861
2 714 1860
3 927 422 3194
2 4985 169
3 2483 1066 3653
2 20 1017
3 1031 3563 1449
2 326 4785
3 2493 3379 269
3 1384 4346 619
2 3983 4798
3 2544 128 3059
2 316 2073
3 3985 3807 1738
2 4845 4867
4 1186 3624 28 4666
2 3585 1347
2 88 234
3 4565 4027 571
2 2451 3791
2 1265 3790
3 360 361 1982
2 2385 599
2 3726 2608
2 2387 555
4 4386 774 1689 2935
4 1115 865 4356 2842
3 3126 166 1489
3 3334 2469 3524
2 2996 4371
4 4621 2562 854 1576
2 807 359
2 2528 488
3 3994 1870 1342
2 788 37
2 1625 2324
3 4075 4391 1661
2 4047 1259
3 1241 287 2632
3 4559 609 2302
3 457 3221 3307
2 2969 3154
2 959 1508
4 4502 214 1555 3780
3 1811 1304 4396
2 3652 2540
2 560 3369
2 2677 701
4 969 4036 4703 1545
2 4514 878
5 2519 3746 3428 2780 518
3 1118 3503 4169
2 80 1100
3 4759 104 1791
2 4810 1849
3 2818 2347 1351
4 4332 1568 825 2840
2 13 3307
2 1491 1074
2 3070 220
4 740 2118 3782 4084
2 2769 985
3 3018 4854 1761
7 1187 54 3064 3195 444 2229 4113
3 65 407 4526
2 4464 717
3 2213 2622 3442
3 1490 3604 785
3 374 1107 1395
3 2712 2548 4060
2 2586 1584
3 3477 3363 477
3 2381 3942 4091
3 2235 289 2503
2 3621 1337
2 3741 3841
2 144 655
5 3264 1470 3017 4491 4814
3 3170 3611 3071
3 1498 4478 1850
2 1815 3807
2 3836 1448
4 3708 3213 3150 1453
3 4435 3913 2419
2 301 3062
2 3172 608
3 1926 4526 2292
2 4398 4779
2 1743 2219
2 1669 1510
2 378 997
2 4556 21
2 4844 2422
2 3906 2867
2 2534 1605
2 3642 2634
2 4756 4940
2 458 419
4 2427 482 761 2503
3 4219 4578 4480
3 596 3931 3961
2 3438 1532
2 1432 3039
2 3626 3839
6 1021 964 3516 4468 2578 533
3 521 363 1831
2 865 929
3 2082 3169 1984
4 447 3934 3539 2791
2 522 4639
2 3073 1432
2 2271 3963
3 3593 2001 3545
4 1595 1297 2071 4010
4 4964 2120 2433 3487
2 491 1575
2 939 4248
3 1753 3424 3133
2 3774 883
2 2031 895
3 4162 442 1773
3 1019 3939 2316
2 4408 2139
2 2698 4395
2 3101 1867
2 647 87
3 3875 4821 3254
2 1904 2883
3 1792 2754 904
2 2518 4671
2 2833 3635
5 148 1480 2388 274 1491
3 1056 4719 3329
2 4588 3072
2 48 2309
2 4304 3473
2 4203 611
2 4429 19
2 1644 1775
2 1916 1505
3 4325 4715 1705
2 1636 4979
2 2296 859
3 2522 3497 4010
2 3529 3722
2 3689 422
2 3437 816
2 3406 2050
2 19 4377
2 4873 503
2 3732 4630
2 4913 4574
2 903 2618
2 3745 1019
2 4222 2871
4 4333 3300 3927 4668
2 1942 1201
2 834 751
2 4718 2340
3 426 3987 898
3 3643 4329 4182
4 4348 883 1963 3289
3 184 2099 2624
2 41 2817
2 2088 2037
2 3504 268
2 1043 4828
2 941 3124
2 3440 3634
2 4405 4562
2 4832 4491
4 742 930 2087 4039
2 2233 4140
4 856 3442 3766 1744
3 4112 1486 4727
3 3060 2919 2189
2 2904 4875
2 3484 447
2 3675 1305
3 961 3226 3823
5 1359 4135 1893 1820 2639
2 252 3087
2 4240 1590
3 499 4013 653
2 163 197
3 165 2036 545
2 2197 629
2 4882 352
4 2520 4638 1715 347
2 1118 1161
3 2403 3849 440
2 1357 2611
3 606 297 4164
3 50 1776 1326
2 885 2198
2 2137 4878
4 3829 3496 2710 3336
2 2793 2944
3 3103 3633 675
2 3443 976
4 2078 1005 4370 2394
2 2680 4761
2 3053 4532
2 1430 1377
2 2415 1116
2 1225 2049
2 4389 4538
2 563 3256
2 2544 4950
5 1254 324 1139 4407 1192
4 1559 2714 2566 162
4 4107 4176 4095 3044
3 1146 4895 89
3 876 802 3193
2 4061 696
2 2810 4086
2 4984 4790
2 2727 2853
2 3966 3017
2 2460 2423
3 4308 1375 2926
2 3294 1754
3 4317 2905 3947
2 4619 3508
3 2591 3235 3283
2 631 543
3 1494 27 2700
2 4077 1861
3 915 1715 2901
2 4692 2920
2 2975 3209
4 2952 4190 4925 2306
3 628 3555 3392
2 867 3746
4 1091 150 1736 4000
3 4691 909 677
2 85 1343
3 430 892 3778
2 1747 1637
2 2035 521
2 1895 2698
3 3101 720 3204
2 3495 200
2 3595 4248
4 231 3711 2675 2368
3 3362 3580 3023
2 2800 919
3 4965 4271 4212
2 2507 3837
3 1968 1984 804
2 3382 1381
2 4622 4239
2 4197 296
2 4500 444
2 2809 1307
2 271 2078
4 2412 73 84 4490
2 1504 1374
2 4872 4413
5 2966 3933 610 4906 3083
2 4607 790
2 3040 3981
2 1635 2116
2 4153 2161
3 4059 2829 132
2 1427 751
3 2020 3472 4734
2 4016 3216
2 1687 4239
2 1285 1125
2 1713 4780
2 4942 1262
2 748 2587
2 4767 1548
3 3720 2707 1608
3 398 3990 3315
2 4791 4346
2 2363 1677
2 4826 3567
3 2680 2429 3481
3 2450 3499 1640
2 2739 2090
4 1043 4100 2033 3009
3 3462 3383 295
2 2869 4655
2 83 327
2 2058 4953
2 4206 2282
4 4188 729 814 258
2 978 4754
2 311 1085
2 1110 2959
3 3672 1088 2651
5 3710 4140 254 3850 1858
2 2360 2464
2 4610 3797
2 3408 942
2 2268 1538
3 3909 2084 331
4 2621 4581 4626 3370
3 64 4380 3375
2 3402 1683
2 3940 1966
2 776 2633
3 4797 1240 462
3 2831 4950 1174
2 600 2649
2 1500 4178
2 885 2924
7 859 247 1402 2036 4987 2163 3659
2 1234 4552
4 1059 3317 3452 1238
4 4391 2883 809 400
4 1671 1380 3444 4193
2 4915 1873
3 3838 1909 3687
3 1173 3402 4199
2 450 4742
3 309 1860 3957
2 2686 613
3 4543 4326 4449
4 530 4376 4534 2391
2 1265 4441
3 3566 3602 231
3 2653 1755 1648
3 1244 234 1459
3 3907 4522 2463
5 4330 2949 2019 4069 2059
4 2920 3230 4977 2746
2 4490 4658
2 2927 3960
4 1219 1114 1050 4419
3 4939 2582 4799
2 3950 1443
2 736 4657
2 3978 3659
2 1138 3373
2 2423 2130
2 1104 1733
3 2109 1013 4428
3 2032 3359 870
3 4708 2317 4816
2 4631 312
2 3671 4972
3 921 4281 4401
3 4376 3230 4666
3 4168 3607 2419
2 2024 3649
2 3967 1282
2 4408 467
2 2175 4958
2 3055 82
3 2844 1475 138
4 3668 2905 3734 2379
2 2132 223
2 4989 4926
3 2475 2136 4111
4 69 495 1704 3573
3 2506 1446 4321
2 1880 1655
2 1935 4362
3 2108 2321 291
2 266 3083
2 4374 280
2 1746 2367
3 1512 3839 2441
3 22 3688 3748
3 17 2559 3072
2 3698 1329
3 78 2648 240
2 3823 1998
2 4985 2924
3 3690 3781 641
2 4885 2027
2 3109 3984
2 4661 230
2 386 4775
2 4345 4315
2 737 893
5 985 2494 2243 2143 2882
2 4038 4919
2 659 3870
4 2294 918 1186 2096
2 295 4517
3 3021 3767 2609
2 4378 350
3 1243 2386 3798
2 187 3631
2 3170 3187
2 3682 879
2 758 749
2 275 3638
3 783 3449 2249
4 2023 1384 3066 3404
2 4701 2506
3 1220 2602 2127
5 979 2068 1715 1966 2389
2 1447 2185
3 3813 1477 2217
3 1412 1733 4264
2 908 2151
2 4832 2703
3 1389 3435 937
4 1158 1812 4903 3325
2 2838 4344
3 1179 4580 3425
4 2192 4346 866 46
2 1723 4960
2 4234 2336
2 554 3846
2 3973 1424
2 1539 4973
3 53 2968 3980
2 2676 4012
4 1514 2111 3049 147
3 1155 3961 692
3 680 990 3455
2 2564 3534
3 3849 2553 2583
5 3590 1546 23 2752 4819
4 4 3617 1639 3413
2 446 1766
5 695 2919 2298 2189 718
3 4314 3960 2021
2 4947 2134
3 1308 3866 3949
2 3661 2504
3 4563 1086 4807
2 4438 560
2 4405 334
4 1044 988 3754 4354
5 722 758 616 3618 4205
2 1536 187
2 284 4224
3 245 3376 1255
2 1074 4403
2 1787 2447
4 2221 4830 243 4369
3 4917 3719 529
2 2279 1305
4 1525 792 4930 1300
2 3421 3066
3 3785 1991 4806
2 4929 3502
5 1138 2333 3471 1496 1339
2 537 4629
2 803 4945
2 94 3003
3 2479 148 4980
3 4726 2820 4025
3 228 4268 4075
2 771 249
3 3705 131 3063
2 4123 3922
2 4043 1303
2 140 1441
4 699 4225 4692 4624
2 1349 2525
3 2997 1845 122
2 1320 3846
6 137 2287 1025 531 3608 4065
4 965 4558 4942 384
3 1670 1104 329
2 1195 2297
2 2136 1857
2 2899 2882
2 174 3780
2 44 2045
3 3602 3434 861
3 185 4238 1615
2 4616 853
2 970 426
2 2337 205
4 306 3117 1509 1564
2 1667 2377
2 3153 213
4 1848 2638 72 2819
2 2226 1174
2 3551 2070
3 4486 2423 4998
3 97 4704 1134
3 1917 4775 1309
3 4258 1801 2193
2 382 3245
2 4183 3327
3 1289 3326 254
4 4359 4548 3648 2615
2 4767 2974
2 1036 1543
3 1386 4947 1352
3 2009 1857 3808
2 1710 4133
3 843 2870 3799
2 3603 216
5 3038 160 1502 1525 2547
2 2151 1069
5 1923 356 1365 114 4312
2 93 4864
2 2152 4792
3 2755 4143 2396
2 671 3745
2 3352 2727
2 922 3678
3 4311 3657 746
2 176 3358
4 4374 4768 403 1974
3 1064 914 2790
2 1884 688
2 261 2671
2 4250 24
4 3343 2241 1747 4373
4 1110 1884 3845 4425
3 604 4971 2166
4 2042 1041 4335 1724
3 2828 2603 4474
2 3988 785
4 3607 3539 3346 649
3 4245 3182 3867
2 881 4610
2 1945 1392
2 4357 3087
3 2913 2447 3502
4 2713 422 2424 1598
2 41 779
2 4021 2291
2 4071 445
2 4845 2822
2 2888 1573
2 4476 3141
4 101 775 4827 2300
3 3644 140 2212
4 3922 589 2020 3178
4 4843 1679 2214 1788
2 3142 962
3 3276 429 2741
2 3962 4278
2 4660 38
3 4477 2850 542
5 976 4196 553 2380 1924
2 195 745
2 575 3092
4 719 3125 4572 1778
3 4068 3712 3679
3 4328 2331 1706
2 1236 4282
2 2498 3553
2 1726 1543
3 3651 3968 3559
2 2801 2727
3 2818 921 2242
4 2125 3074 239 399
2 1515 92
2 1694 891
2 4171 4602
2 3723 952
2 4751 4418
2 1570 1409
2 3916 248
3 4218 560 1603
2 4973 1628
3 3158 3797 3143
2 389 321
2 3235 155
2 1087 4745
2 2717 2989
2 1986 2089
4 1972 4631 1893 3138
3 1578 781 3532
2 3490 4657
2 2556 2084
2 1897 3991
2 3262 2793
3 2198 721 4828
2 1253 1836
4 3710 1047 3752 52
3 509 2440 4586
2 47 2777
2 4264 4086
2 703 4774
2 3283 2689
2 375 1119
3 4826 1143 2375
3 3839 2800 2959
3 3247 2367 2748
2 4160 689
2 2572 172
2 1157 2892
2 1580 107
3 4062 4574 1231
3 1883 2376 57
3 4519 2187 1347
3 4854 671 2813
2 3310 1874
3 752 2009 3244
2 191 1945
5 4050 4715 1682 993 2988
3 2943 3446 2644
4 3515 261 1311 4039
3 4117 2104 3010
2 784 402
2 3015 2908
3 3691 3041 2568
3 3155 2787 4803
2 4241 56
2 3438 2764
2 406 4914
2 2792 320
4 431 3234 668 355
3 1123 4602 2836
4 2784 1450 767 2069
3 3153 620 1829
2 2213 815
2 2252 1018
2 4532 3258
2 2466 4676
2 1537 2700
2 1083 2407
2 596 4199
3 449 484 480
2 464 2129
3 3125 2247 3700
2 4378 1459
3 3695 1940 4627
2 4361 1870
2 4439 1242
2 997 4535
2 1550 3494
2 1342 94
2 128 4324
3 554 3286 47
2 3108 4346
2 2385 2977
2 2794 2482
2 1538 3813
2 3952 4095
3 2913 264 2405
3 941 1913 1345
4 1262 3710 1922 2665
2 3607 2042
2 3973 3121
3 3972 4950 1471
2 3918 4022
3 3019 183 45
2 3755 1722
2 2766 534
2 1265 2956
5 663 3772 644 1009 2008
2 1596 4360
2 3410 4442
2 3636 2599
2 4495 4028
2 1484 298
3 3468 4794 2447
3 4400 3084 1471
2 3038 4256
4 1641 4442 3515 2985
2 4263 4377
4 3122 4117 2411 2590
4 544 3753 2582 2660
2 2518 486
2 3285 3363
4 4389 2893 1758 1709
2 4237 3007
3 133 3647 4221
4 1080 891 1617 4036
2 4394 433
3 770 3065 1321
3 558 135 1192
3 2458 46 3801
2 108 859
3 510 3579 2471
2 685 306
2 2608 12
3 3497 2539 3439
2 2946 390
4 4777 2186 1261 162
2 220 674
2 2818 3667
2 4557 1544
4 4975 4147 1315 1843
2 2203 581
3 2629 843 4259
3 1313 2870 1216
2 3626 3638
2 4927 2042
5 4038 1455 1520 3767 3555
2 4621 80
2 2986 1577
3 4870 2710 2038
3 2194 1655 1681
2 508 3409
5 3787 4228 502 4333 2791
5 873 4492 4031 1443 3259
2 3771 1504
3 4613 73 250
2 4019 1094
2 3592 4569
3 3358 2950 1354
2 1060 1334
2 4604 408
2 980 1083
3 350 2168 1011
2 2401 924
2 270 2954
4 270 3670 2616 1476
2 372 4594
3 4492 1954 4348
2 3804 2476
2 749 4253
3 3320 1486 4024
2 2595 3907
3 2051 3952 3387
3 4615 4149 1536
2 3074 3527
3 3771 4286 260
2 1990 940
2 1834 3678
2 3389 1444
2 4710 4274
3 375 4026 3886
2 4873 3751
2 2848 4937
4 2486 2783 4379 778
2 4044 455
2 3165 2177
3 3120 132 4263
4 1680 1116 3890 4548
3 1827 629 4381
3 1737 1919 2245
2 1996 4834
2 4940 458
2 2371 3199
2 4871 118
2 4453 2461
3 2699 4650 4928
3 2555 3782 4827
2 419 4196
3 3512 613 395
2 3087 1957
2 3593 548
3 364 14 1656
3 3640 4679 1160
2 2246 629
4 1642 2858 4014 662
2 1295 2000
2 4959 412
3 2127 4963 1915
2 1014 1463
5 2649 3261 1420 2130 4281
2 1539 1012
2 3538 3692
5 2954 199 3581 126 1016
3 883 104 2128
2 3085 4384
2 4829 4921
4 4157 1624 4802 1853
2 2058 3753
2 3978 1
3 4097 1353 4737
2 2255 4166
4 515 3310 3165 1930
3 3335 1537 2351
2 2909 66
2 1095 4581
2 419 4485
5 4591 3188 3358 4558 3480
2 3302 2032
2 4226 69
4 1246 2091 1583 2182
2 1789 2920
2 2749 1178
2 720 4004
3 4721 3662 674
2 4483 3625
2 1004 4280
2 3262 4820
2 1872 3273
3 4701 152 4724
2 2409 908
2 2916 2078
2 897 2074
6 86 2786 784 4752 2418 4087
5 2808 3870 2236 1589 2857
6 3794 665 437 3615 147 4416
5 1441 811 2945 2720 3525
3 61 4272 4594
2 1650 702
2 1560 3897
3 1290 86 153
3 4266 3229 4528
2 1499 276
3 3040 692 1396
4 2664 1686 3010 3665
2 2972 2510
2 3491 2280
5 2316 4904 108 4673 819
4 1358 3812 3233 3525
3 1923 181 79
4 3583 2569 222 123
3 1377 2402 2659
2 216 2937
2 3002 2131
3 4167 3372 1784
2 2841 4511
2 26 112
4 4497 3505 1483 847
2 4439 3328
4 2475 2675 4260 3189
4 268 658 1630 265
2 3389 2672
2 2887 12
2 2846 1753
4 1586 4742 201 1565
2 4134 1561
4 1785 914 3843 1079
3 3345 728 852
3 55 2548 409
3 384 3151 3177
2 1042 4032
2 4136 3268
4 2147 4081 3614 38
3 2555 1227 2059
2 3821 4395
2 2089 3634
5 1267 773 4801 4553 4475
2 987 3519
2 3195 4027
4 2524 3740 70 2276
2 3546 643
2 3185 2153
3 3134 4756 4090
2 4187 1368
2 4610 824
2 3020 890
2 4327 4251
2 1038 80
3 3558 4149 3344
2 3384 2696
3 2655 2007 3761
3 2099 99 2722
5 3719 1590 221 1902 3231
2 1861 1286
2 1713 1207
2 463 4154
4 1048 65 2183 343
3 196 3157 3893
2 1056 3208
3 2987 2564 1374
3 2178 3214 411
2 3443 4571
5 1954 2357 4658 3592 2646
2 4362 4946
2 4112 4561
3 1360 4272 3464
2 2444 476
2 2783 294
2 3210 1037
2 1792 3740
2 4297 3462
2 316 4689
2 3712 2837
2 2607 4227
2 1157 1821
2 3294 731
2 1968 4201
3 2333 193 4749
2 1248 2924
2 2527 1965
4 3416 3135 3479 2747
2 3086 283
2 3384 3702
2 4154 4020
2 4607 1927
4 780 3716 499 2365
2 3715 4407
2 798 103
2 616 13
5 548 1927 3280 1156 3682
4 3116 4273 2438 1773
2 2417 380
2 2986 4805
3 3396 973 1978
2 4440 1719
2 68 4447
2 734 2865
2 4559 4843
3 3851 2632 387
2 2602 2330
2 2408 552
2 4314 928
2 2992 4523
3 1718 2013 2004
2 3195 4225
2 2425 1742
2 1789 1219
2 4517 3904
2 4231 745
2 1901 2678
2 3699 3669
4 2582 693 3891 2917
3 2839 2812 2097
2 4032 4170
2 1210 2075
3 4481 3342 2995
5 2892 917 3969 4430 3075
2 4796 1719
2 3208 2051
3 1499 198 604
3 1796 2360 1380
4 4062 4787 3562 2225
2 3416 4697
3 3500 4329 3598
4 1008 3272 4082 4880
2 2526 3485
3 2576 328 340
2 4830 1032
3 1121 4680 4957
2 1962 4574
2 866 498
2 3680 896
2 909 4452
4 4756 1229 4536 3796
2 557 3768
5 4560 1104 2355 3902 4915
2 3962 3015
2 3226 3527
2 2434 3764
2 1748 2554
2 436 1786
2 3535 3556
4 3488 2336 2572 587
4 1698 1549 1105 4037
2 2960 905
3 685 1484 2399
3 1368 1418 1096
2 1356 656
2 341 3079
3 1686 224 1345
2 3308 2885
5 732 3214 1883 972 52
3 3577 2902 1122
2 2350 1222
3 1158 4431 3835
2 1954 3284
3 2831 4944 3900
2 3533 2603
3 742 2630 386
2 1062 2470
2 2862 1915
2 2861 4900
3 2191 4641 4288
3 197 1474 2063
2 3625 2158
2 1586 4774
2 2657 3763
2 3402 3137
2 3228 1361
2 3334 1075
2 4146 4871
3 3510 558 4980
2 4895 4736
2 528 789
2 3549 2627
5 1546 1252 2258 1839 637
2 957 2581
3 2922 2855 2320
2 4936 3332
2 361 4576
3 4226 367 2326
2 2344 229
2 3638 4982
4 3240 1906 237 3475
2 2293 2165
2 2811 4709
3 4506 1659 2567
2 1705 1850
2 161 2451
4 1506 2253 4520 2551
2 1355 2670
4 1637 3664 2245 1164
4 4227 2035 4687 1837
3 3021 2101 3212
4 1911 4006 408 2782
4 351 1169 1887 96
3 4512 159 3917
2 4057 4546
3 1911 4276 2763
2 3038 1878
2 1127 400
3 271 2697 150
2 1598 4990
2 4005 1201
2 1801 4071
2 4268 3784
4 1045 2923 4051 4627
2 3090 1987
4 1581 3157 2261 1337
4 4390 2945 3207 3424
3 894 2775 4504
4 2535 214 2917 2772
2 3994 4097
3 3656 2731 4211
6 658 1663 1346 956 1769 4489
2 1223 3353
5 89 3251 3301 1868 4694
2 1828 1869
2 690 4700
4 3260 3032 1040 4635
2 3135 2792
4 4344 1719 3728 1366
3 1387 2541 904
3 814 1226 1365
2 2770 2543
2 966 4456
2 1836 2598
3 1868 1178 1239
2 1334 2554
3 1233 3993 1275
2 740 4019
6 1835 1385 911 3982 2842 4254
3 1269 1608 3900
2 4952 2349
2 470 2420
2 509 2398
4 242 2131 3267 1811
2 2078 3359
2 489 4777
2 856 1844
5 1916 3624 2315 432 3223
4 4667 1916 1059 1882
2 2593 4157
2 3928 4218
3 2237 1955 2610
2 2968 2290
2 1157 1859
2 1753 1346
3 2808 1588 842
4 2694 2115 1532 763
2 352 2060
2 2535 4690
3 4418 1115 4519
2 2324 1746
2 416 1132
3 1002 204 262
3 1707 3561 4916
2 4057 4019
2 403 2258
2 545 691
3 3568 478 1460
2 238 3741
2 2641 1666
3 1682 3687 1902
2 4652 944
2 298 1876
2 4462 4609
2 1499 3629
2 2067 1543
3 1733 2484 4423
3 3786 3862 2737
2 4104 1135
2 3765 28
2 1883 1780
3 172 1733 3737
3 1973 4242 2362
2 2935 2355
5 4253 3168 2047 3552 1855
3 2449 3981 660
3 4104 3140 1085
2 1008 2271
2 1225 761
2 2435 2163
2 2925 522
3 923 1509 4678
3 4058 4921 1689
2 3399 236
2 3826 4245
3 1908 3483 4307
4 871 1896 2549 4705
4 2266 496 2426 724
2 1567 82
4 450 3373 2238 3295
2 1788 39
2 2135 4199
2 2495 2130
3 4591 1304 2733
2 2997 2654
3 832 3873 505
2 1323 678
3 4844 2710 4659
3 289 2348 2942
2 4721 1283
3 4361 3101 388
2 2841 2950
2 2227 2361
2 433 708
2 4869 4785
3 4320 3996 862
3 2693 2963 235
2 3144 4812
2 2835 33
2 2914 1816
3 4932 1102 2368
2 806 4448
2 4748 4719
2 4026 883
2 10 3064
2 1971 4206
2 4152 3267
2 1260 3175
2 1506 4540
3 3553 3476 475
2 4353 4970
3 1710 1397 2014
3 2456 599 521
3 1755 1041 77
3 3160 1420 2614
2 1737 4502
3 124 1732 1880
6 195 2507 994 3172 3265 1521
3 4620 2942 3257
4 3377 1285 1268 3766
2 2953 1667
4 857 2015 496 1089
3 933 2504 4579
2 3060 4698
4 3989 4689 1588 3190
2 3389 2781
2 540 3746
2 2463 2086
2 2358 2697
3 3482 1444 4765
4 4189 3252 1464 3481
3 11 2774 4072
2 4107 1629
2 2003 485
3 1057 1957 2201
3 810 3599 3177
2 1003 2653
2 4546 3254
3 3908 3103 220
2 1875 3861
3 2852 237 53
3 1824 493 3216
2 2855 1586
2 1896 1652
3 3001 1258 1680
4 3357 605 2560 4988
3 3967 574 4893
2 3117 2608
3 1123 953 3412
4 4445 840 1728 1714
4 4825 4135 3859 1640
4 976 2875 4043 3842
2 2793 2574
5 1868 2681 1324 3938 33
2 1639 458
4 2427 4032 4632 4962
2 2593 229
2 362 3076
2 2385 2459
5 4789 2455 4215 4131 664
2 1042 4611
6 4637 442 3613 4898 4864 198
3 2442 2044 3833
2 3824 4867
2 1450 944
4 541 73 1892 1634
3 4375 223 4074
2 2985 2955
3 4066 2786 512
2 3255 1946
3 1637 3025 4287
3 3585 1443 4115
2 445 737
3 4128 1287 3109
3 2019 431 1001
4 564 2683 1935 1410
4 372 3537 3860 3887
4 3713 4257 34 417
3 385 1264 3366
3 4877 3483 889
3 1142 2554 991
5 3551 2404 598 1312 171
2 4840 3291
3 3561 1313 3946
5 4184 4129 3668 562 2860
2 4592 3492
2 4302 1291
2 1993 935
3 3534 689 4235
4 152 3998 3743 3660
2 1157 1197
2 838 926
2 2773 4316
4 2126 3506 2890 1076
3 3773 624 1286
2 3527 3222
2 3013 3439
2 2254 2599
3 4051 1703 806
2 2145 2583
4 3994 3296 2513 558
5 3565 4313 4966 4070 4730
4 968 155 1967 1866
2 4545 542
3 2631 2879 4323
2 2467 855
2 1073 1015
5 3437 2119 2117 4139 2740
6 4041 3836 1643 4535 4359 1739
3 4546 1863 2532
3 4663 732 4908
2 1417 4956
2 1572 1697
3 4652 4592 2836
5 3887 3827 243 1201 348
2 4284 3915
3 39 1999 3106
2 2159 2911
2 3056 2839
3 3430 3751 186
2 2066 943
3 4303 4818 1967
2 4448 3302
2 4566 4011
2 4194 2668
3 4214 3384 1481
2 3169 206
2 1461 4044
3 3367 1330 3834
2 4380 3974
2 4422 1907
2 967 4009
3 2043 3292 2878
2 253 1388
2 4580 3069
2 168 4754
2 1195 4127
2 1617 1986
2 3662 1334
2 3754 1694
2 1862 2669
3 2902 1951 2340
2 588 555
3 1106 3419 3057
2 345 3623
2 28 869
4 2629 29 2633 4151
2 4481 3672
3 4753 2914 518
2 1756 427
2 2338 1614
5 404 1166 2705 1724 1152
3 3053 4923 3476
2 1558 1229
2 3600 3842
2 606 1212
3 4676 1945 2551
2 2131 3124
3 4467 1101 1331
2 1781 1616
3 43 1785 2010
4 2156 3909 4901 3901
3 2527 4922 743
3 1356 1776 4894
3 4780 3975 3053
2 4731 563
2 4990 1602
3 514 1508 4431
2 1400 3198
3 4410 3016 3694
4 2020 2905 2662 2837
3 91 42 4741
2 2141 4014
3 2424 466 1790
4 3440 2703 3499 2620
2 4885 26
4 4571 1258 383 741
3 1427 76 686
2 1495 307
3 2448 1809 2441
3 3295 2409 1418
4 1795 2697 1113 340
2 1019 1946
2 2826 2654
3 1612 4079 1932
3 1315 4016 670
3 4027 699 4655
2 1916 4583
5 4618 4002 1433 2586 2260
2 4686 1607
3 2234 706 3333
3 710 3655 484
2 3993 3022
4 4152 4350 3661 4153
3 4534 4466 2080
2 1542 2448
2 1711 4050
3 3135 1777 3014
2 4788 455
2 900 4492
2 2152 3341
3 592 1356 4898
2 2643 4629
3 4556 3800 1821
2 3521 4156
2 4954 4196
2 3678 3554
2 1948 2406
2 1820 4089
3 4136 1501 3949
2 4136 3105
3 947 3685 3713
2 1898 4963
4 1412 4147 389 1249
3 3872 3597 2347
2 4667 4640
2 4749 298
3 2497 113 3426
3 4759 367 2025
2 2962 332
2 4813 529
4 3034 836 1332 2635
3 4994 4883 2590
3 2339 3601 2244
4 645 1731 3644 399
3 3188 2611 4674
2 2422 2893
3 4654 642 3743
2 3395 444
2 2763 1024
5 2552 4747 2169 1177 4729
2 1275 2477
2 4616 1890
2 167 3053
2 2054 4514
2 1465 3149
2 1 990
2 4296 611
4 4188 2382 1615 466
2 3002 2514
2 3326 566
3 4296 1370 4027
3 481 4771 2155
2 120 4204
5 3673 4325 4593 1506 47
5 1910 3130 4181 4577 2637
2 3973 4356
2 1532 3073
3 997 165 4340
2 1381 2050
3 1129 3155 1802
4 4067 4742 219 1649
3 1531 573 1351
5 3380 1613 4148 1941 3578
3 264 426 3094
3 1372 2520 1408
4 3924 3158 3459 57
2 312 2051
2 3706 1910
2 2814 963
3 1515 1216 2978
5 4460 1584 1037 4186 286
3 4613 3273 4918
4 2280 2798 3129 3948
3 4755 1854 1716
2 649 1921
4 576 4527 4436 1405
3 1153 4293 1915
2 1829 3843
2 3089 878
2 2311 1929
2 1249 4068
3 149 4002 431
2 2322 1030
2 2428 232
4 3400 2810 3873 1830
3 2941 631 1933
4 884 1605 4912 2742
2 141 3505
4 2996 4626 2670 1624
2 846 4790
2 803 3275
3 3298 2542 3734
3 3810 3609 1382
3 3822 897 3703
3 1580 4391 3533
2 4233 1371
3 4770 4234 1691
5 2325 3738 4691 775 322
2 2422 985
2 4823 4229
4 2209 2692 3250 4230
2 1619 4031
2 1099 890
4 3504 4738 2656 664
3 3311 543 700
5 3110 3093 4508 1572 339
2 2702 3024
3 3445 195 2285
2 4686 3905
2 125 273
2 1655 2344
3 2157 3359 3917
2 4594 2289
3 1638 331 497
2 2958 3085
3 1519 2806 2073
4 3351 2089 2722 501
5 1142 1321 2755 3676 590
2 4371 2699
4 3550 3907 4804 2002
2 3861 2510
2 2727 2420
3 3496 1440 2326
2 1561 4020
2 3324 928
2 91 3523
2 3649 31
3 1666 18 916
2 334 1780
2 3498 3567
2 3419 3241
2 4472 1810
3 3631 1127 1434
2 4371 2108
3 4503 3292 3835
2 4964 907
2 1183 4376
3 398 400 3089
3 3695 3627 2239
3 464 3720 4836
4 4335 385 3560 1263
2 2598 2461
3 1730 707 3828
2 4416 594
3 4937 905 3377
2 296 137
2 3616 2261
2 3186 3590
3 1994 1416 3386
4 2563 1796 2485 425
2 446 4058
3 665 310 2014
4 2713 1425 3556 1360
3 1523 4013 969
4 1031 3792 1861 1429
2 2005 251
2 4673 1413
3 183 4458 1815
2 2589 1535
5 2239 1747 4210 2160 474
3 1287 4682 1964
2 743 2653
2 4184 4180
2 3700 1313
2 809 4868
2 874 4747
2 1437 1626
2 687 1933
3 1440 1368 4029
2 4064 1946
3 4792 276 2977
2 1278 963
2 4986 1373
2 3918 1277
3 3062 2481 4815
2 4713 994
3 1171 635 1039
5 1938 1287 1965 2658 3345
2 3338 1231
3 4044 4391 4463
2 3265 3731
4 2468 2142 866 3219
2 4035 4886
3 3064 2283 320
2 1180 528
2 4417 4412
4 81 1965 3938 1727
2 3200 4545
2 702 138
2 4047 849
3 104 1574 3470
2 4187 2982
3 1669 3162 982
2 1794 3676
3 2255 3385 777
3 3002 3753 827
4 2796 3169 984 2275
4 1609 67 2220 4974
3 2898 912 1424
2 2997 3533
2 1592 4631
2 3355 4274
7 449 722 1332 585 916 441 1569
2 581 4625
3 1567 1700 4522
2 1520 1794
3 1866 4191 2733
2 2577 1100
2 4711 2103
2 2730 137
5 3851 515 797 2270 3246
4 157 1093 4870 3219
5 3248 4463 3118 2851 3472
2 2744 2547
4 3003 3548 189 1502
2 2288 1828
2 4136 680
2 2192 1798
2 4814 4990
3 4616 3953 4974
2 798 3272
2 2139 1899
4 4189 2868 1305 1366
3 3362 2237 595
3 4713 1541 75
5 4550 4051 3328 2743 1028
3 2527 1383 3489
2 3465 3933
3 82 3693 3202
2 1949 1090
3 4509 4698 1989
2 833 4499
2 2010 78
2 4773 2596
2 2253 748
2 2343 3279
4 1975 3042 2211 4728
4 2040 4267 4252 2871
2 4806 2756
2 1834 3352
3 3347 3205 2302
3 4009 2194 524
6 2806 1127 3187 3163 2814 4270
3 3498 2835 2990
3 3227 4456 3463
3 2622 3564 4916
3 1425 3142 4072
2 4669 3569
3 858 4672 1935
2 944 517
2 3595 2090
2 19 4653
3 2867 2188 2705
2 1587 4847
2 4940 2539
5 3503 1319 1335 3048 2648
3 3839 380 2574
7 66 3154 2534 4313 790 2878 4228
3 693 2629 543
3 1888 1531 2139
2 4429 3507
3 3664 1431 2965
2 2076 2886
2 813 801
2 1288 2929
3 4656 2188 2170
2 1487 3495
2 4787 3186
2 2472 2776
3 2682 2476 3277
2 962 1835
3 3271 3011 186
2 249 2040
2 3716 3051
3 3191 2964 1931
3 2578 1749 4432
3 4112 2673 4476
2 1686 1273
2 4319 1764
2 3100 2360
4 519 2179 206 1581
2 2692 4922
2 4277 3625
3 42 1333 4319
2 3882 3397
3 159 3173 2767
4 1012 1582 2530 4665
2 609 1250
4 462 4849 2771 4073
3 651 3899 2322
3 203 2367 2820
2 4999 3353
2 2270 4696
3 4613 2708 1812
2 4639 3181
3 4394 2979 1634
2 1592 3746
3 3784 4110 868
2 992 4409
2 2159 2216
2 2573 1787
3 2925 2466 170
2 384 4209
2 1221 389
3 2465 3270 1098
2 3648 3466
3 2541 3724 2785
3 683 2815 3164
2 3497 3490
4 35 1851 1928 2204
3 2649 2781 1611
3 4928 3992 1647
2 4786 4630
3 3725 945 2177
3 3944 4065 1343
3 1266 3162 291
3 2337 1692 2688
2 2531 391
2 3762 867
3 3575 4578 741
2 1630 516
2 59 2696
3 4378 4855 3855
2 63 1993
4 4291 591 4539 571
2 1979 588
3 2548 778 4204
4 1070 2689 1665 170
2 3896 641
2 4313 4346
4 1078 4493 1257 2907
2 1658 1924
2 4137 2304
2 4101 86
2 1562 2946
3 1456 4505 2307
2 4708 1583
2 4892 4870
2 1649 4265
2 225 4795
2 1346 3356
2 2746 3666
3 4410 1439 3370
2 3379 2788
3 2921 4748 1202
3 1121 2062 2526
3 2941 1070 1920
5 98 2209 3745 2636 4090
2 1226 1014
3 4705 4562 3615
3 4858 539 2277
4 713 2174 2676 3606
2 397 3321
2 1684 687
2 523 2361
2 3844 1033
2 3171 3098
4 3012 2919 4866 1918
4 3548 2674 3534 4142
2 4464 2055
2 1482 976
2 1373 3492
2 2145 730
2 3647 827
2 953 1227
2 4365 30
2 3095 1497
2 24 1584
4 4621 2885 4637 3958
2 1283 4268
2 1997 3840
4 2553 2177 1577 4469
3 4986 3816 2240
2 1034 1813
2 1692 4239
2 363 4364
2 2315 2748
2 2123 3645
2 3826 733
2 1695 628
3 2891 4646 4177
2 2675 2141
3 223 4696 2620
2 3737 3225
4 2215 1179 4579 1919
2 3432 3882
3 583 3819 504
2 2075 682
3 3168 4338 2709
2 3732 2342
3 246 4952 1204
2 2530 1304
3 2906 4941 2928
4 882 2492 4209 2240
2 858 3631
2 1971 729
2 859 1952
4 1123 2223 17 2107
2 3455 3044
2 257 1927
2 3163 4137
2 3467 4051
2 1054 3763
2 1670 1669
3 948 2492 3048
2 1729 4458
4 2563 4760 3951 1128
2 2103 769
2 2082 4638
2 3162 342
3 154 4984 1674
3 4321 4046 2320
3 3827 3980 4052
2 2191 2173
2 3328 3568
2 726 618
2 6 4359
3 1660 2575 1921
2 414 3152
2 3666 1508
2 1581 4911
2 1658 1889
3 4146 2933 556
4 2634 3520 632 2026
2 3303 3607
4 303 2881 1161 3727
3 4774 3765 376
4 716 1896 2019 3694
4 351 1672 4483 3011
6 3269 1289 638 1604 4647 2384
3 163 2415 2714
2 4876 2860
3 4066 317 2182
4 2172 3 584 669
2 2454 279
4 539 364 655 3538
2 17 2426
3 2190 4119 3691
3 3383 2696 577
2 2476 1585
3 3430 3759 2993
2 1892 4685
2 3809 705
2 4188 1025
2 4453 2941
2 3965 4518
3 3247 325 4077
3 3605 3141 2545
2 1212 1469
2 1756 4130
2 2092 570
2 95 1881
2 473 3417
2 2208 1053
2 288 2975
2 1498 1265
2 1970 1537
2 3607 3926
2 4028 4056
2 2080 4187
3 3627 4246 3547
3 983 2390 219
2 2116 730
4 1641 4710 1428 1445
2 4976 2563
2 611 279
2 4648 93
2 912 867
4 1378 3395 3450 2399
2 870 4762
3 996 3541 4910
2 2369 748
3 144 2016 1058
3 3102 3714 4763
2 13 1321
2 3896 119
4 2198 3674 3137 3360
2 4003 476
3 2442 2505 2834
4 4427 3536 4205 1703
2 1970 1717
2 3554 2649
4 3312 4353 4175 1072
2 582 4718
5 1138 2169 2747 2124 4131
3 3065 1940 386
2 3961 765
4 2872 4502 1504 3528
5 3093 2526 4863 1707 934
2 136 258
2 2841 3298
2 955 4337
2 4222 3141
3 3464 3836 4842
2 2444 1176
2 3287 4145
5 1142 1870 4446 2992 384
4 3408 3184 4897 4334
3 4839 3998 2222
2 2691 4702
2 1181 37
2 2084 3849
2 2807 393
3 4004 4502 1544
3 3030 2839 4542
4 4428 1721 376 2951
2 4158 4921
2 3792 753
2 1755 4933
2 4699 678
4 1487 1470 193 489
2 1593 819
3 4514 2765 2756
2 962 4563
2 1664 4600
2 1177 1307
3 2618 2230 3576
3 4760 372 1147
5 4056 3894 4903 4755 409
3 4385 412 428
3 208 4170 1584
3 4129 1161 3126
3 2310 4399 49
3 3410 212 3176
2 3171 3692
2 2799 3930
3 3378 860 1419
3 4732 3217 1855
3 1697 1917 1465
2 4053 2436
4 2569 1827 1011 520
3 939 4420 1454
2 2857 3187
4 3871 829 4715 4158
3 2997 2085 2395
2 907 4381
3 2444 1499 915
2 2971 2624
3 1972 4382 4859
2 4290 3637
2 4168 2209
2 264 421
3 3456 685 4099
3 1189 2819 338
3 3914 2475 1839
3 2046 3583 1523
3 592 2155 3758
3 366 1652 1743
4 4743 2762 971 4294
2 1448 680
2 299 572
2 1120 4575
3 4132 4831 4242
3 2564 3822 145
2 161 1510
5 2096 164 3701 706 3967
2 3881 1055
2 4231 3077
2 3298 3071
2 2036 553
2 2297 3846
3 1407 1468 1843
4 4516 471 4426 290
2 3752 779
3 3966 4364 1891
2 4643 2057
3 370 1458 3848
4 1020 3619 3236 2078
3 1468 1560 4633
2 711 2890
3 549 1929 3322
3 4483 3919 2490
3 879 1499 1255
2 9 850
2 4470 3183
3 1684 199 3815
3 4597 1761 3560
2 1415 4342
2 686 462
3 4358 4309 4806
2 2112 1123
3 3437 4667 2982
2 1457 4922
3 2571 156 4801
4 4845 3000 2383 4617
3 3945 1997 2974
2 1269 421
3 759 3932 3614
2 26 1557
3 1325 4913 951
2 1522 3619
2 2815 1606
2 3291 2339
2 4880 3016
2 552 4370
2 2699 4173
2 4044 2323
3 1034 4108 1953
3 520 4661 990
2 4981 937
2 828 3108
2 2569 2770
4 731 4846 3802 704
3 2653 3600 1807
2 4237 1354
2 4886 2
2 1711 1373
2 4114 1678
5 2466 4194 3159 1113 3654
3 4682 2342 886
2 2391 910
2 3405 1932
3 2405 704 1665
3 2079 4173 4299
2 3945 4478
2 4159 3707
2 508 2147
3 1052 3397 787
3 1895 3623 102
3 4781 2321 4091
3 1397 3131 4078
2 4652 4207
4 2100 3763 3672 2938
2 49 801
5 2043 1942 276 1496 4881
4 224 23 2895 4161
5 960 4540 1419 2452 4651
2 3043 476
2 4603 867
2 4607 2386
2 557 1090
2 3972 1631
2 1298 1421
2 3329 3115
3 3347 4909 1022
2 1478 65
2 1559 4230
2 218 4185
2 569 2098
2 2591 4367
4 4560 1981 3795 3420
4 1553 3323 413 3218
2 1995 2838
3 3517 2235 3868
3 1697 1698 1291
3 2431 2560 2929
4 2795 4107 673 3112
3 59 1529 4753
2 576 2723
2 2409 1090
3 2683 4829 2303
5 87 1638 2760 3937 2849
5 4446 1237 4905 1210 333
4 697 1000 3751 4401
4 2805 4141 4900 396
3 1231 4002 1701
3 4223 2397 3058
2 2291 3118
4 4304 2502 3340 2374
2 2458 85
2 3494 2608
3 1539 1125 4473
4 2116 1734 206 3747
2 3146 1529
4 215 667 1478 2852
2 2341 3174
3 1780 4939 1766
2 3666 4717
2 3597 2445
2 3444 2653
3 4253 1335 584
2 3722 2428
3 4713 3284 4372
3 638 3269 2589
3 342 896 2594
2 972 2471
4 2324 863 2896 266
2 2543 1414
2 3940 2745
5 434 2718 1667 4163 903
4 2215 2919 2669 4352
2 1751 4308
2 1971 3183
2 620 2549
2 4064 4978
2 1632 3261
2 3617 2661
4 1256 2410 2968 2457
2 1507 772
3 4233 391 2595
2 1200 1096
2 3993 947
4 3423 612 166 3120
2 3577 3371
2 3008 3414
3 976 3596 4784
3 352 3757 3279
5 268 2727 4686 1068 2285
3 2829 3012 3243
2 1813 1810
2 3571 7
2 492 440
2 2673 4273
3 642 2064 1327
2 110 1160
3 212 4632 382
3 4025 4855 1587
2 2816 2093
3 4627 2756 999
3 2305 3374 3727
3 3930 720 2934
3 4718 3368 2856
2 4736 978
2 2392 4387
4 805 1442 764 477
2 4422 765
2 2436 1779
2 594 2573
2 962 1891
3 2574 1311 4991
3 2904 3433 1720
2 4840 4456
2 310 2225
2 1359 2509
2 4484 1806
2 2502 4672
2 1129 720
3 1329 591 1823
2 830 2724
2 658 4622
3 1914 4004 3339
2 1799 2000
2 4491 536
4 2497 4006 2143 2856
3 2222 1056 4298
2 312 3937
5 4345 2666 744 3530 4471
3 3574 802 3800
2 3100 237
4 1045 3562 1962 2991
2 140 2605
4 1258 1425 2774 3018
2 4565 4990
2 454 4022
3 2253 3037 2248
2 648 2268
2 4727 3754
3 388 4758 709
2 3029 210
2 2167 4165
3 2210 2688 439
2 4118 3215
3 4739 1600 4316
2 1848 1389
2 2094 2092
2 2787 2744
2 1308 4963
2 803 4972
3 526 1754 4471
3 2094 3989 2277
2 4106 732
3 3054 2452 3802
2 762 2208
2 610 4631
3 4004 4144 1627
2 2141 220
3 4788 872 3791
2 1467 4104
2 282 696
2 3245 4652
2 3637 1063
2 921 4786
3 379 3101 1137
2 4944 930
4 508 4053 2469 1080
2 2173 4768
2 4604 2788
4 106 156 138 4554
2 4220 1276
2 4723 2993
3 3447 1701 1476
3 2115 3765 3156
2 4379 3886
2 3280 2269
2 4205 34
2 3222 206
2 654 1570
5 223 3915 476 3596 4640
3 4716 4105 4415
2 1530 4095
2 442 1451
2 3073 2742
2 164 3197
2 3526 2806
2 4445 3576
2 3285 1996
3 3282 1782 1564
2 2068 2761
3 1551 3943 831
3 373 1275 4642
2 1978 1052
2 1361 2574
3 4997 3808 2053
3 4278 3563 320
3 2339 4986 1512
4 2424 4800 540 3174
5 3572 628 2938 4388 1774
3 2757 1725 4526
3 985 3303 3113
3 2478 1770 1597
3 3786 2034 4907
2 64 3288
3 2119 582 3693
4 1092 3266 3331 1328
2 1623 2671
2 1375 1548
4 2495 3147 3050 3482
2 667 2105
4 1263 2750 4524 3863
3 2204 50 3128
3 435 4148 56
3 1065 1095 2418
3 1250 2093 4054
3 3758 551 2034
2 3192 593
2 3587 2798
3 3249 536 1517
3 2262 1699 2345
2 2312 3998
4 4155 1563 3588 4890
4 2956 4269 2641 2364
3 3089 1778 1830
2 4044 1430
2 2052 2056
3 2154 2561 2740
2 32 1704
2 2009 3953
3 698 1373 3354
4 799 1249 4891 3185
2 3253 3401
2 4353 4331
2 3521 1271
2 4598 1477
3 1604 3170 2232
2 4818 2830
2 1379 2983
2 3290 3801
3 4733 224 1973
3 2445 1425 3812
4 257 964 2138 1213
2 3058 4544
2 3213 2845
3 4506 4306 4938
2 3151 564
2 3988 2055
3 3197 2250 1422
5 4876 1844 4109 4352 3832
2 1977 4853
2 2179 2063
3 1906 879 1296
3 2287 4165 1841
3 2207 2121 2265
3 130 2359 2331
3 2324 2263 4936
2 3321 2735
2 4425 2047
