5000 3
2 1705 3546
2 2717 1269
2 1705 2926
1 1705
2 2963 2209
3 1705 2409 1298
2 1705 4644
2 1705 4535
2 39 523
3 655 4219 2994
2 655 4036
2 655 3686
2 655 2965
1 1705
2 1705 4572
3 655 2773 4703
2 655 4276
2 3025 4751
2 1705 1018
2 1705 354
2 655 3348
1 1705
3 1705 741 1652
2 1459 2221
2 3588 350
1 655
3 1705 4071 1545
2 3711 390
1 655
2 3386 917
1 1705
2 1131 3795
3 1705 4909 694
6 655 4233 2287 4888 3252 4492
4 1705 4225 1158 2935
2 655 1940
2 2063 2924
1 1705
1 655
2 655 8
2 4610 1995
1 655
2 648 4814
1 1705
2 4822 3292
2 4433 1902
3 1705 3529 383
1 1705
2 655 206
5 655 3945 358 1040 2939
3 1705 675 1278
2 1705 4772
2 1705 3083
2 655 4265
1 655
2 1917 3697
1 1705
1 1705
3 655 842 4430
2 655 1429
2 1705 584
1 655
1 655
2 1705 4204
2 3699 4650
2 655 891
2 770 501
2 2703 2815
3 1705 1456 4536
3 1705 500 1758
1 1705
1 655
2 1705 2408
3 1705 1607 280
2 1702 4852
2 655 4736
2 1705 3698
3 655 2981 607
1 655
2 655 1616
2 1705 2310
2 1705 3229
2 655 410
2 1597 2547
2 2416 2107
2 1705 1271
3 1705 3790 242
2 745 135
2 2001 1121
2 1705 776
2 2277 4856
2 2956 4038
2 3053 3861
1 655
2 655 4674
1 1705
7 1705 1047 316 1619 4005 611 4329
2 1784 2841
2 1061 1242
2 565 310
2 2193 4964
1 1705
2 2968 760
2 1412 2490
2 655 3655
3 1705 1182 2842
2 1705 1208
6 1705 2060 1777 2414 4377 3059
1 1705
1 1705
2 1705 1098
2 655 4044
2 2416 2872
3 1705 196 4133
1 655
1 655
2 1251 3040
2 1705 3528
2 1404 1303
3 1705 2255 2636
1 655
2 655 384
2 3924 1243
2 545 1690
2 4230 4782
2 1552 2031
2 1705 3285
2 4081 4642
1 655
4 1705 252 1516 4361
2 655 3536
1 1705
1 655
2 1705 3883
2 655 3748
2 1705 87
2 1705 4414
2 3520 4373
2 655 4449
2 4465 2578
2 655 1107
3 1705 4510 1258
1 655
2 1670 557
1 1705
2 3842 635
2 2520 4448
1 1705
2 1705 4002
1 655
2 4713 874
1 655
2 3942 1458
2 3425 3445
1 655
3 655 383 3761
2 1705 313
2 1705 3544
2 2893 4000
2 1705 2616
2 1705 2502
2 655 2974
2 1602 1050
3 1705 2861 2324
1 655
2 1705 2939
2 1705 4326
2 655 4987
1 655
2 655 4089
2 655 3307
1 1705
3 1705 4390 4350
1 655
2 2438 377
1 1705
2 1705 4474
3 1705 2147 1741
2 1264 2173
1 655
2 1705 1827
1 1705
2 1820 1845
2 3463 2328
1 655
3 655 3482 2442
2 4242 1417
2 1705 3378
1 1705
2 1059 3305
2 3726 467
2 1661 3609
2 1705 3661
2 655 3853
3 655 920 970
2 802 3267
2 4109 113
2 1705 3043
1 1705
2 4651 4072
2 1705 727
2 752 1460
2 4809 4957
1 1705
4 655 4972 4137 2304
2 3672 4650
2 48 3051
2 797 3395
4 1705 4217 4254 3172
2 3070 3312
5 655 392 3815 2984 2669
2 1705 2829
2 524 2346
2 3520 2139
2 1705 1017
1 655
2 1941 4001
5 655 2609 609 495 681
3 655 1841 4601
2 1705 2066
3 1705 4004 1041
3 655 2699 642
1 1705
2 447 3951
2 4376 3159
1 1705
2 4941 2359
2 1705 2656
2 1705 3390
2 1515 1270
2 1705 1091
1 655
2 3699 1684
3 655 2903 3729
2 819 2593
2 1705 324
2 1705 3967
2 655 474
2 655 2771
2 1888 2213
2 655 3997
2 521 3486
2 1388 86
1 655
2 4250 4845
2 1483 4056
2 1443 4844
2 655 1509
2 4929 4439
2 855 1060
1 1705
2 1705 2879
2 1058 129
2 2074 4875
2 655 4834
1 655
1 1705
1 655
2 443 2615
1 1705
3 1705 1795 1780
3 655 4968 3009
2 2835 2282
1 1705
2 2732 3907
1 1705
3 1705 4959 4851
1 655
2 655 2409
1 1705
1 1705
2 2386 449
1 655
1 655
2 655 1346
3 1705 4201 2869
3 655 2966 3068
2 4840 904
1 655
2 573 4609
2 2159 73
1 1705
3 655 482 4752
1 1705
2 655 4860
2 1774 404
3 655 897 2256
2 2241 712
2 4961 3477
3 1705 4695 4715
2 655 781
1 655
2 655 1777
2 1268 4583
3 655 1735 4451
2 2483 2068
1 1705
2 655 458
1 1705
3 655 1512 3363
2 1705 3527
2 655 3529
1 1705
2 4102 3690
1 655
3 655 960 3451
2 1705 4830
1 1705
1 655
2 752 4294
5 1705 99 4916 1051 973
2 655 4694
2 1360 2357
2 4154 156
1 655
2 2426 4843
2 4720 96
2 3605 1486
2 1705 2890
2 3316 4940
1 1705
2 1875 1414
1 655
2 505 2283
2 2769 235
2 2577 1234
2 1053 2007
1 655
1 1705
3 1705 786 2953
1 1705
2 4840 397
3 655 4634 4377
2 1673 388
2 447 3300
4 655 4040 1725 2784
2 1579 3455
1 1705
2 3128 2265
2 829 4496
2 3045 407
1 655
3 655 1387 4339
3 1705 4897 1585
1 655
2 497 551
2 655 3321
1 655
1 655
2 893 3834
3 1705 3746 24
2 655 3824
1 655
1 1705
2 938 19
1 655
2 4300 4775
1 655
2 49 862
2 655 2738
2 2002 1121
2 2612 449
3 1705 1514 1109
1 1705
1 655
2 3856 710
3 655 2354 3931
1 1705
1 1705
1 655
2 3433 3294
3 655 2309 1475
2 2472 875
1 655
3 1705 4674 3995
4 655 2158 589 1542
2 2364 2806
2 1705 174
2 655 2190
2 1705 4103
1 655
2 4209 1000
1 1705
2 155 46
2 121 2406
2 4409 981
2 655 3370
1 1705
2 1705 333
2 655 719
3 1705 27 1030
2 1680 4654
2 210 4884
2 4822 3466
1 655
3 1705 2652 4200
2 2938 2497
2 1705 331
1 655
2 1705 2459
2 1577 3643
3 1705 2960 1853
2 810 2838
2 1705 4908
2 1705 285
2 1705 4680
2 1705 2761
4 1705 696 340 4419
3 1705 3325 572
2 4206 3754
2 82 507
2 1705 490
1 655
2 616 2671
2 3577 815
2 4633 450
1 655
2 1981 911
2 1515 3787
1 655
2 1984 4650
1 1705
2 1164 2007
3 655 2170 4512
2 4234 1468
2 1705 2163
2 655 3702
1 655
2 2364 4182
1 655
3 655 2462 2227
3 1705 1606 4577
2 3622 4347
1 655
1 655
2 1891 4795
2 1705 1798
2 1705 3190
2 3819 4038
2 2921 941
2 655 1309
1 1705
1 1705
3 655 3576 258
1 655
1 1705
2 2026 4723
3 655 334 223
2 3494 3567
4 1705 361 271 3868
3 1705 415 3375
1 655
2 2367 803
2 655 2124
2 1621 765
2 887 4136
2 4041 4457
2 1705 1543
2 297 4397
2 1705 1170
2 4962 1111
2 3672 2418
1 1705
2 4122 4259
2 1705 834
1 655
2 4102 3645
3 1705 190 4658
2 3037 1959
2 4456 1843
2 1705 3946
1 1705
1 1705
1 1705
2 237 1988
2 655 2581
2 527 4966
2 4686 1642
2 1628 2777
1 655
4 655 1022 2466 3269
1 1705
2 282 3530
1 1705
3 1705 4722 1934
3 655 559 2222
1 1705
3 1705 4580 4312
2 4143 816
1 655
2 1012 411
1 655
2 4381 1004
2 1602 1025
4 655 1205 1998 1937
2 217 1154
2 1705 2885
4 655 2967 2545 345
1 655
1 655
2 2864 69
2 1705 66
2 1658 1048
1 655
3 1705 4007 3559
3 655 323 975
1 655
2 1705 410
1 1705
2 655 1620
2 1705 2903
2 2017 551
3 655 2934 1267
4 655 2414 1194 3946
1 655
1 655
1 1705
1 1705
1 655
3 655 4707 3626
2 2912 3984
2 655 241
3 655 1737 4919
3 1705 3838 8
2 655 212
2 2886 913
4 1705 4707 769 4167
2 655 476
2 1705 4673
3 1705 3166 2771
3 1705 1340 2140
2 655 1493
2 1705 2267
2 4497 2376
2 1994 3854
2 1565 1610
2 3999 4811
1 655
2 3443 3737
2 2972 4034
1 1705
1 655
2 3097 2995
2 655 3701
2 1705 3655
3 655 3948 123
3 1705 895 2475
1 1705
2 4274 924
2 2024 1333
2 655 2232
3 1705 511 345
2 655 795
2 655 1203
1 1705
2 748 2215
2 655 4890
2 1705 143
1 655
2 485 712
4 655 2299 3290 2451
1 655
2 893 2908
2 655 3662
2 1637 2209
5 655 741 99 4326 4098
3 1705 4117 2368
1 1705
2 2895 2973
2 3724 4318
3 655 2775 2324
1 655
2 2438 408
4 655 279 3797 1904
2 655 2089
1 1705
2 1705 4512
2 4140 1953
2 655 3890
4 1705 3823 3441 1867
1 655
2 2148 1186
4 655 899 2504 3912
2 655 1614
2 3767 60
2 3622 812
2 3056 2237
2 4288 2575
2 655 1761
2 375 4787
1 655
2 2684 4965
2 3977 4240
2 2498 2355
3 1705 3357 4098
2 1705 656
2 1705 921
1 1705
4 1705 4475 636 1567
2 655 4925
1 655
2 3470 4216
3 1705 3060 3216
2 1705 1056
2 3231 1255
2 622 756
2 655 4645
2 77 634
2 655 4311
2 217 4020
1 655
2 3170 96
2 4131 3783
5 1705 3866 3788 3770 861
2 1482 2629
2 1705 1499
3 655 1859 413
2 1705 4264
2 655 950
2 1734 3563
1 655
2 1705 3269
3 655 605 1647
4 655 1245 4553 3650
3 655 1323 1586
2 655 636
4 1705 2981 2560 1747
2 4253 3584
2 1705 3182
2 2026 3462
2 3026 1282
1 655
1 1705
1 1705
3 1705 1550 607
2 1705 145
2 625 598
1 655
2 655 817
3 655 2871 2792
1 655
1 655
2 221 3933
2 3968 2852
2 1705 2385
2 1705 1107
3 1705 4748 3980
2 2171 4016
3 655 784 42
2 1705 3537
2 1705 4257
1 655
2 4481 2279
2 2638 3198
1 655
1667 2587 2216 1099 2541 4057 2142 1739 231 4342 561 2851 93 1753 518 1144 4954 4953 1576 4319 2508 3400 3090 2987 790 1138 1820 453 3254 3342 915 4399 3548 4236 983 4552 3298 1806 1548 3612 571 1277 3479 2041 3735 138 3906 1983 1311 3765 3678 515 1338 4686 1632 2938 4218 3115 938 185 1828 4174 2989 2825 4145 545 3066 1812 4880 3673 3672 2527 1994 3676 4731 3724 2138 2437 1784 778 1292 3842 357 2697 3135 104 2021 3098 522 2464 1680 2755 982 651 3105 4929 233 3431 1746 4126 1792 4949 912 2472 3742 1941 3231 2726 2520 1374 3873 2534 2484 2126 3314 2349 1874 3085 291 1299 4322 284 4531 3847 444 3977 273 2856 654 2702 2997 4301 1625 3310 1519 531 2540 3810 111 1433 4515 121 641 3596 3056 3928 1962 1352 272 3388 725 2353 3297 4999 4299 527 1581 1438 3594 1441 4482 4742 1327 805 1803 2584 2114 2517 3871 3959 3771 1863 170 3627 3244 3323 16 1077 2972 3428 140 2846 1272 3227 243 2525 717 4214 2027 3711 1592 2386 844 2958 1483 3174 4850 1686 1248 3879 3355 3443 1645 4420 2600 3605 149 783 1721 2097 1448 1883 728 1404 4468 3050 678 3923 622 1732 2378 2795 3082 4616 2053 3968 2450 1773 1380 4824 2769 2002 4378 2373 2152 722 4252 514 2941 1762 940 1228 3845 3183 763 3721 3362 1381 342 2478 1840 2453 2022 2583 715 475 3591 3025 33 2597 1334 2219 1318 2747 4069 4234 1888 3008 1169 3601 1950 711 2483 3901 3681 2322 837 3032 4060 3796 3622 1790 2367 2225 2496 1897 2064 1274 3397 4052 4548 1021 3316 1437 1896 4122 788 1132 4493 3509 2858 2506 423 59 1869 3671 1630 2461 4013 2471 4029 1310 4140 3149 2943 204 3270 3999 194 134 1852 3168 4077 2684 2759 2079 1650 1445 811 1628 503 4689 558 2653 2286 2849 1131 3104 1656 2617 1873 3291 2321 3470 927 3192 513 1557 4434 3386 670 4109 1756 28 3006 4636 3942 3391 3078 2078 4599 2752 308 1673 1094 3947 4903 666 4310 1952 1980 3519 2352 2666 2723 966 1136 1573 994 2827 537 4621 1335 1538 3365 1301 2161 3250 3895 4922 947 2171 4859 1734 3850 4533 800 3478 4497 2932 838 3154 4194 2092 1917 3799 4562 3304 1968 3346 4327 4628 4801 3490 1370 1073 4472 2718 4858 1927 4464 485 3223 3235 3589 4070 2819 1189 3141 4180 2955 748 3811 2201 1653 1276 4596 2149 4380 3332 4613 3894 4424 4076 3360 1726 885 1972 791 2857 49 3239 553 341 2836 2610 1434 1731 4979 3336 4135 2808 155 1264 3725 2891 4099 53 1768 2394 2315 4490 4129 4637 347 128 35 1481 797 301 1016 3575 2835 936 3003 4047 3555 4237 3328 1526 440 2526 3767 2193 193 3550 3450 3404 706 2424 3917 2557 173 257 447 4440 3485 1770 2063 3260 1344 3401 2711 1918 1371 2268 412 1736 4786 4143 1386 1602 3403 1119 3949 4927 1862 1611 2252 4667 4877 4747 3489 4713 2961 1224 746 3814 2637 556 4920 2081 2123 4425 1947 434 4144 1860 2074 3897 3151 4032 583 1049 1875 3315 4279 4518 2364 580 3881 2847 3758 3418 2677 1944 142 3960 2623 4606 3130 2099 4320 2686 3379 3611 770 506 1949 2866 2559 1005 2763 4364 4935 3769 346 3318 2422 443 4549 745 4902 2639 2641 747 697 2537 1981 4028 3632 1058 1979 998 1319 848 2084 4663 2680 3034 1459 4428 4230 2332 344 2519 378 4263 2401 599 3433 3902 3656 4343 4081 1401 1776 713 1560 2476 2745 2990 4238 1089 620 3812 4872 524 348 4524 588 2277 935 4593 4183 700 2911 2794 2052 1074 2703 2498 2655 1102 4974 2902 1078 761 624 1377 1385 3094 479 1991 3648 2479 4641 2608 3438 3877 3070 2988 3128 3699 4332 154 3480 4394 4444 1809 1108 1623 3884 292 3965 3210 2968 4861 4393 2535 638 3200 2200 359 4546 4226 218 3306 3520 371 1365 1061 4165 4791 1498 3384 4443 2001 12 2742 926 859 1345 4149 4215 4538 2030 2428 4209 2272 2878 78 71 290 640 2843 4829 4643 2539 2195 1159 3913 4374 3071 2830 1969 2650 1307 1027 132 115 1931 1284 1987 1427 4728 3195 4849 2992 1553 679 1621 4381 916 2940 3127 4337 1200 3766 3350 1210 1911 3684 4465 550 3549 1020 639 1565 869 2553 1256 1877 2218 4605 4855 541 2770 749 3463 4246 2426 1872 4980 2438 543 4408 168 3798 2360 724 3011 4220 4288 688 3778 3712 94 2996 2480 3281 3089 2350 2601 4244 3738 1861 1029 753 3664 4206 3014 835 4231 4481 2682 1702 1157 1416 3792 221 3674 3091 3406 2206 3680 351 4685 4678 951 77 4863 4048 4379 3588 2612 1835 2083 3272 1816 41 3776 167 1900 1683 3639 3786 217 2832 3918 2963 3053 850 672 3886 857 3426 578 1891 278 286 680 4157 3577 419 4085 497 4841 3164 3624 1283 4446 2737 3804 4990 1825 905 2131 4984 210 2086 4053 4865 3061 4983 1420 2102 4836 871 2416 3582 509 3491 3456 3373 2389 2736 1375 3858 489 962 2647 4239 2269 3836 2194 1909 3116 267 3940 247 282 4321 3087 4300 1605 1772 1502 4035 2727 3986 2202 2055 2024 1566 3240 2528 1957 1836 2043 1265 3010 2632 433 1059 2758 2823 2685 2705 2607 1080 2713 3856 1413 2864 3377 4633 4008 9 2822 1945 4138 1106 3351 2692 4456 4584 757 665 75 754 237 1174 1582 322 4971 2176 2561 299 1212 2375 2117 3187 2613 3927 375 1914 1694 3131 1757 3026 1454 2465 1774 4904 1070 3219 3213 2566 4559 394 1660 1421 3665 2895 240 3640 1389 3494 2898 2596 2660 829 1691 3603 4172 4783 1294 2991 1241 4351 1504 1524 4603 4153 1588 3156 995 618 682 4619 274 4466 2293 1951 1597 2244 4854 3237 4711 1492 3045 3023 2096 3448 606 255 4774 744 39 304 3730 1215 3296 4815 58 1521 169 1657 2128 1034 999 2881 1589 1268 1172 2876 3718 3256 1534 3165 4962 10 2405 4041 625 2577 1706 3046 3955 114 552 2756 4459 1227 2734 1443 1142 4088 2397 967 1075 4708 4151 1081 3859 1701 4427 4285 1766 4025 3914 1464 2305 451 4982 3566 1036 491 2625 161 2164 3021 2790 1425 314 498 955 3888 2722 4283 1846 855 1727 1145 2562 4961 4267 4905 3308 3534 1786 429 608 2899 3543 1975 1093 2184 1439 2236 1011 1291 499 3425 565 822 1935 4413 4887 1185 369 1164 1130 238 2729 1536 3436 62 959 3924 2344 4489 4262 3117 1814 3809 1577 65 4396 3330 893 2259 38 386 2848 2884 1714 4914 802 3950 1661 380 4998 896 1922 2633 2136 1505 4400 1057 839 2358 512 2913 3435 4243 3569 4296 932 79 2495 3503 268 3449 416 2887 3042 3208 1165 1251 4415 4031 737 4651 3751 4107 3236 2388 1626 4139 4250 4410 4739 2048 1426 2638 4127 2694 873 4323 4193 4660 4664 1222 1476 4766 887 3714 2952 2925 2907 3359 3501 658 1507 1679 4392 4930 2384 2026 3474 332 3488 61 823 3258 1954 826 2455 521 3553 2429 3189 1696 3542 389 2311 1955 164 4878 623 4274 2204 4810 2391 1114 48 3983 3440 4112 4154 2586 2449 15 1446 3693 964 4498 3599 3952 427 2621 1564 1399 3163 3097 480 1470 1960 4527 4746 687 3170 1042 2661 1012 1552 4114 2103 2177 4344 1899 2034 978 2088 261 4649 4470 3819 1670 2067 1617 130 1296 4181 2017 3598 4291 4937 3073 3137 4330 1129 4316 120 3704 3910 311 4720 4091 4537 1376 4617 3005 752 4945 2712 3979 4242 3703 4780 1808 3268 1738 3498 4789 574 11 1403 4822 1053 3644 2011 2804 2210 2180 494 2100 1796 1658 4672 4626 810 305 294 2400 2942 775 3376 2664 3736 3221 3037 4196 1742 2023 4202 2415 2810 2444 4941 1471 4931 4803 610 3065 505 1713 4809 590 1407 4625 3271 573 4769 2463 4487 600 4840 4253 1357 3432 2241 3863 2488 3504 2127 1163 4767 4461 4508 2893 878 1275 660 2379 1103 4376 4923 4821 1139 215 3835 3102 818 1719 3033 3726 657 1362 1929 426 4068 1206 2793 1336 2377 4409 2313 1405 1412 3139 2482 4635 2050 2717 2916 3402 2626 3755 1197 2630 2046 1262 4385 2262 3876 4648 1112 560 1350 2141 2148 465 2917 2395 335 4050 2949 2245 2226 4033 1598 866 1637 707 1496 2032 1977 2732 4785 82 1244 1482 4610 3047 327 3779 4688 2580 1984 4131 2646 3840 3492 2487 1948 4892 4155 860 4808 276 1579 179 2494 4995 819 1599 373 1572 4765 4433 985 4820 3148 648 3646 1360 1749 3035 4384 4952 4669 582 2013 1664 3481 2839 563 3417 254 4369 4030 637 430 1547 1463 1864 2028 2768 2622 3487 972 2296 3978 1787 3926 1506 2331 2811 3381 519 355 2920 4504 1672 2339 4831 4590 3818 1743 2159 3828 4469 4483 3585 3806 1167 151 664 3941 2130 2420 4943 787 2110 2657 1390 3554 3896 1515 364 4478 616 2889 2833 2886 4277 3992 662 3133 3076 4365 3581 1921 3471 1152 4670 54 2362 4173 2921 884 184 398 1729 2986 1388 1985 3740 3320 708 297 3526 3301 3203 1733 3870 4325 4295 2077 25 3413 366 570 4996 1752 3311 1240 1644 631 2469 4421 4698 1764 1450 4896 1525 4266 1382 2912 1315 4525 2563 4921 1837 2956 963 3966 3374 352 4976 4306 3694 1219 3414 1682 4064 3261 3710 20 3682 1069 4102 2977 3224 3620
2 2758 595
2 655 1116
2 655 4314
3 1705 750 1356
3 655 4201 1635
2 749 3610
1 655
2 2067 3248
2 655 2051
1 655
5 655 3830 3125 2746 2865
2 4127 3111
2 1705 2783
2 4267 1225
2 655 1056
2 1705 1014
1 655
2 1705 4014
2 1705 2976
2 2839 50
2 1729 1636
2 4378 1198
1 655
3 655 3630 4574
1 655
2 217 814
1 655
2 1099 1805
2 3045 2489
2 1660 3645
1 1705
3 655 4777 4349
2 655 1910
2 1705 1760
2 1705 3002
2 2537 1006
5 1705 4587 4463 2365 3821
1 1705
2 2478 32
2 1265 1767
2 3818 407
2 655 3841
2 1705 1267
3 1705 2425 3186
1 655
2 4808 1640
2 2839 3031
2 3786 3288
2 2148 2645
2 1705 795
2 655 1199
1 655
2 655 3506
2 1705 977
2 1705 365
2 655 2174
4 1705 287 3506 559
2 655 4691
2 4472 1805
1 655
2 1049 3669
3 655 2719 2118
1 1705
2 389 2709
1 1705
4 1705 3864 3535 3144
3 655 2390 3146
2 4584 4682
1 655
1 655
2 848 2119
2 1630 200
2 655 3559
2 3778 2558
2 1653 1451
2 936 3013
4 1705 3568 2318 3572
1 1705
2 3680 4569
2 4427 2421
1 1705
2 655 2065
2 3478 1243
2 1705 4834
2 4921 4729
2 565 22
2 1705 1501
2 4952 4906
1 655
2 655 87
2 655 4967
3 655 2616 923
3 655 1342 555
2 655 661
2 2395 659
2 1336 2345
3 655 309 201
1 655
1 655
1 1705
2 1705 605
3 655 3464 4014
2 1705 3839
2 1705 2294
4 1705 2044 102 4260
1 655
2 1094 1671
2 655 3993
1 1705
3 1705 4768 454
2 2988 1141
1 1705
1 1705
2 3509 526
4 655 2393 3375 66
2 783 3565
2 1756 1395
2 4434 2270
2 1955 1395
3 655 3743 2944
2 2011 89
1 1705
4 655 3764 879 3067
2 2808 1048
2 1352 1095
2 290 1084
3 1705 3442 2948
3 655 2786 771
2 648 4136
2 1705 3015
2 3485 329
2 655 1122
2 655 4716
1 1705
1 655
1 655
2 2201 851
2 3492 3929
2 1705 1147
2 552 705
2 3714 2076
3 655 207 3875
1 1705
1 1705
2 655 4391
1 1705
3 655 195 2812
2 1705 452
2 2705 4516
3 655 3661 4681
2 1705 3274
3 1705 4406 2521
2 1753 1273
2 3554 2452
4 655 1624 2145 402
1 655
3 1705 585 3832
2 915 1033
3 1705 4228 681
4 1705 414 1544 3321
8 1705 488 2093 3826 1245 3893 1128 2572
2 638 889
4 655 1518 4578 1692
3 655 2253 234
2 2752 4699
2 1664 1541
2 655 2735
2 655 1844
2 1705 4313
2 1597 3663
1 655
1 1705
2 2893 1866
2 655 339
1 1705
2 4322 1279
2 4887 2643
1 1705
2 4209 464
2 655 2475
2 3671 3722
2 655 3175
1 655
1 655
2 2046 3126
2 4637 3846
2 58 3663
2 2745 3465
3 655 4897 4313
2 4549 4038
2 3192 4104
2 2378 1558
2 655 726
2 940 2278
2 655 1358
2 1705 792
2 3726 4074
2 4493 1239
3 1705 3184 2551
2 655 249
2 1705 1831
4 655 2254 4454 3427
2 1705 980
2 655 1919
1 655
2 3037 613
2 1705 358
1 1705
2 1705 3220
3 1705 4900 3969
2 655 2285
2 1705 2466
2 2426 2710
3 655 4597 3709
2 2097 908
1 655
3 1705 4969 1342
2 655 4895
2 1705 150
3 1705 2275 372
2 1705 2967
1 1705
5 655 4254 2365 3059 1763
2 778 4110
2 2943 4864
2 2864 4964
2 1441 2430
2 3828 3744
1 655
1 655
2 2400 4467
4 655 455 1128 1211
3 1705 4233 1555
2 1705 817
2 1705 4743
2 65 1396
1 1705
4 655 2163 349 562
1 1705
2 4527 546
2 655 1320
2 286 2709
1 1705
2 582 2307
2 1197 1373
2 2055 4647
2 1814 1171
2 3014 3057
2 1705 277
1 655
2 1705 3193
3 1705 3993 2927
3 1705 4936 870
1 1705
2 4443 2979
2 1705 417
3 655 3182 2423
2 1705 525
2 4064 1270
3 655 813 3019
1 655
4 1705 1748 29 3179
3 1705 3713 1071
4 1705 2327 1467 1568
2 194 1833
2 2391 596
1 1705
2 747 3054
3 1705 1391 548
3 1705 1478 4735
1 655
1 655
1 1705
2 1705 2258
1 1705
2 4808 3466
2 655 2740
2 1705 4358
2 1705 2668
3 655 2914 4371
2 655 731
2 3443 4178
4 655 1871 1151 354
2 1929 1804
3 655 1226 849
2 1705 439
1 1705
2 2131 1819
2 1390 2614
2 1705 3908
2 1705 2169
3 655 1182 1105
1 1705
2 3501 1186
2 618 1681
1 655
1 1705
1 1705
2 3231 2260
1 655
2 1705 4975
2 4379 1201
2 3025 3533
1 655
2 305 3887
2 4821 3022
4 655 2205 3216 1744
3 655 1383 2904
1 655
2 1705 4967
1 655
1 655
2 2028 1207
1 1705
2 194 3706
2 2727 2815
1 655
2 3870 310
2 1705 2855
2 505 1703
2 3014 1068
2 1404 709
1 655
2 4031 1759
2 4829 858
3 1705 385 3753
2 655 2147
2 655 1652
1 1705
2 655 2515
2 3960 2234
2 1705 1919
2 2653 4754
2 3835 3225
1 1705
3 1705 4657 4093
2 4262 1303
2 4149 2689
1 655
2 655 3679
1 1705
2 3598 3849
5 655 3088 1967 2044 2486
4 655 1221 2325 1555
3 1705 2229 381
2 1705 3686
1 1705
2 2639 2570
3 1705 4568 492
2 655 4970
2 1705 691
2 4626 1600
2 2052 4146
2 4742 2505
2 3151 2282
2 655 2761
3 655 490 4918
2 1705 3780
2 3298 671
2 1705 4934
1 655
2 2426 214
2 2660 18
1 1705
2 655 2523
1 655
2 480 4989
2 1705 1865
2 4365 3970
4 1705 2410 493 2673
1 1705
1 655
3 1705 4528 3576
1 655
2 4267 390
1 1705
2 1705 3507
4 1705 2150 4694 813
1 655
2 4664 4684
2 655 3325
1 1705
1 1705
3 1705 3805 3916
2 49 2183
2 4921 220
2 655 4709
2 1077 1532
2 1174 4569
1 1705
2 2622 4405
2 2353 96
5 1705 779 4431 502 4522
2 655 716
3 1705 3597 162
2 4076 310
2 3735 3331
2 655 326
2 2026 4189
2 4537 4259
2 670 603
1 655
2 655 252
2 655 189
2 1705 249
3 655 4213 98
3 1705 3772 4871
2 1224 4926
2 1445 2289
1 1705
2 1705 4164
1 1705
4 1705 4614 976 4278
5 655 4748 2672 1313 2491
1 655
2 3450 918
2 2795 4675
2 655 3908
3 655 4994 3862
3 655 2521 1750
2 4905 2260
3 655 1043 4761
1 655
1 1705
1 655
2 655 4207
2 2718 4175
2 2194 4232
4 1705 4924 781 4357
3 1705 3036 1512
1 1705
1 1705
1 1705
1 655
2 4183 4957
2 1525 230
2 1705 1936
2 655 3234
3 655 3925 762
2 1705 780
1 1705
3 1705 2054 2740
2 4091 110
2 655 683
3 1705 4788 1932
1 1705
3 655 2556 3770
1 655
2 1914 1569
2 947 3722
1 655
2 140 645
2 655 1133
2 2525 362
2 3895 2993
3 1705 460 4985
3 655 2157 2239
3 1705 3484 2035
2 655 1939
1 1705
2 657 3275
2 1705 1187
2 1705 4484
1 655
2 1705 1508
5 1705 2248 4284 360 88
2 787 3445
2 3894 1575
2 4172 2398
3 1705 4095 3634
2 1621 2233
2 1705 4423
2 887 816
1 655
1 655
2 655 31
2 655 4717
2 1108 4227
2 2712 3991
1 1705
1 655
1 1705
3 655 2361 2502
1 655
2 1705 4874
3 1705 4272 766
3 655 3808 2318
2 3046 3455
1 655
1 655
2 3308 4386
2 1264 794
1 1705
2 2127 2614
2 3219 4405
2 938 2431
2 655 4804
3 1705 2556 4819
6 1705 3892 2746 4839 495 3654
2 3078 3642
2 1705 4451
3 655 2267 3803
2 2130 34
2 655 3746
2 4068 2091
2 1705 2366
3 1705 2854 2440
1 655
3 655 422 2636
2 655 1223
1 1705
2 655 3816
2 4332 4340
2 655 3547
2 3397 459
2 1705 902
2 655 4484
2 3682 1435
2 655 1044
1 1705
3 1705 3464 2757
2 2201 3829
1 1705
2 1705 3844
2 1705 2151
1 1705
2 947 105
2 1749 1848
2 1705 4712
1 655
3 1705 949 581
2 2650 1117
2 4135 1395
5 655 2801 4690 3980 2329
1 1705
2 1705 2665
1 1705
2 1705 3009
2 513 2548
2 3566 4477
1 1705
5 655 3987 3015 900 4270
3 1705 677 4363
2 706 1906
1 655
3 1705 957 1328
2 1787 4675
2 553 3077
2 3520 4582
2 494 4778
3 655 4867 2998
3 1705 968 2198
2 1679 106
2 1705 3093
3 655 2765 1978
2 887 1920
3 655 1253 2192
3 1705 4261 4988
2 1705 1716
3 655 1220 4819
2 1705 2877
2 2030 1308
2 4663 3477
2 655 2567
2 1215 2307
2 999 2518
2 655 4530
2 1165 1695
2 655 1063
2 1705 669
2 940 3147
3 655 4704 3705
1 655
2 1714 2603
3 1705 2080 2789
2 1705 4910
4 1705 3121 4918 3467
2 1705 3760
2 1705 325
2 4299 3584
2 2128 4223
1 1705
3 1705 2982 2174
3 1705 853 4213
2 655 4171
2 655 1783
2 1705 98
3 1705 122 738
2 655 3140
2 623 816
2 2472 1354
1 1705
1 655
2 2956 3854
2 2159 1596
3 655 116 2146
1 1705
2 1212 1801
1 1705
2 1705 604
2 655 3562
1 1705
2 3104 141
2 1463 3394
1 1705
1 1705
1 655
1 1705
4 655 4463 178 1147
2 655 695
2 1445 2964
2 512 698
4 655 293 3289 2427
4 1705 1 4241 4430
4 1705 914 2393 229
2 2943 85
4 655 2754 2859 3608
3 1705 808 4745
2 655 1585
4 655 4624 4195 2314
1 655
3 655 4015 1999
2 2955 50
2 1705 831
1 1705
1 1705
2 1705 630
2 655 2445
2 655 2757
2 4648 1942
2 1705 4353
1 1705
2 1705 3259
1 1705
2 2313 4907
2 655 2066
1 655
2 3050 1855
2 655 3995
2 1770 1562
1 655
4 1705 3206 1647 4797
2 3738 5
1 655
2 1705 3246
1 655
2 3914 1591
3 1705 118 992
3 1705 4221 2222
3 1705 4690 4207
1 1705
2 655 1391
2 1705 1217
2 440 1667
2 655 2708
2 655 2779
3 1705 3392 1998
2 1069 2611
2 2804 1584
3 655 4696 4755
2 2373 2568
2 2692 4132
3 655 3367 2863
1 655
2 896 3909
2 2847 3629
1 1705
2 624 3602
2 1705 3018
1 1705
2 1705 4383
1 655
2 4815 1201
2 1705 3623
2 1911 4216
1 1705
3 1705 3733 3982
2 1705 549
1 655
1 655
2 655 751
3 1705 3178 4298
2 655 4874
2 4865 3757
2 4215 530
1 1705
2 748 872
2 1897 4199
2 655 2448
2 655 1754
2 274 3477
2 3828 4964
3 1705 3282 4784
2 1705 3608
1 655
2 2938 4065
3 655 780 2481
1 1705
4 1705 2105 1246 4195
1 1705
2 1416 659
2 655 4556
2 850 3741
1 1705
3 655 312 2047
2 3413 2302
2 655 4738
2 1749 3455
2 3549 4467
1 655
1 1705
3 1705 1624 4039
2 2666 4751
3 1705 2208 4105
1 655
2 655 4876
2 1630 1810
3 1705 1879 900
2 655 1794
1 655
1 655
2 655 3668
3 1705 2515 2690
2 1792 2629
4 655 1793 3412 3293
1 655
4 655 1510 3179 2085
2 963 2402
3 1705 1583 4539
3 655 4412 4049
1 655
2 342 4452
2 655 242
1 655
2 655 944
2 1307 924
2 1705 4080
1 1705
1 1705
5 1705 1603 772 774 1188
2 1705 891
1 1705
1 1705
1 655
2 3342 2447
2 655 2320
2 1773 4328
2 655 1473
4 655 118 977 2470
3 655 4705 3689
1 1705
2 655 2439
1 1705
1 1705
2 1816 1698
2 2482 4100
2 655 103
1 655
2 1705 321
1 1705
3 655 4106 1356
3 1705 3497 186
2 4291 3074
3 1705 2120 3747
1 655
2 655 4939
1 1705
2 3128 4883
2 3550 2289
1 655
1 655
1 655
2 3876 3108
2 59 4632
1 1705
1 1705
1 1705
3 655 3264 3935
2 655 4055
2 1705 1173
1 1705
1 655
2 655 2199
4 655 4407 4828 2369
1 1705
2 655 882
1 1705
2 655 246
2 1705 2185
3 655 1266 1064
1 655
2 1705 2442
2 655 4248
2 1705 4703
1 655
2 1705 730
2 1705 4219
2 4995 2725
1 655
2 1705 2809
2 3704 68
1 1705
3 1705 3459 152
5 655 23 2150 2665 4528
2 1705 201
1 1705
1 1705
3 655 1259 2169
2 655 4006
2 2176 3075
1 1705
2 3450 919
3 1705 2904 424
2 1705 2598
3 655 3430 3621
2 655 4522
2 3237 2937
2 1403 4259
2 3589 3486
2 371 1575
1 655
2 1705 4454
2 1803 925
1 1705
3 1705 4311 4804
2 655 3974
3 655 614 1901
2 655 245
2 1705 2451
1 1705
2 1705 317
2 3914 2614
2 1705 3030
2 3359 2645
2 1705 2743
2 1705 2301
1 655
2 531 3457
1 1705
2 1705 4027
1 655
1 1705
1 655
2 1883 615
2 1705 4912
2 3767 742
1 655
2 1705 2133
3 655 4225 2433
3 655 1879 2513
1 655
4 655 3442 2080 4133
2 2833 1120
2 247 4398
2 1382 3688
2 2077 2402
2 299 1085
2 1705 4058
2 4635 362
5 655 4557 418 2927 229
2 2030 129
1 1705
2 818 1642
2 655 2560
1 1705
1 655
2 2804 2671
2 2913 2454
1 655
4 655 1091 1663 2842
1 655
2 2586 1631
1 1705
2 1557 3353
3 1705 4812 3905
1 1705
2 1705 1043
2 1705 2532
1 655
1 1705
2 655 2982
2 2453 1740
1 655
1 1705
2 2386 4341
2 1705 821
2 375 2873
2 2810 457
2 3554 815
2 2055 26
1 1705
3 655 4513 4268
1 655
2 1729 2873
2 1950 634
4 1705 4026 4779 1587
3 655 125 3659
1 655
2 3417 3345
2 999 888
3 1705 2326 2698
2 655 1529
2 1705 847
1 1705
1 655
2 3478 3333
3 1705 1295 4492
2 1705 3482
1 655
2 655 535
1 655
2 3726 598
2 3085 919
2 1705 1104
1 1705
2 4421 4090
1 655
1 655
2 2086 3854
3 1705 1123 1475
3 655 3279 1827
4 655 2208 4245 400
1 1705
2 655 336
1 1705
1 655
1 655
2 2539 1384
2 1705 1314
2 1274 343
2 624 3744
2 2992 1551
3 655 2396 2572
2 655 3593
2 1705 2217
2 1705 1302
2 655 2057
2 3435 3667
1 1705
2 3316 4733
2 1705 1250
5 655 3119 83 825 3138
1 655
1 655
3 1705 3389 1007
2 4031 3807
3 655 493 162
2 3436 1395
2 3417 2300
1 655
2 1828 431
2 2195 73
2 3873 4960
2 3718 3510
2 1705 535
1 655
2 4031 4020
1 1705
2 583 4001
2 1705 2085
2 79 2452
1 655
2 4927 4227
2 3342 96
2 509 1822
3 655 454 1126
1 1705
2 655 4353
2 810 1367
2 655 2338
2 655 3493
2 1705 4505
3 655 4436 478
1 1705
3 655 1372 727
4 1705 3337 1527 3286
1 655
2 3591 3521
1 1705
2 660 3610
2 1705 676
4 655 3540 4258 564
1 1705
2 4029 4305
3 1705 1892 701
2 1705 1839
5 1705 477 1518 2427 2207
2 3254 2802
1 655
1 655
2 1705 3935
2 622 1297
1 1705
1 1705
1 655
1 1705
2 983 22
3 655 730 1755
2 2245 2165
1 1705
1 655
1 655
2 655 502
2 1705 2618
3 655 3825 685
2 655 191
2 1705 4798
2 1525 4794
3 655 821 3749
2 1705 4509
1 1705
3 1705 1309 3385
2 1705 3972
2 4456 4978
4 655 3229 143 4315
3 1705 4184 762
4 655 4302 3357 2658
2 655 333
1 1705
2 1705 4653
2 1705 4704
2 1705 4732
2 2032 1971
3 655 1208 2844
2 655 391
2 1705 950
2 655 3756
2 655 2772
3 1705 232 1870
2 3928 2599
2 655 3774
1 1705
1 1705
2 1705 3837
2 1705 123
2 655 3821
2 818 4086
1 1705
2 655 3339
2 1705 1223
1 655
1 1705
2 1705 1410
2 4173 4458
2 1705 2485
1 655
4 655 3998 74 4745
3 1705 4224 975
2 4443 4516
1665 2645 4024 34 4370 922 1575 135 2076 898 1354 4770 4118 3 1491 2969 4771 736 2042 3936 425 2025 3280 4792 1417 483 1065 2594 1398 4652 4607 3273 1232 2782 1804 2072 3120 1101 1769 4730 602 3861 4018 764 1946 2473 4725 1050 3920 4692 4622 2167 4447 1636 2280 108 1198 4216 1665 283 4452 2144 3077 1436 2251 644 3226 406 159 2803 4333 2499 81 2931 2005 3215 1033 1684 3696 486 2896 1341 4753 650 1788 3975 4065 721 2774 2107 3395 2872 4083 526 827 1175 2959 877 4001 1039 4729 1802 3409 110 4630 250 2578 4632 2434 2905 3514 4844 2004 2629 4104 1303 4891 4838 4659 47 4687 4251 733 4186 2432 1286 1013 1280 928 129 4882 4948 3454 4097 3054 4661 1369 2213 3556 1675 1532 1209 1646 794 198 598 1281 1818 2744 4473 3069 1688 300 941 4341 2716 3653 3637 4074 4439 1971 3110 2979 4119 1677 2611 200 3660 3787 3720 892 3848 1689 1460 180 1578 3937 3004 632 2788 3249 1942 1570 1810 3423 540 4778 1216 2071 136 307 996 4514 3313 2090 269 3393 4579 487 4124 4292 2295 2659 4398 165 4932 2129 4806 1366 230 4823 4655 1990 1297 948 1397 1858 3919 1273 227 1641 1594 4009 2985 2868 4182 4965 3161 52 4289 4034 1096 508 70 3038 2454 2240 3522 1712 875 3180 4847 1263 4567 865 4111 3496 3860 1113 2112 4805 3143 4793 1153 3048 2049 3587 2549 635 2826 2548 956 987 1916 2119 1067 265 2308 3745 3132 554 1681 399 3551 2418 1480 4679 3155 3113 3202 2709 3822 2062 3218 3294 3715 2874 3217 4726 2113 3476 1260 1992 4609 459 457 3615 3013 3807 1902 906 3887 2678 4594 2343 3176 1025 4955 4875 3958 2 576 2964 1610 4719 777 1378 4926 4582 4598 3741 4555 2670 3505 431 4856 296 816 4893 874 13 2012 3277 377 3707 3669 2700 3531 4395 4411 4864 3407 172 1590 1180 4335 579 4604 4575 4346 4693 4759 2370 2091 2371 3677 4917 2106 3284 157 2614 408 2447 3943 1396 1908 4889 1001 3188 2380 1629 32 2776 2196 1558 501 4733 405 4161 3275 1813 4499 674 3455 203 3907 4286 3329 1562 4388 2897 1038 2014 3595 19 4757 7 2446 251 1956 930 575 1648 1004 1775 2381 363 2246 4331 3324 2511 330 755 544 2477 464 1395 57 2279 876 2892 4457 4837 3001 3734 2421 2290 2882 4957 3567 3609 1125 1394 1422 2995 824 3126 2342 4404 1306 86 4956 2643 3142 259 2003 462 107 2546 4868 3300 3084 235 4197 4328 567 3041 1868 551 1495 2160 1243 1148 1100 807 3900 3708 4232 3658 3317 1190 953 4294 4150 14 2139 2411 133 720 2569 2595 2564 4072 3371 981 1695 782 4309 4723 3763 188 1711 2593 2334 306 1279 1178 2850 4086 343 4928 4345 2306 2284 4362 2802 2524 2605 2430 3022 1127 3181 192 3930 3103 4901 328 566 2178 472 4192 4676 2346 3007 1329 3638 2122 3394 3719 119 3341 4517 799 698 4966 1162 2116 211 2031 3303 3462 4639 1687 3232 1451 2588 2950 2731 2168 686 3099 4146 689 1095 4051 659 984 281 3477 1569 43 1559 484 2417 1213 4886 1257 1326 4082 1367 1600 3657 4710 1288 2873 1500 1261 3865 1028 929 1062 2900 1822 160 4946 1254 2687 4879 4540 710 3326 862 2962 181 2172 2552 214 2799 952 3511 765 2061 2134 4318 4751 411 1023 3486 1923 815 1225 3692 4782 547 4885 4662 1312 449 4222 4367 1903 2831 2460 4762 4448 1469 2837 175 266 2068 1815 4386 3970 4947 3991 1325 4640 1728 4445 1834 863 1045 3578 2376 760 4405 2817 2075 0 2841 2813 3358 3801 1965 4702 4352 1479 4307 4169 3422 1349 4163 4563 21 692 3411 528 1414 2838 4336 1838 2728 3854 3732 4402 1898 4799 4152 2356 814 4123 1006 595 2412 467 4259 220 3122 101 2918 1156 1674 3878 2558 3074 2033 594 3197 4305 2603 1242 4092 1920 3872 3768 2007 2237 367 3147 4488 318 1193 2111 4826 1207 225 1120 3525 4845 4566 1191 1843 3352 2490 1353 4564 3614 1662 4227 450 2069 4718 388 2108 2852 3446 3040 4084 131 854 523 4178 2671 1584 2374 1959 946 2087 1759 1767 2345 3114 3398 933 3791 1488 4870 628 2602 646 1634 1282 4191 3557 3728 1765 2909 2824 3312 403 2493 3565 1484 2704 4827 4750 1409 4247 3909 441 1196 3338 4205 1117 2654 1449 3199 2570 2300 3985 4734 166 3510 626 1833 1230 2689 1520 310 1915 718 4100 4814 1452 80 1068 126 1655 2173 2606 613 3552 2135 1546 4280 1885 2908 909 2317 2797 3956 529 2571 4455 3157 1782 2946 4502 2599 3757 1591 4324 3353 3921 270 4160 1287 1497 3276 3754 374 1995 3561 2631 3533 3649 3466 2518 2094 3899 1444 1440 633 709 4240 3445 2340 801 4519 990 4883 3541 3372 1698 904 1415 1337 1649 4203 596 2154 1000 3039 510 4516 546 2547 3610 2406 1171 2980 2807 256 1304 72 4136 1431 2187 3957 1933 3424 4003 141 1819 1913 3846 918 3951 4141 4317 4110 4992 4964 2010 2398 3080 4576 2604 3783 401 4654 3191 1477 1700 4960 1322 4989 4807 275 3880 2628 3663 2165 2696 4647 2538 699 3241 634 1486 2929 397 147 4467 3145 2634 2554 3829 2741 2888 3212 1666 2215 872 1289 3107 4208 2243 2101 2266 2443 6 3447 732 2805 2082 2231 4373 3051 1066 1638 3889 2762 1943 3361 4273 2695 3697 3645 1850 3744 1161 2725 4334 2635 3843 4857 3508 1121 3171 1503 302 4340 4583 4816 1580 4166 4650 289 2522 4485 4790 3354 2302 2531 603 46 690 4372 3475 260 4090 3198 3635 4944 4287 1997 2970 3994 924 1622 2238 2867 1359 2683 3024 4811 1551 2834 4185 2441 1406 3984 1848 2265 969 4438 4611 2777 3262 2006 4795 3020 4397 3737 1332 4573 1201 2993 144 3288 1615 1517 1408 3356 2800 2806 4978 1953 4884 1958 3086 798 1539 1829 1466 3781 2407 4958 60 1707 4022 1141 532 1596 3106 4727 3267 3932 1893 2579 2098 4056 1015 3586 617 263 3777 390 2431 2624 2951 991 3057 337 2233 2724 2382 2667 1563 1239 1238 4794 3782 2497 1419 3834 1118 4993 4494 3305 4189 3278 4721 4848 1331 830 176 3785 756 4881 2688 934 3750 3532 3795 1373 3248 2730 2330 1533 759 803 1166 4297 917 3457 4740 4541 2283 109 597 3029 96 3335 2828 2999 925 320 1528 4724 1556 3524 1640 4503 3882 4429 1461 3988 3225 3031 1468 1855 2785 4142 4016 3643 2282 2104 4569 4913 187 2575 3136 3368 3683 50 621 2733 1717 2973 2402 2209 1447 1458 4382 4045 3631 673 4800 3345 3616 1324 4699 69 1435 742 3472 442 4471 2271 3590 1805 4846 2264 2937 95 4038 2260 649 3299 4496 2278 4275 3253 3584 1154 1462 1811 1085 1179 517 4132 4666 1252 3265 163 471 3849 3885 3963 3396 1026 2392 3583 2341 3513 3617 2019 867 1355 3461 2191 3309 890 2250 3580 3619 3934 2739 965 1430 1751 4683 481 3331 2276 3570 3636 51 1192 22 5 1801 2533 2372 4940 3044 473 3243 3516 4796 1019 1186 851 4113 3512 3628 2221 1002 1392 530 3101 89 3706 1300 806 4347 76 4843 1845 2901 3108 1348 436 353 2351 1974 4175 3685 3159 362 2663 1993 3759 1854 2319 197 789 2503 3962 395 3420 504 4416 1697 3954 3722 3530 1703 1485 3150 1048 1308 26 3933 156 4668 3641 4646 4293 3075 1668 2009 2008 1247 3602 2403 1233 1541 3052 2468 368 4675 739 2492 4907 3421 2619 3939 615 2778 3607 1084 1137 2016 1894 3469 4507 864 3177 1092 2642 2510 4235 3460 1613 1535 4602 73 1881 1097 4756 4776 3343 3415 2261 382 945 3573 298 4403 2915 4706 3251 4417 4212 18 3642 1988 4062 3124 1906 1866 4495 496 4758 1333 1631 421 2791 4560 379 2270 2651 2505 2363 3545 222 2223 712 888 2676 507 2070 3563 2585 911 4682 3831 1393 2693 4223 2568 4787 4775 3929 671 2359 3904 177 1722 2691 1060 2815 4477 645 1771 30 3129 3629 4684 2355 1730 1676 4545 1494 4591 693 3775 1690 812 1857 2514 1530 2182 1432 1181 2036 3096 4021 2649 2500 4010 2574 4020 63 3028 1659 4435 4303 1856 4620 2467 3667 4906 668 3690 106 557 1781 4813 942 3539 1037 2924 1513 4915 2489 171 2348 1667 1255 4338 228 2109 4426 3521 3399 387 4589 4101 2328 445 1693 3922 2234 1671 4642 3204 4547 3222 2335 2710 2749 3833 2456 85 3255 219 4832 4187 4532 2954 4348 105 856 1184 4441 3173 1442 4754 1305 1111 833 516 2357 208 858 1088 1457 1135 2045 350 4418 4458 4211 4256 2452 2188 3762 907 3319 4290 2297 2289 2413 3855 785 2132 4833 4544 1651 4000 2189 4011 1455 1079 1740 2212 1627 1237 3287 56 1214 2143 4825 2781 913 3333 4558 2821 3382 4368 470 3095 3292 3499 889 4066 3344 3123 1384 768 3518 1115 1926 1642 1269 1824 2845 3055 919 2796 1234 1140 1938 148 1176 3408 2615 2474 974 758 2543 1849 2292 4852 2516 37 1231 4997 705 3134 3666 4401 4763 329 4360 2798 3465 3092 1086 4588 117 4199 437 1531 3515 1970 404 68 236 1490 3111 908 4422 1851 3058 767 407 1087 4453 4898 2701 894 2183 2640 1884 4125 1270 4656 4375 1032 3688 1880 4304 3283 1800 3817 1882 113 3813 2307 4158 1031
1 655
1 1705
2 3681 4775
2 4408 4222
2 3046 3469
2 1705 2512
1 1705
1 655
2 655 1229
2 2742 2908
2 4048 1214
1 1705
2 4085 4799
1 655
2 4952 1992
1 655
1 1705
2 2911 3943
2 3376 4240
2 335 3120
1 655
3 655 4115 4282
1 1705
4 655 676 1549 4981
2 1705 2708
1 655
3 655 4934 2936
2 655 3285
2 655 619
2 294 4723
2 655 4387
2 522 2160
1 655
3 655 1925 3497
2 1705 1537
2 2752 177
1 655
1 655
2 962 2264
2 3569 4439
1 655
2 3577 626
2 1787 917
4 655 3826 1363 1183
2 1075 2693
1 1705
1 655
2 655 808
2 1345 3958
2 1653 3957
3 655 772 2020
1 655
2 4456 69
3 1705 979 4629
2 2286 689
2 588 4496
2 655 3419
2 878 4917
2 655 2385
3 1705 4755 2674
2 655 2291
3 1705 3687 695
1 655
1 1705
2 655 1295
2 1705 4565
2 655 4595
2 655 1402
2 655 285
1 1705
3 655 1799 3049
2 292 107
2 4246 4699
2 3463 2392
2 2920 260
1 1705
2 1705 1907
2 1241 2398
2 655 97
2 2830 3114
1 655
3 655 1748 1202
1 1705
2 4378 4335
2 655 4671
2 2488 4373
4 655 1379 3839 2115
2 1380 3514
2 1374 3204
2 3471 260
1 655
2 2650 1958
2 3414 436
2 1776 4647
3 1705 3756 2298
3 1705 1253 1886
1 1705
2 655 1478
2 1705 939
3 1705 714 683
1 655
2 3076 2868
1 655
4 655 4788 2038 3389
2 1705 1372
1 1705
2 655 2435
3 1705 4696 2530
2 655 902
1 1705
3 655 1410 3322
2 3725 3465
3 1705 4476 3948
2 1705 943
4 655 4561 182 3387
2 3596 2042
2 1705 1620
2 3818 2909
3 1705 4608 4115
1 655
2 4984 3610
2 1576 180
3 655 4284 1606
3 1705 3380 4147
2 3703 3985
2 4815 856
2 2832 4309
2 1705 920
2 1705 2018
1 655
2 655 4986
1 655
2 1705 4486
2 3168 1641
2 655 1973
2 218 2406
2 3858 2223
3 1705 469 4506
2 823 4630
3 1705 182 3209
1 655
2 4428 3084
2 1705 1183
1 1705
1 1705
2 1705 3562
2 655 2060
2 4980 401
2 1705 3743
2 1705 1293
1 1705
3 1705 4665 4612
1 1705
2 616 4373
1 655
2 655 4198
2 655 4673
3 655 4128 4358
2 655 1892
2 4877 1023
3 1705 828 4860
2 4821 579
1 1705
1 655
2 2902 1684
2 938 3124
1 655
1 655
3 655 4936 4073
2 655 321
2 4920 4453
1 655
2 2216 2290
2 1505 1373
1 1705
2 1705 3196
1 1705
2 655 1499
1 1705
3 1705 4015 4258
2 4114 1801
2 2226 4309
4 655 4475 239 4063
2 4961 4348
2 3605 4655
2 655 435
2 1864 1640
1 1705
1 1705
2 2677 2524
1 655
3 655 1343 2860
1 1705
1 655
2 655 4862
2 1482 4723
2 1705 45
1 1705
2 573 2090
2 3876 4429
2 1705 1199
2 3281 1782
1 1705
2 655 3201
2 688 2264
2 655 1330
2 1931 3854
2 1705 2263
2 655 1104
3 1705 2155 2784
4 1705 3302 4987 3175
3 655 4779 55
1 655
2 859 987
4 1705 4764 3019 1211
3 655 4571 4357
1 655
2 1705 4623
2 4667 2154
2 1739 3777
1 1705
1 655
2 3983 3848
2 655 939
2 2149 2959
2 655 1912
2 3381 1100
1 1705
2 2455 484
3 655 3523 2975
2 3712 1092
2 494 2649
1 1705
2 1114 2033
2 35 2931
3 655 2337 216
2 1705 1285
1 1705
2 655 2679
2 655 4817
2 1705 4869
1 655
2 655 2983
1 655
2 655 1550
1 655
1 655
2 1705 577
2 655 2945
2 655 774
1 1705
1 655
4 1705 2738 1797 2435
3 1705 468 4245
2 655 3473
2 2732 4811
2 655 2885
2 2794 2724
2 2483 2003
1 1705
2 2997 3783
2 998 4335
1 655
2 655 4004
1 1705
2 1705 1678
1 655
2 1840 3817
1 1705
2 655 4536
2 2938 2334
2 655 2425
2 1210 2143
3 655 4543 3405
1 655
2 655 417
2 2747 2213
3 655 3238 3517
2 655 420
1 655
2 3947 3396
1 655
2 1705 474
2 3403 4083
2 1705 3263
2 655 4764
2 1705 1720
2 1705 4355
2 655 534
2 1705 40
2 4590 4340
1 1705
2 494 1312
2 1277 4186
2 2607 2797
3 655 4061 88
5 655 4924 2054 4228 360
3 1705 4817 1964
2 1705 3517
3 1705 3289 2369
1 1705
3 1705 422 326
2 1705 4601
3 1705 2419 2329
1 1705
3 655 3121 776
2 1705 2037
3 655 3185 2263
1 1705
2 2078 2874
2 1705 4040
2 655 511
2 2471 1834
2 1705 3815
2 1756 2872
2 655 3538
2 655 3152
3 655 3961 2459
2 655 549
2 1705 2862
4 655 1054 629 446
1 655
3 655 968 4474
2 4803 4661
4 655 4839 1217 1516
2 1705 125
2 655 1678
2 1705 1939
2 655 4521
2 2832 1113
2 1705 4991
2 3918 2012
2 1809 2374
2 2633 3142
2 4459 4582
1 655
3 1705 1821 3912
3 655 3723 4148
2 998 760
1 1705
3 655 2248 840
2 1360 3984
1 655
2 1705 3961
1 655
2 664 3963
2 655 1008
3 655 2247 3109
2 2002 1097
4 655 901 2368 1545
2 2647 4758
2 1592 2122
2 4369 4679
2 3681 3533
2 1852 107
1 1705
1 1705
3 655 3383 36
2 655 2674
2 737 3044
2 1291 219
2 655 663
2 1705 295
2 1705 2930
1 1705
1 1705
1 1705
2 3102 4125
2 655 253
2 1705 4188
4 1705 796 3702 2767
2 655 1511
2 655 2015
1 655
2 1507 1230
1 655
1 1705
1 655
3 655 4094 2224
2 1382 1615
5 655 4835 2186 1574 2976
2 1705 2247
1 655
2 574 3783
2 1705 1904
2 1705 1160
2 655 4784
2 3548 816
2 1705 3162
2 2216 3199
1 655
3 655 870 4179
3 1705 4986 2232
2 655 3233
2 655 3571
2 1705 4973
1 655
1 655
1 1705
2 3025 1354
2 1705 4054
2 1705 84
1 1705
1 1705
4 655 4581 4210 4054
2 1705 3652
1 1705
1 1705
2 655 3747
2 1792 3720
1 1705
1 655
2 717 3607
2 1705 726
2 4209 1419
2 2201 4086
2 1705 2057
1 655
2 453 2392
2 3488 4051
1 655
2 655 1149
4 655 1236 2707 2310
2 1705 3416
2 655 1158
2 655 943
1 1705
2 3254 1503
2 1705 2458
2 1705 4006
1 655
2 4635 4021
2 655 4520
3 1705 3973 213
2 3431 530
3 655 3773 3390
3 655 2627 3347
3 1705 4888 1978
2 1705 2523
2 810 3539
2 1251 2868
2 982 177
4 655 704 581 3634
2 655 1930
2 1459 1033
2 2968 1180
1 655
2 3888 4756
2 1705 1924
2 2680 1915
2 3318 4647
2 1112 3551
2 375 2897
3 655 1250 280
2 1705 1737
1 655
2 4296 3545
2 893 425
1 655
2 1705 1654
2 3917 4395
1 1705
1 1705
2 1463 946
2 423 4926
2 655 647
1 1705
2 1705 178
2 711 1238
2 3566 4632
3 655 1465 4677
1 655
3 1705 4781 3100
2 2876 4024
3 655 3072 4079
2 3901 2505
2 1705 2994
3 1705 2910 1040
1 655
2 2272 1444
2 2086 2645
1 1705
1 1705
2 1705 4761
2 378 3361
1 1705
2 1212 2295
3 655 100 3802
5 655 3670 3441 2294 1083
3 655 4781 1607
2 1705 3444
2 2996 4370
2 4143 1207
2 1438 4205
2 655 4460
6 655 792 4580 4046 1177 2121
2 655 3392
2 2395 4545
2 655 2787
2 962 4066
1 655
2 2262 1642
2 1577 1369
3 1705 4 564
1 655
2 2416 4805
1 1705
3 1705 1982 239
2 4892 3150
2 1705 555
3 655 1878 2095
2 4151 1590
1 655
3 655 4627 4700
2 2734 4119
3 1705 23 4972
2 485 1304
3 1705 3502 1842
2 2084 2689
2 655 2529
2 655 1887
2 430 2924
2 3881 4066
2 4667 1000
2 3918 4642
2 1705 3238
2 550 2098
2 1705 1126
2 1705 986
2 2943 2468
1 655
2 1705 586
1 1705
2 1112 3635
2 1705 3820
3 655 287 4911
2 4599 2896
1 1705
1 655
2 655 1654
1 1705
2 2053 2087
2 2046 1121
2 4140 2709
2 1705 4615
1 1705
1 655
2 819 3103
2 857 3472
2 3926 119
2 286 4591
2 4047 4020
2 3141 929
1 655
3 1705 954 1076
2 1705 3158
2 655 2207
2 2013 1913
4 1705 2589 1910 1744
3 1705 4700 338
3 1705 3430 3890
2 1157 532
1 655
2 655 4269
2 1705 773
2 1705 3279
2 655 2185
2 3676 4770
2 4466 3324
2 3223 875
1 1705
2 655 90
2 1705 849
3 1705 4543 652
1 1705
2 3977 4827
3 1705 262 1010
3 1705 323 2423
2 1705 2609
2 866 3499
2 655 1760
2 33 3795
2 3219 4016
3 1705 1424 1064
4 1705 4407 1878 4075
2 1766 2595
1 1705
2 655 4312
2 2194 759
2 1705 2192
2 655 4529
1 1705
2 3250 1800
2 560 4989
2 1705 1604
2 3858 1491
2 1705 1361
2 4774 3126
2 204 4541
3 655 2809 2316
2 1705 2590
3 1705 899 1220
1 1705
2 371 3984
2 2128 80
1 655
2 3632 2477
2 655 1290
2 1275 4778
1 655
2 2305 4591
2 1705 4938
2 1142 732
1 1705
2 1401 3653
2 655 3228
1 655
2 3440 3887
2 570 163
2 999 4926
2 2891 1556
2 4617 919
3 1705 183 4349
2 1189 2009
1 1705
1 655
2 655 4701
2 4698 3099
2 1705 1976
1 1705
2 2823 2564
2 1941 4166
2 1625 2359
1 655
1 1705
1 1705
3 1705 3118 4134
2 1705 3808
3 655 4577 3452
3 1705 751 2721
3 1705 212 3625
2 4033 4203
4 1705 2840 4773 4873
1 655
1 655
1 1705
1 655
2 655 1047
2 366 3120
2 1705 593
4 1705 4705 4627 2387
2 1705 312
1 655
3 1705 2338 226
1 655
2 1138 2531
2 655 3349
2 1705 2792
3 655 376 428
2 878 692
2 3256 1161
2 655 452
2 2055 566
2 1439 2005
1 1705
2 1705 2448
2 1705 4570
3 655 2551 1316
2 1705 2038
2 655 3604
3 1705 3774 533
3 655 3844 3733
3 655 847 2820
1 655
1 1705
2 1705 4557
1 1705
2 3236 3218
1 655
2 1764 644
3 655 1540 271
2 2405 2356
1 655
1 655
2 722 4793
2 655 921
3 1705 1779 2124
2 770 1270
1 655
4 655 750 2203 2853
2 1588 4946
3 655 4618 4565
4 1705 1124 1783 2760
2 2483 3176
2 655 886
1 655
3 1705 1383 1511
1 1705
2 4641 3476
2 655 2387
3 1705 384 1841
1 1705
2 4295 72
2 268 5
2 2986 1025
2 1705 3322
2 1705 2719
2 1705 4556
2 513 107
1 655
4 655 84 112 2211
1 1705
2 1705 461
2 4172 2009
1 655
3 1705 735 3194
3 655 3971 4773
2 912 2283
1 655
2 1977 699
4 655 315 868 1017
2 1268 1642
1 655
1 655
2 1705 882
3 1705 3295 1151
3 1705 2462 4551
2 1504 3368
1 1705
2 1812 1958
2 4765 2897
1 655
3 655 572 174
2 1407 2950
2 2717 1162
3 1705 4067 2544
2 185 1447
1 1705
1 655
2 1283 3129
1 1705
6 1705 3613 2859 3911 1400 3109
2 1344 2371
1 655
1 655
2 560 1484
3 1705 809 1616
4 655 2485 3144 1537
2 1705 1523
3 655 2953 1934
1 1705
2 2705 4955
2 4144 2134
2 2023 399
1 1705
1 655
2 430 2432
2 655 4988
4 655 3257 4871 4959
3 655 2714 4743
2 480 867
1 1705
2 1705 2235
2 655 3002
2 1404 3077
3 655 4067 2018
3 655 372 1246
1 1705
3 1705 4094 2814
2 835 546
1 655
3 1705 2312 3112
2 655 694
1 655
1 655
2 1352 3573
2 655 1411
4 655 295 2399 1964
2 655 2789
2 2453 1700
2 998 3122
1 655
4 655 1791 4271 3618
2 1705 684
2 1705 103
2 1069 4104
1 1705
1 1705
2 655 4600
1 655
1 655
2 1705 396
2 655 593
1 1705
1 1705
2 4980 4398
2 1138 160
1 1705
2 582 3171
4 1705 3383 2181 1009
1 655
2 3374 4189
1 655
2 4943 2552
1 1705
1 1705
2 4364 1711
2 1505 2709
1 1705
2 985 1378
2 1705 2971
1 655
3 1705 1221 2984
1 655
2 655 146
2 1075 807
1 1705
2 1020 2144
2 1705 1895
4 655 1109 4096 3568
1 655
1 655
1 655
2 2225 2950
2 4840 1813
3 1705 2361 3339
2 2534 1533
1 1705
2 655 2532
1 655
2 3386 3054
2 655 691
1 1705
4 655 1583 4406 3012
1 655
1 655
2 4239 4346
2 1705 4389
2 4663 2441
2 497 3551
2 1705 4229
3 1705 3971 83
4 1705 4977 4159 1194
2 1705 4043
2 4413 4340
2 2373 854
3 1705 2750 2509
2 655 3214
1 1705
2 2684 3610
2 1102 1153
4 655 2829 4117 4168
2 1705 729
2 655 3036
2 1519 626
2 655 3369
1 655
1 655
2 1705 2336
2 3714 4800
1 655
2 1219 4868
2 1705 1316
1 1705
2 1705 1003
1 1705
2 1588 816
2 3966 2667
1 1705
4 1705 4529 3630 587
2 3924 4958
2 655 325
2 1705 139
2 1705 3830
2 655 3976
2 475 4370
2 4815 3889
1 655
3 655 4026 2715
1 1705
2 655 1527
1 655
1 1705
2 3208 2264
2 3213 2306
2 4945 4318
2 3680 4142
2 1705 234
2 1705 4019
2 1705 2291
2 655 4722
2 655 3378
2 3599 1469
2 1705 1685
2 655 3184
2 655 4121
1 1705
3 1705 1229 4866
2 1705 3857
1 1705
1 1705
2 655 2000
1 655
2 217 2284
1 655
4 1705 4867 1313 2706
2 655 361
1 655
4 1705 944 1149 1487
3 1705 4079 258
2 747 159
2 655 3295
2 2684 1659
2 1705 3419
2 4593 4966
2 655 3654
2 655 1046
2 655 4760
3 1705 4736 3571
2 655 4973
1 655
2 2142 2826
3 1705 3700 3621
3 1705 614 1379
1 655
3 1705 4942 2720
1 655
2 655 2039
1 1705
2 1705 3651
2 1164 119
1 655
3 655 653 3211
2 655 1003
1 1705
4 655 4505 3647 4188
1 1705
2 1705 832
2 4053 4675
5 1705 1489 704 2186 4270
1 655
2 655 2056
2 3350 4758
2 1705 1937
4 655 1797 1187 4510
1 1705
2 2763 395
2 655 988
2 1705 3427
1 655
2 4236 227
1 655
2 1672 4467
1 1705
3 655 1018 2760
1 655
2 4990 4072
1 1705
1 655
2 1459 1191
2 655 1368
5 1705 3027 3264 2573 2883
2 4127 934
2 210 2979
3 1705 3387 3138
3 1705 413 1522
2 1069 4604
2 2737 1025
2 2064 1765
2 3589 3807
1 1705
4 655 3193 1895 4486
1 1705
2 1944 3157
3 655 2155 4572
2 3089 3750
1 655
2 1705 4017
4 655 591 2555 2618
1 655
2 655 3866
2 1705 2820
1 1705
3 1705 2224 993
2 3566 1378
1 1705
3 655 3837 1317
2 1705 1750
1 655
2 1705 3152
3 1705 3727 2748
2 655 4899
2 2734 1556
2 221 4751
2 1705 4741
3 1705 4302 4744
3 655 4354 4176
2 655 67
1 1705
5 655 804 2457 2766 4479
2 2729 2611
2 2128 3110
2 1310 1730
7 1705 2919 719 897 2249 2772 2513
2 1705 868
1 655
3 655 2870 1134
1 655
2 2465 2730
2 2584 4541
1 1705
4 655 1 3964 2440
3 655 4431 1082
2 717 2412
2 4670 2631
2 3955 2345
1 655
1 655
2 1705 1963
3 1705 1453 3981
1 655
3 655 971 3495
1 1705
3 655 2706 3903
2 1705 2714
2 1705 3716
4 655 1961 264 3753
1 1705
3 655 2220 2698
2 822 3663
2 655 4933
4 655 2673 2767 3327
2 359 1958
2 1705 4894
2 932 1097
2 1705 3851
3 655 1715 3535
2 4929 1490
1 1705
3 655 3266 843
2 666 1154
3 655 1982 3717
2 3879 2696
1 1705
2 4877 2552
2 4872 3177
3 655 820 1741
2 3809 4062
2 1272 4458
2 655 4900
1 655
2 1284 1176
3 655 3207 656
2 655 3874
2 2660 2398
2 1011 406
2 1705 4523
3 655 2818 2652
2 3485 2824
2 1210 3212
2 2705 4560
2 2737 2076
2 655 4951
2 655 324
2 655 4568
2 238 529
2 1683 2709
2 15 4062
1 1705
2 570 2924
1 1705
2 1705 478
2 1705 2914
2 1311 4662
2 4887 4375
1 1705
1 1705
2 4470 668
2 335 1915
1 1705
2 783 3095
2 2204 4338
1 1705
2 2484 1230
1 655
1 1705
2 639 2363
2 655 3274
2 655 1963
2 655 1072
1 1705
3 1705 2000 3841
1 1705
4 1705 3574 3862 3675
1 1705
2 1189 4203
2 1705 1643
2 1705 4023
3 655 1522 1314
1 1705
2 1705 376
1 1705
4 655 779 4390 4414
2 2305 1455
3 655 3938 1543
1 655
2 802 3984
1 1705
2 4173 2474
3 1705 971 67
2 4786 3567
1 1705
2 2763 4185
1 655
2 2378 2687
2 1705 4521
1 655
3 655 2336 4542
2 1705 2764
1 655
2 1705 2627
2 655 3981
2 1705 4479
2 2557 211
3 655 1785 3731
2 1705 3266
4 655 4638 1832 2035
2 655 1508
1 1705
4 655 262 2879 3546
3 655 4744 4802
1 1705
2 1705 402
4 655 675 4432 702
2 4230 2348
2 1705 97
2 1525 105
1 655
2 1679 4110
2 1705 2975
1 655
2 655 1321
3 655 2883 4450
2 655 4853
1 1705
3 655 3892 4167
2 1705 643
2 2395 4622
2 3947 1162
2 3758 974
1 655
1 655
3 655 3973 3687
2 1272 2447
2 1897 4807
2 3192 163
2 3094 2025
2 1318 3329
3 655 500 881
2 666 2970
2 655 3259
1 1705
4 1705 4899 1807 2146
2 3231 275
2 2712 3084
2 639 3106
3 1705 112 2020
5 1705 4618 1549 4087 1542
2 1705 2015
2 3771 3635
2 655 2179
2 3942 1216
1 655
2 2835 251
2 3968 4471
2 655 4908
1 1705
2 2848 2667
1 655
2 1962 496
2 655 525
1 655
1 1705
1 655
2 3362 318
2 655 2326
1 1705
3 655 828 158
2 4504 4457
3 655 568 4535
2 1705 2242
4 1705 2158 2436 4574
1 655
3 655 4005 4554
1 1705
1 1705
2 655 1870
2 233 510
2 963 1468
3 1705 3500 3564
2 3501 4517
1 655
3 1705 1715 562
2 1705 1823
2 3910 2183
2 655 1723
2 655 520
2 655 1523
2 935 2778
2 1705 3224
1 655
1 655
2 1705 3081
2 3582 2709
2 655 1780
3 655 4023 439
2 4914 4647
2 3599 4730
5 1705 2775 4096 36 2227
2 655 3784
2 3776 2
2 1515 907
2 3089 3834
1 1705
2 3612 2069
2 1705 1940
2 655 3459
2 3346 3846
2 512 4993
2 3735 34
2 1732 4594
2 1705 1472
6 655 3027 1976 1351 396 3793
2 49 165
1 655
2 655 4255
1 655
6 655 2235 880 3716 1271 4037
2 775 4852
2 1954 3054
1 1705
2 4525 3663
2 3231 782
1 655
3 1705 2439 2529
2 1705 4585
2 655 4950
2 2455 329
1 1705
4 655 4017 3112 1278
3 655 1249 91
2 3884 3278
2 655 4170
3 1705 1930 4436
2 3291 401
2 655 3990
1 1705
2 655 4
2 1705 1266
2 12 3834
2 276 3688
2 497 876
4 655 102 2151 4059
2 1705 3167
2 1705 2865
2 4267 2516
2 655 539
3 1705 3997 568
2 161 3319
2 1935 2845
2 2086 674
1 655
2 4548 4185
3 1705 910 2669
1 1705
2 77 626
2 1536 1238
2 1948 4642
2 210 2518
2 1705 3938
2 655 2410
2 655 4586
2 655 766
2 655 4350
1 655
1 655
3 655 1587 3364
3 1705 3437 1110
2 9 2182
2 1705 542
2 655 2197
2 655 1966
2 1206 4507
2 1705 4919
2 4483 4576
1 1705
2 2469 690
1 655
3 1705 3990 3207
1 655
1 655
2 1705 3592
3 655 3018 4592
2 261 1193
1 655
2 655 3458
2 2539 4309
2 1705 731
3 655 976 903
2 1197 785
2 3503 3565
2 4720 4124
2 3008 1324
2 915 1920
1 1705
1 655
3 1705 3701 961
2 655 3064
1 1705
4 655 2105 17 958
3 655 630 3282
2 2938 2667
1 1705
1 1705
2 4904 1488
2 1705 702
1 655
1 655
1 655
2 655 4389
2 2559 1085
3 655 468 861
2 1705 4073
1 1705
2 1705 116
1 1705
1 655
2 4791 197
2 1705 2065
4 655 684 3263 340
4 655 4680 1143 1710
2 655 4830
2 1705 4442
2 1776 3609
3 655 4105 1293
2 1705 206
1 1705
3 655 92 4732
4 1705 2945 923 2536
2 1705 4449
3 655 586 4749
2 1705 903
1 1705
2 878 107
2 3443 602
2 655 3062
2 3061 3225
2 4300 4113
2 3023 3936
1 655
1 655
2 778 3215
2 276 3696
2 1705 3547
3 655 209 4942
1 655
2 2180 3833
1 655
2 1705 1418
4 1705 4078 1465 3140
2 655 1807
3 1705 2470 1203
2 655 1155
2 3742 3422
1 1705
2 4244 2918
1 655
2 4472 52
5 1705 2870 4738 4981 1847
2 655 1568
2 1705 3234
1 655
2 998 4792
3 655 2928 2681
1 655
2 655 4184
1 1705
2 4877 1209
2 655 2862
2 1705 2786
2 1705 4951
2 655 542
2 655 4842
3 1705 2333 4554
2 3947 2178
1 1705
3 655 3651 2073
3 1705 2253 4137
2 655 1258
3 655 4665 3385
3 1705 2871 4709
3 1705 3367 4963
2 1705 1428
2 2053 2447
2 1705 2707
3 1705 667 3748
2 2955 2477
1 1705
2 1705 1785
1 655
2 655 3564
1 655
2 4242 2342
2 1597 4889
3 1705 1725 2354
2 2011 1232
2 1705 2486
1 1705
2 1705 1871
2 666 3595
3 1705 840 2303
2 655 3334
3 655 1423 338
3 1705 4366 2445
1 655
2 655 4093
1 1705
1 655
2 1705 3405
2 655 4509
1 1705
1 655
2 1597 2670
1 655
2 1244 3075
3 655 2258 4511
2 1705 2039
2 1705 3560
2 2453 721
1 1705
2 722 4915
2 1705 1226
1 655
2 655 3220
2 1705 2214
2 655 1010
2 2022 2695
2 3979 3518
1 655
2 1705 3915
1 655
2 1705 2679
2 3725 2261
2 1705 224
2 4531 4020
1 1705
2 3676 2094
3 655 4257 4894
1 655
1 655
2 3450 529
2 4202 2969
2 655 1839
2 3272 3787
2 655 611
4 1705 3816 3974 2504
2 3443 208
1 1705
1 655
2 837 1916
4 1705 4701 4925 2399
2 1705 2751
2 4138 1337
2 1382 917
1 1705
1 1705
2 912 628
1 655
2 2600 854
2 2013 4318
2 4465 699
1 655
1 1705
4 655 4614 3867 4963
2 3627 437
2 1705 4911
4 655 2861 846 3337
2 2677 906
2 4420 2421
1 655
2 3585 1881
1 1705
2 1705 653
3 1705 2095 3205
1 655
2 1909 3657
1 1705
2 655 4985
2 1705 1794
2 3272 3199
2 4766 1297
2 2758 3004
2 655 2589
2 3404 1845
1 655
2 2638 3358
2 1705 2765
3 655 2590 4818
2 2553 4438
3 1705 3067 4862
2 962 602
1 1705
4 1705 4550 3853 2383
3 655 2288 1150
2 3149 864
1 655
1 1705
4 655 3597 2275 4442
2 655 2915
3 1705 3062 989
2 1705 4950
1 655
2 2321 4000
2 1670 81
2 4300 3586
8 655 3820 4272 954 4075 604 2869 2948
1 1705
2 2099 3861
2 1093 3086
2 655 4156
3 655 2383 4419
2 655 1472
2 1983 2231
1 655
1 655
1 1705
2 3725 4199
1 1705
1 655
2 4858 4034
2 4766 1300
2 3478 3343
2 1705 663
1 1705
2 655 2298
2 1705 3290
2 33 4123
1 1705
3 655 2133 1643
1 1705
2 655 2366
2 2464 4405
2 655 3366
2 2866 1288
2 655 4653
1 655
1 1705
2 3045 1990
2 1433 2667
1 1705
2 2745 2831
2 1705 195
1 655
2 480 621
2 655 3527
2 655 3437
3 655 3169 3205
3 1705 4437 4595
2 2793 806
3 1705 1116 3453
3 1705 3825 3987
1 1705
2 1705 2957
2 1576 2271
1 1705
2 655 1907
2 3026 1348
1 1705
1 1705
2 1733 126
2 3811 1631
1 1705
2 1705 703
2 1268 2005
2 560 3251
2 655 2960
2 1705 44
2 1380 3514
2 1705 370
2 2617 2431
1 655
1 655
2 655 1014
1 1705
2 1705 334
1 655
2 3332 1916
1 1705
1 655
2 1705 189
2 655 4095
2 170 4838
3 655 4071 1146
1 1705
1 655
1 655
3 1705 209 4624
2 1705 4432
1 655
1 655
4 655 4308 1595 319
1 1705
2 655 2156
3 1705 4890 2974
1 655
2 346 815
2 1816 2411
1 655
2 1705 2274
2 1036 408
4 1705 3452 3931 3891
2 2737 4666
2 655 3827
2 1705 2863
2 655 3675
2 1705 1052
2 655 3302
2 1705 1561
2 3127 4594
1 1705
1 655
2 3192 1631
2 1705 3410
2 1694 2531
2 4562 3860
1 1705
3 655 1400 1619
3 1705 3247 3604
1 1705
2 1705 1554
2 655 2933
2 2142 4782
2 20 3641
2 2362 4367
2 655 2648
2 655 4249
2 1705 4171
3 1705 3473 1529
1 1705
1 655
2 1705 4176
2 1672 594
2 1705 3211
2 655 1489
1 655
2 1705 2190
3 655 2890 4737
2 299 3846
2 2992 3994
1 655
2 3258 4652
2 1318 3107
2 1705 2433
2 2561 3510
2 386 4317
1 1705
2 1705 4553
1 655
4 655 4366 3453 2507
2 770 450
2 655 1724
1 655
2 2597 187
1 655
2 4739 1829
2 655 1932
1 1705
2 2063 2505
1 655
2 3105 1667
3 655 29 2536
2 1820 2670
2 655 4164
2 1809 1600
2 2141 228
2 655 3794
2 2202 1312
1 1705
2 1705 1259
2 1705 207
2 1705 1986
2 655 1170
1 1705
1 1705
1 655
1 655
1 655
2 655 1989
2 655 3209
2 1979 3134
2 655 4281
2 1705 4412
1 1705
2 1705 3705
2 3474 3338
1 1705
2 1380 3614
2 655 1361
2 655 1798
1 1705
2 4050 2129
3 655 1554 1604
1 655
2 1762 2619
1 1705
1 1705
2 1705 3079
1 1705
1 1705
2 655 153
2 655 4629
2 857 2654
1 655
2 3917 4132
2 1470 2266
2 655 2140
1 655
2 655 370
2 3603 4666
2 655 1593
4 655 1603 4261 3592
2 3271 2993
1 655
2 4138 4222
2 655 2323
2 2194 579
2 1507 782
5 655 3060 937 538 3172
2 3814 2196
3 1705 153 1122
2 1705 3764
1 1705
1 655
2 655 3953
4 655 3166 1467 1071
2 305 4598
2 2344 3326
2 3374 3275
2 1705 4255
4 1705 336 1363 1143
1 655
3 1705 3869 1493
2 3011 4541
2 2932 1458
1 1705
2 1705 3650
2 1705 629
3 655 1779 183
2 757 1176
3 1705 1817 843
3 1705 931 393
2 4464 1232
2 4914 4532
2 1705 1710
2 655 601
2 655 1795
2 1705 2254
2 1960 3353
2 655 3410
1 1705
2 1705 2404
5 1705 1346 4939 288 1218
4 655 1561 3247 738
2 655 3760
2 655 3944
1 655
2 185 1563
2 4974 4259
2 4872 1113
3 655 2764 786
3 1705 1474 241
1 655
3 655 2125 4873
3 655 3911 4798
1 655
1 655
2 655 793
2 1626 4782
2 655 448
2 2727 3643
1 1705
2 1739 1417
1 655
3 1705 2285 3925
2 4399 2905
3 655 949 2906
2 4954 2223
2 655 3016
1 655
1 1705
2 708 712
2 4952 1032
2 1705 3659
2 655 769
3 1705 1609 3369
2 1705 4480
2 1705 4106
1 1705
3 1705 1793 3293
1 1705
1 1705
2 1983 2004
2 1705 3153
1 655
4 655 1204 137 213
2 1705 1633
1 1705
2 1935 4289
2 1705 4571
2 1705 4387
1 655
2 3270 300
2 3913 117
2 301 46
3 1705 482 4148
1 1705
1 1705
4 1705 958 3989 2059
1 655
2 2742 721
2 130 4805
2 3965 649
2 2021 4650
3 1705 3695 2145
2 1637 3849
1 1705
1 655
1 655
2 4374 157
2 1705 2162
2 2835 0
2 1169 3069
2 655 2093
2 655 1364
2 655 1424
3 1705 2157 2545
1 1705
1 655
3 655 809 1544
1 655
2 1705 4714
2 1705 4315
2 3845 4382
2 728 504
2 4931 3143
1 1705
2 1256 1851
2 1705 619
2 3116 2905
3 1705 3016 771
4 655 2175 2690 1195
3 1705 448 2816
2 2525 732
2 655 1745
1 1705
2 2100 2624
2 4428 732
2 1705 2481
2 4421 2799
1 655
2 443 1028
4 655 414 3606 1747
1 1705
2 3588 4304
1 1705
1 655
2 655 2919
1 1705
3 1705 627 1235
2 655 3196
2 1705 3230
1 1705
4 655 3579 24 4869
3 655 1474 2675
1 1705
3 655 3739 1633
2 3436 3007
2 1589 4150
2 655 4523
2 1705 3125
2 655 1821
2 3223 1050
2 655 997
4 655 2598 4657 2923
2 4296 4763
1 655
2 1705 1323
2 655 3434
2 2375 3343
4 655 1890 4550 317
2 3577 3715
2 1705 2118
2 1272 1349
5 1705 3049 3618 3626 191
6 1705 1635 2555 661 4737 1826
1 655
2 655 2930
2 3819 2447
2 1705 3412
1 1705
2 1705 3761
2 1705 4450
2 2488 3609
2 1705 3633
2 655 3750
2 1470 2628
4 655 585 4264 432
2 3879 1329
3 655 4356 3864
2 4420 2346
2 519 3609
3 655 3190 3752
2 1705 3752
3 1705 1321 3784
2 679 2575
1 1705
2 655 2312
2 3771 3619
2 2148 1125
3 1705 2239 2875
1 1705
2 1705 4130
1 1705
1 655
1 655
2 1705 3348
3 1705 4210 1155
3 1705 3495 400
1 655
3 1705 685 466
1 655
2 2641 4917
2 655 4012
1 1705
2 623 3461
2 3102 2635
2 3886 2111
2 1705 2320
2 2621 1154
2 104 544
1 655
2 1705 3201
1 1705
2 1552 3508
1 1705
2 805 192
2 563 4757
5 1705 842 825 2947 2735
1 655
1 655
1 1705
2 1705 1593
2 1377 3688
2 1705 716
2 2194 4216
2 655 836
3 655 205 461
1 655
1 655
2 3330 2799
3 655 2273 3162
1 1705
1 655
2 995 4024
3 655 734 2592
3 655 1708 2059
2 655 1173
1 1705
1 655
1 1705
2 11 1001
2 2858 1767
4 1705 2966 1510 3668
2 1405 4796
2 1705 303
2 4617 4367
1 1705
1 655
1 655
2 4464 3539
2 1705 3068
2 1705 55
2 3840 76
3 655 232 64
2 3950 2628
2 543 3022
2 426 2076
2 655 1830
3 655 1456 4134
2 1227 3409
3 1705 4994 970
2 1705 4190
1 1705
2 869 4405
1 655
2 655 27
2 655 1936
2 3965 918
5 655 796 4551 4539 2565
2 1705 3606
2 2943 2731
2 2747 4790
3 655 1609 3780
2 1705 3976
2 1705 2115
3 655 4298 3789
4 1705 4835 1105 836
2 2043 4011
2 655 569
4 655 3158 1817 3242
4 655 852 190 1567
2 3814 2696
1 1705
2 233 4966
2 655 4019
2 2830 4932
1 1705
2 2377 1332
1 1705
3 655 1052 2935
2 655 4462
3 1705 3824 538
4 655 4080 4108 1298
2 3591 4823
2 655 4851
2 1705 1358
2 655 3079
2 775 1854
3 1705 883 1586
1 1705
2 1159 350
2 2114 1419
2 134 3111
2 1664 3970
4 1705 4128 3620 2681
1 655
2 3627 3628
2 2732 981
2 1705 409
1 655
2 1682 1800
2 1705 1339
4 655 4909 2855 4087
2 1705 4049
2 3479 1233
2 155 3616
1 1705
1 1705
2 778 3446
1 655
1 655
3 655 1501 584
1 1705
1 655
2 1102 613
3 655 2875 3633
2 4841 1062
2 2141 4555
2 1686 2376
1 1705
3 655 4042 2926
2 1705 1925
2 655 729
2 655 4437
2 3718 1013
1 1705
1 1705
4 1705 612 2089 1966
2 2925 3629
1 1705
2 655 703
3 1705 3169 418
2 4126 613
2 3721 3861
2 4253 86
2 1705 4359
2 655 4631
2 2938 4223
2 3391 4397
4 1705 2287 31 4339
1 655
2 573 4957
2 655 4329
2 655 4043
2 4877 4886
1 1705
2 2193 4118
2 1157 4426
2 655 4501
2 4961 1039
1 655
3 1705 1601 2675
2 1142 2343
2 655 2753
1 655
3 655 4570 3286
1 655
1 1705
3 655 3727 3444
2 210 2019
2 1167 3171
2 1705 1973
3 655 696 1823
3 655 3613 438
2 3231 2240
2 1691 692
1 1705
2 4262 579
2 351 3737
2 1660 3276
2 1749 816
2 3328 4588
3 655 1347 883
2 1705 1177
2 666 2579
1 1705
2 4420 812
2 1705 3072
5 1705 2965 4314 349 2928
3 655 4476 989
1 655
2 2692 1689
2 4392 523
2 1792 758
2 655 3698
2 697 2797
2 655 145
1 1705
2 2377 1179
2 655 3558
4 1705 841 2933 3363
2 655 3989
2 1705 1928
3 1705 997 3540
1 655
2 3879 2741
2 4552 3943
2 193 3218
5 1705 1912 1249 534 1574
1 1705
2 655 365
2 4487 2604
3 655 2301 1842
1 655
2 1705 3340
5 1705 4116 92 3233 3789
2 1074 2799
1 655
2 3624 721
1 1705
2 2686 613
2 3189 4335
2 4378 449
2 4172 3457
2 655 973
1 655
1 1705
3 655 1608 4241
2 2759 4507
2 797 4422
3 655 1905 1428
2 655 4587
1 1705
4 655 2748 3851 3623
2 1705 3944
2 655 2228
1 1705
2 4464 133
2 655 2957
1 1705
2 655 3652
3 1705 960 2323
2 655 2153
2 1705 2582
2 578 2266
2 4731 3326
2 2851 1154
2 4649 816
2 655 1123
2 655 1110
1 655
1 655
2 4962 4360
2 1705 4716
2 1705 4500
2 655 2181
1 655
2 2729 4104
1 1705
2 4976 1530
1 655
2 1705 264
2 1073 945
2 1705 1320
2 655 2910
2 3489 2447
2 582 2042
2 655 3528
3 655 1302 1487
2 4979 3155
2 4243 1039
3 655 3429 2166
4 655 4217 2230 2037
1 1705
1 1705
1 1705
1 1705
1 655
3 655 122 2576
2 1094 3499
2 655 2255
1 655
2 655 1685
2 1705 793
2 1705 4061
2 366 3326
2 1705 4120
2 1705 642
1 1705
2 1433 1646
2 1705 3064
1 1705
2 2810 2985
1 1705
1 655
2 655 4608
3 655 2877 152
3 1705 3852 1723
2 3480 3880
2 49 4438
2 513 470
4 655 1986 2854 3100
2 545 1818
1 655
2 655 3700
2 1705 223
1 655
2 3449 4589
2 1705 4853
2 655 2721
1 1705
2 1705 1755
2 1705 1754
1 655
2 655 986
2 2023 2049
2 1705 4037
2 1705 2051
2 2717 4024
3 655 3713 3537
2 655 2573
2 4859 236
4 655 643 2880 4644
2 4621 865
3 1705 1024 3749
2 2422 2547
2 4962 1668
2 2858 2139
2 1481 3171
1 1705
2 2580 3719
3 655 592 2281
1 655
2 655 3153
2 1189 646
2 2827 2725
2 4173 1332
3 655 4103 1928
5 1705 2812 520 2309 2047
2 1705 1830
2 655 4697
2 1197 3276
1 1705
2 3847 3533
2 2961 3004
2 1705 1134
1 655
2 763 907
3 1705 4276 3364
2 1294 374
2 4459 4884
2 240 2973
2 1702 4341
2 655 536
3 1705 158 3228
3 1705 216 1614
2 4465 148
1 1705
2 1969 220
2 2899 96
2 1464 2135
2 4114 504
1 655
1 1705
1 1705
2 1705 3723
2 3648 4885
1 655
2 757 673
2 1277 1885
3 1705 2288 647
2 2955 2683
1 1705
2 3730 2594
5 1705 3160 1612 609 2257
2 1705 2137
1 1705
2 2921 2803
4 1705 3964 3679 2179
1 655
2 2584 1551
2 4961 1495
1 655
2 655 1639
1 655
5 655 979 1612 4658 1601
1 655
2 655 2347
3 1705 3245 539
1 655
2 10 4733
2 2943 3962
4 1705 845 91 438
2 4836 1367
2 335 2016
3 655 4910 456
2 3776 4868
2 3799 2549
2 111 4654
1 1705
2 2201 4146
2 655 2257
2 655 1716
2 1385 3759
2 655 3416
3 1705 2125 4681
1 655
2 655 2644
2 2110 2106
2 1434 4403
2 1705 245
1 655
2 4443 1513
2 2968 4307
1 655
2 2001 3930
3 1705 2773 2753
2 1888 4232
2 655 914
2 1705 1351
4 1705 2205 4177 2228
2 2471 2441
3 655 1160 4612
1 655
1 655
2 3308 26
3 1705 199 2662
2 1874 3038
2 1705 852
2 3231 2290
2 655 1051
1 655
2 4165 3075
2 2180 2615
2 3738 1392
2 655 127
1 1705
2 1705 1989
1 1705
2 655 1718
3 1705 1692 2121
2 3758 2873
1 655
2 169 4547
2 1705 1571
3 655 4500 1098
1 1705
2 3131 991
2 2084 2474
2 3306 1125
2 2525 2924
1 1705
2 565 594
1 655
2 1705 1411
1 1705
4 655 4355 303 466
2 3983 379
4 1705 846 2491 3903
2 3050 1369
2 1416 3512
2 655 4977
2 3738 4891
2 655 196
4 1705 879 2844 4677
2 1705 4491
1 655
2 1705 3063
3 655 4007 1886
2 1727 1824
2 4920 3861
2 2557 566
2 1705 3802
2 1705 2220
2 4279 3932
2 2601 4273
2 655 463
2 1705 3252
2 1705 3017
2 1705 2073
2 655 3788
3 655 667 2668
2 1863 3750
1 655
2 4140 3637
2 655 612
3 1705 3429 1317
2 1507 113
2 3704 2342
2 655 1188
3 1705 455 784
2 204 3103
3 655 3178 3439
1 655
5 655 2249 577 4224 4130
1 1705
2 1705 2592
3 655 488 2198
2 655 2458
1 655
3 1705 1008 4046
2 4266 1829
2 2043 3530
3 655 993 4162
2 1705 3593
2 655 2217
1 1705
1 655
2 655 313
2 655 4363
2 3235 4978
1 655
1 1705
2 4242 2548
1 1705
1 1705
2 4149 4604
2 1705 4578
2 3388 1066
2 655 4078
2 1705 2337
2 2851 526
2 2557 4404
1 1705
2 2958 4386
2 1240 3352
4 655 3869 1124 2419
4 655 1699 2814 3982
2 655 4221
2 1705 1082
2 2702 3356
2 4976 4066
2 1705 937
2 2097 4978
1 655
1 655
2 1705 428
2 655 1090
2 3091 1671
3 1705 2978 2818
3 1705 1999 4282
1 1705
2 2641 2075
3 1705 1054 2507
2 4896 3707
1 1705
1 1705
2 655 4260
1 655
2 1275 1354
2 655 4866
1 1705
2 1861 4576
4 1705 1343 4876 3242
2 4836 395
2 660 275
2 655 3167
3 1705 2347 2801
2 4409 63
2 1705 2199
2 655 409
2 1081 1305
1 1705
4 655 834 381 2120
2 2110 3642
1 1705
1 1705
2 1061 1239
1 655
2 655 1340
4 1705 3670 1330 601
2 3918 208
1 655
2 9 1452
1 655
2 4174 1304
3 1705 1709 3439
3 1705 1236 3793
2 4140 1703
2 1504 34
1 655
3 1705 1618 1133
2 2002 814
2 4487 2546
3 655 2840 124
1 655
3 1705 1083 4063
2 33 888
2 655 424
1 1705
2 655 2656
1 655
1 655
2 655 2542
3 1705 1724 592
2 3873 1269
4 655 3118 4159 186
2 655 3916
2 655 3081
2 1577 1959
2 655 1778
2 1705 4460
2 1448 4993
2 3351 4583
2 655 244
1 1705
1 655
4 655 3790 627 4623
2 878 208
2 2941 3454
1 1705
2 3163 650
2 1637 1885
5 1705 3483 463 1473 1055
2 4193 760
2 3436 1213
3 655 3823 992
1 655
2 3622 617
2 53 4675
2 655 4147
4 655 669 1030 2971
2 1547 4825
2 2269 4438
2 1197 2645
2 2488 4579
2 3231 1141
2 1705 4121
2 655 548
1 1705
2 16 3994
1 655
2 4849 1068
2 655 4120
1 1705
2 3406 4397
2 1727 4186
2 655 4383
2 1828 1121
2 655 4534
1 1705
2 1705 4462
2 655 587
2 1705 3523
1 1705
2 655 1418
1 1705
1 1705
2 1705 309
2 655 2408
4 655 4975 2162 3600
1 1705
2 3721 1337
2 655 1235
4 655 3230 356 3063
1 655
2 1672 2701
1 1705
2 1705 3579
2 1705 1639
1 655
2 1705 4059
2 3316 4807
4 1705 1887 1832 3012
1 655
2 608 1480
2 2293 487
2 844 824
2 658 3834
2 1670 3557
1 655
2 1705 3370
4 1705 3185 569 2591
1 655
2 655 4615
1 655
2 655 831
1 655
1 1705
1 655
2 565 166
1 655
2 1705 1402
2 3798 96
1 655
1 1705
2 655 1168
1 1705
1 1705
5 1705 1967 4354 3867 1789
1 1705
1 655
2 1705 2787
2 342 3795
4 1705 1996 2550 1168
4 1705 4749 3998 1540
1 655
1 655
1 655
1 1705
2 1705 2542
2 1705 432
2 1705 1889
2 687 2328
2 2989 172
1 655
2 1705 4760
2 1623 1286
2 2702 4335
2 4102 1993
2 3624 4893
2 1921 1084
2 1863 933
2 4824 3791
2 1705 3898
2 4953 129
1 1705
2 4155 1198
2 655 2512
2 655 1024
2 3374 3129
3 1705 3349 3691
1 1705
2 655 2058
3 1705 2197 2581
2 935 4928
1 1705
4 1705 1859 1791 137
2 655 3544
2 1705 2780
2 655 224
2 332 107
4 655 677 1789 3868
2 655 957
2 655 4812
2 655 492
2 1705 3558
2 4283 1326
1 655
1 655
3 1705 4170 1146
2 1736 3525
2 1705 4691
2 3035 2543
2 2808 172
2 800 4655
2 655 3838
1 655
2 655 4423
2 1705 2166
2 655 4491
4 1705 4281 3794 458
3 1705 1509 2501
2 655 3500
1 655
1 1705
1 1705
2 1705 4055
3 1705 4534 4168
5 1705 3257 1046 3709 1150
2 2539 807
2 1439 2290
2 655 1709
3 655 4204 385
1 655
1 1705
2 1385 3407
2 655 2550
2 2808 136
1 655
1 1705
1 1705
1 1705
2 3236 407
4 655 3194 3625 3832
3 655 1571 3574
2 1705 3875
2 4394 1127
1 655
1 655
2 1705 3803
2 655 735
3 655 3572 1847
2 1705 1905
2 58 1269
2 2718 1048
2 2839 3313
2 655 45
2 655 773
1 1705
2 1628 2959
2 3779 3273
4 1705 3214 3945 4269
3 1705 1745 248
1 655
2 1705 4818
2 3223 3048
4 655 4058 910 1704
1 655
1 1705
1 655
1 1705
3 1705 4501 146
2 138 3055
2 2848 3617
2 294 1156
2 1705 1387
2 1705 1876
2 857 1477
1 1705
4 655 469 1669 1758
3 1705 456 2894
3 1705 2754 1699
3 655 3996 2040
2 2200 4247
1 655
2 3736 4287
2 1264 692
4 655 3695 3883 3467
4 655 139 3186 4002
2 655 2274
4 1705 886 1364 2658
1 655
1 655
2 655 2783
3 1705 4842 2880
3 655 3083 714
1 1705
2 2028 176
2 1888 598
2 3835 1818
2 1705 1195
1 655
2 2705 2828
2 4504 3511
3 655 4969 652
2 655 4714
2 655 3000
2 1172 1118
1 1705
2 2677 1838
3 655 4229 3857
1 1705
1 655
1 655
2 4396 4111
2 33 1562
2 655 853
1 1705
1 1705
4 1705 339 4511 1761
2 655 533
1 655
1 1705
2 4091 3900
2 3804 4448
1 1705
1 1705
3 655 4480 2894
2 2641 1627
2 4905 1843
3 1705 3874 2998
1 655
2 3135 1665
2 2650 141
2 3141 4496
2 423 576
2 1547 4884
1 1705
1 655
3 1705 1704 804
2 1705 2906
1 655
1 1705
2 2138 4573
2 2034 2821
2 1471 1048
2 3594 2762
1 655
2 655 2947
2 4739 4997
2 655 895
2 1459 1028
2 2296 2575
2 1222 4733
2 655 3160
2 1705 3468
2 655 4741
2 4285 4404
2 2895 7
2 1975 68
2 655 1055
1 655
2 3714 1384
2 1705 4631
4 1705 2715 3458 2304
2 2823 4757
2 1979 2279
1 1705
2 1705 2203
1 655
2 1705 4089
3 655 2978 4772
2 655 845
2 3605 3218
2 3714 2432
2 655 3852
2 623 3372
2 2899 3099
2 1705 3773
2 1357 2413
2 1515 2381
1 1705
1 655
2 1705 2766
2 1820 4932
2 655 3340
1 1705
1 1705
2 2397 1771
1 1705
1 1705
2 2770 1004
3 1705 734 1044
2 3811 2372
2 1921 3524
2 2680 14
2 1705 4520
2 679 2897
1 1705
3 1705 3000 4198
2 2344 431
2 818 4163
2 1705 4271
2 2201 487
2 2110 4793
3 1705 1204 2040
3 1705 4249 293
2 655 723
2 4902 2951
2 2987 4652
2 3877 692
2 1705 3827
2 1705 3953
3 655 1996 4912
3 1705 2256 2316
2 3008 4989
2 655 2620
3 1705 3334 2936
2 1772 3273
1 655
2 869 4620
3 1705 4802 3451
2 655 2242
2 2494 4978
2 218 2008
1 1705
1 655
3 1705 2672 4162
1 655
1 655
1 1705
2 3941 1824
2 1705 279
2 655 40
1 1705
2 4068 1857
1 655
2 3189 1068
2 4320 2250
1 655
3 655 2327 3691
2 2397 2873
1 655
2 1705 4597
2 655 3969
2 1705 2853
2 4253 1923
2 1275 3312
1 655
2 655 1007
2 2219 2356
1 655
2 3426 1759
2 1705 1844
2 3792 4540
4 1705 1429 2175 4970
2 655 415
2 332 4813
3 655 1514 2137
1 655
2 655 841
2 2832 4885
1 1705
1 1705
2 655 2404
4 1705 2983 2230 127
1 655
2 3968 6
2 606 4833
1 1705
5 1705 2156 1799 901 2922
2 655 1285
2 655 3893
5 1705 205 420 64 3538
2 655 199
3 1705 3366 4586
2 3260 1675
3 1705 4044 391
3 1705 1890 4391
1 1705
2 3599 991
2 4031 467
1 1705
1 655
3 1705 4717 2029
2 1705 2779
3 655 2544 1218
2 655 1035
2 3105 1857
3 1705 3434 3327
3 655 2229 1924
1 1705
1 655
2 655 2720
2 1790 4702
1 655
2 1862 528
2 94 374
5 1705 2644 1202 4265 1072
1 1705
2 2176 4110
1 655
2 1705 2058
2 3046 405
2 805 4051
2 1705 723
1 1705
3 1705 1035 4828
1 655
2 655 477
1 1705
2 655 4715
1 655
2 1189 1305
2 713 4388
1 1705
1 1705
2 311 1033
2 4808 289
2 1315 1813
2 3986 4816
2 655 2333
3 1705 1778 820
2 2219 2265
2 2332 3176
2 1705 4671
2 15 1449
2 1227 1676
2 1405 2356
1 1705
2 519 526
1 655
2 1042 3106
1 1705
1 655
2 4878 1184
2 655 150
2 4482 3556
2 4688 289
2 788 3899
2 1132 4661
2 1705 4752
1 1705
3 655 316 3017
1 1705
2 2596 484
4 1705 1735 446 1901
1 1705
1 1705
1 1705
1 1705
1 655
2 1705 740
2 1705 2923
2 655 3891
2 3053 1677
4 1705 1595 4530 4036
1 1705
2 4765 925
2 75 2624
2 3362 3610
2 1362 3084
3 655 3380 4526
1 1705
2 4533 2700
2 655 1009
2 2465 890
2 2836 2701
2 1702 1273
1 655
1 655
2 1069 646
2 3056 4341
1 1705
4 1705 1368 17 2699
2 282 4718
1 1705
2 1705 988
2 1315 1765
2 1705 2153
3 1705 3662 4542
4 1705 2056 2648 4933
1 1705
2 2623 4352
2 1077 2189
1 1705
2 1705 3600
2 1991 1920
3 655 2436 4735
3 655 3206 3246
2 655 4938
2 4877 765
1 655
2 1705 2273
1 1705
2 4548 51
2 2422 2348
2 655 2303
3 1705 356 1708
1 1705
2 687 4879
3 1705 1205 2314
2 1917 1551
1 655
2 2195 2178
4 1705 3493 3347 124
1 655
2 2092 1348
1 655
2 655 2816
2 1705 589
2 1809 1100
1 655
2 1705 3717
2 655 3043
2 1705 3088
3 1705 4581 2390
2 1705 1663
2 1705 435
2 1705 3689
2 4829 1297
2 3489 1662
2 1705 1718
2 1705 2565
1 655
2 2836 4598
2 655 2029
2 1152 1480
3 1705 3536 2211
1 1705
3 1705 4308 2860
4 655 931 4695 701
2 655 202
1 655
3 1705 1961 536
2 4380 1530
2 1705 4634
2 1705 42
4 655 1831 1328 2582
2 1705 4697
2 1945 2003
2 3213 4441
2 1215 1153
1 655
4 655 961 1867 4991
3 655 44 393
2 1705 3739
2 655 4359
2 1705 4268
1 1705
2 1705 2281
2 1439 4684
3 655 4797 980
2 3047 306
1 655
1 1705
2 1705 4645
2 254 739
2 2086 3722
3 655 4200 4039
1 1705
2 1705 3307
2 2030 1154
4 655 277 2530 331
2 655 3772
2 3098 4471
2 1705 315
3 1705 4968 246
2 1705 244
1 1705
1 1705
1 1705
2 655 4278
1 655
2 3740 266
3 1705 74 2944
2 2849 3954
1 655
1 655
2 1705 90
1 1705
2 655 3245
2 655 3967
2 284 1866
1 655
2 1900 3215
1 655
2 1705 880
2 655 1339
2 4196 2603
2 1206 2611
3 1705 2567 4042
2 3588 1946
1 1705
2 2464 1062
3 655 3484 2751
2 3488 2348
2 1338 1140
2 1705 253
2 1371 4199
6 655 2750 3800 4768 3093 1865
2 655 4712
2 1705 4777
1 655
1 1705
1 1705
2 1705 1423
4 1705 4513 392 3996
3 1705 4638 4012
2 1705 3800
3 655 2780 832
2 33 2143
2 1705 3119
2 556 3319
2 1705 4108
2 655 2214
2 1705 4356
2 3163 2739
2 873 4957
2 655 4190
2 844 343
1 1705
2 2697 2868
2 2755 865
1 1705
2 655 4585
1 655
2 655 3030
3 655 1076 4506
2 1705 743
2 1705 1290
2 2881 403
2 3758 32
2 4041 1231
2 2241 3191
2 4590 1500
1 1705
3 655 2922 3468
2 1705 3146
2 4971 310
3 1705 3647 1763
2 1012 1232
2 522 2999
3 655 1876 4116
3 655 740 1041
1 655
1 655
2 2002 1084
2 599 3176
4 1705 1063 2325 2170
2 655 1618
2 1705 4371
3 655 248 2743
1 655
2 655 3560
3 1705 4561 3731
2 2736 4758
2 1732 1015
1 655
2 1874 908
1 655
2 4767 2317
2 1421 3477
2 1705 319
2 655 226
2 3070 2631
2 655 2509
1 1705
2 655 2591
2 1705 2396
1 1705
1 1705
1 655
2 2952 3226
2 2768 3096
4 655 743 1720 3507
2 655 4361
2 655 3502
2 1705 2457
1 1705
5 1705 4895 3797 202 1090
2 1705 2576
2 2464 266
2 1705 1608
5 655 1889 3805 288 4027
4 655 460 3898 3972
2 3189 3107
4 1705 1347 881 100
2 1705 591
4 1705 2620 476 3729
2 746 965
2 261 4844
2 4481 872
2 1005 4632
2 655 4916
2 204 2221
2 2625 2101
2 655 3483
2 4296 956
3 655 3905 4177
2 4107 2548
5 1705 4600 1669 4156 4179
2 655 3915
3 655 2501 1853
2 1729 3084
1 655
1 655
2 655 1826
2 3203 1111
2 1836 2098
2 167 1916
2 2463 1213
4 1705 2299 1022 4592
2 655 2662
2 4821 2036
1 1705
3 1705 4248 2934
2 1074 3706
2 655 1453
1 655
2 1705 4526
1 655
1 655
