5000 3
1 1692
1 3670
1 3770
1 2722
1 2554
1 4972
1 3203
1 1406
1 62
1 2411
1 4472
1 3565
1 1465
1 4734
1 3229
1 707
1 4925
1 597
1 3764
1 1406
1 778
1 2086
1 1696
1 2956
1 707
1 1406
1 3604
1 597
1 1275
1 3203
1 707
1 4577
1 997
1 3604
1 1747
1 860
1 3565
1 3693
1 164
1 818
1 3693
1 4790
1 86
1 3969
1 4588
1 1513
1 778
1 4925
1 2554
1 86
1 997
1 1696
1 1513
1 4874
1 4708
1 2741
1 2294
1 183
1 656
1 4740
1 707
1 796
71 360 133 1096 2210 1958 2085 3552 1916 3779 1185 4521 681 757 2803 3544 3295 717 2712 1717 4174 4292 3432 4969 3309 3440 4208 1046 2132 1653 1340 2123 323 2190 475 4269 2680 2693 2888 2642 3322 3324 699 4272 4079 8 3795 3724 3991 2650 2869 1745 3826 4923 3401 3217 3584 1778 3319 1682 2867 4141 3555 3265 1808 502 87 1900 2307 370 1410 374
1 1747
71 360 2628 3115 3200 1374 1003 116 4080 2377 1409 3129 2338 897 1848 2189 4774 2853 964 3214 4215 1337 3267 4560 686 130 900 1189 1677 3010 2953 3696 3159 1912 2804 2980 4985 1254 523 854 540 2043 4095 4121 1909 4600 936 1843 2915 4581 2055 1449 3759 2901 2935 492 1118 1198 177 1775 1526 1130 2889 4433 499 3270 2984 3972 1116 2950 2649 3962
1 3969
1 4472
1 4708
1 2161
1 778
1 597
1 1406
1 1478
1 2294
1 818
1 1923
1 4734
1 3229
1 3203
1 2294
1 1406
1 778
1 3856
1 4790
1 1465
1 4925
72 360 3046 1102 2196 3862 1177 3906 4894 655 1404 3223 168 533 1660 3462 1830 2033 1708 644 4187 4360 1167 4636 1517 2568 3537 661 49 1751 774 2208 3658 294 4496 1648 1915 2683 4570 42 1983 1045 3763 1665 3793 4291 2728 372 474 3179 753 3810 1188 3792 2467 1017 2202 1527 3107 4727 585 3532 3854 2981 1446 3710 930 1990 100 701 3681 2507 301
1 62
1 3271
1 4588
1 778
1 2411
1 1117
1 3229
1 4472
1 164
1 778
1 1692
1 3203
1 2230
1 86
1 2109
1 3964
1 2230
1 4874
1 2741
1 1275
1 3271
1 1923
1 2109
1 778
1 707
1 4925
1 231
1 1747
1 1329
1 64
1 3604
1 4551
1 183
1 183
1 1601
1 2263
1 3856
1 4790
1 707
1 4708
1 4577
1 4972
1 4472
1 64
1 3670
1 2590
1 62
1 3919
1 3964
1 2956
1 4295
1 3919
1 183
1 1601
1 3693
1 796
1 1747
1 3229
1 3770
1 231
1 4740
1 1692
1 3964
1 778
1 1117
1 1696
1 3481
1 3764
1 4588
1 860
1 4874
1 2109
1 3229
1 1513
1 2128
1 2109
1 4551
71 360 3390 4444 216 4211 3812 365 1917 3757 772 278 2673 2028 1610 3032 1250 3069 4018 1711 4976 2908 1938 95 2505 4499 2141 4846 2651 2311 1624 2335 2417 3525 1460 2120 4052 3881 38 4640 779 4132 1873 4236 3084 2182 4951 4351 4952 2817 2201 1771 1509 1743 2975 2733 2356 1228 1731 4343 483 1398 4046 1825 2274 991 3998 557 4514 2343 3827 3111
1 3969
1 3670
1 3919
1 86
1 3969
1 656
1 1406
1 796
1 1747
1 4790
1 3764
1 183
1 64
1 3764
1 4295
1 722
1 997
1 4874
72 360 2137 351 3033 4728 302 1746 3487 3667 3186 119 2842 3877 1902 438 3230 254 1435 417 2788 1630 1473 1384 1227 1094 1852 120 1529 4488 943 2281 4408 4305 4583 570 1866 3086 2800 4228 4324 4337 4020 176 3505 1796 705 4918 3580 947 57 1267 349 3679 2955 1932 4023 2327 3859 2319 2339 4557 3403 978 3527 2410 1270 3434 3151 3639 2382 139 660
1 3229
1 3271
1 1406
1 1696
1 4588
1 778
1 3670
1 707
1 3969
1 1696
1 3969
1 2741
1 3764
1 3964
1 818
1 2956
1 3229
1 3764
1 3481
1 1692
1 2263
1 3565
1 1513
1 4551
1 2956
1 1478
1 3969
1 1923
1 4472
1 4472
1 4972
1 1923
1 164
1 1465
1 4551
1 3946
1 2411
1 3565
1 3969
1 4925
1 2086
1 4790
1 3481
1 2554
1 2263
1 4577
1 4153
71 360 1445 1880 4922 1038 3066 311 1599 4635 388 1458 146 2309 2372 113 568 2016 2814 1204 1128 3876 3093 1997 2703 1748 3345 2229 1996 4142 3738 2139 1776 4807 2856 461 4206 4773 3429 866 3089 3543 1265 2792 3776 4440 2632 4029 4329 3057 2939 3534 993 3180 3669 4860 988 2575 3488 885 4220 3591 4390 1999 497 4438 337 1084 1344 3875 3997 1546
1 4740
1 2590
1 3604
1 3919
1 2161
1 3856
1 818
1 818
1 1465
1 1406
1 4972
1 2109
1 1692
1 3856
1 2411
1 1601
1 2956
1 2956
1 2230
1 818
1 1275
1 3764
1 183
1 2161
1 2230
1 3693
1 1478
1 3481
1 722
1 997
1 3203
1 3919
1 1275
1 3969
1 3693
1 3604
1 1298
1 4925
1 722
1 2109
1 2411
1 3856
1 4551
1 4734
1 1117
1 2086
1 164
1 2294
1 2554
1 1513
1 4153
1 997
1 3203
1 722
1 707
1 3203
1 1692
1 2956
1 4925
1 4153
1 707
1 1465
1 86
1 3764
1 2263
1 3969
1 3764
1 3604
1 3919
1 86
1 183
1 3919
1 3203
1 1478
1 1298
1 3670
1 3770
1 2086
1 997
1 231
1 2230
1 2086
1 4734
1 4153
1 3969
1 4295
1 597
1 818
1 4295
1 860
1 2722
1 62
1 796
1 4588
1 2722
1 1692
1 1696
1 3693
1 3604
1 3565
1 3856
1 707
1 3481
1 4472
1 4472
1 231
1 3203
1 3964
1 1275
1 2590
1 4153
1 3670
1 3946
1 818
1 4472
1 3229
1 1406
1 183
1 2956
1 183
1 1329
1 4874
1 3764
1 997
1 1117
1 4588
1 1298
1 2741
70 1696 2230 2161 4790 2128 3693 3856 796 3203 2741 1601 4153 1747 3481 4925 778 3919 4295 4588 597 3604 2411 1923 2722 86 997 2554 183 4551 231 3964 3565 4874 860 4972 2086 64 164 1478 1406 2294 3229 707 529 1329 3946 2263 4577 818 656 2109 3670 1298 3969 4740 4734 722 2590 3271 1275 1513 4472 1117 62 3764 4708 3770 1692 2956 1465
1 1478
1 1601
1 2230
1 1692
1 164
1 3565
1 2590
1 818
1 3856
1 62
1 2411
1 86
1 4295
1 62
1 1465
1 2741
1 3693
1 3770
1 2722
1 2722
1 3919
1 1696
1 529
1 2956
1 2161
1 707
1 4734
1 231
1 2128
1 1923
1 1747
1 796
1 1923
1 1747
1 1601
1 3919
1 3203
1 4588
1 2554
1 707
1 4472
1 2128
1 3964
1 3604
1 2128
1 4295
1 2161
1 3693
1 1465
1 860
1 3481
1 2294
1 3229
1 1478
1 3229
1 3693
1 183
1 3856
1 1406
1 2554
1 3565
1 3969
1 529
1 722
1 722
1 778
1 4295
1 2722
1 2109
1 707
1 3770
1 3670
1 3481
1 722
1 3604
1 1275
1 997
1 183
1 3670
1 3919
1 4577
1 2128
1 2294
1 2161
1 1478
1 722
1 796
1 3565
1 2411
1 2294
1 4295
1 2263
1 3856
1 3693
1 2294
1 4734
1 796
1 4551
1 4790
1 2161
1 231
1 3670
1 656
1 1923
1 1692
1 3946
1 2722
1 778
1 3229
1 4874
1 707
1 1406
1 3203
1 86
1 62
1 3856
1 2956
1 2741
1 1692
1 1465
1 3693
1 778
1 164
1 3693
1 2411
1 1298
1 3770
1 2161
1 3693
1 778
1 2230
1 64
1 3969
1 3481
1 1513
1 3964
1 231
1 1601
1 64
1 997
1 1513
1 62
1 1696
1 4734
1 2722
1 3919
1 3271
1 3203
1 796
1 4925
1 4874
1 3764
1 4551
1 3693
1 2086
1 2722
1 3670
1 3604
1 1275
1 3946
1 2294
1 4577
1 64
1 1601
1 1696
1 2128
1 3964
1 2741
71 360 958 4957 4898 2925 4566 4136 2214 551 3588 2369 2225 1132 1811 3571 4200 2361 1400 3903 1450 383 3000 4704 1444 783 1609 4520 2315 1412 3577 4532 1463 4025 2549 4083 2652 1543 4655 2765 1967 1362 2370 4805 1959 3737 2464 1053 3689 2054 4114 4373 1876 1423 4533 2731 3953 2480 3471 2008 2893 1761 4887 1452 2463 1044 4649 423 3121 2264 3920 4302
1 4708
1 1329
1 3481
1 86
1 3271
1 3693
1 2956
1 597
1 722
1 2722
1 64
1 2161
1 2411
1 656
1 3481
1 2956
1 4874
1 2411
1 3693
1 3964
1 3693
1 529
1 3565
1 3946
1 1923
1 2741
1 2161
1 164
1 1298
1 2230
1 2294
1 796
1 2722
1 1692
1 2109
1 1513
1 3856
1 4740
1 231
1 4790
1 183
1 1275
1 1696
1 2411
1 860
1 2294
1 1406
1 1298
1 3969
1 3565
1 3481
1 1513
1 778
1 1478
1 4925
1 86
1 2230
1 4588
1 1117
1 3693
1 1406
1 3919
1 1692
1 4472
1 796
1 3770
1 4790
72 360 4430 318 2551 3912 4461 4073 2348 4368 2916 712 2714 2240 2026 3804 3138 1213 1575 1941 4456 3062 27 2933 4331 2859 696 3800 3423 17 3901 2761 4719 3249 3187 4186 2508 1668 1139 3860 1057 3828 968 1602 1221 2816 3193 1271 3112 1403 2431 2550 744 1214 4690 70 537 2246 2617 2324 657 2928 902 2484 2178 4316 2875 3935 4425 1419 918 2368 3056
1 796
1 4874
1 3856
1 2590
1 2086
1 4734
1 2956
1 2230
1 778
1 4925
1 2554
1 1478
1 3946
1 4472
1 2161
1 2161
1 2956
1 4790
1 3964
1 3203
1 4472
1 2230
1 2590
1 3856
1 1747
1 2722
1 2294
1 3964
1 2128
1 4577
1 2128
1 722
1 3969
1 4740
1 4295
1 3856
1 3693
1 4153
1 3856
1 3271
1 4925
1 2590
1 3565
1 1329
1 2086
1 1329
1 86
1 722
1 2128
1 3770
1 3856
1 1513
1 3670
1 1696
1 3229
1 3764
1 4577
1 86
71 360 1576 3320 1401 2995 2862 3641 3473 3301 3516 735 3366 3551 4045 2452 2419 2993 3308 3189 1886 2787 4814 1072 4261 3430 4143 1874 543 4819 3608 2278 2785 1636 1894 1530 3211 2470 3943 4519 2702 4820 2747 1475 4695 1373 3529 3796 1462 2476 4883 1897 463 2384 3909 3916 3344 3156 170 3938 2511 58 2840 3894 4956 4355 3339 959 4688 4930 2087 2493
1 597
1 4734
1 4874
1 183
1 86
1 4551
1 1406
1 4588
1 4925
1 3271
1 3604
1 3770
1 2109
1 3670
1 4925
1 3670
1 3764
1 1298
1 1117
1 2109
1 3604
1 3764
1 1923
1 3565
1 62
1 796
1 2590
1 722
1 4972
1 64
1 1478
1 2161
1 1747
1 3604
1 3856
1 4925
1 1117
1 818
1 1275
1 597
1 1923
1 3271
1 62
1 3964
1 86
1 2590
1 2956
1 796
1 183
1 4740
71 360 1545 3381 111 2220 400 2577 2630 1554 125 3195 2380 3718 2472 191 2200 1722 3553 977 2461 1666 1303 2075 292 430 2841 4060 2571 4741 2403 2459 2393 4992 1564 1704 3087 333 4547 2631 471 286 2716 386 2826 2662 3629 15 3652 3736 30 2286 2805 3902 758 3509 1014 3928 60 1190 2591 1701 24 4357 3490 4516 1208 2818 4311 3911 4030 1631
1 1923
1 2722
1 3856
1 4874
1 597
1 796
1 3919
1 2294
1 4874
1 62
1 3271
1 860
1 1601
1 3693
71 360 1356 4251 2291 1568 1074 4947 4910 2606 1995 538 3296 180 3028 4076 270 2806 865 2971 4172 4817 1062 1081 425 645 1219 1779 2774 2564 1269 424 1706 1091 3756 4188 3483 3170 1490 3626 1785 4884 3554 3540 260 3245 1879 4349 434 629 2636 4506 1491 731 4389 4240 4666 4280 3478 285 2204 1724 1315 1105 446 4990 3039 4317 4620 684 2957 4717
1 2230
1 4972
1 1117
1 3946
1 4708
1 4708
1 3203
1 4577
1 722
1 1601
1 3764
1 3946
1 656
1 4153
1 3229
1 1465
1 3964
1 1696
1 2128
1 997
1 2086
1 597
1 1923
1 4295
1 3919
1 3481
1 4472
1 4874
1 4472
1 4153
1 86
1 4708
1 2109
1 2128
1 62
1 707
1 3203
1 778
1 2086
1 2161
1 4577
1 1513
1 2128
1 2263
1 3969
1 1692
1 4734
1 4740
1 1601
1 164
1 2294
1 86
1 2086
1 2554
1 3229
72 360 3043 1946 1981 3503 3687 4766 4370 96 4996 3456 482 4841 3307 4035 2039 2136 1323 4739 1618 20 1305 582 1366 110 1493 2364 3338 81 4593 2593 4189 4415 4017 90 3228 4853 3288 150 1675 2235 2015 3988 3781 3832 3255 1800 46 4967 760 189 1242 1674 4163 69 606 4297 1327 4737 3656 3347 2207 468 3305 1394 1434 2449 490 426 4831 1518 4004
1 164
1 2230
1 3946
1 2263
1 529
1 2263
1 2554
1 4153
1 1275
1 796
1 3919
1 4972
1 3770
1 3770
1 1601
1 1513
1 4472
72 360 2279 3098 172 4400 1253 4194 2701 808 4974 1274 2241 713 4393 142 2750 4646 1313 923 2162 561 704 1639 4028 4502 594 3224 2371 1282 788 392 2048 457 598 1760 2428 324 447 3937 3864 3073 3009 3312 3646 966 2658 1550 2306 2187 2541 952 2624 3518 509 682 4000 1032 1486 4192 3120 61 2288 3775 1969 2277 3731 4207 3858 4482 4027 3654 4535
1 4708
1 3856
1 3764
1 4925
1 2294
1 1747
1 2956
1 1478
1 4708
1 2590
1 1696
1 796
1 4740
1 1465
1 4708
1 2590
1 1406
1 3969
1 3229
1 1117
1 4577
71 360 1596 1739 4579 3915 3329 1705 1476 2639 1322 2802 251 2193 1963 694 4892 1354 4204 2823 3213 2991 2979 4123 2657 1718 4714 1333 4242 4497 3077 4001 4681 2997 368 345 4927 2910 198 74 2815 4609 2007 4658 2097 2947 1312 1854 4112 239 4775 3328 3866 2252 3560 1813 4175 3207 319 1307 1709 238 1907 3996 4318 1235 1896 1853 39 3611 3363 2927
1 2956
1 4790
1 1406
1 4588
1 1692
1 3565
1 4588
1 3693
1 2411
1 3229
1 1298
1 1513
1 4874
1 4874
1 1329
1 1747
1 2590
1 1298
1 4588
1 3770
1 3604
1 1923
1 2411
1 4551
1 4708
1 1298
1 3856
1 3856
1 1696
1 2411
1 2956
1 4577
1 3229
1 3203
1 4153
1 64
1 1298
1 4295
1 4153
1 4972
1 2230
71 360 3063 2052 1308 942 321 4125 1943 1742 2029 2081 1086 2280 4643 574 2638 4908 4590 906 3686 1966 1393 4452 3109 4917 1765 719 3300 3428 2061 4753 4062 156 2831 4672 3298 4767 2881 4330 2299 2349 2460 410 4340 2586 3150 895 3242 4724 4568 1165 4491 2260 1051 35 3152 871 4856 4835 4800 3451 1676 4844 4159 1392 2236 2160 3049 4115 3080 4893
1 2263
1 2263
1 3764
1 2554
1 722
1 231
1 2128
1 1465
1 1465
1 1513
1 860
1 1465
1 4790
1 2722
1 4588
1 2230
1 4734
1 2411
1 2956
1 1513
1 2128
1 2722
1 3856
1 3856
1 231
1 4972
1 3919
1 2741
1 1329
1 2411
1 4708
1 4588
1 3203
1 1513
1 860
1 4551
1 64
1 1696
1 4153
1 64
1 4577
1 597
1 3229
1 4874
1 2741
1 860
1 3481
1 4925
1 2230
1 997
1 1465
1 2109
1 4295
1 4734
1 3964
1 4472
1 4734
1 597
1 2230
1 1747
1 2956
1 2161
1 796
1 4577
1 3229
1 2086
1 4295
1 1923
1 2554
1 86
1 1406
1 2590
1 3693
1 2741
1 2741
1 64
1 3604
1 3604
1 3919
1 3481
1 3670
1 860
1 183
1 1747
1 2086
1 3964
1 183
1 2109
1 4972
1 1275
1 4790
1 796
1 2956
1 1513
1 3271
1 1696
1 3229
1 529
1 656
1 1329
1 4925
1 3670
1 2722
1 64
1 2554
1 796
1 4588
1 597
1 1275
1 4577
1 4790
1 4708
1 4708
1 4551
1 1329
1 3229
1 707
1 183
1 2263
1 1601
1 3670
1 3693
1 2161
1 1478
1 2741
1 1406
1 4972
1 231
1 1747
1 3770
1 164
1 4153
1 231
1 2086
1 4551
1 2086
72 360 437 3023 2005 2559 3616 1029 3417 4474 1215 4257 4937 3851 4037 4938 4054 1416 3133 4384 1502 2793 32 2569 310 3872 4065 4676 2124 1922 1328 4677 4919 2272 3438 4718 283 4788 2104 355 1818 1565 2297 4139 2072 4422 1597 3623 3974 3136 2659 2694 181 1520 2439 3272 1620 3030 910 2578 1311 4319 2675 2580 742 4652 4149 1489 500 261 50 4569 2143
1 2590
1 3770
1 1298
1 3481
1 4588
1 64
1 2590
1 4740
1 1275
1 4734
1 2741
1 2230
1 2411
1 1275
1 1329
1 4740
1 707
1 1696
1 4588
1 86
1 1696
1 3764
1 2294
1 1601
1 1696
1 2411
1 4874
1 2230
1 4295
1 4740
1 1747
1 997
1 4734
1 4551
1 796
1 2722
1 1601
1 2161
1 2294
1 4295
1 231
1 4588
1 2590
1 2722
1 2411
1 1406
1 529
1 86
1 62
1 3481
1 2161
1 1406
1 3693
1 860
1 4588
1 529
1 4790
1 4577
1 2590
1 597
1 3565
1 2590
1 2161
1 4734
1 722
1 1329
1 2590
1 2294
1 3670
1 4972
1 4734
1 2263
1 1117
1 1601
1 656
1 2263
1 722
1 1478
1 2230
1 3964
1 3229
1 4577
1 4577
1 722
1 4577
1 2722
1 231
1 2722
1 860
1 3919
1 3271
1 1747
1 3693
1 722
1 4925
1 2161
1 183
1 4472
1 62
1 3856
1 1692
1 4153
1 4551
1 4790
1 86
1 1117
1 2741
1 722
1 2230
1 4551
1 3770
1 3919
1 1747
1 3856
1 4153
1 4740
1 2161
1 3271
1 64
71 360 1695 3022 3747 2873 1794 2879 4697 3067 2149 2724 4654 816 3044 3259 693 4765 3114 3819 4486 4618 3513 2821 1461 2708 4498 3047 4178 4861 3460 276 1863 3160 2070 356 1425 2885 1600 1727 3963 725 2268 1878 3016 2678 1280 588 1977 4356 4350 4958 1735 4254 2340 675 1070 1137 1103 4070 2655 4395 4696 2107 3896 92 2766 1655 1237 3914 151 4821
1 64
1 3203
1 3919
1 3969
1 2109
1 1747
1 4472
1 4551
1 3565
1 1478
1 231
1 2411
1 64
1 4972
1 529
1 3946
1 1298
1 2086
1 4740
1 1117
1 3764
1 597
1 1406
1 3229
1 1601
1 1747
1 3604
1 2741
1 3969
1 3229
1 3693
1 1601
1 3964
1 3969
1 1406
1 3856
1 4734
1 1601
1 1275
1 3856
1 1696
1 4295
1 1696
1 1465
1 4734
1 1465
1 3229
1 860
1 2109
1 86
1 1478
1 1747
1 1747
1 2722
1 4153
1 3764
1 2722
1 3856
1 1696
1 86
1 2161
1 3604
1 3856
1 1692
1 4708
1 1329
1 2128
1 62
1 3604
1 1696
1 86
1 64
1 707
1 1478
1 1923
1 2590
1 3764
1 4740
1 3856
1 1692
1 64
1 3919
1 2128
1 1923
1 3229
1 3565
1 231
1 4577
1 4740
1 2263
1 707
1 2230
1 3919
1 4551
1 4972
1 597
1 597
1 997
1 3770
1 1329
1 4874
1 722
1 2128
1 597
1 4790
1 3964
1 3764
1 4972
1 3856
1 183
1 164
1 2741
1 2109
1 4708
1 3946
1 4972
1 1513
1 818
1 1406
1 1117
1 3481
1 4551
1 2230
1 3693
1 778
1 2161
1 2263
1 2128
1 4790
1 1298
1 1696
1 3203
1 164
1 3946
1 2554
1 796
1 64
1 3693
1 2161
1 3481
1 3271
1 4734
1 3670
1 3203
1 4740
1 2956
1 1747
1 231
1 1601
1 183
1 2590
1 722
1 183
1 597
1 3670
1 4734
1 796
71 360 4982 2303 2333 3236 3012 4868 1309 1156 1345 4932 2937 4165 4783 1563 3492 1859 3408 2637 1443 3713 436 1614 4055 340 950 1358 264 2609 2940 2383 3883 1469 1537 3346 1583 3444 4401 2603 519 4383 3725 2168 1279 1350 2537 2982 695 4379 3131 2562 969 106 3578 787 4185 2330 1431 2931 28 2704 4459 571 1006 3146 4989 2275 3181 252 1011 3987
1 2411
1 1923
1 2741
1 1275
1 1117
1 4740
1 796
1 4790
1 3565
1 3770
1 3693
1 3946
1 3670
1 4153
1 3770
1 1601
1 2741
1 3203
1 1601
1 4551
1 4295
1 2956
71 360 4259 4607 4447 1691 836 2690 1351 4167 2256 358 4111 4511 674 4757 3470 1598 2465 2641 3123 4738 2598 2574 1432 1891 1697 577 1134 4380 829 1000 2218 4345 4850 2810 2498 1310 486 3783 4661 558 1790 4223 3980 3003 306 2760 4911 4973 2745 844 855 1247 4169 1686 1299 2594 3508 3624 4626 1753 3326 4483 1793 3842 2497 268 2592 4093 3698 2006
1 1298
1 2956
1 3969
1 3203
1 707
1 2590
1 778
1 3271
1 818
1 860
1 1275
1 1298
1 997
1 818
1 796
1 3856
1 722
1 3693
1 1923
1 3481
1 4734
1 1747
1 3203
1 818
1 778
1 2956
1 3964
1 3229
1 778
1 997
71 360 1217 4625 3982 4870 833 3082 1063 3264 4936 4353 531 3246 3635 889 975 3797 4362 3576 3895 3599 4366 2502 3437 1712 115 1721 4510 1183 3865 1762 3104 3636 1710 4493 1895 1678 2705 4334 3975 641 2834 4303 2560 1012 4665 1903 1957 352 3900 2108 3474 3453 960 2282 3013 2418 643 2886 4372 4193 3163 4980 2958 4931 3373 3568 2664 4575 3888 4097
1 1478
1 3670
1 3919
1 818
1 3856
1 4972
1 3969
1 64
1 2128
1 1696
1 62
1 4874
1 2109
1 1465
1 231
1 1275
1 4925
1 1692
1 2230
1 3229
1 1275
1 1298
1 1696
1 1747
1 818
1 4972
1 722
1 4153
1 1275
1 2590
1 4577
1 3604
1 529
1 1465
1 1465
1 4925
1 778
1 4925
1 3969
1 4972
1 3919
1 3964
1 4472
1 656
1 64
1 4790
1 3565
1 4708
1 4472
1 3481
1 4874
1 2128
1 3481
1 4734
1 183
1 4551
1 4295
1 2128
1 3565
1 1696
1 4551
1 4153
1 860
1 860
1 778
1 2741
1 3670
1 1406
1 164
1 4790
1 529
1 656
1 4925
1 597
1 86
1 2230
71 360 1152 1774 71 2762 3360 2898 4537 472 1043 1646 4173 821 1535 3095 186 25 2830 1947 7 4044 2671 3799 4619 348 590 3765 241 1883 1455 419 813 4812 171 4462 4480 2634 1049 2570 931 19 1236 2212 663 1659 1479 4795 4127 4300 1809 2482 2019 986 3165 4915 3921 4545 1397 4515 3134 4909 2456 1140 3393 576 4760 80 3256 2390 4068 2558
1 1601
1 2294
1 64
1 62
1 4708
1 529
1 1747
1 3565
1 2161
1 997
1 2956
1 3919
1 597
1 3203
1 1478
1 2741
1 529
1 2294
1 1117
1 1465
1 3969
1 3693
1 4708
1 4295
1 1275
1 1298
1 1478
1 778
1 183
1 3229
1 2590
1 2741
1 3203
1 3271
1 3271
1 1601
1 1275
1 529
1 231
1 86
1 3670
1 3919
1 64
1 529
1 1692
1 529
1 1747
1 3770
1 1406
1 1696
1 1692
1 231
1 2722
1 164
1 1117
1 656
1 529
1 2741
71 360 2552 3209 4867 84 2709 4546 4735 3970 2479 4752 3688 2145 2036 3746 4050 2381 2443 1343 1163 1364 872 3076 869 4610 4436 911 2555 810 240 1508 4991 3469 1161 2495 1698 480 217 1363 2069 4071 3514 2986 4611 3145 4036 3677 3542 3981 293 2103 3939 2195 375 868 1485 3717 1426 2720 2499 3480 3545 4715 738 12 4435 409 4262 1993 3351 2051
1 3764
1 3946
1 4734
1 1275
1 1923
1 4734
1 3481
1 183
1 2128
1 656
1 818
1 4295
71 360 2298 4468 4040 2111 209 1075 1168 4399 4770 4019 3088 4365 2451 414 2412 4006 3644 1628 984 1777 4124 687 1481 361 1860 1647 4764 1421 1662 4481 583 2402 4195 305 1623 804 2405 2732 609 4699 3682 2601 3212 1871 4507 258 2905 3605 1191 2284 2669 1127 2289 4414 2169 3949 72 1940 445 3550 1433 3204 1330 3917 4839 2754 4348 2977 2504 1607
1 1406
1 1692
1 1478
1 2263
1 2590
1 4972
1 1465
1 796
1 3271
1 4925
1 997
1 722
1 722
1 4925
1 778
1 4295
1 1923
1 1923
1 3964
1 1601
1 3964
1 1692
1 4708
1 997
1 2161
1 3764
1 4588
1 4295
1 4925
1 1465
1 164
1 2956
1 2956
1 1696
71 360 894 870 4130 206 1234 4561 4385 1654 4445 3206 4405 2360 2789 3695 3064 1627 3348 3017 4161 1937 4541 764 4490 2685 3648 4895 3904 1989 2884 4691 2198 1594 52 281 4736 4522 1558 4217 160 495 1931 3754 3083 794 4478 880 1845 2355 3048 3606 1828 649 4308 581 501 2310 954 45 2376 3948 4219 1741 2942 830 2062 1752 4656 565 4406 2952
1 1692
1 3271
1 3565
1 86
1 778
1 4740
1 997
1 1692
1 2086
1 2086
1 3271
1 1601
1 64
1 86
1 3271
1 183
1 656
1 2128
1 3604
1 3946
1 4925
1 1406
1 4734
1 1275
1 4551
1 3764
1 2741
1 3946
1 2294
1 529
1 4874
1 707
1 231
1 2128
1 3856
1 2722
1 796
1 3693
1 4588
1 3271
1 707
1 1747
1 3919
1 3670
1 1513
1 3856
1 3856
1 2741
1 4925
1 1275
1 707
1 997
1 2590
1 1923
1 722
1 2590
1 3964
1 3856
1 3271
1 1923
1 1692
1 597
1 656
1 3481
1 3481
1 4972
1 2741
1 3764
1 2263
1 1275
1 4708
1 3670
1 3271
1 3964
1 2294
1 3203
1 2128
1 2263
1 4708
1 4740
1 1513
1 2554
1 818
1 997
1 1298
1 231
1 1117
72 360 4166 247 3777 732 3431 4659 2625 362 1149 524 140 1034 2387 4793 2475 2153 2375 2002 3685 4644 4827 1525 3031 2978 4181 3029 793 2429 4171 3684 980 1071 4591 3723 1294 2866 3548 3767 395 1266 1407 4556 3099 1142 3494 720 3378 1021 4021 4758 2686 1155 498 3355 2963 3006 3787 1498 3466 3822 3027 4713 3660 2491 3750 1442 4630 1291 121 3614 771
1 597
1 3670
1 2294
1 2590
1 4734
1 1478
1 3856
1 529
1 164
1 4790
1 2590
1 2411
1 1275
1 3770
1 4472
1 2722
1 778
1 4153
1 997
1 2590
1 4925
1 1478
1 164
1 4551
1 2086
1 1513
1 1478
1 3604
1 183
1 707
1 2294
1 4790
1 4740
1 2086
1 656
1 4588
1 2722
1 796
1 2554
1 4734
1 3481
1 3856
1 2161
1 4472
1 1406
1 1478
1 86
1 3770
1 3229
1 3764
1 3764
1 62
1 1513
1 1117
1 4790
1 2722
1 3770
1 1406
1 86
1 2411
1 1478
1 2722
1 2263
1 86
1 707
1 4925
1 597
1 4734
1 4972
1 4740
1 2161
1 3770
1 778
1 778
1 860
1 64
1 1329
1 2128
1 4740
1 3203
1 62
1 2590
1 4740
1 1923
1 1298
1 4972
1 3271
1 4925
1 2128
1 1298
71 360 1979 3758 1864 4082 3284 2532 288 4332 4460 2150 3018 3519 1451 4426 2391 3661 2811 0 2181 563 1754 3280 4441 2706 3844 148 4776 2857 1347 1480 2180 2850 1098 3162 592 1500 3105 3887 4367 1769 3809 4531 1457 4416 203 2366 2697 2420 4781 364 1965 1197 2432 465 2739 4657 479 823 327 4905 97 2158 1514 244 1764 3484 1521 1181 1574 768
1 4708
1 2554
1 1117
72 360 651 1176 3486 2656 1716 1018 1389 4267 503 4637 572 4622 847 3449 1160 4576 525 4852 2209 3297 152 4763 2906 328 2362 3496 740 956 1015 2056 1339 1961 3835 4632 4128 2239 4428 1248 2989 4527 4914 807 193 3303 2388 51 3769 1512 898 3337 187 1158 4067 1022 1857 1352 4157 4009 3680 1729 382 3716 2413 22 2244 4729 1456 2870 1187 2485 3358
1 1298
1 1465
1 4708
1 4790
1 707
1 3271
1 2411
1 707
1 818
1 722
1 2086
1 86
1 818
1 1329
1 164
1 1329
1 4925
1 4577
1 1923
1 1696
1 62
1 818
1 4874
1 4153
1 1329
1 707
1 2956
1 722
1 2554
1 3481
1 1117
1 3946
1 1696
1 2263
1 164
1 4740
1 4588
1 4577
1 1117
1 3271
1 3964
1 4472
1 818
1 3203
1 1513
1 860
1 164
1 2109
1 62
1 183
72 360 944 1555 1453 3353 2900 3870 989 1758 2296 391 4687 1170 4443 63 689 4084 2851 1110 3910 3549 2501 1143 834 4347 3314 1169 1413 143 1123 34 2746 2670 920 4671 802 2262 3254 2345 2911 622 2756 4955 4797 3446 3045 3703 1089 4902 2769 2920 394 1353 3734 3955 173 1320 4943 4402 1954 2110 2923 4603 2317 114 1028 3673 3332 2813 1264 3258 4409
1 231
1 4790
1 2294
1 86
1 1513
1 1298
1 1692
1 3919
1 4972
1 3946
1 1747
1 2161
1 796
1 529
1 1329
1 4153
1 1692
1 860
1 2956
1 2128
1 4295
1 1692
1 3604
1 164
1 3604
1 4734
1 1406
1 64
1 231
1 1478
1 62
1 722
1 4551
1 2109
1 2161
1 3969
1 4925
1 722
1 2109
1 3481
1 3670
1 3946
1 1298
1 2741
1 2294
1 1298
1 1117
1 3604
1 183
1 2230
1 3670
1 2230
1 778
1 2230
1 2109
1 2956
1 4972
1 3481
1 4708
1 4577
1 62
1 1406
1 2294
1 529
1 3856
1 818
1 3481
1 2590
1 4295
1 3565
1 997
1 4577
1 4972
1 2722
1 3203
1 2956
1 2086
1 164
1 4551
1 3271
1 1513
1 4740
1 86
1 3764
1 2128
1 4874
1 4734
1 2230
1 4874
1 3919
1 3271
1 2554
1 2230
1 3481
1 2411
1 64
1 2086
1 1513
1 4708
1 4153
1 64
1 4874
1 2722
1 4577
1 183
1 818
1 818
1 2956
1 2263
1 1696
1 3770
1 1275
1 1478
1 2161
1 2294
1 1117
1 1692
1 4925
1 183
1 4925
1 3481
1 3229
1 3203
1 1478
1 1923
1 164
1 656
1 2411
1 529
1 2128
1 1117
1 722
1 231
1 3946
1 4972
1 1406
1 3969
1 3964
1 656
1 2956
1 3770
1 2086
1 1923
1 1298
1 4734
1 4874
1 656
1 1329
1 818
1 656
1 1923
1 4925
1 62
1 2128
1 183
1 1329
1 4295
1 2109
1 4925
1 818
1 3565
1 64
1 4551
1 3604
1 64
1 4972
1 2086
1 86
1 62
1 164
1 2554
1 2109
1 4588
1 3969
1 997
72 360 1201 4116 554 4981 108 4091 3222 3251 2477 745 2146 840 4978 4120 4732 3561 4398 215 1898 3762 2623 1978 4749 1872 4631 679 75 2520 3334 4381 1890 1496 211 2076 2742 1317 393 4016 3404 3485 4396 1567 2395 1470 2347 3538 4301 3589 928 697 1277 1573 3521 1715 3833 464 2406 4464 3707 390 1685 4638 2880 4100 708 3515 3868 1953 1495 3091 1192
1 4472
1 2086
1 2109
1 3271
1 4734
1 3946
1 2086
1 1513
1 183
1 3271
1 2722
1 4295
1 2554
1 1513
1 164
1 4972
1 1478
1 597
1 3969
1 860
1 2161
1 4588
1 778
1 1406
1 3693
1 4708
1 4708
1 4708
1 4740
1 1923
1 1747
1 4972
1 3919
1 1329
1 62
1 529
1 2086
1 1696
1 4588
1 818
1 4790
1 1692
1 860
1 529
1 3670
1 796
1 2741
1 2230
1 3203
1 4734
1 3764
1 4153
1 4874
1 1117
1 1923
1 1692
1 2554
1 778
1 4740
1 86
1 3764
1 2109
1 2086
1 3271
1 4734
1 1513
1 86
1 4551
1 2722
1 1465
1 2128
1 722
1 231
1 231
1 2128
1 231
1 3919
1 2554
1 1601
1 2128
1 2128
1 997
1 1298
1 818
1 529
1 2741
1 3271
1 3856
1 4588
1 3693
1 4740
1 778
1 231
1 4925
1 3964
1 1406
1 4925
1 2161
1 3856
1 4925
1 3203
1 4153
1 597
1 4874
1 164
1 860
1 4790
1 2109
1 4790
1 86
1 4972
1 3604
1 1465
1 3203
1 2263
1 778
1 4972
1 2956
1 2161
1 64
1 2722
1 2411
1 4790
1 2109
1 796
1 4153
1 2230
1 1465
1 860
1 2590
1 529
1 64
1 1696
1 3271
1 4874
1 2086
1 2263
1 860
1 1513
1 4577
1 2109
1 4874
1 2263
1 4577
1 4577
1 1465
1 1117
1 2294
1 997
1 4295
1 2109
1 707
1 1923
1 3670
1 2722
1 3770
1 4740
1 860
1 4734
1 4577
1 3670
1 62
71 360 4538 2653 2224 3971 2471 2847 996 224 1986 3923 1707 3119 1635 1930 3103 743 4558 4429 4543 2515 4813 4264 2211 3169 761 3753 2165 1889 1960 926 2059 1523 4103 3166 3784 1844 2466 4102 2912 775 3293 4703 994 313 4265 3992 2677 602 4864 2773 1135 1522 3714 3730 642 4762 515 945 1925 4274 309 3814 4129 1626 2692 21 1914 277 3002 1824
1 656
1 2590
1 2722
1 4790
1 3964
1 4472
1 4708
1 4708
1 4551
1 3229
1 818
1 3604
1 4740
1 4790
1 2554
1 3964
1 1465
1 997
1 2741
1 2109
1 1117
1 1329
71 360 4721 3135 1744 4458 4033 2064 1781 4326 3266 912 2951 162 669 3961 271 2903 564 1166 3132 4487 3558 3539 3097 1919 4840 3927 2585 755 2234 2735 4508 4010 2106 2074 3281 1905 948 1342 4098 2945 2031 4325 4971 2047 2783 101 4847 429 4358 2522 109 1786 1926 4970 1802 2483 2919 4962 1985 1230 243 3439 3952 158 676 3007 4595 1122 4234 3520
1 1747
1 1478
1 2294
1 4874
1 4153
1 3770
1 2161
1 2956
1 4588
1 2722
1 164
1 4472
1 3946
1 62
1 997
1 3770
1 2590
1 2128
72 360 2127 4921 756 2357 1767 1200 2646 1679 1590 405 628 1994 1474 4233 389 1998 2004 442 4476 526 4837 1338 4678 2003 4063 1690 2985 2525 741 1531 4066 867 2961 4432 2891 2943 2436 1220 3283 3021 3830 3829 1387 2852 161 402 4180 3424 4742 4134 3675 881 1547 3869 3966 1877 646 2612 765 1832 4110 3511 4221 2478 1184 1245 1381 4051 1901 626 3479
1 4588
1 4874
1 2554
1 62
1 3271
1 2956
1 2956
1 778
1 183
1 4551
1 231
1 4153
1 164
1 3565
1 997
1 4472
1 1465
1 1923
1 2294
1 4708
1 1117
1 1692
1 3969
1 3964
1 1601
1 2741
1 2722
1 3565
1 3964
1 1692
1 2161
1 860
72 360 4979 1060 4392 612 541 3415 1093 4960 2042 407 4135 1415 4183 2538 4260 4585 444 2116 3671 2503 4698 255 385 2346 2320 1672 3802 1035 4117 236 1944 4621 556 4245 68 460 1114 3691 2458 3546 1503 1178 2780 3412 3233 688 1243 1861 613 488 922 4530 4879 2021 2883 1759 3760 4771 3205 3806 1644 2684 1256 1782 2159 3880 983 1048 4849 3493 762
1 796
1 4972
1 3946
1 2086
1 2590
1 3856
1 1275
1 1478
1 3203
1 4551
1 4740
1 2294
1 4472
1 3856
1 3946
1 3770
1 597
1 2263
1 1692
1 1692
1 164
1 3693
1 2554
1 4551
1 4734
1 796
1 4472
1 64
1 62
1 3764
1 3670
1 818
1 2294
1 1465
1 86
1 3604
1 1513
1 4874
1 707
1 164
1 86
1 3271
1 722
1 4153
1 3670
1 778
1 86
1 1696
1 62
1 2086
1 1406
1 4588
1 529
1 3946
1 4153
1 4734
1 1298
1 3565
1 707
1 2722
1 3271
1 4153
1 2086
1 529
1 3770
1 4874
1 3604
1 231
72 360 3978 3878 1009 3232 2973 909 2251 1801 2050 3620 780 1076 1209 3821 4101 4109 3482 2825 1971 4675 3749 619 312 4122 2293 4946 1106 4201 859 4094 1025 1797 3566 2389 3427 4011 1240 2386 3817 4411 1348 2322 491 3072 4682 1840 4309 250 103 363 3467 2509 256 2600 723 4333 3879 1835 876 99 3286 586 1799 1405 559 3983 919 605 4848 3857 2966
1 4708
1 3604
1 3919
1 2109
1 778
1 860
1 2294
1 3565
1 1696
1 597
1 796
1 4708
1 2590
1 1696
1 3964
1 597
1 4874
1 4925
1 4472
1 4972
1 2230
1 818
1 4588
1 4790
1 3856
1 1298
1 2554
1 3271
1 4874
1 860
1 3946
1 1747
71 360 3517 3124 2038 1069 3771 2573 2902 2635 4471 2930 4756 3208 296 1582 1244 4266 862 3174 2516 452 1073 766 2179 2729 782 4548 2688 228 4723 3665 1482 2740 3364 4339 2440 1730 3708 4410 3794 2447 3602 4720 2066 204 1207 784 2060 4369 4587 3755 2494 1664 4743 1856 4811 2941 3766 122 4963 861 4275 2645 4268 3651 1591 4961 3167 3600 3976 979
1 529
1 4551
1 4790
1 4972
1 1117
1 3964
1 3481
1 4153
1 997
1 3229
1 164
1 1275
1 3764
1 796
1 656
1 796
1 860
1 183
1 1329
1 4740
1 1478
1 2590
1 707
1 3946
1 796
1 1478
1 2411
1 722
1 3565
1 2230
71 360 4830 1542 3025 4039 1792 4431 3748 3153 4602 4198 3294 1424 1632 4160 455 3965 56 2736 3060 715 3653 1408 2730 1750 1604 4769 3201 4542 1065 2737 624 4567 3690 560 3340 801 3986 4336 73 2147 443 1588 2988 1862 3285 279 1036 2112 3947 3185 575 2237 450 3908 1020 4182 2071 3100 3343 4081 3425 1810 773 2173 412 4759 79 521 3092 2194
1 3670
1 1747
1 997
1 1478
1 860
1 3229
1 2554
1 4925
1 1275
1 4708
1 4734
1 796
1 62
1 3271
1 231
1 1513
1 164
1 4708
1 3770
1 4577
1 529
1 4972
1 1747
1 2554
1 183
1 2161
1 4734
1 2230
1 4874
1 597
1 2554
1 2554
1 183
1 3770
1 3481
1 1275
1 2741
1 3693
1 1275
1 3565
1 164
1 4588
1 3919
1 64
1 183
1 1117
1 2590
1 4472
1 164
1 3964
1 1747
1 2161
1 1923
1 597
1 860
1 3229
1 3770
1 3919
1 2741
1 2741
1 1513
1 164
1 2128
1 3565
1 3969
1 1513
1 529
1 1696
1 4734
1 778
1 4295
1 1692
1 4153
1 597
1 529
1 529
1 796
1 231
1 3229
1 4153
1 1601
1 1513
1 64
1 4790
1 3764
1 707
1 1465
1 183
1 1275
1 656
1 4708
1 2230
1 1601
1 1696
1 2230
1 1406
1 1692
1 2590
1 707
1 4577
1 1923
1 3481
1 3969
1 2956
1 2554
1 3770
1 3203
1 1478
1 707
1 2741
1 1478
1 1923
1 3604
1 3946
1 4472
1 183
72 360 371 4889 4168 2290 4959 91 1042 1129 220 4104 2500 4679 848 4662 3500 4473 3024 4623 1276 1703 827 890 573 4344 1010 4818 4338 2791 3742 272 1613 1842 4816 841 542 4489 3845 2768 3406 4559 2836 4442 3732 1661 878 3788 547 2917 4935 1875 4725 2778 4744 3640 3979 4479 4090 4346 449 2579 4484 3572 9 2045 1023 4616 485 4386 246 4320 4804
1 1478
1 1696
1 4577
1 3229
1 3856
1 164
1 1329
1 656
1 1692
1 4472
1 3604
1 4551
1 4577
1 3604
1 3964
1 3670
1 796
1 1601
1 4874
1 597
1 1692
1 3565
1 3964
1 3604
1 2128
1 4734
1 2554
1 997
1 2263
1 3969
1 3481
1 1465
1 2956
1 4153
1 4740
1 2263
1 4295
1 778
1 4708
1 1478
1 656
1 3770
1 3693
1 3670
1 1406
1 3946
1 2161
1 707
1 860
1 707
1 3693
1 529
1 529
1 1298
1 2086
1 86
1 3271
1 4588
1 656
1 2086
1 707
1 4708
1 4153
1 1601
1 656
1 1923
1 2128
1 1465
1 529
1 3764
1 1406
1 2109
1 597
1 1696
1 3604
1 3693
1 3565
1 4295
1 3964
1 1601
1 3946
1 656
1 2263
1 1465
1 3670
1 1298
1 1298
1 1465
1 2411
1 1747
1 1329
1 2161
1 1478
1 164
1 4708
1 86
1 597
1 2230
1 3770
1 656
1 2722
1 2722
1 3229
1 2086
1 2263
1 3856
1 3565
1 2722
1 1923
1 3604
1 2109
1 2590
1 2554
1 2128
1 3203
1 4472
1 3565
1 3203
1 3770
1 4472
1 1692
1 4588
1 3919
1 4708
1 3203
1 1275
1 2161
1 3764
1 3203
1 796
1 2956
1 4790
1 4708
1 3946
1 4790
1 3670
1 3565
1 529
1 597
1 597
1 1465
1 3481
72 360 399 2524 2907 4 2848 776 1640 4283 785 2399 2101 2001 420 2326 1595 3352 3090 4596 1980 965 3071 2184 4306 3128 3389 4164 2777 3410 1725 2626 1936 3848 2257 1252 4825 2904 1694 227 3541 3382 4513 3905 48 3004 4899 929 2557 3447 2301 2325 4263 3741 4711 1918 2131 3291 864 2318 1839 2438 3960 280 4371 4463 4138 4470 608 3042 4586 2727 3973
1 1465
1 4472
1 2554
1 1406
1 997
1 1329
1 3203
1 1275
1 4472
1 722
1 3764
1 3770
1 4925
1 86
1 997
1 1406
1 707
1 3919
1 2263
1 1298
1 231
1 4588
1 707
1 997
1 2411
1 997
1 3693
1 4925
1 2741
1 3946
1 2109
1 860
1 4551
1 3856
1 4972
71 360 1059 1193 4056 2243 806 620 2772 233 4218 2053 1566 4222 1268 2855 1304 702 1683 3137 4500 1359 4871 601 2166 812 1483 1612 3375 3630 3247 1621 1569 2126 2523 3569 998 932 2764 3218 3744 4191 2392 1004 639 4252 683 4778 3253 1605 3190 1056 2285 4061 4048 341 132 3751 3399 367 1064 4809 2969 1437 3522 835 2341 2088 1815 1040 4828 4216
1 707
1 1298
1 778
1 1298
1 3946
1 3670
1 3919
1 1298
1 3856
1 2230
1 1478
1 3565
1 1275
1 3964
1 3764
1 722
1 2956
1 4153
1 1275
1 4588
1 4708
1 2128
1 3604
1 3969
1 3856
1 4588
1 597
1 3856
1 2741
1 4551
1 3946
1 3565
1 1923
1 796
1 1601
1 2554
1 3481
1 64
1 4734
1 707
1 707
1 231
1 4551
1 1406
1 2263
1 722
1 1275
1 860
1 818
1 3203
1 1298
1 62
1 4972
1 3964
1 2263
1 2128
1 3919
1 4874
1 64
1 62
1 164
1 529
1 2086
1 4551
1 1117
1 1696
1 818
1 796
1 997
1 4551
1 3229
1 707
1 2741
1 1329
1 2956
1 3964
1 4925
1 3770
1 1478
1 1747
1 1406
1 3969
1 164
1 2741
1 997
1 4874
1 2086
1 1117
1 2741
1 62
1 3670
1 2722
1 86
1 2161
1 1513
1 1601
1 3203
1 2263
1 3964
1 1298
1 3919
1 2086
1 62
1 997
1 4577
1 4153
1 1692
1 3670
1 3693
1 2741
1 796
1 656
1 231
1 1275
1 1329
1 1692
1 4925
1 1117
1 1465
1 3565
1 4734
1 62
1 3964
1 597
1 4740
1 707
1 4790
1 3229
1 3203
1 1465
1 4790
72 360 2808 4858 4642 1617 4878 1850 1083 623 2513 1171 1085 3720 2743 4866 1638 2078 3745 2519 516 874 1549 1041 2892 3463 3405 2119 1174 4862 3601 2843 3622 1934 379 2221 2682 963 539 3609 4281 562 380 322 1821 4363 4999 3823 882 505 2512 2089 1663 3070 4225 4796 1992 1459 428 3436 1033 2974 1657 4087 2155 4964 709 3144 326 2044 467 3068 3
1 4588
1 1117
1 2956
1 4972
1 2554
1 86
1 2263
1 2294
1 529
1 1478
1 164
1 4925
1 2109
1 2294
1 2294
1 2956
1 1692
1 2263
72 360 2353 1422 4403 2874 2331 4285 376 359 105 195 4313 2835 4674 528 985 3633 478 1292 1540 2154 3387 2700 935 1278 4147 2619 3238 1008 2663 2918 1104 2583 3491 1438 2354 3993 3596 1145 2838 1395 3628 1464 4993 3235 3942 3930 3890 1791 2674 555 3269 55 3926 4504 3564 4276 4202 3524 2679 4106 1229 1970 2105 1561 905 888 2404 934 3457 2009 1580
1 1923
1 2722
1 4925
1 1298
1 1747
1 656
1 2956
1 4790
1 796
1 3271
1 3271
1 3964
1 1478
1 4588
1 1747
1 3946
1 4295
1 3919
1 1298
1 597
1 1406
1 4551
1 2590
1 529
1 1117
1 3770
1 2411
1 1747
1 3969
1 4588
1 2590
1 2086
1 722
1 3969
1 4740
1 2554
1 2411
1 4153
1 2161
1 3481
1 3565
1 2109
1 4925
1 656
1 3919
1 656
1 183
1 1513
1 3946
1 2411
1 231
1 997
1 3565
1 3565
1 4588
1 4295
1 3764
1 4734
1 183
1 4588
1 818
1 62
1 64
1 707
1 722
1 3946
1 2722
1 4577
1 1298
1 1692
1 4740
1 1747
1 231
1 818
1 597
1 164
1 707
1 3481
1 4153
1 1117
1 3770
1 818
1 4925
1 2230
1 707
1 4295
1 4295
1 3604
1 1406
1 860
1 4295
1 4551
1 1329
1 2741
1 2411
1 4874
1 2741
1 4153
1 656
1 707
1 183
1 2722
1 3856
1 3919
1 4708
1 2086
1 2554
1 4790
1 1692
1 1747
1 2128
1 64
1 4708
1 2590
1 231
1 1692
1 4734
1 597
1 4472
1 3693
1 656
1 3964
1 3481
1 3770
1 1601
1 62
1 3919
1 62
1 1696
1 3969
1 4740
1 1117
1 2741
1 597
1 4577
1 3271
1 3770
1 1117
1 1923
1 860
1 3693
1 2161
1 1513
1 1117
1 1329
1 4153
1 62
1 64
1 4588
1 2128
1 2722
1 529
1 4472
1 4551
1 2956
1 4551
1 1406
1 4740
1 1747
1 64
1 2263
1 2109
1 2554
1 1478
1 1696
1 2554
1 164
1 3203
1 818
1 1747
1 2086
1 3670
1 4472
1 64
1 597
1 2411
1 2741
1 2109
1 1747
1 4972
1 4472
1 1747
1 3764
1 529
1 2956
1 818
1 597
1 3964
1 2263
1 1275
1 4295
1 597
1 3919
1 64
1 4734
1 1275
1 4588
1 231
1 1275
1 2263
1 1513
1 2128
1 4708
1 2109
1 4972
1 818
1 4874
1 4472
1 64
1 2109
1 1513
1 64
1 4588
1 183
71 360 2134 2748 1855 4227 1803 1723 208 3838 1766 2041 4176 3306 2665 3627 2896 614 4928 849 136 2542 3362 1300 3290 3331 1263 2444 23 3261 2398 1510 4248 2725 350 2135 4477 1297 3846 1324 4424 1823 1887 1511 803 3365 2117 289 545 953 2738 3699 921 536 384 3311 3761 604 819 1417 477 199 4877 879 2926 4716 3853 248 249 2607 703 3647
1 722
1 1329
1 3604
1 3969
1 2128
1 3770
1 1601
1 4708
1 4295
1 2230
1 4577
1 3203
1 2590
1 3604
1 722
1 4734
1 2230
1 2722
1 164
1 4740
1 1478
1 1601
1 818
1 64
1 86
1 1275
1 3919
1 64
1 2128
1 1465
1 3604
1 2294
1 1696
1 4708
1 818
1 3964
1 656
1 4153
1 656
1 3271
1 818
1 4972
1 3203
1 529
1 3693
1 2086
1 1298
1 2554
1 3565
1 1601
1 2109
1 3764
1 796
1 64
1 4295
1 1275
1 1329
1 3481
1 4295
1 1117
1 1513
1 1692
1 3203
1 3856
1 2128
1 1117
1 997
1 2411
1 2294
1 3565
1 1601
1 722
1 1601
1 997
1 1601
1 164
1 183
1 3969
1 4295
1 4577
1 4874
1 4588
1 722
1 3693
1 3969
1 2554
1 778
1 1117
1 1747
1 86
1 1117
1 1513
1 860
1 4874
1 3919
1 3964
1 3946
1 4577
1 3919
1 597
1 231
1 3946
1 3946
1 2294
1 3565
1 597
1 860
1 1513
1 4790
1 231
1 1117
1 2722
1 164
1 2722
1 2554
1 2230
1 796
1 4790
1 3969
1 1465
1 818
1 4551
1 3565
1 860
1 3946
1 1329
1 1513
1 164
1 3604
1 183
1 707
1 1478
1 231
1 2554
1 1923
1 2294
1 231
1 3604
1 1406
1 3770
1 2109
1 796
1 1601
1 2294
1 4295
1 3764
1 2086
1 1329
1 1692
1 3670
1 86
1 3481
1 860
1 4295
1 164
1 597
1 3693
1 1117
1 64
1 3946
1 4734
1 4790
1 2086
1 796
1 529
1 4153
1 1298
1 2263
1 3764
1 3770
1 3565
1 2554
1 64
1 3693
1 1275
1 2109
1 997
1 1406
1 2109
1 997
1 2590
1 597
1 4153
1 3693
1 3919
1 4874
1 4708
1 2722
1 1465
1 1275
1 3856
1 4472
1 4472
1 860
1 183
1 860
1 2294
1 3670
1 4874
1 656
1 3481
1 3764
1 64
1 1117
1 3481
1 1692
1 1329
1 3770
1 1406
1 2086
1 2263
1 3856
1 2086
1 722
1 4874
1 3271
1 4740
1 2263
1 3946
1 3919
1 4708
1 3481
1 86
1 231
1 1275
1 4740
1 3969
1 4708
1 2294
1 183
1 597
1 3604
1 656
1 2590
1 4551
1 4972
1 597
1 3481
1 707
1 4740
1 4874
1 4588
1 3946
1 64
1 2294
1 3946
72 360 2024 508 617 473 4634 2561 3019 1822 304 262 2719 3867 3659 98 1589 4058 4448 4113 4453 3818 2529 893 4710 4150 2401 2526 2909 78 2999 1972 3414 1870 3582 2536 1293 397 2640 4801 338 29 4151 1681 1321 3999 284 2170 6 4256 2687 3615 2037 1740 1439 287 1302 4912 2968 1249 4146 1420 4534 852 2540 1261 1119 4751 759 3273 4299 729 4615
1 1478
1 2161
1 1513
1 818
1 2263
1 1465
1 3964
1 656
1 1478
1 818
1 64
1 4153
1 4734
1 62
1 2590
1 3670
1 4790
1 4708
1 1923
1 86
1 796
1 4734
1 3481
1 4972
1 778
71 360 2373 77 2661 200 652 851 347 159 3951 2273 4089 4799 4888 815 737 4604 3786 2718 2096 2415 469 4977 4684 413 1326 2514 4872 415 2350 1202 93 4241 3683 2300 3499 3711 144 1078 976 3504 3727 1349 1869 14 3583 1436 777 828 3497 184 3850 1147 4184 3706 903 3944 3359 3625 1650 3383 4663 925 4833 3933 4258 1141 3612 4745 1164 957
1 183
1 4551
1 2230
1 2161
1 4295
1 2741
1 1275
1 3946
1 2741
1 4588
1 3856
1 3856
1 860
1 3919
1 4577
1 722
1 1329
1 2590
1 4551
1 597
1 3693
1 1923
1 3565
1 2590
1 1747
1 778
1 1406
1 4740
1 1747
1 1117
1 4972
1 2956
1 3964
1 4472
1 1329
1 62
1 2109
1 64
1 4925
1 2741
1 64
71 360 4574 3172 2468 1702 1515 1838 2133 3435 4768 2222 666 1553 1927 2751 3526 2010 3371 1487 4564 1306 1933 1115 4466 2308 185 2996 1441 3885 3613 3984 507 2203 3967 1987 3586 534 3785 4069 3495 4434 1258 3873 3610 698 1440 1688 4041 3535 3701 3931 1736 955 3292 637 88 1572 4686 1528 4639 1524 2877 2258 718 2752 1088 107 1827 4517 2057 1586
1 997
1 3203
1 4972
1 4734
1 4734
1 4577
1 4972
1 3481
1 1692
1 2109
1 3565
1 2128
1 1692
1 2294
1 2230
1 4588
1 778
1 4740
1 2956
1 2554
1 3271
1 2086
1 2294
1 62
1 722
1 1696
1 860
1 4295
1 860
1 656
1 4295
1 1696
1 3770
1 778
1 2956
1 778
1 656
1 62
1 4588
1 2956
1 796
1 3670
1 1747
1 3770
1 3565
1 3946
1 3919
1 62
1 656
1 4925
1 62
1 4708
1 62
1 3565
1 1298
1 4588
1 818
1 818
1 4790
1 2956
1 1747
1 3964
1 1923
1 3670
1 3670
1 1696
1 778
1 656
1 2294
1 3946
1 4588
1 2294
1 656
1 231
1 1275
1 778
1 1513
1 4153
1 4972
1 1465
1 2554
1 1747
1 3565
1 1601
1 4972
1 4925
1 1696
1 3229
1 1406
1 3764
1 2956
1 818
1 2263
1 2956
1 656
1 4925
1 4925
1 3670
1 3693
1 3271
1 4295
1 1329
1 3856
1 2590
1 4153
1 3764
1 1601
1 3481
1 4295
1 707
1 2554
1 3229
1 4588
1 4740
1 3969
1 2741
1 4551
1 2554
1 164
1 3481
1 4472
1 1406
1 3604
1 3919
1 4734
1 4972
1 3856
1 2590
1 4551
1 62
1 3969
1 183
1 1923
1 2722
1 2411
1 3964
1 1275
1 4153
1 2554
1 3919
1 2161
1 4925
1 3203
1 2161
1 3565
1 997
1 3764
1 3481
1 4472
1 4925
1 3969
1 597
1 2128
1 2294
1 3693
1 2230
1 860
1 231
1 656
1 1601
1 62
1 4740
1 183
1 3271
1 2722
1 1329
1 997
1 2109
1 62
1 3964
1 4925
1 3604
1 1275
1 3964
1 1747
1 2554
1 4472
1 1696
1 4153
1 860
1 3670
1 1329
1 4577
1 4972
1 778
1 2741
1 4734
1 3770
1 1117
1 4577
1 86
1 2722
1 4925
1 4790
1 1601
1 2230
1 4295
1 1465
1 1298
1 529
1 4790
1 656
1 1329
1 3604
1 3693
1 4740
1 722
1 2128
1 1465
72 360 4359 3108 3157 1382 2819 2329 1047 907 580 4628 259 4310 4924 202 544 3419 494 411 1318 153 2781 2442 3985 433 1726 4512 3014 2396 4589 4755 4205 1787 2864 4553 3634 1868 3506 3863 1642 3178 4822 1379 3279 2553 4605 4247 1238 748 532 1814 3226 4469 334 226 1001 3379 3194 3161 2270 1257 1805 1472 940 2627 4702 1577 1841 3547 1578 4865 3391
1 2230
1 722
1 1692
1 1923
1 1696
1 183
1 231
1 4577
1 707
1 2741
1 1275
1 2161
1 1601
1 3271
1 1696
1 3229
1 4551
1 3229
1 2411
1 4153
1 4874
1 778
1 3229
1 183
1 3481
1 4874
1 1298
1 707
1 3946
1 2128
1 3604
1 1117
1 1465
1 1923
1 656
1 2263
1 796
1 1692
1 2109
1 1923
1 2590
1 3919
1 2741
1 164
1 3271
1 183
1 4551
1 656
1 3964
1 4588
1 86
1 4295
1 231
1 3271
1 4740
1 86
1 1923
1 2109
1 722
1 2554
1 1465
1 231
1 62
1 1465
1 2161
1 3481
1 1601
1 1747
1 1478
1 656
1 62
1 707
1 722
1 62
1 3565
1 3946
1 2109
1 4577
1 818
1 1923
1 3693
1 4708
1 2741
71 360 4572 2358 2794 3061 205 3325 2433 11 680 3316 421 331 2488 579 4777 2782 1388 1414 1058 2334 4501 1908 36 4668 4683 3127 1376 552 3354 3026 4754 3556 1817 2548 2602 3416 2219 3252 3843 2528 1203 4791 3079 4038 824 2518 4554 448 2156 3836 3808 3005 3712 1284 4145 4152 1126 2795 4885 3282 366 221 640 2710 2142 2238 1516 2292 2622 4277
1 2230
1 4295
1 1329
1 2590
1 3764
1 529
1 2411
1 3946
1 3604
1 4790
1 1329
1 529
1 1275
1 3964
1 183
1 4708
1 3203
1 3229
1 62
1 3969
1 3271
1 4790
1 529
1 1923
1 4790
1 231
1 4472
1 4551
1 3946
1 3693
1 2741
1 4740
1 4153
1 1329
1 2263
1 2722
1 2263
1 3670
72 360 3443 2035 4945 2422 3918 2228 299 2425 3820 677 2098 4787 2197 33 1532 3645 667 2486 2435 3729 2232 2987 330 3574 1772 1911 4836 3512 1795 1186 4651 2613 690 3649 2959 4994 234 1144 3394 3837 3094 4015 4049 3861 117 404 4099 4214 4614 2407 839 2521 3475 1629 1361 4954 2829 435 937 2970 1179 3085 518 26 1770 4239 938 267 4667 3188 3852
1 1478
1 1513
1 3693
1 656
1 2722
1 3271
1 818
1 3229
1 3271
1 1601
1 3203
1 997
1 3969
1 4295
1 4551
1 2230
1 3946
1 2722
1 997
1 1298
1 3229
1 722
1 2956
1 2741
1 707
1 2590
1 3770
1 3764
1 2741
1 3481
1 1329
1 1329
1 3670
1 3964
1 183
1 2411
1 656
1 3964
1 3770
1 1478
1 3604
1 796
1 2956
1 1513
1 3604
1 4295
1 2263
1 707
1 2294
1 796
1 3670
1 778
1 3764
1 86
1 3203
1 1601
1 1692
1 3946
1 3856
1 4740
1 2263
1 4472
1 183
1 3969
1 231
71 360 1557 131 2084 3694 1603 1288 3957 3722 3637 3709 2455 517 343 2077 1272 3335 4034 3219 650 3154 2206 2295 4608 4748 1066 3336 3369 2496 3774 190 3603 1788 1798 1260 3106 3452 672 439 4250 1331 4726 1585 3655 670 1396 2913 4633 4953 981 432 2192 2596 2547 4140 307 4494 3789 962 1 2427 941 2681 462 3313 1447 4832 1968 166 2698 4929
1 2161
1 4740
1 1747
1 4790
1 2128
1 3969
1 1465
1 3764
1 183
1 1696
1 86
1 1478
1 3229
1 1601
1 1601
1 860
1 778
1 1465
1 529
1 2294
1 2161
1 3946
72 360 257 2454 4342 1286 548 1148 634 4761 266 141 933 4913 2487 4105 3815 1241 2332 3825 1255 377 1090 3250 3476 589 40 3370 514 1316 3607 1050 3426 37 4942 484 4983 2183 1551 4072 1948 2581 3130 2882 329 4854 550 4606 3140 3562 4376 2013 2462 2861 3595 826 1428 489 2699 4571 408 535 454 3001 416 4987 3040 982 481 3801 3841 3113 721
1 3670
1 1513
1 64
1 4708
1 1298
1 2956
1 4708
1 3271
1 3969
1 1747
1 4295
1 4577
1 3229
1 1923
1 2263
1 3670
1 86
1 3229
1 3565
1 1275
1 2086
1 4295
1 1696
1 1465
1 707
1 3946
1 2722
1 4972
1 3670
1 1601
1 62
1 1275
1 4925
1 3229
1 4551
1 3604
1 2086
1 796
1 2411
1 4708
1 1747
1 4925
1 707
1 529
1 231
1 4790
1 4588
1 2554
1 2411
1 4551
1 2590
1 2722
1 1465
1 1117
1 2294
1 2230
1 1601
1 2590
1 3764
1 2086
1 1513
1 2263
1 722
1 164
1 1692
1 64
1 2161
1 2956
1 1923
1 86
71 360 1652 1173 2798 4096 512 175 3361 4137 196 1138 2481 4419 2191 4439 354 2539 2276 4162 2565 3934 18 178 1224 4413 4088 1974 154 3678 673 3125 678 1194 1831 1651 733 298 4293 3884 4890 3657 4407 2924 4154 3377 295 1984 2379 653 1466 201 3418 4997 3102 3008 4243 3158 3570 1539 1019 1581 3940 253 4803 2605 3752 3632 1504 863 3994 799
1 1406
1 2263
1 1601
1 4972
1 1696
71 360 3096 3773 1858 1285 3304 3643 791 2878 1658 792 2079 1888 4170 4007 145 2313 4505 1649 2530 647 1673 4077 2822 3126 378 2566 487 2453 2226 2328 4859 2767 431 3164 3459 999 2125 4457 2962 4026 4495 1454 4042 1216 838 4529 2115 3922 4307 2510 2 2668 3315 1290 990 3631 2400 595 4012 668 4701 1108 2865 3929 4750 2351 4304 308 2177 1615
1 2263
1 3964
1 3770
1 3670
1 796
1 231
1 1601
1 3946
1 62
1 3919
1 778
1 3919
1 1298
1 2086
1 3271
1 3229
1 1601
1 2411
1 3670
1 4472
1 4790
1 86
1 86
1 2263
1 62
1 656
1 1329
1 4972
1 1406
1 597
1 3693
1 2161
1 4295
1 597
1 4588
1 2161
1 3969
1 3565
1 1692
1 86
1 4153
1 164
1 3969
1 2086
1 3693
1 4740
1 2230
1 3203
1 1117
1 3604
1 2230
1 1601
1 2722
1 3856
1 3693
1 62
1 164
1 597
1 2128
1 2128
1 3969
1 778
1 1923
1 3969
1 1696
1 3565
1 3604
1 2956
1 4790
1 4972
1 3693
1 1298
1 3565
1 1692
1 2411
1 2956
1 4577
1 2554
1 4734
1 3229
1 997
1 3604
1 2956
1 86
1 4874
72 360 884 369 566 4597 1571 3240 846 4526 3824 691 4014 3020 82 2844 3168 2588 273 1157 245 3241 4808 4312 710 2011 4231 2618 2517 845 1180 1196 600 332 1334 237 3374 4598 4869 2416 3147 1812 648 2615 636 2167 453 798 1548 3398 2599 1153 1097 1175 418 883 1560 4323 2255 1643 2022 1226 1559 4627 123 476 1608 1314 633 1111 621 3663 2175
1 2230
1 796
1 183
1 597
1 3604
1 86
1 3481
1 796
1 1329
1 818
1 3203
1 1923
1 2128
1 1747
1 4708
1 997
1 3271
1 4740
1 231
1 231
1 183
1 2230
1 2230
1 2161
1 164
1 4551
1 1275
1 3764
1 3271
1 3946
1 1692
1 1329
1 4790
1 2741
1 4551
1 4153
1 4734
1 656
1 1329
1 1117
1 4588
1 3964
1 4708
1 1329
1 597
1 707
1 529
1 1513
1 2554
1 86
1 4577
1 2294
1 656
1 1747
1 707
1 597
1 4153
1 1117
1 818
1 656
1 1478
1 3604
72 360 1109 3141 714 1956 1448 1332 4857 887 4412 300 506 4322 2786 4904 1837 3523 134 138 1755 3318 1210 2845 3176 939 3243 1199 2534 381 2868 4772 747 1087 3395 3782 2352 2691 235 4361 4290 396 2647 1370 2572 2337 3780 2759 1556 3959 789 4851 3411 4563 167 591 303 1418 2983 2597 3055 2934 4378 3051 4617 4880 2000 1120 263 4786 4075 440 2233
1 529
1 1406
1 3770
1 2086
1 4153
1 4577
1 2741
1 2109
1 707
1 3770
1 2741
1 3271
1 4740
1 3229
1 3764
1 597
1 3969
1 796
1 656
1 1465
1 3764
1 4588
1 2741
1 656
1 3229
1 4153
71 360 3573 2757 3594 2595 1467 1533 3202 4427 726 2492 3950 4940 781 520 4008 1287 1789 4212 4388 2261 3778 1757 610 3621 1728 4540 1232 2122 3510 3058 2457 1881 3557 553 3237 3341 3199 2408 3175 2287 4524 3692 2215 4053 3081 1251 4423 2545 219 1929 2621 344 2807 3053 1133 2584 466 3886 4789 3317 2164 3719 2176 3059 3116 2790 1541 3662 4941 734
1 2294
1 1513
1 1478
1 3946
1 3229
1 2109
1 529
1 4972
1 1747
1 4588
1 3670
1 4472
1 3919
1 2554
1 2109
1 64
1 1117
71 360 4562 2269 946 3579 4352 149 2490 2018 2863 1499 739 4148 3441 3638 4823 4920 2434 403 616 2666 3445 3052 2152 2753 2992 1371 2689 1497 339 2713 2102 1737 625 2157 2604 135 3772 549 2426 2929 2644 496 3407 3210 2344 1587 1570 3977 1150 4998 3898 1325 3642 3530 4944 527 700 197 4747 4673 4689 3333 915 2091 1077 1885 1223 2245 3262 102
1 2294
1 2128
1 3271
1 4588
71 360 2359 1884 2151 4664 316 3813 3668 1146 1942 1301 3676 4279 3936 4599 4670 630 265 1783 2770 2614 2397 1121 1427 3183 4875 3834 4224 192 3041 2775 169 65 1368 1151 422 3075 165 493 2441 4984 297 3422 4177 3617 4503 222 3807 4144 210 3831 814 3402 3585 4647 4024 1921 3386 4235 2871 2672 578 194 4842 3034 43 767 1336 3702 4118 2960
1 1465
1 2086
1 64
1 2554
1 997
1 1329
1 2263
1 3964
1 2230
1 2411
1 1298
1 1465
1 1329
1 2230
1 3271
1 3481
1 2294
1 1275
1 778
1 4577
1 4740
1 62
1 2086
1 2741
1 3764
1 4874
1 818
1 231
1 164
1 3203
1 796
1 818
1 4708
1 4295
1 778
1 4734
1 1478
1 3770
1 3946
1 1696
1 2109
1 2230
1 3770
1 4790
1 3856
1 3604
1 1923
1 778
1 164
1 1478
1 183
1 1601
1 4925
1 183
1 3969
1 529
1 3770
1 796
1 796
1 231
1 707
1 4925
1 4874
1 2109
1 3670
1 778
1 1465
1 997
1 3565
1 2294
1 1478
1 3271
1 3770
1 4577
1 1406
1 656
1 164
1 4925
1 2590
1 3604
1 1465
1 2128
1 164
1 3946
1 997
1 1275
1 2590
1 4588
1 3203
1 4153
1 707
1 2590
1 860
1 2128
1 4972
1 997
1 2128
1 1696
1 1406
1 3271
1 1117
1 1465
1 3693
1 597
1 4472
1 3919
1 722
1 3770
1 4972
1 62
1 64
1 2294
1 1692
1 529
1 1747
1 4295
1 4295
1 2722
1 3764
1 3229
1 2411
1 1923
1 4577
1 1298
1 2230
1 64
1 3764
1 1329
1 2109
1 3604
1 1923
1 2230
1 2086
1 2086
1 2411
1 3693
1 2741
1 4740
1 4588
1 2230
1 2128
1 1298
1 818
1 3203
1 529
1 860
1 1923
1 2161
1 3969
1 4874
1 1923
1 64
1 2230
1 818
1 1478
1 860
1 4734
1 1406
1 1696
1 2086
1 1513
1 4153
1 164
1 4790
1 2128
1 2161
1 529
1 3764
1 2554
1 997
1 3670
1 62
1 231
1 656
1 3969
1 3565
1 3203
1 2741
1 3964
1 997
1 3203
1 3203
1 3565
72 360 2696 4580 3598 4485 2114 3349 3945 3376 752 3501 3450 2216 4475 853 4592 342 2779 1099 2820 1975 4421 2049 1172 2025 4131 4731 3215 282 2887 2839 2271 4722 3811 2367 2994 3122 2474 1289 1357 230 4705 1112 315 992 4156 736 2608 1763 3913 1391 2223 1720 2140 4712 899 3139 291 2445 3409 1619 3892 2374 4059 4933 3924 857 1847 635 2205 786 4417
1 3764
1 4472
1 4153
1 1696
1 4577
1 860
1 2294
1 1513
1 3764
1 778
1 2554
1 1275
1 1601
1 1298
1 2411
1 1298
1 3770
1 1601
1 722
1 1406
1 62
1 818
1 2956
1 3969
1 1117
1 4972
1 2128
1 1601
1 2294
1 2161
1 3229
1 1275
1 597
1 86
1 722
1 778
1 4734
1 2590
1 796
1 1329
1 796
1 1478
1 4551
1 4472
1 2294
1 4874
1 529
1 2230
1 2741
1 4972
1 818
1 3481
1 231
1 796
1 62
1 4972
1 4874
1 164
1 3946
1 4740
1 3604
1 64
1 2590
1 1513
1 2590
1 1513
1 231
1 2128
1 2590
1 1298
1 3969
1 2722
1 4551
1 2956
1 183
1 4972
1 4295
1 3856
1 4790
1 2128
1 2109
1 3969
1 164
1 4551
1 4740
1 3604
1 722
1 3229
1 818
1 3764
1 4551
1 2161
1 4472
1 3481
1 2956
1 4588
1 3670
1 722
1 2590
1 4790
1 1117
1 4295
1 3203
1 997
1 3229
1 1298
1 2161
1 656
1 1465
1 2554
1 2086
1 2086
1 2263
1 1696
1 2263
1 62
1 4295
1 4874
1 62
1 4790
1 2086
1 2263
1 2741
1 3565
1 4577
1 3969
1 722
1 2722
1 4577
1 2554
1 4740
1 2741
1 4972
1 4551
1 4972
1 4740
1 3919
1 86
1 62
1 3764
1 4874
72 360 3618 856 1935 3234 2365 4230 3380 3803 3704 4733 2448 3299 2758 1026 1159 1506 3015 317 1477 1494 2797 4085 913 3650 427 4907 3110 4255 2827 320 3715 137 451 2489 1904 4584 746 4950 1430 3101 1816 373 3567 4873 4086 1386 632 4315 4641 1037 4270 3302 1768 4624 3468 3372 2828 927 2932 3533 406 4296 2832 4397 1296 2073 3011 3035 2965 4003 179
1 4295
1 778
1 4790
1 3203
1 1406
1 1923
1 529
1 1329
1 3770
1 183
1 2554
1 3770
1 1513
1 2230
1 3481
1 707
1 3856
1 2741
1 4874
1 4295
1 597
1 722
1 818
1 997
1 2411
1 4708
1 3919
1 3856
1 183
1 2109
1 2109
1 4708
1 4551
1 231
1 860
1 597
1 1692
1 2230
1 1329
1 4577
1 2294
1 183
1 2411
1 2263
1 860
1 4551
1 3693
1 164
1 2411
1 1298
1 2411
1 1747
1 1478
1 722
1 1117
1 164
1 3964
1 1329
1 4734
1 656
1 1117
1 707
1 2109
1 3481
1 86
1 3919
1 1329
1 2722
1 4790
1 1478
1 1329
1 1692
1 597
1 2263
1 778
1 2554
1 1329
1 529
1 4588
1 4740
1 3693
1 4472
1 3919
1 1275
1 1298
1 1923
1 4577
1 1275
1 997
1 1513
1 2411
1 4472
1 3946
1 722
1 231
1 4972
1 2161
1 796
1 4588
1 1117
1 1923
1 4295
1 1923
1 1478
1 796
1 1275
1 1747
1 2741
1 4708
1 1513
1 1513
1 3764
1 183
1 1747
1 2263
1 2230
1 3919
1 3764
1 1478
1 778
1 1692
1 4153
1 4734
1 3764
1 4790
1 4153
1 997
1 3946
1 2956
1 597
1 1692
1 3946
1 1696
1 2086
1 597
1 2294
1 2128
1 64
1 3271
1 1465
1 1465
1 4740
1 231
1 3764
1 231
1 1692
1 2411
1 1747
1 164
1 1513
1 4925
1 1298
1 3203
1 4577
1 4972
1 4874
1 860
1 3203
1 4874
1 4972
1 597
1 3770
1 2109
1 1275
1 1692
1 597
1 1406
1 2554
1 1923
1 4577
1 3271
1 4577
1 1478
1 3481
1 2554
1 2263
71 360 3958 336 66 4074 611 4824 2556 3392 4528 1095 2121 94 2922 129 2092 401 1372 4900 1924 3149 916 2531 618 2342 4780 1616 4197 4901 2563 2188 3592 4730 2914 2421 2949 10 2409 3448 749 2144 795 3263 4692 2174 593 2894 1378 4838 346 1738 751 3666 2527 2860 4377 213 335 4645 1124 4246 212 4986 3148 2249 3420 4387 4155 3790 4988 1645
1 2411
1 997
1 4153
1 2128
1 2956
1 1513
1 2411
1 1406
1 1478
1 796
1 1298
1 2411
1 4153
1 1117
1 2109
1 183
1 2411
1 1513
1 860
1 4708
1 1329
1 3670
1 3770
1 86
1 818
1 1117
1 164
1 2590
1 3565
1 796
1 3969
1 2741
1 3770
1 722
1 1478
1 2109
1 4874
1 1329
1 1298
1 3481
1 2554
1 164
1 1406
1 707
1 3271
1 4734
1 656
1 529
1 62
1 1513
1 4740
1 3946
1 4790
1 3856
1 1696
1 4472
1 3770
1 2161
1 1692
1 529
1 529
1 3203
1 796
1 4734
1 1406
1 2086
1 4588
1 3946
1 1513
1 2294
1 2086
1 4740
1 1406
1 1465
1 707
1 2263
1 4734
1 4551
72 360 4707 662 2171 3078 2185 1538 3743 4237 3388 2660 163 4196 2654 1125 2265 274 1991 4287 995 1826 4341 974 3619 2763 218 3231 1625 2587 2620 4965 2138 458 513 4328 1780 4968 118 4226 3191 3891 207 2423 1390 1107 3728 2095 2633 4784 4939 1239 3498 3400 3882 2897 1910 4550 4612 1211 2895 4244 842 3248 3593 2833 896 1031 1100 3528 1295 1385 4700
1 4740
1 3481
1 3565
1 4708
1 1601
1 183
1 2086
1 2411
1 64
1 1513
1 3964
1 3919
1 3271
1 4790
1 529
1 2294
1 860
1 997
1 86
1 3693
1 3565
1 4790
1 3271
1 1329
1 1696
71 360 3054 3907 4282 441 4806 2414 2314 1205 522 2068 4876 4465 2809 4278 4629 4158 1080 763 4467 4709 4594 4382 1851 4680 901 1079 970 4043 654 3847 2876 127 1082 1055 4449 4335 924 2424 1807 817 3989 3277 3489 3036 2695 4855 1734 3461 4092 1819 2083 3705 1360 3559 627 3244 2967 31 1714 2394 2063 4896 2067 850 730 229 4660 3925 3454 4826
1 4972
1 818
1 4153
1 64
1 4588
1 183
1 4295
1 2161
1 2554
1 2263
72 360 587 4539 3287 1505 825 2723 2610 3384 1016 837 3531 4891 2253 3941 2890 3740 3239 3897 2796 967 4975 2129 4249 2336 4394 3956 2938 3198 1962 188 1945 4374 3968 1637 89 1002 3310 3342 2118 2012 1552 2576 398 4782 155 357 892 2801 4108 3805 2469 664 875 1920 4582 822 44 1052 325 3327 1733 2954 2533 4057 2771 2213 4834 2755 3038 1039 2616
1 3481
1 860
1 1601
1 4153
1 778
1 4577
1 2109
1 2554
1 3856
1 3856
1 3969
1 64
1 4925
1 2294
1 1747
1 3229
1 3481
1 3693
1 1298
1 3670
1 818
1 1465
1 1465
1 4551
1 4874
1 3604
1 3203
1 2411
1 3919
1 1117
1 1406
1 722
1 2161
1 1696
1 2411
1 4295
1 1329
1 1298
1 3856
1 3481
1 4577
1 1601
1 1923
1 1696
1 3670
1 3203
1 231
1 86
1 1696
1 1923
1 3271
1 164
1 4295
1 2722
1 860
1 1601
1 4472
1 796
1 3969
1 4790
1 529
1 4790
1 3604
1 997
1 4734
1 1117
1 529
1 1513
1 1692
1 818
1 1601
1 4577
1 1298
1 2411
1 3229
1 3969
1 1329
1 722
1 3604
1 3565
1 4734
1 3969
1 1747
1 860
1 3964
1 2741
1 2230
1 997
1 997
1 2128
1 2411
1 4577
1 818
1 2230
1 3565
1 3229
1 4925
1 3271
1 1747
1 656
1 3964
1 597
1 1513
1 4472
1 4708
1 4874
1 656
1 1117
1 1117
1 2161
1 1478
1 4551
1 3770
1 3481
1 2086
1 529
1 4153
1 4874
1 4551
71 360 4555 728 2611 2148 2535 2854 2990 67 2964 4327 1951 4321 4404 2473 2544 4002 2242 1950 1377 891 3323 2450 754 2304 3581 3221 2231 4693 805 2312 1584 2944 1182 1806 3563 1429 1411 727 3177 3899 3871 4810 3700 2846 1693 843 1949 4492 1592 3143 126 1846 2093 4881 54 2506 1699 811 3184 973 530 972 1501 3733 4843 2094 1231 797 3697 2385
1 4577
1 3203
1 2554
1 4153
1 1601
1 818
1 1465
1 2956
1 722
1 997
1 597
1 2263
1 2109
1 4153
1 2263
1 860
1 2411
1 3670
1 86
1 183
1 1696
1 4472
1 4153
1 1923
1 4295
71 360 504 603 2363 1928 2186 3396 4746 4653 1383 2321 4536 1892 877 1973 314 4354 1773 4518 658 1068 1641 3893 3276 2799 4669 917 3275 3458 3849 275 4549 1834 1007 1606 4190 1061 387 2217 1273 3117 2936 4863 2858 13 2082 769 2437 2305 1154 914 1988 456 1468 4418 4794 3225 4005 3216 2629 76 1471 1259 1669 1162 2972 2711 1030 1319 1536 4126
1 1465
1 1513
1 778
1 1298
1 778
71 360 4845 2080 1281 1027 1262 1136 1732 770 1593 4523 4107 1684 2283 3385 2715 3182 1952 147 3196 1671 3874 1005 3173 4886 2014 4815 3257 2872 3672 3664 4213 3816 1013 1634 1195 2899 1982 3990 631 4289 1680 1113 4375 3536 4552 2776 4995 3289 2812 2976 1519 567 4544 4966 4437 2446 3477 59 706 4284 3932 809 3597 1206 1829 4238 3433 2172 2099 232
1 707
1 2128
1 2263
1 2411
1 3229
1 4734
1 3964
1 3670
1 1923
1 3770
1 3203
1 1465
1 860
1 3565
1 3481
1 2263
1 1298
1 1601
1 2294
1 1406
1 3693
1 2086
1 1696
1 1478
1 1117
1 778
1 860
1 3271
1 2294
1 1478
1 2161
1 3919
1 231
1 64
1 818
1 1692
1 3565
1 2590
1 4874
1 4472
1 1692
1 4588
1 1275
1 4551
1 4925
1 3919
1 3604
1 997
1 3946
72 360 4298 3590 3575 1964 4420 4926 2254 1054 569 459 2032 3330 1611 1399 124 41 174 4882 1101 4133 4253 4273 1222 4648 4525 225 2266 4013 951 3889 2849 3791 4650 873 4573 2546 4565 971 1283 1246 1656 1749 4364 1700 2100 3074 596 83 2046 3674 2030 2717 2543 4948 1375 2378 3465 3739 3472 2090 1633 3839 3118 3065 2721 3220 3587 615 820 4232 2749
1 3565
1 4874
1 1601
1 4734
1 1406
1 2722
1 1747
1 4925
1 3229
1 860
1 3203
1 4925
1 3764
1 2411
1 529
1 4577
1 231
1 3856
1 2590
1 4708
1 2263
1 1406
1 2086
1 656
1 4740
1 2411
1 722
1 2411
1 656
1 656
1 1117
1 3481
1 3964
1 4472
1 2554
1 4577
1 1601
1 2590
1 4972
1 2294
1 778
1 3670
1 3229
1 4588
1 860
1 3604
1 2128
1 4472
1 1478
1 2109
1 778
1 3969
1 4708
1 860
1 4740
1 164
1 2109
1 2230
1 2161
1 1298
1 3919
1 1696
1 778
1 3693
1 4577
1 860
1 3919
1 2722
1 3770
1 231
1 1117
1 2722
1 4734
1 2086
1 3481
1 2722
1 1465
1 1275
1 3856
1 1329
1 2590
1 3229
1 4295
71 360 3142 2948 1836 599 3197 157 4271 2113 1341 2065 511 4294 3155 4451 4613 1544 2130 2027 104 2323 2199 4916 2648 4032 1024 4210 711 4934 2430 1833 1893 1976 2837 2058 832 3502 904 3507 750 353 4779 659 4792 3171 4706 3995 2676 4119 182 831 4314 4509 3050 2247 3855 1218 4199 3037 1380 4454 53 1849 470 4694 546 716 2227 2259 4897 1719
1 3969
1 4577
1 2956
1 2722
1 2161
1 3919
1 4708
1 4790
1 656
1 722
1 3565
1 4740
1 529
1 3229
1 2411
1 3764
1 4588
1 818
1 860
1 86
1 1513
1 4577
1 4874
1 529
1 2554
1 4472
1 4472
1 1747
1 4925
1 3919
1 1692
1 4972
1 4295
1 860
1 1406
1 722
1 1298
1 3203
1 3693
1 1696
1 1406
1 4874
1 860
1 183
1 997
1 3964
1 2128
1 231
1 62
1 3481
72 360 3357 223 1492 692 2020 4802 4601 2744 1784 2302 2582 1534 1689 4785 1562 961 1402 3268 3735 607 2824 4685 671 3726 4047 47 2707 4031 1867 3442 1488 1092 665 1899 16 4903 2567 1365 584 908 3367 800 2023 112 4949 2784 2734 2017 1865 1367 3413 85 2248 1906 4022 1667 2667 1346 3321 4798 3421 3368 638 290 1507 269 4446 1713 510 3464 1622
1 4790
1 818
1 2956
1 3670
1 656
1 1329
1 1275
1 4153
1 4874
1 2411
1 1329
1 997
1 997
1 4551
1 3946
1 3946
1 3693
1 1747
1 3964
1 3604
1 2230
1 722
1 4790
1 4925
1 4295
1 164
1 164
1 3670
1 3604
1 1747
1 656
1 529
1 1117
1 2411
1 2161
1 2263
1 2109
1 2263
1 2722
1 4551
1 4740
1 778
1 4551
1 62
1 2109
1 2109
71 360 1484 3768 4229 3954 2267 3260 2163 1756 3274 1939 724 858 1579 4578 1913 4078 1820 1355 1670 2726 3455 3721 2643 3356 2589 1687 2040 2946 1225 4064 1233 1882 2998 1804 3350 1067 1212 2921 3397 4391 4288 4179 4203 4209 987 242 4906 4286 3227 3840 949 886 1955 1369 214 5 790 3278 2034 2316 128 2250 4829 4450 3192 3798 4455 685 1335 1131
1 1298
1 796
1 4588
1 164
1 3229
1 1923
1 2161
1 1329
1 1923
1 1275
1 3693
1 3969
1 64
1 4472
1 3693
1 4472
1 1275
1 722
1 1465
1 707
1 2741
1 3604
1 4740
1 778
1 3764
1 3964
1 2722
