2501 3
2 126 490
2 1082 552
3 2485 1848 2408
3 2025 1784 1532
3 2169 1898 198
3 2152 1211 744
2 1390 984
2 867 2277
2 2108 352
3 919 295 2384
2 2118 2405
3 1391 583 2393
3 1989 157 245
2 2180 304
2 382 505
3 323 2291 1931
2 2222 1320
2 304 319
3 1255 1115 2403
2 2280 597
2 1448 1943
2 563 2475
2 677 2490
2 1630 1151
3 43 1977 278
2 240 779
3 377 504 2374
2 1886 487
2 1203 1172
2 777 555
2 1156 2120
2 1369 780
2 1912 747
2 758 2272
5 942 1112 235 1561 1359
5 2079 2131 1217 131 1472
2 2299 840
2 1876 234
2 181 2291
2 1862 1173
2 1004 377
2 1106 330
2 2292 2226
3 1699 24 1160
3 640 1399 2325
2 2370 2258
2 2050 2310
2 1272 500
2 291 2135
2 1836 2002
5 495 92 1409 2147 1995
2 597 1354
2 1660 765
4 2137 1223 2014 1314
2 2222 658
2 1869 556
2 1043 1377
2 802 1426
3 576 1456 286
3 1383 437 1035
3 1534 1509 79
2 1931 413
3 713 475 969
2 1811 1737
3 597 341 904
3 1202 680 1714
2 219 940
2 1102 1940
3 1189 2382 1490
3 1837 1497 1975
2 611 698
2 2295 1697
3 609 2179 164
2 2134 688
4 1247 2307 1075 1712
3 352 2212 390
2 341 1135
2 501 1884
3 1165 1148 854
2 1798 60
2 287 2444
4 450 954 363 330
2 2308 1659
2 2453 692
3 533 337 1360
2 269 2296
3 1437 2321 2223
3 1283 1423 1026
3 1708 2184 2346
3 1921 2379 2390
2 510 989
3 2325 429 1854
2 50 1663
2 1407 2224
2 1958 1612
2 1003 580
3 1540 1183 751
3 1800 1601 408
3 2494 1122 1027
3 1102 642 1292
3 499 2020 2164
3 253 2031 1231
2 225 2472
2 537 936
3 2401 2406 1516
2 524 1970
4 1637 922 1770 1429
2 676 1658
2 1602 2136
3 781 152 2422
3 2493 2471 1389
2 969 1080
2 1359 1811
3 529 563 1706
2 1301 280
2 1510 211
2 1336 1452
2 1152 309
2 2204 1386
2 1649 1177
4 1291 389 1759 2054
2 615 467
6 2255 471 1203 1143 1085 2358
2 1766 2068
2 338 567
2 471 410
5 2362 2373 2082 1927 0
3 2057 1482 994
4 1153 192 2324 535
2 1342 1341
6 1773 361 1059 1158 293 407
2 1698 35
2 2329 1963
3 2141 1749 161
2 480 1525
2 1955 2474
2 1760 2389
3 2377 1345 426
3 2022 1849 547
2 890 1339
2 1780 1945
4 1077 254 2124 238
2 1446 2276
2 1261 246
2 2051 684
4 2024 221 550 797
2 818 757
2 539 1233
2 742 1329
3 1906 585 2341
4 927 399 839 665
3 791 1993 696
2 109 221
3 1632 1130 1503
3 2117 1118 1460
2 214 458
3 1253 2060 1700
2 2307 12
2 2457 1210
2 1270 1747
2 816 411
2 133 702
2 2171 2176
3 1635 1449 526
2 909 72
3 1841 1747 1819
2 1338 505
4 442 1479 730 622
3 1546 444 985
2 1263 1869
3 1816 1590 615
4 499 1167 1042 1391
5 772 1016 731 1865 1287
4 1917 1674 1630 432
2 2207 739
3 2185 595 1209
2 2302 1476
2 1822 1561
2 1009 426
2 738 1502
2 926 1227
5 38 717 1480 263 189
3 1577 2092 1081
2 426 1348
5 2052 1560 328 1631 1419
2 1815 329
2 1578 1443
3 763 1787 1415
2 1068 960
2 2004 181
4 2157 1752 1100 1827
2 1934 879
3 339 2294 128
2 2144 1446
2 2093 521
2 1110 1581
3 487 1295 343
2 1166 983
2 2495 4
2 499 1383
2 2253 1216
2 2229 715
3 691 2454 1559
2 774 996
2 2476 1473
3 475 1324 1615
2 566 404
3 1123 805 426
4 460 233 982 637
3 1895 886 1000
2 1580 1150
3 1059 1563 115
2 849 1633
4 1398 2245 1299 1005
3 776 155 1653
3 2350 1766 1985
3 971 696 1929
6 416 1489 1117 1672 578 2295
2 745 459
2 2116 66
4 1703 875 2440 634
4 2105 291 152 145
2 761 2193
2 762 2169
2 1555 1254
2 102 537
4 2391 372 1798 1311
3 553 662 302
2 1114 2212
2 2080 1958
2 1191 440
2 1062 1648
3 1533 1903 2094
2 1741 208
2 37 901
3 1239 34 1638
2 1581 385
2 1304 1326
4 866 1619 1011 141
2 2172 931
2 1485 25
2 1033 1872
3 1863 1493 1901
4 1015 712 2165 1887
2 325 1602
2 994 12
2 506 143
2 1079 2294
2 1376 1374
2 739 1831
5 538 1781 2174 1859 982
2 2154 740
4 885 1728 579 1550
2 101 636
3 141 524 2244
2 1766 812
3 777 1994 2275
3 2062 675 2413
2 2456 392
2 2012 2177
2 573 1866
3 262 1314 667
3 261 1344 1636
2 181 1907
2 1771 2155
4 1986 2090 2212 2129
2 2434 2115
3 2254 640 581
2 2018 1997
4 1260 85 273 630
2 1958 1131
2 1577 1245
3 523 367 485
2 1000 269
2 2017 488
2 2150 681
3 1866 1091 1552
3 1492 1182 1508
6 1017 299 2103 1438 1079 24
2 490 1215
5 576 1679 114 960 1625
2 2074 600
3 903 1949 347
4 1623 2071 1881 412
2 2355 893
3 1667 2071 845
2 1307 58
3 80 1404 711
2 1913 1280
6 2112 1139 1998 862 1519 1625
3 534 1782 585
5 48 221 1454 1426 1773
2 2165 1829
2 593 130
2 1666 2165
2 2170 9
2 535 1911
3 1331 1693 2070
2 2225 1331
2 1304 278
3 2048 960 1853
2 1749 1413
2 227 2062
2 2335 1419
4 17 560 759 13
2 844 1187
2 767 1106
2 1955 888
3 2301 1792 2421
5 1233 997 635 117 1871
3 2366 2492 1398
2 1561 1094
3 1221 1272 2091
2 1225 748
2 326 2402
3 751 1748 1232
5 1512 1517 1485 1041 718
2 2073 1053
4 2296 388 552 1038
3 1892 1116 17
2 2282 577
3 2187 980 1824
2 2333 852
3 15 2370 616
2 2192 831
4 1136 1084 244 2189
3 1763 314 2238
2 1465 457
2 184 1307
4 516 185 2449 2186
2 41 81
2 568 1490
4 1206 1555 404 2264
2 1531 2010
3 908 820 340
2 755 541
2 1456 925
2 84 2176
3 1730 2252 124
2 2390 192
4 1278 1112 334 1708
3 1923 76 64
3 1905 1678 1479
3 1941 2005 196
2 1032 1904
2 2498 1351
3 2287 1118 706
5 1147 1297 282 1256 1358
2 1162 2027
3 1911 1435 1846
2 2311 1891
3 1359 1021 391
2 75 8
3 681 386 1706
4 1832 2104 2190 643
3 1488 2190 1570
2 693 818
2 367 2392
2 906 2319
2 2152 2015
3 1305 2073 931
2 130 1597
2 1563 2450
2 1471 81
3 1268 1550 535
2 1917 975
2 2358 442
4 1250 357 272 965
3 1900 852 1930
2 1090 1385
2 997 869
2 539 1151
2 226 1210
3 2040 1131 1185
2 2365 1495
2 938 910
6 2144 741 1531 924 2159 2285
2 40 26
2 1818 2224
3 620 1322 1422
2 816 2377
2 1325 2122
3 660 14 1124
2 1304 955
4 2278 1171 829 1627
4 538 877 955 236
5 1183 925 353 2343 2025
4 756 2214 2407 857
3 446 318 1494
4 120 421 1800 2167
2 1109 75
2 782 351
3 402 1064 258
3 2448 561 486
3 986 784 744
2 1668 2394
3 1742 2400 1751
2 2116 1012
2 1019 750
2 150 1597
2 2272 1214
2 464 686
2 392 2439
3 1744 1280 1955
2 332 206
2 896 2063
2 2258 2486
2 2207 130
3 1129 2431 97
2 813 1783
3 636 1367 125
3 972 943 160
3 1107 283 1979
3 875 2408 61
2 1245 742
2 522 1475
2 217 1122
3 994 839 2096
4 872 606 2312 845
2 806 1088
3 2194 1524 1003
3 1775 389 858
2 1416 2286
2 1461 1552
3 503 507 1884
2 1769 2289
6 1894 1759 183 207 178 137
2 787 687
2 820 1074
2 91 542
2 1384 2103
3 1900 835 1014
2 2235 173
3 1360 2487 1140
2 1433 1133
2 2256 663
3 2475 2098 1150
2 59 492
2 2158 686
2 1686 1121
2 230 547
2 1386 1784
3 167 366 455
2 685 2004
2 1817 168
2 2352 709
2 388 912
2 2120 2205
2 2419 1826
5 765 1105 2173 2428 1227
2 1997 81
2 1947 1293
2 651 1086
2 2298 534
3 483 2217 973
4 2337 1657 1548 442
2 2202 905
3 1566 327 975
3 1222 155 2333
5 218 1705 513 1738 2475
3 208 1901 1461
2 1761 1972
2 1980 1112
2 907 1768
3 838 401 1469
2 896 1259
2 764 1469
2 121 1493
3 695 1652 2093
2 633 1993
2 1420 1585
4 125 1908 122 1361
2 614 1482
2 2219 879
2 1347 610
2 62 205
2 1576 2334
3 1604 2144 872
2 828 2145
2 1230 2417
2 134 2067
2 825 2115
2 809 1661
4 1194 544 454 2080
2 992 1558
2 873 272
3 2466 393 1245
3 1683 196 27
3 1348 2218 274
3 2394 2146 1281
4 279 897 2232 0
2 1999 828
2 770 437
3 1258 1105 1439
2 1190 1986
2 50 2452
3 2349 1771 2015
4 685 1373 544 974
2 1746 2477
3 100 171 199
3 1571 47 1391
2 584 77
3 1822 1276 1386
2 1341 424
2 26 750
3 14 166 2398
3 246 1691 2317
2 2360 424
3 2438 1928 1303
2 1926 1530
4 90 1448 1198 1270
2 2006 2301
3 855 1129 1886
2 2363 459
4 1159 785 740 1885
2 1940 1696
4 329 1885 2299 1609
3 693 1409 1055
2 2471 2095
3 2105 1549 1376
2 1862 1188
3 194 549 664
3 1831 1022 415
4 272 1451 2127 1733
3 105 254 2285
5 1825 2381 691 1713 2026
3 1487 1162 163
2 1721 554
2 1414 1910
2 113 1364
2 1241 951
4 1213 1879 1149 1269
2 2360 1837
2 84 1038
2 290 453
5 296 2403 364 128 1879
2 566 1675
3 675 103 225
4 250 385 1544 1522
4 2478 371 147 2019
3 1867 2081 1628
2 335 1561
2 718 429
4 2049 2297 2202 2246
4 483 1826 1492 497
2 1661 1215
2 1795 706
2 440 138
2 1871 925
4 1586 2070 1753 521
3 828 145 689
3 1361 1687 2316
6 1807 1199 735 318 720 1
3 1514 1276 227
3 1606 723 527
2 2234 29
2 55 1967
3 2390 1621 1230
2 1829 1736
3 656 1828 2237
2 304 899
3 393 1044 583
2 715 1928
4 113 21 1396 1025
2 1853 749
2 1143 1913
3 1149 536 206
2 1010 124
4 1344 2149 331 1631
2 1649 1068
2 783 1675
3 1690 1310 1005
2 1902 1171
3 260 1876 2084
2 2335 953
2 1948 871
2 280 58
2 320 2048
3 217 1419 1311
4 633 252 856 2045
3 848 605 95
2 1432 267
2 1532 704
2 11 561
2 501 996
3 2270 149 290
2 2288 1266
3 1575 1805 1826
2 2246 856
2 2358 2493
2 2421 1150
3 1730 1423 2445
2 1823 1282
4 293 2013 2412 2148
3 1200 2297 1406
2 175 2419
2 1216 2351
4 19 51 968 64
3 1202 1639 1995
2 606 714
5 610 1018 2281 967 281
3 675 898 1478
2 988 619
2 1959 1942
2 951 1141
3 580 2030 880
2 599 418
3 882 2460 1072
3 1809 1507 1271
2 836 72
2 474 600
2 1526 70
2 1419 1049
2 1613 1195
2 1980 472
5 121 170 1111 2282 811
2 323 2468
2 824 1428
2 779 837
2 602 1442
5 627 2111 379 719 832
3 2177 1526 2479
3 167 1013 933
2 2404 1926
2 1087 1412
2 688 1402
2 2323 2387
2 620 2426
4 1813 720 2457 1280
2 1036 864
2 668 269
2 1201 1382
3 1228 1063 751
3 469 579 1865
2 1231 220
3 309 1750 2104
3 410 253 2061
2 208 1098
2 671 1670
2 1175 739
2 44 267
2 1197 999
2 2259 99
3 2265 757 354
4 2393 852 2422 2210
4 1420 2088 1541 914
2 1266 785
3 1055 1519 987
3 1796 1817 1766
3 1553 2198 2243
2 1777 1622
2 452 1092
3 1890 2122 797
2 2470 1950
3 1654 2185 1241
2 2332 1463
3 2359 1157 559
4 2436 1715 702 1069
3 2005 1603 54
2 1554 1040
3 382 1183 2400
2 914 1126
2 2464 227
2 718 435
3 1180 2483 521
2 2192 150
2 1774 811
2 1740 261
2 1539 630
2 1395 1617
3 863 1620 1458
2 2241 638
3 726 2342 2003
2 2270 932
3 1729 1754 753
3 537 601 257
2 107 2167
3 1777 1417 22
2 1396 1380
3 2321 879 2374
4 2283 1541 65 2205
4 353 2288 275 1704
2 2155 2128
2 995 1060
3 695 1392 144
3 497 443 708
4 401 815 438 984
2 2236 427
3 625 73 1978
2 550 1103
3 1658 2314 1833
2 202 525
3 1155 83 1738
2 517 356
2 1535 1370
3 468 684 1608
2 151 216
2 1862 2489
5 1323 2341 2178 1600 70
2 1320 2055
2 1638 1090
2 1961 2221
2 657 161
2 2222 1894
4 2193 1790 582 1490
2 1476 2130
4 2254 1186 546 346
2 849 2279
3 1764 685 900
3 1120 445 1224
2 1940 1535
4 1790 2307 1502 287
2 243 1692
2 1813 62
2 1589 599
3 562 2414 201
3 824 1114 2498
3 1097 181 1961
4 663 542 2076 316
2 2406 620
2 628 552
2 974 2421
2 762 1680
2 1284 554
2 906 1539
3 2378 1543 1299
5 1795 985 2318 672 1222
2 2260 1301
2 2412 766
3 1379 1891 1397
3 167 1328 2077
2 172 1031
2 1296 1182
2 1380 1731
2 2256 1433
5 2089 1046 552 1429 2124
3 1820 1832 1641
2 1402 790
2 179 929
5 249 2368 174 1861 639
3 2009 251 514
4 376 1918 2098 2249
4 148 916 414 2113
3 2095 2157 1732
3 1756 5 394
2 1113 218
2 2115 767
3 1551 2208 32
4 807 1775 1131 313
2 2303 564
4 398 1663 504 1400
3 315 96 632
2 1899 1482
2 2321 674
3 2173 1693 783
3 335 2033 1224
4 387 1981 1388 1838
5 146 1294 643 1744 1959
2 33 1285
2 1856 304
3 1973 1279 996
4 1835 821 222 1324
3 223 722 2188
2 187 1127
3 1321 466 1090
2 449 52
2 942 728
3 306 746 2276
2 1106 2244
3 1710 1809 847
3 1074 817 492
2 1899 2298
2 172 2021
2 1515 832
3 1274 203 1823
2 1455 1301
3 214 1352 2239
2 256 29
3 986 2440 2216
2 618 25
4 987 1364 2119 31
2 109 1455
3 2436 391 1022
2 570 754
2 1774 394
4 2340 514 646 2194
4 1278 2299 1710 818
2 1434 427
2 1452 1403
2 1369 2136
2 1746 737
2 1996 151
2 1396 1586
2 1851 1474
2 2439 2100
2 1910 1681
3 1284 1918 2017
3 887 652 145
3 1787 1825 2150
2 2103 1839
2 888 1253
2 2323 2014
2 2480 57
3 2469 1623 1334
2 1843 966
3 1378 207 2396
3 1989 419 2052
2 748 2392
2 2038 2012
3 1381 1907 482
2 1547 2399
5 615 666 1902 886 1319
3 1064 1523 255
2 409 1323
3 2309 1402 1768
2 1076 686
2 160 380
2 770 1226
3 146 356 786
2 1001 1962
4 2240 2108 334 428
2 761 1599
2 1663 1010
2 2481 1618
4 2414 716 617 1670
2 1682 481
2 1089 2145
3 1689 1473 1574
5 550 478 1255 491 1138
3 934 1782 384
3 1463 917 1303
3 2138 1029 324
3 2008 773 620
2 1836 2090
2 1335 1809
2 1434 431
4 609 1864 862 1466
5 1185 618 991 853 996
2 464 1799
3 867 417 150
4 1491 1488 2148 36
3 843 1431 1963
2 1586 2349
2 2289 841
2 1663 305
4 1330 418 880 285
2 1444 1198
2 1818 769
2 580 1289
3 707 212 1393
2 877 2491
2 1611 1325
7 2439 644 2314 322 368 1436 1904
3 837 1720 948
2 1760 78
2 512 1435
3 2451 579 588
2 2010 387
2 926 421
2 1840 1936
3 1616 1191 2090
2 2015 1805
2 289 836
4 1369 2172 670 1128
2 629 2294
3 2276 1546 2134
2 238 2440
2 7 839
2 2395 1660
3 1288 2182 370
2 2001 876
2 2409 575
2 418 477
2 485 1928
2 2251 1216
3 220 413 954
2 870 1826
4 850 385 1372 2302
3 1250 1132 1197
5 1495 679 473 191 1181
5 1116 1035 605 1249 845
2 1920 1981
2 607 949
2 932 2273
3 2377 1531 1159
2 252 1174
2 209 811
2 797 1124
3 800 307 940
2 2245 1753
2 139 1410
2 1244 934
2 1507 2465
2 1084 284
2 2102 1665
2 1966 1017
3 465 989 405
3 490 1068 1258
2 601 2000
4 560 2353 1161 1655
2 708 1144
4 1753 1673 234 2472
3 1898 2151 2043
2 282 1939
2 1701 64
2 456 1034
2 358 724
2 463 1841
2 334 1337
4 2426 1296 164 1560
2 375 2323
2 1992 1180
2 446 1059
2 2350 1320
3 661 2399 645
2 1163 2099
2 2343 742
2 830 2000
3 988 1241 1882
2 9 1321
2 1565 2379
2 1975 1367
2 106 1551
2 1604 1735
4 2382 376 1197 993
4 2443 386 336 548
4 1585 858 180 2339
3 150 932 2404
2 1717 1037
4 738 2497 2418 2172
2 1018 1240
2 239 360
3 883 673 927
2 622 1293
2 829 891
2 1459 2242
3 1920 1064 103
2 1325 1061
2 375 1982
2 2163 1920
3 66 888 2369
3 1109 1457 1844
3 34 766 2336
2 1469 411
4 1279 957 1039 2139
2 981 1174
2 1437 2100
2 1375 2328
2 1818 853
2 1959 882
3 1126 1257 2310
3 604 2142 530
3 1473 2399 1583
2 2031 574
3 81 875 2492
2 385 383
2 1793 2308
2 2397 944
3 1343 1745 1880
3 1318 1705 1173
3 188 300 280
3 2389 1335 1647
2 2031 1612
2 1071 1937
2 2034 1337
2 1481 367
2 1778 804
2 1514 600
3 597 1129 1873
2 111 62
2 1717 1593
3 216 989 1868
4 1971 411 1073 1342
2 2263 454
3 721 497 1313
3 1269 365 457
2 1280 2206
2 2313 1664
2 1662 1025
3 2101 2176 1016
2 321 1526
3 1724 945 1147
2 208 250
2 197 2189
2 6 686
3 1978 726 168
4 394 1447 2313 778
2 780 647
2 918 602
3 896 971 90
2 1375 2088
2 837 2204
2 1590 484
2 924 1277
4 245 417 2093 127
3 2126 2372 683
5 584 837 203 760 1274
3 370 309 2197
2 2296 2376
2 641 1101
2 209 273
3 1754 819 1468
4 1508 1853 1930 1928
2 95 420
4 1142 40 1440 1028
2 571 213
2 1219 1584
2 1296 1471
2 2378 1367
3 1883 178 1893
3 567 1953 822
3 1162 1695 238
3 1355 397 2056
2 2478 622
2 1484 431
2 243 1877
2 172 979
3 278 2039 895
3 2142 930 600
3 398 1739 1467
3 1352 2110 1666
2 351 1538
2 522 782
2 2496 1457
2 1396 2152
2 978 563
3 2498 87 2482
2 98 1307
3 2222 2232 1004
2 2316 831
2 1650 1583
2 731 1481
2 344 1439
2 241 1799
3 2004 905 2361
2 880 59
2 1794 629
4 1304 2385 2011 928
4 533 1535 318 2322
3 1956 944 1755
3 1859 1826 659
2 1720 316
2 1424 171
3 56 2085 1078
3 561 1722 2213
2 1504 1333
2 735 2368
3 1643 1552 2447
2 1919 1187
3 1209 612 1375
2 2086 1494
2 2230 1264
2 1591 1244
2 1367 317
5 2363 1721 1929 1821 2445
3 647 517 1665
2 2194 1844
2 2499 1802
2 1205 1310
7 2419 211 1472 1308 912 1208 130
2 683 1226
4 2250 1910 1784 937
3 1511 1096 231
2 1381 632
5 2261 812 392 2433 936
2 2008 1114
2 1727 1809
2 1439 1720
3 188 897 569
3 1363 2224 657
2 2497 1894
3 963 1758 1193
3 2353 2395 607
2 1818 972
3 770 428 1627
2 1831 74
2 1229 815
2 141 2307
2 1043 1677
3 247 1684 278
3 2181 111 1887
3 2424 182 2297
2 1 1298
3 1880 1350 2051
2 325 893
5 1668 2155 2176 122 1660
2 452 1697
3 2420 1272 624
2 419 1348
4 1306 2317 826 1797
4 2211 369 764 700
3 2346 276 2155
3 1142 1228 651
2 2270 1435
2 2185 311
2 1424 2443
3 1987 1062 2288
2 717 1995
3 1784 1520 637
2 1195 1211
2 1682 190
2 999 1343
3 67 99 1153
3 1998 2238 689
4 1537 2076 1806 1620
3 493 449 1449
3 41 768 306
2 412 2105
3 1188 1750 2275
3 941 390 1870
4 195 1278 2466 1179
3 2388 615 2203
3 34 462 340
2 745 2131
4 2450 1065 228 716
3 1555 1466 18
2 880 319
2 217 1771
3 154 346 1785
3 1883 1745 1612
2 709 1711
3 1137 1989 439
4 1665 98 416 1518
2 207 1968
4 2416 1242 887 382
3 1788 1475 1234
2 950 661
2 763 2371
2 863 1329
4 512 408 968 1277
3 1441 153 1156
3 373 270 748
3 2483 2002 878
3 434 1965 1827
4 1698 1467 1845 2055
2 76 1153
2 325 1141
2 1152 1121
2 828 1319
3 289 2354 2227
3 1176 1834 433
4 1996 604 1136 1590
2 1004 1092
2 565 122
2 1750 900
2 1823 2486
2 2401 1282
2 347 981
3 78 1315 2383
3 1594 566 531
3 436 590 210
3 1767 371 23
3 1137 117 2037
4 1333 128 1102 1135
2 2106 1723
2 692 1377
2 30 1130
4 656 1338 1834 1421
5 2304 1575 1967 2296 130
2 514 884
3 2153 1714 43
2 899 1943
4 1011 1914 526 348
2 1689 915
3 1974 2058 1236
3 78 1462 1870
5 1345 197 1609 1855 2066
2 171 1736
3 1194 2235 1210
2 2022 2454
2 1860 2472
3 572 384 1360
2 2078 28
4 1245 959 1674 39
4 885 1809 945 2078
3 1957 639 2496
2 1611 1140
4 2068 119 2356 1216
2 1702 2182
2 1614 1110
4 2283 1521 664 911
2 1602 879
3 277 2281 732
4 386 1405 96 660
3 2141 1542 1858
2 837 373
2 706 1577
3 1048 1757 305
2 1108 520
2 68 1597
2 494 1582
2 860 230
2 1897 1712
2 1071 1704
3 483 1168 1932
5 1099 1450 2412 1327 613
3 1749 1952 1802
3 641 924 878
2 846 510
2 552 1418
2 594 1636
2 631 2133
2 598 65
2 28 122
2 1309 1782
4 1465 1405 1058 2100
2 332 2098
2 1726 2268
2 1059 1717
2 1049 175
5 158 2395 1168 1644 372
2 5 1099
2 1924 1784
2 531 1806
3 2323 2199 400
2 279 545
5 596 874 2429 1177 200
3 2170 35 1570
3 2186 2127 1332
2 1006 1528
2 1646 1779
3 1550 1630 312
2 458 726
2 1528 53
2 755 709
2 313 1915
3 817 1767 1060
2 180 449
2 632 1092
3 1076 1931 2065
2 557 479
4 634 1990 2461 101
2 2196 315
2 309 147
3 2316 1715 1125
2 1949 1325
2 1871 1164
2 2268 1693
2 1393 1506
2 1587 235
2 930 2348
6 1653 2094 530 918 1919 654
3 1947 1124 1554
4 1287 1776 1486 1430
4 2234 1052 891 1616
6 2223 486 1173 414 1774 271
2 1403 1574
3 1810 74 2383
2 2120 2336
2 2194 880
2 367 878
2 2183 1579
2 1891 2366
3 1911 156 800
2 2109 224
2 828 18
3 2202 1387 347
2 2265 950
2 493 897
2 465 1268
3 269 2237 1740
3 1784 1646 143
2 2042 1888
2 169 1810
3 1351 1051 1687
2 2432 1476
2 646 586
2 1547 2243
2 364 1259
2 975 531
2 159 510
2 1959 608
4 1701 1087 47 312
3 1762 2242 2226
2 774 996
3 2381 1889 1325
3 553 1557 502
4 1698 1129 993 1491
3 1110 786 340
2 944 760
6 1397 403 1953 976 288 628
3 2230 2271 489
3 592 1146 1447
3 87 2247 2258
2 723 796
3 1724 2419 758
2 1689 2071
2 1243 172
2 869 1881
2 1939 848
2 2011 1649
2 120 2143
2 1784 99
3 1312 933 451
2 757 1340
3 2277 1572 196
5 1856 1007 732 2067 909
2 1321 347
2 2033 1082
3 1785 213 725
2 1789 1909
3 775 727 114
3 1425 1960 2345
3 1955 508 830
5 1037 1589 299 237 383
3 1486 360 2347
2 1089 2121
4 286 328 1027 2446
2 1059 1875
2 1204 1723
5 571 1410 1596 1719 1058
3 1542 226 578
4 1293 1905 2102 2220
2 2206 974
2 261 53
3 1938 1148 2195
2 1743 1527
2 1341 2200
3 1411 959 1857
3 2083 1138 811
3 699 16 913
3 1297 764 919
2 379 1747
2 698 813
2 205 761
5 381 851 937 1275 1235
2 2199 237
2 1573 1195
4 1985 1385 2434 730
3 2306 148 1128
2 845 2216
3 297 298 2017
2 2442 1218
2 1153 1045
2 803 1395
3 961 834 2007
2 116 1944
2 908 964
2 166 1157
2 2022 139
2 1739 1294
4 1317 503 1642 129
4 129 1702 1890 972
3 958 1101 1380
2 568 262
3 2444 1166 137
3 1885 1689 2064
3 474 1594 1990
5 1873 1088 488 2439 183
2 1977 1573
4 1083 1404 2429 1362
3 1264 1445 345
2 1020 776
2 2183 2364
3 2370 1520 51
4 1012 1582 1526 2375
2 1791 1793
2 2493 1580
4 1789 1370 347 1709
3 112 351 34
3 433 1171 84
7 551 1970 1730 1844 471 1968 2382
2 2474 1350
2 1069 2464
3 1973 529 780
2 1444 1482
2 1644 2044
5 2359 410 1053 921 1008
2 1611 2261
3 789 863 31
3 694 1855 1358
4 2041 2099 2298 1893
2 2385 877
2 497 1477
2 248 2054
6 2453 947 990 1908 1049 1497
2 248 519
3 2306 56 1155
4 2472 805 1786 1923
2 729 2031
4 2291 678 733 1343
3 809 1063 2056
2 631 1972
5 1496 2035 59 2352 199
4 1681 430 2167 1474
4 2270 1328 2018 369
3 441 118 502
3 2349 1256 1871
2 1595 756
2 1964 110
2 6 1459
3 11 500 171
2 1552 684
2 1238 849
2 2480 2331
3 669 1334 1751
4 1024 678 792 563
2 1280 729
3 213 2457 310
3 2034 1647 44
2 750 1808
2 1445 1485
5 814 1849 2326 625 737
4 1246 1619 788 1839
2 287 1350
2 1183 1205
2 2167 594
3 93 1543 2268
2 1498 2327
3 517 50 1654
2 1310 890
2 1318 1672
2 2055 624
2 2404 301
3 528 2460 1788
2 2069 187
2 422 1638
2 2300 677
2 1199 1983
4 612 578 184 303
3 645 2145 470
3 2248 1538 1157
3 379 1732 2236
2 87 591
3 1042 1095 1433
2 1302 2386
4 291 57 1677 2209
2 1453 1464
2 1946 617
3 735 2468 106
2 1243 1489
2 841 1852
3 581 2295 2132
4 434 1424 2021 734
2 835 787
3 855 1093 349
2 852 2234
3 2008 946 86
2 1997 278
3 1067 1032 493
3 1004 2013 2228
2 1130 2011
4 2430 1705 1580 619
2 2036 186
2 846 1365
2 1401 1351
2 142 193
2 986 1282
3 20 510 2491
3 2494 163 1105
3 1195 1950 1510
3 523 1763 1685
5 1948 2420 116 788 2300
4 1742 1427 2174 1847
2 2272 291
2 775 781
2 58 336
2 1023 941
2 2049 670
4 1704 935 2416 1390
2 154 2500
3 1801 423 460
2 2327 1165
2 830 655
3 1649 2066 1427
2 327 1205
2 1115 836
2 1134 1019
3 2201 1588 1001
3 943 464 466
2 1571 1601
4 2473 1007 363 1889
3 2355 1059 35
3 952 827 204
2 1384 793
3 1125 2446 415
4 176 705 1896 1265
2 2083 1373
2 1718 601
2 167 342
2 181 2319
2 965 1031
4 127 752 472 1365
2 1686 2228
3 2034 1569 1014
3 240 316 1401
4 1305 1243 1610 1887
3 2455 526 2489
2 355 840
3 217 1763 1430
4 2153 331 704 68
2 840 1277
3 1688 277 544
3 242 467 1723
3 388 1528 1050
2 879 374
2 1383 1507
2 69 1375
3 2259 1408 1669
2 1892 1737
2 2246 2227
2 2096 2047
3 2175 179 711
4 1665 2468 1521 153
3 1525 1045 2365
2 1722 2059
3 1238 2311 1902
6 892 1496 1518 1643 608 1596
2 1002 277
2 60 2176
2 115 1450
2 1062 1645
2 316 2312
3 2445 2322 1706
2 553 967
4 1822 773 2189 1553
2 2001 104
2 316 1878
2 1507 1122
3 2181 647 289
3 1098 1686 1354
2 1180 1503
2 1872 538
2 812 1765
2 420 2069
3 1504 2223 134
6 1587 611 1847 621 1355 980
2 1628 1316
4 1223 1219 1494 2109
3 1946 2326 2032
2 509 2495
3 376 333 884
2 582 3
2 1696 232
2 2143 60
4 694 1038 1924 710
2 2330 1663
3 1104 1750 1858
2 1021 1421
3 668 1874 724
2 96 2127
2 680 645
2 1184 1311
2 725 1407
3 1615 538 1556
2 2261 2087
2 168 865
2 810 1267
3 2427 455 2459
2 2148 519
6 1221 1875 2251 1746 364 252
2 747 922
5 1392 1783 1047 423 276
5 2275 649 1608 2111 1515
3 659 1242 1991
3 1115 332 224
2 1611 1544
2 1276 2126
4 1567 1770 1945 484
2 2163 202
2 184 909
4 541 177 34 311
2 1779 1633
2 362 211
2 2248 2418
3 1942 920 2355
3 2041 457 2447
2 1558 1799
2 1726 1848
2 1484 1581
2 355 1217
3 500 1845 1470
2 1295 2032
2 1349 1327
4 1617 1246 1610 827
2 1158 587
2 2231 476
4 182 271 2386 1186
2 186 2430
2 2140 1251
4 1357 1442 2092 210
4 236 1991 195 1569
3 1355 1598 1190
3 2162 1030 952
2 2192 1006
2 926 470
4 549 1904 842 792
2 1526 1239
3 1769 1468 2191
3 1304 1761 714
3 992 170 1141
2 2348 1052
2 1721 1778
2 1628 970
3 1149 1840 1347
2 1388 1878
2 1310 1507
4 1189 399 361 2208
2 1582 2110
3 821 2149 2028
2 698 2164
3 2260 97 1470
3 108 1181 244
2 1934 658
2 923 477
2 1989 1628
2 554 2329
2 2243 2472
2 1553 695
3 1730 1166 516
2 1574 1486
5 1556 2425 1176 851 1368
4 94 962 2037 1119
2 613 1812
2 2069 1179
3 1544 2213 205
2 860 1244
2 1574 669
2 823 2120
3 1403 238 2203
2 1104 670
2 1752 557
2 650 2113
3 283 803 1732
2 1980 2142
3 2029 289 280
2 2140 2303
2 1074 384
5 1527 1593 2100 1605 540
2 1697 1797
3 1221 23 173
2 568 184
2 153 2291
3 2371 1562 212
2 2253 2500
2 163 2160
2 1200 262
2 2437 106
4 700 1810 235 1416
2 598 1709
2 2045 2484
2 2142 736
3 1341 1815 2406
2 1047 1507
4 1707 2305 1366 1210
2 1741 1511
2 1261 1220
2 1399 961
3 1897 1814 231
4 119 1464 569 1290
2 1030 1743
2 2303 1904
2 2195 468
2 1241 214
2 654 1409
2 1791 899
2 1965 2284
2 455 2482
2 690 107
2 1729 82
3 868 1085 52
2 545 482
3 2068 978 2088
5 844 750 822 1536 92
3 2247 2198 977
5 1503 1684 1122 894 1055
4 2097 1020 294 2428
2 285 1985
2 1085 395
2 2344 1498
2 824 638
2 1838 1954
3 2388 217 1411
2 2013 901
2 173 1173
4 1821 570 2172 536
3 1903 2259 2287
3 1757 1426 1078
2 342 1822
2 280 2042
2 722 2373
3 1384 2255 795
3 825 1100 2166
2 487 2239
2 1665 1079
2 2443 1451
3 1483 439 1520
3 551 1861 1264
2 1492 1941
5 1286 827 1163 1346 2060
2 1829 571
2 506 1881
2 712 2387
3 297 1237 754
2 2182 1970
2 2168 1011
2 1533 515
4 71 1629 2171 1086
4 1134 1277 1772 131
2 43 2470
2 156 2320
2 904 1272
3 1178 1342 2240
2 220 2007
4 1459 681 2328 1193
3 1442 959 459
3 113 353 1513
2 2462 1644
2 88 340
2 1639 1358
2 769 786
3 2377 2442 1120
2 1192 74
2 2406 525
2 1160 65
2 657 1234
2 2233 2415
3 970 928 1208
3 1478 2410 2184
2 2469 1310
4 1041 2293 853 1067
4 1592 1054 2097 527
2 1505 1044
3 1309 1154 1493
2 981 1285
2 2359 1925
2 1207 1568
2 1066 2317
3 2168 252 2449
3 674 1758 1659
5 1609 591 338 1361 2309
2 2021 733
4 1422 1623 2134 743
2 1986 523
2 2460 2261
2 2308 923
2 1167 558
2 63 1499
2 459 692
2 1019 1340
3 667 1260 1894
3 233 1645 2397
2 396 1453
2 1316 1650
2 403 757
2 958 1119
3 498 1550 790
3 165 159 1322
2 315 2103
3 133 1196 301
4 1537 1108 1144 635
3 396 2314 1395
2 190 1621
3 901 549 889
3 1894 1001 674
3 2463 2411 1039
2 744 2453
3 1677 1992 1187
2 1071 1729
2 426 120
3 136 854 2411
3 1589 461 2083
2 1273 1771
3 326 1489 1451
3 708 1783 2107
3 2268 1523 2043
5 215 123 255 648 2320
3 1151 2372 1226
3 814 2475 463
3 2235 425 1588
2 1558 106
4 264 496 1117 1762
3 1698 2452 2024
2 130 291
3 784 666 1245
2 421 748
4 1243 1906 2330 2180
2 650 677
2 1592 966
2 1562 1220
2 140 1854
2 2045 250
3 290 1204 829
3 1552 1764 409
7 3 1261 1212 1098 441 1061 1292
2 1299 1118
2 1988 1378
3 798 1835 187
2 1125 1414
3 1300 1358 2287
2 711 704
3 1795 1655 1356
2 308 2413
4 2039 2347 956 1356
2 1972 1036
4 546 2060 726 1791
2 2101 648
3 1089 1629 1846
2 226 79
3 838 1033 1567
3 97 389 2231
2 1461 1901
2 1057 1196
2 2473 1958
2 1951 1964
3 587 1983 861
3 1104 1213 2222
2 552 1857
3 2441 1968 1400
5 1066 1174 769 608 834
4 1247 2065 1638 1263
2 63 112
3 1868 1613 1896
3 628 713 1935
2 1995 1648
2 185 1642
2 170 2421
5 2491 444 2043 648 1852
4 378 1073 948 847
2 2469 165
2 736 2218
2 1675 1054
5 1515 502 2012 177 1678
3 592 1145 774
2 1934 321
2 525 798
5 544 448 1040 876 587
2 190 1133
2 559 2355
4 1690 292 2397 558
2 2081 2451
3 522 1075 249
2 354 736
2 2200 690
2 1157 1140
3 761 2351 1787
4 49 833 2006 2433
2 532 69
3 1671 2280 756
2 799 1403
2 1594 859
3 165 907 2023
3 2343 1877 2169
2 804 2170
4 2084 1361 1056 941
2 1134 1571
2 1797 349
2 1526 1453
2 2 1568
2 138 1402
2 2158 1970
2 2022 793
3 2252 1817 1431
4 1957 564 1002 300
2 91 1780
2 1166 1370
2 759 1296
2 1807 1318
2 1184 1537
2 1040 250
2 1170 2235
2 1687 739
5 39 697 520 2442 2133
2 242 2380
2 2441 836
2 633 172
3 2129 260 276
2 540 2017
2 1812 971
2 55 169
3 2019 1165 1109
4 548 1236 1387 309
3 1522 2095 241
2 1348 968
2 1539 2059
2 1550 1308
2 37 573
2 1015 1842
2 1595 1517
2 531 535
2 1083 958
3 1288 1691 283
2 918 1998
2 1119 1009
2 77 424
4 1346 516 2046 514
4 2458 27 512 2217
3 1486 243 1080
2 1956 1262
4 2064 1275 2154 1471
2 652 1342
3 1252 350 729
2 319 1499
2 1009 1371
5 1754 426 1740 1070 703
2 209 2063
3 2369 1476 1812
2 1648 1192
2 902 4
3 771 752 2020
2 368 431
3 460 1801 242
3 572 811 1506
2 1676 232
4 1586 852 1651 344
2 1312 342
2 149 1776
2 809 263
3 471 1375 2058
3 1300 2334 2005
3 1061 795 528
3 1253 349 296
3 32 2327 1915
2 565 288
2 1162 2184
2 1225 1912
2 2302 2137
2 365 173
3 741 796 2435
3 2488 1048 1241
3 939 936 881
2 89 2263
3 1984 1979 2420
2 341 1378
2 1212 1535
2 2147 1725
3 2387 509 623
2 2247 126
5 508 873 562 2457 1002
2 1054 216
2 368 1002
3 61 1229 15
2 2424 1194
3 2318 2125 2072
5 1964 2211 191 1603 1824
2 1813 2293
2 2278 859
2 2162 963
2 1315 1995
2 903 1289
4 710 515 67 2161
2 1688 343
2 1565 603
4 2131 20 2367 1161
2 1336 2062
2 140 1558
2 1529 1428
2 1242 451
2 1452 575
2 1235 282
3 2257 653 1450
2 1804 2054
2 2338 1196
2 1280 1010
2 2337 1671
4 307 1303 135 403
2 1888 1039
2 1175 1853
4 94 270 1803 229
4 1271 603 949 757
2 1302 2075
2 717 701
2 819 2152
2 132 841
3 1934 1389 1804
2 1656 1133
2 895 2044
3 1158 2215 556
3 1808 1361 1123
2 1999 2128
4 1361 1694 1850 105
2 972 2219
5 1794 2292 461 2206 1382
2 760 1364
2 2389 1164
2 921 69
2 2193 2355
4 1349 2305 2201 24
3 985 688 2273
2 1922 412
3 1624 462 614
2 756 881
2 2156 938
2 1805 1418
2 2384 1922
4 1328 2256 215 1667
5 265 1733 2087 494 2321
3 1096 2262 2327
2 1786 2119
5 806 1121 12 2284 1605
3 2244 1231 1347
3 1554 2003 1581
2 911 1757
2 469 151
2 256 2324
5 1938 50 1814 1097 598
2 1141 791
3 450 1438 268
3 289 1103 1882
2 491 1969
2 898 917
3 870 1516 2442
2 49 1132
2 1991 672
3 189 1034 443
3 658 1909 343
2 511 1836
3 1703 1335 2267
4 832 1065 1437 2205
2 740 2417
4 2423 857 333 2474
3 1290 1037 1441
4 1822 259 2419 808
3 1673 593 1440
2 53 801
3 861 359 496
2 2332 2409
4 274 796 1867 1331
2 268 1385
2 1870 539
2 100 1899
3 1731 772 1433
4 138 1339 1169 1851
2 2290 1841
3 2192 145 1772
2 3 386
2 2135 525
2 2344 348
2 2437 1599
2 1625 2408
2 605 2378
4 962 1379 101 953
3 1529 2179 1572
2 1298 755
3 1399 1484 964
2 2318 1383
2 1443 2440
2 1152 1612
2 808 2485
2 1793 1017
2 373 2241
2 1371 1566
3 1262 1679 2476
3 1817 902 1765
3 1966 2266 1366
3 1640 1781 579
2 1885 2435
3 2461 2241 1501
2 300 577
2 543 1458
2 2367 46
2 144 1083
3 2362 184 806
2 2339 2407
3 1951 1374 120
3 1412 699 1134
2 1012 1381
2 2118 127
2 1164 1908
3 1505 2156 1874
3 1795 156 1689
2 2357 636
3 257 302 1944
2 1895 405
2 1889 1346
2 1810 1229
2 1464 1166
2 1296 480
3 1177 1662 123
3 1614 1415 1524
2 549 297
3 285 1286 283
2 1933 2178
2 317 360
2 281 2443
3 2334 2112 1960
2 1104 718
3 2340 2449 730
2 1172 1174
2 35 2261
2 483 229
2 1830 540
2 126 2200
4 1477 1319 1761 2134
3 2432 1844 573
2 1043 2161
2 2259 1050
2 1986 1545
3 645 1662 990
2 735 2496
3 265 860 833
2 312 2273
2 1580 182
4 2224 194 994 468
2 1241 232
3 743 518 1872
2 1501 417
3 1666 2424 1721
3 1206 436 741
2 1371 915
4 946 1205 1628 794
2 1796 979
2 1312 894
4 799 278 1748 430
2 354 635
3 221 519 1107
2 2290 1154
2 2398 1764
2 820 8
2 1254 1528
2 1020 1598
2 620 1553
2 289 2075
2 1622 742
2 2286 2229
3 746 481 266
2 397 219
2 2201 154
2 2057 10
2 1988 780
5 2286 1248 447 30 1618
2 1306 2180
2 652 381
2 2168 2185
2 735 141
2 1933 2325
3 995 2329 1557
3 523 1540 1218
3 2300 1969 682
2 1866 265
2 705 2378
3 35 1943 1113
3 2304 2338 1432
2 1201 1862
4 73 1732 865 2083
2 48 2026
3 2364 108 789
2 53 1916
2 831 2171
3 2153 2316 944
3 1626 1579 2151
2 133 1184
4 1018 951 1641 1624
2 1534 1291
3 376 193 477
4 478 2449 1420 826
2 489 2495
2 1925 50
3 1549 593 840
2 568 1599
2 275 798
2 2140 902
4 5 359 1024 1962
3 2139 1490 1160
3 251 2188 1889
4 682 1085 264 1091
2 2059 1982
2 190 743
3 1850 438 2465
2 2495 376
3 2423 1635 2255
2 1940 2085
2 1583 1937
2 939 1559
2 1600 100
3 292 243 294
2 2390 1682
5 1384 1406 2431 676 389
3 1728 2123 1695
3 4 1842 223
4 1217 295 2269 1843
3 162 1697 2138
5 2268 863 239 1675 929
3 754 449 2455
2 1453 250
2 1502 2456
6 979 1085 162 1509 337 2487
2 621 259
2 698 2072
2 72 2032
3 13 1776 2121
2 1519 1080
3 1694 1178 869
2 1251 1353
3 88 1718 1914
4 1094 2123 654 175
2 329 1218
2 321 2291
2 2154 762
3 1515 983 325
3 355 354 2335
2 2467 1588
4 2024 1584 324 665
3 704 1976 222
4 420 1249 1056 785
2 1652 1315
2 1232 2367
2 997 2233
2 1664 649
2 1326 1214
3 1833 2082 1317
3 2117 1468 1977
3 1256 456 543
2 1619 1111
2 991 118
3 680 2008 447
3 1313 1972 976
2 407 174
2 747 1597
2 2361 1426
2 2454 644
2 1090 1934
3 265 75 228
2 1615 1044
2 2391 387
2 1967 2480
2 1330 778
2 454 1886
2 1820 488
2 473 1971
2 2367 1312
2 701 2385
5 16 703 54 1028 1806
3 1245 1525 86
4 2093 378 1069 93
2 298 2496
2 1273 42
2 1500 1139
2 1483 1440
2 201 2114
2 1281 1051
2 1576 1800
2 490 1028
2 1716 2197
3 1244 555 1436
4 1769 1168 1860 432
2 687 1422
2 1260 559
2 1103 326
2 1683 776
2 820 1702
5 2356 2261 2047 671 2040
2 1273 935
3 1607 1267 649
3 1990 254 768
3 2308 889 213
3 1500 588 543
3 1283 1664 1927
2 1564 1421
2 2380 741
2 1061 2484
2 874 1550
3 2279 338 1852
2 1634 200
2 267 706
3 122 1681 2160
4 1985 2319 734 435
3 1950 2357 2476
3 406 1283 45
5 642 1498 2341 1676 2086
2 1601 727
6 1064 1545 2079 2241 1368 1734
2 2419 1987
2 973 1921
2 2354 332
2 1257 643
2 2349 2044
2 2310 2007
5 1237 2172 1207 1765 1407
2 2412 2170
4 585 1385 1093 673
2 2425 1281
3 1454 33 400
3 1978 883 2091
3 2448 2315 2375
3 1553 256 1108
3 865 142 767
2 1295 7
2 384 1936
2 707 2252
2 19 1838
2 1182 600
2 320 615
3 680 1180 2289
2 1989 1656
2 524 376
3 2114 2120 422
3 346 1789 1676
3 681 1096 586
3 843 2283 425
2 2106 2023
6 1380 2427 1632 15 38 2187
2 42 1972
2 1720 1935
3 192 247 864
3 71 1432 217
4 318 1158 998 85
3 543 594 1081
3 453 1371 771
3 516 786 36
3 2128 1417 1452
2 308 511
3 176 1916 877
4 749 1651 2462 1626
2 1158 2132
3 1977 1644 2347
2 1329 1377
4 711 1077 74 157
4 2245 1735 82 956
2 814 1730
3 2267 950 46
2 350 1506
2 1512 418
3 2392 986 977
3 852 690 1751
2 2274 2370
4 2139 1029 1234 551
3 1089 1727 506
3 2035 1933 726
3 2256 358 1480
2 1766 1700
4 679 1986 86 753
2 1038 1513
4 626 1214 910 801
2 1994 128
3 91 44 2125
2 1529 1402
4 1912 1462 1408 1987
2 947 1704
3 132 2126 1606
2 1536 1776
2 1394 2414
3 2016 655 2477
2 322 458
3 2075 1909 476
3 574 2190 303
2 942 1248
2 1954 455
2 2132 1952
3 2053 926 2481
2 2077 785
3 698 2259 149
2 2438 672
3 1842 916 386
3 1669 2027 2397
2 2355 1302
2 1091 88
3 2305 1793 1305
2 1591 1240
4 496 2266 1387 842
2 215 913
2 1835 596
2 445 1383
2 1072 899
3 2264 1139 2405
6 1472 2345 284 1565 1976 1828
2 2241 1177
2 2061 2257
3 589 366 122
3 656 1367 1725
2 532 507
2 2209 1034
2 2052 126
2 1054 513
2 2136 1353
2 374 1504
2 310 1252
4 2220 2196 2050 1943
2 739 1046
2 1896 940
4 45 323 2315 1354
2 1633 1127
3 1767 2489 995
2 126 1680
2 679 26
2 1355 2274
2 2418 998
4 884 137 1711 380
4 1008 725 2130 2030
2 89 920
2 1863 2249
2 1275 525
3 924 68 1361
2 1148 1247
2 1984 9
3 1037 1372 2221
4 1577 2462 1425 2417
3 626 1926 1692
2 1672 1111
3 961 1974 136
4 339 557 2166 89
2 226 2214
3 2313 807 357
2 644 11
2 489 395
3 868 1210 1072
2 805 2415
4 957 1829 1741 2344
2 2107 505
3 914 810 952
2 396 660
3 2467 104 1146
2 2459 314
2 18 535
5 1413 2479 623 2412 927
2 2354 10
4 719 1713 104 1642
3 2053 387 2481
3 413 2 2029
2 871 2016
2 1718 2437
2 1760 1755
5 2269 593 1195 728 2404
2 1792 257
3 824 715 2331
2 2396 1716
2 1124 1459
3 2009 2386 479
3 1564 2376 929
6 1059 1285 448 2262 2012 595
3 1087 1452 1922
4 590 308 721 1816
2 644 109
2 2010 2160
3 1932 1081 2097
2 2271 1611
2 909 627
2 1548 2291
2 449 1666
2 1216 1350
2 1442 1578
2 2167 408
2 2084 1265
2 1836 1064
2 266 1328
2 1918 2046
3 782 657 2441
3 1637 2028 2410
2 508 2342
4 852 794 402 1348
4 220 778 866 2036
3 1864 1808 2436
4 2001 1862 1711 1332
4 925 2074 1685 1095
2 1345 80
3 591 1513 1054
3 2488 1475 1307
2 1566 1047
2 393 2274
4 2145 329 2077 1728
2 362 1114
3 856 2499 1830
2 495 1772
3 1375 83 1756
3 2210 1169 202
2 1487 2173
2 258 2175
4 158 628 1928 1398
2 1886 2490
2 2402 1548
3 607 1414 1734
2 2047 1231
3 1707 2303 2386
2 2498 1755
2 662 1363
2 892 2158
2 486 1110
2 2191 2401
3 1503 616 1429
3 1819 1719 803
2 653 1699
2 518 110
5 1378 1170 102 901 1607
2 1471 1803
3 135 1362 2010
4 436 21 1768 459
3 204 2042 2257
2 2332 498
2 539 1013
2 2404 621
3 802 1394 2215
3 823 2407 2339
2 1657 1026
2 1132 664
2 2250 1640
2 2 2038
2 406 1145
2 433 2176
2 2446 1919
3 2372 1487 697
2 22 2458
3 1817 1448 850
2 310 954
3 1357 110 589
2 1449 98
4 2159 198 2146 1530
4 1023 2225 1175 2089
2 1070 929
4 345 1026 2463 716
2 1057 2451
2 1460 1634
