5000 3
2 2737 1216
2 858 2485
2 2350 937
2 839 1170
2 3867 4444
2 892 3248
2 3162 712
2 4810 3067
2 2171 3160
2 3986 2610
2 665 604
2 2257 3122
2 516 3537
2 1190 4572
2 3766 4244
2 2037 377
2 3845 1591
2 3360 4427
2 4010 3519
2 1606 385
2 2584 191
2 4455 4176
2 499 4676
2 2624 1931
2 3467 3909
2 351 2699
2 2836 1636
2 4849 2342
2 3690 2829
2 287 2871
2 223 233
2 4540 325
2 979 4410
2 562 287
2 1061 4879
2 4140 707
2 3570 64
2 2712 2138
2 754 4699
2 415 2850
2 65 909
2 2532 178
2 717 3088
2 45 4860
2 1388 2090
2 2362 43
2 3714 4395
2 4760 4894
2 2608 3123
2 4021 2264
2 1037 4321
2 1758 4678
2 3528 2350
2 1901 4061
2 2197 1801
2 4818 616
2 358 2590
2 4798 4202
2 3652 600
2 1295 3278
2 1818 4566
2 3813 1610
2 3111 1351
2 2951 1837
2 36 1894
2 2006 40
2 4131 4702
2 4494 2145
2 2044 462
2 534 3531
2 4107 1979
2 767 4948
2 1263 4013
2 4679 3543
2 4396 682
2 3200 3111
2 4057 3097
2 2633 398
2 2446 4340
2 4316 1844
2 749 1885
2 1857 4630
2 4843 654
2 3671 1466
2 2338 2061
2 1027 892
2 167 3412
2 1236 2738
2 3069 3126
2 3622 4825
2 4901 1334
2 2157 120
2 3737 836
2 1117 2250
2 2680 1100
2 4196 2016
2 4775 341
2 2341 723
2 2331 1778
2 2926 3573
2 3817 4637
2 3067 2860
2 1617 2275
2 3065 3216
2 920 2461
2 2549 2592
2 1401 348
2 2132 1280
2 3689 254
2 2578 3720
2 4928 3928
2 3408 362
2 2107 4874
2 2204 345
2 865 3109
2 4799 4950
2 3310 4648
2 2466 978
2 2651 430
2 2249 4221
2 91 2114
2 4280 1917
2 4509 4837
2 1411 3289
2 2700 2312
2 4862 619
2 905 3693
2 2752 399
2 4112 4805
2 2896 4208
2 3719 2712
2 1245 1091
2 3626 3821
2 1798 2928
2 3682 304
2 2485 734
2 1153 1621
2 2034 2486
2 1714 3831
2 2639 2869
2 1273 1318
2 1036 2628
2 250 4849
2 4430 1619
2 3734 2325
2 3854 4300
2 949 3259
2 4858 4765
2 3137 1986
2 4000 3918
2 1576 2510
2 4634 4640
2 497 715
2 261 3251
2 4727 2901
2 1560 2525
2 2883 2346
2 3764 3391
2 1281 4861
2 1184 3297
2 4620 416
2 1757 1324
2 4654 913
2 3390 1941
2 317 4045
2 3362 2050
2 3476 1740
2 1445 86
2 1270 2281
2 2908 1387
2 3503 630
2 1266 3712
2 4018 3155
2 1684 4091
2 1323 4194
2 2535 881
2 4047 2467
2 838 4474
2 41 609
2 4866 4373
2 1396 4701
2 1294 1896
2 4623 1330
2 4055 3591
2 4063 1293
2 3745 1007
2 1213 2356
2 2617 658
2 3085 4898
2 775 3622
2 4508 701
2 20 4485
2 4094 2282
2 2411 3441
2 2470 3986
2 2641 1268
2 740 1655
2 1151 1160
2 1500 1733
2 2747 1157
2 1900 3040
2 4551 1730
2 234 434
2 1332 3688
2 4821 4798
2 2598 561
2 2647 4661
2 845 3611
2 2738 4972
2 4657 4135
2 1819 4251
2 4476 2938
2 1706 1477
2 1585 2165
2 2206 837
2 274 3380
2 1017 1714
2 2631 1701
2 3849 2993
2 379 2833
2 2327 3860
2 2233 2607
2 3716 3654
2 1079 30
2 1331 274
2 3750 1676
2 1788 370
2 2064 3076
2 2940 1835
2 1867 4626
2 3120 1469
2 3879 507
2 3418 947
2 30 2088
2 2000 202
2 2164 1510
2 3068 4120
2 1511 3349
2 1474 406
2 1068 883
2 455 3987
2 2653 3401
2 3493 2226
2 1713 1440
2 817 1432
2 3155 2170
2 460 2838
2 1654 4569
2 2773 991
2 677 4433
2 1646 142
2 2401 1841
2 3997 2752
2 310 1273
2 108 4526
2 3513 2077
2 1004 968
2 4074 2164
2 1663 1438
2 3829 2228
2 277 4997
2 2058 153
2 4740 4995
2 2367 2597
2 3788 2345
2 2832 4329
2 3100 2124
2 4251 3523
2 695 3000
2 3484 1052
2 1873 4643
2 2847 2692
2 3240 935
2 4989 2148
2 224 215
2 4885 3170
2 3718 4565
2 2464 260
2 1437 1444
2 658 1144
2 4372 2135
2 1937 4732
2 2862 2774
2 545 2373
2 1748 1358
2 2683 2965
2 2190 3737
2 33 29
2 4580 1251
2 2724 4274
2 2375 573
2 4930 3143
2 1166 1615
2 2378 4532
2 4652 1344
2 2622 2690
2 3249 394
2 4961 1118
2 2715 3204
2 2055 4123
2 2474 4902
2 3551 2242
2 2143 3594
2 432 1654
2 134 2969
2 1885 4380
2 831 3628
2 1563 3461
2 2816 3365
2 4371 2864
2 597 253
2 1321 3660
2 472 2269
2 3091 4134
2 3372 1988
2 4172 2030
2 751 798
2 1656 164
2 4445 2087
2 1690 4993
2 4497 4784
2 3421 2112
2 1977 3741
2 3400 3809
2 2280 1042
2 31 2889
2 833 617
2 2027 4107
2 2479 2664
2 1074 743
2 2817 882
2 4064 2497
2 1779 2898
2 3985 1019
2 3178 632
2 3795 1448
2 2261 1134
2 1207 4278
2 2720 625
2 3691 3493
2 812 2037
2 96 3410
2 1648 3925
2 1238 2229
2 4548 1982
2 113 2438
2 402 4239
2 624 3722
2 106 2526
2 4260 2295
2 4224 3254
2 700 25
2 4903 484
2 989 4147
2 1909 1394
2 919 4847
2 3180 3499
2 4558 3159
2 4625 56
2 2323 4917
2 1643 1717
2 1434 1138
2 111 4758
2 411 1504
2 675 1061
2 3520 2825
2 1719 4318
2 3288 4941
2 2347 661
2 2079 4209
2 226 2626
2 1361 631
2 4694 2936
2 4778 1125
2 3909 779
2 3172 4291
2 2279 2386
2 15 2617
2 893 4604
2 1258 219
2 4797 1210
2 2811 4044
2 3076 1647
2 3896 1220
2 2185 633
2 19 1934
2 1949 1836
2 4659 4302
2 1973 1945
2 4579 4161
2 3391 694
2 3779 4543
2 1125 3792
2 4138 1025
2 296 1711
2 1099 3871
2 3596 2749
2 4751 954
2 77 2437
2 127 4454
2 3034 4497
2 2721 4140
2 4776 346
2 1863 3765
2 2740 2306
2 1762 4029
2 238 1923
2 2595 4563
2 3086 475
2 3655 1008
2 2591 503
2 1457 363
2 1446 2698
2 3711 4829
2 3135 1261
2 721 39
2 160 3300
2 2994 994
2 2728 3757
2 1971 470
2 4547 1339
2 4375 2762
2 4317 874
2 3583 2208
2 4829 3389
2 990 4515
2 4210 2819
2 1103 1634
2 870 3603
2 1701 4934
2 118 2851
2 3926 4317
2 1364 303
2 2939 4282
2 202 3344
2 2413 2120
2 3385 2642
2 3255 3211
2 4214 4092
2 668 1121
2 1531 1316
2 2488 915
2 2528 1725
2 2889 2025
2 3784 1002
2 1840 2474
2 2234 3385
2 2168 1234
2 3004 2873
2 3222 4257
2 955 4693
2 598 1260
2 4068 3822
2 4275 1871
2 4366 2299
2 4212 240
2 3705 2945
2 3917 2542
2 4828 4940
2 1067 4745
2 4352 246
2 4794 3677
2 68 690
2 1191 4925
2 2795 4988
2 591 2211
2 1176 3189
2 2214 2565
2 3870 3165
2 628 2744
2 419 3879
2 2605 1141
2 2576 312
2 4603 1518
2 1694 3970
2 408 964
2 3148 4867
2 4203 2821
2 3000 2701
2 3968 3893
2 2014 2700
2 4720 1722
2 2195 3549
2 3237 3852
2 352 1673
2 4556 2385
2 3726 517
2 4512 1832
2 3392 1597
2 3448 670
2 1033 2816
2 3866 819
2 2569 3962
2 735 4871
2 2159 4846
2 3632 2797
2 3118 2102
2 4169 152
2 3450 3140
2 2618 22
2 4935 4457
2 2871 4531
2 1277 1715
2 410 1014
2 4631 4470
2 2267 4969
2 1770 4662
2 231 929
2 3074 3832
2 1763 1755
2 4391 1915
2 1898 2854
2 3619 4930
2 4313 3336
2 806 3117
2 3751 1297
2 3621 12
2 486 3363
2 4181 2026
2 1127 3202
2 4268 4296
2 4292 4098
2 3783 4683
2 4006 1167
2 1231 1152
2 2739 729
2 4675 1360
2 1888 2962
2 3912 1961
2 4803 4530
2 2414 1590
2 4723 1538
2 3684 1613
2 4429 2420
2 4281 69
2 1709 2989
2 4906 3177
2 2868 2724
2 3687 2578
2 2176 1626
2 1436 4971
2 1204 1769
2 3388 1109
2 4362 3983
2 1484 2020
2 3561 283
2 2085 773
2 1922 2097
2 3536 3638
2 4290 2547
2 1910 2315
2 758 3167
2 769 1796
2 724 768
2 4589 3200
2 3803 1935
2 2886 3597
2 1854 3614
2 4218 1627
2 2822 992
2 3710 1611
2 205 2249
2 1269 33
2 4237 3015
2 3914 3740
2 1338 2419
2 3345 3355
2 857 4908
2 2134 1462
2 1482 2401
2 2252 2643
2 1385 3580
2 3680 897
2 290 2500
2 2461 3414
2 4743 4498
2 843 3981
2 1786 3449
2 2687 4472
2 2646 2768
2 1110 1271
2 4888 3500
2 3159 1027
2 1417 3767
2 3147 3055
2 2111 3292
2 2052 1368
2 3333 2013
2 1059 3071
2 4270 3699
2 2767 4425
2 2010 465
2 2688 4383
2 1697 2300
2 3395 3075
2 4323 2747
2 3861 4848
2 3403 310
2 4359 451
2 993 733
2 58 4682
2 1773 2351
2 1409 4354
2 4304 4402
2 10 756
2 4557 2990
2 4574 2130
2 3576 4181
2 2392 4688
2 178 944
2 4954 2759
2 4206 1635
2 1360 3115
2 1825 4126
2 3478 4111
2 1522 1651
2 55 3183
2 326 4494
2 1112 2005
2 125 1568
2 723 1418
2 2539 2911
2 2599 3247
2 3113 1802
2 1765 347
2 338 866
2 3919 2689
2 2504 3243
2 3656 469
2 3537 3223
2 170 2725
2 371 1179
2 334 785
2 384 4110
2 1348 3636
2 3257 1332
2 4276 696
2 655 2492
2 2242 1458
2 1603 3396
2 691 1389
2 3359 1135
2 2083 2057
2 850 3784
2 3882 4235
2 3851 2196
2 2695 1072
2 3218 4545
2 1014 2387
2 3920 3867
2 1849 1943
2 2565 3128
2 2894 1024
2 4259 4869
2 82 880
2 3892 637
2 1497 4055
2 3625 4142
2 187 279
2 1783 818
2 3658 3104
2 368 4294
2 2705 1294
2 2885 744
2 909 2091
2 4289 10
2 3342 2193
2 4109 2900
2 2148 439
2 3449 1693
2 489 4200
2 3353 3129
2 1010 2839
2 3708 1738
2 2723 2650
2 2110 364
2 4998 2735
2 1571 249
2 1064 1823
2 2807 2600
2 4229 2363
2 3518 789
2 74 2675
2 1028 1349
2 3281 4155
2 4870 2994
2 2610 3761
2 4886 2776
2 1320 2318
2 1367 1180
2 462 3465
2 4929 640
2 722 3144
2 2713 4502
2 390 3618
2 2949 268
2 636 3277
2 2483 2331
2 1787 4057
2 1056 3282
2 2596 351
2 190 4851
2 942 1718
2 4201 3819
2 3016 956
2 3498 2368
2 1778 1354
2 35 4036
2 1999 3511
2 3152 3161
2 3942 1774
2 2804 1777
2 6 1981
2 1528 4523
2 2763 3201
2 152 3314
2 2045 812
2 1136 42
2 4182 3595
2 4287 4030
2 3012 3022
2 853 415
2 1761 692
2 97 620
2 4577 553
2 3771 1304
2 2510 2404
2 931 3878
2 3595 1700
2 525 4642
2 4223 2008
2 2853 2844
2 4363 4144
2 599 3286
2 135 3951
2 4724 493
2 3609 3029
2 1221 2070
2 1012 4004
2 4443 804
2 3322 196
2 2559 1161
2 2546 4611
2 329 3366
2 663 961
2 3471 1828
2 3500 2730
2 4036 3731
2 3837 2977
2 4983 80
2 4013 1308
2 4284 316
2 1514 930
2 4044 3139
2 4069 38
2 3490 4240
2 604 2313
2 4432 4252
2 1286 551
2 3330 2267
2 3315 4820
2 4246 2920
2 1552 3662
2 1577 2518
2 3045 4408
2 4518 2167
2 1525 2957
2 3008 71
2 553 1137
2 3924 552
2 4014 2396
2 2017 1662
2 3055 3240
2 546 2630
2 1582 3508
2 4560 189
2 4539 3384
2 1625 4167
2 3918 3679
2 374 1913
2 3064 3427
2 4117 1899
2 994 2390
2 3898 3507
2 3437 3242
2 632 3902
2 1114 3526
2 3902 4962
2 3128 3510
2 681 2651
2 4102 2671
2 3572 3593
2 1355 3047
2 1837 2682
2 2955 4813
2 2113 3181
2 1721 3235
2 2020 3207
2 316 2051
2 2975 3405
2 3349 2073
2 4185 3131
2 2251 1622
2 4321 3673
2 739 4290
2 2893 3108
2 4907 514
2 2169 4652
2 2484 943
2 2704 3470
2 3802 4645
2 2123 4708
2 716 340
2 3347 2435
2 4897 2204
2 3637 1447
2 3406 3053
2 3883 244
2 659 846
2 491 3985
2 2462 2828
2 3102 3802
2 978 3931
2 4325 1029
2 1487 2881
2 1824 1491
2 3612 4299
2 1523 3501
2 2049 4304
2 3670 1705
2 1346 4760
2 3119 306
2 4151 3903
2 1614 326
2 2632 4706
2 1993 4292
2 92 1363
2 214 2106
2 2987 177
2 982 3
2 4505 1674
2 3188 3290
2 2947 859
2 2686 576
2 3496 3001
2 3363 207
2 818 4541
2 4879 2896
2 3358 4712
2 2452 3520
2 2972 643
2 1310 1605
2 2408 2180
2 3256 721
2 3723 2515
2 3707 3993
2 1650 1927
2 1953 567
2 4080 1
2 842 2399
2 2879 2779
2 4038 1016
2 4678 3434
2 3553 3975
2 1530 1811
2 2487 114
2 625 3661
2 2684 890
2 2198 3540
2 1751 1176
2 4537 428
2 3331 1765
2 2677 1631
2 4845 3275
2 422 4787
2 2104 3085
2 1991 1994
2 2167 2715
2 4596 3558
2 3706 3800
2 654 1236
2 175 2529
2 330 4312
2 239 2290
2 2757 4594
2 3465 1898
2 1137 4387
2 1958 1698
2 2099 1593
2 4009 3633
2 867 2963
2 4956 4503
2 85 5
2 3990 378
2 1724 1093
2 3792 2261
2 4813 2093
2 572 1768
2 2194 2086
2 2170 1702
2 2120 2872
2 3512 3579
2 1624 4173
2 2117 1800
2 1744 4691
2 3859 126
2 3983 3291
2 4137 2780
2 1734 3782
2 40 664
2 2933 2322
2 2619 3888
2 3729 1629
2 162 4818
2 4957 2076
2 441 1227
2 1527 3708
2 1485 3858
2 2840 2032
2 3350 355
2 3213 104
2 3466 3635
2 4975 1083
2 3486 1572
2 3679 4511
2 1661 2171
2 3611 1263
2 4626 4816
2 3452 1289
2 507 3643
2 752 1884
2 1349 727
2 2067 2538
2 2637 4192
2 2095 4590
2 272 3080
2 1904 2407
2 2 3299
2 3193 4751
2 1652 1264
2 1152 4685
2 1990 3078
2 4802 702
2 808 3038
2 609 1256
2 2133 2880
2 2791 1661
2 232 1397
2 1782 985
2 4020 146
2 2956 2027
2 3665 3629
2 2116 1041
2 4696 3482
2 397 4554
2 4909 450
2 704 1842
2 4351 3711
2 2965 2591
2 3433 3049
2 962 1780
2 744 3559
2 2867 960
2 1539 1972
2 475 3725
2 3207 2721
2 1095 2585
2 1880 2289
2 256 4289
2 1844 4641
2 2196 2041
2 2945 4191
2 2986 4539
2 1384 4388
2 2211 4008
2 4046 3816
2 4704 4673
2 4629 2452
2 117 822
2 4448 32
2 1826 1404
2 2036 1245
2 2823 839
2 4873 4589
2 4658 1485
2 948 2444
2 4150 3486
2 4418 4560
2 1725 3137
2 3876 353
2 2438 425
2 248 3804
2 559 4550
2 2035 599
2 417 782
2 1477 2317
2 4971 4916
2 4488 1788
2 4705 1726
2 1737 2244
2 3937 4066
2 4415 4634
2 444 1310
2 3977 2442
2 3911 256
2 1325 2646
2 2301 4903
2 185 2930
2 409 1159
2 4991 1872
2 4685 672
2 3230 3886
2 4691 738
2 4520 4409
2 503 648
2 1800 4391
2 861 1977
2 4040 216
2 3009 3134
2 333 2688
2 4924 1964
2 1736 4028
2 2439 1762
2 3787 1883
2 652 1398
2 393 4399
2 3587 1826
2 582 85
2 4286 683
2 823 4789
2 2124 1214
2 1638 4263
2 1398 1785
2 2670 490
2 2308 1956
2 2227 1953
2 3509 141
2 3217 50
2 2572 3255
2 4431 2183
2 1632 1353
2 952 4824
2 324 4491
2 3174 1576
2 2207 2432
2 2580 4225
2 3494 2491
2 2152 1729
2 3024 2039
2 3198 3387
2 3930 2489
2 2026 1881
2 269 4508
2 3247 3548
2 1359 1509
2 4742 2772
2 1662 699
2 2277 4628
2 4066 3009
2 2854 588
2 2876 2979
2 364 34
2 4414 1843
2 2982 1456
2 4501 678
2 3037 4440
2 1655 1493
2 3868 459
2 3801 239
2 1087 4723
2 4428 2673
2 2579 4638
2 646 3388
2 3649 1840
2 3191 329
2 4544 4670
2 4692 1542
2 2606 1527
2 3284 4577
2 4571 223
2 4709 2418
2 4985 2666
2 1610 3318
2 922 1877
2 1375 3245
2 3961 3755
2 2726 1255
2 4400 1069
2 4851 4307
2 3321 4137
2 1938 2397
2 131 1186
2 3077 3563
2 894 4197
2 3616 3960
2 4335 966
2 4684 1382
2 2924 4774
2 4124 1231
2 1790 395
2 94 2361
2 2063 4458
2 3138 2570
2 2742 427
2 1381 1565
2 4781 2705
2 4419 3466
2 2643 3982
2 3703 2888
2 542 1424
2 3487 580
2 1611 1824
2 2070 618
2 3908 1395
2 2094 786
2 3361 3077
2 1494 3873
2 4427 93
2 297 2622
2 2275 3977
2 1256 4793
2 439 3113
2 1459 1515
2 2106 2631
2 2548 2502
2 373 392
2 2492 1246
2 2458 519
2 2395 3641
2 2660 2648
2 1623 4386
2 1167 3601
2 3522 3958
2 1976 3443
2 336 4810
2 641 3814
2 2421 717
2 768 886
2 361 3125
2 4682 2625
2 3550 2520
2 471 2581
2 3258 4936
2 2451 4203
2 279 2886
2 1304 3971
2 4807 2255
2 4920 1960
2 4202 2488
2 3731 1253
2 3928 2649
2 2797 197
2 524 940
2 2406 136
2 4256 2785
2 3035 2909
2 4977 4281
2 199 3399
2 4713 4725
2 1008 4963
2 197 4024
2 741 2723
2 2431 2866
2 1852 2305
2 2442 2967
2 4832 1314
2 1908 292
2 523 1131
2 3126 2865
2 4170 4190
2 3 1356
2 1243 3936
2 4176 1810
2 1594 4597
2 3933 4193
2 4674 4956
2 869 466
2 1926 4243
2 1839 3690
2 631 3042
2 689 1467
2 2029 3226
2 4162 2606
2 3397 1309
2 2314 159
2 3686 1257
2 1091 3276
2 3092 4574
2 2409 3168
2 4628 3296
2 3604 13
2 3781 463
2 2509 4842
2 3709 1489
2 2711 3114
2 3021 4623
2 1868 1577
2 4153 2791
2 2254 4059
2 2904 2773
2 4701 1697
2 4104 4230
2 1466 2748
2 2557 4863
2 4917 541
2 3202 2793
2 2523 1433
2 4848 337
2 1601 3587
2 1970 3319
2 380 4180
2 2542 3186
2 4493 3790
2 3219 186
2 1030 2629
2 1935 3968
2 0 4770
2 4059 4868
2 2243 2189
2 1717 2256
2 383 3429
2 4226 737
2 4941 3875
2 2679 2986
2 2445 3192
2 2430 4911
2 1962 2733
2 915 3801
2 2725 3130
2 4581 4293
2 3730 1905
2 1098 524
2 4135 1804
2 2498 1523
2 447 1712
2 3060 3173
2 880 87
2 4604 2867
2 2476 343
2 2935 3680
2 4789 3485
2 4262 3938
2 2756 4172
2 1314 1171
2 3195 4809
2 981 131
2 1126 2415
2 4482 2575
2 2662 2235
2 2223 4183
2 2922 3260
2 288 3995
2 3033 3848
2 1149 4060
2 3061 2616
2 1086 3568
2 944 1120
2 1185 4525
2 1858 379
2 4801 3450
2 451 1783
2 414 3956
2 4772 2905
2 926 72
2 939 3667
2 2642 1301
2 2173 171
2 1282 2734
2 195 4125
2 1551 562
2 4026 168
2 580 3623
2 3304 3516
2 253 140
2 1628 1441
2 4759 3651
2 3832 2808
2 3488 502
2 2262 4489
2 4582 2745
2 107 2790
2 1897 158
2 2927 1267
2 1428 3694
2 4236 1675
2 1930 4117
2 3648 758
2 4451 1483
2 4295 1588
2 928 3213
2 4716 2191
2 3415 2074
2 3505 3724
2 184 3704
2 662 181
2 4538 59
2 3941 1423
2 515 4584
2 1726 2012
2 3953 3253
2 3144 2460
2 1265 2853
2 2635 2257
2 2398 3330
2 725 1145
2 2130 2481
2 3804 3219
2 1986 2918
2 750 1892
2 1183 4160
2 1002 851
2 3881 1936
2 1675 2040
2 3149 1908
2 1165 1243
2 3921 4518
2 440 4546
2 1884 2697
2 140 4614
2 4780 2172
2 4184 688
2 3508 311
2 4568 4749
2 3136 174
2 161 4162
2 1705 1005
2 4486 2308
2 2295 2693
2 3676 3644
2 2782 3011
2 182 4588
2 3819 224
2 635 203
2 1380 1637
2 90 1443
2 2226 3218
2 4423 2601
2 1612 1600
2 4972 565
2 420 4986
2 4611 2049
2 1460 3578
2 1766 1695
2 4213 4042
2 294 4483
2 4025 1581
2 2860 830
2 2456 4488
2 4265 634
2 683 931
2 1718 4840
2 62 3950
2 4434 2621
2 1040 4746
2 706 3747
2 2345 792
2 1170 3306
2 3455 2549
2 284 3452
2 2310 1054
2 526 612
2 4145 371
2 4826 3820
2 836 4270
2 4368 432
2 1702 3284
2 1509 2092
2 2656 689
2 586 4065
2 3929 3008
2 1633 2970
2 2652 1430
2 3807 1965
2 1450 4364
2 2061 2672
2 3645 1084
2 2567 1852
2 3678 3648
2 4585 4266
2 4358 1400
2 3054 1333
2 3863 1104
2 1096 4802
2 1467 1641
2 3593 973
2 2999 571
2 4217 4910
2 169 1688
2 2843 44
2 640 4801
2 2952 4990
2 1680 1496
2 3027 3682
2 4386 1900
2 354 2656
2 1113 2516
2 4039 180
2 947 4819
2 1024 1032
2 4208 4595
2 1379 3605
2 1600 106
2 4155 4547
2 1914 2702
2 980 4153
2 3590 2546
2 3453 2162
2 1951 1849
2 3585 4198
2 3824 602
2 3559 1723
2 3190 123
2 4054 2636
2 3608 2064
2 2835 2365
2 2971 4704
2 2566 4881
2 3274 583
2 620 3375
2 4491 2660
2 1544 4612
2 1998 4596
2 1974 2178
2 1296 2603
2 1109 2563
2 2513 4037
2 3875 2737
2 4305 2883
2 4995 1283
2 3461 2323
2 1371 2924
2 3848 1758
2 244 4171
2 1206 3929
2 3794 361
2 1441 3869
2 3529 540
2 3290 278
2 258 2704
2 2419 4182
2 243 2995
2 1274 1435
2 4697 4933
2 1334 2216
2 278 1691
2 1455 167
2 3294 412
2 815 3817
2 335 2535
2 3681 3780
2 4808 1373
2 1520 4093
2 2506 4920
2 1670 3030
2 3862 4985
2 2186 1445
2 1063 4583
2 3351 411
2 638 1807
2 4073 1122
2 2826 1341
2 2306 3917
2 568 3065
2 4730 2870
2 2530 3033
2 2038 3881
2 83 1202
2 1180 1383
2 2122 2574
2 230 4096
2 1979 2799
2 3223 4527
2 3571 2544
2 3326 1727
2 4616 238
2 3753 2146
2 4296 1628
2 212 995
2 2332 1742
2 3101 3148
2 4158 2075
2 4591 2503
2 2215 569
2 1287 4002
2 4506 544
2 984 917
2 4473 1912
2 2636 824
2 4856 1732
2 1193 1684
2 1550 2983
2 825 2034
2 4910 3382
2 1066 3868
2 4963 1116
2 1741 2857
2 1391 3273
2 1510 656
2 4640 3564
2 3922 1737
2 4543 198
2 3287 3206
2 1891 4757
2 4733 2852
2 363 4236
2 2925 1513
2 3991 1614
2 2555 1556
2 3967 4556
2 1054 1366
2 235 1497
2 2634 237
2 3527 1724
2 1505 4178
2 1780 752
2 1122 3915
2 4699 4575
2 2290 4199
2 473 4258
2 4817 3063
2 3548 1451
2 3756 2916
2 1972 615
2 1233 827
2 4712 4875
2 2694 766
2 2848 4253
2 1077 916
2 1939 713
2 4549 4844
2 3688 864
2 4536 440
2 2307 2007
2 3641 2634
2 3332 2564
2 3013 2543
2 1586 4218
2 1607 1910
2 531 4420
2 1791 963
2 4457 3157
2 3538 4788
2 1076 4256
2 3747 4510
2 2415 1420
2 4714 3006
2 1960 2834
2 2556 2893
2 1562 4646
2 4875 4797
2 1801 1490
2 2903 1269
2 4940 762
2 1892 4113
2 3107 4490
2 4144 2024
2 1507 2429
2 3757 1582
2 4353 3966
2 4993 3561
2 4437 155
2 3540 4833
2 4968 1548
2 2751 307
2 2833 3586
2 1104 2754
2 3728 4750
2 3014 2613
2 619 4468
2 2858 2955
2 4835 4935
2 2142 677
2 923 2615
2 1792 1770
2 3272 2728
2 4200 4631
2 1043 150
2 1196 763
2 3858 3739
2 4075 1756
2 4242 2836
2 1345 1750
2 1557 774
2 2888 2841
2 2002 4163
2 2676 213
2 4272 1536
2 2781 4608
2 1288 1653
2 3758 2002
2 530 4227
2 16 4285
2 1861 3498
2 888 1906
2 1879 1173
2 4390 2806
2 3164 4687
2 488 2181
2 3078 3753
2 3543 2619
2 1337 1401
2 4535 1208
2 3885 2654
2 3340 639
2 4045 4987
2 851 2810
2 2583 19
2 2244 1537
2 3785 2882
2 1959 2236
2 61 1082
2 560 1111
2 2429 1337
2 532 1861
2 1506 833
2 292 2811
2 4668 2426
2 1872 102
2 4406 3855
2 143 4475
2 3376 3176
2 136 1865
2 802 4558
2 2809 1130
2 1812 902
2 4914 777
2 539 4358
2 558 3937
2 1476 1274
2 912 4401
2 4752 3315
2 872 4439
2 1869 1040
2 4769 1370
2 427 3883
2 611 4720
2 26 3895
2 1333 3991
2 3564 1031
2 3108 4382
2 3565 1976
2 1383 3208
2 2178 4624
2 3424 360
2 4017 3837
2 3798 3475
2 2812 250
2 382 3451
2 4311 342
2 3542 2291
2 2330 856
2 615 4850
2 3369 939
2 1588 3105
2 303 247
2 196 1066
2 4643 317
2 1696 2943
2 3833 4213
2 4595 4823
2 4874 4970
2 946 925
2 771 1056
2 2004 258
2 3145 4564
2 2991 2771
2 3053 2499
2 4847 2081
2 4373 2931
2 1796 3932
2 3558 1453
2 2209 2586
2 4403 4731
2 484 4201
2 840 3180
2 1284 1312
2 225 1925
2 4398 2681
2 3639 4336
2 2640 3274
2 2086 1391
2 4739 1875
2 3672 4133
2 2305 2929
2 1489 173
2 4996 4931
2 4892 3316
2 3597 3835
2 1387 3552
2 4049 4418
2 4283 319
2 1444 3702
2 3775 3894
2 669 2047
2 4976 474
2 1342 4164
2 1996 1657
2 1200 593
2 887 4714
2 2444 3616
2 728 2449
2 217 429
2 899 1365
2 4072 2667
2 2387 4363
2 829 1325
2 2921 212
2 2990 1942
2 4339 2402
2 2655 535
2 4980 3017
2 394 3215
2 1234 3327
2 3996 243
2 216 138
2 502 2388
2 3524 2321
2 360 1219
2 702 1350
2 2685 366
2 2522 2054
2 3661 796
2 481 2782
2 1410 3012
2 1512 894
2 442 988
2 998 1298
2 1473 3221
2 3895 3021
2 1047 3326
2 201 2548
2 3659 3481
2 1488 2533
2 198 3244
2 3354 908
2 2337 3555
2 4376 1021
2 1499 999
2 673 4947
2 3979 4529
2 166 2895
2 3853 1495
2 1478 3360
2 3874 4010
2 4288 904
2 4490 4001
2 4936 2304
2 4783 3369
2 4554 284
2 2959 2066
2 1581 2835
2 4022 869
2 4811 4736
2 2334 3646
2 1890 4989
2 509 1998
2 1579 4753
2 4846 161
2 1431 51
2 2855 4716
2 1955 4442
2 4113 722
2 1022 405
2 3440 509
2 4767 3783
2 871 624
2 3514 1342
2 3852 2448
2 897 2348
2 541 4371
2 1573 506
2 4665 2011
2 3535 3514
2 3241 601
2 710 4591
2 4148 4264
2 2692 1870
2 711 4254
2 98 706
2 1887 332
2 960 1514
2 2389 4284
2 3556 948
2 1260 659
2 2424 4919
2 1032 3736
2 3383 577
2 2022 698
2 997 226
2 3121 2381
2 1968 1099
2 3083 1539
2 4141 1573
2 3062 3582
2 2269 3843
2 2091 3476
2 552 1669
2 3271 2199
2 4032 133
2 4601 4862
2 903 1015
2 54 1550
2 623 3061
2 3445 2582
2 1232 4803
2 4230 2425
2 2788 3839
2 1458 4505
2 2621 4369
2 2665 1948
2 1172 3203
2 864 3994
2 2293 1624
2 3763 3596
2 3049 2221
2 3096 3859
2 3242 3877
2 4746 1846
2 2447 60
2 3499 210
2 1841 2104
2 1842 2209
2 2340 3718
2 678 3798
2 1111 825
2 4532 613
2 1026 980
2 4958 2917
2 745 4169
2 3297 4808
2 3460 4509
2 4333 3502
2 487 1983
2 3267 3637
2 3651 2246
2 228 2949
2 386 4592
2 63 793
2 3115 2777
2 2062 1178
2 1073 445
2 251 1820
2 956 1821
2 1062 3746
2 79 969
2 4698 1963
2 1817 3630
2 1987 4877
2 4458 3908
2 1407 650
2 4844 3233
2 4277 2679
2 1376 1163
2 4098 4406
2 3577 557
2 3638 3361
2 3662 4052
2 4503 81
2 2582 1258
2 2658 3174
2 4632 2166
2 1613 1592
2 3584 2468
2 3338 403
2 4572 4927
2 1621 3891
2 3694 4196
2 3894 229
2 3112 1196
2 2878 1632
2 1776 3840
2 453 1929
2 1009 1617
2 4156 270
2 4523 1882
2 1681 3838
2 2946 2859
2 1083 4216
2 4872 4377
2 3375 1594
2 4319 967
2 1051 3546
2 1874 4303
2 1023 4711
2 930 1317
2 80 305
2 2668 2240
2 2216 1779
2 2796 527
2 4052 3701
2 3951 1754
2 2905 1502
2 1308 1553
2 2313 3787
2 64 2638
2 2877 2837
2 181 1984
2 3683 1281
2 885 511
2 781 4891
2 1393 200
2 4618 53
2 2663 2160
2 3620 1975
2 4919 936
2 1230 2287
2 1593 4710
2 4146 4400
2 1313 1166
2 3865 354
2 1537 550
2 3316 2941
2 1486 4149
2 779 3101
2 3944 1403
2 510 3671
2 2276 4428
2 121 4441
2 2831 2482
2 3456 4540
2 2263 4355
2 3796 4619
2 2031 547
2 406 3506
2 2746 2067
2 1676 3756
2 3963 1177
2 856 3356
2 4273 4446
2 1871 2186
2 3980 1285
2 23 2726
2 3282 2568
2 3981 4259
2 385 2441
2 555 1215
2 1311 2328
2 3141 281
2 4987 1090
2 4384 1528
2 2916 2494
2 163 4892
2 1707 3581
2 650 3947
2 2426 3716
2 388 4625
2 4193 2330
2 2690 2827
2 1809 4074
2 2875 386
2 4356 4742
2 4510 1407
2 2682 3743
2 1035 857
2 2299 2557
2 3821 1760
2 1034 2105
2 2407 3556
2 2135 887
2 4309 1609
2 1147 1546
2 528 3094
2 2611 1226
2 1845 3658
2 1020 4929
2 1372 3940
2 4938 3653
2 3305 3912
2 4573 1790
2 3161 3163
2 3778 1209
2 2592 419
2 963 1522
2 2970 388
2 2219 1422
2 1903 2907
2 1640 1133
2 1016 322
2 2669 2175
2 70 1470
2 3201 2588
2 712 4766
2 344 2366
2 1832 3321
2 1896 4035
2 3048 2982
2 148 1307
2 2400 1847
2 314 4301
2 2594 3608
2 3426 941
2 3741 876
2 3900 3504
2 3873 835
2 876 3439
2 2936 4713
2 2359 1696
2 3810 4003
2 1755 1421
2 2859 708
2 2772 234
2 2468 2972
2 1589 1584
2 2765 3625
2 3163 1663
2 618 3810
2 2775 65
2 1532 3339
2 730 3949
2 3547 2802
2 3506 591
2 1771 4311
2 1298 2517
2 587 4756
2 4871 480
2 4883 2584
2 95 2879
2 2423 771
2 4179 4072
2 2969 2174
2 544 797
2 2078 2278
2 2030 1787
2 3884 3669
2 1555 3964
2 443 2147
2 518 1051
2 950 327
2 4297 4231
2 3923 1181
2 315 2022
2 3555 1922
2 918 4038
2 4152 2253
2 1491 137
2 2335 993
2 3774 981
2 340 15
2 4344 1465
2 1048 2787
2 1312 3149
2 970 3728
2 3179 4921
2 3808 3342
2 4816 68
2 4894 716
2 3769 4103
2 1693 3331
2 4805 2195
2 1340 828
2 165 4514
2 798 4105
2 4966 586
2 4320 3713
2 1720 2823
2 2533 299
2 2144 3193
2 642 2644
2 4967 261
2 4322 4486
2 3233 3856
2 84 1374
2 3196 1839
2 4051 1101
2 1413 227
2 2813 2285
2 1749 3345
2 1924 932
2 3312 2472
2 4370 4533
2 737 1112
2 2497 2188
2 3782 4666
2 800 3351
2 1291 2434
2 1480 4568
2 914 4607
2 255 4479
2 4261 2021
2 2348 369
2 3989 3723
2 1667 4841
2 4982 4896
2 2818 642
2 3343 4469
2 4992 546
2 898 1680
2 318 4501
2 233 4267
2 4463 2528
2 44 4015
2 664 1795
2 1366 3058
2 896 4633
2 3736 1114
2 2719 934
2 2420 3697
2 547 3626
2 2224 4087
2 2343 888
2 4328 4331
2 2849 3257
2 496 2384
2 4349 2668
2 1820 875
2 1956 3656
2 837 1123
2 3815 112
2 3005 3430
2 4123 2577
2 4590 675
2 2731 585
2 321 4671
2 2973 795
2 120 4767
2 4951 4053
2 3816 952
2 4479 903
2 3491 3566
2 4947 3068
2 435 900
2 3954 4286
2 3462 1468
2 3038 811
2 266 1030
2 2191 2830
2 3768 4536
2 4946 3726
2 3599 2296
2 3291 4982
2 606 1305
2 2434 2462
2 3239 107
2 2562 945
2 4939 568
2 280 1958
2 3740 3359
2 2364 2778
2 37 2375
2 2992 4071
2 3427 3295
2 3549 2887
2 2919 1571
2 2228 302
2 4748 2056
2 67 3861
2 1475 2227
2 2025 2280
2 273 668
2 3492 4466
2 3396 2848
2 3644 2897
2 2266 1047
2 2373 4821
2 2491 4737
2 2495 3039
2 2783 3472
2 3916 91
2 3855 3768
2 3459 494
2 1902 2455
2 3227 2921
2 1406 4159
2 3575 4277
2 257 235
2 213 4992
2 1860 3435
2 765 877
2 4762 447
2 3265 807
2 245 899
2 925 8
2 1319 3224
2 4869 1266
2 2019 4473
2 1978 4443
2 3497 539
2 3443 4571
2 1422 1642
2 3580 4352
2 852 3232
2 1597 4215
2 4165 3348
2 1039 3156
2 4330 4928
2 4343 384
2 1929 1455
2 3186 3664
2 2071 4452
2 1218 4790
2 4093 286
2 1290 2125
2 4424 2789
2 666 3448
2 4282 898
2 2048 482
2 645 970
2 2799 54
2 3960 868
2 1797 4738
2 3414 2677
2 3617 4041
2 3103 2876
2 4334 3887
2 814 113
2 3717 2367
2 4528 214
2 3319 1044
2 423 3799
2 1821 1671
2 3761 4054
2 465 974
2 3143 3362
2 3393 4265
2 4291 467
2 4815 1482
2 1443 1887
2 4436 2556
2 3177 4559
2 3211 1974
2 2463 3489
2 1814 4306
2 3206 2655
2 3355 1249
2 4252 2098
2 4923 2751
2 242 1335
2 2146 1035
2 259 2143
2 343 3796
2 2564 4601
2 4622 3652
2 3712 2669
2 3939 221
2 4863 446
2 1248 4031
2 1609 2944
2 3104 2430
2 2358 4500
2 4078 4796
2 1886 2684
2 3995 2953
2 301 638
2 3974 1218
2 999 1607
2 3770 3952
2 1834 3553
2 3367 2665
2 4621 4023
2 561 119
2 93 3142
2 4884 802
2 4056 570
2 2033 3404
2 4231 1198
2 1146 2612
2 1219 4880
2 1302 11
2 4945 3256
2 2911 3786
2 3422 3647
2 895 336
2 3099 1278
2 4561 1920
2 49 4951
2 4082 3551
2 4001 2152
2 759 505
2 2552 4323
2 312 1794
2 3987 3884
2 3232 4019
2 2968 2395
2 3830 2809
2 4298 2440
2 102 1119
2 2654 1916
2 3434 1057
2 2021 4481
2 2703 376
2 2147 324
2 168 4926
2 192 4692
2 3301 4548
2 4350 4807
2 2065 3607
2 3545 3350
2 1905 2985
2 3052 3650
2 967 2641
2 883 1517
2 1649 3002
2 4854 3337
2 3262 1812
2 2963 3044
2 349 1327
2 2128 4076
2 4377 2798
2 4062 3600
2 454 1954
2 593 3944
2 4514 1006
2 3341 3876
2 3364 2439
2 1746 4261
2 1163 1683
2 404 1461
2 2433 1532
2 1326 1034
2 3732 4980
2 2623 1359
2 3877 3298
2 124 2732
2 756 1893
2 3752 1184
2 550 4606
2 3187 3346
2 995 4697
2 688 4856
2 4255 4953
2 2891 4721
2 1716 3250
2 910 3885
2 1429 359
2 3114 4445
2 144 3239
2 4099 4817
2 2689 220
2 1936 3091
2 3171 2566
2 1946 1650
2 697 98
2 4015 1478
2 4747 3060
2 4267 1753
2 4974 2035
2 4819 3353
2 2615 1735
2 4764 84
2 3346 2988
2 4011 1822
2 3298 97
2 27 3974
2 3031 2099
2 2620 4174
2 264 1355
2 156 3941
2 4932 368
2 1768 2079
2 2839 4932
2 52 2
2 601 3172
2 4250 3763
2 4647 3830
2 2920 3570
2 2649 4618
2 186 4698
2 4592 3019
2 4238 2238
2 4677 1996
2 4346 3874
2 1100 4957
2 3574 45
2 680 3264
2 3059 2137
2 1414 2861
2 1982 2662
2 2205 263
2 705 3609
2 3072 4609
2 2805 4968
2 2774 3675
2 2874 4416
2 283 2153
2 3938 3197
2 2138 290
2 3871 4068
2 2481 4717
2 4584 293
2 3246 3535
2 2417 2743
2 1789 3304
2 4031 3592
2 4459 4070
2 2102 3205
2 485 4187
2 376 3676
2 648 1704
2 1715 3533
2 3481 1781
2 782 2822
2 2844 3490
2 3197 608
2 2551 3371
2 4890 2554
2 2272 1128
2 770 2932
2 1090 3034
2 3371 1303
2 859 3016
2 2570 1987
2 569 251
2 1708 2645
2 3828 3984
2 726 4878
2 2575 3010
2 3482 1153
2 936 1957
2 3116 852
2 4029 1188
2 3439 3013
2 3657 193
2 3275 3285
2 4800 435
2 2486 530
2 1246 1544
2 4841 2935
2 4399 2380
2 1080 3484
2 565 1439
2 533 2096
2 3280 1136
2 4100 3665
2 3231 2017
2 4718 1784
2 1805 3542
2 1616 1944
2 4159 2975
2 4731 3509
2 1556 1612
2 2237 1225
2 2755 1162
2 1044 4432
2 4300 2307
2 2074 2131
2 813 3035
2 2803 3093
2 398 4621
2 345 990
2 2303 1022
2 2274 3620
2 1934 2558
2 1003 1164
2 4850 3483
2 985 1699
2 4711 1224
2 2581 78
2 2727 1818
2 1767 4686
2 1700 3302
2 3811 4179
2 3700 1143
2 977 849
2 2678 2514
2 3337 4887
2 2160 2954
2 2864 1347
2 4944 2707
2 3410 1127
2 4639 4924
2 1300 3433
2 104 574
2 2131 820
2 4822 2220
2 3252 277
2 2501 4958
2 2852 117
2 176 4603
2 1862 2001
2 3173 4831
2 4241 194
2 4168 3575
2 2068 3073
2 4569 4975
2 445 300
2 3216 4906
2 3417 1238
2 4199 4429
2 4771 4814
2 4340 328
2 2842 4403
2 1305 2377
2 1918 3505
2 4693 697
2 2545 808
2 1 135
2 137 2414
2 3614 865
2 1148 441
2 1050 3230
2 2547 4455
2 1046 2154
2 637 1126
2 2900 2926
2 1940 4122
2 4388 2155
2 3516 2946
2 331 2071
2 3643 1233
2 1666 3098
2 573 3090
2 4773 2465
2 1124 2939
2 1481 3263
2 3050 627
2 4084 4099
2 2872 1452
2 3966 4255
2 2863 3141
2 2674 1192
2 150 726
2 4610 3268
2 3276 4367
2 4734 1425
2 2453 4384
2 854 3926
2 1395 4876
2 2012 4351
2 763 4016
2 3959 3569
2 1140 2623
2 2696 4006
2 4487 1720
2 4174 1206
2 4454 4658
2 155 4211
2 348 4551
2 4833 2788
2 2089 442
2 881 3898
2 4187 1464
2 2628 3373
2 3416 41
2 1732 2055
2 4578 3598
2 1448 175
2 4686 4423
2 3946 3458
2 932 3158
2 2769 621
2 3755 3922
2 3814 3602
2 457 1211
2 1535 4664
2 1472 2559
2 4860 2484
2 1405 742
2 549 2490
2 1730 1124
2 1357 105
2 3738 3280
2 4864 2393
2 4887 2268
2 3581 3477
2 2394 4249
2 4474 1507
2 2217 1547
2 1954 1203
2 2441 3678
2 2544 741
2 4986 4419
2 4952 2950
2 4147 2133
2 1424 3214
2 1534 2230
2 467 651
2 2329 1416
2 3840 1376
2 1932 4314
2 4307 492
2 1102 2400
2 2937 4413
2 4365 1038
2 4527 4913
2 1468 3447
2 1247 2405
2 3838 472
2 2109 2663
2 538 109
2 4345 1071
2 2597 1045
2 1141 2446
2 1803 1858
2 4043 1606
2 2015 20
2 966 3269
2 1671 4493
2 3746 4593
2 1980 4449
2 4456 4412
2 56 3020
2 958 410
2 105 1971
2 2762 3062
2 3640 1989
2 3088 407
2 3754 700
2 263 2580
2 3903 205
2 3693 622
2 679 3341
2 1336 3003
2 4899 3320
2 1423 4535
2 4326 2927
2 4516 471
2 1182 1077
2 221 3794
2 3786 48
2 2749 3004
2 9 686
2 3777 1962
2 2255 3793
2 1567 2794
2 3760 4166
2 1572 2337
2 1254 2674
2 377 187
2 2710 499
2 1599 911
2 4541 2344
2 1352 1808
2 1118 295
2 2520 2310
2 2709 23
2 1139 3979
2 370 4918
2 4796 4214
2 141 2531
2 1214 3187
2 773 4342
2 1123 217
2 4301 834
2 3070 77
2 1533 1511
2 3047 1302
2 1412 1487
2 3129 933
2 1894 4170
2 4095 139
2 3007 1679
2 2289 195
2 436 1265
2 570 1107
2 2057 3084
2 2402 3463
2 1005 579
2 4465 206
2 1129 3424
2 1150 2355
2 674 2914
2 789 118
2 4681 1371
2 3776 241
2 1602 2276
2 2222 1709
2 1394 1367
2 3142 2800
2 4768 1859
2 4918 4168
2 1419 1129
2 3697 4217
2 2366 1248
2 2577 1902
2 328 2913
2 2247 1809
2 1081 4944
2 1703 3190
2 2103 1886
2 2232 1978
2 4575 1033
2 790 4974
2 1374 3733
2 1070 4492
2 2616 2509
2 682 3965
2 3117 1585
2 2200 872
2 3309 2453
2 1851 1223
2 2698 94
2 1677 4781
2 793 1952
2 4587 285
2 2240 867
2 4336 1719
2 4077 843
2 3847 578
2 1019 592
2 626 2327
2 295 1947
2 4402 4224
2 271 1776
2 1327 3402
2 3444 1525
2 3123 646
2 2808 2521
2 1317 3890
2 412 2680
2 25 3773
2 480 124
2 478 3418
2 1403 3813
2 4220 2279
2 1438 809
2 1105 662
2 4116 2906
2 2457 4768
2 3040 2894
2 3566 2624
2 2887 2618
2 4444 1194
2 130 37
2 4834 693
2 3323 3258
2 877 298
2 4421 2958
2 4602 3116
2 4969 4961
2 3300 2095
2 4877 338
2 965 401
2 3254 2755
2 1161 674
2 537 289
2 630 1228
2 1931 1086
2 3994 2447
2 1574 418
2 3526 4288
2 746 3992
2 4361 2111
2 2312 4615
2 1226 2998
2 1267 3703
2 676 3050
2 3809 4463
2 1426 0
2 87 208
2 4683 525
2 3374 404
2 3664 4727
2 3793 1103
2 2380 2923
2 469 3945
2 1279 3005
2 2976 1924
2 595 199
2 1202 3880
2 396 2609
2 4937 3099
2 2225 1563
2 252 127
2 4661 4506
2 1565 3194
2 2722 2431
2 4744 1242
2 4965 884
2 3469 3775
2 610 3750
2 3314 4206
2 3205 3999
2 421 2593
2 4836 714
2 3773 2952
2 4324 2003
2 2901 3413
2 4570 590
2 579 4573
2 2815 2539
2 2790 4011
2 1665 2978
2 1055 2000
2 1199 248
2 282 2371
2 4565 2006
2 687 3408
2 1838 4158
2 2137 3522
2 860 3169
2 907 4148
2 2980 1587
2 1722 1329
2 4795 2156
2 4478 2804
2 1154 4345
2 3320 4785
2 2039 4332
2 2527 1806
2 2192 3529
2 1280 2770
2 1197 946
2 4999 4370
2 1205 4897
2 2613 4567
2 3743 464
2 3156 1888
2 495 1151
2 2297 4946
2 1470 2197
2 2657 4374
2 4438 3808
2 2009 3829
2 4115 2436
2 2784 711
2 4041 2370
2 1595 3973
2 4369 679
2 1276 2696
2 2273 1623
2 1605 4350
2 1615 381
2 4076 1646
2 3428 2065
2 4827 4366
2 4594 2769
2 490 308
2 3495 330
2 3477 2083
2 426 4082
2 4563 3934
2 477 4273
2 2390 559
2 2054 982
2 3724 4075
2 365 4973
2 4067 1460
2 1947 4735
2 820 3138
2 28 3989
2 2125 3683
2 2979 1918
2 3080 265
2 219 1564
2 1546 3438
2 1750 1414
2 1580 26
2 1895 2862
2 246 4320
2 672 2349
2 4166 918
2 1583 2980
2 4129 2480
2 3704 1388
2 731 2391
2 4511 4632
2 3018 4562
2 4676 271
2 2150 1526
2 3636 2101
2 39 4097
2 430 4450
2 1503 2466
2 1301 731
2 511 1059
2 4790 1759
2 4471 3834
2 1495 4684
2 4154 1569
2 1876 1999
2 101 1346
2 2365 4344
2 2837 282
2 3470 2508
2 309 2456
2 1168 4334
2 1162 3007
2 1237 962
2 3090 537
2 139 4806
2 1463 3329
2 29 501
2 900 2506
2 448 3237
2 4717 2372
2 2941 1949
2 2202 1060
2 3844 1895
2 4513 1869
2 2016 860
2 945 4143
2 824 4462
2 1608 3082
2 1427 156
2 4216 4393
2 3915 663
2 1144 556
2 2141 2710
2 1108 1583
2 325 443
2 3880 4694
2 3292 2320
2 4053 3939
2 1547 805
2 2708 652
2 1740 4728
2 847 129
2 2151 4012
2 332 4873
2 4524 4598
2 667 2493
2 154 2766
2 4303 4130
2 4003 1551
2 4515 1199
2 1262 1891
2 2706 3066
2 1975 3621
2 2932 169
2 1155 4033
2 3268 4599
2 621 2259
2 3483 3446
2 2664 4656
2 2650 3333
2 3182 3828
2 1521 1940
2 1827 4853
2 1307 3107
2 2974 2142
2 761 2354
2 2161 1706
2 3401 1250
2 2743 4283
2 1430 1097
2 3419 1505
2 2493 99
2 2604 1282
2 133 4325
2 1683 3930
2 1007 4998
2 1668 3323
2 2396 2908
2 2981 910
2 4588 4189
2 2416 1239
2 372 1995
2 3606 2571
2 211 3037
2 2502 433
2 4774 228
2 1911 2875
2 3277 3146
2 1657 2959
2 2236 3184
2 456 971
2 2496 1876
2 3888 842
2 4529 3562
2 1835 695
2 2561 4156
2 3002 63
2 2764 1390
2 2241 4799
2 2455 3512
2 1569 794
2 4477 950
2 766 3943
2 2716 4977
2 2943 1749
2 4397 3079
2 3063 4226
2 527 4390
2 890 2294
2 4157 4905
2 285 958
2 3899 3705
2 1164 4836
2 4600 2272
2 304 2019
2 1370 1973
2 4489 1415
2 2001 850
2 4180 2113
2 3158 2919
2 2427 799
2 3041 2746
2 748 4298
2 2771 4083
2 1060 2831
2 2841 2781
2 4735 2933
2 1985 1063
2 1490 4496
2 3081 3904
2 2287 4150
2 1223 972
2 4081 838
2 2339 3515
2 535 4330
2 605 1707
2 3377 1665
2 4468 2139
2 218 4528
2 685 417
2 1440 3571
2 4779 4739
2 3479 3745
2 2733 3043
2 4784 1385
2 268 478
2 844 4026
2 2291 2951
2 2601 3495
2 2609 448
2 2745 2108
2 1545 4328
2 2866 2640
2 1369 767
2 1058 1018
2 2405 3685
2 1329 3604
2 1723 720
2 2410 1535
2 3831 1567
2 563 4204
2 2399 704
2 1710 3762
2 3154 2846
2 2357 3220
2 2590 3393
2 1728 1195
2 720 4674
2 4308 4570
2 4088 1048
2 3170 4397
2 4183 3309
2 4314 1392
2 3451 4579
2 736 3948
2 1453 3957
2 3259 2343
2 4949 3437
2 1464 1252
2 2397 400
2 2435 1155
2 3507 3632
2 2938 1065
2 943 2123
2 2155 4843
2 200 2708
2 4188 2976
2 1179 3188
2 2998 4622
2 2294 3328
2 3293 764
2 4656 4014
2 792 2635
2 3843 1985
2 959 1814
2 2735 2504
2 3399 4131
2 4667 2288
2 816 1666
2 3827 1380
2 584 772
2 3605 3766
2 4037 3818
2 2092 3301
2 3860 2364
2 2333 1235
2 1802 1254
2 2593 1793
2 1519 2961
2 3698 780
2 1462 103
2 2906 4937
2 7 101
2 2119 236
2 3952 88
2 4650 2633
2 588 3324
2 3430 2369
2 2472 3574
2 4306 508
2 594 3308
2 227 382
2 1115 1092
2 941 1598
2 2960 4021
2 935 2832
2 4027 2984
2 2882 4976
2 3725 1791
2 2644 3781
2 875 188
2 4641 408
2 3464 3681
2 42 2595
2 4823 3118
2 2500 2868
2 2328 313
2 3955 1187
2 2436 3709
2 1961 4665
2 3157 3241
2 4447 1815
2 76 4205
2 2499 4730
2 2750 2262
2 3378 266
2 1913 1479
2 3192 821
2 4177 2202
2 660 2237
2 1653 4241
2 4228 4482
2 2918 1554
2 805 1639
2 114 4690
2 4034 4795
2 75 62
2 4331 1868
2 1121 623
2 1194 2324
2 612 1838
2 2717 2408
2 514 2676
2 3089 496
2 4441 831
2 3523 230
2 4136 1789
2 11 4967
2 48 2695
2 3413 3442
2 1138 4447
2 88 1168
2 4285 4109
2 651 788
2 671 2637
2 1228 3544
2 801 4112
2 4666 3303
2 4842 4960
2 1018 3538
2 4825 414
2 3295 1323
2 988 148
2 2828 1102
2 753 3527
2 498 3862
2 2508 1937
2 2250 2657
2 291 2212
2 692 1300
2 4753 1664
2 2942 4047
2 3533 584
2 1479 476
2 2040 1313
2 4433 3905
2 3273 4034
2 3628 709
2 4128 4280
2 4614 3018
2 172 245
2 2183 2796
2 1540 3095
2 2538 2974
2 357 582
2 8 4186
2 709 1969
2 4205 6
2 1969 2004
2 4091 1596
2 468 4238
2 4279 4269
2 551 4663
2 1188 3642
2 2779 4456
2 275 3025
2 4519 2329
2 2351 375
2 1235 2469
2 1859 1043
2 4204 4552
2 1620 3409
2 536 2218
2 4763 334
2 3442 2042
2 1674 356
2 795 4888
2 3398 2915
2 616 4229
2 2944 3812
2 4103 3806
2 1211 2187
2 2629 2316
2 3042 841
2 466 3550
2 2667 1411
2 4248 1074
2 1224 3102
2 2056 938
2 2754 3833
2 4197 1244
2 4710 2062
2 2374 2392
2 4175 1049
2 3742 3453
2 554 75
2 714 1980
2 519 1205
2 1810 3758
2 298 4046
2 2384 2761
2 1501 2222
2 797 965
2 1641 3554
2 3615 3961
2 4134 4667
2 437 2219
2 3215 4157
2 1289 920
2 2563 4043
2 1711 3212
2 103 2475
2 4139 1037
2 1335 647
2 1306 1213
2 3019 4890
2 1727 4647
2 3368 449
2 629 1471
2 2172 3785
2 4294 4854
2 1181 4437
2 4106 2161
2 4756 4376
2 4770 4923
2 2489 1011
2 3842 2423
2 2180 2271
2 1850 2060
2 4859 4555
2 796 3528
2 4878 3779
2 2873 483
2 4271 4407
2 2325 2132
2 772 272
2 3095 1773
2 784 1816
2 627 3335
2 1733 4347
2 1084 3310
2 3891 2379
2 622 1053
2 5 3383
2 4160 296
2 2321 4895
2 153 3456
2 4178 2464
2 1299 4396
2 350 2722
2 1038 437
2 2258 853
2 2101 635
2 2714 1142
2 146 3031
2 1250 4049
2 4597 4561
2 3841 2293
2 2503 3998
2 2363 4379
2 3325 2169
2 3790 4639
2 4257 1833
2 2511 2910
2 2585 3997
2 3825 3460
2 4660 1797
2 3432 1574
2 1496 3151
2 1679 1417
2 873 2412
2 1186 2512
2 696 2942
2 59 4448
2 4090 4679
2 2550 2421
2 3431 684
2 699 1932
2 4253 4585
2 1365 1078
2 2412 4729
2 733 4248
2 4425 1501
2 3889 367
2 123 4063
2 841 1437
2 906 2129
2 585 2891
2 3826 3045
2 4891 1446
2 2140 3136
2 1189 4084
2 159 1829
2 2311 2341
2 937 4360
2 416 2719
2 3058 2283
2 2449 4415
2 3132 4635
2 2381 1272
2 3380 1967
2 1356 3872
2 4725 4669
2 3075 4341
2 3026 2678
2 3245 116
2 3429 4912
2 4130 2068
2 3594 4830
2 715 2760
2 1630 760
2 1686 1911
2 4469 4743
2 1082 3900
2 1209 2207
2 2602 2786
2 1983 1089
2 4302 740
2 2931 2714
2 3071 4495
2 4004 3265
2 1729 1473
2 1712 4794
2 3044 3572
2 2870 4889
2 1303 759
2 2047 871
2 4533 1534
2 2914 587
2 4755 3639
2 3243 4467
2 513 4487
2 2292 2454
2 4407 1863
2 2007 4223
2 4274 1603
2 2600 2302
2 2043 666
2 4953 2084
2 434 4421
2 2066 566
2 2316 2339
2 4915 813
2 2182 4175
2 237 800
2 2286 919
2 2073 1457
2 4613 3379
2 2336 671
2 4342 1734
2 566 2223
2 1927 4032
2 4900 4359
2 3695 848
2 2136 641
2 1742 17
2 1855 1115
2 2212 165
2 517 845
2 3384 2303
2 308 4316
2 743 3734
2 3394 2247
2 3666 3222
2 1747 1652
2 4708 4394
2 2393 2398
2 4905 314
2 2531 3963
2 4777 2740
2 1418 1879
2 4413 1620
2 4121 2991
2 3472 3100
2 3352 4578
2 215 3305
2 3925 4381
2 1492 4999
2 3248 1786
2 776 3364
2 446 436
2 4065 3649
2 1049 4696
2 1072 542
2 424 3462
2 4566 163
2 157 390
2 4378 488
2 3020 2213
2 4023 3367
2 4435 594
2 639 2150
2 4840 1183
2 4232 3182
2 1157 3051
2 4648 323
2 241 2922
2 2693 4800
2 4382 597
2 2253 4835
2 799 4422
2 4142 816
2 4033 4616
2 2776 111
2 3176 3803
2 341 2458
2 3534 4127
2 86 4996
2 2766 3124
2 574 2200
2 4498 1291
2 4853 2532
2 3675 2476
2 2701 232
2 4792 2925
2 4002 4904
2 3532 321
2 4374 2260
2 4550 4404
2 2648 1643
2 3677 4644
2 3835 1990
2 780 2140
2 4673 2813
2 1220 3311
2 2108 3072
2 4882 3281
2 4627 3272
2 2460 959
2 862 2277
2 2166 3627
2 3654 3610
2 3032 784
2 2834 4741
2 1994 2410
2 4393 1763
2 193 4362
2 3124 3179
2 1133 2177
2 4008 2694
2 4745 1803
2 2912 3911
2 2574 4262
2 2193 489
2 577 669
2 1259 498
2 1647 3028
2 1358 928
2 3199 1406
2 4332 4522
2 4383 1357
2 3251 1919
2 4782 4942
2 2537 3866
2 3521 2159
2 3270 1830
2 307 1429
2 3389 2122
2 2645 4520
2 4207 3087
2 690 885
2 1106 921
2 4105 24
2 4401 4451
2 4449 2758
2 809 2863
2 3635 745
2 2156 3378
2 3949 3738
2 4689 3921
2 1645 4151
2 1795 166
2 2553 2818
2 3602 614
2 3993 2997
2 3517 4056
2 1731 2389
2 953 2406
2 2443 2912
2 2418 269
2 1240 4145
2 986 923
2 4060 1110
2 3822 1277
2 2220 4478
2 2391 755
2 4942 2118
2 4530 2149
2 339 242
2 4470 1046
2 3003 2817
2 4495 844
2 4035 2176
2 1592 705
2 356 1819
2 581 746
2 827 4617
2 1831 4039
2 4483 170
2 1992 4079
2 2482 1292
2 1923 2010
2 783 3036
2 774 1321
2 2428 1036
2 788 3988
2 708 4020
2 2954 901
2 4706 255
2 1772 1766
2 2988 4857
2 1272 2496
2 3975 3480
2 4521 681
2 18 4245
2 849 365
2 4234 3459
2 2778 1132
2 267 3120
2 4598 1716
2 4442 3735
2 786 2729
2 3139 1512
2 3235 52
2 2789 1436
2 3563 3534
2 69 3714
2 4820 3421
2 2388 3147
2 3530 3411
2 2379 1772
2 4979 548
2 12 629
2 3134 1541
2 3541 4058
2 868 1561
2 4728 3539
2 2425 1649
2 73 1599
2 3130 3933
2 4522 2286
2 1881 3686
2 3598 2009
2 1053 1520
2 482 2141
2 3189 1140
2 2265 301
2 1688 4764
2 2246 863
2 3208 4542
2 1735 2031
2 1957 1782
2 3642 4459
2 878 1670
2 961 1410
2 4466 4417
2 1559 545
2 2948 4700
2 1092 3530
2 1498 1638
2 3864 1640
2 2118 2709
2 4083 3730
2 1255 4480
2 2519 4620
2 2354 36
2 2995 1472
2 3328 791
2 99 4129
2 3073 2362
2 2471 2163
2 3613 607
2 4804 1854
2 1341 4333
2 901 4138
2 571 2179
2 1942 2553
2 1793 4424
2 3886 423
2 4754 1862
2 4030 1408
2 1564 4909
2 1208 1026
2 3890 4852
2 4086 4538
2 4606 1405
2 183 4915
2 2382 4094
2 791 1384
2 302 3313
2 718 728
2 1813 396
2 556 1687
2 2534 3547
2 4612 2128
2 2298 3805
2 1131 4154
2 2541 3478
2 428 4271
2 3011 1190
2 1400 3056
2 4329 2937
2 2285 4431
2 1989 1413
2 2368 736
2 3436 4499
2 207 926
2 4703 826
2 4394 3576
2 557 2487
2 3812 3209
2 1699 1094
2 3630 2201
2 694 4085
2 4122 512
2 2440 1903
2 2907 516
2 189 89
2 1271 4405
2 4637 3797
2 2003 657
2 2097 132
2 3435 4703
2 306 3152
2 951 4343
2 1846 3617
2 3839 4613
2 3036 495
2 889 4372
2 3976 3996
2 921 3471
2 634 2849
2 1833 815
2 548 1855
2 3334 1678
2 3759 2594
2 1128 1533
2 3168 3557
2 929 2498
2 1328 2151
2 4973 1375
2 1753 4220
2 2260 3959
2 1377 1286
2 3386 1073
2 2288 3990
2 1275 1834
2 2231 58
2 1966 3710
2 222 3436
2 4360 409
2 2105 628
2 4645 2411
2 1963 660
2 4831 1731
2 311 4834
2 866 1721
2 762 1856
2 4605 4822
2 2187 2741
2 2422 951
2 4167 3368
2 1264 3863
2 4855 4748
2 2023 4707
2 4254 829
2 1915 83
2 4163 1682
2 803 4839
2 4426 3889
2 2371 3417
2 2386 1328
2 461 3425
2 2558 1377
2 778 924
2 1239 572
2 3087 1449
2 1392 134
2 2830 1897
2 3721 532
2 3010 4250
2 3546 1185
2 538 3887
2 203 1530
2 4662 108
2 1178 28
2 4263 339
2 4655 3847
2 126 2599
2 1283 1866
2 3720 3358
2 4881 4357
2 2096 2661
2 4367 3064
2 589 4828
2 4690 2451
2 1889 4438
2 1691 3719
2 2734 1108
2 1293 2843
2 2966 456
2 4852 879
2 4070 855
2 916 673
2 3093 1193
2 3653 560
2 957 413
2 171 2232
2 2053 4657
2 3531 46
2 4642 4859
2 1944 222
2 4050 2205
2 1822 276
2 3702 130
2 109 3695
2 4119 3684
2 347 4761
2 2080 854
2 1292 2824
2 964 3083
2 2127 486
2 4702 4276
2 2041 1566
2 4895 912
2 3567 1230
2 747 1149
2 3901 2309
2 2672 3752
2 3366 144
2 3525 4260
2 1785 2094
2 286 92
2 3473 2550
2 1578 4786
2 564 2136
2 322 1991
2 4190 3199
2 1952 2795
2 3943 4914
2 2997 185
2 1843 2587
2 1354 1543
2 4531 3823
2 4670 4361
2 2759 225
2 4186 515
2 3733 2314
2 1598 1475
2 4133 2596
2 1085 2540
2 1925 1521
2 418 1557
2 3203 1589
2 4761 3640
2 4315 2614
2 686 2210
2 3017 4210
2 2352 1813
2 4593 157
2 403 3769
2 3056 14
2 583 4116
2 2158 2126
2 3765 2046
2 4927 2245
2 4868 725
2 3992 4326
2 2699 2764
2 4943 2036
2 2758 1692
2 4680 2653
2 4143 2611
2 4867 1970
2 3236 391
2 1449 4005
2 3084 1191
2 908 2072
2 1764 522
2 643 444
2 3224 1608
2 2259 2608
2 1893 1023
2 3947 264
2 4719 4434
2 1212 3266
2 3958 4089
2 392 895
2 2612 2742
2 2607 1434
2 4222 335
2 2229 1921
2 3624 4792
2 1823 1645
2 2208 4338
2 879 4724
2 1227 1068
2 821 810
2 3409 555
2 991 1306
2 3600 4476
2 3185 4101
2 4496 1372
2 2801 2043
2 323 2736
2 2005 1997
2 4071 2450
2 3184 3615
2 2702 61
2 1135 2541
2 4793 2107
2 975 2116
2 1447 100
2 3057 4772
2 703 1331
2 1362 4339
2 132 1955
2 452 3488
2 3748 4275
2 4111 1409
2 4348 3270
2 4439 3293
2 4492 3054
2 2915 2403
2 2802 259
2 2353 2273
2 138 3014
2 508 1276
2 3194 1658
2 2856 4078
2 1687 3426
2 4244 4237
2 1644 748
2 1875 2576
2 1806 3631
2 1870 2567
2 4417 3262
2 4564 3231
2 1794 3048
2 4310 2877
2 4422 16
2 3905 4882
2 3692 2687
2 1252 1431
2 4507 218
2 4380 4310
2 4462 645
2 483 1767
2 4787 1741
2 4904 145
2 1618 2158
2 2060 4668
2 3969 4780
2 917 1578
2 1815 905
2 220 3059
2 2145 596
2 3140 1454
2 3667 1381
2 4978 3565
2 3971 1909
2 3458 491
2 649 4
2 1493 1067
2 1435 4776
2 4405 468
2 395 2376
2 3306 4512
2 1116 1993
2 2360 1743
2 1222 1426
2 2302 989
2 1816 2311
2 727 4557
2 470 231
2 2748 2890
2 1465 1311
2 4700 644
2 1634 817
2 2270 2023
2 2322 1602
2 1011 3583
2 2203 3687
2 911 2947
2 3674 3288
2 2697 3588
2 1865 3246
2 3913 655
2 479 4524
2 1692 1867
2 1636 1728
2 3936 383
2 4750 3919
2 2529 783
2 4475 2966
2 3318 1992
2 3940 3732
2 785 787
2 832 2598
2 2984 4549
2 3150 3846
2 4120 4040
2 4410 4349
2 1848 1113
2 24 374
2 4012 4114
2 3446 1004
2 1967 528
2 4633 3892
2 4635 564
2 1515 2885
2 4608 2157
2 1461 457
2 149 778
2 3897 626
2 4500 649
2 3474 1315
2 2540 1499
2 4721 2029
2 4042 769
2 342 3381
2 2515 431
2 4485 4324
2 110 1150
2 1433 1369
2 2929 1050
2 822 4521
2 1669 4375
2 3544 1174
2 2820 4773
2 4664 4461
2 1171 3896
2 1627 1000
2 1241 2374
2 2892 2233
2 1965 3901
2 2346 1296
2 4607 710
2 2957 3744
2 2300 1914
2 2744 4106
2 4079 2537
2 1943 3788
2 3029 4900
2 2008 3473
2 1351 4513
2 734 1890
2 2245 3069
2 4085 1299
2 4243 2121
2 4387 3092
2 1261 4722
2 3030 4580
2 1132 3791
2 3647 2519
2 1094 2198
2 3209 1085
2 492 4027
2 3373 1926
2 2024 4884
2 2675 4755
2 1558 2507
2 4687 1508
2 1215 479
2 4893 3857
2 474 4233
2 1145 3865
2 4108 4309
2 2806 4994
2 2342 2243
2 863 3517
2 4988 3634
2 1119 1003
2 4235 4389
2 2625 1739
2 4931 1930
2 576 1933
2 1107 4865
2 543 906
2 2403 4139
2 819 333
2 194 9
2 240 2270
2 3510 4754
2 2829 2080
2 3650 893
2 1637 1506
2 2730 3772
2 855 3479
2 1811 2727
2 1251 2241
2 3634 1713
2 3269 252
2 3263 4769
2 2761 4121
2 4896 149
2 1745 2266
2 1483 3420
2 1997 2903
2 738 3325
2 3780 4128
2 2521 523
2 4192 4025
2 974 3444
2 4258 889
2 1743 18
2 2770 2340
2 2897 3910
2 72 750
2 3046 770
2 2090 2332
2 2518 4195
2 4354 1644
2 4087 172
2 2271 4709
2 3511 949
2 3079 49
2 4266 1751
2 2248 3394
2 1160 4090
2 4007 1345
2 3001 1270
2 3962 3081
2 1021 4436
2 405 2409
2 719 3585
2 2235 2382
2 3356 1798
2 2909 3407
2 3151 3110
2 1984 3497
2 707 747
2 1425 3057
2 2032 861
2 3502 1396
2 3906 1017
2 2201 2805
2 1343 3924
2 3214 2583
2 381 753
2 164 1604
2 3204 975
2 3146 176
2 4480 4763
2 3260 1689
2 4233 3717
2 4857 2063
2 1856 1889
2 2115 2892
2 2210 1412
2 656 183
2 3480 2252
2 698 76
2 3539 4507
2 1198 1217
2 1253 3487
2 53 4734
2 4880 2298
2 3289 184
2 4959 331
2 1368 3386
2 1000 1058
2 4198 2826
2 2376 452
2 4738 754
2 2383 3707
2 2139 3811
2 2018 1703
2 4617 1459
2 1948 257
2 2824 1579
2 2296 2812
2 4219 2686
2 3834 2239
2 3504 3946
2 4649 858
2 4392 2987
2 2819 2265
2 2978 3567
2 3296 2505
2 3618 3953
2 4663 3589
2 2098 4018
2 4741 3024
2 3791 4954
2 4024 3279
2 173 3164
2 438 4165
2 1451 2190
2 3592 192
2 4876 2639
2 1469 4695
2 2850 4747
2 521 1853
2 2505 2326
2 4559 2422
2 3806 4981
2 4189 790
2 2046 3185
2 4791 1201
2 2051 3467
2 3945 3227
2 327 70
2 4599 3972
2 3127 667
2 633 4984
2 614 3824
2 3131 128
2 1553 1761
2 3910 4319
2 4194 2803
2 3767 2706
2 1285 781
2 4240 4938
2 4221 3721
2 236 3906
2 3999 3377
2 2494 3619
2 299 2109
2 4364 1098
2 1268 4477
2 613 4414
2 3411 4779
2 4005 3153
2 3573 2842
2 2902 3312
2 3051 66
2 4609 4659
2 1682 3754
2 313 3210
2 209 1232
2 4395 3121
2 1089 907
2 3579 393
2 3984 3217
2 401 35
2 4837 1792
2 657 3406
2 2880 3777
2 732 1555
2 3485 1361
2 4964 1907
2 353 2562
2 2780 1775
2 1912 4866
2 2985 986
2 3475 832
2 4264 2033
2 1404 1197
2 3601 2858
2 684 1402
2 2950 1873
2 3212 2964
2 2777 1480
2 2162 2427
2 1309 3249
2 389 4517
2 1324 1182
2 1584 3672
2 1695 4650
2 4092 2182
2 2614 2840
2 777 3666
2 2659 2471
2 1828 497
2 2638 1169
2 1432 4453
2 1242 315
2 902 4581
2 2344 2523
2 3348 3198
2 21 1172
2 4381 3103
2 1513 3252
2 2450 2018
2 1210 2973
2 607 518
2 1439 718
2 1249 3026
2 4921 1320
2 4337 801
2 3160 3751
2 2385 2530
2 4695 3041
2 2934 4102
2 1169 3742
2 971 4945
2 933 4007
2 1174 1946
2 174 4115
2 4016 4705
2 1866 95
2 1093 3195
2 1408 4067
2 1517 2477
2 670 1575
2 1673 703
2 57 1148
2 1143 477
2 3015 3175
2 3097 3162
2 2760 611
2 4786 3464
2 129 1399
2 369 4308
2 3762 426
2 2525 4979
2 4327 455
2 1658 1343
2 2627 438
2 2181 4965
2 1877 2884
2 2661 1386
2 1536 558
2 4838 4077
2 3646 2703
2 119 4119
2 4646 3795
2 3339 730
2 2691 350
2 1045 4602
2 2961 1221
2 1590 4689
2 4653 3106
2 3183 680
2 1201 1805
2 2028 2254
2 4926 3398
2 3970 4050
2 4732 3521
2 644 3978
2 1504 1284
2 3836 563
2 3165 2358
2 346 4901
2 755 4118
2 3105 2470
2 4481 1580
2 1177 3954
2 14 3836
2 3519 4681
2 4644 761
2 4484 4893
2 3286 3191
2 2554 4838
2 3685 2352
2 210 267
2 757 2224
2 1526 3283
2 1777 3670
2 2507 2319
2 1542 1154
2 449 3267
2 1518 4009
2 1933 653
2 3735 349
2 2304 2078
2 3447 1241
2 1031 3691
2 1775 4152
2 2213 1348
2 1378 4022
2 2088 2334
2 4955 520
2 3166 4368
2 1363 589
2 3603 3238
2 4409 1586
2 2821 1928
2 289 3340
2 3823 453
2 3727 636
2 2163 1851
2 337 4832
2 4404 3166
2 3153 121
2 1156 534
2 433 2194
2 2923 1690
2 1781 751
2 1591 3127
2 2121 1028
2 4338 719
2 2729 1744
2 968 665
2 804 549
2 375 2214
2 835 521
2 1229 4430
2 661 3225
2 4385 1288
2 520 1476
2 4464 2028
2 2977 2274
2 826 4983
2 145 2433
2 1988 2632
2 387 3322
2 1882 2902
2 828 603
2 4355 1427
2 2221 3074
2 1088 2569
2 4209 3023
2 3972 1959
2 3850 3844
2 2011 1648
2 882 4949
2 4970 513
2 2568 3027
2 4736 3760
2 3365 79
2 431 422
2 366 4398
2 4114 1880
2 2838 2053
2 50 803
2 4824 2059
2 2268 595
2 3927 2765
2 2928 823
2 3772 2604
2 4615 4212
2 3006 2100
2 265 3606
2 2989 2184
2 2100 3112
2 2787 3454
2 3578 1831
2 2865 2203
2 4962 1095
2 1678 2685
2 4526 4185
2 3799 4287
2 3820 1708
2 78 2479
2 3308 4385
2 2630 3354
2 3629 2185
2 2861 2038
2 2785 2579
2 4379 2360
2 3244 4653
2 4453 3825
2 3907 2103
2 2810 2284
2 2517 957
2 2179 460
2 4934 1558
2 602 4017
2 1920 4305
2 4908 1950
2 3696 4845
2 1626 1379
2 3357 598
2 3299 3655
2 3749 2731
2 3441 543
2 1704 732
2 1373 4124
2 4865 2572
2 2814 454
2 2512 3698
2 4269 1364
2 1808 2807
2 2792 2069
2 1769 309
2 3633 280
2 179 1668
2 2800 3422
2 3932 421
2 3228 1736
2 1878 2297
2 4630 3392
2 3264 4346
2 305 3850
2 3381 4177
2 1639 3403
2 592 3455
2 2514 1939
2 4341 4295
2 1130 1393
2 886 3955
2 973 2495
2 3978 4907
2 2962 1595
2 1015 510
2 4839 4081
2 2884 3440
2 3370 3613
2 46 4136
2 3253 74
2 3025 2960
2 4318 1677
2 1025 2417
2 1907 1087
2 1629 3468
2 603 2691
2 2480 1672
2 3423 4279
2 3623 3870
2 1853 1618
2 3238 3338
2 764 4519
2 1013 4272
2 32 3907
2 4749 4629
2 2589 4855
2 2571 3376
2 4126 1062
2 3302 1001
2 2372 4775
2 3560 3841
2 1689 987
2 2560 1106
2 1538 4885
2 3344 2716
2 3405 3845
2 2536 1336
2 3582 2192
2 590 3287
2 4758 3674
2 17 1117
2 1916 1070
2 2477 533
2 4293 143
2 3607 1039
2 2432 757
2 249 3150
2 3789 1352
2 4722 3395
2 4028 2217
2 3226 1560
2 3701 2801
2 1631 3826
2 1065 4651
2 1917 3119
2 1760 3525
2 2175 739
2 4 2711
2 2324 318
2 1928 4762
2 3125 3096
2 3278 979
2 2588 3469
2 2851 4778
2 3468 1287
2 2188 4553
2 4171 4348
2 399 2524
2 2490 21
2 3169 2589
2 500 1540
2 1101 1848
2 3557 2383
2 4504 4870
2 3935 4864
2 2881 3851
2 2736 2089
2 4545 4297
2 4737 2647
2 2149 3560
2 3335 4636
2 1568 2992
2 2084 3317
2 504 3494
2 4517 2856
2 578 4783
2 2174 1486
2 177 2555
2 1619 3899
2 3805 211
2 4125 2956
2 3489 2784
2 2077 2117
2 3568 4048
2 2278 4242
2 3106 1247
2 1344 3503
2 4788 4247
2 191 3927
2 2059 1326
2 3336 2522
2 1347 997
2 1278 2971
2 1554 1745
2 1042 1419
2 2673 3827
2 2586 1212
2 617 67
2 3324 3496
2 2983 3807
2 400 320
2 575 3415
2 3610 4726
2 2238 3920
2 2087 1064
2 693 4654
2 891 1857
2 4546 4460
2 1807 840
2 2753 1484
2 4058 3849
2 1052 190
2 1830 122
2 1543 1951
2 924 2845
2 3872 487
2 3950 2878
2 2050 2301
2 425 2904
2 4916 2605
2 4161 4471
2 1315 765
2 4408 3171
2 3463 1013
2 3931 3518
2 3454 3545
2 713 1874
2 3893 2899
2 1257 4605
2 254 4337
2 1471 2573
2 2993 2206
2 1739 2948
2 529 3492
2 501 3748
2 293 1825
2 2069 3332
2 4911 4886
2 2603 1601
2 2126 1531
2 4672 870
2 3589 1295
2 972 776
2 1919 31
2 846 2620
2 3554 4655
2 391 1500
2 4898 1075
2 647 4464
2 1316 4504
2 1402 420
2 2283 344
2 3904 1529
2 992 3423
2 2526 201
2 3175 4740
2 4452 4627
2 954 1748
2 3234 4815
2 1508 485
2 3878 605
2 1622 357
2 2218 4100
2 987 775
2 3261 2263
2 2846 4752
2 407 2820
2 1664 3842
2 276 2775
2 60 3390
2 2794 4660
2 2075 1322
2 247 2473
2 3023 2767
2 2177 1079
2 13 1864
2 2768 1968
2 1187 606
2 1516 2670
2 4726 4733
2 1078 724
2 3379 2534
2 3028 389
2 3957 288
2 4173 1229
2 4814 1279
2 1456 4719
2 1297 2378
2 3283 1378
2 4671 4978
2 4902 2683
2 1330 2934
2 983 554
2 934 2110
2 1774 1481
2 1836 2357
2 2587 3764
2 884 2815
2 1399 1659
2 1421 878
2 1173 3261
2 2899 3524
2 2910 4108
2 4715 2968
2 2230 1799
2 4225 2717
2 2467 473
2 378 1237
2 4525 3663
2 2315 3590
2 2076 3942
2 1587 3916
2 2369 4132
2 4688 2511
2 742 1340
2 1420 3599
2 3631 3352
2 1318 3154
2 2732 4327
2 3407 1474
2 3501 4073
2 2355 1901
2 1921 4883
2 3569 160
2 2437 2248
2 3043 2231
2 1195 182
2 1642 4804
2 1945 358
2 229 927
2 4553 3432
2 1057 1189
2 4411 977
2 81 4378
2 1575 504
2 2845 1860
2 2093 3913
2 1001 151
2 3303 3914
2 4467 4744
2 100 3624
2 1071 4649
2 3266 2459
2 151 1498
2 969 3086
2 729 3715
2 270 1656
2 3425 4246
2 810 3657
2 1548 4222
2 3221 2353
2 116 3400
2 4638 4080
2 4164 3070
2 4440 4777
2 807 294
2 4347 4228
2 4502 162
2 4542 3692
2 2913 3046
2 3713 209
2 2524 984
2 4132 387
2 4567 3271
2 206 2753
2 506 3689
2 3167 4086
2 2543 3935
2 3094 1771
2 2072 3132
2 3210 3052
2 3856 1616
2 3307 4966
2 1075 3749
2 2112 4586
2 4806 4537
2 976 3428
2 3022 1175
2 4997 526
2 22 2847
2 4757 2359
2 51 862
2 3279 73
2 4861 3776
2 4245 2652
2 600 1139
2 522 2739
2 2857 1096
2 940 1010
2 2448 2536
2 1596 3967
2 608 4610
2 4227 3474
2 3109 3700
2 904 1012
2 2282 1076
2 450 2483
2 2890 372
2 4096 4188
2 3387 953
2 2317 1442
2 2356 1845
2 38 1516
2 3562 3882
2 180 1200
2 66 3727
2 3627 3612
2 1415 976
2 4195 998
2 834 3513
2 3669 4759
2 811 3370
2 4019 1080
2 1906 3196
2 1883 2445
2 848 1524
2 1995 1158
2 1698 1545
2 4925 4600
2 1759 1290
2 2377 2874
2 4889 2424
2 4583 3789
2 1635 481
2 2320 3923
2 3956 4435
2 1069 531
2 3800 735
2 1158 3307
2 4499 4576
2 2741 154
2 2895 3541
2 3285 4782
2 3098 1463
2 1672 2428
2 281 4234
2 4576 1503
2 4061 2513
2 2827 2981
2 1752 4315
2 2154 4465
2 2199 4069
2 2996 1681
2 4552 262
2 3438 4088
2 1950 1055
2 3317 575
2 4636 2756
2 459 3445
2 1353 1817
2 4097 2333
2 3668 2144
2 1322 4411
2 1566 3897
2 938 397
2 4562 1630
2 1756 3145
2 3988 3584
2 3965 3334
2 2013 3228
2 1502 4677
2 362 4426
2 4707 1275
2 830 47
2 3722 3759
2 4446 2168
2 4048 3178
2 3552 2338
2 147 4922
2 1981 4812
2 2114 1764
2 2707 2658
2 3998 1633
2 1216 3229
2 4933 2478
2 3818 1262
2 3934 2501
2 1097 2940
2 4416 96
2 3869 402
2 4651 3374
2 4450 373
2 4127 2996
2 3857 1319
2 2681 1105
2 4729 3457
2 4472 1747
2 320 2999
2 2786 4991
2 3739 4207
2 874 3853
2 1541 4484
2 1029 1240
2 2189 2855
2 4981 4104
2 3797 3419
2 1120 3815
2 3327 461
2 3110 2783
2 2239 2627
2 1549 380
2 204 57
2 2953 115
2 3402 2413
2 1389 1259
2 1382 942
2 1804 529
2 4624 3577
2 128 2048
2 2869 4672
2 2284 1146
2 1829 1450
2 1244 4939
2 1134 7
2 4913 1752
2 4766 4943
2 794 896
2 2478 4582
2 4555 2215
2 927 2044
2 2326 1519
2 913 55
2 1397 2336
2 760 3532
2 2153 204
2 3663 2463
2 1659 3089
2 1041 4322
2 89 3135
2 4984 1362
2 4948 2814
2 3699 458
2 413 424
2 3313 4858
2 2469 3659
2 4278 1165
2 1561 2527
2 3660 2713
2 3404 1570
2 2967 2763
2 122 4141
2 4249 4219
2 3673 4392
2 1350 3397
2 2081 2416
2 1192 3133
2 3039 82
2 1529 1850
2 4357 873
2 494 1757
2 355 1667
2 596 1207
2 142 27
2 1651 2443
2 701 1088
2 3588 3706
2 2917 3416
2 3225 2292
2 4412 3668
2 2318 1488
2 3515 4051
2 4830 147
2 3715 3234
2 43 2545
2 158 4680
2 1799 125
2 1203 2234
2 4461 2551
2 3982 4365
2 4149 179
2 476 3778
2 1217 3771
2 653 2173
2 4460 685
2 493 2014
2 4990 1878
2 2898 983
2 112 1660
2 1524 1549
2 2516 4095
2 1847 2720
2 2404 3236
2 34 847
2 2256 4062
2 1416 3696
2 3846 3431
2 4619 2015
2 3964 2251
2 4420 275
2 4534 687
2 2454 2552
2 3181 581
2 3329 4718
2 3220 2394
2 1899 3294
2 1941 1686
2 4247 3969
2 47 2045
2 3250 3729
2 2082 4000
2 2793 814
2 188 4544
2 4994 2602
2 3948 3357
2 4239 90
2 300 4587
2 1006 352
2 3420 3854
2 2964 3372
2 2475 536
2 4389 806
2 567 4356
2 3586 955
2 1386 1492
2 1225 4534
2 3311 4955
2 2573 4811
2 3744 1625
2 3591 3347
2 996 4516
2 359 1204
2 2626 2659
2 1784 1904
2 1452 1147
2 2042 4184
2 4765 4952
2 3229 2225
2 2459 1020
2 463 4715
2 2281 4232
2 1864 3770
2 2184 110
2 1964 691
2 512 291
2 1685 3980
2 2349 2347
2 1442 4771
2 429 4353
2 1570 500
2 1142 1746
2 3066 2750
2 4118 1966
2 4809 2134
2 458 1552
2 367 1222
2 3457 3491
2 4812 3774
2 2666 2457
2 4191 2258
2 2798 2127
2 1738 2119
2 71 4827
2 4312 3032
2 115 4959
2 2264 2115
2 4922 2561
2 2319 3343
2 4089 610
2 4912 4268
2 1175 891
2 2361 914
2 2465 1827
2 4950 4064
2 3133 4964
2 2718 297
2 787 4335
2 1159 1494
2 4960 4146
2 4215 2757
2 4669 2052
2 3122 2058
2 2370 1562
2 505 2718
2 1660 4313
2 540 996
2 208 1338
2 2825 3645
2 2671 2335
2 2473 922
2 3082 1694
2 2958 1156
2 4586 3864
2 4211 3536
2 2309 1710
2 4101 4791
2 2129 2082
2 4299 749
2 4110 4826
2 1454 1081
2 1339 2560
2 1604 1938
2 464 3976
2 1754 273
2 1390 4872
2 4785 1009
2 2165 2085
2 319 1559
2 3973 4899
2 262 1428
2 3412 1685
2 260 4675
2 2930 676
2 3382 2792
