5000 3
2 2852 966
2 3013 741
3 4673 2841 54
2 2788 2793
4 3972 4985 3064 61
2 881 1398
4 3397 3024 3008 2939
2 1202 1987
2 682 3681
2 3621 285
2 1033 3504
2 566 4830
3 3769 3691 954
2 1798 2753
3 1768 3734 555
2 2275 2000
2 4819 1562
2 2256 4448
3 3027 2312 2836
2 3655 4374
2 680 4117
3 3184 1547 1696
3 4601 2431 3570
2 2389 4442
2 3110 4391
2 888 4817
3 1494 1594 3538
2 1625 4916
2 3392 2944
2 106 4966
2 3208 964
3 76 4903 1674
5 3469 1818 4090 1095 2985
4 2229 3648 1886 515
2 3467 914
2 2733 3356
2 4461 4784
5 1266 1188 3852 1455 840
2 181 782
2 134 4292
2 177 4081
4 4611 163 3536 965
3 4372 1692 2154
2 2243 4530
3 3172 3772 3466
2 922 655
2 4802 833
3 3699 4896 1724
2 832 4574
2 4238 1188
2 852 3383
2 3469 4159
3 1329 3122 947
2 4292 1184
4 3767 2 2844 2973
4 2208 2368 939 3445
2 605 4785
3 1269 994 2096
3 1775 3418 3989
2 3824 1194
4 357 187 1005 460
2 3600 4
2 2427 4489
3 2711 1027 2713
2 2713 3239
2 2224 962
6 4641 849 3835 1304 3309 1255
2 1392 3735
2 3484 729
4 664 2451 2281 3823
2 1783 3218
2 3723 974
2 3338 3602
2 3595 172
2 4668 1013
3 4416 1586 1764
3 1643 31 4688
2 1742 3542
2 2228 801
2 232 4727
4 1524 1300 135 2835
2 3381 3530
3 3416 702 124
2 3601 2025
4 4156 3135 3048 4486
2 4579 4091
2 1323 2206
4 4530 4929 1134 915
2 1757 3247
2 1608 3439
4 2411 2690 1152 1290
2 3723 4922
2 248 880
5 2237 114 3001 2221 1093
4 1502 2416 1333 3909
3 2049 426 4868
2 4516 2726
2 1112 3512
2 795 328
2 606 2394
3 287 4126 472
2 3079 4731
2 3095 4573
2 1746 1867
2 4847 1424
4 735 3590 3732 360
2 1188 29
2 2211 3596
5 3806 4813 1690 3890 537
3 3778 2422 3194
3 376 2978 3497
2 2944 1486
2 4486 2263
2 3645 2174
2 93 877
2 1931 213
2 4881 3421
2 3065 1371
3 3649 2443 3126
2 2940 2531
3 532 4921 3457
3 1048 2376 3097
3 3063 4541 776
2 4215 4736
4 2569 82 4559 1100
3 3739 4331 4062
4 2806 1497 4186 1079
4 512 1627 2904 2598
2 1911 3153
2 2236 606
2 771 2021
2 493 592
2 768 3654
4 4449 4311 4437 4746
3 4473 2599 39
2 80 3794
3 3935 2029 2138
4 2746 1411 3561 1941
2 553 2234
3 2230 3485 1723
2 648 1828
2 2477 4381
2 3368 3083
5 1725 2745 2088 3812 242
5 2114 725 2487 2095 2727
2 3487 638
5 2655 4162 2769 3677 2631
3 4568 1005 3814
2 735 4573
3 868 3297 2333
4 1664 918 2423 1123
2 1934 2841
3 3887 4403 3094
2 2939 2059
4 2748 1564 2523 1888
2 3072 4634
2 699 1004
3 638 3161 1837
2 2689 2256
2 2380 1533
2 4755 2630
2 4522 3137
2 1446 3299
3 41 1515 3940
2 2475 1701
3 1472 3788 336
2 2265 1864
3 1364 934 3510
3 1890 1992 3029
2 4474 3743
2 3660 1988
2 1690 817
2 73 789
2 4562 3928
2 3367 2813
2 3168 4417
3 665 2481 688
2 3237 40
3 4475 3348 2146
2 4090 3105
2 4032 1160
3 38 1215 3893
3 1426 4927 627
2 1823 4544
2 4657 4917
2 4642 4483
3 3958 1654 2210
2 4990 60
2 2888 4973
4 4550 744 4860 1363
3 2872 2744 1584
4 1937 1132 3146 847
2 3704 3946
2 3717 2869
2 2865 2736
3 4086 3621 3189
4 4795 2150 4317 2807
3 270 1613 1976
3 294 2663 2558
2 1090 990
4 4428 2291 1339 1171
2 1046 3618
4 4799 2259 4357 730
2 1185 1858
2 2109 4263
2 894 1131
2 4209 828
3 557 1132 2989
2 3192 309
4 4898 752 3428 2563
3 2988 2952 574
6 2152 1148 1969 2291 1477 391
2 1623 2424
2 115 4713
2 4254 4443
2 2382 2912
2 3556 4601
2 743 1154
3 1728 3304 1894
3 3822 782 1914
2 634 356
3 2893 4150 4399
2 1573 3860
3 4122 4222 1054
2 2016 1485
4 1856 2863 259 888
3 2615 2568 3447
2 2884 1615
4 2816 2654 1059 767
2 1559 2002
2 4363 2085
2 3490 4238
4 79 4687 1815 4963
2 4770 1605
2 666 1901
3 4450 1685 3668
3 2310 3491 4240
3 3138 1357 647
3 1211 2890 3981
2 605 713
2 3534 1738
3 3636 4096 2062
2 4383 143
2 708 4948
2 1284 506
5 2063 2508 932 3538 2952
2 808 2376
2 1776 2309
2 92 1602
2 3221 4930
2 2063 3102
2 2386 2294
3 3197 4539 3289
5 4826 542 2284 556 691
2 271 2923
3 2544 3023 4072
2 1525 2824
4 2554 562 1466 1995
4 1779 737 2778 4976
2 3401 225
4 2251 727 4725 2179
2 3842 597
2 4049 1500
2 2853 1114
3 512 757 2590
3 1064 1029 1393
2 3431 3466
2 930 827
2 4272 381
2 3702 4150
3 2717 197 2931
3 4848 254 1173
2 2428 4020
3 1450 1006 1184
3 3751 3148 4038
4 1936 1588 883 4586
2 3498 4754
2 4718 1557
2 1013 2901
2 1198 4670
2 4122 3423
2 2911 1756
2 705 2947
3 3044 4258 1686
2 1627 1198
3 2035 2163 9
2 4005 1838
4 692 2420 100 895
2 3728 4046
2 1207 3516
2 2031 1606
2 2901 3801
2 1167 4259
2 4570 4070
2 678 198
2 4446 516
2 2076 2395
2 4992 2196
2 2125 3951
3 4846 2696 1327
3 607 781 3972
3 386 1257 4556
2 3234 2582
6 1449 3379 4682 1851 927 4205
3 4517 1539 2568
3 3159 3506 2442
3 4403 961 4746
2 3649 1436
2 4432 3112
4 2013 2351 2854 208
3 3999 616 4702
2 2414 2567
2 3873 4910
2 3992 4257
3 2483 593 3207
2 2946 1026
2 1072 352
3 2921 2430 2819
3 3329 4647 1814
2 4383 2785
3 751 4493 2109
2 2569 3359
3 4551 4409 4369
5 1470 2420 1501 3406 3921
2 4087 4506
2 490 3438
3 2171 2534 1305
2 3692 1211
2 98 394
2 4410 3285
3 2663 3828 4393
2 2566 843
2 4525 4344
2 3953 2441
4 1828 3473 2444 342
3 4629 1440 1093
3 3003 165 1256
2 1400 2889
3 1993 3606 4956
2 1989 3273
2 2780 4180
2 2183 782
2 2521 334
2 4024 3877
4 4604 3678 1792 4553
3 3120 1461 3038
2 3902 2991
4 505 4852 3359 2332
3 2979 919 2973
2 3628 4674
2 4067 3750
4 2144 3454 396 4116
2 2680 316
3 3429 2325 867
3 1415 3270 2314
2 4596 3733
5 1545 1962 3967 2693 220
3 60 2165 4504
3 2326 841 2051
2 415 1726
2 105 3646
2 3658 2407
5 1322 3102 1205 4705 2905
2 1574 2334
2 2134 2847
3 2218 1543 3826
3 1320 3067 1710
2 2842 3762
3 1128 4881 3779
3 4211 1274 2499
2 2819 619
4 4354 1370 1682 2378
3 1026 4957 2379
2 4618 4052
4 1681 4293 706 2504
2 3981 1770
4 110 4132 4695 489
2 2322 4335
2 2964 950
3 4400 684 1186
3 3540 990 4630
3 4667 3795 268
2 4049 973
2 4128 2852
2 1827 1796
2 1979 943
3 301 1579 4931
2 4328 786
3 1589 3553 1772
3 3996 3501 4181
2 1467 2691
2 4282 211
4 3099 4974 2526 652
4 2718 802 956 1636
3 328 1982 885
2 466 2209
3 351 1720 4007
2 1701 2746
3 775 1317 1521
2 3961 4635
2 2591 3945
4 2390 2885 666 1556
2 4081 1778
2 1247 1929
3 642 2951 3617
3 3410 4540 1902
2 788 3212
2 3041 2476
2 1216 2462
3 4074 2027 3465
2 1999 1056
2 4659 2892
4 3495 4657 3512 3275
2 4816 2707
3 3591 4254 2217
3 1959 4397 359
2 1797 3711
2 3742 4154
3 1117 1832 3187
2 2591 3961
3 4407 4102 2304
2 3601 1229
3 1098 4658 3753
2 4397 2075
3 4202 4837 2643
3 3866 2472 1884
2 95 2765
2 722 2367
2 3235 3698
2 2325 2732
2 4620 4388
3 1465 3736 1290
3 4346 3364 3837
3 2507 3470 674
2 2559 925
2 2040 4926
2 4066 1606
2 3430 475
2 2980 2085
2 1611 3234
3 1573 3149 3957
2 4621 932
2 4572 3898
2 2716 1231
2 1917 1927
2 1759 3960
3 3680 4115 2495
3 3967 2281 2210
2 2434 2560
3 1391 4864 2441
2 2581 4440
2 3193 3239
2 804 749
3 4941 4157 1960
2 4141 2124
4 1979 1546 3511 1794
3 4094 3057 4979
2 1684 1840
3 3095 4611 1753
2 557 3745
2 945 60
2 2692 2345
4 1447 3979 3891 1394
2 775 3502
2 4955 4539
4 4216 4930 3835 3037
2 395 4921
4 3606 4118 2032 2452
2 4171 2557
3 3276 3225 3115
2 1862 2170
2 4594 4763
2 518 100
2 2801 4937
4 4944 1474 3706 2200
4 629 4508 437 4217
2 4469 4501
4 499 2489 1970 2102
2 4839 597
3 3142 4319 4615
2 2012 1983
2 1024 4242
2 3652 2820
2 4188 684
2 2529 561
3 1392 549 2598
3 596 3519 2088
2 3791 2711
2 3339 690
2 2265 376
3 2100 3056 325
3 3180 1418 1478
2 1564 4906
2 131 3907
2 875 3465
2 3594 4701
2 1130 4214
2 745 3657
2 2920 2578
3 565 477 580
2 579 1270
2 1566 1798
2 1085 791
3 881 4753 526
4 3228 1063 4709 4452
3 347 3232 2908
3 244 1622 4454
3 2653 3486 715
3 2676 909 1174
5 1162 1619 1578 3756 2502
2 567 3790
2 3170 2323
2 127 264
3 3081 2454 2579
2 1189 2025
2 855 33
2 3696 295
2 3604 4232
3 2339 472 4141
2 543 782
3 1658 3930 4348
2 3418 4911
2 4408 4899
3 2588 3070 4815
2 1212 2178
2 2963 2954
2 2130 503
2 4852 2831
2 1518 592
2 826 2476
3 2318 3607 1724
2 3458 1958
2 741 120
4 4209 1993 3230 2035
2 1218 2106
2 2863 983
4 3551 2927 1677 621
3 108 4788 3971
3 3140 4490 4100
2 3851 2040
3 2653 1365 3254
4 1629 3342 3660 3156
3 253 4629 3183
2 519 1292
2 795 3087
2 2860 4694
2 3915 4052
3 4265 4034 1150
2 4112 3799
4 3272 1448 1409 485
2 3668 4340
2 4843 4219
4 2071 2122 4331 4100
3 138 1573 703
3 4947 4708 1712
2 4613 14
2 253 3317
3 3464 207 459
5 4344 2067 3766 3281 676
2 4645 3447
3 4353 2234 2136
2 484 4318
2 257 4640
2 687 3519
2 3888 3336
3 499 4882 4649
4 11 2328 2070 4467
4 2965 510 2997 2466
2 2581 1569
3 576 3705 1467
3 3137 733 3920
2 4720 2139
2 1297 4893
4 2271 1716 1358 1516
2 210 1834
3 1308 1643 4776
4 4275 569 681 4553
4 4979 1142 1708 3574
2 2885 3977
4 500 3395 3829 2914
3 1877 499 2267
2 1199 4576
2 1599 4719
2 4084 2901
3 1353 4134 1598
2 4391 2015
7 2571 3824 3384 2371 2850 2293 4280
4 2878 1215 1121 2140
3 4562 3002 2828
2 2006 3098
2 2134 2000
2 4464 818
4 4227 528 2055 131
2 314 4703
2 1637 4253
2 1264 4493
2 2302 486
6 1927 4315 4342 3163 478 261
2 853 767
2 3593 2520
2 4482 3482
2 3097 1432
3 1038 4483 3396
4 1616 1050 1882 951
2 3176 3519
5 1081 3919 239 56 1841
6 99 4174 2883 842 1187 129
3 300 1035 2397
2 4885 623
2 2440 815
2 4239 833
2 4909 1437
2 2194 3780
2 3884 3801
2 2383 763
2 2634 4653
6 3817 2737 310 4750 1124 1896
3 642 1241 1710
2 892 3052
3 370 1053 3880
2 2596 830
2 3223 536
2 1581 1546
2 608 4320
3 2159 2801 1947
3 4334 2959 2342
2 1334 3185
5 4097 182 2503 3986 3993
3 3245 1210 4235
3 2753 4264 475
2 2487 2425
3 4045 4612 1277
4 1706 1748 4179 2773
2 916 1355
3 3849 4609 220
2 697 4849
2 901 4057
3 2561 2868 3684
3 157 1160 145
2 2285 4918
4 1084 4364 3531 2106
2 4644 2795
4 617 404 867 4886
3 3972 3886 4914
2 1664 2701
3 4130 1463 3424
2 2999 2864
3 4724 237 1206
5 2331 140 1626 856 1404
2 4296 2389
2 4644 2514
2 1554 2206
2 392 2531
3 1002 4689 3011
4 4981 2321 3384 679
3 4175 45 3522
4 4402 1184 1805 1073
2 2636 4369
2 2286 1611
2 4688 4536
3 3006 2265 4767
2 1217 3409
3 3459 3585 1825
2 4605 4936
3 3219 69 1813
2 176 2298
3 401 1447 234
2 1359 3369
2 4347 3304
3 2928 802 3762
2 3738 1668
2 2639 2417
2 3705 1337
2 4771 3017
2 433 4706
2 2693 4936
2 2184 558
3 4722 4361 4405
2 294 2489
2 696 654
3 2549 2114 20
4 2067 576 1954 1318
2 8 863
3 4049 1429 3754
3 379 483 3927
2 2923 4077
4 2091 3419 1711 4232
2 2268 563
3 176 2636 2770
2 2827 4914
4 2929 488 2864 3382
3 4906 253 1178
2 287 4031
2 2307 2876
3 806 1140 3566
3 1848 2329 1445
3 1873 679 4574
2 635 3672
2 2817 891
2 2022 156
2 2975 3895
2 4071 2877
4 4534 1301 4845 82
3 553 4878 2602
3 2082 4828 761
2 4422 282
3 3745 374 4993
2 4813 3519
2 243 3035
2 4025 3573
3 2824 2834 4792
2 2049 3903
2 2257 3099
4 4799 2790 239 4503
3 2469 1946 3858
2 3691 507
2 4291 2771
3 2934 4016 951
3 4983 4241 3482
2 1157 4007
2 4026 4787
2 2432 1511
4 427 3845 1053 2570
2 1597 4462
2 4154 3639
4 144 789 4412 4295
2 795 2043
3 2971 3785 260
3 1678 804 873
4 68 1442 3755 3293
2 202 1573
2 1903 754
2 3061 1212
2 1103 570
3 1637 4647 2142
2 105 148
2 3520 4820
2 258 3746
3 2586 2108 3257
2 1189 1251
2 4601 2665
2 1 532
2 4333 2668
4 1007 3418 1570 217
4 1146 4841 189 3298
6 2523 497 3366 2081 1151 4350
2 4898 1275
2 4068 3234
2 1539 2174
2 452 4315
2 985 3036
3 320 1683 2356
4 4359 2052 209 2922
3 1386 3772 3362
2 3004 731
2 4363 2609
2 2015 2484
3 4336 4432 264
3 3805 4218 4887
2 2318 3493
2 1519 2243
3 704 4857 4544
2 823 2886
2 614 2815
2 2915 805
2 1915 3108
3 3958 1047 786
4 228 1251 2474 598
3 3520 132 3079
3 1443 1350 3313
2 2935 982
2 1364 130
4 1741 4910 4033 1526
2 4998 1235
3 2141 1451 4140
4 463 398 2938 1165
3 3990 122 1868
2 3455 3215
2 2462 2278
3 4955 1195 4066
3 3000 3893 3101
2 300 4293
4 519 219 38 341
2 3433 3932
2 1025 2041
3 4793 1041 3124
7 766 1852 2897 4607 387 4954 1294
3 936 1669 855
3 406 2604 1752
3 4497 725 172
3 1223 1741 2437
3 881 3439 502
2 4514 1403
5 1590 4402 903 4715 1556
2 4584 3757
5 98 544 1969 726 3642
3 3861 1022 4445
2 2389 2379
3 1244 4538 3594
4 4603 4650 4147 4575
2 1416 4041
3 4952 78 2742
3 669 393 1889
2 1295 3509
7 452 4928 1991 728 3259 1954 2896
3 3405 4043 764
2 1011 694
3 3653 4425 832
2 246 3670
4 4769 4668 3968 3651
2 1451 1384
3 3878 1869 1465
4 1892 3952 4527 4693
4 2227 3216 4520 1233
2 2424 852
3 2618 609 1861
2 2734 4685
3 1167 4883 171
3 1382 2258 591
4 2453 4851 4587 3229
2 4322 3334
4 3242 2335 1501 1197
2 3307 3939
3 1552 762 3635
3 1833 4511 3782
3 2208 2547 1926
2 529 4649
2 267 2644
2 4167 206
2 1472 1270
4 4139 1928 620 2887
2 1932 1621
2 48 807
2 610 46
2 2177 4107
3 4764 926 2300
2 4884 2980
2 2456 1018
2 1673 1186
2 3726 4540
2 2665 37
2 358 3431
2 4106 606
2 331 2624
2 2874 974
2 3924 4048
2 2867 2353
2 3390 191
3 1903 3239 4420
3 66 2015 1639
2 2849 903
2 4699 4093
3 50 4240 814
2 2761 598
2 3639 2843
3 787 4332 515
2 4901 648
2 3948 4113
2 1770 1525
2 872 3791
3 1424 1899 2083
7 1746 4522 932 4098 4298 3937 3752
2 4515 870
3 2142 1129 682
3 4791 1246 4536
2 1434 1799
2 4096 4590
2 642 353
4 3601 149 3209 4327
3 2879 3089 3203
4 862 1804 4710 938
2 2132 4436
2 859 2225
2 728 4219
2 4154 4714
4 3415 4742 494 3492
2 2596 3330
4 4960 1205 3821 114
2 2064 4129
2 3704 1523
3 3426 3873 92
4 503 2357 791 5
2 2874 3713
2 275 1726
2 2522 4312
2 1111 394
2 1422 2117
3 2247 1712 1029
2 25 225
3 3081 2541 2525
2 1565 2513
3 1155 3161 698
3 3714 618 2393
2 4260 3726
3 205 2355 2586
2 287 4660
2 1656 1231
2 4859 2434
2 4527 4216
2 3067 4273
2 4104 1322
2 4170 636
2 3719 3489
7 4228 793 2869 3666 4453 3993 850
2 1068 1703
2 1763 3784
3 995 2530 3683
2 1419 2802
2 3334 2442
2 3433 508
2 1326 4301
3 2467 2405 4455
2 4461 1773
2 4021 4636
3 34 1094 1841
2 87 2276
2 633 1875
3 4608 1957 2641
2 1317 150
2 348 2473
3 1378 2567 1659
3 4841 1689 2442
2 45 4381
2 1021 3689
2 3589 4712
2 1020 434
2 2508 835
2 4636 303
2 3114 3184
3 3446 3912 3224
4 2214 267 3994 3635
4 3293 1954 4496 2069
4 861 245 441 4343
3 2344 1074 3890
2 4310 167
2 1284 2839
2 4188 787
2 2215 1049
2 1673 870
2 55 3930
3 2616 2164 3614
4 2235 1770 3329 2543
4 4489 2111 2329 1342
2 2414 385
2 1397 1246
5 3780 1847 2900 4255 460
3 4309 991 4334
2 1852 52
2 3471 2325
4 2966 3549 2917 2734
2 378 3103
3 717 603 1535
3 2930 2035 4925
2 4286 1772
2 12 3219
2 3941 1814
2 393 4516
3 1056 4334 4738
3 3400 1195 4054
2 2161 1335
2 2162 1302
3 4781 306 4772
2 3655 65
2 4377 1528
4 1552 3553 30 2754
2 4901 41
2 0 1877
3 2775 2867 2882
2 2644 1457
3 4097 4380 4769
2 1452 1882
2 4023 1747
3 3620 4527 1232
4 1948 382 3085 2448
3 844 3529 71
2 2679 1573
2 3372 4210
3 2113 2741 1075
2 1689 1791
3 4337 4499 3269
2 2786 4685
3 3462 4183 2043
2 770 3410
2 535 3969
4 2455 2920 3935 2710
2 4326 750
3 1185 4243 4564
2 2515 1189
2 1144 1095
2 2318 3530
2 380 199
4 946 2403 1711 2018
4 2348 3464 4173 1073
4 1269 3830 3362 3872
3 2587 3555 57
2 906 2323
2 4625 3175
3 1145 2486 3516
2 3045 2820
2 1518 1950
2 1669 4766
3 2891 1179 2379
2 653 1987
3 4740 1346 1761
4 2211 4438 156 1099
2 60 147
2 273 3257
2 743 4243
3 4585 4247 3488
2 4565 4307
4 3534 3884 4063 1766
2 3278 806
3 4494 3631 1219
3 74 278 2292
2 1251 4526
2 3822 2092
3 4958 2527 3125
2 3820 4663
3 2062 3404 837
2 2958 4195
2 3180 925
6 2216 4051 923 3812 3226 3785
2 1049 796
2 3201 1396
2 481 1816
3 784 2030 4917
3 372 315 4200
3 2660 63 2710
2 4539 3843
3 2962 887 265
2 3114 3306
2 1118 1943
3 3778 1680 3363
3 10 3810 3353
2 3045 2516
4 3979 3841 607 4201
4 4159 4859 4056 3387
2 2275 1726
2 602 2396
2 4579 4401
3 3790 1209 3371
3 785 1434 1785
2 4110 3555
2 3923 4277
2 3450 4004
2 1116 1967
3 4275 201 2304
2 766 4584
2 121 3919
3 3066 1022 937
3 2375 603 3391
2 2341 1065
4 1491 2986 3781 1719
4 619 722 2370 2500
2 1261 223
2 2488 1516
7 2595 3159 3141 957 2246 4580 410
3 2346 4708 3100
2 4274 1354
3 228 4230 1786
2 2494 3634
3 1585 3276 2741
2 2309 2854
2 3793 504
2 1957 265
4 2212 1051 1360 1307
2 4661 3553
2 1649 2455
2 904 4188
3 3637 3500 3016
2 1533 2800
2 1613 2889
2 316 2212
2 992 656
4 2032 2881 933 2272
2 977 2255
2 2956 2659
3 2053 3634 2843
2 2964 4302
2 4546 126
3 2795 2401 2756
2 605 4260
7 2508 2894 3252 2463 4037 3955 4079
3 1428 3337 3154
2 640 2676
2 502 2521
2 3730 1956
3 3823 4103 2557
2 2337 1385
2 2629 1633
3 4009 3176 199
2 3284 3195
3 2225 1750 1738
2 335 93
3 2564 3260 914
3 32 2614 988
2 4517 1846
3 1522 2463 1140
2 422 2194
3 2367 1004 2600
2 124 1220
3 1469 1768 4114
2 4984 4109
2 733 2481
3 2716 1361 2637
2 3030 3907
3 2408 1377 4597
2 3481 3355
3 4921 4707 4975
4 2719 1951 4894 1795
2 3217 2180
4 2076 1258 4831 885
2 97 2615
2 4283 1665
3 1355 1654 263
2 3441 4459
2 1045 3789
2 3869 418
4 1170 3443 4244 1031
2 2893 4268
2 1792 3264
2 4759 587
2 3041 2644
3 2184 150 1595
2 616 1468
3 2341 4560 1851
2 3400 3646
2 1893 4933
4 4974 4669 368 4163
3 2189 3988 863
2 496 4932
3 2374 205 2138
4 4656 3382 191 207
2 4468 3165
3 87 1718 1302
2 1963 2915
2 1653 1783
2 3306 4223
2 4500 3073
2 3506 3416
3 4267 1097 694
2 3709 3966
2 577 3484
2 4073 3701
2 988 4554
2 3255 997
6 744 3831 3370 1975 3743 2539
2 2555 1186
2 211 4865
3 1577 3941 1772
2 547 1860
2 1442 745
2 90 3762
2 1827 2875
3 1935 2018 217
2 4511 891
2 4331 2055
3 2480 2060 719
3 3260 2233 2666
2 2162 1370
5 3641 3686 3312 638 180
2 1298 4981
2 509 4153
3 1901 4766 3094
2 2148 4764
2 2572 775
3 4906 2594 2669
3 4221 292 817
2 1688 3155
2 1387 2338
2 4585 1118
2 4639 200
2 2164 1402
2 1958 271
2 1991 508
3 4437 3568 3445
4 3749 2835 2363 3020
2 1195 2771
3 691 1469 4966
2 1001 4800
2 4035 4417
4 2353 3602 1876 4298
2 4121 4185
3 4742 2075 4602
3 656 273 53
3 986 2890 203
3 1147 379 838
2 606 1414
5 37 1713 106 49 1878
5 4480 987 2755 514 739
2 1551 2617
2 3591 4768
3 4109 2417 2340
2 1412 2886
2 3711 59
4 958 1177 779 4639
2 2494 3231
2 3360 821
4 279 284 2772 1338
2 581 2877
2 2964 3344
3 2256 2185 2485
5 3686 7 4895 3050 4361
3 2581 4518 3405
4 2931 1415 1692 2287
2 362 877
2 1733 647
2 289 1679
3 3804 4477 4958
4 1904 4088 1647 1040
2 628 2551
2 327 238
3 2241 524 732
3 3098 1657 1878
3 1468 4671 2174
2 181 587
2 408 2525
2 3130 661
3 2545 534 2968
2 3987 1012
4 3720 3230 2132 1100
2 1340 1722
3 4174 1667 2209
2 790 2863
2 2643 2839
3 3444 1739 4233
2 3539 3425
3 4740 3465 1965
3 4097 3999 3058
3 3832 1743 421
2 1817 1402
4 3314 3568 443 896
2 972 3092
2 2716 813
4 3795 3776 2975 4365
5 1649 4045 4356 773 3173
3 4284 4119 2942
2 3912 2730
2 2319 2221
2 1380 3420
2 1323 2790
2 617 2254
2 2640 3287
3 4340 4758 4476
2 1765 798
2 2779 1786
2 864 944
2 4062 403
2 3302 4318
2 1935 3415
2 1739 1510
4 1014 2601 767 739
2 2622 2840
3 3434 2127 3865
2 4916 4323
4 2944 66 4360 4006
3 4255 336 4199
4 301 4039 2949 3811
2 1111 1578
3 4568 4865 1788
2 1441 3838
4 1054 2460 1662 3007
2 4480 2023
2 4961 2112
2 595 1990
2 1775 2658
4 2810 2016 37 4113
3 1910 1533 3724
2 4491 2151
2 57 993
4 500 4465 1333 829
2 4576 1701
2 3178 3922
2 4180 4367
2 4228 369
3 2543 4519 746
2 3336 1811
2 2713 631
2 2781 3063
3 3747 3398 1482
3 4650 1820 3482
5 4557 3502 4431 2703 4606
2 4691 4398
3 1877 2764 3412
4 1919 244 935 1623
4 4629 3253 4133 1379
2 4146 4655
3 4370 2190 2625
3 3039 1710 1834
4 1709 1760 4595 2756
2 90 431
2 1967 2173
2 543 4839
2 1953 1376
2 786 4713
4 803 3737 3869 2279
3 2274 2939 3571
2 572 4004
3 1459 2135 1161
2 4532 3430
3 1957 4779 80
2 702 4016
2 960 1134
2 2385 2395
3 4386 66 3828
3 2882 326 4224
2 1788 4083
2 2257 1065
3 575 2531 3693
4 1617 1993 4523 4704
2 3930 1900
2 2889 4858
3 4041 3250 1433
3 3913 3554 1513
2 4334 2013
4 4645 1542 4974 2179
2 2486 4115
4 3979 918 398 4080
3 2072 681 2900
3 3333 4055 3916
3 2486 366 4840
2 2863 4148
4 362 4010 900 2987
5 1349 86 1240 4245 1700
2 1476 4353
3 2196 4184 4371
3 3327 3333 910
2 2160 299
4 2308 3696 2141 2126
2 52 4552
3 2334 4158 3916
2 2683 4062
3 4604 3599 3576
2 1270 94
3 2746 626 2580
3 4812 2821 959
2 2629 3084
3 1560 2806 672
3 1198 2581 2682
2 1465 200
3 3201 4746 1221
2 3908 3582
2 1612 942
2 3651 1961
2 2588 3564
2 2220 4749
4 1003 2705 4206 1517
2 4219 4249
2 2621 2130
5 2856 1494 2889 1323 4995
4 4604 769 2496 3787
2 3894 4829
3 1781 4335 1399
2 4191 584
3 4165 1058 1381
2 1114 633
3 3996 1570 3049
2 237 4198
2 573 4626
3 3603 667 1555
2 1065 4408
2 1104 2641
3 4622 4783 2646
3 189 4415 3492
4 4755 2024 167 771
4 2704 2930 540 4197
3 1940 2261 4502
4 4833 2810 3246 4757
2 2496 4949
2 3562 3241
4 3316 4074 371 1159
3 117 4783 4029
2 4333 3321
2 1446 3815
3 1520 2475 3008
2 2249 2653
3 3082 3833 1293
2 1106 4535
3 4161 920 2726
2 3099 1285
2 4157 1239
3 1761 1354 2666
2 3499 818
3 2507 2877 2703
2 2596 810
2 2128 1088
2 4898 753
4 1591 4572 1169 2881
2 2725 1924
3 1730 3222 4137
3 2912 2187 2785
2 3582 449
2 485 67
2 4229 265
2 3481 462
3 4138 4126 2811
2 3081 1023
4 2021 944 4563 1758
4 3534 1666 5 3612
2 4988 1352
2 4559 337
3 2358 2430 2044
2 1172 1230
3 792 4945 4776
2 1695 648
3 1613 4510 2697
2 3919 3136
2 3025 2057
2 3010 3456
2 549 4297
2 1456 4779
3 1547 2499 137
2 2996 1193
4 4596 4590 4741 4262
2 4550 1187
4 2782 354 1204 3578
3 2158 3152 800
2 4692 3393
2 491 1727
2 907 3640
2 3982 3617
2 3620 4810
3 1548 886 3715
2 1552 2390
3 860 3777 104
3 3941 3087 1526
2 182 2965
2 2840 3463
2 1083 2351
3 3978 683 1888
2 3065 3468
2 1740 2956
3 601 4584 2955
3 4958 1312 2054
6 1505 1796 1041 3098 1453 865
4 3982 2901 3237 4760
2 3766 307
3 2954 611 4234
2 2932 1909
2 4319 4249
2 335 2848
3 1260 2546 3054
3 3031 1151 729
3 769 4077 4287
2 3527 4701
2 695 1892
2 162 1373
3 462 666 4689
2 549 2270
2 303 2120
2 4091 273
7 2761 810 3892 774 2592 3202 2692
2 970 2557
2 3878 1434
3 4873 4188 2760
2 3146 37
3 1410 2948 3339
4 1680 3367 968 4111
3 3093 4900 2008
2 1298 3027
4 4581 4549 2619 3266
2 345 4652
2 4733 4427
4 4411 4000 645 2661
2 3062 4003
4 1339 811 2749 431
2 1993 257
2 390 569
3 1778 1214 1124
3 3107 1101 1178
5 323 3474 4977 3558 1720
2 4503 2645
2 165 829
2 2268 3388
2 1828 474
2 4902 3074
2 1324 1513
2 211 4426
3 491 1693 3959
2 4936 4500
2 1934 2577
2 2765 1886
2 3735 1279
4 2799 4131 1944 3968
2 2855 1704
4 3834 3836 224 1840
3 1784 1824 111
2 2436 2823
3 1573 3476 4555
2 2579 1534
3 4054 1757 2995
3 3832 3914 1052
3 1920 3244 3185
3 1831 2331 3188
2 26 1349
2 2445 2941
2 3461 2696
2 4207 126
2 2065 3753
3 4489 3381 3671
3 3969 4115 262
2 821 323
4 2118 94 3981 1612
3 3240 4862 4923
2 4522 2517
5 1434 3015 2639 3170 3155
3 3736 3284 4787
2 4885 3023
3 2597 3843 2182
2 2739 4150
3 1250 3598 4185
3 2387 3696 721
2 2870 3244
4 1313 3605 2908 1476
2 4793 2742
3 2762 4246 163
2 1055 573
2 1346 2087
2 528 999
2 760 3528
3 1374 2602 4426
2 3473 398
2 3673 1097
4 4940 4938 3541 879
3 4879 3667 80
2 256 858
2 772 1425
2 2652 4263
2 963 3649
2 2018 2214
2 3796 4168
4 2796 2853 2293 4435
2 1939 4666
4 4258 1267 159 1070
2 1489 1557
2 3731 951
2 3839 3106
2 4610 1941
2 3434 4832
2 304 748
3 2004 2659 2738
2 4524 2676
3 1315 2829 3312
3 4172 365 3288
2 4536 4330
3 356 3021 2450
4 1705 455 2805 622
3 1411 3703 21
3 1422 3910 2503
2 1836 1607
2 4286 2870
2 1951 1190
3 1423 964 823
2 4948 3069
2 3500 651
3 2248 1359 4971
3 401 793 1943
5 3997 3958 3815 1534 277
2 3560 4207
4 3451 4174 229 4770
4 1337 3530 3815 2995
3 2863 2059 2311
3 2649 4050 16
3 4344 2489 2376
4 1748 492 154 2760
2 3861 890
2 501 4825
2 2354 1875
4 2009 4366 2266 3217
2 568 4117
2 1356 743
2 3066 1713
2 3665 2365
6 440 222 553 1488 730 975
3 3110 3750 363
2 3820 3220
2 2533 4396
2 4321 1149
3 1258 509 4886
3 2386 386 4825
2 1876 2437
4 1651 622 3583 2773
2 2167 2619
3 2601 2302 4993
2 3012 190
2 1061 4807
2 1599 75
2 4741 4789
2 275 2027
3 3179 388 4290
5 3775 2001 793 3850 2131
2 4959 1387
2 4804 3314
3 4610 4448 4011
2 3775 26
2 2945 1123
3 2317 4736 3054
3 723 3028 2512
2 584 4988
3 582 1962 1586
2 1785 4907
3 3329 3136 4224
2 248 4419
2 2176 3746
2 4909 4408
2 233 3365
2 436 290
3 4714 4088 1549
3 89 4382 4391
2 4180 2245
2 2074 4081
2 439 658
3 1502 2123 1342
5 2562 1405 1071 197 2288
2 4748 4463
2 3103 227
2 1806 603
2 1309 3025
2 2577 2264
2 4940 509
2 2627 2783
2 4659 831
3 3530 506 2632
3 1284 212 3380
3 1839 3881 3567
3 2833 27 3122
2 648 3169
3 127 284 3951
3 4463 4023 4980
3 541 4794 4271
2 3629 2865
2 4166 2763
3 3721 2609 3042
5 4755 4115 1089 2150 4042
2 2391 3358
2 2584 2329
2 3686 393
2 734 594
2 3538 3746
2 3532 849
2 4165 4597
3 2746 3642 2786
2 4873 4044
2 76 575
2 3221 4204
2 3966 4734
3 4376 2078 3144
3 2323 1209 1662
3 4901 1830 2832
4 3723 4129 1235 1067
2 2787 2204
5 2855 1581 4806 4992 3521
2 1862 4843
3 1136 4006 3957
2 1114 186
2 2199 4396
2 896 4996
3 3873 1213 4430
2 520 2804
2 920 1907
3 3864 2588 2381
3 2362 2736 3402
3 1261 1647 1933
2 2362 1865
3 644 150 3846
3 3215 1113 2613
4 4687 1398 2762 4444
2 1222 4851
2 670 4050
3 4679 787 1000
2 3252 4918
2 3527 4912
3 2082 2936 3470
4 3825 838 4458 938
4 4500 31 3206 2202
3 2974 2776 2197
4 3980 2348 4147 2686
3 2922 536 3223
3 4943 728 4616
3 1909 3418 1207
2 1457 1032
3 374 4047 2573
2 3372 371
2 751 4749
3 3999 457 2084
3 235 4031 3616
2 283 4959
3 2191 2011 4997
2 1168 4549
4 921 978 3073 4320
3 108 171 2478
3 2558 2478 3389
3 2980 1204 42
3 3901 3528 1478
2 4171 4465
2 1847 1404
2 3823 21
2 1921 4788
2 2596 4978
2 3933 2878
2 1323 3282
4 397 2877 1271 164
2 4911 3486
3 904 3735 3368
3 2992 4768 1484
2 2826 1546
2 632 4040
2 4670 1868
2 2388 577
2 1289 2834
5 366 617 3096 1288 3874
3 991 686 4915
3 1859 554 887
5 4183 4586 4120 1188 1571
3 3073 4561 1848
2 4058 4322
4 573 4229 4509 2758
4 4723 3399 3412 3986
2 1134 4565
2 4060 1052
2 396 1470
3 4621 2479 3788
3 3900 1955 1221
2 4931 139
2 530 47
3 3420 3413 143
4 1037 3526 359 883
4 1789 1418 4435 3670
2 218 2281
2 2287 2229
3 2079 2347 1389
2 2406 3975
2 3978 2118
2 1206 3110
2 4739 4999
2 4068 2583
2 3736 4880
2 2437 4236
3 1092 3290 240
2 1250 1225
4 4830 1431 2096 4092
5 4436 790 4630 772 4513
4 3480 4521 77 3316
3 1229 1997 2589
2 1911 3935
2 4263 2555
2 103 861
4 971 2535 1799 3060
5 1564 2456 2638 632 3808
2 2986 4650
2 1092 3327
2 3193 2940
2 3345 788
3 3703 458 3613
3 3282 1936 3183
4 4676 4959 2909 3907
3 281 2803 2277
4 88 4520 2010 1490
2 1397 3099
4 445 4146 2387 2747
3 1289 3813 2814
5 1003 4547 3670 1381 4744
2 3461 3176
2 905 3903
2 3677 75
3 1244 2714 3883
2 1831 1010
2 3692 3800
5 4927 3794 3401 1101 14
2 3633 4087
3 941 858 375
2 1924 4856
3 1149 388 953
4 3024 3125 912 3428
2 3091 4013
5 58 1265 4818 4447 4438
2 3718 247
2 4324 4417
2 1468 402
3 258 2961 4627
2 4193 3097
3 3423 1352 4599
2 3178 4027
2 70 1136
2 3078 1486
3 1041 2904 1600
3 3561 1059 1245
2 4956 2740
2 1259 1306
3 1727 2813 1872
2 2413 2649
3 978 4360 3427
2 344 1120
2 4214 3434
2 3199 455
3 1109 3966 4352
2 1434 384
3 4930 2836 416
4 2362 13 4729 501
2 865 1747
2 2324 2254
3 4231 3332 2419
2 2410 2217
2 2022 4384
3 4289 870 2485
3 4392 656 3741
2 1616 3692
2 2040 3063
2 2284 2377
2 3324 2261
2 4161 3759
2 2837 1276
2 2000 3607
4 2985 664 4121 4765
2 955 318
2 232 3944
2 1024 2037
2 3314 1230
2 32 2058
2 4474 3734
3 3690 4093 1280
2 4302 2689
3 4828 1945 2033
2 183 4487
2 3537 1486
3 662 2399 3850
2 2015 3262
3 384 1153 4283
3 334 1474 140
3 3699 3153 4155
3 3285 4812 1648
4 1766 3546 1493 3503
2 418 2979
2 824 3577
2 574 1288
2 2258 4018
3 1549 1904 3931
2 1968 157
3 2396 3483 286
2 1624 3798
2 457 1485
2 914 605
2 4613 2967
2 2672 3728
3 3910 4473 4593
2 3095 3121
3 3265 3738 1096
3 2879 945 1695
2 1714 695
2 2405 2241
2 3814 4292
2 1125 303
3 786 947 4303
2 3498 2934
2 4394 3704
2 2865 2758
3 2518 4813 225
2 2250 4150
2 203 2269
3 4691 1712 2847
2 1150 3640
3 3728 815 2289
2 470 1652
2 4943 2751
3 166 4975 3875
3 1663 2467 2917
2 3013 2423
3 103 2965 2926
3 4402 776 1707
2 811 2493
2 1874 2260
2 3767 3816
2 3369 1789
4 696 2117 4248 3271
2 1870 2828
6 3215 1567 2565 4085 2363 916
2 1580 1181
5 580 1283 2056 2790 966
3 1213 1188 4797
2 2795 4195
2 3190 1887
3 3942 3686 4868
2 970 603
2 2380 4269
4 1928 425 3544 4986
2 2560 3055
4 33 1481 1952 2769
3 3499 2890 1880
2 154 1429
3 802 4344 4339
3 168 4095 1932
3 2208 2585 4971
3 812 2667 1445
2 1127 3953
3 4475 218 4980
2 4208 2764
2 4343 616
2 4623 3442
4 4236 4420 2083 3525
2 860 4002
3 4831 2622 1310
2 1163 234
2 405 2071
4 848 2924 4330 731
3 2954 1209 1836
3 3807 3443 2340
2 4599 2515
4 2931 4061 3745 1659
2 4889 4845
3 3537 1679 1438
3 1267 2765 3691
3 4238 128 1744
2 4099 2296
3 4796 2373 2671
3 219 4775 2116
2 765 2455
2 3341 2252
3 444 2397 2354
2 4804 4604
2 3089 1284
2 1492 4277
3 4729 1697 3857
2 4351 2340
2 2747 4875
3 1771 4935 1388
2 3003 2920
2 2457 825
5 597 4359 4701 444 2259
5 2373 830 1884 2846 2902
3 4081 2014 403
5 2901 2695 2731 2435 3588
3 115 2053 2439
3 3946 1890 831
2 4778 1662
3 2623 151 1480
3 2429 1154 1249
2 275 1754
3 2393 191 3509
3 2958 3308 4809
3 2873 2768 1532
2 1366 4754
3 4541 137 1537
2 3496 4618
3 1556 3340 1031
3 1483 3615 3992
2 1822 2833
3 3601 3440 714
2 3298 624
2 973 3397
2 3956 2686
2 999 2606
5 2105 1109 3599 2811 1551
4 1886 3191 2835 2110
3 2994 2043 1293
3 681 804 931
4 4401 2156 1722 3856
2 1086 3727
6 3318 1300 3297 917 1999 1064
5 1971 4064 531 1965 1173
4 3069 4355 415 4945
2 2735 453
4 4069 3432 2266 1343
3 356 4272 1599
2 3636 1135
3 2471 4418 3647
2 1227 1958
3 4449 3590 4190
4 3849 1291 1045 3208
3 3892 2092 1837
2 795 211
2 3463 477
2 1958 3278
3 2967 2910 3840
3 1997 2894 4251
3 2890 3941 2236
2 2787 1146
5 2880 197 3039 4013 4114
2 3660 2844
2 3179 2615
3 385 4732 455
2 3786 4532
2 3623 3728
2 394 4620
3 4715 4680 480
2 3110 4999
2 2970 2382
3 4738 2700 2858
4 2620 7 1002 3074
2 170 2784
2 4447 339
2 4297 1264
3 1174 804 2011
4 168 3983 2183 3450
4 533 1466 1309 338
2 4207 2347
2 4605 257
2 3877 2692
5 1973 1743 3782 3953 2454
2 4483 3701
2 410 1957
4 590 1812 15 3338
3 1590 3628 4407
2 229 3575
2 2972 3761
2 2907 1540
2 4881 2517
2 589 2331
3 3807 2820 2115
2 2418 1458
3 1568 2335 3315
2 3702 1757
2 1687 1991
3 4802 480 2168
3 309 3937 1314
3 3040 3958 1929
4 1826 756 849 585
4 4897 224 1266 2650
3 4279 3897 3046
4 4450 991 1154 1529
2 2432 3220
2 2225 4226
3 4070 1397 130
2 699 1803
3 3638 2497 1262
4 1364 4579 4513 3909
2 514 83
2 2111 4196
2 409 1588
2 2280 4923
3 2461 3196 136
2 1025 3710
3 3709 290 4479
2 1074 467
2 2279 1822
2 3462 2583
3 952 533 285
2 4889 4780
2 2053 1816
2 4470 3980
2 3331 3896
6 435 4764 4297 1807 539 4711
3 3311 784 3994
2 2143 4105
4 1953 981 2431 726
2 4299 1401
3 4600 2222 3573
3 3343 4045 2427
3 4443 4406 2904
2 2129 2934
4 95 2434 711 3268
3 2394 3713 3920
2 4161 358
2 752 3965
4 4281 1077 2037 1931
2 1433 4221
3 592 3562 1156
2 1877 4369
4 2318 1407 3374 3169
2 1818 3013
2 153 1561
3 4623 1157 4173
2 4284 3927
4 4686 241 1018 2491
5 3065 245 3343 250 4496
2 3763 878
2 1498 2946
2 4436 3399
2 558 681
2 2608 3221
2 3354 931
3 2841 566 3557
3 552 1902 2193
3 1318 2717 3496
2 2402 2669
3 4144 1610 4664
3 1183 3988 423
2 296 1111
2 4654 3653
2 1646 2464
2 1730 2954
2 3762 3776
2 745 4696
3 704 1672 4757
2 860 1898
2 4282 1684
3 438 230 3549
2 2493 2482
4 4454 2796 1517 3833
2 143 486
2 2166 3281
2 3974 4777
3 686 3270 3083
3 1015 1968 2140
2 2124 2356
2 3504 4538
2 4472 144
2 57 1740
2 2446 2689
2 4110 4383
4 2801 4146 3789 3552
3 4862 490 3157
3 4927 4753 2263
2 2518 477
3 3174 2624 2171
3 4938 4831 2990
6 1951 4962 3910 2240 4364 2898
3 3506 640 534
2 2346 3455
2 738 2826
4 204 320 2421 3495
2 1952 3118
2 942 2026
2 1263 2533
4 4759 977 2850 4844
3 144 3361 680
2 2440 2007
4 2188 1914 3523 2226
2 1873 886
2 1502 1732
2 4133 4924
3 4052 1449 4043
2 4060 4123
2 552 4369
3 3876 3731 1612
3 2093 4123 454
2 298 3476
2 1328 4626
2 4895 1253
4 1385 4230 4221 2465
2 4381 2048
3 1348 526 4716
2 1590 4827
4 1220 4233 871 4211
3 2574 2234 2950
2 364 590
3 4569 1298 4707
2 560 4377
3 4280 3212 4913
2 136 1131
3 2224 3511 571
2 2092 587
2 774 1328
3 734 863 3475
2 4632 2042
3 351 2885 2942
3 3090 2215 4347
2 4700 178
3 3235 3165 3985
3 4678 1164 2698
2 2479 4629
4 4801 1633 196 3130
2 1268 3684
3 211 3279 3955
3 3640 2615 3181
2 2812 42
2 2875 4873
2 1955 2889
3 3929 4374 2691
5 4192 2936 3291 4796 1416
2 624 4650
2 1327 3474
2 2323 959
2 1159 960
3 285 4014 2957
5 1172 940 4270 3809 3773
2 357 3001
2 3853 2089
2 1582 3989
2 3555 2012
3 3198 3868 3855
3 2411 3716 470
2 326 2103
2 3666 2541
2 1291 4530
3 1214 748 113
2 4176 3736
2 2621 1603
2 4755 834
3 4905 524 3929
2 1315 260
3 1110 2648 3656
2 3722 3587
2 4241 1508
3 1992 3299 341
4 4433 676 1123 3774
4 1201 2486 3050 4454
2 3296 4728
3 4920 3609 1390
2 2305 2116
3 4373 3390 1129
4 3163 2721 1287 2976
2 3740 1687
2 4824 3173
2 3009 2071
3 612 3829 1098
2 4045 3932
2 297 1325
2 4593 1675
3 2649 2616 3370
4 2971 3922 1655 2200
2 2199 474
3 4972 4696 2984
2 2216 1674
3 4402 4395 2728
3 3044 3372 1650
3 4863 4257 3335
3 651 86 2552
4 3063 3857 3862 4743
5 1891 825 55 3134 3656
2 395 1222
2 447 186
4 1004 2720 3015 107
4 4118 1065 1072 2332
2 2428 4464
4 4800 930 3632 1529
4 3375 937 2145 2832
3 1021 2297 2202
3 4242 414 1802
2 365 2831
2 3036 3988
4 4754 3667 4756 1345
2 1238 93
4 4920 3771 3385 2045
2 2880 3546
2 2139 65
4 1092 872 2020 4468
2 3086 2116
2 813 2375
2 2859 78
3 3337 33 1729
2 2928 139
2 3247 4348
4 2367 4811 4666 3977
3 2461 1158 4022
3 2133 138 560
2 4349 941
3 1974 129 4564
4 93 2965 4030 4594
2 3841 3948
2 3809 2519
2 4176 2105
4 2394 4917 1212 1849
3 4909 3868 4967
3 4676 760 43
3 3089 2426 3899
2 4704 1609
2 1056 4823
2 4904 887
4 3934 2958 1555 4891
2 4382 1375
2 1857 2325
4 2845 2960 3283 260
2 3621 1916
2 2279 4612
3 1800 2398 1241
3 2482 4708 1075
3 1201 17 158
3 712 1307 2698
5 4329 1835 3160 818 2829
2 1927 202
5 4833 2835 3754 2553 1870
3 3278 1366 1809
3 3545 4829 4926
3 2101 4504 112
2 1618 3414
3 166 489 660
2 1568 1961
2 4009 580
2 687 1473
2 2830 1858
2 2720 1448
3 573 3883 3383
2 1074 4926
2 3501 3439
2 1296 2732
3 1037 3659 15
2 915 4501
2 3676 1756
2 4044 778
4 3211 1295 2033 2253
2 2028 4675
3 69 1728 447
3 2913 4654 2941
3 3431 4498 3800
2 1808 253
3 2387 2815 639
3 2381 4999 658
2 1729 1204
2 1613 4804
2 1861 3576
3 2527 2291 4850
3 200 211 2290
2 4418 1013
2 1531 586
2 251 4789
2 2747 2662
2 1912 2741
3 2216 4538 3773
3 665 4451 2516
2 4113 2654
2 835 4458
2 3499 3157
3 2688 596 1583
2 2678 4312
2 420 1046
2 4156 2188
2 4598 3132
2 3643 693
2 2343 1328
4 1062 2866 4292 247
2 236 3536
2 3834 1561
4 3468 4205 18 4398
2 2744 4495
4 2353 354 2671 4304
2 4317 4575
3 3007 4326 4048
5 2477 1596 3350 3148 4065
4 530 989 2057 759
3 2660 2674 1238
2 4470 3253
2 654 3720
2 377 4820
5 995 2161 4088 1647 511
4 1800 4441 3052 2868
5 948 353 429 2250 3550
4 358 4300 4695 3408
2 4222 2356
2 566 2442
3 695 942 1635
2 3053 2569
5 2006 4254 648 1493 3663
2 2212 347
2 4690 149
3 3534 1330 363
2 2009 821
2 2759 3147
4 2825 1088 3057 3580
3 4285 2489 1169
2 4319 518
3 1905 1192 1922
3 2867 1051 1125
2 4782 625
3 2308 3230 3052
5 3786 3584 4982 933 4537
4 4306 4875 3301 461
3 1057 2107 3621
2 1730 1994
3 992 1676 2484
2 2683 3870
2 2549 4319
7 309 4007 2361 2506 3597 4397 1428
3 4817 2966 4725
4 1181 3067 846 2314
3 1567 1917 4050
2 4719 894
3 751 2093 2327
2 4946 881
2 4774 1401
2 3962 2948
2 2910 3952
2 4950 2351
4 1663 1798 1661 3696
2 1176 1875
3 4856 3300 2791
2 1572 4268
2 3409 3589
5 2232 3117 3068 427 1099
2 55 2933
3 3529 3674 3802
2 4649 1053
2 3158 586
3 4691 3507 2723
3 3129 1928 1913
3 1131 4744 2634
3 1050 4057 2227
3 121 1563 246
3 3093 4352 1808
2 371 2457
3 1001 372 797
5 2469 4197 159 1883 4462
2 1660 2286
3 3954 1985 215
4 4605 614 3777 4196
2 2731 4501
4 2859 1303 3505 4752
2 1579 251
4 2497 1759 2285 1511
2 1708 3550
3 649 797 23
3 2875 1423 401
3 4717 1634 2681
2 4634 4587
2 892 1937
3 99 2050 2241
3 3899 296 1303
3 1838 4842 1038
2 1917 607
3 3347 3715 2254
3 4855 3780 1825
3 2493 2526 4202
2 3014 1080
4 4576 2667 3375 2073
2 991 4187
2 3310 4908
4 4566 1849 911 4413
2 2827 1731
2 4428 361
3 3786 1106 3886
2 2702 3673
4 4877 2726 3116 1802
2 90 2170
3 3225 3591 2764
2 4037 1790
3 943 311 3727
2 3761 3315
3 3851 94 3291
3 671 1192 4711
3 2913 2008 2633
3 3365 1801 3317
4 323 3938 287 2481
2 4419 2109
2 109 4792
3 150 3695 1866
2 212 814
2 630 3340
2 2244 4874
3 2046 62 3525
3 3433 272 2213
3 3627 1935 3867
3 317 4260 1401
2 22 2043
3 2019 721 2794
2 3292 4508
4 4662 448 897 2049
2 1930 4482
3 4134 2847 1487
4 790 1580 3326 1737
2 3297 3305
2 4592 1931
2 609 2115
2 449 333
5 921 305 908 2328 3943
2 118 4302
3 334 3478 3722
2 4771 1495
2 2909 2097
3 3032 2993 2575
2 2509 973
2 4086 2907
2 4714 1545
2 4930 69
2 467 3030
2 819 2665
2 513 1997
4 1915 4632 984 1067
3 1748 3705 837
4 3227 4707 1926 2378
3 3767 3404 3556
2 2830 3705
2 1261 3990
2 2029 2233
3 778 4530 408
2 1082 1097
2 3730 2078
2 3420 2128
2 4582 567
3 911 4357 1865
2 3563 4905
2 2380 714
2 3186 4869
2 3223 1964
2 4201 425
2 919 2540
2 3540 767
3 1374 4405 164
2 407 529
3 2317 141 3568
2 1691 1690
2 1721 2149
2 4311 1157
3 176 2420 1103
4 2255 4136 4338 2086
3 3306 2745 314
2 756 2348
3 1201 1804 3051
6 3018 1320 2185 997 4942 1316
2 630 144
2 2963 1055
5 477 2338 2490 678 1563
2 2979 2489
2 4542 2062
3 4000 4772 2785
4 2400 4910 1869 2086
3 4177 1060 1196
2 3268 446
3 1350 1368 4231
5 4497 2387 3624 2023 3688
2 3167 4895
2 1411 369
3 3197 1053 4588
2 4866 3996
2 4722 509
2 1548 627
2 4154 374
2 4607 4234
2 3624 2351
2 1383 433
4 1082 926 4008 245
4 3579 3758 2448 3060
2 2959 4833
2 4770 4406
2 1597 3816
2 3631 890
2 4918 650
4 2848 987 3259 1906
2 1034 2298
4 3530 3995 2005 1504
3 1856 4142 2102
3 2239 4968 3075
4 3040 4631 2943 599
4 3565 3071 342 1085
3 3278 4055 884
2 745 154
2 2993 4169
3 2556 889 1216
2 2400 392
4 4737 2290 1016 4678
3 3490 4625 2983
2 484 3999
2 4568 906
5 119 4248 1308 652 4478
2 2540 3763
3 1576 2112 3093
2 326 4460
4 3760 3261 3395 1747
2 3008 3974
3 2765 2893 4259
2 3043 4325
2 1146 4363
2 2473 2532
2 2172 889
2 3998 3070
2 1275 941
2 255 4273
2 1218 3191
3 3563 1441 3911
4 4928 825 3111 4433
2 3924 3579
3 680 3264 2350
2 4824 4817
3 4028 3572 1210
2 4939 2206
2 2260 3836
2 257 3962
3 1745 3219 1147
2 4785 2525
3 1087 468 1452
3 1691 198 3888
2 434 3563
4 4900 2708 448 1885
2 637 3490
4 1613 4552 4907 4924
2 4613 209
3 1094 4816 4743
2 3304 1875
2 2903 331
3 920 2681 311
2 226 304
5 2822 2330 4963 124 321
2 2633 722
4 586 3500 2637 3663
3 4543 2578 1165
3 1681 3800 4716
2 2133 4644
5 3581 2447 4082 4857 4533
2 4208 3322
8 3863 4151 1618 4655 4358 1480 2722 2647
2 498 2572
2 1489 513
2 1334 4329
6 450 2642 1203 568 1338 4912
3 3871 302 3200
2 2034 1735
3 3498 1635 4068
3 1891 2755 4290
2 738 894
2 994 4218
4 1660 523 1344 3402
2 4356 1743
2 264 4666
2 419 400
2 3190 1451
2 3102 3826
3 1166 3734 3236
3 1056 2925 4414
5 1384 4182 1698 876 620
2 1508 2714
2 127 485
3 134 3852 3079
2 4857 1099
2 1251 1583
3 1520 703 4533
3 3248 3137 4261
2 3296 788
2 4798 2815
3 2621 4667 1950
2 3652 3041
4 4970 3403 3911 2068
3 3524 1632 755
4 3541 2620 4058 3877
2 3712 4895
2 3611 2864
2 1665 4239
2 1095 4398
5 1978 226 2153 4773 1112
5 940 2856 2198 4076 4464
4 2701 3917 3454 1190
4 2795 815 4017 4010
2 1582 1460
2 2610 1987
4 3658 2176 1348 2606
4 4240 4012 1900 1252
2 3536 1934
4 2866 2860 843 2103
2 4306 1287
2 4552 4794
3 4181 1620 4042
2 4582 3449
2 1336 1089
3 160 4530 3033
2 146 4559
2 4397 1622
3 2418 4739 2570
2 2374 615
2 4761 4576
2 688 657
2 2571 1104
3 4450 1748 4805
2 671 1505
3 1242 4982 4876
2 1361 917
3 4935 4046 2581
2 1224 424
4 968 3078 827 1122
3 3613 3535 1471
3 3703 1362 4652
2 3519 2577
3 3472 2180 3523
4 2779 1562 1790 2198
2 2016 3395
2 3623 4450
2 1527 3030
8 2670 2895 540 507 2984 1375 2869 4560
5 4239 228 4721 3748 2299
4 146 4713 2997 2862
2 4539 3046
3 3847 4237 4320
2 2837 1265
2 1076 1540
4 2319 1027 3685 4420
2 4415 1463
2 4678 2295
4 3794 330 198 2861
2 4082 4598
3 2453 840 740
2 1158 1381
3 4004 1892 2402
3 2724 3406 742
3 4056 1166 2073
4 2653 4092 4194 3918
2 2314 1913
2 1843 4037
3 4508 4577 3164
2 3713 2319
2 4378 3631
3 1541 508 1084
2 3619 4567
2 2303 2871
2 975 4608
2 3572 352
2 2567 2391
2 3354 1338
5 4318 4765 2349 1331 3151
2 4245 4551
2 2792 3708
3 3277 1676 1949
2 2913 3820
2 2302 4567
4 2776 1821 158 2097
2 90 3179
2 390 2157
3 1996 1451 461
2 356 675
2 3411 4233
2 3716 1930
3 3895 299 1496
2 4369 1405
2 2148 2257
2 4266 4051
2 1986 3852
3 4191 2617 644
3 2409 4672 3214
2 1383 1281
2 3328 1365
2 2838 1346
2 2980 3435
2 413 2718
4 3584 3750 2560 3144
3 4439 3615 3883
2 984 1027
4 63 4274 487 3351
3 3518 3952 4026
3 63 1277 64
3 3831 1765 2597
4 4369 3664 4389 3387
3 1233 1104 443
4 270 4663 2072 3104
3 4814 393 2707
2 4424 1109
2 2211 2270
2 3461 2190
2 2577 2860
2 2372 4847
4 4367 3808 2668 4484
2 4355 1388
3 2410 1378 96
3 4983 144 3323
2 3451 2203
2 4605 4423
2 1237 3451
4 3568 1930 2384 3080
3 429 2274 3936
2 35 3908
3 816 949 2804
3 3333 1960 3975
3 4188 1661 194
2 616 3764
2 1540 4153
2 4621 1509
3 3952 3938 1787
3 2296 1061 977
2 1514 801
2 4268 3534
3 2313 190 4098
4 2483 3467 4619 143
4 397 1641 1334 137
3 1759 2295 1923
2 4390 154
2 4275 1465
2 3779 4460
3 3669 1863 3840
2 4819 4686
6 4126 629 13 3758 3320 4234
2 964 4512
2 2585 1189
2 1080 1289
2 4558 3795
2 1855 1716
3 2336 4953 4294
2 1564 1454
2 1451 853
2 1515 1666
3 3209 3695 1631
3 1283 2412 1895
8 1481 3282 1910 2537 4531 4712 426 4304
2 3924 4907
2 3246 4601
3 2802 3827 1939
3 1886 146 4455
2 2806 688
2 1177 716
2 3111 1198
2 632 1581
3 4253 3593 4872
2 967 4262
3 4888 2689 1675
2 4040 4693
2 3300 258
2 2649 1245
2 340 3055
2 1278 2991
2 3622 1415
4 3625 3274 3821 1620
2 1988 4483
3 2492 1390 319
4 1641 3176 980 3787
3 1975 4325 1650
2 3 3962
2 3414 4467
3 1877 713 1240
2 2364 4118
3 4204 3346 2685
2 3 3933
3 4487 2432 3729
5 2618 1080 641 4690 1879
3 1531 3231 2087
2 3748 4556
2 4281 3806
2 1483 3980
3 3225 4182 1070
3 2099 473 624
2 907 2768
3 3019 2852 1756
2 1658 2734
3 4902 1546 3309
6 126 4148 1337 3417 2770 4973
2 196 4268
2 4246 3415
2 3233 4827
2 1266 1367
2 1395 1951
2 3058 2154
5 3366 4871 1789 2907 174
2 1760 3310
3 2285 2605 763
2 4490 228
3 4016 3973 698
2 2892 4389
5 4565 317 370 3075 2898
5 998 4495 4448 2007 482
2 4752 1335
4 2569 4571 3245 3915
2 1487 3404
3 710 3084 256
2 2337 4892
3 1705 4631 2108
3 3441 2406 689
3 588 4373 1874
2 1542 2258
2 2459 2269
2 527 2218
2 2215 1648
3 4783 1625 1945
4 710 3664 4967 1709
4 1952 80 2260 1176
5 1797 18 3596 3608 3717
2 2658 1811
2 4129 2705
2 935 1224
3 4341 1427 1252
4 2 2070 151 3574
2 3285 367
3 4498 1077 854
4 54 3464 4821 1977
3 2251 3933 4200
2 1928 3100
3 364 1859 2436
3 3355 2515 1440
2 3267 850
2 586 2113
2 4112 2870
4 2803 383 4845 0
2 1531 263
2 1062 309
3 3070 1651 1484
3 1349 2616 4801
3 4888 3860 3303
3 1986 4165 4624
2 2385 2228
4 545 3881 2624 2722
2 4267 2663
3 4464 2655 3827
6 535 1561 1321 225 1223 3514
4 4512 690 2612 646
3 194 1855 1630
2 2309 2624
3 2341 967 846
2 637 2324
3 903 2653 193
5 1512 4408 1550 4733 2851
3 2992 3081 2678
2 3566 190
2 1939 4574
2 844 882
4 2155 2390 4552 1153
3 3280 693 4012
4 701 1701 1383 1199
4 587 3167 4444 1699
2 1847 869
3 2223 1976 4137
2 1074 1387
2 1305 967
3 606 3285 3204
3 3966 3088 227
3 2144 578 401
2 1193 762
2 3818 830
2 188 4177
5 1071 1349 337 2156 1311
4 1974 1185 1887 238
2 1001 4798
2 2818 411
3 2537 221 1119
3 1082 2970 1973
3 4878 2653 3578
3 804 3887 3592
2 3181 786
2 2105 2819
2 4341 3914
2 945 1318
5 1930 291 1435 583 278
2 4609 1928
2 2566 4367
3 127 2047 1785
2 362 4581
2 4223 3214
3 2004 2813 2449
2 505 1513
2 2446 1755
5 4152 4108 2979 2360 1972
2 281 4019
2 1390 215
4 3690 2418 2282 2687
2 579 4897
3 3113 1135 764
2 4823 4834
2 949 1865
4 4220 4111 3350 2949
2 4989 4603
3 984 1925 498
2 317 4853
3 752 3775 1677
3 685 3540 254
2 3866 1903
2 2595 4420
2 4292 1867
2 536 3128
4 3012 669 3945 2230
2 3236 690
2 1365 952
3 1204 270 1907
3 1438 4655 3391
2 3532 2368
4 1853 717 3855 2048
2 770 4382
3 2158 1672 3353
3 4053 4872 4890
2 4324 775
3 153 6 1296
3 119 1751 4277
3 2282 1495 3588
2 2144 1236
2 2520 4632
4 28 1255 111 3320
2 3337 1595
3 4785 315 2065
3 4398 3308 282
4 4021 1456 2359 4697
2 2918 1257
2 2133 4307
2 404 3284
2 210 245
2 4069 3291
5 1904 1437 4118 2079 525
2 3622 1432
3 4602 1076 1431
2 2163 4276
4 3279 1019 2248 1938
2 2510 625
3 2251 4540 4730
4 4142 3010 1779 4245
2 1029 3488
3 2488 525 3661
4 1200 1078 378 4637
5 567 3295 2237 1867 1426
2 949 2352
3 3674 1972 1842
2 1218 3672
2 4648 4770
2 1985 2894
2 727 2199
2 2003 4180
2 348 54
2 1675 3044
2 700 1234
2 4415 2190
2 4855 3695
2 4492 110
4 2910 348 2490 1832
6 4285 3084 438 836 2706 1692
3 3222 3442 3585
2 4862 4650
2 2528 3565
2 2653 2201
2 32 1813
3 4101 1749 1052
2 3211 1322
2 210 4969
2 3352 207
2 3953 2104
3 2781 4076 346
5 1704 3202 2871 4810 3949
3 3679 2447 2524
2 1953 3394
2 1490 1560
3 1412 4064 3697
3 2655 567 3483
3 3515 3862 3620
3 3376 3710 646
2 780 4957
3 4931 93 2165
3 3360 3508 588
2 336 1925
2 754 4310
2 4647 3193
2 4439 660
2 2316 1261
3 1374 6 2536
2 3325 2193
3 3422 2961 1408
2 3930 653
2 2928 1584
3 1866 1 2058
2 2401 4256
2 1505 2211
2 4890 1069
3 4656 673 4317
3 2486 4563 3579
2 2803 3043
2 1176 3987
2 3386 1545
2 3931 4101
3 3280 255 1507
2 6 1773
4 1407 4082 1617 3029
2 3118 3076
3 1459 18 3267
3 4045 1597 3657
2 3025 168
5 1105 4651 2652 4185 2452
3 1442 3297 4537
3 2447 3117 3632
3 4718 2630 3233
2 4162 3825
2 708 3109
3 2219 3878 750
2 4817 465
2 345 4150
2 1288 1976
4 4820 2014 2520 4255
3 407 1122 2607
2 3637 1632
2 2538 3019
3 283 2974 2204
2 998 1034
2 2017 2656
2 3326 3407
2 84 3299
2 3933 1356
2 2185 1202
2 2485 3774
3 2343 2324 618
2 4528 2330
2 1441 1596
4 3628 4954 1885 2780
2 3610 490
2 456 2337
2 2812 1228
2 4683 4300
2 2509 1747
3 732 3181 3286
3 3637 1464 4620
4 122 2207 1278 1807
2 4722 4
4 2063 1430 117 4027
3 1049 1571 3976
4 3729 899 2353 366
2 4879 2367
4 3498 1959 4807 1553
3 523 2542 2855
2 2521 3611
2 155 4502
3 1714 1689 1138
2 1475 1987
2 2819 2519
3 3145 4558 3026
2 3974 4485
2 1784 2644
3 2599 768 101
2 3705 2731
4 513 889 1396 2871
3 4179 3299 1376
3 3533 2091 142
3 1336 2824 2980
2 973 4962
2 3466 2226
3 544 3246 1425
2 4094 2884
3 1919 2244 869
2 2145 4054
3 4055 4431 1774
2 1232 4451
3 1458 2533 2377
2 152 1163
4 102 458 4908 1845
2 3310 1710
3 601 121 1780
3 1213 1434 589
8 3695 392 712 4178 4250 1379 1758 4029
2 2846 1057
2 4672 780
3 362 250 2593
3 4321 1615 950
2 3524 2717
3 179 3453 4514
4 4806 3193 3577 1536
2 1469 4060
2 3737 765
2 4143 3035
6 24 3494 1574 1984 1733 4499
3 2547 4939 2772
2 4376 308
3 2915 3136 3457
4 1030 4416 928 3134
4 469 4680 4849 4212
2 2410 3339
4 3032 4130 2367 4460
2 2110 3026
2 3598 3767
2 345 3948
2 3906 1845
3 52 1625 3274
2 3679 4208
3 4293 785 3970
3 4112 1016 1773
2 4631 118
2 4028 3967
2 2927 4935
2 2373 3732
3 1217 2150 3521
2 3483 4766
3 4470 4041 2306
2 4314 3399
2 2208 3114
2 84 3325
6 4139 3871 1406 1601 3113 3200
4 570 3376 161 2603
2 237 4152
2 4164 4867
2 4965 538
2 1056 4934
2 479 3213
2 4675 4301
2 2708 1646
2 3076 3442
2 1455 191
3 4773 4782 2336
2 274 2317
2 4119 440
2 4195 3968
2 3444 2683
2 1416 4665
3 1829 4715 128
2 4838 1083
2 1505 1168
2 3604 541
4 4060 2100 2301 4325
2 2371 4941
4 305 4567 3769 1056
2 4670 2258
2 157 891
2 3225 4565
2 597 2190
2 4262 2673
3 1133 3386 2147
2 4692 4229
2 2498 2878
2 3276 175
2 1626 2057
4 3702 1505 4175 511
2 4823 4379
3 44 4474 4555
2 2192 1235
3 4825 4871 2103
2 996 3548
4 1090 604 2786 1762
3 3242 3548 3710
2 1782 1272
3 1589 1978 2690
2 1020 491
3 3061 2153 2897
2 3795 4739
3 542 1754 3882
2 928 21
2 626 1492
3 3352 2470 4059
2 4540 418
2 1493 4335
2 3583 195
4 3686 2592 4529 1880
2 1952 2545
2 3324 208
5 451 1751 3106 4000 3005
2 3987 109
2 1091 4909
2 4140 2029
2 252 2500
2 2169 3283
2 3605 1794
2 3136 2582
3 1023 4800 1340
2 2992 1451
2 3680 869
2 3932 2883
2 4313 3811
2 3211 1674
2 3296 314
2 30 1967
2 2763 868
2 4302 4219
3 3206 2279 2987
2 2137 406
2 3142 3258
5 4601 2702 3661 3940 2906
4 1665 1875 777 3926
2 813 3865
2 1110 1568
2 70 4805
3 2555 664 954
4 2019 1575 3884 4987
4 1644 2068 3348 249
2 1389 2981
5 2471 1677 3496 3480 621
3 3778 929 4515
5 3162 2800 2412 469 3744
2 4618 1021
2 2457 3399
3 3423 504 3629
2 4483 819
3 1220 533 2343
2 2796 1196
2 3997 505
3 3033 2809 4131
6 3607 3765 439 302 4775 747
2 428 2147
2 2929 2594
2 177 1435
2 4000 4070
5 848 4786 3845 451 64
2 1503 4252
3 3627 3449 1369
3 821 3177 3680
2 4808 4651
2 1512 1492
3 2822 628 3757
4 2767 1367 3087 4033
2 2231 88
3 4758 2603 3493
3 4366 3842 4784
3 1312 4724 4864
2 3879 3440
2 1670 1082
4 4273 4025 1285 2320
2 540 4139
2 3616 1145
2 4871 4353
2 1006 738
2 4505 3213
2 2515 804
4 1158 1094 3846 4371
2 2535 3744
2 1826 4481
2 3540 4837
2 2549 1120
2 1846 3968
2 1460 4075
3 4529 3027 2849
2 2049 2495
2 4612 979
2 2091 354
2 1873 4275
5 4265 3671 549 3539 4393
2 3637 339
2 2783 3122
3 412 3488 4414
3 3168 469 1061
2 2686 4835
5 1971 2261 1011 2522 4914
2 2958 2152
2 3023 2876
3 558 4130 2089
3 2765 1754 1700
2 3198 2251
4 1506 3947 2951 1091
5 4285 1830 2883 2842 329
2 4425 3061
3 4390 3962 1242
2 1543 3853
2 252 4897
3 1738 4732 3448
6 2158 2416 2953 3598 3359 3313
3 4462 4748 2433
2 931 729
2 3380 3860
3 3917 2965 4521
3 3207 2604 2186
4 2438 1957 149 3031
3 4768 744 1947
5 3082 3792 2183 3048 162
3 3967 2364 2778
2 4803 2345
3 1248 4903 4451
2 3842 2857
4 2565 4039 218 668
2 2438 3477
3 1137 2483 1030
2 3919 822
2 1938 2947
2 2805 66
3 2404 3096 2814
2 2041 3468
2 1542 1160
2 3291 769
3 1817 1231 1592
4 2009 4192 2415 4251
2 1370 1742
2 556 2419
2 4932 1957
2 4631 3631
2 2944 2753
2 4436 1372
2 4879 2576
2 3979 2727
2 1809 3192
2 3009 3135
3 3047 2437 3526
4 3703 1750 1326 4876
2 2704 4056
3 318 941 1601
2 876 4788
2 2039 4990
2 1801 3416
3 1319 1326 2735
3 3591 908 820
3 4494 2205 3864
3 1276 4436 564
4 2229 3567 2945 1083
3 3420 2000 72
3 488 1456 3116
2 2425 1943
2 1916 4866
3 541 4903 4460
2 2046 2063
3 3398 4375 1200
2 4343 1752
2 4243 2792
2 2398 3810
2 178 3221
3 4519 4587 4778
2 2317 2918
2 3873 2711
3 3186 4135 2989
2 1033 2936
4 4358 4289 2682 2069
2 1107 2848
3 35 3586 3926
2 4540 4543
3 4719 1634 4199
3 347 3291 321
4 3002 1197 3650 3923
4 2114 4264 3363 4379
2 753 993
2 3361 1032
2 432 4507
3 1605 4078 2419
2 2813 745
2 1457 174
2 142 1703
2 1872 667
2 1146 2198
2 1040 4447
4 976 1682 3494 2204
2 3879 4481
2 2057 3401
2 2215 2402
2 3137 2999
2 4905 4480
2 4750 4284
2 303 4095
3 3770 1623 3294
2 81 1499
2 1132 690
2 50 2271
2 654 586
2 3711 2222
3 3021 3547 3165
2 2715 1036
3 4481 3889 1473
2 3466 1691
2 2189 847
2 2932 1050
2 3731 28
2 3860 1417
2 2994 4250
4 579 2535 2650 4456
2 602 4589
2 1948 6
2 1279 3344
4 3227 3133 1717 2066
2 958 1126
3 259 1768 3374
2 1661 2588
2 2608 4125
5 3727 3517 2458 1018 2823
2 1203 805
2 2668 323
2 3047 4431
2 3531 2326
4 4894 4684 661 2366
2 405 982
3 3778 3634 2694
3 1717 1283 4271
3 4858 4385 1725
2 2264 2789
5 4170 875 2808 4991 1249
3 82 3332 1139
2 4938 2806
4 521 58 743 1679
2 686 4210
4 1239 3338 1725 2465
2 116 4160
2 3010 4551
6 3228 1781 4237 4642 4471 280
2 645 3843
2 4125 1226
2 4761 880
2 1791 3558
3 209 1773 4430
3 3742 353 3990
2 1299 437
3 841 266 2283
3 4108 1961 4063
3 783 909 2428
3 1253 1538 1793
3 4648 3762 2706
2 4649 4815
2 4091 4423
3 3839 4213 325
3 89 791 2273
3 1946 4036 3251
3 2827 1115 3897
4 4368 1897 3145 2981
3 4950 1118 1905
6 1225 4301 4768 4747 3151 4951
2 55 1175
2 929 4848
3 226 4828 559
2 3290 4959
2 3241 2628
2 1044 1992
3 2728 1559 2730
2 4528 4062
2 4970 3105
2 351 2617
2 777 2107
2 4692 1408
2 3113 120
2 531 4947
2 662 4617
3 3653 4442 3630
5 4146 3858 1762 2721 1496
2 981 2034
3 1970 4979 1427
4 3740 992 557 2844
3 494 409 1227
4 3086 44 266 3389
4 2745 4753 34 4803
4 2312 1430 3576 3311
2 32 51
2 433 1672
2 4748 948
2 4046 2648
2 334 1521
2 1470 2160
2 4526 2142
3 4878 1488 2125
3 3305 4789 4570
2 2444 4723
2 3804 4727
2 1742 3223
3 1107 1394 4314
4 1280 718 4788 600
4 1838 2997 4808 3131
2 1142 68
2 139 3764
3 507 4727 1702
2 4838 145
4 2962 1008 3275 4459
2 902 4146
4 4699 2528 2561 231
2 236 4102
2 875 1363
3 4933 3248 759
2 3110 3372
2 412 2109
3 2072 3223 1942
2 4717 110
4 3069 1853 2584 276
4 1382 4530 1887 2301
4 2571 1554 1069 3970
3 2273 4768 389
4 1281 3847 3689 463
3 4072 1831 4892
2 2094 10
2 2385 4653
4 2106 1139 305 4356
2 3615 2372
3 3002 4365 3741
2 1937 803
2 4885 167
2 2139 455
3 4578 412 97
2 4985 4935
2 4684 2863
2 2998 4583
2 289 997
2 3404 4708
2 4934 2712
5 604 2647 707 486 563
3 768 4525 736
2 3130 1651
2 655 4075
2 2648 2116
2 3104 2609
2 1898 2427
2 1726 3326
2 1444 1671
2 1519 1693
2 2369 974
5 1560 81 1622 989 2517
2 640 3408
3 1639 2933 3923
3 3614 3965 3083
5 2334 1398 1010 240 2743
2 2645 3836
4 41 2623 4265 2310
2 1824 1909
3 245 26 1638
2 3272 1226
5 3263 380 4014 2474 2923
2 2610 1523
3 4818 4139 77
2 4900 3633
2 4745 1884
3 2262 4148 3571
2 1831 2223
4 3386 4416 3939 4561
3 3177 3709 3175
2 949 2085
2 2388 2325
2 536 4509
2 3698 2099
4 388 4585 964 1066
4 4363 1313 4840 3681
3 1042 994 2168
3 3907 2458 216
2 3682 2070
3 1470 4260 3427
2 4127 4819
2 1558 3867
3 137 4566 1786
3 2055 4024 1369
4 2468 3851 2546 2559
2 4128 1344
5 4622 2521 4250 4756 2983
2 2872 694
2 3337 1624
4 2477 2731 1175 1231
2 4003 4173
2 4491 22
2 3545 1296
2 2680 2551
3 4811 2045 709
2 2841 577
2 4466 2002
3 1332 3468 2289
2 1833 3106
2 1415 2895
3 3018 2509 2548
2 4626 2337
2 4814 2575
2 1391 1341
3 1581 4634 3189
4 2344 4846 2708 3706
2 662 2981
2 4097 3356
2 2181 4036
2 2941 1930
3 924 4188 2366
2 105 1966
5 414 1191 4099 2412 3334
2 3761 2896
4 4936 4760 2774 599
3 495 798 4471
2 73 3969
3 4653 2836 107
2 2351 4974
3 1510 3291 3119
2 1332 1951
2 61 3868
4 868 1946 421 83
2 1181 72
2 1359 3904
3 4124 3156 517
3 1513 3199 4542
2 338 467
5 3234 4890 530 1812 4847
2 4662 2836
2 2187 4982
2 3056 4205
3 3071 4786 2612
2 3973 1398
2 2645 1753
2 3533 940
3 2709 3507 1944
2 3255 1685
4 404 4104 4484 1420
2 201 4755
4 3739 4592 4994 2677
3 972 2998 1421
4 2346 2252 195 9
2 2955 2782
3 1981 2651 4102
2 2497 2506
2 3964 2783
2 4313 4790
2 3241 2429
3 2001 3055 349
3 4542 3228 1630
2 3460 4985
6 4855 3319 3942 2675 2513 1012
2 2214 3032
2 3543 1769
3 3411 1077 1060
2 823 930
3 241 1963 4737
5 3062 3273 1069 3042 4003
2 2023 3663
3 4294 724 854
3 1419 2153 1860
4 4054 4567 3803 1160
2 1641 795
2 2307 4099
2 4384 4709
4 4168 3925 4983 113
4 1126 4169 360 4498
2 4510 1964
2 33 4071
4 4675 307 118 1528
2 3360 4346
2 809 1343
5 4107 4861 3844 2607 482
3 807 3460 2077
2 132 3685
3 4270 19 962
2 2180 2208
2 497 3028
2 361 2621
2 2275 4067
4 170 541 3854 1977
3 3214 2963 4225
2 3792 3772
3 2571 2331 3638
2 2834 2715
2 1572 3838
2 2172 903
2 2220 1524
3 235 550 4858
2 4853 2751
4 1727 1761 808 4339
2 3272 1499
4 3908 697 4870 2968
4 1522 4346 4707 2409
3 2369 2967 4633
2 4860 3682
2 2277 4467
2 1764 146
3 344 3962 3700
3 4287 2993 3123
4 446 3242 4948 3203
2 8 3554
3 3991 3557 3675
2 906 4697
3 637 4884 2151
3 4596 2660 3654
5 1636 1202 3190 1160 1881
3 4067 3694 4441
2 3768 2497
3 3502 4106 923
5 4520 2913 1820 4690 3725
3 715 1910 12
3 1767 327 1806
2 1308 4612
4 3799 4403 3687 4589
4 3099 2423 2763 2977
4 2362 516 1328 1511
2 4556 2996
2 428 3552
3 47 3725 1829
2 3678 3817
3 4336 1998 1143
3 3170 269 2010
5 3973 3327 2646 1753 1547
3 879 192 1854
7 2456 569 4203 2459 672 4803 3080
2 3584 474
2 4753 3954
2 4751 2685
3 3548 1141 2031
4 3177 2999 2030 4661
3 1194 3385 416
2 3760 2611
3 882 2050 2674
2 892 3880
2 2398 1422
2 2695 2170
2 2836 193
3 4882 4384 1776
2 4909 902
3 1220 3799 2321
2 1632 4023
2 2181 2444
4 91 1649 3959 71
2 4340 1267
2 3699 3690
3 839 4719 893
3 3404 2414 1956
4 1843 1861 288 1981
2 3067 2794
2 1086 2464
3 3392 1535 2123
2 3129 105
2 355 4266
3 2594 1819 14
3 1482 67 1703
4 1736 1506 2175 431
2 1295 3108
2 1846 670
2 3619 125
2 3464 2191
2 3508 1805
2 417 3429
2 169 1146
2 3261 3225
3 706 1907 459
3 1638 1603 737
2 3849 1279
3 2654 2797 4702
2 1176 4621
5 2708 4874 1574 350 4412
3 4129 274 4217
2 4646 861
2 1498 422
2 683 2260
2 729 4081
2 4673 509
2 794 3245
2 2509 2753
2 4263 1810
3 3712 2535 4904
3 2003 3592 2415
7 2080 669 4984 1152 3435 367 4633
3 4606 2064 2532
3 4902 2737 3485
2 3234 4751
2 1436 558
5 2458 4336 54 1871 3119
2 4546 3688
2 3159 12
2 3380 4303
2 3895 2222
4 3902 44 753 3662
2 2297 2164
3 2184 4614 3051
4 1594 1590 2922 4488
2 1234 2080
3 4446 2383 1424
4 109 3411 1032 3224
3 4726 368 2750
3 945 612 2399
2 1052 3868
2 1997 824
2 4229 4938
3 3813 905 3951
2 727 1021
3 2344 2408 1980
2 1350 2786
2 165 1721
2 1116 2099
3 4170 510 1040
3 3891 859 487
2 3662 3299
2 1063 4457
3 2663 1768 135
4 381 1234 3182 2757
2 1530 4655
3 4949 4147 4531
2 1839 3921
4 3720 3694 4252 548
3 2573 2283 1767
3 4337 291 613
2 4510 2369
2 4938 3641
3 3479 1208 4158
2 758 4260
2 108 2798
2 1905 2007
2 2724 1748
2 2239 2164
3 1033 4673 3347
3 4912 1257 3205
2 1021 143
2 1760 3784
2 1850 147
3 1557 1560 1373
2 1871 2512
2 616 3700
2 2887 4774
2 4839 4660
3 1575 1017 2687
2 2783 877
2 1015 219
4 1087 69 3904 1696
2 586 59
3 4208 1673 3034
3 365 4080 2593
2 2768 2862
3 330 1304 4821
2 2194 579
2 3848 993
3 1146 4634 2714
2 1229 1491
2 1376 2087
2 2311 1485
2 66 465
4 3535 1485 2553 4145
2 4028 432
2 1260 3665
2 3438 1536
2 2751 1972
4 1035 3983 2238 4827
4 3303 3249 4018 261
3 1508 1028 3424
2 3887 3652
2 722 3239
2 3260 1664
2 3502 2657
2 3830 4371
4 1967 3747 4922 634
2 1825 1590
4 2416 3563 539 4103
3 2599 37 2700
3 2166 4392 3288
2 4534 3660
2 2934 2169
2 1955 4345
2 2207 1921
2 3461 714
2 4719 4194
4 2857 3393 222 3294
2 796 1565
2 2998 2207
2 2577 3941
2 1660 3335
3 4333 1253 3216
2 425 2924
3 3560 2429 4616
4 3600 2169 3781 2242
2 1117 1295
2 4854 2349
3 2582 3136 4822
2 993 4189
4 312 880 3351 1657
2 4968 1710
2 4562 1864
2 2123 3930
4 4267 2610 1996 343
4 4832 811 3036 1453
2 3251 3373
2 3714 619
3 4557 1624 2860
2 3925 3183
4 1765 2709 2271 4374
4 4338 3220 1010 613
3 3938 4104 4278
3 2408 643 4136
3 152 3844 2896
2 564 2558
2 3388 4638
2 108 933
2 3791 462
3 1451 1968 4089
2 780 181
2 1351 4387
4 3771 700 4703 2696
3 4440 4105 2039
2 2017 3441
2 3956 442
2 2395 2244
3 4867 1722 3998
2 4187 1693
3 4239 3772 346
3 1763 4419 711
2 3603 3823
2 4421 4323
3 3121 4261 4429
4 1105 1755 493 3556
3 3672 2733 1341
2 2024 94
3 2105 1844 1548
2 2608 2546
3 929 4523 1237
2 4404 1313
3 4865 1491 2899
2 2822 546
2 1319 1330
2 3295 2617
2 2670 4144
5 3307 605 1406 4123 1048
2 570 2050
2 3798 323
2 2199 1272
3 3532 3360 1043
3 845 2766 2548
3 3645 3882 4005
2 3356 3215
2 2061 684
2 4591 173
3 2178 4964 2157
5 939 3011 520 3876 1310
2 3022 1836
3 3204 2195 783
5 3049 4415 2845 2793 1699
3 2248 4880 4413
3 136 984 1744
2 3996 2732
2 2013 861
3 2420 2740 3885
2 822 3547
2 3214 163
6 3863 4074 1149 955 1974 1425
2 3631 1881
2 2442 4253
2 4115 1815
2 400 2928
2 192 1932
2 3284 4545
3 3120 857 2238
2 4834 2992
2 4406 4279
3 3784 1627 298
4 812 2712 2360 2740
4 333 1997 1893 2990
2 3707 2382
2 2152 1082
2 3898 1949
2 440 1653
5 186 4762 766 1557 2014
2 1478 3723
2 445 3965
3 399 4220 419
5 2788 2554 3287 2359 3678
2 4880 4233
2 4932 3625
3 3533 2052 3960
4 2884 1645 1795 1141
4 356 3300 447 3127
4 1483 809 3265 3150
4 1500 3595 983 4583
2 3124 3500
2 4731 537
4 300 643 4 4981
4 4951 3703 3612 2817
3 2090 3077 2536
2 1731 2735
2 4195 3066
2 578 2232
2 1732 1429
4 462 1035 1317 3323
4 2799 4448 1676 2038
3 1502 238 375
2 1435 1420
2 1992 3841
2 4275 3991
2 2147 4193
2 1717 627
3 3194 1219 3020
3 2219 1129 2075
4 58 4714 4265 2167
4 3429 776 2460 4734
3 4896 3682 3984
4 313 1944 4619 4726
2 903 627
3 2041 930 4891
2 4591 2517
5 1356 4288 2501 3936 389
2 3232 1557
2 2542 3900
4 2529 310 1228 1684
4 1463 3193 2492 3238
2 4664 4645
2 1899 4766
3 3637 3569 1464
4 4675 2667 1297 1044
2 286 3925
2 1653 1255
3 2351 396 719
2 4592 2508
3 1090 2267 4507
2 1322 2618
2 4978 1593
2 2622 2876
3 4759 1976 1774
3 4387 3540 2163
2 4574 4275
3 1301 717 2817
2 2618 4286
2 3842 1835
3 2911 4681 4143
2 272 4477
3 913 4030 2948
2 2233 4572
3 3721 971 1628
3 4826 3562 343
2 3253 709
3 2712 720 4518
2 1782 3065
4 3837 3127 2551 4083
2 3099 1371
2 2237 4021
2 1685 692
2 4728 180
2 3246 772
2 547 4897
2 4749 1180
2 3440 3587
3 2672 1082 2413
2 4677 274
2 3304 1257
2 1706 2777
4 3132 1312 4818 800
2 2627 1633
2 805 2120
3 4811 2278 1642
5 2195 3028 2046 631 1235
3 2642 3472 288
2 1681 4204
2 845 2316
3 683 382 262
3 2354 1562 1668
2 2699 1021
3 546 2120 373
2 2937 4943
4 958 1490 3641 3090
4 3091 2522 1319 4850
3 1036 3328 2669
2 2375 636
2 2610 1715
2 3186 4146
4 2121 3157 1719 3107
3 1907 4395 4269
4 125 1247 1331 3452
2 3432 1010
2 2996 1958
2 4337 2317
2 779 436
4 3687 350 3659 4628
3 747 2584 1735
2 2953 1961
3 2021 293 3238
2 701 3648
2 3503 255
2 4811 1143
3 409 1370 3941
4 4899 4842 3266 3522
2 2991 2616
2 685 1443
3 4326 4305 3365
2 4448 1082
2 3826 1317
5 1610 402 1929 40 3755
3 3025 2575 2664
2 4028 1306
2 583 4541
2 4636 1875
3 195 4480 2449
4 324 4730 1769 4615
3 1209 2323 1607
2 4120 3892
3 179 32 4933
4 1450 85 4700 3437
2 2670 1740
2 1820 851
2 3088 456
2 1890 3379
2 241 866
4 627 3586 969 1228
2 2744 861
3 1912 3591 3643
2 552 538
2 3022 2986
3 3491 3623 420
2 1087 3851
3 3885 3617 900
3 4922 3896 2042
3 4309 842 3689
2 3652 834
2 2910 3432
3 4411 1192 1102
2 2098 1042
2 1457 2918
4 3125 4307 2851 548
3 857 1266 2299
2 1976 1101
5 1633 3944 446 1500 1316
2 4887 351
2 20 1569
4 2212 2954 467 2791
2 1236 3149
3 4089 1713 4682
2 1182 1813
3 223 4189 280
3 2124 3919 2121
2 3604 4429
2 3425 3403
4 2753 100 1395 4735
2 3559 4859
3 383 3564 4595
5 2838 4908 3751 1649 878
3 3281 3117 645
2 1483 3233
2 376 4214
2 2119 1285
4 4442 2436 584 4554
2 4919 3352
2 2482 3886
2 1389 2880
2 1395 4160
5 4575 3136 830 3542 3254
2 774 3196
2 454 518
2 2518 2961
2 4019 3109
3 4635 2074 3918
3 3836 4337 4350
6 1759 3461 2099 1286 4059 3489
3 799 1676 3797
3 2806 1321 3545
2 4683 4964
6 4919 269 1857 221 3038 1509
2 2577 4233
2 2910 3138
3 1162 4893 2738
5 724 874 2504 417 4190
2 4582 1829
3 2305 4958 84
3 1380 453 4706
4 3804 4457 1330 4328
2 1036 51
2 4138 3421
3 1378 1810 2051
2 146 3034
2 4505 1128
2 3139 4503
4 1354 4400 1640 2858
2 4417 1631
2 828 4986
3 3645 1530 4578
3 3646 4873 2524
4 901 4953 3415 3790
3 1694 468 4681
2 1543 4921
3 2060 992 3569
3 1222 606 1559
2 655 3170
2 2175 2240
2 2494 2888
2 4600 3099
2 3082 632
4 1273 1609 2972 340
2 2627 389
2 2800 2596
2 1713 981
3 4668 4671 1325
3 1510 3030 1182
2 4990 126
2 3901 2403
6 936 2736 1068 1454 483 3589
3 4122 4569 3872
2 4154 1966
2 2701 1353
2 3315 2158
3 1780 4584 3985
2 3859 2670
4 3976 1019 1879 3150
2 2026 2383
2 1365 2380
2 4556 1357
2 3358 1256
2 1026 2845
2 2472 1035
2 424 2400
2 4767 3705
3 1644 2792 4047
3 2312 303 3610
2 4936 1346
3 1994 1558 1497
4 2576 3825 3123 1895
2 533 206
2 3419 976
3 369 2132 4883
2 4258 3115
2 4665 3438
4 1793 4230 4132 496
2 123 4848
2 898 465
2 475 3751
2 758 2587
5 4614 1347 551 3210 873
2 3961 2918
3 1167 2128 2054
2 2327 223
2 1137 2906
2 1601 1305
2 3661 4980
2 2020 4627
2 4640 592
2 1274 903
4 3783 1393 3166 1716
3 2128 1059 4214
2 2496 1801
2 517 686
6 4151 1225 2132 2694 4502 3963
3 2753 1437 2505
2 628 4910
4 1898 4684 4780 1737
2 3423 2657
3 1911 231 49
4 2654 610 3902 2613
4 852 236 2622 4479
2 2182 718
3 481 4965 2217
3 3346 1007 986
2 1118 4972
4 1323 2961 4677 2684
2 1515 2808
3 1008 4782 4745
2 1873 2531
2 1439 1347
3 3565 3099 3394
2 1973 3315
3 3799 4719 3240
3 2774 594 3943
3 414 214 2331
3 3040 945 1256
2 3014 4592
2 313 2205
3 283 1533 4212
2 2537 292
5 1081 2430 3558 3805 893
2 3906 2603
3 3164 1413 2775
4 3759 1745 204 1527
2 629 3361
5 3989 3536 547 3272 4666
3 2699 3733 4399
3 1140 2861 3877
5 4547 2743 1119 2365 2807
2 1883 4061
2 2164 3655
2 3412 1629
3 1962 268 4581
4 3253 899 2544 4506
2 1058 2711
6 3984 1046 576 2749 4015 3271
3 4351 4490 2957
3 1920 2940 1043
2 4572 3885
3 2017 4635 3950
2 2137 586
2 2798 2053
2 391 2084
2 1827 1113
3 2061 1236 3378
4 2338 3285 2980 4456
3 1550 4017 953
2 3679 1443
3 3996 4322 4421
2 3354 1804
2 2585 1589
2 716 4568
6 53 2309 1850 4383 2926 39
4 781 374 3124 4617
2 3639 2759
2 4651 725
2 4698 649
3 1990 2040 1409
2 861 1181
2 4794 2044
2 2326 3059
3 3444 3143 910
4 3210 1821 2443 1078
2 3770 1852
2 2314 2765
2 4078 4873
2 2345 2625
3 1009 4112 2950
2 4669 4316
3 4710 946 4106
2 3004 934
2 133 2480
2 2303 884
2 3626 3205
2 3133 3481
2 597 749
2 4308 4580
3 3017 196 2315
3 2683 561 1248
4 2339 479 1439 2350
3 1689 2657 623
3 3103 1577 4998
3 4288 820 1715
3 3905 1254 4462
2 2938 1777
3 3157 2787 2538
3 4078 985 2316
2 4943 868
2 387 4158
2 2580 2258
2 1903 1544
3 1156 552 125
3 4977 855 4978
3 3865 1372 742
4 625 946 1314 957
3 1352 377 3188
4 3701 757 3767 4931
4 3801 4065 979 4145
2 2482 3884
2 3670 1889
3 1243 3724 550
2 2840 2899
2 4897 597
3 3345 932 1896
4 558 332 1889 1563
2 4473 3856
4 4452 3673 3650 432
2 668 2145
2 2231 520
2 2235 4822
2 4145 745
2 4276 1922
2 2377 1795
3 1324 3256 560
2 4735 371
2 1959 2725
3 1235 3506 2589
2 202 2467
2 3354 2577
2 752 1927
2 1791 1255
2 677 1202
2 4465 4942
6 230 4667 3554 4501 755 2539
2 640 2105
2 3508 1234
2 1568 3249
3 1273 2724 2903
2 3442 4509
6 322 2122 2056 2697 2715 657
2 1287 4620
3 3260 1325 3848
2 42 4910
3 2189 4764 2828
3 19 3883 2157
3 4969 4476 3344
2 3112 1646
2 963 2136
2 2675 4721
2 3361 3171
2 969 4509
3 922 2129 141
3 1608 2249 2935
4 2098 4292 319 242
5 4825 3644 3718 4641 1803
2 4861 3413
2 1304 4717
2 3894 4014
2 430 4665
2 2818 2715
2 2748 3287
3 24 1608 585
3 4577 3853 1805
2 330 3272
2 1854 4672
2 4061 2203
2 1576 1655
4 415 2351 2632 423
5 2312 4466 2947 2614 1282
2 221 4266
2 4165 379
2 1955 1039
4 793 2203 656 1868
3 306 3694 152
2 3913 4576
2 2475 677
3 2047 2511 3950
2 2001 420
4 522 2870 1604 1360
2 322 4431
2 4713 329
2 4109 1463
2 725 3750
2 3934 2405
2 2595 3275
4 3933 2976 1363 2661
3 75 3114 3547
4 175 4166 1180 1777
2 2292 1964
3 3903 2421 1602
4 848 2660 1898 2925
3 4288 3905 4956
2 705 4865
2 2729 3437
2 2719 4987
2 807 3286
3 4793 1520 1477
2 1462 4879
2 200 2407
2 4124 3906
2 1657 3428
4 3091 1281 4409 3407
3 308 4453 757
2 2184 2547
2 4809 4610
2 1727 1531
5 1741 2066 871 3321 3336
3 4859 133 1175
2 1004 1775
2 3006 2709
2 3896 450
2 3687 2324
3 4134 3460 23
2 2047 214
2 1666 2878
2 4657 796
2 295 3777
3 1775 1989 3371
5 3980 2820 4079 1593 17
2 133 1966
4 2018 235 2638 2651
4 3302 4511 2298 3092
2 4346 504
2 4432 903
3 506 2185 2087
2 911 2769
2 4285 3395
2 4158 3793
2 2300 1673
2 1115 3488
4 3342 3117 2534 2750
2 36 912
4 4323 2380 723 3292
2 1614 1628
4 2862 2616 591 2213
3 1270 4362 1694
2 4398 3575
3 566 2789 3676
2 1133 2225
2 476 4916
4 4501 2038 3132 2320
3 3423 3594 4797
2 4727 2095
3 134 4345 1844
3 3172 1819 169
3 178 1894 4836
2 4375 1243
3 1208 4787 4020
2 4762 2531
2 4240 2031
4 1262 1189 4086 3377
4 3388 4785 3373 3262
3 4698 600 2435
5 3229 1998 185 602 2784
2 3617 2724
3 4707 4960 3077
2 84 112
3 2794 4952 1823
2 4952 3775
4 942 1499 62 4624
4 4925 2816 4276 538
2 1268 3570
2 4934 2978
3 320 4705 595
2 3335 1012
2 2313 2820
2 931 2063
3 789 2497 4547
3 2843 3646 2283
2 979 3110
3 1138 1674 1479
5 4470 4363 476 2276 2384
3 4233 1366 3072
3 4164 713 1471
2 2263 357
2 4163 3258
2 324 4273
2 3364 4009
3 475 2673 2433
4 1716 3551 4380 4368
3 1405 3802 3647
3 824 4451 1155
2 2864 2754
2 2024 1741
2 792 3105
2 862 3224
2 956 96
2 304 1096
2 1203 4026
2 1275 3349
3 3690 813 1757
2 1742 3295
3 861 1504 161
2 3912 1309
2 4791 1541
3 3520 332 4916
2 3475 1014
3 898 812 972
2 3053 3452
3 3190 4970 3267
6 3499 87 2630 2462 2173 43
3 3797 2765 4747
3 4871 1299 1980
2 2575 2602
2 702 3854
2 4674 1377
3 864 1544 659
2 3031 2344
3 2094 798 2297
4 1028 2656 464 252
5 3187 3357 405 839 2960
6 122 4859 4790 4646 1941 4084
3 3629 3605 2491
3 2572 3357 4660
4 4941 761 4697 183
2 3947 4609
2 3768 1079
3 4268 4497 1761
2 4679 4562
2 1688 1460
2 1414 189
3 322 3422 2684
4 2626 2875 2562 1329
2 344 576
2 1144 4134
2 1488 3172
4 301 4198 3697 2797
2 1281 3881
2 3076 2757
3 1400 124 2631
2 1125 2653
2 1714 3547
5 4799 173 588 3875 4548
2 3018 1397
2 2236 986
5 2819 1009 3162 4827 1718
2 2405 3561
4 2688 3159 3641 2677
4 147 2530 1259 4291
2 2135 4189
2 293 3477
2 2822 4983
4 442 4278 1387 4022
2 102 148
4 48 696 2873 4015
3 4139 799 2315
6 4404 2635 4721 2402 1271 581
2 4392 2673
2 3512 4168
3 1039 85 2024
2 4316 1056
3 1460 4272 2905
3 2628 2466 4155
2 3515 3969
5 794 1047 1432 4193 4915
3 1170 1008 3553
2 1713 275
3 3349 819 2392
2 2500 4828
3 4833 3694 3396
2 1413 866
2 3995 3928
4 4008 3619 4256 2439
2 2197 1844
2 2237 471
3 4128 1289 4835
3 1413 3685 355
2 1640 1106
3 4665 2306 2664
2 1906 1781
2 4178 2045
5 740 22 3214 2767 216
2 2956 1183
2 799 2919
4 1350 344 1332 1918
4 2729 2383 1995 663
2 3763 1281
2 2505 786
2 2679 917
3 4545 634 2902
3 1593 1537 4434
2 41 458
5 4621 631 3693 2253 3269
3 1842 2563 555
2 4219 3774
2 4087 479
2 1678 3867
3 4998 4293 3459
3 1942 373 3226
2 2745 3992
4 430 3062 1982 4370
5 4612 1721 2739 441 3749
2 3565 1362
2 2060 1897
2 4489 2858
2 2528 996
3 1358 3580 2126
3 4780 1779 4226
2 4067 4785
4 335 1285 542 2149
2 1741 380
4 3126 3319 2826 2520
3 2455 2143 2943
2 3762 3674
4 3831 2392 155 3583
3 399 4144 4279
3 913 927 4085
2 4645 2964
2 4877 3889
2 1171 1195
3 562 4989 4227
2 66 4384
2 185 3423
2 4941 4653
3 641 650 2574
4 559 4637 1315 4001
3 4541 4825 3752
3 734 3005 318
2 2969 3435
4 565 2370 3436 826
5 1280 799 2159 2982 1749
3 3030 3243 4295
2 2646 1461
5 3505 615 3596 4999 4643
4 4929 4898 2282 2077
4 2932 2577 1286 3796
2 1132 3017
3 4445 184 412
2 4890 422
2 1621 411
3 3819 4543 895
2 3710 1066
3 2434 4896 3608
2 2717 1017
4 4694 2074 4870 4001
4 4213 4598 3152 4388
4 2232 4265 1532 2590
3 4363 381 2606
4 74 4988 809 4184
2 1128 4308
3 279 3160 1707
2 4184 1214
4 3101 2702 4991 4394
3 3810 2 3756
2 349 4535
4 2280 3649 4004 3143
2 1755 2243
2 4245 4038
3 2527 2148 2662
2 4548 1669
2 1983 3115
2 4019 4171
2 4120 303
2 4149 3059
3 4236 3409 3514
2 816 980
2 2062 2752
2 232 1666
2 659 76
2 653 1447
3 3690 2795 2333
3 1282 1859 2372
3 3456 3166 1417
2 2777 812
2 545 4664
2 2326 376
2 2201 2081
3 4544 2948 3683
2 4296 4482
3 3490 4913 851
2 4091 2146
3 495 1927 1444
2 3748 310
2 3895 593
2 2245 1309
2 4493 362
2 674 4157
5 3673 2135 2457 1108 4485
4 554 3517 1057 2255
2 3644 504
2 4309 870
2 2417 2040
2 924 2765
4 2655 4410 213 1294
5 3989 1607 2450 4996 874
3 1983 793 3153
2 2573 2130
4 3497 4867 2391 4386
2 277 3033
6 2355 3358 3859 3726 4252 582
2 571 4745
3 4576 2654 4378
3 3064 2502 677
2 1717 3478
2 647 3250
2 260 2352
2 3992 3779
4 3479 4472 79 3486
3 4896 2186 4032
3 1921 1798 4781
2 4087 2960
2 101 3971
2 1979 3290
2 1462 2870
2 1645 3990
2 4354 4126
2 123 1596
2 2527 3636
2 1986 957
3 3182 2633 1734
2 1227 1003
2 1413 1587
2 1183 875
2 2207 2564
2 2374 1761
3 4247 3544 4720
3 133 306 1340
2 3444 4531
3 1614 3471 3292
3 4035 1683 1345
2 616 3378
2 3765 3708
2 2385 2821
4 503 3707 3467 2101
3 2220 1940 276
5 1633 160 2177 3618 1364
2 3565 2220
2 2082 1367
2 1243 3248
3 2113 4013 1121
2 3593 1435
2 3426 2635
2 3958 4478
2 4946 471
4 2040 4373 835 1164
2 2683 1813
5 4834 1163 1000 3131 4002
2 4203 660
5 1191 3444 3501 3298 1704
2 809 969
4 1559 2969 2511 233
2 2445 673
2 2492 961
2 2615 3147
2 2358 3818
2 1914 3234
2 1403 575
2 4949 2090
2 3349 1933
2 1410 1300
3 2036 4236 4627
2 961 4729
3 4247 2342 3147
3 2833 1362 1371
2 36 3249
5 2946 2556 4481 56 4628
2 3611 3239
3 4477 1506 720
4 3482 3330 537 1697
3 1587 3477 2294
3 4541 4995 3626
2 864 4524
3 710 2422 4976
3 785 4426 1514
3 4299 1629 2626
2 4982 196
2 1913 2158
2 4471 1878
2 2891 2605
3 713 202 4562
3 3201 2214 1179
2 2150 2856
2 2012 46
3 3467 3705 3301
3 1918 1592 2288
2 3218 2638
2 3106 1651
2 3069 1585
2 3483 3243
2 4434 1938
3 4934 2992 1421
4 4073 4044 2232 3573
2 1830 1335
3 108 1856 707
2 3581 2718
2 3436 523
2 2564 413
5 4961 2352 25 3037 2550
4 4041 1775 3542 4844
3 16 2752 3559
3 3040 2322 736
2 3828 2844
2 4349 3871
3 3171 2916 2246
2 2192 2550
5 4384 1579 1566 4646 3174
2 253 4024
4 3841 4565 2131 2809
4 704 1822 3447 4588
2 2262 1351
2 1740 11
3 2104 1111 1900
2 3878 1538
4 1367 4589 2260 2510
3 2916 4766 3949
2 4595 3277
2 4475 4937
2 424 3263
2 3487 3154
3 478 3819 1292
2 1320 3554
2 921 744
2 4075 2396
3 4863 551 1652
2 4818 2113
3 702 2852 1908
2 3584 299
3 3607 104 2723
3 4215 3446 271
2 635 3115
2 2290 4055
2 819 1667
2 347 527
2 2921 3669
2 3870 4874
3 3631 2399 2977
2 1771 2364
3 761 2575 2600
3 3413 3668 1311
5 897 4437 4541 1036 4127
2 189 3675
2 3652 4385
3 2100 1503 2982
2 4843 2205
2 449 3250
4 1259 1148 3914 4422
2 3341 2501
5 4717 4885 3900 3139 4997
2 1881 95
2 2470 4944
2 3672 4664
4 2813 4532 3256 3174
2 2937 2774
5 2155 1642 4305 1454 4169
3 4854 3750 2426
2 2345 1923
2 3327 2640
2 2410 4638
3 2895 3476 703
4 3322 1524 4427 3068
3 3934 1736 3963
3 2005 116 368
2 565 3718
2 817 4211
2 836 3684
4 4867 3510 608 1507
2 642 1578
2 758 4116
2 2776 2857
2 1908 2036
4 3607 2937 4658 3016
2 3994 2248
2 2825 3503
2 572 4153
2 3409 1109
4 2127 1202 2611 2498
4 3991 4728 47 4662
5 2016 4342 4034 2914 3289
4 4654 746 209 1386
2 4075 522
3 2560 3543 1458
3 965 856 1648
3 1475 3764 2805
3 3302 31 3342
2 2247 3760
3 3377 2178 2468
3 691 1166 492
3 2562 2766 1600
3 3095 4129 2404
5 611 2242 3719 1604 3195
5 2493 312 772 4372 4235
2 1702 521
3 2581 1671 3811
2 4699 2137
3 3278 643 689
2 4584 1711
4 1254 4525 27 4469
3 184 1025 2241
3 1670 2514 639
2 4135 4150
2 2187 2222
4 4172 466 1108 120
3 3849 4105 91
2 2028 1503
2 2562 2119
2 4490 952
3 435 2262 2272
3 1768 2101 182
2 2547 804
2 4654 87
4 465 1797 2451 249
4 386 4336 3001 1723
3 3318 3964 1130
3 4090 3493 1127
4 3518 4492 4810 3141
4 2642 1924 3513 3128
5 3593 4206 1479 663 675
2 473 4836
5 1523 3417 2104 3783 3803
2 3111 2552
2 1523 1619
4 4643 453 4544 3158
2 4362 2486
4 1678 1863 4053 4327
2 474 4869
2 1403 1959
2 2357 4763
2 3458 554
3 1553 3680 243
3 3797 1368 4777
2 2361 3443
2 3973 3444
3 801 4487 4488
2 4170 2759
2 3055 786
2 779 464
3 4421 338 1787
2 372 3000
4 4156 1208 1016 1433
4 1686 1591 1755 3448
3 4962 877 4485
2 1263 4817
3 4960 2105 3085
2 2569 232
2 4149 3929
2 3140 4242
2 1178 29
2 2834 2242
3 2519 4994 3874
2 2988 4375
3 3453 2608 4529
2 1555 1891
2 2201 4244
2 188 2806
4 1315 1128 392 3597
2 1864 1108
2 258 4792
2 1470 4332
3 1698 4332 4011
3 577 456 3463
3 1628 1894 4225
3 654 3972 1161
4 4795 2344 3609 2640
4 718 3645 2727 4571
2 1102 3762
3 4 3513 3630
2 4167 1884
2 4424 3220
3 1399 4668 1598
2 4640 2919
3 3331 187 4186
2 3415 4672
2 297 1651
2 1583 706
2 4968 3619
2 4790 1349
2 1656 4714
2 1687 4867
3 4617 4321 773
4 2286 4653 1984 1734
