5000 3
1 2124
1 3797
1 4553
1 4508
1 1597
1 1937
1 4085
1 72
1 1579
1 4933
1 4085
1 4553
1 1759
1 3797
1 1579
1 2531
1 4297
1 814
1 3729
1 4070
1 1606
1 1251
1 920
1 1365
1 3586
1 2124
1 827
1 4132
1 4645
1 3586
1 3945
1 72
1 4933
1 1759
1 1365
1 3729
1 1759
1 2531
1 2715
1 1817
1 494
1 1937
1 3489
1 2124
1 4860
1 2739
1 3602
1 1615
1 552
1 3033
1 1579
1 4938
1 3586
1 1242
1 1126
1 3561
1 1615
1 1579
1 1126
1 4820
1 758
1 4553
1 4353
1 632
1 1365
1 2376
1 4645
1 2354
1 1098
1 3561
1 2376
1 758
72 1782 599 2623 4114 774 1112 3304 1657 4040 4912 759 2672 4392 3273 4653 1312 4719 442 2458 168 3356 31 725 1763 2872 2389 2646 543 1005 799 1605 4647 2373 4045 4737 1618 3620 4096 201 2712 2324 3251 3249 4518 3902 4419 2840 4736 3745 1052 389 452 4175 4599 2420 2635 314 2303 1212 4387 221 1179 2158 2319 2424 3264 298 7 3413 2415 2999 424
1 822
1 4724
1 2552
1 2124
1 4553
1 4019
1 4553
1 4353
1 1242
1 4502
1 4353
1 494
1 4733
1 2739
1 1034
1 1579
1 3605
1 1365
1 4132
1 1759
1 1817
1 3266
1 3945
1 1937
1 2887
1 4019
1 1242
1 4860
1 1606
1 4353
1 2354
1 1098
1 758
1 4508
1 4933
1 4645
1 4508
1 1597
1 2370
1 1717
1 1295
1 920
1 3945
1 4724
1 4085
1 4860
1 1817
1 3266
1 2354
1 4645
1 3605
1 822
1 3605
1 552
1 2887
1 1295
1 4019
1 4860
1 4724
1 552
1 4353
1 4132
1 3033
1 494
1 2739
1 978
1 3266
1 1365
1 1242
1 3602
1 1597
1 2531
1 4933
1 4724
1 4019
1 2354
1 822
1 4724
1 3586
1 1242
1 3707
1 1597
1 4019
1 3266
1 4297
1 3945
1 1158
1 3033
1 2124
1 3605
1 4938
1 827
1 1098
1 1158
1 3602
1 72
1 494
1 4733
1 3729
1 920
1 1615
1 1158
1 1126
1 3586
1 4938
1 4132
1 827
1 3033
1 2354
1 1034
1 1873
1 4353
1 4933
1 4933
1 4085
1 4820
1 2124
1 3797
1 1597
1 4353
1 4508
1 920
1 1606
1 1606
1 1251
1 1717
1 2370
1 632
1 72
1 1158
1 827
1 1606
1 1126
1 920
1 1158
1 1013
1 2514
1 4645
1 4502
1 1242
1 1759
1 4297
1 758
1 1034
1 632
1 822
1 2552
1 822
1 72
1 1251
1 3797
1 4085
1 4132
1 1817
1 3729
1 2370
1 3586
1 3945
1 4353
1 2354
1 1717
1 4938
1 3602
1 4502
1 2354
1 758
1 552
1 1242
1 2370
1 1365
1 822
1 4132
1 3561
1 3489
1 822
1 494
1 3729
1 2531
1 2715
1 1606
1 4502
1 3266
1 3266
1 3707
1 1615
1 1579
1 4733
1 1126
1 1717
1 2739
1 4353
1 2715
1 1759
1 4070
1 1937
1 2376
1 2124
1 3561
1 4933
1 3797
1 2514
1 4070
1 2193
1 4866
1 4933
1 1126
1 3489
1 920
1 920
1 1937
1 1717
1 2715
1 4733
1 4085
1 2552
1 978
1 4085
1 4933
1 4353
1 4353
1 1295
1 1937
1 2739
1 3707
1 3729
1 72
1 814
1 4642
1 1126
1 827
1 4938
1 2354
1 1098
1 1242
1 4297
1 3586
1 1597
1 1873
1 4820
1 4297
1 1098
1 72
1 4508
1 1158
1 4508
1 4860
1 2739
1 552
1 2629
1 3561
1 758
1 3033
1 1158
1 3489
1 1937
1 978
1 1158
1 1242
1 4642
1 4645
1 4502
1 4733
1 2715
1 3797
1 978
1 1098
1 1817
1 758
1 4933
1 758
1 3266
1 1295
1 1937
1 1251
1 4502
1 4645
1 3797
1 1597
1 1579
1 2124
1 822
1 552
1 3945
1 4866
1 1034
1 4645
1 632
1 978
1 4933
1 827
1 2531
1 1034
1 4645
1 2531
1 2354
1 3945
1 4645
1 4938
1 1251
1 4553
1 1295
1 3797
1 1034
1 2376
1 1615
1 4132
1 814
1 4645
1 2193
1 1615
1 4353
1 1597
1 2739
1 920
1 4645
1 3945
1 72
1 2193
1 1365
1 3561
1 758
1 4820
1 1817
1 1013
1 3266
1 4860
1 1873
1 1295
1 4933
1 3489
1 4933
1 4642
1 3797
1 3729
1 4733
1 4642
1 1597
1 1937
1 494
1 3489
1 4733
1 2715
1 1597
1 920
1 758
1 1251
1 1013
1 814
1 4724
1 2354
1 4933
1 72
1 1615
1 2739
1 814
1 4642
1 2739
1 1817
1 2887
1 1597
1 4820
1 978
1 4724
1 4070
1 758
1 1126
1 2715
1 1759
1 3602
1 72
1 4508
1 4866
1 4553
1 4353
1 4297
1 2514
1 4353
1 4860
1 978
1 72
1 1251
1 1034
1 1579
1 2193
1 1717
1 4132
1 2552
1 2124
1 2739
1 4070
1 1717
1 1365
1 822
1 4866
1 4502
1 2193
1 920
1 2354
1 1034
1 1251
1 1126
1 1098
1 2370
1 1873
1 2354
1 1242
1 1817
1 552
1 1034
1 2370
1 2354
1 494
1 1579
1 1295
1 3707
1 3729
1 4508
1 4070
1 758
1 920
1 494
71 1782 248 3007 2522 1567 1030 2909 771 4314 1589 3402 1421 4421 40 2160 3794 3508 2066 2209 4656 1764 2778 1038 2609 3147 4151 878 411 877 3205 3765 4917 611 2034 2971 739 858 4714 84 1617 3059 3798 484 169 997 4944 2823 4391 3422 1872 4898 4173 493 680 3787 1368 4652 4766 4373 628 1632 136 3985 3718 686 1499 968 3352 2867 4043 3938
1 2739
1 3729
1 1242
1 1098
1 1251
1 1817
1 4866
1 758
1 1098
1 1873
1 3033
1 2887
1 3586
1 2514
1 2370
1 920
1 978
1 1013
1 1873
1 4733
1 1158
1 4733
1 827
1 1817
1 2376
1 1295
1 2193
1 4297
1 4085
1 3945
1 4019
1 758
1 814
1 2514
1 822
1 3729
1 1098
1 2376
1 2739
1 4502
1 3707
1 4353
1 1158
1 3489
1 4645
1 3489
1 3605
1 2370
1 72
1 1937
1 1295
1 4502
1 1365
1 4820
1 3602
1 1873
1 1034
71 1782 2452 3195 4693 3775 480 861 4594 3049 3869 2304 1210 2071 2466 4124 2549 354 1068 2413 2512 4841 2600 1835 1426 1936 3725 4966 3014 2545 2630 320 1523 48 2819 2378 126 2734 4777 1366 1987 2829 2282 1172 2325 1188 239 769 1820 4050 2846 2095 1464 1659 2575 4420 3175 1550 1457 4623 3383 2654 1893 3466 1965 4025 1517 132 4619 1412 2737 2586
1 3605
1 3489
1 1013
1 2514
1 2531
1 814
1 3605
1 1937
1 3266
1 2739
1 1013
1 2193
1 827
1 4933
1 2739
1 2124
1 1717
1 632
1 4733
1 814
1 3489
1 2370
1 1013
1 4085
1 3797
1 4353
1 2629
1 1098
1 3605
1 4820
1 920
1 2354
1 4085
1 3602
1 4553
1 827
1 3605
1 2531
1 827
1 1252
1 1098
1 3707
1 3602
1 3605
1 1158
1 1937
1 72
1 2739
1 1252
1 2629
1 822
1 1606
1 4353
1 4508
1 4085
1 4642
1 2514
1 3489
1 494
1 4353
1 3707
1 4553
1 1098
1 2193
1 2715
1 1873
1 1295
1 1242
1 1579
1 4070
1 4733
1 3033
1 2514
1 4297
1 4724
1 494
1 4933
1 1615
1 814
72 1782 2873 2400 3258 3270 1862 4588 3592 3585 643 761 3782 3246 673 2980 1075 3736 1955 63 1496 3168 200 4288 1878 1472 2172 1541 2591 3443 1300 2888 1481 3492 4889 4066 1427 2430 2765 779 2524 676 4203 3880 1360 1331 1967 1730 3288 4690 1973 3526 3458 1288 3818 868 4670 570 217 3020 2422 4795 4398 2005 359 3240 4010 1566 2666 2217 2602 1609 4454
1 3605
1 4645
1 1034
1 3945
1 2715
1 2193
1 2887
1 814
1 1251
1 1817
1 632
1 3033
1 4820
1 4353
1 2715
1 3605
1 1615
1 4724
1 3033
1 4724
1 3489
1 1717
1 4733
1 4933
1 2124
1 2193
1 4353
1 3561
1 1937
1 1615
1 4019
1 4297
1 2715
1 4938
1 4860
1 3729
1 1606
1 4085
1 1615
1 1579
1 632
1 2531
1 978
1 632
1 3266
1 4508
1 920
1 494
1 2193
1 1606
1 1873
1 1873
1 3266
1 494
1 1098
1 2739
1 1098
1 1817
1 1126
1 4860
1 3945
1 1937
1 1759
1 3729
1 4645
1 1252
1 1579
1 3033
1 2739
1 4860
1 3729
1 4820
1 758
1 4508
1 1251
1 3033
1 1242
1 3266
1 4132
1 1034
1 2531
1 3605
1 4820
1 4860
1 4820
1 1597
1 758
1 2887
1 2124
1 2552
1 4353
1 1034
1 72
1 3797
1 4866
1 4724
1 2531
1 4642
1 4724
1 4938
1 4070
1 3489
1 3945
1 2370
1 814
1 1615
1 494
1 4642
1 2514
1 758
1 4866
1 1034
1 3586
1 1579
1 4866
1 2739
1 3729
1 1365
1 4860
1 2193
1 2124
1 3561
1 4297
1 1295
1 4820
72 1782 3600 2800 3914 2534 2445 1455 4677 526 4929 2754 4437 1554 417 3234 2026 60 4135 1738 4223 1180 1293 984 4892 3001 1976 3913 3808 1373 4542 1441 719 105 491 437 4538 742 2132 4416 2541 2461 3984 4904 1894 238 340 3000 3257 931 215 857 705 2621 2760 3348 71 4523 1932 4983 502 4685 3877 393 1390 323 2377 4916 3928 342 3088 2055 1491
1 72
1 2552
1 632
1 822
1 4733
1 1606
1 2514
1 3489
1 978
1 827
1 552
1 4353
1 494
1 1597
1 1158
1 72
1 2376
1 1295
1 1242
1 3489
1 632
1 2354
1 2354
1 2887
1 4353
1 1365
1 2552
1 4860
1 3033
1 2739
1 3729
1 4508
1 4553
1 1606
1 4938
1 4297
1 3945
1 2354
1 1126
1 1251
1 72
1 1817
1 1873
1 2887
1 2193
1 4733
1 1579
1 3707
1 4508
1 2193
1 3707
1 1242
1 2193
1 978
1 1251
71 1782 3005 379 2307 4468 1081 866 2460 1534 1148 17 2231 2804 631 3228 4153 3896 4109 2573 4788 1055 992 4376 2083 1661 572 2538 1291 3841 4994 1590 4082 299 527 4561 1520 3424 427 4138 1135 3654 4224 2221 3171 3537 4293 2187 839 2145 4463 737 3992 4188 3625 1256 558 3696 4601 4587 3222 1978 2631 420 903 4900 1884 1117 2871 2169 640 2447
1 2514
1 827
1 4353
1 2514
1 4132
1 4724
1 2629
72 1782 2228 2581 2898 243 2194 3887 4165 3427 220 124 2253 1863 1406 4320 4780 1009 247 3582 1408 3439 3472 762 2142 4675 529 2847 2225 1394 1695 4547 2842 2030 73 1176 465 2368 1062 2021 4324 2662 149 4799 2566 3717 1848 3788 603 2069 4219 3148 353 3599 1796 1599 2283 1240 4925 2009 4365 4192 4445 947 2983 2856 3106 218 3907 1627 3559 2929 2937
1 1252
1 920
1 2531
1 1158
72 1782 1185 1150 3263 3241 2990 1290 4232 1028 816 179 203 2054 1265 4319 3645 591 3951 4092 1103 2278 2180 1268 4290 3694 1443 2280 2981 3082 3299 4680 4381 164 2183 2470 2940 3470 3385 1346 1708 2973 882 918 1308 1082 4332 1025 1905 3018 4115 2596 1067 2664 2411 565 4432 302 2450 362 1551 3384 3436 588 768 3497 517 26 2464 1093 1475 2423 3644
1 4642
1 4642
1 2376
1 4553
1 4132
1 2629
1 3266
1 1817
1 1158
1 1759
1 1098
1 814
1 4297
1 1759
1 1158
1 4019
1 1365
1 2887
1 3586
1 1098
1 3605
1 4733
1 4724
1 1937
1 920
1 2739
1 1937
1 4297
1 1242
1 758
1 494
1 978
1 1251
1 552
1 2629
1 3561
1 2124
1 1251
1 814
1 4820
1 632
1 3033
1 4820
1 2514
1 978
1 4502
1 4502
1 4860
1 4353
1 494
1 494
1 4553
1 1034
1 1615
1 827
1 2739
1 1242
1 3797
1 4085
1 1242
1 4553
1 1717
1 1013
1 3266
1 1126
1 1252
1 4553
1 4297
1 4508
1 4019
1 4820
1 3033
1 3561
1 2514
1 3561
1 814
1 1817
1 1579
1 2376
1 4642
1 3602
1 1126
1 2715
1 1717
1 3945
1 2370
1 1251
1 1252
1 3561
1 4502
1 827
1 1759
71 1782 2900 280 3335 3206 3235 2044 3076 1266 1281 4796 1233 4433 3768 1215 1895 416 4380 3551 3482 3409 2255 1761 3016 3442 4534 852 3643 3363 114 3535 3542 510 469 679 1474 2079 4449 977 3165 22 3341 4443 1691 2775 4266 824 3399 1155 2626 1681 1409 2197 172 952 4345 3188 206 2750 3957 1649 386 492 583 1468 4406 194 3115 281 4465 1629
1 2887
1 3033
1 1365
1 3602
1 2376
1 2370
1 1242
1 4508
1 3605
1 2629
1 758
1 4933
1 4502
1 3797
1 1252
1 4502
1 4132
1 3707
1 1251
1 2629
1 4645
1 2514
1 4070
1 1098
1 4508
1 2629
1 822
1 4553
1 4860
1 2376
1 2376
1 920
1 2629
1 1817
1 4508
1 3489
1 1013
1 4866
1 3586
1 4933
1 2629
1 2193
1 2887
1 2552
1 3602
1 1252
1 2629
1 494
1 4820
1 1937
1 2354
1 4642
1 4933
1 1252
1 1817
1 2514
1 920
71 1782 328 4430 2517 2190 3028 2035 1546 767 1664 2375 4618 1130 2607 675 511 3832 4412 2789 138 4954 434 2844 2440 451 4991 4355 1137 4651 4500 1399 2302 288 3692 1611 4044 2144 1451 4051 812 3274 3364 4949 3525 337 1484 3391 4117 4996 1815 4461 1777 3977 360 2500 1301 3523 4038 859 1958 2484 872 3338 3847 2798 4435 2011 1948 4581 2595 1488
1 4502
1 3033
1 4508
1 3266
1 1606
1 758
1 1606
1 4933
1 1597
1 1013
1 1034
1 2376
1 3707
1 814
1 4019
1 4724
1 2629
1 1597
1 494
1 3561
1 3707
1 2531
1 2629
1 4132
1 2193
1 4933
1 72
1 4070
1 1717
1 1034
1 822
1 2370
1 2376
1 4724
72 1782 1274 1587 1208 3846 4845 563 4859 555 3233 1712 2697 512 3091 3122 3230 208 4785 2206 1432 3748 3629 4910 890 419 1886 2241 3256 3041 1844 2743 957 4574 3922 2903 2016 2879 1789 988 3777 3994 1319 2046 3532 4984 3759 3010 3751 4907 4182 1752 2224 1444 2502 2102 575 2594 1813 1190 2704 1694 396 4035 3711 1658 1237 3897 4042 1794 1200 2906 3343
1 1252
1 4019
1 4860
1 3945
1 3266
1 4070
1 2354
1 2552
1 3586
1 1252
1 3602
1 827
1 4070
1 4820
1 827
1 1597
1 494
1 4933
1 4553
1 2193
72 1782 989 3154 3305 2988 4575 3843 3098 2836 216 4967 2104 1839 3280 2285 2726 375 635 357 3785 4359 1008 364 3722 551 1530 1626 4154 880 712 1555 1042 3295 4496 4730 3183 4037 4426 2301 3244 2620 4970 2735 1769 4361 2199 4696 1898 2822 2946 4371 2824 2112 724 3468 454 1729 87 2954 3426 182 2196 3958 3834 4676 471 2957 744 2317 481 4497 3814
1 2376
1 2514
1 4642
1 494
1 4508
1 4553
1 4019
1 1034
1 1295
1 3266
1 2370
1 1579
1 1158
1 3033
1 2887
1 3586
1 1597
1 72
1 2531
1 3602
1 814
1 1579
1 1365
1 2193
1 1873
1 4132
1 2376
1 822
1 3729
1 2354
1 3489
1 1937
1 827
1 552
1 4070
1 1606
1 1817
1 2370
1 4132
1 3561
1 632
1 2193
1 1759
1 2514
1 2739
1 3561
1 814
1 827
1 4860
1 4502
1 4820
1 4724
1 1606
1 4132
1 2354
1 4866
1 2376
1 2715
1 827
1 1759
1 1759
1 3605
1 1252
72 1782 1354 1675 2759 847 3499 4447 68 3428 689 3830 1157 2353 1133 687 2073 474 3662 2392 531 4857 2966 1574 4514 3460 593 2205 104 1607 313 1544 4847 2200 2923 3224 1273 4877 338 4742 944 1552 2426 3609 1619 3324 3886 2922 305 1907 4341 3362 3826 615 3375 4913 2329 4509 3291 580 838 165 3616 503 498 1526 2414 3157 1854 1480 3307 4198 1775
1 1252
1 1365
1 1126
1 3489
1 827
1 3945
1 2887
1 1579
1 1252
1 4645
1 2629
1 1937
1 1937
1 72
1 4502
1 1817
1 1873
1 1759
1 814
1 4733
1 2376
1 4508
1 1252
1 1615
1 3707
1 4933
1 2514
71 1782 3449 205 473 1688 4057 2752 2496 4229 175 3844 3454 1667 4206 909 2429 2897 2561 3723 3750 54 2627 1414 4179 4139 1500 3387 438 4887 4784 3209 3050 3895 3169 2663 4094 4803 1101 1992 4313 3927 1254 3002 1724 3689 4185 3419 4448 797 4285 1704 2262 2148 4577 4107 58 1727 4053 1416 892 1170 278 691 3022 4638 3986 301 4947 2669 260 2468
1 1817
1 3797
1 1606
1 978
1 2552
1 4933
1 1098
1 2629
1 814
1 4508
1 978
1 1158
1 4132
1 2370
1 1252
1 4933
1 4508
1 4070
1 1937
1 4938
1 1295
1 814
1 2354
1 827
1 1597
1 2629
1 4019
1 2887
1 920
1 1365
1 1098
71 1782 3107 207 1625 202 4187 1699 773 329 3589 2938 1968 4125 2170 2565 4004 537 4527 3032 3170 3640 4382 1846 2612 2766 3975 4791 3744 2331 1347 2000 836 1790 4126 3874 159 826 3395 4046 325 4479 3781 1138 4055 166 2229 3309 2381 1698 1047 3238 3941 174 1395 2050 316 2532 597 842 3096 2033 1387 4836 2351 4848 515 3934 3359 1463 3963 3398
1 3605
1 3602
1 2354
1 4866
1 2514
1 1606
1 2629
1 4724
1 2531
1 2531
1 3605
1 1126
1 2887
1 552
1 1251
1 2739
1 1251
1 822
1 4070
1 3729
1 72
1 758
1 4353
1 1252
1 3605
1 4938
1 827
1 2531
1 3602
1 552
1 3586
1 1013
1 2354
1 3602
1 3266
1 3586
1 4502
1 1717
1 2531
1 4733
1 2514
1 1013
1 4297
1 2715
1 1873
1 1251
1 4645
1 1817
1 4085
1 1013
1 4860
1 552
1 1579
1 72
1 4645
1 4733
1 920
1 4553
1 4353
1 3561
1 3586
1 4297
1 2531
1 2354
1 4866
1 4502
1 3033
1 2376
1 3707
1 1295
1 3033
1 2376
1 3489
1 2552
1 920
1 1252
1 3489
1 2354
1 1013
1 1759
1 1873
1 822
1 4508
72 1782 3805 1650 4211 4668 1722 2084 4946 497 4826 2412 240 3763 4541 4071 3831 3708 4476 4318 53 3872 3780 4743 2330 99 620 1705 1428 810 3770 2421 306 4384 152 141 4457 709 4611 1305 4617 2138 330 2271 4981 856 4582 2797 777 4630 1900 2681 4401 1559 212 3903 1535 887 3918 478 1533 4207 4858 2563 4609 2967 81 2067 884 4758 3712 4739 927
1 4724
1 3561
1 4645
1 1252
1 4938
1 3602
1 4019
1 4070
71 1782 1204 222 2133 2131 3936 641 453 4176 2293 4727 2764 2267 197 2862 4011 1328 346 371 939 2220 1577 707 1452 2004 2776 4306 2676 1735 4184 21 860 2638 798 4122 1892 3810 3202 2585 4068 813 499 472 2333 4474 2593 1818 418 2135 1253 2936 1831 2363 4549 865 4236 1608 2126 914 2878 3802 1175 4074 4663 3713 4077 1173 3811 2913 2784 2369
71 1782 2094 3060 1638 915 1107 1349 4868 893 2982 2189 2910 1571 2667 1141 2212 3917 4993 2486 4965 2786 4156 2771 4835 2885 1099 2700 4615 1398 4998 3690 4744 2110 1431 3738 2111 3218 1023 601 2918 935 1014 592 4794 3131 4106 823 1121 1182 2264 1234 1097 4459 4081 966 2453 4650 974 4772 2801 4225 3132 3652 1246 698 4881 4731 3063 2300 2508 1612
1 1251
1 1126
1 4297
1 814
1 3561
1 3033
1 4645
1 4860
1 1717
1 3586
1 2531
1 1817
1 827
1 920
1 1597
1 827
1 2354
1 1615
1 4508
1 1759
1 1098
1 1013
1 4820
1 4019
1 3489
1 4933
1 3602
1 4353
1 920
1 4070
1 4733
1 1365
1 4508
1 1365
1 4860
1 632
1 1597
1 827
1 814
1 1295
1 758
1 3602
71 1782 1471 3074 1147 1655 2817 3221 4190 1376 4470 1614 3293 2497 2100 3991 3598 4901 4231 3949 1985 3534 2350 113 545 3665 3367 2864 373 128 3865 3627 3579 344 4197 1043 3604 1693 4986 2520 4264 486 2927 1292 2471 619 4746 1228 3490 3100 1927 293 3212 3653 3035 3180 756 3152 4033 3757 4748 1952 520 2571 2589 4347 400 2012 776 2242 1944 4940
1 2514
1 3033
1 1365
1 3797
1 632
1 978
1 3605
1 1615
1 4502
1 1242
1 2376
1 3797
1 827
1 3729
1 4938
1 4353
1 72
1 1759
1 2193
1 3033
1 1365
1 1579
1 4508
1 1013
1 4070
1 4353
1 2354
1 2514
1 4553
1 2193
1 1597
1 1606
1 1251
1 1579
1 1365
1 632
1 1579
1 3707
1 1579
1 1597
1 1717
1 4553
1 4724
1 1937
1 4553
1 3605
1 1717
1 4938
1 1579
1 4733
1 827
1 1158
1 2124
1 1252
1 3729
1 4820
1 4642
1 1365
1 1098
1 1759
1 4938
1 3605
1 4353
1 2514
1 632
1 4085
1 4297
1 4733
1 1579
72 1782 4036 4467 1564 1656 1330 2717 2583 4556 2757 2774 4918 3670 242 391 784 4267 34 750 844 4431 90 3480 923 1316 4842 3474 1493 4661 4543 1812 2438 1298 4781 1353 2779 3493 1286 2406 1057 1946 4402 464 140 4294 1610 4874 4020 3260 2537 4725 1377 1906 2316 2795 1636 4227 4130 64 4613 2556 3655 3298 547 3550 1100 23 3128 1407 1156 3083 1284
1 552
1 3707
1 494
1 4733
1 3797
1 2376
1 4070
1 758
1 4933
1 3033
1 1295
1 1365
1 1579
1 2629
1 2531
1 2514
1 4085
1 2370
1 1606
1 2531
1 4724
1 1158
1 2715
1 3489
1 758
1 4866
1 4866
1 2124
1 822
1 1158
1 3586
1 4502
1 1252
1 978
1 4553
1 1937
1 4820
1 1606
1 1597
1 4933
1 822
1 1365
1 822
1 920
1 2124
1 1873
1 552
1 4019
1 1126
1 2514
1 1126
1 1615
1 3561
1 4820
1 2124
1 494
1 3561
1 1817
1 2193
1 1597
1 552
1 632
1 1242
1 1817
1 4132
1 1252
1 1013
1 4642
1 3586
1 4353
1 2370
1 4860
1 1615
1 4938
1 3266
1 758
1 1606
1 827
1 1013
1 4866
1 3945
1 4645
1 2354
1 3033
1 1615
1 978
1 1251
1 1937
1 1615
1 758
1 3489
1 552
1 4724
1 2514
1 4132
1 1615
1 3602
1 1158
1 552
1 2715
1 1597
1 1606
1 920
1 3797
1 1615
1 1295
1 632
1 3945
1 920
1 827
1 2193
1 4642
1 3033
1 2124
1 1098
1 632
1 2629
1 4070
1 978
1 1615
1 1579
1 1579
1 978
1 2739
1 2124
1 758
1 3605
1 1365
1 3266
1 2887
1 632
1 4733
1 1937
1 494
1 1126
1 3602
1 4645
1 1615
1 4085
1 2376
1 1817
1 2124
1 2629
1 2739
1 3729
1 2354
1 3586
1 4553
1 1873
1 4070
1 4353
1 552
1 2370
1 4553
1 814
1 3266
1 4860
1 552
1 2552
1 4085
1 1098
1 2376
1 3797
1 2370
1 1034
1 3586
1 4645
1 1242
1 814
1 1242
1 2354
1 4724
1 2887
1 4553
1 4019
1 632
1 4866
1 3707
1 1098
1 4933
1 978
1 1717
1 4553
1 1817
1 552
1 827
1 1098
1 1937
1 758
1 1034
1 3602
1 4866
1 4938
1 1242
1 4070
1 4860
1 3489
1 3605
1 1365
1 4933
1 632
1 494
1 4724
1 4733
1 4070
1 1252
1 2376
1 3033
1 1098
1 3797
1 2552
1 1251
1 4508
71 1782 3034 3531 2232 1211 2417 2526 2395 1329 1046 2326 1056 3462 1364 621 88 2211 3182 57 485 4073 4605 672 50 4279 3999 351 4511 1106 4654 4572 2809 1344 1317 4393 1486 2874 4906 3944 2294 1855 905 455 2154 1332 3151 2474 699 1378 1334 4305 805 4110 258 2723 4137 2814 4083 1876 2249 8 4697 4023 3511 2082 3870 4755 1487 2230 746 14
1 2354
1 3605
1 2715
1 2739
1 2531
1 4353
1 4553
1 1013
1 3561
1 494
1 814
1 2376
1 4938
1 4645
1 1817
1 3707
1 2354
71 1782 772 1825 4287 2711 4395 3219 2247 2448 1833 432 4291 1289 2469 2023 3837 1778 1466 2870 4338 154 3411 4827 4585 3727 415 2567 4544 3923 1425 1051 1404 143 409 2291 4379 2805 4312 191 1151 4471 987 3552 718 2523 1335 3793 384 4 2908 110 4721 4273 1029 4885 350 3327 3456 3303 1742 309 996 1326 3740 3150 1795 1267 4199 4098 2049 4882
1 2552
1 822
1 4085
1 3266
1 4297
1 2715
1 3586
1 72
71 1782 4808 1070 1804 2714 3227 4628 4041 1384 1896 4964 4839 983 3581 2947 985 1979 3025 4911 1467 4097 604 1327 2826 4425 4722 3733 669 3491 2912 2796 2006 196 2675 2493 3683 4822 4792 2611 4640 764 2347 792 195 4643 3406 1847 252 4441 1823 1909 1993 1857 3762 1129 2123 682 20 1403 3334 1630 1648 101 204 2902 1746 4879 1164 4244 1087 1442
1 1098
1 1251
1 632
1 1365
1 978
1 1252
1 1615
1 1295
72 1782 3691 4486 3186 2710 1417 649 3636 4717 3329 1713 1461 1270 1613 2203 4880 1701 4738 3667 4403 3858 1303 1122 4022 1485 1503 4428 738 630 47 4849 4163 257 1470 4551 2652 3317 3639 173 4145 56 2939 4323 662 425 4016 377 4683 2025 3284 4559 2588 4579 1454 4775 4851 4296 2116 1450 4856 3900 2731 671 1438 1760 2576 881 4418 2479 3715 382 2019
1 4642
1 494
1 72
1 1098
1 3266
1 2715
1 3489
1 3729
1 4642
1 1158
1 1034
1 822
1 1717
1 920
1 1606
1 1717
1 494
1 3586
1 4085
1 4353
1 1365
1 3945
1 1252
1 3586
1 3033
1 4933
1 4353
1 4938
1 4132
1 3797
1 1873
1 3707
1 1606
1 920
1 1242
1 3266
1 1937
1 1717
1 2370
1 1295
1 1365
1 72
1 1013
1 552
1 1937
1 814
1 4502
1 4070
1 978
1 4019
1 4132
1 1126
1 2124
1 3033
1 2354
1 2124
1 4860
1 3561
1 3707
1 1098
1 4642
1 3707
1 3797
1 2124
1 4866
1 920
1 4019
1 2370
1 4866
1 4642
1 4019
1 3602
1 1126
1 4820
1 4019
1 920
1 4132
1 1295
1 1013
1 822
1 4553
1 3266
1 1158
1 1158
1 4860
1 1615
1 4724
1 4860
1 1126
1 1242
1 4642
1 2124
1 827
1 2531
1 2629
1 1717
1 1013
1 1615
1 2739
1 2531
1 4645
72 1782 198 463 1711 4271 261 4247 4927 2542 1261 911 4804 2323 4377 112 3429 457 2273 3037 233 1838 2290 1653 889 4583 283 4646 1719 4301 3017 2587 2141 3659 569 1628 1753 3976 2152 4930 3993 4005 3242 2045 1196 654 3569 1866 1743 1342 4180 1007 3331 3105 4616 1547 4961 3198 4024 3112 2001 4935 1336 4974 2554 3160 4751 3803 1631 2965 3055 3311 4342
1 2887
1 1717
1 3586
1 3945
1 1242
1 3707
1 1126
1 4933
1 3729
1 1126
1 1873
1 1034
1 632
1 1759
1 4553
1 4353
1 2552
1 1251
1 4820
1 2370
1 758
1 4553
1 4070
1 3945
1 1597
1 1717
1 3033
1 4860
1 1606
1 3033
1 3605
1 2739
1 2376
1 4866
1 1013
1 1717
1 4820
1 2887
1 3489
1 4132
1 4502
71 1782 4084 841 1272 3179 3446 4079 3417 1094 3441 4450 4530 4641 4018 4649 2884 1975 4973 4606 1116 2886 2150 4838 2736 4672 213 4524 919 3378 265 2182 2628 3191 2716 1238 1919 1731 4339 4234 3354 36 3631 3412 2076 1313 2185 837 2727 1971 2166 4451 695 4171 2318 33 3626 92 3862 12 4243 4460 1077 440 3783 1095 1355 2518 4491 4119 4201 1765
1 1615
1 920
1 2370
1 72
1 494
1 1759
1 2552
1 4070
1 4019
1 1034
1 2193
1 2552
1 3797
1 3707
1 4645
1 1098
1 2514
1 978
1 1597
1 3797
1 3707
1 2887
70 4860 4642 827 4508 3605 3797 3945 758 3033 1013 1098 4933 4938 4297 1817 632 2629 1615 3729 4724 1242 1365 72 4820 1034 2354 1717 822 4085 4502 4866 1606 1873 4070 4553 552 494 2376 2193 3602 3489 2715 1597 4132 2370 1295 1126 2887 2739 4019 3266 2514 1158 4645 3586 814 1937 1252 978 3707 3561 920 2552 1251 4733 4353 1759 2531 2124 1579
1 2193
1 3033
1 4553
1 2531
1 4297
1 4085
1 1013
1 1158
1 2629
1 2124
1 3797
1 1013
1 1597
1 822
1 4938
1 2514
1 2715
1 2715
1 2354
1 1937
1 3729
1 1606
1 4297
1 3602
1 3605
1 2552
1 4508
1 3489
1 4642
1 1365
1 1013
1 2887
1 978
1 4297
72 1782 4283 2806 1071 4666 1264 1951 1127 1549 4196 4136 93 1594 3126 3558 1429 2942 4304 3648 1969 339 2590 2136 1852 479 4592 2499 3876 3973 904 954 2492 395 2007 3754 642 3651 4673 2246 4001 3421 4612 1423 2162 3471 1206 3547 1922 2207 430 1114 3095 2505 39 2165 2382 1924 3979 800 1506 500 1870 690 3527 518 2895 119 4622 226 3924 975 835
1 1251
1 4645
1 552
1 4642
1 2887
1 1606
1 3797
1 1597
1 3489
1 2193
1 4820
1 2376
1 4642
1 1251
1 4132
1 1597
1 4085
1 552
1 3729
1 3729
1 1717
1 1034
1 4070
1 2715
1 2715
1 3489
1 1013
1 4866
1 1158
1 1606
1 822
1 2552
1 4353
1 4820
1 1817
1 3797
1 1098
1 1579
1 4642
1 1606
1 2629
1 2552
1 2354
1 2376
1 632
1 822
1 4642
1 1937
1 1717
1 4297
1 4642
1 4502
1 1817
1 3561
1 494
71 1782 4388 3046 504 3388 2287 4626 4400 3056 4374 3734 4030 2352 3731 4069 4453 4728 4720 399 1115 4957 2043 2437 1411 618 2964 183 4333 476 1728 683 684 801 3495 2677 2827 3974 2747 2129 2732 3330 3983 4494 2866 1239 1514 4262 2976 2767 3530 310 4971 1059 3879 2171 1203 4506 4768 3943 513 4536 2968 4862 1646 3079 550 2312 3829 2738 4620 3871
1 3605
1 2629
1 1579
1 3602
1 632
1 2370
1 3605
1 3266
1 2193
1 4642
1 814
1 4019
1 1013
1 2514
1 4866
1 4938
1 4502
1 2887
1 1251
1 552
1 758
1 920
1 1606
1 4733
1 1034
1 3945
1 1242
1 2514
1 4508
1 4085
1 4733
1 827
1 1365
1 1098
1 3561
1 1606
1 2370
1 4132
1 2715
1 3729
1 2887
1 2552
1 2193
1 3586
1 4132
1 1759
1 4353
1 2629
1 1817
1 4019
1 1817
1 4866
1 2514
1 1295
1 4733
1 4642
1 4860
1 2531
1 758
1 3266
1 2124
1 3797
1 552
71 1782 4195 1865 2882 1652 694 1498 851 3573 2719 3972 2213 1802 3323 1339 96 3277 2928 3541 1553 3628 2020 3333 854 3099 2813 1981 4067 2235 3706 2029 4411 598 4707 1111 1145 1940 4214 345 661 970 267 2978 1660 3668 4963 410 41 544 3268 282 2306 2945 1401 3247 4012 3849 1110 2644 3469 2924 1066 2506 2081 294 560 327 5 3978 1453 3139
1 3561
1 3707
1 1937
1 4860
1 2370
1 4508
1 1295
1 4933
1 1365
1 3945
1 978
1 4085
1 2739
1 1817
1 1295
1 3605
1 2514
1 632
1 2887
1 4553
1 978
1 4085
1 3605
1 3489
1 3729
1 2354
1 4860
1 552
1 2376
1 632
1 1158
1 1817
1 3729
1 1759
1 3561
1 632
1 4502
1 1759
1 758
1 4938
1 814
1 1606
1 2629
1 1937
1 2739
1 4645
1 4085
1 1295
1 2739
1 552
1 4502
1 4645
1 3707
1 3489
1 1126
1 1606
1 2739
1 2514
1 2715
1 3602
1 4553
1 2629
1 1158
1 1717
1 4933
1 4933
1 1251
1 632
1 1606
1 1817
1 2887
1 822
1 4938
1 978
1 1295
1 4724
1 4132
1 4297
1 1013
1 2887
1 2193
1 1615
1 1937
1 822
1 3707
1 1597
1 2124
1 1615
1 758
1 2514
1 4866
1 1937
1 822
1 2354
1 3797
1 1158
1 494
1 978
1 4860
1 3033
1 4938
1 2370
1 4820
1 4645
1 4938
1 1873
1 920
1 1717
1 1013
1 2124
1 3561
1 1597
1 1158
1 2193
1 3266
1 2887
1 827
1 758
1 4860
1 2552
1 3586
1 2514
1 4724
1 4353
1 4820
1 4019
1 2376
1 3561
1 494
1 1242
1 4820
1 822
1 2376
1 552
1 4938
1 1098
1 3266
1 4642
1 1759
1 2124
1 2124
1 920
1 2531
1 1937
1 1579
1 814
1 1242
1 4933
1 2629
1 4938
1 3602
1 4938
1 4733
1 4642
1 4085
1 4820
1 1252
1 552
1 2376
1 3586
1 4502
1 3797
1 1295
1 3266
1 1013
1 4019
1 1034
1 4938
1 4353
1 3729
1 3945
1 3602
1 1252
1 1252
1 1034
1 2193
1 2376
1 2514
1 1615
1 4866
1 4132
1 2629
1 2739
1 4019
1 4508
1 1606
71 1782 76 460 4501 4548 3883 4368 3404 2467 864 2245 2047 1679 2078 4655 1934 2371 3030 3557 3009 4455 1410 1479 2749 4375 352 25 3612 4131 657 1393 3201 2322 2356 3444 3961 3301 1490 721 2584 3995 1507 1792 1420 1668 189 2932 2077 2365 3321 1348 568 2953 2024 2890 3675 4462 1671 3905 4546 269 0 753 4528 2321 2547 161 3953 4220 1707 43
1 3707
1 1251
1 3945
1 4508
1 1873
1 4820
1 1251
1 758
1 1251
1 3586
1 1251
1 1817
1 4933
1 1242
1 4297
1 3729
1 1717
1 822
1 2552
1 978
1 814
1 4508
1 4085
1 1126
1 2354
1 1759
1 3266
1 1717
1 4353
1 1579
1 4642
1 4508
1 3945
1 72
1 2193
1 494
1 4019
1 1817
1 2370
1 4724
1 1817
1 1759
1 4866
1 3602
1 814
1 1158
1 1873
1 632
1 4502
1 2370
1 2531
1 4933
1 4070
1 4642
1 4938
1 827
1 2887
1 1759
1 827
1 4933
1 1759
1 4019
1 814
1 3586
1 1252
1 978
1 3602
1 4132
71 1782 1424 2919 1325 658 4603 1916 4021 4625 4194 3108 4103 811 3313 1476 2268 2998 390 4350 2051 681 564 4633 3120 381 3512 4274 1882 2159 3117 521 1076 1314 1783 2807 3272 2018 4634 752 275 4740 4529 2113 3006 2762 616 468 3570 4193 2441 2668 803 4150 1033 2682 2678 1770 1003 962 638 808 3571 3614 2656 1827 3587 3888 1058 2831 456 2911
1 822
1 4645
1 1034
1 920
1 2715
1 1034
1 1098
1 4820
1 2552
1 1615
1 4938
1 1098
1 1013
1 1817
1 4502
1 494
1 2514
1 1579
1 1252
1 1937
1 2376
1 3561
1 2370
1 632
1 4297
1 3489
1 1251
1 814
1 3945
1 3729
1 1013
1 822
1 4502
1 2629
1 822
1 1158
1 1579
1 814
1 1579
1 3945
1 3561
1 1937
1 3605
1 3561
1 4297
1 2376
1 4733
1 1013
1 1295
1 3602
1 4297
1 2124
1 1817
1 1597
1 4933
1 1579
1 3945
1 4132
1 2370
1 822
1 4508
1 920
1 4938
1 3605
1 2552
1 4933
1 3707
1 4132
1 1126
1 3266
1 1252
1 4297
1 2739
1 1251
1 2193
1 3561
1 4297
1 1242
1 3586
1 1717
1 2514
1 3605
1 4933
1 2715
1 827
1 3489
1 827
1 4645
1 552
1 822
1 4132
1 1034
1 4132
1 1873
1 4724
1 3033
1 1717
1 1597
1 2354
1 1251
1 1579
1 4724
1 4933
1 2715
1 2629
1 4820
1 1252
1 1034
1 978
1 72
1 552
1 2376
1 1937
1 814
1 2514
1 4933
1 3561
1 4733
1 1873
1 4353
1 2715
1 2629
1 1365
1 1034
1 1759
1 72
1 2552
1 2124
1 2124
1 1717
1 72
1 552
1 1579
1 3033
1 3945
1 1098
1 1242
1 1158
1 3489
1 1251
1 2514
1 4733
1 2376
1 2887
1 2887
1 4866
1 2715
1 4085
1 2531
1 3797
1 3489
1 4860
1 4733
1 1606
1 2552
1 4860
1 1295
1 1158
1 1873
1 1098
72 1782 2560 2633 4478 422 4218 1536 3084 2031 1149 121 3047 1448 1963 1020 4597 304 3606 1801 1269 103 3177 2659 1596 3679 1580 4404 3635 971 584 483 1191 4988 1670 1860 796 4951 4204 4031 181 2769 1064 2379 4589 3827 2490 2149 232 3498 367 470 477 1322 3425 1236 1161 781 67 3840 2476 3187 780 2553 1511 3097 2292 2865 1089 3909 1222 148 237
1 3586
1 2124
1 4642
1 4085
1 2552
1 3797
1 2629
1 4553
1 1251
1 2887
1 2124
1 4132
1 3266
1 822
1 1251
71 1782 2174 4521 111 475 3920 1762 4811 1529 4238 3440 3261 3698 1436 3682 1140 1518 2454 1879 542 2605 3823 1910 1942 3615 199 1383 3386 2163 3572 3487 1072 3930 2948 2435 1683 3347 3208 574 2472 2481 4489 1045 4735 1737 2252 4242 913 4438 1654 926 3753 2216 509 4658 4883 2962 736 4517 2039 4665 228 4711 482 241 1010 4015 2418 3792 4865 4801
1 2124
1 4085
1 72
1 4502
1 978
71 1782 3543 2070 4584 925 775 1035 2459 1091 2096 1306 3102 1230 70 3663 1750 3267 3248 3624 990 2239 2551 2812 2336 65 2214 3899 1829 532 1011 2661 3278 519 2064 3290 2833 3673 906 4378 1966 4568 951 1861 3674 4008 1505 1572 3103 2708 830 3610 1061 1119 1591 3929 1527 3749 376 4108 1371 2305 2114 4928 4843 950 1226 4245 3433 3346 268 2507
1 758
1 552
1 2354
1 3729
1 1158
1 1817
1 3602
1 4938
1 4297
1 3605
1 3033
1 4502
1 72
1 3945
1 4642
1 1098
1 2514
1 4645
1 1579
1 3602
1 2629
1 3707
1 3729
1 632
1 3489
1 4938
1 2552
1 3266
1 2531
1 1365
1 3586
1 4733
1 4820
1 2514
1 827
1 1242
1 552
1 1098
1 72
1 4070
1 1579
1 2370
1 3489
1 72
1 1242
1 632
1 827
1 72
1 3602
1 1098
1 3561
1 3945
1 1126
1 632
1 4502
1 4820
1 4085
1 3605
1 2370
1 3945
1 1873
1 1365
1 4132
1 978
1 2193
1 2715
1 4938
1 3602
1 758
1 3945
1 814
1 1597
1 2887
1 827
1 3561
1 552
1 1252
1 2370
1 3033
1 4820
1 3797
1 72
1 2376
1 814
1 758
1 4860
1 4070
1 827
1 4070
1 552
1 2124
1 1126
1 1597
1 827
1 1295
1 2370
1 2552
1 1579
1 4724
1 2354
1 2715
1 4733
1 1615
1 3561
1 2370
1 2715
1 4938
1 978
1 3797
1 1252
1 4508
1 2715
1 3602
1 2354
1 4297
1 1817
1 1606
1 2629
1 4733
1 1126
1 1295
1 2739
1 1817
1 978
1 4353
1 1013
1 3489
1 3561
1 1817
1 1937
1 2376
1 1252
1 3605
1 4645
1 4820
1 552
1 4642
71 1782 1296 4602 2059 2334 2410 4147 4515 4985 1887 2645 2550 765 556 2308 3173 1901 4923 2115 818 3101 4062 3450 2027 1776 815 625 3755 1199 4817 871 3955 1415 448 4899 2955 2893 1036 2210 2825 2393 1381 741 1798 1995 609 901 4444 3815 1163 3019 2274 273 1078 976 3769 2604 4047 528 1459 508 1125 4166 1926 1954 209 4362 942 4756 1323 1359
1 4860
1 4820
1 978
1 1759
1 4866
1 1295
1 2629
1 494
1 1597
1 632
1 4502
1 1579
1 3489
1 2531
1 2887
1 4508
71 1782 4141 1385 3911 2742 37 250 2405 2891 4407 1197 4344 2930 4159 557 3617 729 4161 1167 1263 4233 2555 2703 363 1221 1186 674 144 4873 3882 1709 3937 3868 1053 366 4703 1000 1786 4129 3068 2808 3724 4228 3790 713 3501 2528 4915 3695 2914 3591 4679 2175 15 4315 4960 2080 1380 825 590 1931 2342 3860 3813 4235 1168 2614 1584 4490 2791 1715
1 1158
1 4645
1 758
1 2739
1 4297
1 1365
1 814
1 3602
1 4933
1 758
1 1717
1 3602
1 3561
1 552
1 3605
1 2124
1 3561
1 552
1 2514
1 2376
71 1782 3966 2143 2202 4303 3730 4484 1524 3771 287 4284 4167 3795 3932 4487 4162 1808 1734 2839 3756 1131 1232 964 2403 1021 3637 3619 459 3394 722 1915 3344 4456 2359 4977 3912 4048 3852 2320 4331 3086 785 1598 1849 2578 3554 2057 1576 2473 219 4058 2348 4762 1859 4968 75 4631 1771 760 4427 1766 4540 3254 4695 3185 2709 4718 2876 4812 2258 2569
1 2354
1 1717
1 2531
1 1365
1 3489
1 3797
1 3707
1 2354
1 1126
1 3602
1 1242
1 4733
1 1158
1 822
1 1597
1 3489
1 2552
1 4733
1 1295
1 2629
1 814
1 2739
1 552
1 1615
1 4866
1 2552
1 4820
1 2887
1 822
1 4860
1 1365
1 2124
1 1251
1 552
1 1717
1 1615
1 1295
1 1817
1 632
1 4297
1 1251
1 1013
1 978
1 827
1 2629
1 4820
1 4860
1 552
1 3729
1 632
1 3586
1 2514
1 2370
1 3945
1 978
1 4508
1 494
1 3602
1 1606
1 1158
1 3489
1 2531
1 2887
1 4733
1 4353
1 4502
1 3602
1 1034
1 758
1 4070
1 72
1 4085
1 4553
1 920
1 1126
1 1759
72 1782 967 1921 2720 2494 2848 4158 3461 2755 1001 995 1508 2397 1134 2086 1858 579 2227 3595 3575 4116 821 1875 1980 4027 602 961 1999 2521 2361 862 4573 2315 3308 2685 930 2119 2572 833 4263 4576 4824 1379 2845 4160 940 953 4593 4710 2861 1791 1165 3742 2298 3015 4415 1109 321 3075 946 3269 2597 4767 1710 4769 4009 4469 1152 4531 3998 1482 3119
1 552
1 814
1 4019
1 2354
1 3489
1 72
1 4070
1 2715
1 1251
1 4070
1 4724
1 3586
1 4645
1 3707
1 1937
1 2514
1 72
1 2739
1 2887
1 3945
1 4297
1 4724
1 1615
1 2739
1 552
1 2887
1 2193
1 2887
1 3489
1 2354
1 3797
1 2376
1 822
1 1126
1 827
1 3266
1 632
1 1252
1 2193
1 1126
1 4724
1 4933
1 72
1 4645
1 4642
1 1606
1 1251
1 1873
1 2193
1 4085
1 4733
1 1242
1 2193
1 2887
1 4938
1 2629
1 3729
1 4019
1 4508
1 3586
1 3561
1 3266
1 4860
1 4820
1 4019
1 3586
1 4938
1 1013
1 4733
1 4866
1 1252
1 3266
1 4297
1 2531
1 1013
1 3707
1 4866
1 3586
1 2376
1 2552
1 1615
1 1597
1 72
1 4019
1 1606
71 1782 1842 4790 4840 3889 3807 2488 335 3031 4867 251 1912 1388 1621 3646 3703 665 4864 4674 647 4473 3435 2277 4926 2637 4987 4089 3418 4259 3332 2482 2198 3109 4821 1465 4763 2297 1799 264 4133 2442 3638 637 38 1841 2975 1603 4757 1996 2477 2314 1202 284 3396 1800 1092 3580 1582 3817 4815 4413 414 617 3864 439 910 2340 2780 2921 3732 2768
1 1759
1 1365
1 2887
1 1937
1 2629
1 4645
1 3266
1 1579
1 3945
1 4019
1 1034
1 1759
1 3266
1 4085
1 4085
1 1615
1 1873
1 3729
1 552
1 1034
1 1759
1 552
1 1873
71 1782 2994 3488 748 4667 1714 4351 2758 2120 2498 2653 1489 3382 3130 1583 385 3306 788 853 2763 1749 1986 45 1174 3562 3676 1079 3701 1950 2989 3312 3027 1509 319 86 701 495 3931 600 461 567 3361 3052 3494 3658 429 137 3370 3540 2574 426 688 4121 1982 3854 2535 883 2266 4178 3167 2860 2647 4352 262 3935 562 1994 295 4480 4370 533
1 3707
1 3945
1 2531
1 1013
1 4297
1 3033
1 3729
1 1873
1 3605
1 2124
1 920
1 4085
1 1126
1 4866
1 758
1 2629
1 4502
1 1365
1 2739
1 1098
1 758
1 4938
1 2193
1 2739
1 1251
1 632
1 1158
1 1873
1 2715
1 2354
1 4085
1 1252
1 4508
1 4553
1 1365
1 920
1 1251
1 4553
1 494
1 1365
1 2715
1 4733
1 3266
1 3586
1 1251
1 4645
1 1252
1 3945
1 4508
1 978
1 4642
1 2531
1 3729
1 4860
1 3266
1 1365
1 1606
1 1242
1 978
1 2887
1 758
1 1252
1 4645
1 3797
1 814
1 1597
1 1817
1 2193
1 2531
1 1579
1 4070
1 4085
1 2376
1 1937
1 1579
1 4642
1 4132
1 1295
1 2887
1 552
1 2887
1 4933
1 1034
1 494
1 1034
1 2514
1 1606
1 1873
1 4860
1 552
1 3729
1 2193
1 4724
1 2376
1 3602
1 4019
1 1034
1 4645
1 3586
1 2552
1 72
1 4933
1 822
1 4132
1 978
1 2629
1 552
1 822
1 2629
1 3489
1 4508
1 3561
1 3707
1 4938
1 3797
1 3605
1 822
1 3033
1 3602
1 4642
1 2739
1 2629
1 1251
1 3945
1 1295
1 2354
1 1873
1 494
1 3033
1 4553
1 1597
1 814
1 72
1 632
1 1579
1 4085
1 2552
1 3707
1 1251
1 1013
1 3602
1 4645
1 1937
1 3266
1 1759
1 1252
1 1759
71 1782 2181 506 4060 3077 2008 2896 2364 720 4186 1154 2017 2615 4169 4172 3510 3358 3642 4816 3485 963 4191 1822 3376 1538 2337 431 802 4477 2449 4087 639 782 3969 4610 921 2529 2580 2818 4120 845 1105 2799 1495 1814 3042 1755 1781 2683 1049 1891 1718 2657 4629 3621 127 97 1956 3067 2655 1171 2338 1914 2820 2648 3319 4810 4505 2053 3325 2718
1 632
1 3266
1 2124
1 2531
1 4553
1 2514
1 3586
1 1817
1 2887
1 1126
1 822
1 4866
1 920
1 3561
1 1606
1 1013
1 3489
1 4502
1 1013
1 4553
1 1597
1 494
1 1252
1 2193
1 1606
1 1251
1 2531
1 4508
1 3945
1 4820
1 1252
1 2193
1 3586
1 2715
1 1098
1 1098
1 1937
1 3602
1 4508
1 1295
1 1937
1 822
1 2531
1 3266
1 2124
1 3707
1 4502
1 4820
1 1251
1 822
1 1158
1 1615
1 827
1 4642
1 1817
1 3561
1 4860
1 1937
1 1034
1 1606
1 2370
1 3586
1 3729
1 3797
1 4132
1 2124
1 1034
1 2514
1 3489
1 1034
1 4645
1 4353
1 3586
1 4820
1 2370
1 3945
1 1873
1 1717
1 1098
1 1242
1 1873
1 3489
1 4353
1 494
1 4933
1 827
1 4642
1 2715
1 1873
1 3707
1 1937
1 3586
1 632
1 827
1 1252
1 822
1 4070
1 4132
1 4553
1 3602
1 1034
1 2739
1 827
1 4860
1 4645
1 4933
1 2739
1 4820
1 3605
1 4502
1 2193
1 72
1 758
1 758
1 1126
1 3586
1 3945
1 814
1 2193
1 494
1 4508
1 2124
1 1013
1 4132
1 3707
1 3586
1 552
1 2629
1 920
1 1717
1 827
1 2514
1 632
1 4820
1 1126
1 3707
1 3561
1 1606
1 4070
1 2739
1 978
1 3729
1 2124
1 2715
1 1158
72 1782 4607 651 787 3253 1258 3463 3349 3721 1375 1640 869 1229 1449 4177 4282 644 1297 3611 980 700 3255 1048 3565 4007 708 1784 3342 4458 180 2455 3451 4759 1744 1669 3225 3894 1747 3229 2745 3989 3302 135 3452 2868 899 4452 4698 4955 2857 160 1573 324 3779 1225 4337 505 49 4919 624 2327 1315 2037 3360 4774 4143 3210 2387 1478 922 4298 2289
1 1579
1 1295
1 4820
1 1717
1 4019
1 3707
1 4733
1 1013
1 2887
1 4132
1 4866
1 4724
1 1873
1 2354
1 4019
1 552
1 1126
1 3586
1 2739
1 4132
1 3797
1 1717
1 1873
1 3489
1 4933
1 494
1 1252
1 3605
1 4019
1 1252
1 3266
1 4297
1 3489
1 2887
1 2531
1 3561
1 4297
1 4866
1 3605
1 3489
1 1295
1 2629
1 920
1 2887
1 4297
1 1873
1 3797
1 4132
1 827
1 1365
1 2354
1 4553
1 2552
1 3602
1 758
1 4070
1 4553
1 1013
1 4070
1 4508
1 3605
1 1817
1 1158
1 2354
1 1034
1 1937
1 1295
1 2514
1 2376
1 2376
1 3797
1 1717
1 822
1 1158
1 2193
1 2715
1 4820
1 3945
1 1717
1 4724
1 4938
1 920
1 3489
1 2193
1 4070
1 2629
1 2193
1 4820
1 1013
1 3797
1 3729
1 4132
1 1817
1 4860
1 1365
1 4642
1 2739
1 1252
1 1252
1 4642
1 3945
1 4502
1 4724
1 4502
1 3605
1 1937
1 4502
1 3586
1 3602
1 3797
1 3797
1 4019
1 4860
1 494
1 822
1 4070
1 1597
1 1579
1 1295
1 4820
1 1034
1 4297
1 4508
1 1098
1 4733
1 3707
1 1717
1 3602
1 4645
1 3707
1 4938
1 920
1 3266
1 2739
1 632
1 1126
1 1158
1 814
1 4553
1 2514
1 4297
1 552
1 4508
1 2354
1 4866
1 1759
1 1295
1 4733
1 1579
1 1034
1 3266
1 2552
1 1615
1 2354
1 920
1 4085
1 3945
1 1759
1 3729
1 3266
1 4724
1 552
1 4645
1 4132
1 1717
1 4070
1 4724
1 2124
1 1251
1 4933
1 4502
1 494
1 920
1 4860
1 2370
1 1126
1 3033
1 3945
1 1295
1 4553
1 3586
1 3605
1 4866
1 4733
1 1252
1 1597
1 4733
1 1295
1 814
1 4502
1 1098
1 3033
1 4553
1 1606
1 814
1 3033
1 1013
1 4508
1 4553
1 1013
1 758
1 920
1 3561
1 3729
1 1158
1 4297
1 632
1 827
1 1717
1 4297
1 1034
1 4508
1 632
1 1937
1 2376
1 72
1 3602
1 72
1 3602
1 3033
1 2552
1 3033
1 1013
1 758
1 632
1 4085
1 1365
1 2370
1 3489
1 827
1 72
1 4933
71 1782 4076 3746 1651 2052 3355 561 4205 139 1933 3884 2691 4358 2883 254 4723 2782 2263 343 1881 677 4101 255 2367 2794 834 1018 685 4499 2722 2701 3574 4072 3064 3184 1521 120 3816 2665 1440 891 1044 710 3666 2101 2889 1620 4990 3166 3747 2074 982 2931 4399 156 1494 2404 3962 1601 1697 4049 2151 3296 4492 3193 2728 4590 4483 94 397 1193
1 2376
1 1937
1 2629
1 632
1 3489
1 2193
1 72
1 978
1 4132
1 3586
1 1937
1 2376
1 4353
1 1034
1 4019
1 4820
1 4019
1 1615
1 4085
1 4019
1 4933
1 632
1 4642
1 2376
1 1098
1 3605
1 1295
1 4645
1 1034
1 3266
1 3586
1 1365
1 827
1 3605
1 2124
1 3033
1 1597
1 72
1 1034
1 2739
1 1098
1 2629
1 1158
1 3489
1 1717
1 2739
1 2193
1 4502
1 4724
1 4508
1 1615
1 4866
1 2887
1 3586
1 2124
1 4132
1 1937
1 1098
1 2887
1 4642
1 1597
1 4019
1 1615
1 1873
1 1717
1 2715
1 1937
1 1606
1 920
1 4724
1 4508
1 978
1 3797
1 4070
1 920
1 3033
1 1013
1 2552
1 4820
1 2376
1 2370
1 758
1 3033
1 4866
1 3797
1 494
1 3707
1 1759
1 3266
1 72
1 4938
1 2887
1 1158
1 3033
1 2739
1 1098
1 920
1 978
1 4553
1 4132
1 1295
1 3797
1 4297
1 2739
1 4502
1 4085
1 3489
1 4508
1 1098
1 2887
1 4645
1 1759
1 3729
1 4733
1 3602
1 2739
1 552
1 827
1 827
1 2370
1 1126
1 1873
1 4866
1 4866
1 978
1 3561
1 4132
1 2552
1 1158
1 2715
1 4933
1 1158
1 920
1 3707
1 4297
1 494
1 4733
1 2124
1 4553
1 1606
1 4132
1 4645
1 920
1 3561
1 1597
1 1759
1 72
1 4866
1 3945
1 4820
1 1759
1 2715
1 1126
1 3945
1 1817
1 494
1 4132
1 814
1 2354
1 1034
1 822
1 1098
1 1717
1 4353
1 4820
1 3729
1 2376
1 4645
1 2715
1 827
1 4860
1 3489
1 822
1 2370
1 1759
1 920
1 632
1 2124
1 4820
1 1759
1 3729
1 3729
1 1126
1 2514
1 3033
1 3033
1 4820
1 1126
1 3489
1 1597
1 4860
1 632
1 4866
1 1098
1 2629
1 1579
1 3033
1 3605
1 4553
1 552
1 4642
1 1034
1 1937
1 827
1 1817
1 822
1 4353
1 1365
1 4820
1 3602
1 4724
1 4508
1 4820
1 1365
1 3489
1 920
1 4085
1 4085
1 2887
1 3707
1 2370
1 2739
71 1782 573 766 4765 279 1961 1622 2613 2969 734 2904 554 3271 2568 778 2279 4493 2956 1991 3988 4123 3116 246 1562 2419 3262 1456 2219 3438 610 412 3310 2332 2557 2658 3057 956 1231 3066 1810 4328 42 4520 1826 2344 326 3481 3878 653 402 3685 2527 2634 4299 1843 538 3373 3504 3073 2503 1389 1065 1756 1277 1235 1102 4678 2401 2849 3455 540
1 1295
1 1606
1 632
1 1365
1 2739
1 1873
1 3602
1 827
1 2354
1 1098
1 4297
1 2531
1 3561
1 4938
1 3489
1 4866
1 4508
1 4733
1 494
1 4132
1 2887
1 1579
1 2193
1 4553
1 3707
1 4553
1 4938
1 4019
1 4724
1 4297
1 4070
1 4553
1 4085
1 978
1 4866
1 978
1 632
1 1817
1 3707
1 3605
1 1873
1 1579
1 1013
1 4297
1 1295
1 920
1 4933
1 814
1 3561
1 4733
1 2739
1 1937
1 920
1 2376
1 4508
1 4642
1 4860
1 1817
1 3605
1 4733
1 1365
1 920
1 1597
1 4297
1 2552
1 3729
1 4938
1 2124
1 1817
1 822
1 3707
71 1782 1972 916 2427 2943 1218 1080 1418 2901 2234 2215 322 3236 1871 660 4741 863 4200 3410 4522 55 3737 3538 2548 1422 4760 1588 3772 900 2451 4580 3735 4093 3739 1938 4624 2544 4334 3904 2237 2310 3024 4164 2690 3726 2480 270 3800 4778 1908 1673 69 2851 245 2065 3392 2048 902 1244 4409 2269 3502 392 3069 1074 1257 998 4975 2504 754 4417
1 2739
1 4070
1 3945
1 3033
1 4938
1 3707
1 3945
1 1717
1 2193
1 2193
1 2370
1 1937
1 3266
1 2629
1 4019
1 3586
1 3729
1 1295
1 2715
1 1606
1 822
1 3707
1 4085
1 632
71 1782 3618 1604 3297 1396 2641 52 151 1194 4385 2960 1189 3276 29 3697 1531 2695 4752 1633 1262 1434 3013 3959 2894 4111 1050 3141 2920 2979 2097 2783 2355 4937 959 3714 3836 2134 2838 3051 1639 4566 4061 3686 507 3577 745 1512 2689 1720 2603 4689 2058 4903 4343 229 1917 2707 2949 846 24 3003 4941 308 2272 1022 2188 3214 3320 2407 1219 176
1 2193
1 4820
1 1158
1 4502
1 2531
1 632
1 4019
1 4938
1 2629
1 3707
1 4553
1 1295
1 822
1 758
1 4938
71 1782 235 1501 3250 3476 1877 2543 2834 2168 3623 2610 2088 924 2191 1462 4174 2425 2109 1556 1160 4513 3839 4828 2383 3657 2987 4956 3142 167 4729 1024 1294 2489 2858 2619 1687 4118 595 1806 1054 908 1248 4202 586 3496 1997 3161 2444 1279 549 1187 441 4894 2562 4396 3087 3381 3825 46 4330 3252 2925 142 965 4600 2396 4032 2880 2243 1192 2539
1 3707
1 1295
72 1782 3933 4595 929 125 1748 3950 2257 2236 123 3529 2386 4875 3300 3072 4830 3728 3464 4732 581 4878 648 4705 1581 3758 1492 633 1183 559 3548 553 2748 3292 89 3094 1880 4104 4446 1953 1159 4064 1096 4798 3215 1169 2434 1341 2509 1960 2275 1563 4787 2546 162 4953 2996 1874 3916 3138 596 714 848 3061 4251 2855 1807 541 1302 1357 4090 4831 589
1 2354
1 4019
1 4860
1 1098
1 2376
1 3033
1 2124
1 4933
1 2193
1 2370
1 1098
1 2531
1 3586
1 2552
1 72
1 2887
1 4733
1 3602
1 2376
1 814
1 1759
1 1295
1 1937
1 1013
1 3945
1 1759
1 3707
1 4508
1 4070
1 2354
1 1615
1 2552
1 2715
1 1615
1 1158
1 4724
1 2887
1 920
1 827
1 827
1 2715
1 4724
1 1817
1 4070
1 4938
1 1817
1 1252
1 1295
1 814
1 1365
1 4353
1 3602
1 2739
1 1717
1 3729
1 4820
1 1098
1 2376
1 4070
1 1295
1 3266
1 1615
1 1937
1 3707
1 1365
1 4866
1 3797
1 2376
1 2376
1 2124
1 2739
1 3945
1 4502
1 2354
1 4866
1 4085
1 2370
1 1606
1 4553
1 3489
1 3586
1 4353
1 4645
1 1126
1 1252
1 1615
1 978
1 4724
1 827
1 2531
1 814
1 3586
1 2370
1 4132
1 4733
1 2739
1 3797
1 2715
1 3729
1 4820
1 1937
71 1782 2260 1543 487 4715 2877 4686 3353 3400 3669 2398 3596 3743 4039 3528 3583 1990 613 2705 1333 2643 3163 4189 1227 3560 1939 2740 1123 4688 3023 4564 806 296 535 809 999 1595 4099 4383 3898 4560 3567 3603 3915 2125 1773 2852 938 1367 3514 256 594 3875 3039 2933 2022 1780 1723 3012 991 1647 4664 4999 3159 153 3486 3632 1674 2977 2559 1677
1 1242
1 3729
1 3797
1 1013
1 1242
1 1251
1 3586
1 1615
1 4508
1 822
1 494
1 4724
1 4642
1 3033
1 1034
1 1126
1 2531
1 552
1 3561
1 1597
1 3605
72 1782 2107 1350 3379 4013 1178 2380 496 488 4896 2746 4800 530 3448 3432 4533 3660 1836 2733 4648 227 4142 4525 703 18 789 35 1913 3237 2399 2601 2140 171 696 1623 3192 4989 2830 2950 4364 4249 1309 406 4895 2792 1803 3124 3578 3704 668 2223 4357 2686 3029 1837 1510 1726 3555 1962 249 4105 4657 1063 1970 297 749 4872 4635 3447 4277 3709 3842
1 2552
1 1873
1 2715
1 1606
1 1873
1 3561
1 632
1 3561
1 1252
1 3561
1 1597
1 4353
1 2629
1 3707
1 1158
1 72
1 3266
1 3266
1 1013
1 2376
1 1126
1 1013
1 3797
1 2370
1 1817
1 2514
1 2552
1 1295
1 3605
1 1013
1 4733
1 4297
1 1606
1 1242
1 4502
1 494
1 4553
1 4645
1 920
1 2514
1 1242
1 2552
1 3561
1 4933
1 4297
1 552
1 4297
1 1013
1 4866
1 3033
1 1242
1 1158
1 632
1 1759
1 4933
1 1034
1 4938
1 494
1 822
1 4019
1 2531
1 3945
1 2370
1 1597
1 494
1 2552
1 4553
72 1782 4252 4183 4570 374 336 4591 3710 3054 1 1772 2457 3799 1779 3339 4793 1935 1645 4932 4562 2485 2099 3752 2360 4805 405 577 2803 1678 3368 1575 2558 4390 3702 3123 190 1824 3672 2032 4149 3351 1299 3080 726 934 3819 4354 3143 4270 2951 3853 1370 1793 2660 1528 4423 3104 349 2854 1128 223 13 2343 272 3940 4504 3809 3144 1853 1469 885 1307
1 494
1 3797
1 3561
1 4508
1 1251
1 1717
1 4508
1 1242
1 4019
1 2715
1 758
1 3797
1 1251
1 1251
1 4019
1 2531
1 1034
1 2514
1 3266
1 2715
1 632
1 3797
1 4502
1 4070
1 4938
1 2370
1 4733
1 3602
1 1098
1 2354
1 4132
1 1873
1 1098
1 1242
1 978
1 4642
1 1034
1 4297
1 3586
1 1597
1 4645
1 3602
1 2354
1 814
1 3729
1 1034
1 1126
1 4132
1 1013
1 978
1 4297
1 1937
1 4933
1 4642
1 2552
1 3797
1 2739
1 4297
1 4938
1 4085
1 1615
1 4860
1 2531
1 4070
1 1759
1 3945
1 2715
1 1295
1 4733
1 4866
1 2531
1 552
1 1579
1 1873
1 1242
1 4508
1 1158
1 3707
1 1817
1 758
1 3489
1 1873
1 632
1 4933
1 2531
1 2124
1 3266
1 4019
1 1098
1 822
1 2193
1 2715
1 3945
1 4085
1 4724
1 4642
1 3033
1 1126
1 814
1 1013
1 3707
1 2376
1 1615
1 4938
1 72
1 1242
1 3561
1 2124
1 3945
1 822
1 4553
1 2354
1 4642
1 2531
1 2552
1 758
1 758
1 3707
1 3605
1 1252
1 1242
1 4353
1 2370
1 4820
1 1013
1 1597
1 1817
1 4938
1 4085
1 1126
1 758
1 2376
1 2370
1 2739
1 2552
1 3605
1 1158
1 2739
1 1251
1 2531
1 494
1 4297
1 3797
1 1158
1 4070
1 1873
1 1579
72 1782 1017 3890 795 2446 1104 3564 95 2649 3906 3630 355 735 1721 4980 230 2916 4934 2390 1899 3677 388 524 115 3004 4248 3134 3420 2127 2157 3415 2787 2250 2963 1473 2741 912 30 2328 4140 3211 1446 1947 158 2436 2724 3946 2863 4170 2222 2108 2606 1741 3568 4389 2233 693 4054 4326 3970 636 4516 1637 368 4014 4545 2428 3111 3863 4356 3791 3190
1 3945
1 4933
1 4019
1 1295
1 3605
1 827
1 4820
1 2124
1 4297
1 2514
1 4866
1 920
1 1034
1 3586
1 4724
1 2124
1 3266
1 1158
1 4733
1 4085
1 2552
1 4132
1 4860
1 2887
1 3945
1 4019
1 1937
1 1817
1 1873
1 1158
1 1717
1 978
1 1937
1 1817
1 4866
1 4645
1 4502
1 1873
1 758
1 494
1 1126
1 4132
1 3489
1 3033
1 4933
1 1295
1 814
1 1717
1 1013
1 2124
1 4502
1 4645
1 2629
1 1579
1 4353
1 1817
1 4353
1 4645
1 1158
1 1717
1 4353
1 3033
1 2376
1 2629
1 632
1 1251
1 1937
1 3729
1 3945
1 2370
1 1615
1 4132
1 1759
71 1782 4310 1768 843 897 129 4034 4217 3593 3806 4825 3328 2121 4749 3145 1015 3576 2687 4571 3038 2725 4754 4939 3971 1249 3286 3281 4237 2186 4335 1041 78 993 4369 2103 1413 98 2694 4100 1276 1153 1682 1686 155 1923 3607 4276 2063 525 3048 1665 2713 1885 3812 2835 4086 147 4348 1690 2632 3283 4614 1540 3948 3789 3517 4806 3062 3885 663 2161
1 1365
1 2193
1 1615
1 1579
1 1717
1 552
1 4820
1 2629
1 4353
1 4860
1 1873
1 2354
1 3602
1 1295
1 4019
1 1013
1 1365
1 1034
1 978
1 3707
1 72
1 1606
1 1013
1 494
1 978
1 72
1 1158
1 2514
1 2552
1 3266
1 552
1 978
1 4724
1 1126
1 3945
1 1158
1 4938
1 1126
1 2552
1 4553
1 2887
1 3586
1 2514
1 4860
1 3605
1 4642
1 632
1 1937
1 1251
1 1873
71 1782 4888 733 490 3199 1740 4920 19 4405 4692 4969 3118 4539 1019 3634 1515 3520 2639 266 2622 4671 4846 3089 436 1282 3821 1372 3563 462 3664 3649 1767 4555 943 1177 4258 4256 2636 2177 1663 4488 1570 3092 4853 2416 2465 4325 2810 4146 3149 1483 4308 1250 1006 3861 622 3340 4745 1560 1840 4482 1026 4278 274 1144 1320 2463 3026 2984 1069 3942
1 1242
1 3266
1 1579
1 1251
1 4860
1 3266
1 1251
1 4132
1 1759
1 4938
1 1252
1 814
1 1579
1 1759
72 1782 4814 3891 1525 2372 1903 289 4144 585 523 3189 3522 3483 4897 1788 1504 286 3926 3965 1634 2751 2811 4660 3681 117 4639 1959 2358 1600 2729 4311 224 2770 2679 3372 1949 4687 3259 670 4962 3857 1984 4681 1207 4210 2341 4982 10 2147 4535 4604 2624 6 3584 2433 2875 607 576 4921 3484 4275 4372 1834 3285 2730 886 4340 4726 1361 1382 187 2092
1 4019
1 2887
1 4353
1 2715
1 3605
1 4724
1 827
1 3561
1 1126
1 4820
1 72
1 1606
1 1597
1 3707
1 4019
1 3266
1 4642
1 2193
1 3605
1 3729
1 1252
1 1126
1 2376
1 814
1 1579
1 3586
1 4553
1 4860
1 72
1 827
1 2629
1 978
1 3602
1 1759
1 2887
1 2739
1 1251
1 3489
1 552
1 1158
1 1158
1 4502
1 4508
1 2531
1 1365
1 2124
71 1782 3699 2251 1460 1832 4078 2286 3509 3197 3322 4682 2843 91 3275 4349 2439 378 4017 3081 1060 3828 1430 2118 832 4621 3845 244 1644 3393 1666 4436 2261 1088 3366 3987 4659 1918 4997 458 937 3043 3053 3407 4764 1139 1911 2985 3011 134 4578 3967 3423 2952 1073 2284 1757 1692 4424 2014 819 3125 225 711 178 4440 1002 2192 4466 2366 2816 27
1 2715
1 4860
1 758
1 1817
1 1579
1 814
1 1126
1 3945
1 2531
1 3729
1 3033
1 4085
1 1615
1 4070
1 2514
1 4645
1 3797
1 2193
1 494
1 4860
1 814
1 1034
1 4502
1 1252
1 4733
1 2629
1 2531
1 2629
1 2531
1 2552
1 1615
1 3561
1 822
1 2514
1 2552
1 4502
1 2887
1 3945
1 1759
1 2887
1 494
1 3602
1 72
1 1251
1 3033
1 2739
1 1126
1 1717
1 4642
1 1013
1 3797
1 1251
1 1126
1 2887
1 1158
1 814
1 3707
1 1295
1 2887
1 822
1 2193
1 2193
1 1937
1 1817
1 1295
1 1098
1 1597
1 3561
1 1759
1 3602
1 632
1 2354
1 3266
1 1126
1 1242
1 4553
1 4502
1 4085
1 1242
1 4645
1 4502
1 1937
1 4508
1 4508
1 4019
1 2354
1 822
1 2124
1 4724
1 4938
1 758
1 814
1 1252
1 4297
1 1365
1 2531
1 1126
1 4724
1 1295
1 827
1 2531
1 1759
1 2531
1 1251
1 4019
1 2370
1 4724
1 4938
1 4353
1 2370
1 1759
1 1606
1 2376
1 4297
1 1717
1 3945
1 3729
1 4860
1 3605
1 3797
1 4297
1 4938
1 4502
1 4070
1 4733
1 4070
1 2715
1 4866
1 4866
1 1873
1 2629
1 1295
1 4820
1 920
1 1365
1 4820
1 4860
1 3797
1 1717
1 4860
1 1597
1 2193
1 4085
1 4019
1 3729
1 4070
1 1579
1 4642
1 4866
1 3033
1 1817
1 2552
1 1126
1 4866
1 1597
1 632
1 4645
1 827
1 1597
1 4502
1 814
1 1365
1 4508
1 1615
72 1782 3855 3835 1787 2238 312 4322 3155 3500 1805 4694 157 307 626 3070 3369 2265 214 4439 522 2650 2218 1362 3774 2592 4761 3939 755 16 2139 3954 3848 4931 2491 3533 3174 855 2270 4972 2744 3401 4226 664 3243 4253 447 2702 4246 3239 1220 1255 2385 840 1867 2536 1816 4959 895 3761 3553 1201 3776 4809 4776 794 3065 3519 3078 1602 2244 2015 4701
1 3033
1 3489
1 4724
1 1717
1 4724
1 2552
1 1817
1 1579
1 1251
1 4353
1 4070
1 4353
1 4019
1 4085
1 1597
1 1126
1 494
1 2531
1 4642
1 4502
1 1242
1 827
1 822
1 4866
1 4297
1 1615
1 822
1 4070
1 3945
1 4866
1 3489
1 4860
1 3602
1 2552
1 827
1 1873
1 3561
1 4019
1 4502
1 3033
1 1597
1 1759
1 4085
1 1098
1 1717
1 3586
1 2531
1 920
1 4724
1 1295
1 4019
1 4132
1 2193
1 2739
1 2739
71 1782 4309 4307 4408 3430 770 2061 1850 783 4495 1733 184 102 4708 1642 536 646 80 192 876 1311 578 3687 1321 1181 2153 4893 1280 446 2106 1516 4978 4241 4554 605 1217 449 3656 4088 2501 3741 133 3279 383 1435 659 83 1635 2617 291 263 4002 4000 2313 62 612 4006 3473 1585 723 4512 231 4669 817 1920 3919 4028 292 2959 2970 1358
1 3797
1 978
1 3945
1 3729
1 3266
1 1034
1 4820
1 1034
1 2514
1 4724
1 3729
1 822
1 4508
1 4938
1 2124
1 4019
1 2739
1 1034
1 4085
1 494
1 1873
1 2124
1 814
1 1717
1 2376
1 1597
1 920
1 827
1 1158
1 3707
1 1242
1 3586
1 4860
1 72
1 1873
1 3945
1 3797
1 494
1 72
1 1579
1 4933
1 1597
1 3602
1 4733
1 632
1 3266
1 1873
1 1242
1 1365
1 1615
1 2354
1 4070
1 920
1 2531
1 4353
1 3561
1 4553
1 1937
1 978
1 2715
1 4724
1 2629
1 758
1 3561
1 1615
1 72
1 552
1 494
1 4502
1 3797
1 4132
1 1606
1 1034
1 2552
1 1615
1 4860
1 978
1 1365
1 827
1 920
1 4553
1 978
1 4132
1 758
1 2370
1 4297
1 4132
1 1606
1 4933
1 920
1 2514
1 822
1 3605
1 1098
1 1126
1 920
1 1759
1 1759
1 3033
1 1873
1 632
1 2124
1 2552
1 1242
1 3033
1 1252
1 1759
1 978
1 2124
1 814
1 4820
1 920
1 4132
1 1365
1 814
1 2629
1 1295
1 1597
1 4642
1 2715
1 1251
1 4933
1 1242
1 2887
1 2354
1 1158
1 2739
1 4733
1 4070
1 3266
1 2552
1 4866
1 1615
1 2552
1 4070
1 2370
1 2531
1 1759
1 3266
1 3489
1 1873
1 4353
1 1034
1 1034
1 4733
1 3266
1 978
1 2124
71 1782 4209 1304 1974 211 4317 2208 1397 347 2226 936 2618 2525 1988 3223 3204 4255 467 4213 236 1869 4976 3314 874 933 2756 3140 1113 1758 979 534 4168 3764 3982 4945 4155 3996 4127 917 253 3371 4852 1662 333 1195 1084 4422 2173 2997 546 3820 2905 1224 3590 2388 4292 4850 3137 4557 1890 82 2934 3678 4886 2374 4550 2431 3135 4336 873 2098
1 4866
1 3797
1 2887
1 1873
1 4933
72 1782 2146 3316 606 1902 1241 2850 1318 2788 4870 193 3801 3716 2530 109 3156 317 3478 945 3873 4295 4771 981 1120 678 896 1809 3176 706 3804 3374 4128 2254 790 3544 3093 3633 1271 955 928 3506 2926 4216 1943 3245 1285 3337 4366 489 4215 2688 4829 2122 106 4750 1578 315 1143 3231 2608 2915 1039 807 4797 3 2156 2487 2128 443 2772 3008 1136
1 1098
1 4645
1 1579
1 4353
1 3602
1 1098
1 2514
1 3945
1 2370
1 72
1 4642
1 3489
1 2370
1 3561
1 758
1 1759
1 3729
1 4645
1 1158
1 2124
1 2193
1 1759
1 2629
1 4724
1 3729
1 920
1 4085
1 1873
1 4733
1 758
1 4070
1 2552
1 1242
1 758
1 1365
1 1597
1 3945
1 2124
1 822
1 2124
1 1251
1 4502
1 1615
1 4642
71 1782 614 1957 4818 3172 4208 1340 2 3405 3766 1739 831 587 2777 11 2892 77 3597 4567 2907 3515 3796 1586 2773 1216 1539 79 4644 948 4832 791 2625 3226 2362 3521 1400 1998 4891 1785 2869 1040 894 1548 445 372 4434 888 3213 3365 2986 1324 3465 3090 3232 4586 879 61 4112 4059 1519 3908 3513 3085 1337 1732 4861 1032 4410 3684 1696 1513
1 4353
1 4070
1 1365
1 4502
1 4938
1 1615
1 3707
1 814
1 3797
1 4642
1 3707
1 4733
1 3586
1 4553
1 2376
1 4642
1 3797
1 4019
1 1579
1 2629
1 1013
1 1034
1 2629
1 1126
1 4132
1 1615
1 3561
1 978
1 1242
1 1717
1 2376
1 1597
1 4553
1 814
1 632
1 2354
1 3266
1 3797
1 1817
1 2629
1 552
1 3605
1 4938
1 2354
1 4642
1 72
1 3602
1 814
1 2514
1 2193
1 4085
1 1579
1 1759
1 3033
1 4866
1 1242
1 2887
1 1242
1 1817
1 1365
1 4019
1 1252
1 1717
1 1242
1 978
1 552
1 1873
1 4132
1 1817
1 552
1 3561
1 2193
1 1873
1 4724
1 1606
1 2887
1 1242
1 2552
1 4724
1 2193
1 2193
1 3729
1 4860
1 4938
1 1126
1 4085
1 1606
1 1759
72 1782 1676 2075 4280 2091 4598 2941 1856 4102 1864 1477 4569 3467 1433 4924 2674 4316 1624 2974 3720 2859 1811 1706 2178 828 3893 3133 608 3326 4704 2155 2790 4563 1830 1929 4819 1821 404 4181 4914 4552 2391 1352 4890 1883 331 3289 4884 829 3129 740 408 1616 1685 1868 972 2815 3910 2357 3833 2513 428 4854 4472 3851 4519 3545 4065 907 730 300 1037
1 1606
1 4553
71 1782 2802 2673 634 4510 4526 3688 1245 2837 1716 4786 4807 3767 3408 1774 369 332 1983 4003 122 1447 66 358 1989 3162 1213 3434 1819 941 4952 1259 4942 2041 210 4212 3997 1502 4979 3377 1108 2721 2394 4813 539 348 28 365 3838 1205 3981 387 2195 380 1532 3294 4289 2642 4902 2992 3196 2881 2510 1593 4943 4148 697 108 2281 2785 2533 2958
1 1717
1 72
1 3729
1 1759
1 1252
1 978
1 494
1 72
1 1579
1 2124
1 494
1 3729
1 2370
1 4132
1 4085
1 1365
1 4860
1 1251
1 3707
1 2370
1 1817
1 2739
1 1242
1 4353
1 632
1 4070
1 1759
1 1817
1 2715
1 822
1 1034
1 758
1 3489
1 2531
1 827
1 4085
1 4132
1 1615
1 4938
1 758
1 3707
1 4085
1 3707
1 3586
1 632
1 4733
1 4070
1 552
1 4297
1 2552
1 1034
1 1579
1 3033
1 4860
1 4860
1 4297
1 4724
1 2531
1 4642
1 3605
1 4733
1 1937
1 4353
1 4938
1 2629
1 2370
1 4733
1 4933
1 494
1 3707
1 4933
1 1615
1 2552
1 72
1 1873
1 1597
1 1606
1 3266
72 1782 4091 4632 2164 4837 994 2651 4936 650 2475 4627 820 4302 2013 2832 131 3194 146 116 627 3641 4346 728 3113 3719 3200 1537 731 3647 850 4905 4300 4363 1702 1166 150 4052 2295 4414 2060 3960 1012 3336 3477 1458 2288 3892 435 652 4834 4948 421 4221 3693 2640 1243 4958 1568 3315 4871 3136 3518 1086 1338 4239 4702 4532 2670 4230 1386 74 3045
1 1365
1 4085
1 1251
1 1873
1 3602
1 1034
1 1252
1 3605
71 1782 3964 4833 3220 3380 1904 763 407 3824 1928 3181 4770 514 2408 1369 4565 2311 2335 3507 2495 2781 623 2564 334 2240 2680 285 3760 2616 2478 3700 1897 1118 3866 1345 4537 3549 2698 4712 85 4257 4779 2570 2090 170 1497 3539 4706 4157 571 1198 4691 4397 849 3158 804 655 259 1283 4481 3217 3622 413 1569 3040 4498 2346 3403 516 1214 1363
1 4866
1 2370
1 72
1 72
1 1615
1 1242
1 2193
1 3561
1 1098
1 1242
1 1252
1 4070
1 1295
1 4866
1 1295
1 4019
1 4508
1 1717
1 3586
1 4820
1 4019
1 1579
1 2514
1 2715
1 1242
1 3033
1 3561
1 4297
1 2552
1 2715
1 4132
1 3489
1 494
1 2629
1 1873
1 2629
1 4733
1 4508
1 1252
1 4866
1 3033
1 1615
1 4297
1 552
1 3561
1 4733
1 822
1 1365
1 4938
1 4938
1 1126
1 1013
1 4645
1 3605
1 814
1 4938
1 2715
1 1158
1 1606
1 3797
1 1252
1 632
1 920
1 4508
1 3605
1 822
1 3729
1 2370
1 4866
1 1126
1 1717
1 3797
1 4019
1 4645
1 1606
1 4297
1 2887
1 2370
1 2552
1 4645
1 4085
1 2715
1 2887
1 2514
1 4553
1 4642
72 1782 3453 3110 2130 2093 4026 1351 1754 3121 2511 870 2579 3479 715 704 2456 4268 3661 2409 1275 3021 757 3475 311 3588 3921 867 4265 4095 3705 3036 582 1851 548 4360 898 188 394 4464 2068 1419 2995 2062 3345 1736 1689 3282 59 2516 1828 2201 3153 2693 2432 3952 433 3416 1027 2917 2299 2598 1402 717 2961 2935 969 1085 4753 645 3445 3431 2040
1 2715
1 1606
1 4866
1 2629
1 4019
1 1242
1 1597
1 3602
1 4508
1 3605
1 3605
1 4553
1 4733
1 4724
1 1252
1 1158
1 4724
1 1759
1 1606
1 2715
1 552
1 1365
1 2376
1 4860
1 1013
1 4070
1 1098
1 1158
1 1615
1 4502
1 1615
1 4502
1 4070
1 4642
1 4860
1 1615
1 1098
1 1242
1 1013
72 1782 3859 318 100 4699 751 4700 4662 2692 702 875 4950 4269 4329 1016 2828 44 4636 1745 1703 398 4272 4113 4152 949 3207 2349 3457 3127 130 2582 2944 4075 4134 1522 2036 667 1260 3608 1964 4844 1209 1287 4063 4250 2991 2793 2515 692 3968 786 1672 716 4855 1437 4429 1561 3437 450 3146 118 1700 4386 1941 2462 1930 2345 2056 2599 4029 3546 1083
1 4553
1 1873
1 4866
1 2715
1 2370
71 1782 3980 501 4261 444 1445 2117 2028 2167 743 4876 727 4321 4734 1845 3389 3071 3680 747 4281 3956 4908 3778 2339 4260 1684 1680 4773 3505 3178 4823 3459 4747 2899 3216 1751 1090 4485 1391 3524 3044 4608 2699 276 1542 3867 3318 4327 1392 958 1557 2577 1223 4503 4802 3671 4286 3350 4863 3414 4922 2706 2519 1888 1925 356 2753 4992 1162 3390 466
1 2715
1 1252
1 4938
1 4508
1 4724
1 3729
1 2531
1 1365
1 3605
1 4866
1 1098
1 3605
1 1606
1 1615
1 1252
1 1597
1 2370
1 4642
1 1597
1 4502
1 1126
1 4070
1 632
1 4642
1 4553
1 758
1 4353
1 3602
1 3729
1 3729
1 4085
1 494
1 2514
1 814
1 1295
1 4645
1 3586
1 758
1 4724
1 1579
1 1013
1 4866
1 4933
1 1013
1 1606
1 72
1 1098
1 4642
1 2531
1 758
1 494
1 1365
1 3033
1 4070
1 4085
1 4866
1 2514
1 4642
1 822
1 2715
1 1717
1 2376
1 758
1 1717
1 4297
1 3797
72 1782 656 3058 2276 1124 4394 185 2248 2002 423 3397 3265 973 3203 566 2540 2003 3287 277 1545 1945 2184 401 629 1004 2085 2176 1374 1641 1725 4716 932 32 4909 341 1142 960 2993 3881 4475 1278 4713 186 2309 145 290 2296 2137 4507 1031 3773 4442 361 2841 403 986 9 3990 1565 2671 2972 1405 2259 3784 271 1132 3947 3536 3613 3850 2821 107
1 3945
1 1717
1 4724
1 3586
72 1782 2204 3114 2179 1797 4056 234 1643 4995 1889 1146 4254 2038 3901 4080 1356 4637 4709 2402 2087 163 4596 2443 2072 3594 370 4240 2483 3357 3650 2761 3822 3601 4222 3164 4789 1439 1247 4367 666 2684 2853 3856 2089 1343 2105 2696 1184 1977 4558 2256 732 3925 177 1592 3566 4684 793 4782 1558 4783 3556 2010 51 303 4869 3503 3516 1310 2384 3786 2042
1 4019
1 1295
1 3586
1 4645
1 4645
1 494
1 4502
1 1242
1 1126
1 4724
1 978
1 4860
1 2354
1 4645
1 3605
1 978
1 3033
1 3602
1 1873
1 4724
1 4297
1 2531
1 1717
1 4085
1 1937
1 1606
1 1252
1 552
1 1034
1 2552
1 4070
1 1034
1 1873
1 4297
1 1759
1 1717
1 3561
1 4502
1 2552
1 4353
1 4645
1 3945
1 1242
1 4085
1 758
1 1013
1 2514
1 1295
1 2715
1 2354
1 3729
1 3266
1 978
1 4866
1 1252
1 814
1 4938
1 978
1 4132
1 1252
1 3707
