1242 3
2 578 953
2 820 614
2 342 1060
2 864 748
2 1183 614
2 820 678
2 231 993
2 203 1060
2 319 1074
2 303 700
2 883 171
2 759 310
38 613 72 681 330 792 278 1078 1003 958 916 13 1026 823 654 803 531 31 102 137 860 510 57 794 812 410 524 79 478 112 357 362 757 177 1175 918 1236 745 286
2 876 12
2 384 545
2 627 126
2 1045 380
2 616 506
2 1140 700
2 1140 310
2 670 1183
2 845 171
2 74 136
2 136 221
2 700 1074
2 342 275
2 342 585
36 293 894 718 949 1013 290 712 1160 840 763 125 59 1058 647 1043 1123 720 758 426 30 266 897 785 153 1064 804 560 595 390 1190 1175 232 320 501 605 936
2 589 430
2 296 578
2 27 430
2 12 589
2 296 136
2 883 380
2 420 578
2 820 1159
2 1202 616
2 820 777
2 585 748
2 627 348
2 296 1045
31 714 1168 332 315 512 664 889 669 1185 1088 354 250 178 473 443 55 77 1117 1229 890 546 829 535 538 620 133 408 466 963 482 503
2 296 976
2 993 1047
2 231 1060
2 953 883
2 589 1047
2 231 744
2 960 310
2 1140 703
2 203 1027
2 231 74
2 296 744
2 1027 301
2 589 520
2 41 136
2 614 545
2 12 616
33 1223 119 311 356 1141 980 100 747 95 965 523 692 987 687 1063 178 867 435 697 1150 225 593 271 495 1108 881 519 739 1203 1225 1241 305 1106
2 670 27
2 1047 1074
2 231 171
2 589 993
2 744 430
2 203 616
2 960 864
2 864 678
2 1089 126
2 380 348
2 1140 136
2 167 578
2 319 876
2 1140 12
2 1045 578
30 186 311 363 292 636 209 22 453 521 51 1193 1174 1028 667 1080 102 1234 778 484 879 999 104 341 1190 215 1136 197 360 943 543
2 960 319
2 275 380
2 41 530
2 670 231
2 12 1027
2 420 126
2 342 545
2 275 545
2 845 530
2 1159 126
2 953 926
2 578 384
2 876 530
2 614 883
2 614 310
2 342 303
2 1045 976
2 748 430
2 1140 1054
2 748 380
2 58 355
2 1060 982
2 1061 126
2 960 953
2 953 380
2 58 1027
2 1089 420
2 74 12
2 953 585
2 74 845
2 883 545
2 670 700
2 1054 703
2 1061 759
2 589 926
2 319 506
2 231 585
2 670 12
2 883 158
2 203 883
2 777 506
2 820 545
2 953 1159
2 167 384
2 1140 58
2 820 578
2 167 520
2 1045 158
2 136 982
2 420 926
2 27 616
34 460 15 149 214 97 325 403 371 267 947 346 1016 225 1025 163 612 1143 833 173 679 454 1064 144 80 202 736 84 1204 956 67 1084 880 943 929
2 777 845
2 926 221
2 530 883
2 1089 678
2 420 530
2 342 960
2 296 41
2 585 530
2 231 301
37 304 734 1232 1109 22 210 789 387 123 572 984 491 23 542 761 1153 55 32 444 409 1197 666 511 1010 69 1056 914 1019 651 722 233 245 587 880 404 875 568
2 777 12
2 303 520
2 1183 231
2 171 221
2 820 926
2 1061 380
2 275 678
2 158 126
2 960 982
2 303 384
2 700 1027
2 1054 158
2 982 126
2 678 1159
2 777 976
2 167 759
2 876 27
2 167 348
2 670 976
2 1183 506
2 319 703
34 575 850 780 623 113 439 961 190 122 422 505 698 653 733 1178 285 236 796 1083 469 264 606 148 327 1052 702 410 144 631 942 168 719 869 1114
2 678 638
2 976 301
2 845 1047
2 167 883
2 1151 126
2 820 420
2 1089 585
2 1054 748
37 1042 1168 152 718 817 775 656 154 572 118 615 1072 911 733 162 280 316 706 1066 676 377 594 70 121 202 757 1069 945 846 634 915 448 1039 305 415 1169 878
2 158 1074
2 960 301
2 578 1054
31 186 251 10 989 21 140 690 261 381 61 1082 457 523 465 350 1194 459 1162 185 951 750 1116 676 471 726 436 828 863 279 1236 1238
2 670 1054
2 355 126
2 993 926
2 876 578
2 820 1140
2 275 12
2 41 58
2 1045 638
2 275 310
2 627 976
2 1183 748
2 820 301
2 864 589
2 1183 171
2 74 171
2 1140 864
2 876 982
2 744 380
2 380 158
2 303 310
2 1054 520
2 638 506
2 638 759
2 520 976
2 578 585
2 74 355
2 845 953
2 1183 430
2 342 678
2 1089 777
2 167 126
35 922 547 64 660 671 884 991 1187 973 711 1026 809 1147 223 265 758 50 704 896 808 1014 795 1213 7 1104 1102 541 302 981 114 374 875 725 929 596
2 883 520
2 1089 926
2 953 301
2 845 1060
2 864 506
2 303 74
2 136 678
2 355 545
2 748 1074
2 1089 310
2 520 126
2 74 759
2 953 1060
2 759 520
2 820 1151
2 700 759
2 993 982
34 1115 574 974 1086 1092 1141 451 807 140 699 128 438 23 1023 443 1152 1148 321 289 868 257 873 258 768 912 879 269 1035 581 705 672 333 625 1181
2 744 1047
2 319 203
2 678 703
2 58 126
2 1140 1074
2 1089 876
2 1151 506
2 1045 348
2 275 845
34 540 688 406 932 476 1211 416 78 663 712 51 354 139 61 111 1186 6 809 986 358 709 432 716 44 856 1020 604 478 135 47 852 843 882 988
2 27 310
2 136 883
2 1061 578
2 420 380
2 1061 158
2 1089 520
2 1089 1140
2 1089 578
2 589 744
2 820 638
2 420 348
2 384 976
2 759 545
2 136 1047
2 976 1151
2 1089 703
2 420 1047
2 430 1027
2 820 41
2 275 171
2 670 678
2 876 953
2 1047 506
2 303 748
2 303 953
2 355 221
2 310 221
2 960 744
2 430 545
2 545 171
2 960 703
2 744 355
2 777 158
2 203 355
2 1089 27
2 1183 126
2 876 589
2 678 221
2 1027 348
2 585 58
2 960 520
2 1045 1074
2 1045 993
31 82 393 180 230 1226 1086 251 1227 1142 831 1137 1219 1127 597 25 287 1129 704 639 1131 1121 897 143 484 534 942 813 177 76 365 1133
2 1060 1027
2 700 384
2 12 506
2 864 171
2 167 430
2 303 864
2 744 545
2 1159 430
2 883 616
2 614 158
2 12 430
2 275 589
2 614 430
2 342 221
2 27 993
2 678 1060
2 74 530
2 27 748
2 589 703
2 1027 310
32 1132 894 1009 564 939 361 508 991 652 325 1167 29 998 42 32 1040 674 715 1096 868 1171 40 52 702 357 549 133 1240 1039 352 349 455
2 585 1047
2 342 420
2 876 976
2 670 348
34 933 1048 899 169 805 1078 396 419 600 183 1178 1123 53 1162 1229 841 1145 160 519 1214 675 1010 937 1102 135 662 915 1035 802 544 206 352 765 1128
2 342 203
35 1007 191 370 256 209 731 90 1142 477 790 383 255 1082 637 760 9 146 1016 749 607 400 511 339 418 281 781 414 138 1029 934 326 910 683 849 503
2 136 926
2 167 58
2 1140 1061
2 589 310
2 960 1089
2 420 520
39 1132 575 180 1077 191 774 889 767 1149 11 1231 19 570 295 1172 1093 444 489 1103 1234 449 1014 258 471 710 48 646 516 913 307 442 386 232 334 213 737 89 497 765
2 74 58
2 1183 589
2 1045 420
2 420 993
2 700 41
2 167 1151
2 883 703
2 355 703
34 1184 949 340 1161 682 427 1216 770 650 110 818 656 996 764 772 346 867 1101 892 223 432 504 1155 1126 938 75 797 8 964 719 404 71 1201 157
2 820 27
2 506 221
2 627 638
2 627 430
2 864 520
2 296 126
2 303 348
2 638 158
2 678 430
2 703 348
2 420 12
2 744 976
2 41 380
2 1054 221
2 1159 310
2 1183 1159
2 876 1047
2 960 420
2 1183 993
2 303 1151
2 319 638
2 74 520
34 995 793 1044 527 2 90 200 26 551 298 754 446 468 1207 764 526 935 475 25 507 635 622 289 445 794 751 486 302 1165 81 390 448 802 132
2 976 703
2 670 777
2 1054 982
2 319 126
2 585 1054
32 922 577 636 154 394 699 827 598 39 893 1005 1172 647 270 1155 1110 612 329 914 1203 1105 821 382 242 68 743 326 825 968 229 869 300
2 296 953
2 953 171
2 953 1202
2 296 301
2 1089 1054
2 231 41
30 995 1051 885 1237 584 95 840 1219 628 903 698 835 265 263 211 318 257 173 369 1118 456 1069 629 814 902 1062 952 1024 197 683
2 58 520
2 296 12
2 231 506
2 670 638
2 74 1151
2 296 700
2 12 520
2 960 74
2 638 1151
2 275 638
2 953 976
2 777 1159
2 744 384
2 748 355
2 303 678
2 545 126
2 678 616
2 953 748
2 876 203
2 953 744
2 627 506
2 960 167
2 976 545
2 777 589
29 933 16 332 1163 528 522 806 190 791 1228 944 624 142 235 189 873 94 804 558 1221 904 844 68 870 1057 99 33 76 588
2 1202 171
2 876 348
2 303 1202
29 277 862 569 805 707 723 972 989 747 118 966 491 368 399 146 14 86 1012 483 243 1198 742 1087 756 971 1146 940 596 936
2 616 1047
2 976 310
2 820 136
2 589 883
2 670 1140
2 342 27
2 1159 1060
2 1183 1060
2 275 748
2 953 348
2 627 982
2 883 301
2 744 638
2 1061 1074
2 926 384
2 303 638
2 700 1054
2 589 759
2 926 126
2 319 136
2 627 1140
2 231 589
2 1089 1151
2 845 41
2 845 136
2 12 158
2 678 1047
2 578 993
2 845 703
2 303 744
2 167 1159
2 231 1047
2 1027 982
2 303 614
2 1159 301
34 34 623 330 727 1077 309 248 494 830 298 124 337 644 711 314 834 1058 235 1195 101 1075 80 131 824 629 242 313 164 1030 1238 788 1130 822 931
2 876 1151
2 1060 158
2 960 1151
2 1061 1159
2 614 703
2 27 883
2 319 926
2 876 1027
2 1060 1047
39 901 28 92 1055 932 249 496 724 260 451 723 649 1144 288 1120 690 63 468 570 199 280 1068 283 1079 771 729 30 611 479 736 534 323 328 946 910 565 1034 286 1201
2 616 982
2 319 231
2 627 1159
2 777 1074
2 58 1054
2 1027 171
2 953 1027
2 864 221
2 744 158
2 864 1074
2 585 1027
2 993 310
2 41 221
2 136 310
2 342 700
2 342 530
2 627 1054
2 342 167
2 1151 310
2 700 616
2 430 221
2 670 506
2 74 883
2 1045 126
2 296 530
2 1027 355
2 585 171
2 614 748
2 876 171
2 578 126
2 1202 759
2 670 530
2 585 638
2 1140 545
2 759 171
2 41 1047
2 883 744
2 342 430
2 1202 158
2 883 1159
2 171 310
2 1089 953
2 41 678
2 960 759
2 342 589
2 231 545
2 303 585
2 231 12
2 1140 430
2 578 638
2 820 585
2 41 1060
2 384 1074
2 275 74
2 1140 993
2 342 506
2 670 748
2 777 1027
2 638 310
2 585 864
2 136 384
2 670 982
2 1045 506
2 627 420
2 820 58
2 530 430
2 506 310
2 953 759
2 976 982
2 614 864
2 27 1047
2 1159 1074
2 303 41
2 319 1045
2 820 158
41 193 254 452 836 208 564 955 17 1097 278 1076 110 608 603 1038 532 1032 819 509 115 358 639 562 321 795 156 376 493 828 937 1156 486 1225 934 978 1218 228 1169 561 497 1224
2 342 627
2 296 614
2 585 506
2 12 703
2 303 136
2 41 638
2 585 993
2 578 678
2 876 1202
2 883 310
2 820 759
2 864 1151
2 58 301
35 862 192 640 356 214 724 859 309 663 990 1228 766 642 272 195 741 808 730 1116 1056 121 324 362 1192 341 237 1004 138 769 204 217 54 975 968 954
2 74 1045
2 670 380
2 58 171
2 12 1074
2 1140 748
2 342 820
2 342 703
2 627 380
2 820 1045
30 591 83 292 496 859 1176 1227 979 1209 446 1043 1152 77 1139 798 920 462 781 632 134 948 131 541 129 87 728 799 1094 923 455
2 700 12
2 976 506
2 1183 864
2 275 430
2 41 589
2 1140 614
2 993 1202
2 41 1027
2 1045 748
2 231 638
2 530 203
2 136 976
2 1140 74
2 1061 301
33 82 476 738 1191 640 548 260 1038 563 261 916 56 371 105 637 772 1212 464 378 14 1197 211 1000 619 546 665 116 81 957 244 1073 1094 282
2 41 545
2 203 1074
2 1159 545
2 296 993
2 678 748
2 342 1074
2 614 1074
2 670 953
2 820 670
2 883 638
2 1089 638
2 670 1159
2 777 380
2 627 953
2 27 585
2 748 506
2 759 506
2 1074 545
2 296 506
2 700 430
2 670 759
2 1047 982
2 136 1060
2 953 384
2 430 310
2 670 1047
2 167 136
2 926 1027
2 578 221
2 158 310
2 1027 1074
2 1054 348
37 746 34 898 460 574 1135 1109 196 234 514 621 1032 823 653 1005 29 0 858 120 175 1103 1150 1112 617 86 997 239 592 900 70 73 480 661 412 170 605 1128
2 960 700
2 1183 759
2 759 221
2 1089 1074
2 616 748
2 670 355
30 196 885 165 26 347 1002 477 38 513 463 755 111 457 786 509 1117 680 490 271 729 481 1213 1011 646 134 297 560 103 441 693
2 864 616
2 136 1074
2 926 380
34 379 1048 28 406 861 775 891 46 1002 240 835 109 475 268 287 31 312 294 969 184 643 1139 62 938 1019 402 535 917 307 54 1021 1018 1181 388
2 678 1027
2 1061 530
2 578 1159
2 58 748
2 167 700
2 1183 27
2 203 384
2 275 976
2 748 348
2 627 616
2 1060 301
2 777 993
2 1202 976
2 820 506
2 1140 231
2 578 27
2 748 158
2 1183 303
2 1060 506
2 820 1202
2 614 1054
2 926 430
2 348 126
2 12 1060
33 1 1222 458 660 4 508 994 1157 806 425 288 990 1193 56 1158 761 285 773 552 1070 88 610 418 633 726 536 1001 743 814 500 788 89 732
2 167 1202
33 1036 64 385 17 1199 770 789 586 36 657 583 125 1085 372 935 599 784 450 741 57 431 854 1020 631 886 626 1065 1136 1017 1024 1018 1090 284
2 578 982
2 926 1047
2 845 545
2 41 1159
2 1140 578
2 342 1047
2 420 158
2 1183 380
2 1060 221
2 616 1151
36 433 780 1099 15 708 528 800 494 322 1167 965 857 973 39 1072 752 1212 599 507 677 816 865 395 376 837 1205 838 447 1192 323 405 1098 181 882 1177 559
2 1054 355
2 420 355
2 1061 1047
2 616 158
2 530 638
2 777 614
2 777 167
2 342 744
2 74 348
2 303 545
37 193 540 901 159 1006 340 671 512 645 689 194 657 241 322 463 1166 1033 970 803 555 556 489 720 1070 400 648 327 359 397 930 632 480 1173 364 179 940 365
2 275 506
2 520 545
2 960 845
2 1159 520
2 589 1074
2 1061 420
2 960 638
2 585 310
2 27 348
2 993 638
2 960 430
2 319 845
2 1061 136
2 296 1047
2 578 158
2 12 993
2 845 748
2 319 167
2 616 638
2 700 1060
2 1061 700
2 614 203
2 578 1047
2 845 301
2 231 520
2 41 1202
2 703 545
2 960 136
2 74 748
2 864 1159
2 1183 41
35 714 20 452 492 1216 78 522 584 1144 830 155 487 557 687 59 553 766 554 566 389 779 106 571 1143 462 359 1071 252 344 112 172 1146 705 849 300
2 203 638
2 993 221
2 777 926
2 296 845
2 864 301
2 167 171
2 627 678
37 5 159 836 370 939 847 707 200 210 130 514 550 1231 150 291 224 372 810 473 677 66 590 1066 841 252 1182 143 269 1221 328 1004 964 411 902 843 799 1059
2 1140 126
2 585 1151
2 820 12
2 319 976
2 303 355
2 1061 845
2 820 993
2 777 953
2 670 58
2 777 231
2 1061 638
2 430 171
2 777 1054
2 1089 58
2 1140 585
2 960 1060
2 820 982
2 1183 1140
2 58 1074
2 158 355
2 348 221
33 24 277 1163 315 1232 361 980 1209 1160 755 858 659 658 531 9 401 1129 450 106 839 147 1182 594 445 219 1081 1208 579 815 18 956 909 565
2 953 993
2 296 158
33 247 899 753 1009 527 425 767 413 224 343 947 1230 294 1180 510 329 318 49 665 1011 1179 785 1031 722 317 787 872 822 262 157 988 107 1133
2 275 203
2 670 221
2 167 976
2 678 384
2 627 1047
2 231 845
2 777 310
2 420 203
2 231 27
2 993 1027
2 670 41
2 296 777
2 231 864
2 845 1027
2 167 27
2 319 158
2 27 638
2 1202 883
2 136 703
2 430 384
2 520 430
2 203 748
2 614 171
2 1140 420
2 1089 530
2 585 430
2 1061 520
2 303 1061
2 614 845
2 167 158
2 953 136
2 845 1159
2 430 126
2 1047 310
2 1183 545
2 845 58
2 960 1047
2 616 520
2 1202 384
2 614 348
40 1184 895 439 1226 817 955 259 240 1067 63 1003 941 368 1093 1230 1170 635 263 375 951 907 189 1022 1124 222 52 414 397 837 908 47 467 1041 1204 331 909 825 975 1134 282
2 12 864
2 578 1074
2 58 384
35 293 92 1113 393 166 458 972 38 487 550 583 598 255 1122 373 667 212 606 593 525 182 94 1200 369 832 962 917 918 539 561 725 923 655 3 1177
2 303 993
2 993 171
2 342 982
2 960 627
2 1202 703
2 342 1089
2 700 585
2 864 384
2 167 12
2 27 203
34 580 152 826 831 461 194 11 888 474 465 1068 1170 566 784 108 1180 1091 562 1217 498 928 1126 219 1087 402 1098 581 215 244 217 1240 1106 925 517
2 303 845
2 614 136
2 1202 1054
2 27 976
2 342 319
2 310 301
2 670 520
2 703 310
2 777 221
2 777 520
2 319 616
2 883 430
2 319 545
2 614 1045
2 1074 310
2 167 589
2 864 976
39 379 688 488 673 1154 1237 367 1013 979 818 127 1187 827 691 941 115 855 264 37 137 715 633 151 710 201 344 1031 854 768 601 1164 558 434 813 634 769 853 1206 686
2 74 1054
2 670 864
2 627 158
2 303 530
2 926 883
2 820 1027
2 616 759
2 27 703
2 585 1074
2 1045 703
2 614 420
2 136 616
2 1089 303
2 1060 380
2 12 1047
2 342 1054
2 342 12
2 203 506
2 993 158
2 319 1183
2 530 926
2 530 678
2 627 1151
2 820 883
2 342 301
2 12 638
2 27 380
2 384 301
2 614 380
2 1061 221
2 203 520
2 231 203
2 953 678
2 953 1054
2 953 12
2 275 777
2 614 355
2 820 700
2 627 1061
2 167 744
2 319 777
2 1054 506
43 1 5 681 874 983 529 877 1176 695 387 603 218 241 996 183 505 250 1147 526 1194 120 554 801 37 851 1025 609 495 35 481 116 141 176 905 815 999 866 164 783 685 320 517 887
2 883 348
2 420 703
2 578 12
2 420 1027
2 744 348
2 1159 759
2 777 348
2 171 506
2 1089 41
2 670 420
2 275 759
2 748 982
2 976 126
2 420 1054
2 589 355
2 678 506
2 627 744
2 627 926
2 700 953
2 27 355
2 678 301
2 1061 1045
2 231 678
2 960 380
41 230 83 1135 1092 847 650 1076 924 21 127 1067 717 413 958 207 1033 760 161 1008 409 709 641 921 896 735 674 848 619 1052 739 1081 684 662 104 1053 408 198 952 954 655 732
2 167 1054
2 845 678
2 876 845
2 670 303
2 158 1151
2 820 1089
2 231 1202
2 777 982
2 777 616
2 1183 777
2 231 1151
2 627 883
2 700 578
2 530 520
2 1089 12
2 960 589
2 520 384
2 1061 171
33 1051 1055 776 208 586 438 518 1138 779 490 184 716 187 1110 66 907 533 1235 1171 281 675 440 1189 948 324 279 756 870 668 500 745 65 3
2 627 1027
2 820 953
2 319 58
2 296 221
2 158 348
2 864 380
2 1183 1054
2 1060 703
2 380 221
2 820 1183
2 136 203
28 1007 299 983 421 336 1097 1049 188 253 966 984 13 459 175 268 515 848 153 1210 227 886 945 382 87 374 71 428 959
2 820 1047
2 167 926
2 74 221
2 136 126
2 1202 58
2 627 231
39 113 1196 1161 10 1049 45 453 1095 857 1119 396 888 105 906 162 555 782 801 1138 426 721 88 771 1071 470 516 912 962 821 129 317 233 114 467 204 927 33 284 388
2 993 203
2 585 355
2 876 616
2 820 976
2 883 759
2 41 310
2 41 982
2 953 589
2 319 993
2 1089 348
2 296 27
2 744 982
2 845 203
2 275 27
2 578 1151
2 703 301
2 578 926
2 638 430
2 678 355
2 926 355
2 1202 380
2 820 1054
2 883 982
2 864 744
2 744 1054
2 700 744
2 303 430
2 1140 167
2 883 221
2 1061 310
2 136 348
2 167 301
2 12 545
2 589 748
2 12 748
2 953 1074
2 530 1151
2 845 1202
2 203 348
2 530 748
2 845 1074
2 759 1027
32 618 1113 304 1211 673 427 124 174 128 403 903 205 109 399 782 1233 1008 573 1040 798 950 1022 611 900 141 1208 838 1050 85 1015 588 878
2 883 1060
2 1045 759
2 203 126
2 1054 638
2 420 1159
2 231 430
2 380 301
2 303 506
2 342 616
2 27 384
2 506 301
2 319 589
2 296 678
2 638 384
2 777 744
2 275 158
2 74 126
2 380 1074
2 167 876
2 430 1151
2 703 126
2 864 530
2 319 27
2 1202 926
2 744 171
2 845 355
44 919 117 734 569 351 891 256 216 994 472 45 1088 394 253 1127 701 1063 0 553 373 350 810 1101 1107 375 839 498 98 812 1156 1100 103 866 85 99 198 1130 206 811 437 366 686 349 559
2 845 520
2 744 506
2 700 126
2 1151 545
2 845 12
2 876 1054
33 169 861 363 645 649 259 337 1023 740 474 752 987 308 272 1083 641 1112 666 48 98 377 145 75 579 1105 844 423 1065 1084 694 132 65 262
2 1140 158
2 883 748
2 41 993
2 319 678
2 627 58
2 876 384
2 1202 1074
2 520 348
2 589 1151
2 1202 638
2 1061 384
2 748 384
2 627 203
2 1074 221
2 744 520
35 602 299 776 1196 91 682 155 532 763 542 343 597 1085 42 1028 378 706 499 1195 195 997 833 160 151 243 1200 246 1118 1241 331 386 1015 181 366 887
2 1183 1089
2 1202 506
2 777 530
2 700 58
2 203 982
32 895 492 1006 149 345 695 96 188 123 1149 906 567 499 1220 1000 617 1091 220 890 1108 431 1214 395 145 832 751 417 981 853 1059 1215 1224
2 820 876
2 876 136
2 993 1159
2 231 1074
2 960 58
2 231 703
2 384 171
2 614 520
2 296 203
2 1045 1047
36 1223 485 1111 1199 884 1157 274 290 174 513 1046 43 6 314 701 796 654 892 749 1131 220 648 750 62 601 985 549 442 672 338 412 963 1034 685 537 713
2 614 953
2 342 355
2 820 319
2 578 976
2 296 1202
2 820 74
2 545 982
2 614 1202
2 585 589
2 12 744
2 678 520
2 578 348
2 638 982
2 303 876
2 845 926
2 296 703
2 136 301
2 585 703
2 1054 384
2 777 27
2 203 310
2 926 976
2 303 126
2 616 1054
2 589 616
2 589 136
2 231 616
2 589 1060
2 926 744
2 960 221
2 616 355
2 820 126
2 12 203
29 488 249 100 717 295 53 50 573 270 590 147 865 1124 436 417 79 824 456 1165 538 576 276 1057 783 441 428 437 925 713
2 74 976
2 303 1047
2 420 1060
2 777 703
2 578 506
2 845 638
2 993 430
2 301 221
2 616 1060
2 1183 1074
2 545 506
2 296 167
2 296 926
2 744 1060
2 167 1060
2 27 530
2 342 1151
26 16 1099 529 91 274 521 1239 122 773 1107 504 40 928 454 493 73 1189 992 179 787 313 539 1206 229 273 842
2 1061 993
34 618 254 708 1222 792 1154 385 336 877 416 248 46 429 652 740 43 161 567 622 571 630 222 297 1104 992 245 1029 661 411 466 60 737 501 1114
2 589 301
2 876 883
2 926 1159
2 864 355
2 845 158
2 845 1054
38 793 166 192 1191 577 345 1188 762 347 1137 1120 1119 628 819 834 691 435 401 1012 610 148 778 930 93 908 871 905 447 172 1053 846 1017 170 333 811 353 959 107
2 864 430
2 136 520
2 380 1027
2 420 27
2 678 982
32 1042 613 1036 1111 2 216 96 608 429 791 422 600 291 1122 207 392 658 391 1125 44 7 1164 1041 276 872 1030 927 694 625 1021 568 482
30 591 398 731 807 689 97 234 644 1158 1046 659 236 142 1220 108 816 730 630 1179 863 651 424 684 971 913 1100 544 1073 306 842
2 355 1074
2 953 58
2 27 126
2 960 616
2 167 678
2 845 744
2 759 430
2 167 355
2 614 638
2 670 883
2 627 167
2 1061 545
37 24 746 967 919 547 1037 398 974 924 774 551 563 786 1166 986 944 552 697 582 1233 212 643 483 1217 226 440 1205 502 524 434 576 8 587 168 1062 60 273
2 420 1202
2 845 506
2 420 310
2 12 301
2 1202 430
2 1183 74
2 845 700
2 303 171
2 960 158
2 960 126
2 616 976
2 275 221
2 759 384
2 41 953
32 247 165 472 130 754 790 205 1186 692 893 308 977 556 582 407 851 860 239 101 266 1235 201 227 829 237 728 67 213 1218 353 1090 238
2 1089 616
2 759 982
2 845 221
2 744 310
2 530 545
2 1183 883
2 296 1183
2 876 506
2 627 759
2 627 1045
2 1061 953
2 319 953
2 203 301
2 578 310
2 203 1047
2 960 348
2 58 759
2 1045 953
2 58 982
2 578 136
2 864 348
2 993 1060
2 960 578
2 926 748
2 1047 158
2 1183 221
2 520 171
2 41 585
2 976 355
2 883 1054
2 1054 430
2 275 1202
2 748 1060
2 27 301
2 744 1027
2 1060 1151
2 319 759
2 275 953
2 578 301
2 275 700
2 420 953
2 275 993
2 296 310
2 275 703
2 1202 744
2 845 578
2 74 616
2 275 1054
2 864 883
2 589 530
31 485 72 119 727 961 1185 696 621 19 911 464 389 187 525 49 226 679 479 69 93 1210 176 536 604 405 18 306 1215 543 238 693
2 58 221
2 275 303
2 670 126
2 670 430
2 1151 301
2 670 384
2 820 203
2 1202 221
2 310 982
2 578 58
26 898 850 1044 421 800 218 518 316 407 680 969 1125 449 163 339 920 1145 856 246 364 423 626 957 946 228 360
2 530 221
2 136 1159
2 777 1047
2 319 348
2 953 506
2 614 993
2 614 1061
31 433 117 548 826 367 1188 557 150 419 1174 1153 642 283 391 735 35 592 1198 470 502 1173 1050 424 985 335 620 84 668 334 415 931
2 700 27
2 319 883
2 171 301
2 700 380
2 777 1060
2 342 1027
2 638 1074
2 296 627
2 167 41
2 167 506
2 744 759
2 296 864
2 310 348
2 1159 638
2 74 1159
2 27 12
2 820 530
2 627 748
2 158 301
2 1061 703
2 759 703
2 589 221
2 700 678
31 580 1115 20 874 738 1037 4 669 1095 696 139 267 1207 392 199 624 977 185 855 312 1080 607 182 1096 533 156 871 595 335 797 338
2 319 744
2 1140 41
2 1089 231
2 777 203
2 1159 1054
2 1045 864
2 74 27
2 1054 545
2 627 520
2 614 74
2 820 171
2 420 976
2 883 976
2 136 545
2 1159 384
2 993 616
2 748 976
2 319 430
32 967 602 753 351 461 664 762 36 1239 615 381 383 998 970 469 1148 515 921 721 1079 950 609 1121 881 1075 742 904 1001 852 978 537 1134
2 58 348
2 744 126
2 627 1074
2 777 1045
2 342 1183
2 700 926
2 700 530
2 1140 876
2 231 926
2 627 545
2 585 203
2 982 301
2 1140 982
2 319 670
2 759 1074
2 1089 506
2 275 355
2 1061 982
2 678 380
2 614 1047
2 993 58
2 506 982
2 58 506
2 275 744
2 275 530
2 380 520
2 41 301
2 744 703
2 678 310
2 700 136
2 926 1074
2 74 310
2 1089 864
2 12 171
2 777 355
2 420 171
2 1045 1202
2 296 759
2 58 976
