2501 3
3 986 404 817
2 2392 2019
2 2184 1619
2 949 849
3 920 2337 1912
2 2096 1699
2 543 1536
3 900 2313 403
2 508 1498
2 1735 125
2 2092 880
3 2071 746 763
2 2436 556
2 164 2040
3 1862 742 1308
2 216 2003
2 1759 1214
4 252 1783 426 1855
2 1054 2187
4 246 159 736 484
2 192 1963
3 2209 549 395
2 657 2495
2 1855 777
3 2191 2476 1076
3 152 910 1040
2 33 2167
3 1342 1051 373
2 1756 707
3 1061 335 2186
2 1227 607
3 2228 530 1443
2 685 2113
3 576 26 323
5 2159 897 1973 63 1537
2 1390 804
2 982 1049
3 1842 188 440
2 785 931
2 1955 2063
2 1921 2373
3 1501 839 1830
2 1139 1898
2 970 1864
2 747 1147
2 2400 1339
4 449 1974 1528 1786
2 2291 1625
3 456 1482 1246
2 2086 1327
2 1803 1020
2 1171 2482
3 682 1820 590
3 418 2243 2441
2 408 2436
2 899 757
2 1312 1581
3 1855 1486 2282
2 224 478
2 1220 1865
2 197 558
2 1459 1520
3 93 1428 2406
3 843 34 2131
3 1561 939 2480
3 760 826 1797
2 1561 2175
3 402 716 1057
2 1370 1788
2 727 115
3 1531 1040 148
2 1873 2366
3 1062 587 1951
3 2022 2223 728
2 800 1900
2 894 892
2 954 1762
3 1386 384 2053
2 1595 1625
5 2383 2079 1657 2422 2208
4 620 1648 670 1520
2 2151 348
3 633 1557 1461
5 685 258 272 1723 1281
3 1288 415 2463
2 858 422
4 1546 1473 1154 729
3 1151 1884 1881
2 1810 1392
2 1570 1798
3 890 538 1830
4 502 219 2050 2474
3 2428 1558 2344
2 62 1242
2 1839 1047
3 847 335 994
2 1597 2437
2 477 2489
2 521 569
2 904 2021
2 1050 1232
2 1195 613
3 532 567 482
3 1971 1365 1257
3 2135 1865 344
3 1585 1995 1847
3 1288 2232 1934
2 1659 192
3 1314 2277 419
2 784 471
5 2354 1793 483 1046 624
2 205 1918
2 336 1127
2 1484 1065
4 141 1177 2240 2274
3 2299 800 69
2 1467 1063
2 1598 2102
3 431 885 2179
2 2383 1536
3 2441 416 2281
2 2449 409
2 1973 1320
2 1567 575
2 634 1645
3 1989 9 2420
3 411 1241 2366
4 450 1395 890 693
2 324 2180
4 2208 1767 465 2170
2 436 678
4 1699 1682 1937 1297
3 1240 973 1182
2 1746 2451
2 1374 349
2 407 2414
3 1993 1015 2302
2 1481 436
2 337 2329
2 2318 592
3 761 1570 2281
3 114 2099 937
2 1050 2080
3 2180 977 2139
2 1400 372
2 2450 2006
4 2482 2331 2313 1506
2 1852 2334
3 1361 1599 70
2 1812 2119
2 665 2207
2 449 1236
3 25 1096 2466
2 1396 1439
3 1252 1251 802
2 1456 1376
2 581 374
2 2157 2186
2 498 2203
2 19 1979
2 2001 893
3 476 1274 380
2 2241 1745
2 471 202
2 194 13
3 891 1939 2271
2 749 1796
3 725 1790 1207
3 2451 653 463
2 274 1005
4 355 1085 1070 1013
2 1509 249
2 1042 1143
2 2411 1527
3 1875 1106 967
3 1011 2185 345
2 2359 587
3 2485 2012 2162
2 1897 810
2 1066 1238
2 990 1691
2 2138 1706
2 2408 791
2 2261 647
2 1632 231
2 296 602
2 397 1790
2 371 1668
2 728 37
2 1043 1835
2 2145 1002
2 804 243
3 20 307 107
2 555 2432
2 164 388
2 1332 1284
3 484 1052 1982
4 1023 60 2017 867
4 511 978 1541 718
3 1163 1431 1821
3 2394 1526 2222
2 2240 441
3 262 1899 163
2 1856 914
4 591 2058 2016 2115
4 1812 111 1529 1095
2 1085 1099
4 1042 1877 2196 502
3 1566 818 827
4 888 2441 1599 310
4 1340 1732 2427 1147
3 491 738 1600
3 707 964 445
3 1640 2205 1267
2 225 1392
2 906 1779
2 15 740
2 2228 1021
2 2148 1221
2 1337 91
2 1740 793
3 2308 1665 2428
4 268 979 1983 1078
3 228 2425 2127
3 58 832 718
2 214 398
2 1043 2048
4 1944 908 595 394
3 1113 1750 223
4 241 1052 1954 1013
2 2403 1608
3 467 184 1495
3 1591 887 318
3 1076 633 2431
3 799 1198 2493
3 1035 758 1311
2 846 1214
2 478 2093
2 1101 1003
2 545 274
2 2004 1970
3 229 1196 949
3 513 1621 478
3 1569 1321 191
2 2126 2081
4 399 711 1874 652
3 19 1727 1666
2 2498 943
2 1568 979
3 2163 1559 171
3 678 878 451
2 2196 705
5 17 870 1151 881 2414
2 1738 2017
2 1169 1685
3 712 1542 1899
5 1377 1299 1494 1875 2166
2 2229 280
3 630 83 1562
5 1719 1581 2324 2234 444
2 483 2067
2 1940 2498
3 637 202 2037
2 359 2042
2 2373 2168
3 2499 1990 2117
2 1896 354
4 1546 536 2321 839
3 1434 222 1841
3 876 2496 858
2 435 1065
2 424 899
2 83 2206
2 2384 1772
4 169 239 2437 1654
2 2246 2434
2 847 1785
2 1384 703
2 1004 714
2 1067 494
2 1116 257
3 1477 1622 624
4 468 464 1313 2188
2 1418 2031
4 2167 688 751 2458
2 1979 915
2 752 2448
2 1454 1623
2 728 2467
3 1211 481 897
3 1204 1930 1381
2 677 2222
2 2112 1478
3 2329 1206 2084
3 2137 1549 1466
2 2147 1317
5 1094 1464 185 425 549
3 952 1262 1269
3 1942 1829 856
2 2121 1513
4 1861 1915 2234 829
2 1845 481
2 1141 1558
2 324 361
2 877 2455
2 1312 1749
2 1553 2420
2 192 2312
2 395 2438
3 1745 852 541
2 1965 209
2 2406 339
3 1153 2232 2313
3 1406 2289 1239
3 2249 1021 1894
2 544 2328
2 1016 1387
2 646 1556
4 1061 1048 232 1991
3 1734 2487 2165
4 1583 1274 1417 2316
2 491 628
2 2339 1958
3 1837 1575 33
4 780 128 2207 303
5 1110 556 1780 1823 629
2 603 1946
3 1949 734 1601
2 2469 968
2 402 1080
3 2080 1873 480
4 2132 2066 1891 333
5 1168 1562 1601 987 680
3 1183 1908 331
3 1975 653 374
2 95 29
3 112 429 2120
2 138 1945
2 842 1087
3 2215 311 572
3 955 1391 623
2 1652 367
2 661 1123
3 362 1596 924
2 1655 104
2 1961 175
5 2288 1093 2263 1740 1429
2 1911 2261
3 81 1849 1664
2 1498 134
4 2207 1794 2310 2296
3 679 482 2136
2 534 541
3 748 586 2488
3 1976 1607 266
3 170 696 2446
3 851 1232 1968
3 1118 1806 1471
2 1352 1333
3 263 1902 1805
3 1090 1619 1415
4 2094 2325 821 303
3 343 1543 1515
2 2027 1146
4 1209 793 1469 2194
2 522 2435
2 1785 2112
4 1028 2097 341 2429
3 1618 1378 2071
2 2254 1040
2 709 1029
4 2264 187 1402 1207
3 1363 144 1923
2 2064 27
4 551 156 334 892
2 2331 849
2 948 581
2 1133 1765
2 1351 2057
2 2430 888
2 1510 161
2 1590 849
2 2039 1349
2 2268 1637
2 77 1798
4 1883 2149 1632 2357
2 2478 776
2 705 1999
3 1563 194 715
2 550 2410
3 1665 1897 2101
2 1210 1609
2 1656 947
4 612 1822 1643 1922
2 1652 227
4 308 921 438 21
2 1498 1253
3 186 802 2175
3 1800 225 1797
3 1560 245 926
2 1470 748
4 900 1789 1410 2231
3 67 700 329
2 853 7
2 0 578
2 748 1306
3 2293 1829 434
3 1872 135 2205
3 54 1934 2481
3 2175 121 460
2 2089 2363
3 880 126 455
2 713 1799
2 1117 759
3 1827 1925 1466
2 84 646
2 120 2385
2 1787 800
4 1909 2403 2272 53
3 631 108 2094
2 782 1278
2 704 1411
4 2015 2412 85 2190
2 2069 508
2 271 746
4 1977 716 488 296
4 933 17 2107 1223
2 777 752
2 1302 1322
3 2353 953 336
3 2284 1301 773
2 118 2353
2 1380 1118
2 770 895
3 1576 574 406
2 270 746
4 130 2007 2412 137
4 2367 1265 1514 441
2 395 1834
2 842 2098
2 2132 37
5 1538 1735 201 1825 437
2 1969 2442
2 1958 2368
3 860 259 1710
2 1078 212
4 938 1693 2462 714
3 2258 1528 2470
3 1155 2492 695
4 46 151 1401 1344
2 127 842
2 2403 250
3 2041 2098 1522
5 504 1532 2226 1691 2008
2 1347 2486
2 2460 411
2 48 1849
3 825 595 940
3 996 963 2139
2 1600 1946
4 2215 649 409 1446
2 1288 2070
2 2305 1601
4 1060 1265 168 1254
4 282 1255 2142 2455
2 1852 129
3 1350 1913 2222
2 231 2226
3 282 2411 1144
2 2085 1818
2 1815 654
5 1382 619 163 109 1427
2 953 1491
2 1586 2166
3 1917 2054 1294
2 485 971
3 2454 161 697
3 97 1608 1309
3 237 58 242
4 1384 986 1234 1781
3 2111 2108 330
4 1680 289 1235 301
3 102 351 1408
3 110 260 2174
3 196 2021 19
3 475 2318 2035
2 1021 706
2 714 825
2 425 754
2 1111 630
3 1493 1259 1472
3 321 1961 211
2 1331 1051
2 2076 2346
3 1923 2261 279
2 1235 1863
4 2179 1170 629 2456
2 2446 744
2 158 999
3 2477 820 1406
2 1659 511
3 1587 1028 2150
2 91 207
3 631 748 551
2 453 1566
2 2380 1029
3 1458 1260 1939
3 967 1333 531
3 8 1684 423
3 863 1809 859
2 1115 2393
2 198 500
6 1115 1866 1468 1674 1405 925
3 242 2265 2197
2 756 1261
2 1561 1828
3 741 625 579
3 1301 577 1468
4 1814 1913 1411 940
3 2107 1681 2303
2 1686 903
4 1801 2284 1700 98
3 365 2058 1143
2 2310 2356
2 760 1375
2 1071 1708
3 2301 806 974
2 1803 2456
2 1520 596
2 1628 1489
3 1171 1285 31
2 932 507
3 102 2286 1165
3 1857 1945 2172
2 352 2197
2 815 1322
4 1654 1747 862 267
2 1073 2481
4 1452 90 1270 1809
2 2082 1725
2 2428 1218
5 687 1742 894 352 309
2 2330 2421
3 6 911 993
3 315 2475 1231
3 239 1037 1431
2 2490 1759
2 1516 1095
3 1874 1834 1712
3 21 745 296
2 745 389
2 374 503
3 2370 1859 2032
2 2393 2405
2 1120 626
5 193 2057 1635 1430 2280
5 325 1487 12 871 2049
3 1199 1298 686
3 1023 869 60
3 2110 655 1745
3 1768 1738 1637
2 675 945
3 1274 646 677
3 2251 611 1772
2 1113 1275
2 1077 2322
2 2397 1949
2 102 1110
4 1093 2270 1249 608
2 881 98
2 722 1395
3 2319 781 935
3 936 2498 339
4 2032 1634 2217 2200
2 2225 434
2 1235 123
3 893 1066 33
2 517 607
2 1804 404
2 1447 516
2 1016 833
2 376 156
2 2090 1776
2 1901 772
3 1044 2356 2176
2 2426 1053
2 353 2059
5 918 683 72 1213 176
2 1974 817
3 1572 1927 735
3 1457 1100 52
4 1104 204 1277 1778
3 139 2483 943
2 701 1775
3 1745 615 2416
3 227 1767 457
2 1109 528
3 1596 989 696
3 777 2209 2161
2 2365 1011
2 799 1461
3 1300 1394 1916
2 775 185
2 326 1122
5 1156 1590 2153 2287 1900
3 1113 2153 2422
4 798 2198 1651 1395
2 577 30
3 1054 1925 568
2 2050 1489
3 898 1282 779
2 563 1090
2 1312 393
3 861 101 2271
2 1540 2124
2 594 1836
3 2351 2157 2393
2 2036 1184
2 2089 1225
2 471 1707
2 80 928
2 1140 2236
2 2065 1328
2 340 2291
4 1577 281 110 2484
2 516 1103
3 1233 1447 554
2 1801 1800
3 1527 1100 321
3 943 496 325
4 2314 258 489 1250
2 419 503
2 1183 1330
5 233 82 1629 1057 2276
2 124 2466
2 1419 1518
3 2244 708 1783
2 262 796
2 1336 910
4 2253 1998 2247 1795
2 1592 1460
2 1721 1578
3 2360 1433 1374
3 1607 1781 889
2 914 1169
2 1507 1364
4 317 562 2170 415
2 183 651
3 909 714 2083
2 460 1911
3 2491 1695 2127
2 713 647
2 1019 245
2 168 334
3 1731 1616 470
3 2104 559 718
4 1153 1388 855 771
2 666 22
3 1044 2003 2370
2 669 1608
2 1486 1639
2 342 1811
2 2423 2376
2 874 2384
2 1734 930
3 972 150 1564
6 1370 1996 657 814 1349 1765
2 1364 1014
2 1539 897
4 659 2381 1462 1769
4 994 1259 1684 80
2 1179 2438
2 1228 2290
2 1019 908
5 1769 1582 2312 861 857
3 561 1837 1910
2 972 2023
4 1697 1889 291 562
2 250 130
2 351 2215
2 791 332
2 752 954
3 52 1453 1421
6 1129 1228 1024 587 2041 2268
3 1702 1311 1836
4 83 32 2210 1512
3 941 557 1606
2 2334 541
2 723 284
2 917 1084
2 881 1379
2 2317 1018
4 811 2378 1457 2486
5 2386 127 1485 1145 1987
2 853 1504
2 1112 448
2 355 597
4 1676 1158 1826 476
2 1087 1965
2 1100 2471
2 1607 402
2 2009 593
2 1950 1372
4 2068 1854 712 277
2 421 1758
3 1731 387 251
2 1328 486
3 212 28 1620
2 636 2332
2 370 736
2 1905 2255
2 902 245
2 255 703
4 412 1019 2404 651
4 487 648 278 446
2 2323 388
2 425 67
2 2428 2339
3 224 655 198
2 891 1133
3 1024 1533 1903
3 2162 2118 826
3 570 1159 1704
4 688 1884 1871 2159
3 1087 979 1997
2 849 167
3 850 1435 1302
3 2055 734 69
5 1506 188 288 1326 73
2 2022 86
2 1288 2044
2 1607 2238
2 1355 857
2 1200 1045
3 727 2364 327
2 779 589
4 19 709 2201 981
2 1910 1997
3 2027 211 1065
2 2062 1309
3 1775 216 1371
2 516 1753
2 14 1258
2 1768 2403
2 497 1114
3 550 2016 549
4 11 2061 424 435
2 44 2068
7 1770 353 893 405 2213 400 503
2 166 1811
2 2492 1515
2 2074 284
5 1318 1688 427 681 286
2 1603 2223
2 1840 488
2 1143 1479
2 1258 514
4 2402 1674 55 1256
2 235 2344
2 1232 413
4 65 844 2289 524
3 140 1864 2253
2 1536 836
2 2204 11
2 1126 2381
2 2273 981
3 1437 1717 1740
3 2341 1084 1453
2 2385 1618
2 1294 1919
3 433 1317 2014
4 1700 1992 1613 656
3 1905 583 1088
2 430 2142
4 1580 973 1732 1050
3 2185 1145 602
3 1495 386 1311
7 427 598 2388 2241 23 1283 2264
3 2105 1742 2094
2 735 610
3 324 1964 2008
3 571 1922 824
3 1555 420 2047
4 1036 1032 898 1028
4 109 2043 1842 1960
2 1690 38
2 1817 1460
2 2006 1123
3 1227 2232 2195
2 1098 1555
2 1917 915
4 680 1680 1872 182
2 1079 1755
3 364 1293 220
2 1475 1121
3 1202 922 2417
3 1891 1000 637
2 2448 1756
2 1412 606
5 234 1560 1194 600 990
5 74 2317 2462 417 115
2 939 1432
3 1887 397 154
2 1846 1186
4 2461 35 191 1550
2 1434 1851
2 1935 526
2 1505 904
3 951 1887 885
2 1026 1115
2 2082 178
2 692 2442
5 1975 1159 1102 2141 1644
2 1133 827
2 666 1283
3 1189 1895 535
2 1637 1867
3 0 1517 588
5 1483 1237 208 1356 2294
3 1860 1282 2473
2 499 1969
2 1964 361
3 1881 1175 1375
3 1577 1498 887
2 2262 781
3 457 1164 487
3 65 2184 721
4 2386 208 813 1825
4 1174 1498 1787 1763
2 879 300
2 1673 1791
2 1808 1671
2 1282 224
3 1454 580 1128
2 1606 1282
2 1775 1979
3 762 2224 2106
2 1632 2475
2 2085 1218
2 41 267
3 1965 1593 1207
2 984 1568
5 1428 439 1689 450 338
2 63 1148
2 760 1933
2 2350 1720
3 236 1282 1069
4 276 95 2095 1540
3 2476 2025 2371
6 1643 3 725 375 1423 381
5 726 2183 1548 2347 1514
3 356 2030 985
2 309 1669
2 694 403
2 1090 2114
2 656 1881
2 298 1981
2 674 732
3 1564 85 269
4 1765 1229 2182 509
3 1791 2324 444
3 613 1976 674
4 536 1610 1150 1117
5 1677 1278 509 1300 931
3 2126 1079 2029
2 2111 1419
2 2111 1279
3 1310 1362 197
2 2178 1201
2 558 1464
2 1051 252
3 2364 2358 556
3 1456 1917 1289
2 1986 1089
2 663 1326
2 1375 1280
2 269 1860
2 304 1704
2 250 1010
3 829 964 1916
4 1429 411 1130 10
5 1409 1027 690 569 252
2 1034 2219
2 1183 1828
2 2396 2015
3 118 1257 808
2 1908 1455
2 232 823
2 209 379
2 2299 643
4 1914 90 127 1523
2 165 719
2 75 374
3 576 748 160
6 995 75 1649 541 1615 1162
2 1702 433
3 955 2387 1366
3 34 668 289
3 1947 610 783
3 271 1110 55
2 7 401
4 2457 1191 2143 1617
3 711 1989 1722
3 915 1216 520
3 99 807 1270
2 1979 2089
3 215 1545 2222
2 1324 2333
2 227 673
2 648 1566
3 25 638 1398
2 543 1934
2 1441 1179
2 1051 2116
4 2275 644 1217 203
3 903 790 285
2 1504 2394
2 689 1686
2 587 2158
2 1606 1230
2 4 2486
2 395 1771
2 2059 795
2 1226 1262
4 965 1046 343 1747
2 2444 512
3 1626 399 2181
3 1547 1530 1538
2 1399 620
2 1177 2160
2 1309 664
4 2076 1408 863 38
2 2497 531
3 426 1094 1666
2 1034 989
3 1816 1500 571
2 572 1508
4 1029 1366 141 1134
2 1624 446
3 1507 64 801
2 457 518
2 686 1275
3 1529 1453 1029
4 629 247 592 1638
2 1576 1704
3 1367 561 2141
2 2164 1263
3 2061 392 1673
2 1617 376
4 2149 3 241 2478
2 2300 1276
3 808 1191 1396
2 297 2121
2 472 429
4 76 681 1173 1625
3 340 896 1022
3 1320 2415 1525
3 2190 2110 1070
2 1093 2171
2 1025 2191
2 2092 2016
2 1445 2307
2 1647 1417
2 1726 458
3 212 2429 879
3 924 2401 2281
3 1985 1118 1030
2 507 174
3 1216 1200 328
2 1521 1613
3 1184 43 1990
3 2352 475 1679
5 665 676 2051 991 1815
2 132 774
2 1445 526
2 1474 1726
2 1844 1166
2 2193 143
2 198 1524
3 724 222 248
2 2079 2244
2 736 765
2 1932 36
3 1929 2046 2488
2 841 1783
2 1747 851
2 0 479
3 2390 332 2172
2 2426 1751
2 934 597
3 180 799 2119
2 1860 972
3 2089 2380 2201
2 543 2073
3 670 95 2220
3 894 1125 1639
2 458 2274
3 1703 1209 1423
2 1627 1297
2 1073 498
2 796 2084
3 2144 2219 2243
2 190 2388
2 2114 238
3 1737 1369 278
2 169 1526
2 1375 1345
2 1142 2136
2 1071 1251
2 1212 1927
2 2484 878
3 175 1189 599
2 1324 2244
3 1835 229 170
3 667 1126 2465
3 136 1289 1631
2 580 316
2 1589 2280
3 1484 691 2293
5 673 713 1304 652 1135
2 2217 50
4 314 486 1706 217
2 955 1489
2 197 558
2 720 683
2 959 1472
3 2020 809 1122
3 1833 1508 881
3 367 501 783
4 937 942 370 505
2 1890 966
2 2035 2230
2 2145 783
2 1524 1280
2 882 934
2 235 2266
2 783 1324
4 1851 1929 545 2181
2 2028 1183
2 2489 2495
5 70 369 1605 25 1705
3 1213 1824 1720
3 172 207 1986
2 226 189
2 658 584
2 733 1879
2 924 110
3 2403 1885 94
2 318 2398
3 2190 1172 36
4 100 142 2231 774
7 913 870 1547 2318 492 27 2052
3 229 196 1941
4 1241 1496 1307 585
2 608 18
2 1602 2165
2 1972 2418
4 2398 633 67 2042
2 1722 1714
3 1403 2395 1890
2 463 2247
3 318 29 2482
4 72 2299 2267 2043
3 116 2309 1535
2 1220 2219
5 113 2443 2177 270 738
2 179 576
2 279 1495
2 1518 1200
3 1492 2347 846
3 170 2260 957
3 1102 1008 525
2 2496 2002
3 537 999 1826
2 2109 1976
2 1227 1132
3 233 24 1748
2 565 2107
2 222 445
3 1642 864 792
3 2480 2043 329
2 1391 2124
3 1536 1253 1084
2 2296 1275
3 767 1082 689
3 206 170 1750
3 1628 2371 2153
4 724 698 2486 338
2 772 2087
6 1420 1678 2069 873 1908 2381
5 2461 854 360 611 1880
2 1476 1290
2 1211 1821
3 568 958 346
2 296 933
3 547 1345 205
2 2251 152
2 2278 1664
3 2420 789 2326
2 2055 206
4 699 2357 628 590
3 238 2457 2160
2 1071 812
2 1956 625
2 591 1832
3 1442 2087 2333
2 174 1152
2 2176 1248
2 1735 1738
2 596 2448
5 325 1438 899 567 1473
3 1910 489 1946
2 695 1869
3 228 605 564
4 2195 744 2434 2140
4 2225 512 510 809
2 1444 280
3 1795 413 862
4 357 2311 966 432
2 1955 1201
2 1746 554
3 1348 1407 794
4 1215 1026 1392 603
4 1803 342 2077 787
2 1683 2260
2 995 1234
2 764 1014
2 112 2194
5 1398 2049 1376 2401 833
2 683 1850
2 1160 880
2 1251 1762
2 2122 1075
3 377 813 719
4 1612 1348 2288 937
2 1019 1686
3 2315 1358 2100
3 2354 2212 1959
2 2301 1697
2 2105 42
4 2377 1420 621 2187
3 1255 1527 302
2 1007 1210
4 755 2007 172 522
2 468 1924
2 775 693
2 1902 363
4 2494 1709 210 44
2 843 2181
2 2031 2150
2 1873 862
3 87 2399 252
4 2134 1586 1106 1832
2 656 312
3 1679 2277 86
2 448 1252
3 604 1297 1535
2 1648 1714
3 2257 697 1662
2 722 812
4 1237 1130 2106 1667
2 2034 2469
2 1868 894
2 1344 199
3 825 1743 1335
2 1920 532
2 1439 976
4 1401 1503 1292 2248
3 332 2372 2081
2 254 644
2 496 1551
3 530 51 1178
2 1251 1049
2 954 2336
3 828 1556 2072
2 822 1773
3 1460 2237 1608
3 114 929 2327
2 1926 1171
4 1867 1448 671 912
2 1612 1367
2 2189 1537
2 1355 132
4 333 883 632 1038
2 970 617
2 1929 1953
3 1346 1981 803
2 2148 1492
2 2422 1908
3 815 1011 2180
2 2403 1228
2 951 901
2 1571 2307
3 1838 2242 2256
3 799 2038 1796
3 2432 2229 101
3 241 2040 1332
2 1303 2360
3 234 2294 1447
2 557 2067
3 733 968 1068
4 2203 1952 868 1119
3 795 1740 1600
2 1296 1363
2 290 1363
2 2100 2365
3 293 1802 1902
5 2444 167 371 2140 840
2 2194 1802
3 364 2206 997
2 391 1142
3 1092 289 2343
2 1009 1250
2 1041 587
4 2460 1753 236 16
2 1122 1331
2 968 903
2 914 2347
3 838 540 2486
3 1656 1477 1281
3 59 1064 2352
3 2419 218 1844
2 1978 1414
2 1995 426
2 2052 2337
4 2373 2009 2224 618
2 2023 923
3 788 1075 30
4 672 683 2382 1190
2 859 1833
3 1934 919 2246
3 2362 544 1642
3 759 356 100
3 2136 626 1919
2 479 1125
3 575 495 481
3 2173 1594 151
2 1160 818
2 1942 179
3 2470 2259 313
2 132 2319
2 126 1053
2 93 1501
3 1363 2486 2105
2 2430 1687
3 2263 1622 1643
2 2132 48
2 1276 1848
2 1754 1107
3 568 2176 2398
3 630 1212 1518
5 1172 154 1131 1888 1008
3 154 1368 1155
3 1704 1082 396
2 2052 463
4 1141 1962 464 1852
2 2232 757
3 2391 885 103
4 1335 756 1616 742
2 670 490
3 506 2361 2047
3 1741 1911 514
2 297 923
2 946 2122
3 1434 2362 2234
2 463 437
3 1390 1672 1966
2 2122 213
2 1729 1652
2 297 1698
3 1614 538 904
4 1663 2074 2453 2176
2 1698 1786
2 1481 2156
3 320 562 161
4 941 2255 564 1083
4 2424 950 1247 1487
4 2088 1572 591 1689
4 863 1608 420 1647
3 1898 1468 866
3 1677 875 1033
2 83 1219
7 846 832 610 819 834 2466 2044
2 777 814
3 2355 1599 195
2 2361 530
2 2167 1341
2 1465 2401
4 84 106 461 730
2 1015 872
2 1991 1091
2 1486 1687
3 2099 2425 1167
2 793 1849
3 769 474 2129
2 1550 1351
2 1203 1748
4 1156 131 998 1511
2 1402 557
2 1568 256
2 601 863
3 517 430 2233
2 428 726
3 1197 1729 2151
2 1019 2408
6 1391 1670 2048 1432 2243 2024
3 2419 1515 405
2 2448 1053
2 2273 14
3 930 739 477
2 1646 867
3 235 776 684
3 612 305 56
2 282 2233
3 108 2211 1985
2 2403 2323
4 1718 2025 2355 1708
4 1433 770 295 1552
2 752 1640
2 2303 1488
3 1739 956 122
2 1399 243
2 535 428
2 1333 2464
3 1012 907 1036
2 1903 1974
2 874 728
2 1656 49
3 622 706 2141
3 2256 1593 1804
2 2323 632
3 492 2022 1215
3 2397 1196 195
4 1323 358 507 1451
2 1491 2310
3 1258 1164 2356
2 2285 638
3 219 2400 2184
2 1715 2201
2 2335 45
2 210 1398
3 1724 2128 1286
3 1948 27 2093
3 2336 2143 2410
2 1163 449
2 1006 1095
2 2353 1186
2 454 1404
2 1121 1134
3 382 1679 666
2 2214 466
4 378 1295 2160 1850
4 358 2037 1469 1983
2 1638 1422
2 1673 1561
3 732 1182 1902
2 1901 818
2 1969 1746
2 1536 1136
2 1488 1647
2 1914 1848
2 148 2436
3 1945 2249 867
4 1243 372 1204 1203
3 667 645 1371
3 103 1881 1803
2 937 896
3 945 1180 2216
2 1252 1553
4 2340 1994 1004 2372
3 666 68 2093
2 1364 740
3 1889 2169 702
2 2348 2144
2 134 642
5 1006 875 822 2348 524
4 2064 2250 1128 155
2 2230 256
2 1511 368
3 1878 690 2036
3 432 1417 2045
2 2345 290
3 471 2392 2468
2 1683 1563
4 479 277 2285 1719
2 2134 2075
2 77 2431
2 2107 316
2 2361 656
2 1709 2173
3 35 1513 1266
3 340 1081 1305
4 2298 214 1122 88
2 2075 1741
2 601 1627
3 127 570 606
2 153 951
2 2232 2310
4 1128 1435 1340 910
2 1321 928
2 2079 144
2 1167 449
2 1298 371
2 1059 1482
2 2130 1347
2 1812 512
2 313 499
2 1121 1762
3 2289 931 482
2 881 1754
2 2083 401
3 1835 421 518
3 798 1573 1784
2 2484 2279
2 1537 1222
2 360 1944
2 2115 2446
3 320 1380 962
4 283 2380 1428 1979
4 1781 635 865 2078
6 2045 1568 1736 1089 1140 1871
2 1933 682
3 1353 2477 1554
2 849 997
2 1766 1565
2 1714 1956
2 1467 2493
2 471 1793
6 1964 62 842 1500 1418 1681
2 880 346
2 1470 555
2 199 545
3 1994 1305 801
3 642 2400 1317
4 805 268 1264 1992
2 1398 726
2 2416 1448
2 1505 766
2 1110 1589
3 1588 153 1166
3 2318 1544 1539
4 1630 2275 1870 912
2 2083 1105
2 2144 31
2 2469 1116
3 974 961 2147
2 1510 460
4 579 1641 626 1198
3 1179 1436 2197
2 1932 1450
3 1868 1449 2217
2 2486 1333
4 2447 538 2163 2024
4 1862 942 682 767
2 287 833
2 1820 886
3 872 155 2269
2 590 692
3 1894 506 2157
2 61 1884
3 1176 640 786
4 2452 2391 82 600
2 669 1819
3 2268 2178 2158
3 296 2342 869
3 2306 2395 1287
2 414 294
3 116 1426 2365
3 1279 512 517
2 364 1352
3 1430 400 2150
2 1997 357
4 1554 1761 490 1025
2 86 1110
3 2415 975 2308
3 794 1958 1757
2 1091 1607
2 281 1219
2 292 2481
2 2435 755
2 1653 1779
5 1273 2192 2118 137 1711
2 1403 48
2 2108 818
3 113 1018 1564
3 1658 1846 693
3 1291 57 660
3 556 1276 1738
3 1359 2018 1319
4 1814 529 1022 609
2 1948 2443
3 1334 1931 472
2 1069 1187
2 1512 490
2 1757 256
3 776 231 1067
2 1053 1789
2 1633 2433
6 2414 828 349 823 396 8
3 2453 2283 1760
2 1428 935
2 41 1242
2 2256 2323
2 1691 1167
3 1854 916 694
2 1437 807
2 728 146
2 645 939
2 936 1027
2 171 2477
4 1802 1592 380 1446
2 1378 1297
2 1493 685
2 299 1390
2 850 437
4 1641 1306 362 750
3 547 1959 1924
2 2300 817
3 1068 1250 635
2 1838 1608
4 2405 528 61 80
3 1776 969 1660
2 1657 452
2 1863 890
3 978 1033 1774
2 1943 956
2 200 1005
3 628 173 1141
2 447 46
3 942 1792 205
2 927 1928
2 70 1995
2 453 2102
2 720 1999
2 1969 2396
3 1936 1156 1063
7 762 2133 2236 1082 119 1358 6
3 1414 1181 34
3 2454 441 927
2 668 1440
2 614 847
3 2171 2060 198
2 255 2064
2 362 1799
2 1440 1828
2 906 1614
2 86 267
2 927 1051
2 850 2033
2 294 2425
3 1295 804 1906
4 2409 1170 1818 1633
2 2044 1317
2 1368 306
2 1472 1422
4 782 2374 1824 789
2 1174 317
5 1574 2019 82 1695 2423
2 92 302
2 249 1958
3 799 399 2095
4 515 64 66 1354
2 332 258
2 388 1383
4 858 2487 1484 665
3 1424 2474 1591
3 208 504 909
5 1941 123 2319 2026 2279
5 248 1877 1420 1299 841
3 243 2328 2295
3 89 2179 140
2 1192 2345
2 589 1277
2 2158 1412
4 1557 2051 2287 1996
2 1728 323
2 434 944
2 823 624
3 1744 641 2174
2 2002 2065
4 2367 774 1585 2320
2 56 259
2 674 2022
2 320 2500
2 1917 2044
3 2029 105 1580
2 473 1152
2 501 1968
2 1439 2324
5 1963 1653 1438 2326 1017
3 381 604 1786
4 232 2395 2436 1565
3 640 1510 1904
2 1329 840
4 2404 1236 1860 2418
2 78 2440
2 597 343
3 2138 96 2389
2 1958 117
4 209 1284 2270 148
4 2479 459 1202 211
4 332 1778 462 327
2 1055 1752
2 753 1663
2 2314 1755
2 1690 1040
3 919 834 686
5 700 354 731 643 1476
7 659 1278 1519 477 2440 1176 230
2 391 1712
2 2222 862
2 2124 1827
3 1134 1180 2341
3 969 771 1628
3 1270 2452 1545
2 894 2086
2 654 1258
2 948 901
3 2183 368 768
4 1682 360 2 2023
2 1706 707
2 2397 242
3 1893 281 1245
2 1683 287
2 938 1703
5 1777 1709 47 78 954
2 926 2413
2 1394 998
3 1086 529 1613
2 633 2350
2 1756 1441
2 1015 1973
3 184 837 385
2 1497 1551
2 573 2123
2 555 1906
2 2369 2117
4 2378 816 383 560
4 1353 1728 943 1904
3 995 2062 660
2 1318 213
3 1447 1515 2001
3 2323 1079 1231
3 849 393 1245
2 1936 812
2 124 1767
4 1839 1310 2265 2341
3 962 1359 1278
2 1157 80
3 2091 2051 894
3 1882 2406 1856
2 1710 606
3 341 1268 394
2 1480 1589
3 536 1971 274
2 344 1947
3 1219 392 1327
3 79 2230 1522
2 1485 1962
2 500 107
2 2292 1521
2 2430 1842
2 1879 1158
3 1752 1271 1603
3 2459 1097 348
3 390 1769 221
2 246 933
2 1828 1160
2 2297 187
3 2445 852 1730
3 1823 1305 2338
2 2400 831
3 1913 1266 2213
3 947 1354 830
2 512 757
2 2198 2498
2 697 2298
2 863 1280
2 2405 1089
5 2010 1154 1349 2020 971
2 481 791
2 519 1428
2 131 1619
4 1124 2013 1623 1383
4 2218 670 508 2202
3 254 2097 1785
3 520 917 1135
3 2342 1244 1291
2 752 2197
2 842 1277
6 2240 1605 1729 785 2411 2477
3 1503 453 180
3 2011 2407 1961
2 446 2248
2 2337 1982
3 650 1557 2389
2 2094 2261
3 677 1138 2468
4 1842 1272 1269 2375
2 131 5
2 771 521
2 2368 2122
2 684 895
2 997 1624
4 1253 722 877 944
2 2292 1040
3 1021 181 1620
2 619 2130
3 1950 525 1316
3 1147 1625 1389
2 1651 444
2 2075 1481
2 1609 548
3 1841 1843 2124
5 1425 2235 1157 2139 1058
2 1848 1338
2 2339 1959
2 2061 766
2 1770 1316
2 259 1384
2 1041 845
3 2367 2014 641
3 1805 902 1058
2 1940 83
2 1341 2408
3 2413 2256 539
4 1852 963 975 2212
2 246 1844
3 1575 1638 1754
3 1268 1690 1303
2 2164 1669
2 654 705
2 210 774
2 2123 2188
2 319 664
3 9 1108 441
4 1420 1749 2399 2152
2 1004 2327
5 253 1108 560 1487 2330
2 1320 2291
4 766 346 220 1202
2 1261 1393
2 541 778
3 2305 2494 1164
3 1578 1753 2253
4 594 309 162 559
4 1357 133 1120 2252
4 536 985 2455 924
3 1296 2021 1076
3 305 2012 1736
2 228 1085
3 1840 988 1951
2 1602 1663
4 1214 741 1744 2026
4 1248 1409 1940 1728
2 792 1604
3 1630 797 28
3 1494 2325 1475
3 2236 1955 704
2 16 546
2 2239 1499
2 2013 1472
4 76 1407 1885 1131
2 2099 828
2 2302 1870
3 859 377 666
2 1424 1988
3 129 595 1645
3 743 2199 560
3 674 1665 669
3 748 1718 1796
2 2034 921
3 1892 563 273
2 2334 1175
3 1883 1780 1524
7 740 835 1781 2392 1876 593 2239
2 1521 582
2 2485 1625
2 1601 591
2 215 1480
2 325 1774
4 1775 1419 643 479
2 2162 2077
3 17 984 636
2 2468 1412
3 276 1685 366
3 1272 46 1590
3 417 828 2385
2 68 2264
3 2245 1496 401
4 2169 167 2165 186
3 860 830 2031
2 2381 1529
3 110 1427 2164
2 2335 350
2 1117 639
4 166 2390 1194 1770
2 65 398
2 89 384
3 412 2034 1543
2 398 627
3 521 2119 627
4 1206 1510 1208 2102
5 1123 527 50 2088 1365
2 578 1329
3 1722 359 2135
2 357 1918
2 2223 1993
2 831 1943
2 509 538
2 2363 88
2 661 749
4 149 2358 205 1405
2 2178 1935
2 1489 518
2 470 972
2 2343 935
2 786 2319
2 1551 469
2 2293 1462
5 1455 52 2310 2320 1920
3 2369 1092 199
2 2046 393
2 1670 325
2 1041 1555
2 441 827
2 697 1073
3 414 1972 1611
6 515 1937 1544 1667 883 2101
2 298 406
2 90 41
3 2125 2375 2010
2 1152 1104
3 1027 2174 1229
3 2237 438 548
3 1411 1013 189
2 615 684
2 323 675
2 1193 1519
2 1646 94
2 754 1751
2 1713 268
4 1698 37 1661 784
2 2041 1713
3 1727 976 1221
2 1970 301
3 1485 2221 803
2 1974 105
3 1715 1247 1360
3 1293 348 456
3 1129 2349 1351
2 1037 805
4 147 1726 465 1255
2 1972 2107
2 1504 703
3 23 57 17
2 203 1650
2 533 2459
2 2377 2353
2 552 2188
4 991 819 1594 876
2 300 2056
2 1453 14
3 1523 2290 495
2 761 43
3 59 2253 104
3 512 2483 2328
4 1179 2305 816 1967
2 1450 1162
2 2169 1112
2 1441 1764
2 723 1420
2 791 407
3 71 330 1150
2 548 245
2 174 256
2 2006 1775
2 1568 207
2 2349 1379
2 1662 1045
2 1900 1090
4 822 87 855 1365
2 1650 2311
2 385 1774
3 87 723 1459
2 1047 1762
2 2114 1893
2 802 808
2 2220 1251
2 1372 677
2 1030 1059
2 796 331
2 2478 1772
2 1622 1886
2 1458 314
2 1898 815
3 266 2001 2146
3 390 178 2488
3 1279 1895 42
2 202 255
3 1880 74 604
2 583 1356
4 359 1206 1355 1146
3 1325 2135 720
2 1592 1638
3 772 710 2333
3 1550 1635 2109
2 2234 1984
4 886 1089 1188 333
2 418 2197
3 1111 737 675
3 347 649 1261
2 1938 4
4 518 1672 466 2070
2 1360 890
2 2469 300
3 2188 601 879
5 474 1584 872 1980 790
2 111 1806
2 769 1233
2 1165 1820
2 40 2058
2 781 393
3 494 2245 372
3 1144 2202 1516
2 414 608
2 2439 1178
2 589 1009
2 2280 1530
3 1037 983 1185
2 2472 290
2 2160 1491
4 982 1949 1449 2210
2 1421 844
4 408 1230 911 106
3 806 2400 1813
2 1535 1644
2 1828 131
2 2129 1912
2 165 506
3 1723 261 1754
2 1567 1052
2 298 1238
3 1808 1525 2439
3 227 2030 1415
3 1362 533 337
3 326 1111 459
2 898 1655
2 1342 1490
3 1932 327 566
2 702 1708
2 72 1751
2 1201 2062
2 1958 1185
2 2233 229
3 39 1758 1119
2 1425 1103
2 1984 2138
6 443 1475 1953 1598 1559 322
3 1716 1516 1137
2 2106 784
3 491 345 1692
2 1255 1658
3 1589 2419 20
3 1428 821 780
4 310 2450 698 840
2 2286 1266
2 2059 1867
4 1587 2000 356 2155
4 1357 1534 820 442
3 1845 2188 240
2 103 1654
4 2103 1056 1853 1827
3 122 34 1631
6 588 46 2430 2135 1847 1325
2 334 812
3 354 861 1074
2 425 2042
2 1222 2078
5 905 285 1418 159 835
2 2231 1917
2 1186 856
3 1694 196 2463
2 222 1352
3 1957 1907 2080
3 966 1314 2339
3 873 2441 1042
2 2282 693
2 2470 1766
2 902 125
2 265 970
2 1290 318
2 771 1434
3 136 2018 1807
2 1369 1432
3 1223 105 1531
2 666 1574
3 1471 737 724
2 639 2479
3 1533 2334 387
3 2300 1968 2146
3 160 1641 1896
3 1579 1072 2427
2 658 15
2 2379 240
2 2019 2120
4 787 2272 145 1876
2 1143 436
2 780 453
2 1225 701
2 1679 1831
2 1692 2467
2 177 1749
3 2227 1683 1761
3 2327 770 1721
2 422 884
4 2071 745 960 204
2 197 253
2 1488 1993
4 1557 2218 2005 1
2 1026 1679
3 484 99 1748
5 73 2382 1331 729 1582
3 1226 1619 676
2 1452 1305
3 1316 2404 848
4 2266 1567 2491 1753
2 363 738
2 1038 2053
2 1585 864
2 1944 851
3 1149 1791 283
2 573 552
2 2420 1548
3 1771 1161 1799
2 1031 485
2 617 1379
2 1352 262
2 1194 2100
2 2344 382
4 2193 1196 13 2154
3 1843 452 683
4 2078 263 1977 1057
4 1080 2190 784 1062
4 1552 1584 730 1282
2 1420 1380
3 2098 1822 983
2 782 1260
3 1305 226 2475
2 1128 556
2 609 91
5 2458 1649 2141 1574 972
3 1224 1254 1051
2 77 2028
2 474 2439
2 727 1099
2 1861 2204
2 555 378
3 1921 204 522
4 922 1967 2103 586
2 1541 2313
3 1717 947 746
3 739 1639 1952
2 2495 39
5 373 1376 1542 2128 2211
2 622 1579
2 331 2495
3 2119 260 1199
2 703 747
2 423 1089
3 2297 1913 461
3 11 2016 368
2 2283 1174
3 2445 993 2461
2 751 1271
6 2250 1385 2268 1711 1393 2280
2 493 931
3 2200 1123 1782
3 2042 1978 1419
4 980 1400 79 2083
3 330 142 1984
2 244 1168
2 539 810
5 1442 2079 648 1410 2493
2 293 1000
2 838 469
2 49 1615
3 2304 1105 1088
3 2408 1277 1803
4 992 905 618 410
2 582 2280
2 1649 2475
2 960 10
3 237 1342 1370
4 1696 361 419 778
2 847 1560
3 2407 5 2322
2 1685 367
4 2046 439 2191 452
3 1292 1763 141
4 1205 2421 2038 1136
2 390 1828
3 1532 117 1802
2 1972 2059
2 655 2334
3 778 1139 1243
3 1160 1960 836
5 519 1387 1077 426 1853
2 1483 480
2 1074 1906
2 559 957
3 865 480 866
2 292 366
2 32 2417
3 1886 1003 854
2 1416 204
2 913 2185
2 1636 265
2 1481 721
4 1801 149 2067 990
3 2499 336 2005
2 299 952
4 1267 1132 1701 1263
2 1733 1634
4 1611 614 1081 1713
2 1831 2429
2 864 244
3 2169 650 223
2 1341 2064
2 1938 1294
2 1404 1707
2 2238 63
4 1246 2299 440 331
2 2163 1536
2 1385 1152
4 104 1974 1805 1903
3 1233 351 1007
2 294 2379
3 1597 1957 181
4 2497 1714 143 458
2 1114 1207
4 2051 1328 945 812
3 464 773 2470
2 1343 901
3 1443 1373 1001
2 1032 190
2 1896 2000
4 2269 295 2306 1445
2 1187 218
2 949 385
3 501 1149 1470
2 81 1303
2 2461 1736
3 605 604 1086
3 2469 2040 2409
2 2315 1968
2 2433 1273
3 616 1458 157
3 1573 918 1463
2 34 723
4 1931 1101 1351 929
2 598 2427
4 177 721 1782 2489
3 2133 249 1452
4 1730 946 2449 1793
3 1055 1790 319
2 473 256
4 284 2484 1286 26
2 2330 264
4 1869 1790 1372 2127
2 646 129
2 1541 958
3 2216 533 987
2 1236 1389
3 1833 483 1578
4 409 2266 397 66
4 1107 1249 584 1271
2 1065 2345
3 1813 1463 868
3 496 1570 118
3 1189 143 128
3 926 1037 1148
2 2226 859
2 1618 850
3 2 826 1337
4 2387 775 2116 175
3 157 2227 29
2 1140 18
5 282 1733 1970 1916 1859
2 1181 2219
4 1049 957 2043 422
3 24 959 2098
2 1481 2203
2 977 2040
3 1208 364 1127
2 1114 788
2 251 207
5 1909 1688 513 534 1448
2 606 1675
3 2235 2361 1768
2 2077 573
3 736 992 1338
2 1684 1924
3 1201 158 2192
2 763 2056
2 213 407
3 1209 2365 272
3 350 324 150
2 129 79
2 598 21
2 685 1932
2 1314 2064
2 1137 1726
2 748 1672
2 1350 2346
3 339 460 679
2 2172 1367
3 1020 1450 573
2 1684 2019
4 2189 882 1064 1001
2 1888 994
2 2495 1846
5 1610 906 291 200 466
3 1807 753 73
2 1225 836
3 1115 2327 574
3 2182 453 467
2 2013 2186
2 31 217
2 1195 257
4 1377 1657 2490 1031
3 1980 1050 401
5 106 1397 312 788 1256
3 1954 1313 1301
4 1907 300 1264 259
2 2199 1714
3 1758 1536 621
2 1834 1176
2 2131 731
2 1760 1775
3 1690 201 114
2 162 777
2 2472 1193
3 53 1305 1001
3 636 980 1012
2 1789 1923
2 1230 275
2 639 1060
2 1693 1167
2 314 1362
2 2075 1376
2 563 1096
2 2414 1746
4 639 761 1865 1744
2 2281 369
2 1275 710
4 1329 1502 1725 1193
2 1158 2316
2 447 2282
2 2262 1239
2 1124 1070
5 183 347 2376 494 1696
2 2259 824
2 346 1245
3 371 777 1788
2 513 1646
3 2026 1035 2175
2 1062 2315
6 2464 2424 1463 2075 383 683
2 2147 1456
2 568 1599
2 165 613
2 2006 418
2 765 1308
3 2405 114 996
2 914 1441
2 633 2487
2 1154 108
2 1097 2496
2 1567 1413
5 1928 2090 1017 555 2075
4 2254 120 140 965
3 1987 57 2258
2 2072 1499
2 430 521
2 1384 1336
2 1966 532
2 604 1574
2 346 1134
3 1408 313 760
2 1863 672
3 47 1739 623
2 1660 1705
4 406 2473 1819 1018
2 818 1198
2 2439 1569
3 1083 2318 350
2 2070 1668
2 1392 1676
4 115 2132 1062 889
4 1517 950 2000 2471
3 1138 526 2338
2 136 1764
2 1319 519
2 2087 2465
3 462 1743 1867
2 1465 2147
2 961 1192
2 1474 221
2 1063 2424
5 523 1334 350 1820 1397
2 1118 1882
2 307 674
4 146 2060 7 312
2 630 1604
3 2155 1136 2267
2 2257 320
2 800 691
5 1440 139 485 1051 2296
4 1567 571 1240 1817
2 1820 1580
2 2414 267
2 2096 565
5 1330 715 1642 1502 1315
3 860 259 1588
2 361 1757
2 1589 1098
4 2014 2225 1737 1177
3 1866 1569 315
3 2359 293 138
3 542 2168 1738
2 146 375
2 2497 708
3 1905 1105 907
5 687 2104 1999 147 1773
2 1339 1794
2 1343 1173
3 4 1224 1694
2 2301 1670
4 1716 322 717 1985
2 1369 2369
3 767 1646 1612
2 1687 1464
2 1816 1211
4 2039 2472 758 92
3 2177 1571 1381
2 493 2214
3 1069 850 1217
2 1373 1375
2 1878 1850
2 845 1629
2 616 2377
3 971 2486 1220
4 429 1346 1858 431
2 110 1137
2 1284 1316
3 523 584 1335
2 1100 385
2 1812 871
2 176 2329
3 642 2438 1197
4 1388 2199 1285 1260
2 1231 1264
2 1810 410
2 734 871
4 2206 599 1205 1467
2 71 126
3 1580 1721 437
2 1701 443
3 1821 1636 2340
2 552 658
2 1086 848
2 1168 1369
3 40 1225 264
2 1555 2442
2 1831 1698
2 2261 662
3 1140 2351 1858
2 1637 692
3 2004 2465 2137
3 992 505 1418
4 764 669 1792 1089
2 2022 1228
2 79 119
2 663 273
3 768 1787 416
2 827 693
2 2185 896
2 777 1002
2 1695 1597
2 987 1796
2 1461 1257
3 1382 1 1775
3 510 553 616
2 200 916
3 1591 1059 1465
2 1534 884
3 566 1621 1332
3 1057 1048 1249
2 1151 1736
5 1671 1433 45 1935 1337
3 965 1287 1128
2 757 2446
7 1190 230 1047 418 1315 743 451
3 1594 2025 713
4 1678 1520 2274 553
3 62 1650 311
2 2096 1692
4 1724 2088 182 1304
2 1551 2154
2 389 1343
3 468 173 1690
2 422 436
2 1725 1626
5 1498 2321 135 2252 252
2 1474 956
3 1436 2447 594
2 2113 795
2 1594 1056
3 1306 1221 1963
4 1098 306 2033 125
2 2100 542
3 1188 79 605
2 662 1557
3 2268 1276 2309
3 223 1292 1549
2 585 988
3 210 2002 2161
4 540 717 92 221
4 964 2472 2125 367
4 1244 379 1661 1974
2 1386 233
2 1195 193
2 2156 1497
2 1114 275
2 1479 365
4 12 1591 1361 54
2 274 96
3 308 671 2360
4 1926 2295 2054 1943
2 1595 1608
4 120 209 1986 53
3 811 2374 442
2 1065 1490
2 925 1207
2 2073 1669
4 497 355 1416 2402
2 1452 2416
4 797 1307 286 1109
2 121 2164
2 145 1965
2 168 133
2 1461 1614
2 1499 1271
2 1538 476
3 304 1747 464
2 527 496
2 901 1101
2 2051 284
2 1664 1857
3 455 1214 2463
4 2152 1090 804 2073
2 800 446
3 1982 84 2460
2 2268 1323
3 2304 2379 1014
3 634 1282 152
2 288 2011
3 1784 1697 1382
5 1444 1915 328 1161 2154
4 1239 1988 447 2142
2 2300 699
4 2429 2344 2242 1930
2 2293 819
2 1565 91
4 544 2091 837 2048
2 848 24
4 499 1422 1509 1690
4 386 1892 2500 949
2 1600 1998
2 1080 64
3 408 537 1478
3 146 1061 51
2 1866 592
4 1413 1010 2167 624
2 1777 177
8 920 1243 1451 1218 2352 1087 692 454
3 1564 319 2276
3 353 983 1897
3 1039 97 2162
2 2230 546
2 650 2026
2 448 750
3 234 1426 2083
2 1147 1743
5 2221 1039 2063 22 2066
3 1072 269 2278
3 2139 2332 932
4 247 261 572 1675
2 265 2120
2 1583 2478
