3956
109901
134822
182535
36055
103079
7928
198896
90333
19601
113523
23117
205343
156935
15857
60659
47055
18224
132897
25710
154514
37964
34495
125213
54105
30994
10957
124151
30299
112409
130063
80180
11978
39897
27650
149355
193543
18987
129662
97937
104479
76947
116829
32354
65280
72924
64626
179697
102369
54648
78821
57096
42917
60259
53981
85566
79793
46994
137325
74107
83378
105874
58558
8796
107089
84229
34048
29201
58697
62545
94683
215708
48136
112032
113734
13748
114459
146056
39781
105737
148760
48630
151926
127943
139074
115351
7039
37658
46916
106008
12250
73535
96299
45724
67436
45121
117588
11954
58970
42457
