49741259
48374912
19207155
22647217
17774798
29747614
5340361
19982572
54143915
684419
24065717
9263818
5746365
60886343
12781346
19675691
33373808
1410189
49580415
380363
6844315
48233825
45306327
36499826
59456382
28551495
61942923
19924852
20280017
2119089
14454572
42527740
24198607
33787577
38465471
44759450
12249212
35278207
12076827
38792129
20274317
19462192
35156421
1008341
22797227
20403448
57953931
8166384
27991382
30958624
54420509
43712196
17788122
2445476
33137489
12221894
38084422
23203677
14682301
50227657
6180291
9723049
29369202
29625841
11120447
4859295
22544249
1454049
10263511
24434284
32995303
20749593
15108009
23320442
3230192
34979812
53146735
12581552
4689222
6705075
1987487
358141
16855253
9191604
53111971
45135787
22784267
11613684
46201757
26103235
45206057
43553531
43898933
60392145
28285762
50151204
41701132
41166126
6603105
58710043
