378284
89918
656914
179221
125041
386972
524388
581178
1037586
430288
1127192
524941
818701
438905
494514
789753
112124
250117
784953
80926
825944
-1
362515
149880
695846
345733
1343341
285178
201127
238090
1351790
351763
225981
136328
281815
669043
591955
176827
317872
662020
446496
222203
204721
967216
297145
715936
373611
224337
967559
367922
365081
831826
110657
157727
390333
920861
1092738
78913
1127713
295432
1383736
923045
768982
444469
120485
675424
13453
397854
709700
641480
84732
75364
450341
795686
826533
19716
1280408
1118419
749902
161466
328257
257422
126706
6853
588564
1079179
486121
387657
810556
141187
969186
553093
64377
586480
748030
79109
307733
466135
130102
697976
