174504
66221
97819
353352
374407
75008
32381
128538
133004
149824
136105
94999
325599
138648
162100
233460
208033
159034
59649
16369
20026
117773
78846
12358
160384
83466
111371
69156
168749
80484
185806
187258
159162
184961
124319
186526
36662
38731
34154
338232
132681
177281
135644
87926
101683
10240
127193
212707
139330
39392
16650
70175
282729
319577
67636
120200
37945
26550
1317
110028
91356
77844
207662
53628
100747
274493
180336
37922
207915
95378
19897
115016
126122
49489
283337
122386
34814
10995
10005
192169
117494
84369
55174
289925
315466
218250
73423
92709
141489
230250
28197
138665
72441
141231
297179
37891
217989
263315
26341
55701
