17107663
23141292
621341
1295683
2291576
4373582
11270460
4596235
3233417
25185520
20268032
4712253
26634181
14178726
5553724
10092384
8165168
1845185
9712493
8418437
14802139
10448327
15653736
25832571
15669068
6750659
4598079
16787279
17094874
971006
8521978
9333458
679789
5443738
384559
10259128
7564133
14124495
18591381
15594910
5352362
6261244
14954785
22018243
3926886
18318199
21657723
11770174
13780925
20034280
5353255
22599134
331224
7383471
9809712
10249961
1103178
13207694
17194624
22765907
6647313
18717377
3580861
8385085
9261547
5758138
3978901
3913388
19136013
8306718
1229436
17321693
3244526
3265265
22706616
17777648
6194474
7611118
9209376
17979392
130360
4557459
28640612
4414847
9763519
18691432
24503793
21121551
1152220
7243276
5934305
27935154
4075145
6214033
483252
15323952
1488010
11605520
12133940
18927008
