31689052
8249941
218655
22724421
27374136
3675608
5694054
6789785
6922139
26969406
12988958
28367310
19786300
22981216
7420198
22264016
28409508
28676804
10567747
1433775
26167200
12170914
33467319
8661791
19987185
419623
8267308
7252111
9695609
26167515
19162596
166361
17138560
3044929
5848151
13291515
9778712
11504707
22686831
18121107
20610024
6871780
4610935
2605987
19314936
36493033
10080497
4880428
8388622
3528124
12217393
27641429
1102978
22342902
15250474
5933491
22302031
21127705
37392132
392457
27350680
5887056
5758536
18397921
4646989
17602755
15003983
2566674
9819061
10898779
647393
18689442
6952188
17486663
15134278
3600789
30494018
25897381
19794575
15653336
16594279
25244341
3972664
33936527
20492893
26438645
15357442
24878588
16749553
18899992
8693747
27154130
17784337
1937938
31414062
7128590
25703772
3286657
6039039
31102878
