2 1000 1916 100
681 682 421
944 947 3854
141 142 8999
107 108 9586
719 721 2389
992 994 2477
682 685 3228
716 719 3791
835 837 7702
9 11 7303
687 689 3233
327 328 1349
154 157 5196
569 570 8901
492 495 7367
475 476 4530
537 539 5699
21 22 1389
873 875 4095
71 72 6396
715 717 7038
534 536 3928
61 62 1538
881 882 2233
675 676 4120
561 563 6342
300 303 440
580 583 1266
146 149 2210
791 793 9765
274 277 4756
634 636 6398
598 600 5766
891 892 2298
268 271 8050
561 562 2967
839 840 8621
650 652 3183
626 629 618
319 320 4083
679 681 6642
392 394 7997
929 930 1850
88 91 8805
941 943 9620
256 258 7421
928 930 9439
943 944 9566
539 541 704
234 237 8091
22 25 9719
357 358 5219
317 319 6893
845 847 9461
655 656 4349
56 58 2484
994 996 9233
976 979 6465
740 743 3285
316 319 6967
442 444 6712
949 951 5563
495 496 9039
827 828 9214
833 834 8952
899 900 300
889 891 6523
513 514 4282
382 384 8848
303 305 1757
757 759 6258
888 890 799
323 325 3301
909 910 1637
442 445 3854
722 725 8509
2 5 431
137 138 293
389 391 2698
382 385 6798
841 842 769
815 816 2177
616 619 5673
101 102 1762
532 534 636
20 23 6762
892 894 5877
58 61 6073
223 224 1353
5 6 7236
144 147 5605
544 546 4422
605 606 3124
217 219 4785
327 329 5541
741 743 6860
610 612 3022
798 800 2447
885 887 9455
630 633 4710
898 900 3640
850 853 8584
147 149 9485
784 787 5219
5 7 3210
138 140 6193
753 754 5037
522 524 1021
374 377 3562
956 958 5496
618 621 5392
843 844 9453
352 354 6808
188 190 2046
87 88 1211
690 693 1523
951 952 6886
802 804 6397
467 468 3570
1 2 9810
118 121 7522
43 44 8923
125 127 599
349 350 2516
373 375 2172
368 370 4809
637 639 3582
246 249 7696
628 630 6183
49 50 7678
751 753 7694
178 180 2812
316 318 1420
945 947 1168
140 143 569
270 272 1312
88 90 2211
12 14 9086
274 276 8635
739 740 187
724 727 4939
130 132 2313
395 396 8906
531 532 2058
449 451 9777
138 141 4303
36 39 8986
478 480 8282
484 487 8137
308 310 875
218 221 265
193 195 9275
854 857 294
878 881 2254
679 680 8606
843 845 5114
817 819 7116
568 570 3360
819 821 9256
852 855 7332
879 881 3419
935 936 2082
756 759 5051
118 120 5802
253 255 349
556 559 8317
461 463 1269
717 719 3942
623 625 1847
381 382 250
966 969 1076
109 111 9655
11 13 1038
85 87 7685
847 848 9437
203 204 1892
948 950 6637
669 670 5006
868 870 7771
173 175 9802
426 429 7932
156 158 3616
315 316 8021
902 904 5514
745 746 3069
782 785 3475
293 294 4188
554 556 9721
482 484 9605
920 922 7114
173 174 5595
590 592 5884
364 366 1585
268 270 1898
542 545 9288
40 43 3956
74 76 2346
973 975 7562
384 386 5026
854 856 4904
13 15 1236
801 802 6638
640 643 1751
249 250 9984
567 569 8686
448 450 4044
54 56 3320
344 347 6410
116 119 561
602 605 4762
871 873 5528
380 382 9446
226 228 8679
678 681 8689
677 679 2097
348 350 8988
114 117 6502
769 771 8951
671 672 6485
459 461 5974
480 482 5136
725 727 7575
301 302 7838
857 858 8635
185 186 5932
67 69 5204
733 734 4538
995 997 213
824 826 6850
94 96 5256
76 78 1881
952 955 2620
715 716 9553
748 750 5300
931 933 2777
371 373 8752
543 545 4912
85 86 8836
64 66 5509
483 484 2263
385 387 6222
249 251 8636
291 293 5491
721 722 7051
788 791 1780
148 150 2363
507 509 5002
416 419 7685
444 446 8625
121 123 9704
263 264 623
800 802 680
393 394 8905
495 497 2229
935 937 8340
23 24 9662
654 657 7923
78 81 9884
335 337 18
765 767 5771
191 193 3742
766 769 745
533 535 716
764 767 3380
443 445 9852
926 929 5776
651 653 2042
341 342 1555
953 955 1650
516 518 459
59 60 9895
45 46 1032
825 827 1420
219 221 589
260 263 3645
963 964 7597
255 257 5948
962 964 3992
269 271 8170
713 715 7657
521 523 5444
865 866 7520
153 155 2894
258 261 2270
153 154 5191
799 800 3178
488 490 4919
150 153 8978
688 691 2069
979 980 3613
569 571 3561
500 503 3934
677 678 763
46 49 5795
969 970 4974
800 803 4357
705 706 9212
3 4 6721
987 989 4696
516 519 838
431 433 5358
133 135 3041
640 642 9905
401 402 6838
533 534 831
396 398 8445
215 217 1330
545 547 7911
346 349 561
199 201 5272
208 211 5714
742 744 46
168 171 6582
960 963 8843
576 578 9262
775 777 4251
685 687 3471
530 533 5563
55 57 5383
257 259 4317
585 586 2983
311 312 1943
806 809 9111
211 212 9364
652 655 5930
746 748 121
180 183 8908
42 45 885
243 244 7047
636 639 3068
605 607 5314
672 674 5661
145 147 6003
770 772 6925
971 972 4248
519 521 3035
234 236 9267
672 675 6487
458 460 76
642 645 8470
903 905 1356
402 405 4951
595 596 3385
755 757 6171
709 711 1011
161 162 4459
93 94 3232
549 551 4909
97 99 7731
829 830 6474
930 933 5803
596 598 2096
625 627 5373
201 203 5755
161 163 5858
41 43 4219
730 732 1578
273 275 3961
120 123 6235
655 657 6776
842 845 2335
742 745 8902
11 12 486
916 918 7851
66 69 576
554 557 4112
812 814 1047
201 202 4153
151 152 4823
38 40 4793
738 741 897
737 739 5763
767 768 5594
421 423 1069
132 134 6392
66 68 2399
286 288 2956
434 436 9371
304 307 6179
174 176 2235
257 258 7134
264 267 1007
325 327 1094
78 80 5188
157 159 3689
439 441 8793
57 59 8720
981 983 907
917 919 1650
466 469 1836
496 498 1928
796 798 8235
985 986 4708
590 593 3497
849 851 2422
168 170 1975
527 529 405
299 301 4829
951 953 2642
997 998 4896
13 14 3554
529 531 6268
950 952 687
858 860 3960
960 962 1345
880 882 982
423 425 2984
281 282 4617
904 907 5119
171 173 9278
211 213 2973
606 608 4430
809 811 8632
762 765 409
695 697 2337
778 781 7597
133 134 3656
110 113 8163
900 903 9731
618 620 580
339 340 8808
789 791 4492
400 402 1151
811 813 610
210 212 765
954 957 6697
913 915 8815
644 646 4927
474 477 3771
875 876 4220
922 924 4705
95 97 6639
894 896 4702
394 396 5174
829 831 326
907 908 4129
603 604 1562
946 949 9283
262 264 325
739 741 5707
819 820 9859
131 132 2407
920 923 5127
194 197 5931
365 367 1816
420 422 4086
272 274 2077
734 736 8161
404 407 1286
181 183 4157
76 79 9430
192 194 9493
443 444 2977
588 591 9593
51 53 2641
810 812 7547
56 59 9903
813 815 522
737 738 9897
779 780 4318
39 41 7781
477 479 1851
409 410 3482
36 38 7379
782 784 593
582 585 4338
292 295 3706
318 320 3408
199 200 8383
468 470 7493
641 643 988
218 220 2665
896 898 772
695 696 1662
543 544 1448
285 286 3888
652 654 3600
564 567 4081
127 128 4000
235 237 5611
326 329 9517
433 434 9455
74 77 8348
44 47 5974
664 666 9599
75 76 8955
219 220 6049
276 279 6752
744 747 5331
454 456 7511
756 758 1673
980 982 5384
986 988 6498
491 493 6403
986 989 376
553 554 1665
497 499 3475
768 771 9723
670 673 8002
667 669 7449
785 787 1222
860 862 2172
473 474 7281
150 152 4659
152 155 8365
577 578 5629
566 568 9736
236 238 9354
12 15 9614
220 223 916
476 479 6619
468 471 2043
105 107 5800
457 458 4927
455 457 5671
625 626 5438
119 121 4837
844 847 2275
125 126 1812
883 885 8422
486 488 9773
905 906 5266
696 699 5251
379 380 418
172 175 7372
164 166 9546
248 250 1645
155 157 9299
970 972 5898
884 887 2765
699 701 9556
271 272 1275
10 13 8456
17 18 781
658 661 7550
437 438 9811
302 305 2471
101 103 9550
576 579 5535
1 3 6074
723 724 5597
345 346 9938
690 692 2210
970 973 6048
979 981 5571
908 911 3211
185 187 2127
991 993 5259
497 498 5018
685 686 3891
939 940 8393
562 564 1969
414 417 2110
259 260 5533
431 432 966
112 115 1561
47 48 1293
503 505 6630
305 306 2723
505 506 785
731 733 7152
648 650 3093
356 358 6929
21 23 3607
455 456 7638
189 191 6406
899 901 2072
100 102 1927
845 846 2481
707 708 1814
771 773 4603
320 323 8066
93 95 2914
967 968 2171
910 912 7778
511 513 8636
320 322 3424
373 374 3916
360 362 3475
309 311 3138
322 324 2718
110 112 2123
84 87 8657
937 939 3801
523 525 699
631 632 1058
493 494 5858
754 756 8772
858 861 9309
876 879 7878
425 427 215
617 618 5930
596 599 7888
940 942 9160
928 931 9958
750 752 3095
665 667 4357
775 776 2633
853 854 3395
463 464 1045
584 586 3846
540 543 2396
974 977 47
816 818 2130
598 601 6557
861 863 8810
762 764 4104
675 677 4886
723 725 1325
182 184 3307
860 863 1429
610 613 5349
746 749 10
108 111 12
599 600 6579
623 624 9914
329 330 6867
478 481 450
60 63 4882
195 196 1314
26 29 5464
957 958 4072
783 784 5360
635 637 3702
62 65 2089
606 609 5693
69 70 9475
768 770 2495
547 549 4584
856 859 249
975 976 6170
375 377 8833
362 364 4855
555 556 9240
705 707 6049
287 288 8500
868 871 3265
235 236 3527
228 230 1347
275 277 6152
518 521 4096
743 745 4725
974 976 6483
906 908 9981
803 804 1176
419 420 4038
413 415 4988
828 830 9738
470 473 4829
489 491 8399
283 285 896
169 171 1392
113 115 2038
471 472 3696
556 558 9649
886 888 9404
558 561 5038
48 50 5896
888 891 250
804 807 6976
267 268 5180
876 878 2302
335 336 1816
329 331 7765
301 303 8808
446 448 8396
446 449 5635
698 700 6388
639 640 5793
388 390 2453
518 520 4637
764 766 4771
600 603 5216
415 417 7600
757 758 6072
579 581 7226
694 696 6198
318 321 6060
706 709 7503
870 872 1023
952 954 2425
959 961 6747
473 475 7876
159 160 9302
232 234 3083
237 238 3957
129 130 3017
399 400 491
139 140 2674
628 631 5518
510 513 3305
339 341 9942
692 695 5550
734 737 4650
273 274 3987
683 684 2698
666 668 8933
647 649 3988
774 776 5474
731 732 1043
162 164 5528
402 404 8018
627 628 1036
934 937 9879
447 449 2892
893 894 2961
208 210 840
550 553 8285
333 335 3920
99 101 4873
700 702 578
317 318 4180
252 254 3445
120 122 5894
662 664 3409
776 779 190
806 808 1133
704 706 3077
147 148 1777
862 865 2755
132 135 8061
985 987 2333
871 872 3347
241 243 5148
508 510 5031
911 913 1401
676 679 7353
328 330 2187
408 411 5705
514 516 2641
859 860 2352
254 256 1167
498 500 7506
434 437 4690
659 661 9756
364 367 3750
593 595 4832
511 512 1243
875 877 7641
749 751 3336
31 32 6417
658 660 2750
716 718 6735
589 591 255
990 992 193
557 558 4794
535 536 8601
136 138 469
932 935 7088
619 621 9142
759 761 1941
893 895 8323
225 226 2399
691 693 354
826 829 7461
848 851 9612
502 504 3694
179 181 5141
717 718 8815
182 185 8909
321 323 515
299 300 8488
502 505 4631
135 136 6404
68 70 7009
223 225 4383
450 452 7858
33 34 9959
441 442 4203
809 810 8431
637 638 7873
310 312 5527
207 208 6013
496 499 7924
288 290 8638
693 694 6801
276 278 228
559 561 4666
412 414 7829
822 824 3211
538 541 2187
427 428 4201
136 139 1833
198 200 2673
209 210 3865
524 526 7154
841 843 7520
864 867 6898
550 552 5830
225 227 4639
451 453 7478
708 711 4555
291 292 9575
238 241 3277
977 978 9206
27 28 260
840 843 892
570 573 8121
407 408 1943
16 19 4877
565 566 3000
535 537 946
97 98 5851
25 26 6018
112 114 8787
551 553 3197
586 588 1631
338 341 6248
240 243 2306
892 895 6829
662 665 1096
563 565 4338
19 20 7245
297 298 1483
377 379 6003
795 797 1745
472 475 1615
947 949 9255
311 313 6965
137 139 9605
458 461 1098
197 199 7598
15 16 9488
938 941 4666
140 142 7185
765 766 4320
271 273 8340
79 81 6978
763 765 4623
972 974 9376
964 967 2852
233 235 9610
307 308 728
119 120 7499
650 653 9258
648 651 1483
528 530 1144
50 52 9400
67 68 2455
548 550 7042
38 41 7368
59 61 2669
668 671 2972
574 577 1143
15 17 2404
697 698 2054
166 169 5906
460 462 4463
673 675 7372
508 511 5512
378 380 8306
60 62 7732
866 868 9311
966 968 3314
587 588 4188
580 582 4656
176 178 2515
294 297 2392
617 619 9417
615 616 9367
228 231 1174
314 317 3149
846 849 5883
295 297 301
989 991 4981
583 585 6120
104 107 3028
8 10 6565
481 482 9672
356 359 7088
933 934 5209
903 904 5795
334 337 5170
343 344 6792
714 717 8026
392 395 5276
946 948 1004
789 790 5824
332 335 2981
720 723 8164
213 214 9530
312 314 3856
978 981 8138
531 533 5401
562 565 3488
711 713 4835
861 862 1918
646 648 8262
80 83 8777
322 325 7504
284 286 2457
214 217 1024
347 348 7050
923 925 4006
824 827 711
10 12 894
897 899 4730
396 399 4515
958 960 1678
856 858 5110
54 57 100
781 782 5117
230 232 3337
924 926 5477
851 853 6352
763 764 1190
969 971 1569
449 450 9084
927 929 5944
42 44 5275
538 540 9507
792 794 9356
169 170 8750
950 953 2895
315 317 9872
544 547 2053
862 864 2263
633 635 8633
148 151 296
154 156 5385
22 24 7289
409 411 5635
63 65 163
279 281 2937
559 560 190
683 685 4544
887 888 4104
143 144 2565
215 216 2502
91 92 6385
645 646 7998
376 378 4660
588 590 9258
336 338 5827
521 522 1405
358 361 7875
732 734 194
881 883 8720
184 187 564
594 596 2763
542 544 9493
144 146 7902
814 816 9452
124 126 1917
370 372 6869
456 459 8761
902 905 785
405 407 8556
777 779 327
807 809 7096
984 986 5526
394 397 2530
676 678 1546
901 903 5947
159 161 6756
836 839 6811
968 971 5192
913 914 5446
333 334 4537
587 589 2897
70 73 9339
278 281 5754
994 997 2757
869 871 4448
48 51 7513
398 400 3683
891 893 8705
95 96 2376
202 204 6261
433 435 7363
411 412 5984
821 822 502
172 174 1390
403 404 8831
26 28 821
343 345 2634
127 129 9794
229 230 5054
512 515 8596
693 695 9110
260 262 9197
750 753 2069
86 89 6514
482 485 7804
23 25 9373
825 826 4769
890 893 3472
238 240 7804
62 64 9335
895 897 6415
51 52 8649
591 593 6677
439 440 454
990 993 2026
82 84 6903
857 859 1494
296 299 8823
517 518 971
601 603 1845
872 874 41
965 967 8663
465 467 2778
253 254 2317
313 315 8595
358 360 8203
380 383 2519
506 509 2129
702 705 5195
954 956 953
915 917 8516
96 98 1190
504 507 9569
43 45 9186
922 925 3606
490 493 5359
386 388 2740
279 280 6083
106 109 3218
49 51 6294
399 401 4497
377 378 6539
348 351 6853
17 19 4896
152 154 1040
657 659 8189
619 620 4524
519 520 2592
668 670 3346
391 393 3269
221 223 4652
656 659 3637
44 46 7615
359 360 6505
906 909 7517
117 119 6811
465 466 9944
52 55 9151
901 902 5530
98 101 6214
867 869 8823
29 31 9172
436 439 6939
428 430 6123
423 424 8212
900 902 5730
694 697 6866
451 452 4743
707 709 2285
170 173 6667
430 432 9474
574 576 6187
526 528 7685
614 616 3303
823 825 3461
859 861 5364
205 206 3141
704 707 4207
850 852 6404
254 257 9096
440 443 7069
687 688 412
285 287 5573
992 995 1849
410 413 5582
686 689 7279
546 549 2489
261 262 4448
599 601 9532
32 35 1120
641 642 9479
98 100 5546
326 328 3822
844 846 2378
492 494 2203
557 559 7335
397 398 2597
558 560 3154
494 497 515
186 189 6891
267 269 7356
993 995 6104
167 168 7260
499 501 2879
483 485 4015
485 486 9656
747 748 9764
689 691 6860
880 883 6996
727 729 2121
525 526 9376
146 148 2884
331 333 6664
840 842 6252
878 880 2322
600 602 5674
665 666 3994
86 88 7410
40 42 4254
376 379 8717
283 284 9751
781 783 9973
669 671 4000
808 810 1385
536 539 3871
894 897 4173
20 22 1903
425 426 9545
367 368 3924
277 278 4161
391 392 8887
917 918 5996
224 227 8152
965 966 2408
823 824 5820
548 551 6814
639 641 9631
890 892 4889
417 418 8490
143 145 5534
340 343 9551
266 268 6365
534 537 1270
441 443 6802
724 726 5309
835 836 860
206 208 4544
350 352 2577
745 747 3449
212 215 9759
424 426 4662
608 611 4589
513 515 3008
529 530 395
298 301 6075
613 615 7621
102 105 158
790 793 2809
747 749 6075
578 580 7014
909 911 7649
680 682 8039
586 589 958
957 959 2780
660 662 1129
810 813 3352
755 756 2339
8 11 7182
776 778 486
469 470 634
659 660 2099
609 611 3931
537 538 633
547 548 6181
820 822 2425
525 527 3429
697 699 1504
272 275 5979
314 316 2071
73 75 9181
786 789 4612
282 285 6057
306 308 183
512 514 1868
170 172 9263
769 770 5863
126 128 8500
793 794 143
539 540 2528
912 914 6580
691 692 3695
509 511 7946
251 253 6317
947 948 952
522 525 6322
603 605 2342
82 85 4875
661 662 5380
780 782 7135
503 504 4863
657 658 2870
595 597 4652
187 189 8475
526 529 8491
222 225 6498
9 10 8141
155 156 1
898 901 5183
342 345 8219
131 133 5534
699 700 1880
216 219 2273
70 72 5979
227 229 8562
128 130 8282
319 321 8847
390 392 2025
189 190 3038
948 951 572
804 806 4383
541 543 3053
735 737 4119
435 437 3616
429 430 1451
361 362 759
997 999 9386
139 141 4180
649 651 439
25 27 1540
296 298 4766
331 332 4073
345 347 3157
758 760 6283
145 146 9197
787 789 8115
432 434 552
752 754 7770
500 502 7521
475 477 7484
889 890 78
0 2 7840
510 512 4303
416 418 5052
231 232 6577
571 573 1140
117 118 9841
427 429 7324
802 805 5836
186 188 5210
787 788 7517
231 233 4550
570 572 6599
183 185 1894
381 383 3894
710 713 5573
733 735 6776
303 304 5227
678 680 4277
788 790 5351
103 104 301
338 340 9993
573 575 8607
130 133 6543
726 728 4392
936 938 3619
853 855 5331
797 798 6550
670 672 4011
738 740 8356
121 122 6518
387 388 6303
346 348 4399
592 595 5394
826 828 9061
16 18 2247
92 95 5473
406 408 9531
244 246 574
135 137 6441
388 391 6542
217 218 5001
794 797 1604
624 627 8722
795 796 9
895 896 9197
53 54 2669
293 295 5604
141 143 3933
831 832 4699
664 667 5149
438 441 8734
432 435 8729
636 638 386
914 916 5952
350 353 4639
958 961 3014
158 160 492
196 198 4059
200 203 7914
869 870 8695
247 248 4869
671 673 3896
577 579 4894
37 38 7836
81 83 8889
460 463 4826
925 927 40
681 683 1699
246 248 5572
914 917 1213
368 371 1478
732 735 201
955 957 7918
505 507 1252
250 253 9076
633 634 8950
490 492 5525
33 35 4799
270 273 9985
680 683 1724
604 606 805
771 772 6289
31 33 1074
833 835 6777
714 716 4437
367 369 6220
244 247 2186
509 510 5467
575 577 6451
783 785 6861
179 180 5922
629 630 3713
988 991 8650
245 247 6590
115 116 8108
873 874 1217
212 214 4015
265 267 3893
983 984 3883
198 201 328
572 574 7219
866 869 316
242 245 2061
204 207 1208
355 357 1039
602 604 3834
506 508 3724
566 569 19
540 542 3325
937 938 9212
213 215 8079
193 194 8820
407 409 4289
365 366 8482
582 584 8648
163 165 1896
122 125 2754
477 478 4558
222 224 6445
167 169 7313
632 635 630
282 284 1670
589 590 3167
390 393 3361
463 465 2538
92 94 5708
786 788 6726
0 3 2542
977 979 8043
80 82 359
494 496 1327
963 965 5873
418 420 2862
832 835 8874
686 688 8357
295 296 6322
830 832 427
255 256 9313
472 474 1432
961 962 7396
424 427 9751
721 723 9469
171 172 7971
601 602 181
808 811 1312
30 33 535
75 77 7712
581 583 710
444 447 5673
918 920 4616
760 763 179
703 705 3156
698 701 5801
822 825 4894
281 283 9887
591 592 4591
560 563 2939
817 818 3688
383 384 3503
256 259 7090
294 296 2735
609 610 4441
910 913 1519
342 344 3934
351 353 5106
834 837 4092
712 715 4533
251 252 6980
115 117 2686
932 934 8262
552 555 1648
269 270 1981
517 519 5394
611 613 1832
32 34 1734
828 831 2729
564 566 6373
725 726 3213
190 193 5708
709 710 8569
351 352 5280
205 207 8614
877 878 6265
793 795 9576
298 300 5096
386 389 2560
811 812 7869
796 799 9771
767 769 6601
73 74 9679
412 415 3826
166 168 1866
221 222 4906
160 163 1687
243 245 8979
313 314 7271
202 205 9504
945 946 4103
72 75 810
647 648 2273
528 531 2956
90 92 3915
741 742 3961
330 332 3195
803 805 3293
703 704 1029
83 84 1774
631 633 9595
713 714 8657
918 921 6171
289 290 1650
175 176 9959
696 698 8002
379 381 1867
552 554 1974
712 714 4790
908 910 8931
151 153 5956
980 983 8211
736 739 9338
785 786 2555
736 738 2336
84 86 9073
982 985 2349
504 506 134
242 244 9667
930 932 5629
780 783 5939
204 206 4666
614 617 6849
883 884 5232
571 572 3120
912 915 8078
560 562 2208
195 197 8683
818 821 6176
89 90 2370
41 42 770
884 886 5175
57 58 9883
240 242 3837
831 833 5082
453 455 8341
230 233 8539
553 555 983
646 649 8226
190 192 61
265 266 5362
290 293 4561
111 112 2101
882 884 9526
758 761 3001
487 488 4980
452 454 8321
915 916 2407
52 54 8447
501 503 581
784 786 1523
290 292 8264
514 517 4086
107 109 3346
770 773 7899
99 100 6727
953 954 9933
14 17 678
292 294 5335
684 686 201
838 840 541
877 879 5963
250 252 6710
904 906 9990
352 355 9126
207 209 3178
89 91 4284
760 762 3360
839 841 8395
943 945 9816
389 390 2869
184 186 1783
851 852 9755
978 980 3913
344 346 8274
524 527 9986
383 385 9498
649 650 8417
949 950 8406
727 728 2176
479 481 5008
541 542 1599
447 448 9454
663 665 1764
656 658 4977
328 331 4380
363 364 3745
532 535 1943
575 576 2326
103 105 7953
842 844 7321
129 131 799
357 359 8514
71 73 7471
336 339 1823
919 920 4385
816 819 9012
484 486 6530
702 704 4227
453 454 8019
791 792 8522
197 198 6655
177 178 9342
165 166 3595
772 775 2882
18 20 7601
885 886 9096
805 807 2821
374 376 1848
304 306 618
615 617 617
157 158 9505
855 856 2455
907 909 7887
621 623 7996
45 47 2106
973 974 2172
585 587 9050
418 421 9776
284 287 1434
297 299 6200
462 465 6893
27 29 1000
53 55 2854
968 970 9347
956 959 6592
621 622 7847
464 466 2848
507 508 7846
191 192 7866
289 291 552
35 36 1757
337 339 7163
622 625 9876
967 969 8000
403 405 7215
415 416 3702
452 455 856
247 249 7241
461 462 2853
626 628 618
229 231 3018
729 730 9504
464 467 3903
666 669 4637
203 205 8715
305 307 6990
936 939 5373
220 222 5398
642 644 1301
629 631 2146
337 338 6779
404 406 3129
24 27 8902
262 265 971
160 162 3026
491 492 3719
4 6 1550
748 751 1573
481 483 6070
711 712 3857
469 471 242
611 612 4802
306 309 7348
371 372 2453
445 447 6140
887 889 6796
837 838 6702
35 37 1459
105 106 8553
536 538 7340
83 85 3316
419 421 2571
773 774 7359
149 150 5898
413 414 7357
19 21 4902
63 64 721
689 690 4319
934 936 9044
108 110 1131
489 490 6176
410 412 306
263 265 4384
612 614 8992
47 49 1886
597 599 3736
674 676 5653
300 302 3271
520 522 3458
493 495 2273
612 615 7770
728 731 9229
58 60 1489
761 763 7451
632 634 8339
2 4 9173
814 817 6622
325 326 5902
321 322 3368
865 867 2366
674 677 1490
278 280 425
706 708 9743
643 645 1123
72 74 467
996 999 5452
530 532 5203
848 850 5783
324 327 5476
867 868 61
24 26 9365
109 110 9861
838 841 5673
122 124 4173
523 524 7286
579 580 9393
259 261 4311
174 177 1561
926 928 5250
438 440 3202
397 399 4950
113 114 1061
369 371 9754
309 310 988
77 79 5245
459 460 904
183 184 1758
180 182 5622
435 436 1662
744 746 9753
485 487 7790
730 733 1013
436 438 3879
578 581 4540
4 7 7667
987 988 9142
302 304 8311
372 374 26
772 774 4963
616 618 4321
476 478 3678
849 850 1139
134 136 877
362 365 4131
479 480 1466
684 687 8483
288 291 1270
196 199 8499
563 564 5543
821 823 1109
385 386 9220
6 9 3815
722 724 6764
149 151 3891
420 423 6289
991 992 1178
353 354 5186
486 489 6107
334 336 9842
897 898 9688
312 315 1287
116 118 1338
572 575 2121
440 442 1414
896 899 4822
359 361 4135
545 546 8342
634 637 9033
192 195 6855
774 777 8585
962 965 7621
65 67 7561
378 381 93
261 263 1061
375 376 5585
759 760 2924
720 722 2087
361 363 3099
102 104 8971
400 403 6987
87 89 4770
847 849 4028
81 82 1668
872 875 7575
324 326 5482
466 468 4635
568 571 7908
370 373 9522
414 416 7005
177 179 5131
983 985 5245
718 720 7455
766 768 8347
874 877 916
401 403 5146
921 922 7552
790 792 5089
114 116 6879
976 978 288
126 129 4353
923 924 6535
471 473 2478
142 144 2560
194 196 8421
156 159 6212
91 93 3287
209 211 1082
682 684 957
773 775 7659
275 276 262
366 369 7246
942 944 1768
236 239 7097
406 409 9944
123 125 5648
753 755 813
450 453 1856
55 56 828
719 720 4701
996 998 2505
188 191 6328
363 365 6620
886 889 2617
818 820 9324
567 568 1512
981 982 2410
480 483 7199
448 451 4440
940 943 8739
663 664 1399
106 108 6181
248 251 7977
162 165 6044
546 548 7526
258 260 8694
467 469 5349
187 188 2566
651 652 6265
701 703 9772
726 729 2636
237 239 3895
96 99 4493
581 582 6810
584 587 1896
807 808 1638
984 987 5568
938 940 114
653 655 2839
384 387 4410
624 626 22
692 694 7525
393 395 2825
123 124 9613
29 30 7606
905 907 1525
527 528 1920
961 963 3458
353 355 3680
630 632 9278
100 103 331
408 410 6921
65 66 3604
635 636 6158
622 624 2959
68 71 4791
501 502 887
700 703 1381
46 48 1156
252 255 2080
398 401 6881
644 647 8833
462 464 908
955 956 4899
708 710 1765
7 9 1652
874 876 925
181 182 6717
975 977 8798
931 932 4088
360 363 1048
673 674 9770
349 351 2917
50 53 1465
794 796 1018
366 368 132
927 928 2338
801 803 9303
583 584 2146
422 425 4690
751 752 6014
6 8 7415
604 607 4900
752 755 4363
488 491 115
729 731 841
515 516 6328
214 216 1183
405 406 2407
942 945 3966
77 78 9403
7 8 9457
18 21 2880
728 730 6428
837 839 2991
573 574 5963
69 71 1995
870 873 1084
627 629 3278
3 5 1326
701 702 1631
395 397 3229
428 431 7252
993 994 2768
964 966 8952
777 778 7896
266 269 2586
643 644 8978
280 282 912
437 439 9697
372 375 3107
227 228 5675
549 550 950
995 996 4398
426 428 3522
718 721 9231
939 941 1882
34 37 8909
124 127 5604
653 654 2079
933 935 4140
355 356 8701
971 973 1228
175 177 6068
206 209 2313
749 750 6909
233 234 6402
645 647 7966
422 424 8156
411 413 7247
176 179 3760
417 419 7844
778 780 7115
499 500 7979
882 885 1519
638 641 8788
90 93 1648
593 594 9096
592 594 709
607 608 6490
310 313 2926
280 283 9687
39 40 9598
607 609 4745
323 324 8466
454 457 1500
944 946 2266
347 349 8406
667 668 3133
61 63 8656
988 990 2285
754 757 4488
239 240 4776
515 517 4533
710 712 5403
820 823 8449
457 459 3217
924 927 802
735 736 6927
740 742 9237
79 80 5251
264 266 1665
594 597 1492
911 912 1290
805 806 7067
982 984 2702
178 181 4412
832 834 8087
919 921 7059
864 866 5171
761 762 133
224 226 5987
308 311 4330
286 289 9449
369 370 3449
474 476 8624
200 202 620
620 622 6555
620 623 3768
330 333 5862
520 787
668 726
281 731
789 911
663 746
189 447
233 591
536 935
149 854
511 819
169 939
385 740
17 579
336 632
83 421
190 734
708 783
501 681
146 691
918 969
132 707
28 404
628 870
889 989
75 549
319 550
36 960
623 827
693 831
314 462
52 980
358 600
839 992
189 271
447 642
193 647
428 836
440 565
394 613
336 785
114 420
816 960
758 895
200 859
270 472
260 767
513 780
632 787
47 717
110 360
551 803
33 608
845 922
212 319
152 419
68 703
216 962
679 732
180 955
224 420
12 959
361 993
408 932
581 891
279 359
211 669
987 993
513 797
435 924
286 725
559 618
939 985
496 812
24 568
36 609
963 975
20 901
189 950
294 816
415 516
752 970
351 519
271 361
207 210
292 698
170 909
399 735
566 835
104 658
92 192
89 759
222 599
561 607
410 814
306 824
549 604
711 916
603 923
21 106
513 996
