1 29999 0 3000
5260 22485
19006 25778
15706 26905
5790 23962
4279 5591
22201 22681
2906 4613
18954 28400
13820 21179
10435 20524
889 25823
7532 29316
9670 24573
10183 11739
17412 28241
15700 26124
3408 5808
7625 8821
7146 13171
14469 20231
3789 21194
8044 13859
13999 16127
9506 15843
428 866
507 23767
420 18204
10418 16035
9985 25323
23073 24764
18702 23079
3562 17084
24141 28419
4096 23709
281 6496
4217 13127
28094 28537
18506 21368
12748 23226
9178 16739
10409 22316
5698 21637
2649 19852
22401 26046
2143 16263
8174 11131
12236 18437
15361 22872
4312 5260
9539 28312
21394 22118
12038 19121
1571 13000
2381 2462
8157 20326
7962 28716
6679 19603
5835 25261
25772 29825
10482 13249
17774 29098
16588 27451
3142 22703
5498 28323
16727 22831
5453 6787
7686 9865
754 12003
5984 10318
2298 11785
11771 18821
11323 19841
2385 29667
429 928
2301 15328
8679 14543
10468 27028
2130 29402
5317 29487
25134 29630
12344 26030
710 14603
10451 15624
26789 28237
21422 28467
22776 26377
7348 11212
8974 12342
11485 27929
334 3874
22224 28659
2550 4318
13022 21604
7468 11665
813 19570
1338 3640
2272 18346
11932 26795
7833 24181
19697 22619
8954 21314
18091 24582
19117 19209
12845 14607
15122 15520
11501 16662
19354 22438
2866 21041
8222 24334
14998 27347
436 15633
16937 22932
18491 25812
7876 27633
42 7423
1327 25822
16931 26624
7533 28579
4899 24214
18308 21511
22709 25888
14950 28232
3778 12659
6422 10958
17245 18727
11401 26159
5184 16356
12531 28832
1361 27207
12707 29144
9938 20344
22422 29932
3855 28811
10144 13814
19418 19717
8543 21793
14839 29498
10115 13910
8976 20077
15333 25884
14820 23281
20490 27773
2486 16911
2517 20562
14306 27544
9398 14927
16351 23813
11912 14771
3916 15674
10279 14199
5281 9526
7592 18019
14705 18097
16769 22312
1342 23373
12605 15922
11276 21398
20528 29910
5378 11143
3259 9599
13647 26289
1871 26753
8005 13279
21670 22820
940 18544
1865 13360
8757 18783
13691 29253
578 13319
2096 22890
18425 23171
953 27908
5475 9267
12137 20481
11488 15931
1803 12976
5647 7160
3282 14308
7965 14124
1852 5926
6057 29489
12111 15279
15230 16967
13150 19498
12301 19055
11966 24937
13865 17516
17384 19198
13768 14737
19744 28749
10929 11422
14695 17898
3449 15523
4664 8812
8319 27165
11589 26383
4298 21577
7919 23474
5785 12482
6285 15881
6652 24119
21459 22396
22539 26445
13194 20255
1354 25527
6948 25905
3607 11323
3039 17696
9736 24161
18972 26957
14402 21881
16191 26574
5125 16438
20721 23238
29135 29895
7719 8542
12982 14451
12155 24990
8974 20706
6254 9705
10621 16040
16383 22553
7013 10530
16025 25216
19635 29484
783 20743
3712 14502
5992 15796
18240 24693
17009 20404
3600 3658
1880 11149
8640 23005
12902 22956
742 27237
6855 8567
9312 17851
23130 26020
24880 26099
1594 29193
10228 17051
18895 25950
27621 29574
26943 28082
14903 22261
22334 27656
17121 27302
13926 25364
505 19343
17483 26299
9217 21637
19814 28394
522 22961
10835 21797
2771 8998
8313 12576
11201 15994
8272 19578
1175 16454
5489 9148
3028 5272
23593 29236
18305 23592
2376 28161
13316 21315
12144 20149
3673 7144
724 11141
3219 15420
865 28838
12134 27933
4427 20671
3683 10421
7752 21035
24571 27574
2135 29930
367 7979
3181 24693
250 5383
7826 29407
7374 17362
5316 11590
212 9135
692 4841
5632 13246
22193 24222
3443 16585
8134 12341
3676 17673
13640 16579
801 15767
3672 19704
2874 21519
10143 26715
14885 24766
19704 25951
9917 24953
1624 26835
9914 29470
6040 16309
19110 27811
19983 22394
6998 15939
6681 14046
5283 25493
24279 25296
2028 26202
1157 16940
14590 17759
267 11695
9684 23269
142 18005
14237 26613
9917 10849
14287 23856
6151 7580
18106 23522
1996 4200
1650 10204
18052 24665
6666 24216
5217 12657
4872 6983
7484 26641
2157 8743
11466 23219
11818 25936
9752 23283
3585 10326
7838 25964
1056 13176
9957 25034
15951 18425
7178 23584
4593 9566
612 1179
5500 22634
3829 7599
1559 15118
18622 29991
4871 23936
22205 24228
9568 27301
67 16743
309 11802
16109 20593
10535 13581
1165 29816
5273 28997
2575 23110
6053 8199
20566 20701
10247 29911
2373 26877
11469 29397
13870 20300
17561 28301
23624 29659
18305 28842
20000 21397
10780 19181
9818 22176
488 16211
8486 13986
22639 27750
8151 23528
425 15968
14800 29477
4995 9844
19620 25262
9545 16830
225 22926
19468 26621
18095 27626
751 17399
6102 13712
9450 24009
7449 14036
8561 9750
11538 21059
12174 25346
18902 24177
27718 28449
5062 27556
17586 20609
2127 2822
11873 24542
4398 29957
10107 12482
13793 24462
0 21531
233 12097
9870 16546
10948 12266
855 8443
7370 11826
13400 19430
24042 29680
13356 23500
16393 21060
3270 21331
12287 12786
13441 17149
577 11303
15090 20773
4446 13587
4651 17160
4577 20175
11870 12428
7096 11995
8805 17475
16016 24940
8334 9996
7538 14631
10068 29550
3912 28441
17316 27842
11320 29018
9697 22426
1711 6353
11634 14941
9298 28328
5293 21495
14239 14399
10093 13260
14916 17153
7843 18083
4944 14671
1624 27741
13338 16388
6082 15706
20640 21253
7441 27534
15199 20570
22024 25638
3093 9851
8958 21510
20424 24787
1549 22606
6539 13459
286 19449
60 23033
1674 29133
3498 13745
24910 26768
12759 22905
924 29133
22090 22705
2069 2217
8414 9762
2822 21651
20490 25156
1663 15049
4076 28501
18878 24703
25402 28399
19620 20571
18985 27707
7043 24492
1462 14398
16969 27579
14553 22806
10609 12017
2177 3466
17461 21216
5291 12016
1633 21678
17702 21502
6233 29877
15285 18315
1756 12467
15210 16060
13841 24656
5762 26268
3240 8707
21605 24756
13873 24917
14549 26687
17472 21492
5967 27027
5676 25240
10648 11266
10869 27028
265 1598
28565 28962
8920 14126
13964 17193
9372 14539
17013 23796
7372 22262
683 24368
20461 25087
12495 25685
8144 19616
1707 12673
2499 18001
6811 27089
3341 21410
19893 24112
11969 18094
9311 25933
168 15110
1685 18026
1415 11147
6481 14304
24279 25924
6695 17711
1890 5409
417 8250
10721 12356
15358 22712
6901 16203
12347 27885
13340 14762
2465 26964
13332 25286
19908 25585
16093 19188
5457 21708
14546 17788
3082 10839
445 5661
13204 25041
1981 7435
7919 8743
7104 28488
24232 26401
12545 15820
4566 5451
24575 26446
7206 28963
7062 21960
4455 12640
15582 25078
5331 13463
773 24854
11049 12455
21479 23661
21791 29390
13455 19546
13699 25660
7312 23748
19254 19798
6919 12044
292 22845
4528 28581
21940 28095
14922 28752
10640 27011
11910 22923
17118 29717
6656 25444
3694 17872
7805 28823
5842 28634
19915 23974
1739 23869
2628 25800
15539 26329
10777 15078
14343 16414
15434 29840
3277 27655
14941 27020
20323 22068
10352 23477
3689 10199
15959 27579
10726 14616
9808 24374
6566 27133
3132 15190
13786 27074
1492 14108
2300 5291
2765 14543
6681 21133
19274 26313
12985 27326
23438 26133
4161 9694
505 3602
8472 19187
24213 28339
7368 23541
21336 24916
15300 27098
20001 21477
7903 22525
9160 17102
7745 15297
25134 25247
15883 26469
5072 28021
4732 13101
11802 25898
10988 14436
20883 29054
12444 13618
5239 16141
2163 3165
10110 20645
15596 23067
6634 7447
12293 24438
4817 6846
12935 26734
14010 21002
3043 18430
3663 13171
14812 18670
8324 14479
10781 19490
11195 20369
2438 15413
5736 11798
29162 29781
4842 17475
5136 6653
16004 27278
19677 27454
5471 19537
1903 19486
20581 25287
14652 18124
6059 26594
3654 7146
16249 17586
8871 21449
19605 22006
21426 21599
19927 20126
12760 21124
6428 11878
2936 24185
20619 26202
15654 26682
7809 17762
9573 28123
7149 22774
1706 27570
3823 4389
4186 19910
22287 28393
26517 28433
2616 14444
5771 24701
12298 27041
26454 29888
2019 16685
363 21812
7699 10092
14340 21453
26293 27854
8626 25124
6332 22625
9360 24097
7665 9840
9312 18337
5416 10970
5134 23256
16911 21902
733 17317
8078 21148
17124 23657
11460 17958
8877 26045
25812 26886
11451 24533
5000 13921
7643 18116
3199 5627
2556 12857
2073 12596
12038 25812
24908 25395
13086 20380
2622 20409
30 21758
7668 17289
5576 20352
5358 26830
2540 15829
6547 14180
1611 5885
979 13909
19160 21991
5237 23242
21547 26749
1520 11541
10520 13666
2602 24526
8698 18781
17539 28318
6619 16091
11518 16431
3214 17967
1885 14859
12264 14730
9779 23209
435 28404
5909 19923
25912 27312
2478 6104
13239 20378
11057 16724
1792 19410
6714 14473
12494 14378
15380 27551
24785 26050
24721 25425
14391 14629
11416 18926
538 609
182 12006
5618 28441
2495 13225
2877 8197
7629 23528
21773 22968
6042 18723
4041 29782
14206 14237
2071 11884
12515 17480
4002 18623
1293 4270
602 11546
10526 22457
24686 27636
6078 24009
246 11256
26287 27358
5949 10378
18919 28987
10497 15377
14800 22828
4699 7779
5901 26962
12595 17864
15153 25383
15937 23968
3203 25259
17767 19713
122 15110
12193 17801
3737 18939
2708 13335
17525 24292
8670 16588
13136 17654
16062 25848
12729 21699
24768 28128
20109 24998
13115 21459
20841 28562
21341 25740
10462 16608
8887 27675
18150 26878
3190 24181
12344 26504
1495 10768
7820 25788
2499 22318
2204 17143
9130 28581
1187 10969
10055 28325
7036 15473
279 19482
19665 28242
6617 24348
6502 9167
9364 23332
19260 21711
6314 27869
257 6502
6813 12977
20347 26148
4011 5650
8186 27059
2555 20848
3218 28860
7400 8943
4840 8502
25292 25735
12868 16364
9792 28837
12458 12870
6466 16249
7791 28326
2286 18163
18658 25122
2321 29649
19343 29853
12845 19488
26914 28017
13636 15466
6488 19749
646 23423
23697 24749
25856 29176
8504 21267
5969 22808
1166 3990
3054 13758
227 7845
5813 6109
1587 7341
11606 18600
8833 12728
14541 14649
6110 16573
797 20557
9437 27485
7439 11400
24217 24443
8273 13242
14846 18007
9462 24033
13850 21755
4234 16273
15078 21036
7412 14765
19265 22114
1066 26667
12540 23612
2412 2864
14063 16439
1067 5615
3643 6552
6476 14382
5525 27515
9627 9967
608 23644
9081 25234
14379 28930
14726 20359
6603 13502
23711 28149
23987 26977
4083 16577
13637 28386
7481 8770
3403 4827
2268 3298
14190 22509
6805 24111
20177 24814
3290 8122
3545 5065
4961 29406
15309 19664
4753 11801
3139 16008
16188 18499
4201 7049
15809 22509
64 3662
9706 15655
7629 9397
749 11006
2315 24863
1790 6705
4420 12405
22624 29847
10727 24602
1238 21104
2827 12675
8176 18902
16233 20878
16021 29479
14799 17074
1224 7582
348 2542
4222 13546
11774 20084
22707 25151
955 15994
14585 24386
2015 8957
3203 22726
22053 26486
16094 20131
17693 25277
6653 6953
12829 12833
20228 29342
11804 25891
5840 29055
5321 7753
11934 12306
9828 29224
11656 27412
1663 20012
3623 27103
6561 24063
341 10236
3778 17686
15411 29843
3940 3996
7061 18276
15836 21757
14497 17988
2371 11466
17643 17963
9515 28806
1696 18183
23489 25522
10785 27294
4921 27022
19162 23722
52 14245
3927 23913
6449 27835
9892 20104
18609 21497
8716 18171
14166 27757
2470 15772
6885 7248
24166 25399
9785 28737
21224 27649
528 14639
12624 28202
9376 18060
951 14575
2103 25703
1350 15076
17066 27951
11442 29965
748 17961
3439 29961
7067 13666
4423 18233
2628 14333
19614 26880
2608 29425
5080 14778
11696 29944
5393 14109
7466 21318
20683 24923
9866 17863
14090 19259
26915 27500
7410 27458
5295 26932
20462 23200
13255 19272
9192 21495
11432 25774
4240 19950
22952 23132
5522 26288
24736 29176
1381 23742
3206 20156
47 5906
8177 17001
4051 19092
470 12489
27821 28994
8084 20969
21972 28065
4381 26922
17375 29290
9266 20679
2548 11167
4238 14805
13397 25477
13917 27327
18634 27346
3737 8699
7667 7981
3365 8654
17889 27074
14888 20073
10259 25776
3379 14411
2147 19017
16219 28700
14832 26536
1159 17757
22619 23000
1830 22288
7823 9898
1083 18152
18452 19124
9763 18473
11682 11767
17376 19902
164 10209
6529 7497
4763 8015
12296 24645
5642 23246
10020 26590
2873 10848
7820 29165
11924 26532
9565 26700
4288 24748
7587 25462
23970 25055
6369 17379
17325 21251
19749 22505
2245 4265
2683 5653
12086 26487
14458 19114
6356 13548
12005 22598
22635 28910
10704 18278
4296 27958
19871 28650
7681 13374
13743 19652
6258 17848
3253 18265
11740 25184
9657 19551
382 27477
2230 29475
13053 29110
8199 13108
1722 17458
75 29813
9857 13153
16053 29757
645 7050
15756 22966
16532 21816
1590 23558
16080 21188
8650 20439
2500 14851
1057 4396
5394 17843
15603 17327
11851 18867
7245 29291
9857 15494
16376 17489
6161 14098
8010 25053
12770 26541
10198 14011
16653 29016
25061 26760
3428 16871
13657 21373
5527 11699
8977 9477
146 23273
11857 24458
11082 19609
12105 13024
2189 19612
3673 18171
15428 18787
11086 19462
11686 18477
5899 27198
8809 13505
17805 25312
29363 29388
19715 20389
1432 3949
7702 11106
8958 11141
6638 15240
16369 18559
21017 22327
8440 20785
9578 13842
3448 4897
16097 18277
212 13533
4610 13109
6254 18522
2149 19578
3718 11652
19753 23746
21365 25149
96 2764
2953 16581
16077 26487
9001 27131
4163 8518
10236 23573
2038 3109
7094 22450
1206 9091
1391 24074
3324 7522
22575 29545
2666 13353
215 18694
3146 13827
13655 19328
1900 17559
7463 28879
9527 17735
7910 10629
12158 25028
12993 28633
2213 5447
6130 16085
54 4572
1054 27063
23573 25351
8376 19408
25280 28908
3794 6352
27766 28182
13804 19269
10074 23544
116 16312
4990 12025
12787 19232
162 2260
18271 27016
2903 29418
25211 27128
1915 25645
168 29757
19831 21947
21545 23913
8058 24600
5963 26094
5693 10221
19258 19649
3202 17929
301 14014
7871 18643
4838 23394
15166 29397
22250 24077
1579 4128
1627 24596
5827 14654
15793 21101
10195 19169
19050 26818
4903 6740
5530 19483
17305 25932
4383 6007
1635 11541
3237 4037
3516 18429
4580 21668
18647 28377
586 25857
2307 11546
8979 23211
13050 27815
2442 8987
4468 28968
10079 10920
12230 12284
4225 16666
1887 10461
6982 9588
9407 29422
7191 7606
5989 19400
9557 18544
28806 29199
17887 20831
5607 16295
9534 18667
15847 18822
18773 24544
9501 13926
5579 14790
6888 28589
3478 6392
5603 19818
4624 22457
3213 29482
6757 21534
11699 20053
18363 29712
10719 28374
725 13360
8196 18372
1176 17471
14352 24381
7672 20054
11808 24811
944 21840
4087 25043
10976 19148
4708 18857
22678 26673
4107 13530
17704 23262
13119 22040
14883 25139
1209 22437
7807 8236
3938 4340
15550 26617
14398 22850
20008 21886
8987 24984
11947 24637
6420 22216
20848 28272
13162 28881
17857 21467
11269 16228
974 14997
3031 6760
2520 11974
2060 16519
4661 14269
11328 18309
10966 14514
20664 24187
1599 8193
19119 27759
1971 24621
10146 20987
4360 17404
11042 23040
3223 22964
13367 24255
7206 19069
44 25137
1862 12621
15838 22030
44 3408
18131 25401
8131 15604
19106 27911
12629 17965
4685 20527
1393 10681
18825 21720
21831 25676
5110 13864
23083 27913
12081 16580
3318 25558
19384 21514
4166 13544
4497 9456
26835 29137
18986 22645
2661 9769
404 22364
8392 22877
20864 23206
6136 24771
16561 29703
10814 15889
3713 11916
15394 19040
23923 28594
13901 23657
2831 12986
12043 25326
1188 26961
15634 24194
8502 26791
5986 28582
114 11552
25273 25280
1787 2083
21330 24623
642 7931
4006 8970
4906 28346
25359 26025
4606 29180
9919 16011
5381 23563
12129 29782
6105 8688
6566 19132
15183 23675
6217 13264
8867 15969
12919 14821
5798 10672
7830 28211
16456 19214
9394 17755
10935 14682
9993 24411
2770 8059
1744 11604
3081 7889
16667 20551
8073 26762
6782 11970
8059 18251
15180 18547
19217 29425
6706 8753
9385 10605
15489 25163
11347 11531
21871 26413
747 1426
27982 29111
19205 26835
8652 11265
243 17503
12238 29083
2525 20581
6579 27074
10019 26904
14180 20545
9860 22991
1665 24040
10133 28365
13039 14050
17306 28245
14171 15799
8576 20890
2305 3877
19616 23758
13730 22106
15368 20130
11559 27394
8296 18102
17453 22833
12395 24351
1625 29625
21932 28720
24706 26167
3325 18737
6725 22476
850 6924
11160 24028
1554 17857
5476 6902
1439 16972
12261 15613
6655 6851
24550 29115
20484 29205
18253 25287
5692 26707
7850 10824
3806 7019
20820 24856
8305 19378
24274 28446
7735 25848
7160 24468
14436 24659
11504 15966
578 9363
2900 5942
14644 18456
16808 27046
9582 28033
4551 19619
3640 23842
16822 22012
3550 25589
17908 22622
23451 25283
6858 19432
1410 4241
4375 8514
20702 23761
8606 20606
8322 13928
11748 22104
1719 7231
12869 24862
5539 14550
11507 12695
11563 16270
8595 21848
10425 14452
15218 22114
12224 17240
12690 28459
8906 21759
11620 17018
6687 9569
18430 22524
15599 28091
4250 28469
6503 22301
12553 26969
5305 11889
14755 25622
8459 17519
1702 26179
8283 13195
8456 26223
4481 14323
7182 14697
17619 27244
1291 24330
3395 16124
1330 17791
10804 29708
3766 4330
23612 26831
3825 14669
16132 20648
4320 22734
8610 29474
9120 28894
8909 18310
1300 17021
2366 18559
23803 24185
16038 21745
5920 27163
4588 19544
5814 6388
12669 24228
7372 8873
6064 22727
4405 26289
2729 24506
20681 23679
7492 9850
1244 6801
21610 27962
20424 26512
2943 22234
17236 18697
13672 21507
13909 28436
17534 29663
3509 13116
6602 8747
9471 26150
8952 9588
3573 28690
11354 18684
20920 22544
2759 21657
13155 20901
5464 23167
12722 19163
16045 28694
28884 29874
16228 17999
23380 25538
9776 24949
9769 17887
9933 20033
12769 14803
615 1489
24731 27690
13818 21227
2849 24440
540 28639
13148 29739
16074 16858
11624 24828
3489 22010
9840 27344
13731 26362
1053 17792
26234 27470
1123 20166
13249 20069
7803 10934
1152 27569
5450 8589
17083 17459
6076 21511
10293 29496
4622 29306
8792 26736
3885 6728
4549 9845
7902 18242
2651 9241
4137 11290
1239 25044
13410 29652
7848 14662
2231 28908
53 5345
110 9177
3358 8586
19106 20173
12991 26539
7534 18678
19138 20866
8942 19861
11453 24581
19529 28291
4294 17193
17557 28700
875 26984
1360 9142
10267 21718
5835 24418
1482 22064
3845 11259
7464 25721
764 2556
17033 26573
8213 18426
5858 10338
1723 18218
13739 19389
9068 18738
99 26078
2014 7037
3034 12238
26382 28055
9822 24646
2293 6011
11924 28673
12085 22112
8014 10755
644 16579
21228 28217
3110 14206
25256 28514
7563 16861
12921 17982
26146 28915
10482 13492
7837 10789
17089 25663
7318 13268
10568 27647
18702 22317
8728 25778
6165 16108
8473 29276
4811 6594
11257 28816
14235 27689
23456 24720
13521 22081
6539 27431
9511 22071
9923 10569
13932 20854
10451 19268
8366 28934
258 20193
2673 29247
17162 29900
14591 24722
14897 27790
26244 28601
3297 15797
5798 10740
10869 28528
13702 19463
6520 9256
11274 24646
14108 19861
7975 29089
9162 17274
3965 16217
961 7676
9488 16239
21472 26933
8859 19574
7947 11361
1950 18778
1785 27405
19221 22622
5205 18302
9911 25677
9326 29918
6704 14311
898 27742
15017 26137
17896 25096
18357 26206
15535 19290
8471 13784
2593 5482
158 17092
10263 19924
17649 20632
23256 28720
3906 27969
5662 6882
28259 29109
9454 19431
8069 24554
5120 23888
11776 20868
2792 25938
26016 29667
1692 1759
3535 27475
3989 14125
4272 26363
23616 28613
501 3836
13360 23393
11115 14985
22464 28113
9875 23833
1795 17936
975 25818
579 11720
19264 22490
579 2916
3647 5318
27078 27172
25270 29503
14807 24694
10761 26108
12262 15247
5524 11621
2976 4209
5711 7477
25862 29907
11411 24462
3409 23222
3546 9257
8744 25171
13314 27314
4486 9059
14588 25728
190 2747
10378 16815
15772 23389
8210 26643
14453 23729
4471 24816
6843 18123
14964 17996
6842 18427
3338 10991
557 20814
10234 10486
15534 18970
12418 21348
15651 16096
9010 15699
18471 19607
12980 18595
10006 19809
8727 12583
21099 21851
3536 19407
3021 19632
2300 17309
19195 26570
27451 27549
4876 5065
3017 16546
15210 18132
2537 21758
21907 22981
14665 15844
20366 27302
5395 17631
2045 21174
19636 22403
18228 25135
9316 9724
25447 26961
6707 23184
14983 29662
9540 16321
14185 25406
6025 14521
5885 17730
5795 12018
21042 24157
2629 23425
14536 29062
3144 18928
12286 17069
5307 17615
12262 21983
4247 24091
16839 22696
19054 29127
24708 26756
24907 24999
2124 20459
8034 19864
1543 27927
1480 26909
1568 22613
22466 28441
3064 27510
5153 7861
17757 18410
23509 27395
1913 2380
3668 16332
1545 17791
11862 22839
1792 27818
1749 25623
733 3378
9969 23204
183 14011
24859 29768
18627 21835
5992 28124
4224 18614
3044 20299
2010 24723
9698 20429
5299 26036
1079 7683
12155 27871
5785 23049
1789 11532
346 4367
2876 5607
8176 13434
18189 19438
9920 12094
2614 8462
16781 19383
8098 29010
3103 20713
8780 19290
5257 19981
14829 23907
9017 21238
15314 22938
3111 11343
11310 18805
2489 10023
13778 16930
11040 28188
1491 23204
1416 23580
13516 29618
3970 7796
6896 14630
8443 17884
10544 20298
9175 16092
11605 27324
3647 21649
9969 27045
10037 11787
2064 25126
18069 25222
1168 4207
13562 27274
17244 22582
19862 21947
9333 15028
17682 18236
6342 21487
18697 27137
27079 29927
483 16383
12740 24590
2629 15507
5583 8875
7880 9277
4239 28985
22020 25568
13392 19601
27446 29707
1552 6730
20233 21331
5685 26052
17568 17852
8581 24993
3173 21342
21725 22729
5995 9427
20836 26968
17651 20007
3513 16600
9709 17302
16271 22600
11477 18668
1221 25236
4342 27414
18325 23166
17488 20436
4206 17999
6559 18099
6358 28394
2009 16859
17005 17175
14827 24496
1761 7731
12657 23685
14805 29617
6013 14274
15510 25105
3399 10761
1410 20775
130 21653
18763 24085
9617 10917
23263 23693
13439 17735
8864 23260
13322 22314
7397 13917
1774 26133
21941 25018
13034 27444
3431 27284
8429 9061
3574 10343
777 22935
7695 13174
6082 27432
4850 15046
2240 26410
8299 29526
11747 27949
22338 24973
6129 27159
10594 20164
8904 16821
4238 15259
18216 23162
3809 13708
858 7340
18378 26328
4976 10319
984 23557
10151 11475
14520 27358
22365 26769
492 26375
5795 12233
2736 8094
18425 20157
4573 19328
4718 14032
1689 13064
15478 26263
21506 27142
18057 23008
15558 16793
21501 27752
3337 5895
13259 25724
17428 26190
2802 23779
17284 18203
10942 29536
14471 25967
503 10419
14697 16070
20143 21200
22039 25153
10419 27187
17582 27026
4919 23758
9379 23670
10322 19819
13474 16452
5309 22290
9380 16031
15190 18980
23967 24111
6392 17339
10090 10573
970 13771
22867 28036
7753 23284
16101 24569
6821 12870
7477 29618
5809 27316
9097 27945
8545 20330
2205 23864
1898 6558
9602 20861
4238 29185
17858 24360
40 2917
2566 20698
8880 16332
8716 28108
11053 13960
9549 23292
11459 24912
23412 29662
14242 15625
792 25135
13915 28297
3166 19958
1175 24210
13746 27857
3836 16318
11799 12105
7273 13953
13298 15342
19123 24422
9180 24066
6751 7298
3090 25299
10608 10971
6593 18401
7492 26181
16116 23015
2604 17695
12214 26946
1922 11624
15042 15935
14042 15843
14997 25837
6324 7528
1054 11353
2147 12544
18307 20791
7795 18027
14196 16586
24336 27740
7267 21932
1579 9623
4826 18560
4456 19562
14193 26634
20825 29674
5777 24782
14392 24345
12024 12081
11932 25691
2479 17886
15816 23599
800 29304
9905 12826
20668 26955
2289 28109
12597 15221
4547 11096
15663 28058
1669 9646
7828 19423
4851 20117
15974 17416
7273 11024
4014 11558
6361 13073
6669 29429
14809 22052
13105 15750
7570 19880
14227 26379
1094 5205
20103 29027
20502 20909
6045 18744
5024 22337
5710 26872
5298 12969
7031 26605
7893 28052
6221 12386
16335 18290
2909 19932
1967 26794
20461 22685
11274 17302
8503 10320
24380 26303
1247 10562
5256 6113
28460 29607
11628 25207
12420 18961
1876 5257
7409 26006
5630 7391
6836 26202
8978 19911
6003 8405
27422 29757
13223 14365
10078 23221
4046 21152
9708 11844
19015 25938
10081 22891
1282 4658
18006 24064
2853 20374
247 28947
11917 12991
13243 15436
8282 17064
8465 21581
2938 19711
3917 27484
18361 26899
2822 13817
8360 27714
2824 23680
11993 12254
3608 21902
1075 12738
10373 22162
1040 19278
19320 22200
1281 4866
16090 26426
3621 26412
409 26116
14574 15693
13941 21669
8543 12223
14327 16935
14005 24424
1545 27845
2994 20474
25181 28416
11626 27719
7864 26388
16637 26428
5210 28235
248 1415
4486 11934
5748 21370
4968 16891
11225 23369
21897 27274
21610 29934
814 23499
27352 28511
2291 10569
9128 28049
16421 27030
7053 21601
14424 17339
25879 28631
13967 22070
1226 1537
20926 24921
16496 28275
12509 17917
890 16632
4412 17707
2951 9868
27755 27936
569 17406
11974 29055
2317 21602
1407 2830
19659 21670
12043 22972
3050 14771
10163 12462
795 20108
12780 29704
1681 7459
12642 16141
7592 12914
15354 15498
11648 11777
14875 23211
6622 19302
21100 24590
4976 17120
9146 27533
5111 15964
14974 18272
12022 17082
22928 28267
7555 21189
23809 27945
21466 23413
5218 9436
13513 16199
5482 21133
24520 24898
605 5580
10122 19192
3614 26565
24791 24829
11949 23036
20556 29676
12101 23103
9215 12818
22777 27257
8066 22637
5567 10281
9233 15324
12732 27333
212 19400
9094 22157
16691 21679
15521 17647
2315 26992
4292 25749
17223 17270
2548 15019
2518 4513
1223 3597
5689 21694
1917 29215
14681 25308
4717 8629
2607 26770
12139 18014
6407 21644
2327 22451
5569 15160
10980 11935
13473 23194
3420 16331
15858 26876
14296 14391
1846 24075
13491 15189
10325 18556
3689 19562
8139 25114
600 19027
1209 27799
6694 22928
7052 20449
12051 22532
6980 20715
21370 26583
16698 17516
20705 29372
4152 17437
5861 18435
2719 3726
7514 16392
3935 27959
8612 24648
5197 6735
12833 23090
3611 21557
1525 14161
4407 24814
23660 26766
18516 28627
16679 26658
7084 12063
20742 23493
1576 19090
3462 27117
2200 22205
6046 17325
1501 19664
9970 18333
16541 18733
10601 18209
13667 15580
278 22066
681 23342
2290 5425
4393 21468
10424 24831
7275 26168
3545 6928
12795 17247
18601 19052
17156 22436
23169 28454
13857 27909
10439 10550
8329 29443
1833 28558
8928 22941
7391 11721
23304 24789
20094 26903
28044 28999
10079 29499
4684 8091
4124 13297
14694 25210
4947 8959
5786 20045
6949 22035
21571 28397
9367 26938
16087 17518
12399 27125
26520 26557
11828 29135
6630 16462
1312 13779
15992 17475
27447 29293
9737 22538
18005 20124
20476 27198
4820 5495
9002 10295
12995 20003
4131 16123
2503 13014
671 11190
8951 17670
2600 20081
10553 18950
2037 17649
8417 11643
5578 28212
933 24590
7097 22160
5484 18286
2426 12931
2234 3131
15234 20712
98 19498
2163 12823
22275 26703
1206 18559
19013 28290
4700 28453
22101 24345
12450 28688
165 29151
1026 15574
7301 12839
19014 21273
8163 16867
21563 24326
12747 15366
3793 16067
8169 13494
3189 5933
10096 18231
5886 26753
364 22912
19490 29726
5189 28726
582 19593
6946 12446
20006 29261
2694 21077
18066 27766
657 24308
8813 18938
5293 23379
5711 20219
6185 7707
22683 28277
6217 26268
7423 9563
7274 15825
13650 25774
3661 19729
12125 27941
11010 24804
4068 28373
3528 5072
8717 10471
6585 29911
13476 28175
4432 12804
12893 25180
12187 13800
3730 14047
4640 8008
776 16875
13415 16839
13867 20582
3022 15358
21416 28686
11270 11898
8548 13665
15816 26741
6049 11491
12856 23471
11629 27349
24166 29089
6343 26566
14560 20119
7787 25983
575 2565
10398 26445
13185 15107
11024 14286
8237 17566
15504 16150
9131 9605
1996 5350
18032 27990
12640 21523
2958 26985
8029 21154
2445 18928
3886 20702
17075 27791
6051 11914
2944 3181
5845 10026
5790 10403
6027 13125
12994 28784
20028 29128
15203 29651
2097 3001
9173 13442
16477 16562
4140 15419
12291 13991
5403 12085
3011 28322
14460 29119
3143 17665
1872 5939
3215 7859
171 348
8604 21817
19783 27875
1843 5386
977 2347
11547 26582
8996 9688
18308 20135
10210 28253
3306 28521
19312 29519
14356 25737
14360 21242
18476 18931
3113 22157
8385 12965
15988 19086
2035 19453
16796 26111
10152 11586
11076 15738
10891 20645
6536 6601
8357 25935
410 21452
6556 26568
2291 5958
8535 19822
15408 26906
9442 13665
19784 29774
15994 18258
23297 24612
4384 8720
23619 24966
23300 27278
23073 26532
8295 29463
15960 29757
12861 20373
721 14999
15076 25590
10733 23398
377 26399
3352 11805
16819 21171
9188 26481
209 24409
13637 15902
8173 19085
16559 20152
1360 15910
10848 29746
2137 16495
7493 14238
6250 9192
3990 28361
513 26708
2531 20651
16157 22341
19494 19561
10641 13245
8618 26474
6429 14007
4087 26748
2959 22408
11686 14376
12193 24315
5277 26015
14253 22835
22408 23760
8438 18085
7819 29512
4300 27350
13108 19175
12354 28518
10912 26739
1055 16667
16831 17582
6418 26384
17678 29069
14726 18225
3456 9615
17066 28674
3628 14635
2313 24387
4927 27218
7083 18214
11480 22628
12617 17755
1434 12374
12145 20637
11912 17637
1696 8000
7765 10945
26533 26751
13151 15202
4168 4353
8275 17247
21545 29264
330 995
1121 29869
11047 15527
17047 29087
3181 6708
1680 7730
1094 24652
7344 18050
3491 14654
24554 28042
787 23202
13774 17292
1987 5467
1729 12431
10025 21831
13933 23433
7063 25046
6966 22922
9617 11683
21467 26931
16688 19395
5469 19861
9264 18034
11498 26259
13276 23519
7212 26360
13706 15820
5565 11415
2930 27628
8110 18614
447 7331
12671 15625
3738 5695
21724 24910
257 24562
1480 4374
3991 22796
7359 28109
14453 14525
165 22876
5896 11581
614 20995
14945 23651
2 5149
13053 20167
3510 25300
19896 26025
14454 17163
12627 15381
16287 24123
16554 27102
7797 25868
14060 16142
2554 25589
653 24091
19213 29910
4088 12148
5713 13618
4837 12254
2020 4381
7588 14328
8681 22094
16563 20112
3843 9457
17098 21910
2548 28131
15102 22283
9770 25244
20740 29531
11218 14831
2853 6031
16670 22121
9905 13570
13828 21349
19172 28913
7989 27026
4642 7371
19214 27401
21037 21442
4680 14788
2876 13431
25666 26003
7839 10145
3214 11119
12386 15969
4312 26508
2616 13581
23109 24711
23383 23643
11439 13226
23504 27591
11937 17485
21442 24815
1429 8308
18550 19347
8095 25111
8526 16338
15727 23060
1761 3563
25438 27645
8843 29863
1766 20503
10094 21627
2432 4673
19061 21536
6543 10030
6264 13208
26417 26450
9488 16435
18329 26827
13008 14808
6244 25136
1609 26886
6735 13628
4746 18745
13824 23976
14401 14655
2051 5011
11893 14858
23887 27992
622 7177
20450 21675
4782 6102
13825 27783
5073 24386
7589 28105
10574 19695
12786 19584
12599 27961
232 23232
6623 29558
23903 29838
9438 13011
10026 21374
5792 15015
9557 12410
10925 17819
6290 8854
9118 11426
15591 17243
10239 11054
5652 8361
15525 26240
16433 21928
19724 29838
3360 24049
2889 28395
26302 28708
13349 26589
19945 23422
748 2825
15697 20814
6375 28460
220 3484
2112 6615
7792 22123
9931 23208
3762 19167
20700 24822
9699 17318
19787 20181
11641 17653
13193 16742
5425 24958
25569 25690
10205 15847
9397 24307
9843 20929
6515 21122
9605 14334
27818 29286
12602 27076
6414 27026
695 29424
16877 19994
2361 26977
18525 28610
3305 14789
6754 14654
8572 9546
9444 13465
18417 29257
5933 27593
9560 11544
10349 15815
7557 20596
692 2389
1360 17450
3247 28961
19615 27707
3095 8717
1206 18002
4656 6155
1120 19609
6455 27272
18144 18422
2520 21143
21479 29577
6550 27544
820 20159
5539 27295
18082 19259
2193 16517
8823 17674
27398 28016
7361 17337
6096 14069
7033 15268
15063 25824
3707 11194
7473 8042
2573 15007
29611 29863
4799 11236
20731 27688
19582 28965
4906 21545
16559 16838
13330 15142
17521 18964
11131 18990
9407 25439
15054 19269
7822 9836
22962 29011
17238 24692
1273 2354
15620 29140
3006 16103
11868 21811
4285 11113
8064 12961
8518 10071
21825 23792
3134 4543
11895 13009
9535 11880
11271 20468
7525 21729
5573 19988
15725 15865
16071 18791
6620 25063
6600 17135
22253 29713
18193 27038
10336 16406
7109 25781
3132 17565
24120 28751
11982 27959
7386 19027
2786 9687
9445 14060
1721 23928
3636 3869
11473 23070
16747 21458
20149 20452
13775 25409
300 19688
23023 25310
3726 7387
4037 6437
245 12852
354 26823
5413 7338
26253 28239
13671 21814
8703 24226
1277 9101
327 8335
16057 27170
1739 13650
6542 10585
4864 11606
16237 18393
20756 24850
115 23261
18113 22765
5676 26683
3460 19644
5383 21561
12445 21387
12822 21887
12384 25709
10890 17830
4247 10884
17598 19869
5317 8736
20357 20917
9401 25025
11974 24986
13168 18149
7214 12241
5654 25092
6931 9906
5750 18178
1001 19731
29103 29161
14889 28765
6065 15444
6643 13110
6325 9138
351 13739
12499 15188
6691 10513
14133 27520
20716 25996
3026 24866
17041 19989
1110 15310
4504 19792
14026 19436
1087 9574
11384 16104
8840 14654
4835 17481
20191 25326
17488 18469
2206 9138
9652 11628
5560 21884
12645 19869
11329 21134
14112 26086
15388 17576
16312 18519
9984 27599
8626 15516
20043 21428
7735 16334
5915 17851
14813 15511
9796 11198
3449 18693
18560 20948
4564 22970
21525 26984
21597 27391
19160 23494
16275 24463
2392 20547
7923 23574
12479 17637
10370 12168
11808 25007
369 10335
1988 27658
15711 26214
21314 29591
29110 29574
3771 29621
21214 24230
3052 5582
21813 27371
9602 20131
1932 12833
1273 2656
29042 29976
12624 13404
8987 22902
25464 29351
21945 23106
7441 26984
2970 13864
21699 27574
1098 18648
23510 26881
24616 27921
13814 28894
3311 7410
22426 26339
21915 27502
11945 25012
13940 29793
5778 24936
12095 27369
21221 25153
10634 28032
3863 9180
3117 15910
21524 28170
11196 28655
480 12804
4757 17215
15901 28654
9996 27987
15908 17125
3575 26714
4777 10445
24055 29692
2311 6470
19336 20107
10883 19094
6558 27374
8393 26005
12376 22869
7504 7895
8311 26097
7600 24851
3001 7280
4701 25070
8552 29465
829 7098
18087 27958
17462 22215
11496 18572
18401 27909
1950 16308
6157 11055
4385 16528
3784 8950
2418 18083
15073 16303
9693 11438
1821 26883
4317 11309
1052 23347
2091 28488
8873 21264
17476 22868
19439 26702
10535 21353
10125 15308
9380 28508
15154 17370
19588 25258
4810 7106
24079 26109
1107 19495
10469 24131
6328 14402
4386 19603
2544 12123
3048 20730
4366 12845
5503 29993
2165 3529
13302 25632
12944 21339
6132 8994
4094 24119
13447 20371
1913 5348
3 474
17803 26759
19269 26182
12084 16686
15164 15214
19652 23581
2800 3800
24264 25096
2278 9024
3155 10881
2530 19502
19575 27750
12076 25478
10368 22248
10731 20876
12404 27772
6850 9643
15690 26815
9250 17332
6516 28982
3989 13311
21594 28035
14864 23326
11855 23097
17649 21027
16007 26862
1249 29303
3776 8860
7356 10718
6549 27785
6047 26586
18967 21827
9717 11573
6302 9303
5266 20225
9021 15089
6466 25768
15838 16249
9552 12339
14320 19106
1276 21019
21072 23349
3460 7015
6629 13770
13633 22115
17264 18803
18227 29517
3185 12737
9566 15512
9217 23864
15783 22024
19213 19230
1126 4639
13205 21033
10569 19866
14776 19968
16090 25872
23877 26334
17585 18792
3633 5698
14621 19193
7346 29103
25662 27181
10206 20650
5478 13428
15118 16707
15760 28723
24892 29254
2450 15097
388 4517
9195 10098
1267 25301
4877 11563
6870 9504
1650 17153
20601 29485
5960 14936
7170 21848
7208 28987
4101 17863
5417 13865
4084 21065
12536 18475
1330 10859
4178 24816
10913 21777
20987 28387
13887 16831
9711 18515
849 14488
17974 26051
453 21610
25204 27080
3618 9593
18288 28339
23978 25203
19234 27875
22744 28754
6801 17205
16102 16721
10141 29471
10188 18367
146 25208
18056 27636
9166 25989
5448 20180
9906 24619
6371 8245
19150 25048
595 9433
7672 11755
15148 22254
17695 23968
12840 20866
12441 29776
13219 15061
10197 23292
7204 26348
22463 25601
20394 20735
7441 23262
363 12628
11127 25677
9725 22143
1429 13358
12276 15556
5872 15627
13567 27699
341 10153
11398 26878
5130 29924
13509 15025
14395 27589
4876 28491
2269 21473
