87348485
97894449
29706868
34444721
16813100
401898
10629776
20170570
103563393
65071392
58901066
26432474
72207163
23420308
89254800
40929037
97521131
91839571
8939647
41353759
42237980
9409264
83087510
63208262
49951116
74596893
4252646
101413817
12826937
104986708
27968824
69488386
42167306
2544361
22295779
82201094
11558316
7961096
1376728
41253992
6195272
54013776
21705680
83990417
43873101
88322984
11597537
74095842
4948225
44490854
11592841
29082128
62742903
10108142
92325225
8374478
70730703
57036052
32182234
4076583
69707051
98058782
45485096
10645702
21285185
83192181
47438396
2862901
11489178
21864052
90406278
59840018
46372473
17666461
75725706
107189415
62438320
53015174
21319988
59280140
31790081
32437270
41716897
39495910
53737157
30070789
328590
34645583
40144771
35339359
53925013
175241
74887523
133258305
67019930
35127635
36809748
59084943
12601593
111876107
18469517
12793898
14992087
66359972
7738132
36861645
21452990
35128773
63755564
11702650
135465389
96498546
36874966
51270460
109274916
24646814
53334140
43561966
34401655
115395866
136336473
23605879
25242299
39929575
60729245
49155933
23910515
17376551
54247097
120460671
61209035
98141153
72237740
63735262
16006417
106196177
61568266
6884324
62785992
81621546
32147587
88743620
61436546
30176720
43674437
52729238
16062101
64993691
10358352
25135299
125974695
113922435
4960778
53130989
95660150
77557460
84177424
127212073
35915688
53376281
100221571
15603320
56591500
22166408
33037506
20860891
60484530
91800808
73226533
70473374
54316747
31024345
49567177
24832167
93271867
52143056
51811964
94377133
31766654
34783039
39697780
43328927
12441223
104397102
88145924
56467578
51526925
89063328
71570358
20382417
66306413
62355558
72706854
28873793
7146008
68724221
27009369
35715750
89650846
90867335
21849121
46567965
69637625
35172677
29480268
27935582
42141944
35001959
19196282
15482313
19247184
127701255
10983521
62492862
12632302
40554085
11641241
32969847
122197151
52363644
35410366
43504005
21690481
65223438
59086219
31176442
11761618
50657338
18268358
84505778
22765674
100657646
97476632
63603533
118748175
47447545
137838450
15182965
16645266
34491550
8290465
58439731
61600816
26024708
93781676
23088470
103419776
93376917
10524020
72923198
12403005
38348731
7099648
70868299
106267547
46474859
23768983
73110153
5533572
29383361
136961948
89125304
5638792
76610748
95791244
33470004
4418529
64053936
23147287
26377568
2438975
118962616
39389689
20865212
137379257
26357300
27356393
9658703
50891055
80192340
89878860
1047906
543326
29303550
11126115
66863731
29490196
111797813
54175651
57164532
8954197
3717412
48114054
89407043
109754874
39533647
9267333
77694163
42449416
20467788
2119015
10832943
13283879
84943548
83110920
72649370
66835195
19528456
103973437
26669612
12797153
43240498
119872631
68572703
73431778
139345306
83863045
53347976
121922197
24475736
67939635
998713
9348488
108504514
45285133
91534980
57396636
31539021
75308844
114497557
51916944
38806857
15171162
92233915
70196596
41636790
31171502
95765954
29018948
35337819
50456198
43082341
70802495
67282893
46335055
81344239
19700224
39127089
78137287
27498897
92227549
64539150
62765310
75262837
57608660
86030600
42173860
1737705
56442087
47919038
111643250
59681600
12761162
17688568
37830126
98858470
77249605
33695079
84054868
24352485
111650176
4178371
108613575
72897261
3489041
16303432
3242867
68794249
86628944
7031885
49958658
30082775
56696853
43640815
49398153
26355501
25878144
40380129
31896270
25533024
41521032
6694089
24380013
93477320
41121140
8219803
52467213
10418776
14925911
112137708
44072334
39809232
13900127
6741124
11606065
4523905
16612328
50514800
60046801
82445973
57831653
52129501
40439326
80939653
101660842
131950378
109445022
14925561
19977751
21160800
32860430
16983263
59889374
9065546
72200969
122807893
21101529
98106719
60813647
16308616
1794041
13006139
40995189
73863739
112598635
135557630
58310187
40780471
13315956
114191116
116877238
131183127
12726620
30299609
12357282
5679382
89572125
35025436
33388293
81582387
113643724
23914847
3754043
38719136
133188716
883625
110619764
638576
73635794
92018792
19069502
122119721
7153455
18682979
65920227
101182104
9614983
81918593
118343026
60064321
76628354
46675089
15509548
145294892
73805136
13894696
64164176
52001282
62421506
36294394
13675074
6538919
20510811
101346546
114879233
62563387
50292416
6341666
27622585
18077238
2371533
33942627
15648364
54438398
88514362
86589712
70359467
33391884
659673
41489243
19793219
1414965
65935715
70407903
13943300
122420155
7362436
10037817
35165115
59310050
94056793
92567558
95544708
126640119
125079740
115109946
46888443
1609417
23441957
37562396
41765627
27703324
43870982
88034957
98941845
13522358
79329861
53053533
90405601
28202305
7182197
57948619
37961863
12708129
72382765
56053543
76150152
84412543
23362736
110928538
42209930
27485609
97602619
63250611
99575397
121544687
56147122
34113961
5462858
80091552
125212023
2481453
33394028
12400795
53561903
51386103
8512364
15935015
21171692
13351103
54001506
3639716
12912909
48527693
7101503
89980289
38573290
91595720
108696603
28632919
39664879
132745291
94678678
37555579
76082909
97795600
32790782
28093617
29387731
42801913
93708898
36161273
69243738
95926679
54034041
33038743
47472272
99416906
55370197
41003355
43709516
81208993
53348667
6931350
23474578
24128613
35143421
42934063
34875858
42386938
1055354
31500997
38964437
62403245
7591343
99967753
11242831
37446459
69523297
58823324
6954516
13091503
16532118
85273201
9699857
2261147
66500988
71757422
105902252
79199923
16391896
3783156
115217067
4690637
19020444
36341694
29983143
18955539
105466670
4823647
25763252
3676702
16309340
78613906
58524371
35445932
64731749
38852409
84355125
147722509
91835030
46019574
7835891
46520734
57368981
14015821
50452009
39644288
72241777
76456686
37045139
7781700
101980811
7022481
86935225
85710923
44350279
27463168
13584581
32996870
85803528
48321051
16028232
31655958
86967782
43342713
20240775
19052631
100783566
10277983
42807330
46594873
70438154
92215616
49427035
31766345
44819722
35430968
59631151
21163737
22655324
27615471
68663669
8612435
8653960
42143054
71437217
28428411
94558722
16886105
57533216
41454397
20924708
5708971
83653409
46966895
35303022
39566261
32879908
2246078
18967110
124531843
72999778
11715820
44792665
15154513
10267550
67537258
50055674
24962817
22514717
21231463
117772091
23302521
23113762
833907
3563338
28297625
16296164
47372933
93925078
36096875
14501726
70975481
50910894
83928860
26464511
113342531
10203548
143090938
42685562
73444518
41784991
59197006
31189916
69071774
116219771
37292451
19802591
51178864
14165358
1314638
57914790
1963241
33446214
8116200
90034311
44694610
75631750
130084493
129636587
114019919
52944542
21703149
100656543
25896873
12466719
57762967
113837359
15036925
101725399
25126063
3409578
15099691
47787646
28089396
46215691
74824958
93313290
29014950
65716147
13987356
50638447
25186515
52410752
15887045
18336906
56838992
26046110
12468058
28026213
66009083
33595715
54768695
59413421
2274228
129082754
49120297
16806849
85134638
24056710
1249822
6552433
96665619
5175147
19838779
20471417
44528001
74971875
81208761
3496594
121428085
29171156
73668924
7093756
85512914
51607811
55724277
46365032
4686831
13119982
103759678
37980737
3200670
16478824
9913461
77830318
49871708
21359304
9165869
73085419
114118803
4382463
97713185
11273891
65315822
8397115
24599447
11148282
15178264
66182158
104228430
44927867
45139342
54342602
11991713
32474415
95733045
19274641
34848756
43897130
65327649
14680494
34896094
489089
62005825
52113193
78521593
63059377
76837866
72055416
16279300
26601278
63326326
33391771
88293624
96747203
927843
81956889
24482911
43699951
35198047
134385136
34998805
31126328
51056535
33171692
122917649
91606192
48792578
8867548
13038001
114860435
44242462
45353921
11052315
55036229
77332972
61636919
107920935
27206640
30594194
5960216
133355194
56992594
11022725
39487717
31502315
62328680
120704191
33431930
59338234
62246552
35069582
38763421
100534169
78352309
31964913
38403581
83326040
33006272
94723080
85178776
45248617
79450786
4225459
14301764
16498523
22462140
4504641
80968957
67696933
13385448
4254915
125138242
14729696
33663168
32212294
95761795
48607666
132024675
1378809
105762766
68139095
21693585
48742428
140274550
66223672
17935580
85973858
123270633
85670920
89876128
350948
92800261
43761786
14711649
42358424
55114518
23916269
85520997
81641950
136528677
67273821
33285638
50989381
69164854
27908072
3210063
9789829
87870396
48198179
28423427
25073972
3723193
21602289
30191836
56875021
26901066
1991262
95094781
3530161
7015768
40977320
87798544
139208232
52860230
105924235
16513729
24673656
48161813
90502211
84626228
117625174
85899745
4503117
45894726
25958558
37500475
479671
95665885
31433257
62197761
141827438
26159873
4796767
25838295
64226003
22985354
61078701
27099041
6545260
17670877
56124575
113593026
78325045
65906497
16917633
122395867
57869586
48114002
54737847
31790319
47030685
50172275
31109306
12214300
15208195
2799905
126378431
14160834
55322262
64569609
14137303
22864055
24489357
52542490
57444498
48061310
24216766
82533523
59333325
35536009
93531150
31646729
56709341
92116124
2821381
10308911
1446645
22865580
21001127
76022589
73556190
12499704
78737142
62509566
22861493
95569693
56256647
21925425
27308840
51036594
36792345
1111574
36395251
28601493
13652566
76486921
35470199
1014663
17006515
100476081
66718610
23492393
15397790
2625450
18869709
9599050
5046558
100914613
69409375
13324331
30366928
4223965
65691528
53622822
68405919
20677305
43076741
95243099
105518947
91662087
60189056
44076074
6096671
23796106
6341469
79617034
13501010
7818657
8856278
21637627
53001649
87529125
74475949
136368587
48954448
28535516
32161104
41342928
59493138
4977798
123825731
13776583
44399961
82608067
24733247
49255745
30547278
92818364
93667926
62224211
22143756
27551317
1551343
47234699
59996810
97846254
81048540
57633881
33213139
87988882
109331022
55406412
75420345
108632103
130044417
38616234
90450174
26854314
124011076
38245801
12697858
21463664
79383183
87157141
8712274
106956951
24303366
5556498
6251745
3898628
68155208
24948190
8971777
32431078
5801709
41432407
34874490
4821273
63312297
42737717
119249228
111938403
15804420
107317102
31214956
12833079
65135616
42988209
5068650
107249312
15700800
40096210
71922334
74368138
28312012
22657021
384447
42667745
139182330
6150061
19378160
59410308
51075637
18542343
36894495
37205740
59855001
24102837
5782556
7321344
125248464
69965571
7814153
30942163
12066436
97599865
44935599
88897221
26891856
90245247
62029058
33803865
88161262
34835429
29452266
130490049
33447189
120790265
32592142
57411836
57521733
81379815
37822631
118334573
127107587
27592179
44359961
93659166
40127458
1153898
42801999
63229806
76837211
41156958
109194608
20986413
50171522
1342357
19077402
3064510
10708346
20200354
10812975
61544348
62774910
6451122
119480646
18915516
20719984
24148404
70018862
38934697
7462502
62559654
103434199
54993663
16563862
44029334
56276149
42336300
85776415
67144739
99302241
10914389
21171716
67584919
22298940
29566466
1475479
31786298
11768201
112812711
108678075
22812867
15870962
15791071
49183205
32314436
73659611
5524545
48805773
103554399
67684292
102385256
54702352
50373592
37296022
102602301
21295194
12908330
77730310
78031244
34048712
67961398
109713644
115009490
22216809
24530452
74153912
53388983
35697088
31598178
92081604
78602273
94514859
86976646
2834950
20790800
81361994
85137108
109049429
24941417
79233811
6045096
68474859
60685066
20467571
70965825
24201149
9249179
89186396
67344704
55173255
21762395
83902298
3457867
19720548
42174197
65003265
21134105
23891863
17400266
114422361
19728652
16257451
2969322
17458299
42768463
22810695
23745071
10269369
53851863
22368110
64547488
13494659
26487177
59413247
18963714
18828441
61318348
36715610
135604715
89082601
105325356
80619045
104946861
58252456
90460587
50261063
41862856
32992222
36988173
81668370
100396182
58079055
33470123
20732800
60250216
51816091
96435641
75964662
92633534
17240454
7641053
44906069
10216501
92257079
32851866
82224875
11923408
73837170
5583207
104849045
25318865
59348465
62458456
33075747
38331569
78980717
49096598
68222139
32298901
74477447
70596142
43778311
14953716
11364270
53863569
54738137
69981855
62358985
22504481
83143955
39323476
125658896
2411421
32082445
32058706
85698060
15367282
111534683
61276514
1772042
46936846
100096129
80976601
7540119
28797239
1075333
31752891
26787419
66880051
49686647
88432158
437303
7773756
22701609
7689869
31758988
9284758
5016214
95499888
92950614
68792474
23441290
70263459
65633875
49702858
27750506
76411243
110281032
46787055
25479551
65482372
65776918
39451780
108921284
14331255
20814166
8500603
93977106
14201666
82814320
33620108
74478614
18551671
32337204
60323354
8795962
55745194
44630832
126329846
63468615
22661139
56012887
7469748
2876092
19629590
74545414
64665229
74204879
19466379
73927162
26890823
5620561
91705616
103070615
1822310
45189561
6441823
43439179
90024697
9994138
4282938
116307055
24499036
22370621
36837027
51581809
5176821
13798561
75635613
35167536
8596346
14545049
99231648
42913660
35446412
32700574
110726455
107622823
1578518
45568145
69882538
75921013
27038669
4620181
69025082
5101461
66663277
42056324
71194556
25055108
84982657
99723756
16032024
24308106
63534480
47630230
112945124
7146716
109365349
78157305
32419299
60747044
57619687
46966969
65273642
57704665
76846011
42961095
80244469
11448638
18420755
65000848
9883307
38794969
127475042
97706709
53571569
23520293
67262209
108930355
41999854
3888463
63810074
29315783
85561203
34041102
4853782
16472382
84799337
7265334
126273431
22524478
32641027
32400526
93783169
96576805
16748418
33823159
30842947
90643827
71819100
27813793
38424070
16325834
47220458
32944393
113891921
11158724
29660837
10404428
69889077
34995591
51328598
22648664
20656258
74430018
14501673
114097903
55133941
28993638
24810286
64152447
49996275
61415374
14010066
59213601
79595159
34715460
33979108
5196221
51454500
45798928
19269205
25922292
30712171
17917849
66636602
64348230
48467470
3426350
18372765
987430
10872880
61854701
7237309
71819499
4967224
74568752
96408581
13227322
32861592
33066856
36856751
7103948
111879787
38056274
34893007
25310664
17999045
14567091
42144562
48882531
16328248
25792154
87037589
106104664
17640951
57793373
34933685
7448531
72191312
56485595
72663662
37170335
76500575
76237524
91326661
109656816
11119591
64492513
63417736
67964475
39500082
34295123
2929223
17731369
34973169
72896552
33342030
32283422
38275428
16497662
47701985
20859492
101946099
73945925
10885239
85058221
51161754
75923066
73598621
106310324
88194491
15793188
35801557
95114237
6959766
121940094
61836501
24620528
98819479
55697679
54570085
125171784
11036793
51898181
61297074
57135164
140111775
105217522
20846598
18572742
28099918
101633758
45781446
17091969
4152011
7646687
9253470
10652530
30599797
116412772
18928655
18672995
56046195
33284959
129848816
34680857
71828433
54435024
74532618
10689777
30340536
32174591
23656041
54336838
32951646
5883699
48171062
10682920
7709354
73717569
63362313
24360762
56910471
76979186
114710141
14105907
18998428
5206410
31744027
93824313
38828683
2752968
25338046
128945590
127146784
51560205
11303314
79419367
39772301
33396346
96332671
45508668
14527288
119684191
37273940
65303261
122203344
26921375
43276612
101765815
16115340
2228662
76859563
78566356
34419857
1555757
70756332
23203699
103955295
56236599
71863759
58883941
47130537
84912753
104327548
24555048
68847601
28154537
120174254
79134654
61539819
121125542
51338517
6001951
53696798
106574560
39249686
22335439
81739722
12779212
1333198
89368531
9742336
5925848
31004824
79719402
1640871
38760058
141295330
61670230
60800766
106872687
10145341
92277026
55720210
103710230
142075706
25143952
121290353
33075681
88531398
28114467
3289771
4625789
14370149
50916023
8356321
29237727
20791421
6801419
8575242
107384776
13155696
55587794
89970014
1744527
97341474
9101145
29064755
18356185
119439521
46022602
229770
47643040
78538570
48177632
84759450
69325496
108794099
17160712
1948674
74955167
9139787
17845136
87868791
1799389
63914994
62429332
16723651
53315769
138780654
105012816
42895734
65842252
17091230
19366566
29492706
73860505
42033808
12907222
117468100
86192751
41147464
75765969
31043132
17234101
16667946
82597608
38953338
39258926
83536387
37306924
801051
89580168
39094290
2667988
80034689
13153116
37361339
64744993
66091064
49145105
35806879
98643631
51167315
18357794
66078326
98417769
100179808
22146043
74116618
70838463
125009556
22710941
65511528
123510822
52872831
32866557
77289756
36654581
59553310
68641987
30959441
71801036
105854945
28736451
12219629
52562517
36128733
33062517
95215188
26396814
54538038
43470350
14821158
15382699
4681917
41075203
57984923
125421417
24549036
97463929
1159575
12738629
24325572
17335053
16810843
50166254
56754800
94299711
19805610
55370246
10378571
51984435
13139976
12007440
128986564
7611742
25885250
81465195
22194166
35635919
1028777
57287130
4104677
29360596
74172241
87225712
103268340
76897034
8236842
107935684
8902803
59688893
128896684
107330823
66865426
16169229
4411395
3774436
42280708
23376883
100554260
85382728
38496924
90520222
40021364
125734730
40151319
68575254
54247688
26817107
97610140
30475378
68400505
87891327
36637738
13322999
11452947
79340062
65761851
2793000
20349887
45102390
89475335
4058106
5336403
29470149
84569342
59614343
25299042
143993740
17905536
71463133
40519396
5502103
1856655
120962050
28264251
49992767
50632434
97372685
104927899
57312129
17825748
8975612
112796069
46882030
37010626
83536321
130947410
62754586
30212873
26195286
93357219
8927257
4608470
36758231
13771412
100229094
76054402
2218139
56727006
3305432
34176785
87959335
108244382
117208531
19109995
95088623
12192800
18524434
54868311
58093910
74782585
2164719
17328775
101136591
27878157
48683910
102821921
4111582
1220618
37161700
72028989
17382152
69356594
62497725
57300388
88746070
47391122
110379306
22794311
61285842
90692101
102278619
19062547
25356096
42896484
11433143
2716830
127961677
59856886
134478705
47610451
72799098
50660013
29569477
80757233
2281304
34963997
115936802
44145571
13306793
6904635
84477670
42267731
3097176
20904978
15945485
35188393
50938253
17756241
6234428
49870852
16706443
41902950
56169235
3905144
12807347
16474468
32199358
84722910
16141004
6102848
89754929
73432912
72594567
62492729
26706857
22178190
62754045
121418078
5461527
27057020
33699339
88855345
106048729
27827675
54467523
33305114
57682619
76932626
57734152
107432974
104948137
57501463
22036814
43451622
38608005
29589260
35621506
88249336
75392126
30047277
34569438
77692370
221388
57462016
66453899
44945301
11240978
50319976
10002663
103107947
30025456
10482805
51915367
3446909
89562204
97678836
68699066
91666754
47213428
26159364
70869724
72515916
2475251
103341562
65031190
117782469
117230950
68290006
88242913
139913632
53016274
94226560
85385677
65861147
45758289
16645879
99338130
116170744
34972374
5821563
98004877
65806221
13093867
71672383
34949476
52282600
124574411
6353657
88404731
46027471
38645655
15868515
4181010
70252982
49826870
51762243
26402167
54387303
21209858
39291252
49208001
31689670
488882
50974954
51617794
19937224
21224967
37358446
87453296
3948674
54366460
31741656
131829529
30209681
67409520
42303483
1307426
8048433
129848510
39607416
40308859
13960460
6490259
35046514
139449952
33880533
53462649
77578724
1396416
54120198
14393633
45612460
44577361
46444714
24375043
8722399
4643236
48050053
21680869
49471113
87450061
87747416
17929966
36975418
20346575
143067494
7041355
93717437
12712577
88897801
16475001
83684382
32352500
24062337
12168377
2035559
114278050
72589348
46384439
28488250
24570518
13159315
110405318
44612877
49343099
3056146
76518563
19163161
13412578
37306815
93361844
123289072
7185139
12959262
60243329
8059029
69890218
96257733
15259760
58240536
113892467
47968044
66815073
37681000
38871163
62994899
18140648
31100542
70844786
773668
58903905
78537897
82740505
78851752
102105386
24828762
980580
86343338
102121323
103661874
19854515
117722753
32411234
65609433
8567673
97426889
50112134
125888609
4166903
40879319
65485130
13285866
18410816
106257606
39187581
99339143
10256941
35900707
77763037
15367261
28333893
546410
17682020
60049014
11302887
73545148
42095808
35122058
85996001
32822688
45821091
67841821
4741950
39120831
1551520
7791393
81671858
115828026
9994750
83094894
64617143
76252328
120896232
19308545
107114317
29515306
20748141
99629831
72009375
63973761
34716016
39253588
98052399
94036737
61864695
35097779
227827
37138012
101564372
17607571
130501832
65780266
23189748
66856875
111514859
37756461
25376119
89349468
109862611
43241330
10711464
33124636
43198003
9406058
54680432
5723518
131924981
105426586
25402989
53883309
59392664
89254454
50323850
112805412
19665705
43618121
13389090
37789426
21936983
28367706
61457745
1147133
48127237
4410317
68914334
12233020
37944805
60240521
35561588
12124843
16908150
66655338
48317023
14603592
7404035
23304745
71964286
1629439
124851746
78095518
7544383
22657707
5357944
41636110
88508349
61732817
39424330
23439426
44506410
39359248
59338483
60762081
51669984
70289001
21075390
93112378
49641358
3799818
47294351
6140002
16401101
88495750
74600313
122094682
23169682
83590334
117365750
103271074
39116830
27917409
40205966
24768694
5491283
54116885
115054226
10313822
94621059
4753680
40943781
8048381
21779984
58990309
29150324
58270845
27422510
628682
562408
142597413
70246233
12806992
10920100
35574496
20072101
60381320
57101657
47815261
34288057
125451047
99161889
44229506
7254360
131929945
58516148
39147570
23487558
59676223
66487012
80777254
15931774
16943125
108548514
9276910
42195489
87970666
89660665
73170837
99918928
62662422
48214971
18838132
69478712
100756245
74840321
25920438
56874518
42837544
78881388
58222364
1949587
14315735
921915
18632651
57032033
12544280
102971806
4005727
23371628
28117563
30082244
82271122
8245704
91943995
89970963
55159657
36664844
7104480
308826
111680377
15353388
75105779
103004948
1242453
124572397
25291356
40668786
84609335
20927781
55886175
43156192
12856800
107563354
1189424
33557193
37228445
12770408
52550413
16938664
56937391
43460536
32275227
61258172
31450973
22780922
96022644
58971497
163783
118417264
12568331
53759875
34791589
26414427
22035928
77740043
46674433
49699360
14477312
21225768
13522400
90588166
72081619
11576256
49904803
108536164
45639709
49434201
78659215
41302364
43175199
100586388
89995424
125888618
6577177
18975872
102017996
19230317
63256425
21428163
59101777
84428491
6480348
78361269
109027617
82901017
68913924
72867271
96614744
32402899
74755808
30630931
2434961
61607162
78777861
23381475
3255219
209540
18858610
78678847
47942696
127676351
103547157
8442958
54149184
2390694
52728566
10599121
107374101
74538288
45207335
6543922
22914913
141512142
15851865
83561949
54396014
107537858
33426519
8009100
75700236
25293829
21304539
95392896
45346415
64367126
15895722
9582603
87121790
34202142
112212008
111902840
54244043
31416506
85079980
17767820
80452426
15413646
112467329
22032448
105355303
17559640
10081023
91340058
24876003
16746263
107118253
85031603
78670885
81853802
68890103
87294129
48125818
102797493
22982201
79933725
94194925
1423968
32709270
71729109
8180449
9560178
2758591
7610530
34349246
39809501
66264740
43851873
13431699
47524311
39947973
12850837
18935419
48854025
5529824
68585245
5920722
2616600
69880928
803189
48737972
31762697
38031976
38643827
14303087
52280403
34968472
42342395
31075390
39388458
52031623
82122663
89622363
18679406
132727506
31989124
14322930
6776890
40719842
8780918
136184299
18040454
67486314
9593577
115842866
106617417
87015160
9405742
34533603
53217325
2960359
18238777
15598586
24873951
89240513
133978609
66888854
26533375
15853301
13900377
51039121
30344596
113856758
96668021
20532043
51385000
22658246
34733464
107958582
50441686
115613424
22958011
59169784
9830511
69486078
92154751
98339789
49928485
46170260
48497486
51272101
50387277
38233117
40794050
96538544
35087648
28005926
44105478
50030742
59157603
65390521
90277694
25727180
22702121
26322255
126726923
62347583
63275251
69927136
100456365
26567087
19197979
45087207
8203916
67118517
93344922
102536103
9322898
61263681
14127710
3261646
124456781
30929629
80516550
125272967
77575490
124063823
40437365
53859673
35245778
7520954
46700823
35892880
17206312
57148102
20948059
82345210
94290046
35447559
79232666
101149349
43264798
1050427
48894709
75917438
55849221
65429188
74426962
51055268
13292651
50225338
83282328
108538910
119553183
41274644
31376501
27743244
20897646
4070693
19445120
23021386
98967942
40050099
9536992
29130915
132123241
78120940
10275269
84159424
7502905
9979998
26601157
6554961
12772527
98328744
27148679
89291555
9890764
78928443
21350059
44183634
90844409
14965437
109382620
42701064
5287185
59028700
27955852
17201743
114693546
31422653
25806872
38912229
83174017
53807853
35021696
10461439
13668274
50189551
4767900
11468614
45165794
78805461
44768815
19444046
58372470
25976593
93661909
43414853
90203669
46523031
112463186
48968431
80478115
14830763
81820878
13451067
86222138
26948437
45500425
16906752
19982031
15217953
45152475
23150175
37542763
27191290
102013150
116940989
4183837
62374158
119801
122221047
85442000
14814074
45397754
35157046
21425459
26497679
64920567
99081634
56169498
48722288
11855722
89449269
88771540
105721553
39118142
25811909
8460830
2031033
91743273
50841297
17598472
68273145
7401892
62208638
45634405
61869167
62105715
86794326
82111260
125895291
7979085
21239228
69921583
55034724
76190581
27335450
13886615
67907775
81473211
18726471
12438475
108875800
56204007
57215623
53017032
50725819
115851406
27952261
40106461
79685876
106151061
48742428
35898183
10753913
82224791
46976323
28982288
40200919
129524273
15393234
89636662
29440521
82427026
4892879
11170682
71672569
109401626
94877162
90829535
54198192
48246256
5966101
66429580
97520562
13944921
26231152
118717298
37669346
65208857
50388851
59441629
56012205
75839524
18842877
34648244
71778503
21487441
59081903
17054416
67399498
35687355
18652240
84725486
1594044
112898848
47650957
44942405
55950198
31442799
12075015
107747865
40023200
118442303
27345555
11075262
95717342
87212324
23659245
53984560
7839829
62616186
22589010
68899792
5432098
108571759
3389239
39147381
26361267
54275153
132143062
21212394
59489578
23330446
43882821
1546449
15739666
16640720
16253385
19006382
25025536
8221599
87443727
21612528
80534423
71758319
33936485
54332682
14382429
101429012
50633494
59737990
18124620
70659908
25584332
49868893
2864336
28550733
9947325
21976069
81992758
70749169
46687139
8294313
59872384
88640802
45656063
58937589
51769995
9794919
74868919
59656107
59876605
11721970
102415882
92984036
43585534
97129335
4573171
6990049
27405117
1360493
19455437
148520484
43683509
52847938
28361768
100603327
