10000 1000 2
1 2
1 4
1 14
1 28
1 56
1 64
1 65
1 70
1 94
1 99
1 100
1 106
1 110
1 130
1 132
1 135
1 137
1 141
1 178
1 183
1 186
1 196
1 202
1 205
1 223
1 228
1 244
1 251
1 265
1 269
1 272
1 276
1 284
1 286
1 294
1 307
1 308
1 330
1 353
1 358
1 363
1 364
1 377
1 379
1 388
1 396
1 427
1 483
1 487
1 492
1 501
1 524
1 538
1 541
1 547
1 561
1 570
1 598
1 631
1 633
1 652
1 661
1 662
1 665
1 674
1 678
1 681
1 693
1 696
1 739
1 749
1 772
1 782
1 783
1 784
1 793
1 797
1 813
1 828
1 847
1 877
1 884
1 897
1 900
1 902
1 916
1 924
1 929
1 932
1 951
1 958
1 993
1 1008
1 1016
1 1026
1 1027
1 1065
1 1066
1 1077
1 1079
1 1081
1 1083
1 1090
1 1100
1 1110
1 1117
1 1138
1 1144
1 1162
1 1174
1 1176
1 1182
1 1188
1 1195
1 1210
1 1214
1 1222
1 1223
1 1225
1 1296
1 1298
1 1300
1 1307
1 1313
1 1340
1 1348
1 1351
1 1353
1 1357
1 1363
1 1364
1 1373
1 1375
1 1378
1 1383
1 1384
1 1389
1 1408
1 1419
1 1440
1 1456
1 1459
1 1479
1 1494
1 1499
1 1508
1 1510
1 1520
1 1529
1 1532
1 1555
1 1561
1 1567
1 1579
1 1581
1 1585
1 1597
1 1601
1 1623
1 1630
1 1634
1 1652
1 1655
1 1674
1 1685
1 1686
1 1687
1 1699
1 1705
1 1714
1 1732
1 1769
1 1773
1 1780
1 1788
1 1811
1 1827
1 1831
1 1860
1 1872
1 1881
1 1884
1 1891
1 1900
1 1937
1 1960
1 1969
1 1980
1 1994
1 2000
1 2003
1 2024
1 2029
1 2041
1 2048
1 2056
1 2060
1 2076
1 2077
1 2083
1 2088
1 2094
1 2109
1 2111
1 2115
1 2120
1 2122
1 2125
1 2128
1 2136
1 2144
1 2145
1 2148
1 2154
1 2160
1 2172
1 2177
1 2188
1 2193
1 2209
1 2210
1 2212
1 2220
1 2225
1 2227
1 2232
1 2254
1 2255
1 2271
1 2276
1 2279
1 2280
1 2347
1 2358
1 2390
1 2393
1 2397
1 2398
1 2404
1 2405
1 2411
1 2422
1 2431
1 2441
1 2449
1 2457
1 2470
1 2476
1 2478
1 2504
1 2516
1 2522
1 2524
1 2530
1 2531
1 2541
1 2559
1 2571
1 2573
1 2576
1 2581
1 2585
1 2602
1 2606
1 2607
1 2615
1 2617
1 2620
1 2625
1 2635
1 2638
1 2674
1 2713
1 2717
1 2736
1 2750
1 2762
1 2763
1 2769
1 2770
1 2775
1 2782
1 2791
1 2801
1 2826
1 2841
1 2854
1 2869
1 2870
1 2876
1 2920
1 2924
1 2926
1 2930
1 2933
1 2935
1 2944
1 2948
1 2951
1 2952
1 2953
1 2954
1 2966
1 2972
1 2984
1 2989
1 3000
1 3027
1 3034
1 3045
1 3047
1 3062
1 3070
1 3071
1 3108
1 3110
1 3114
1 3141
1 3143
1 3151
1 3157
1 3160
1 3174
1 3180
1 3184
1 3185
1 3215
1 3230
1 3235
1 3253
1 3254
1 3263
1 3280
1 3294
1 3300
1 3312
1 3314
1 3328
1 3336
1 3351
1 3376
1 3399
1 3421
1 3423
1 3465
1 3466
1 3484
1 3492
1 3509
1 3527
1 3532
1 3533
1 3538
1 3562
1 3567
1 3577
1 3578
1 3582
1 3606
1 3607
1 3612
1 3622
1 3626
1 3629
1 3647
1 3650
1 3667
1 3676
1 3682
1 3687
1 3699
1 3701
1 3709
1 3727
1 3761
1 3774
1 3792
1 3821
1 3825
1 3839
1 3852
1 3858
1 3863
1 3877
1 3880
1 3881
1 3891
1 3908
1 3913
1 3919
1 3924
1 3953
1 3956
1 3960
1 3982
1 3983
1 4000
1 4008
1 4015
1 4021
1 4041
1 4071
1 4098
1 4099
1 4102
1 4105
1 4126
1 4132
1 4140
1 4154
1 4156
1 4171
1 4172
1 4175
1 4177
1 4217
1 4225
1 4233
1 4254
1 4261
1 4262
1 4264
1 4267
1 4288
1 4302
1 4306
1 4322
1 4338
1 4347
1 4358
1 4383
1 4396
1 4408
1 4427
1 4441
1 4459
1 4463
1 4464
1 4465
1 4473
1 4483
1 4484
1 4499
1 4503
1 4512
1 4534
1 4536
1 4552
1 4554
1 4571
1 4582
1 4600
1 4603
1 4607
1 4612
1 4625
1 4626
1 4663
1 4667
1 4668
1 4669
1 4680
1 4690
1 4694
1 4703
1 4711
1 4712
1 4740
1 4742
1 4743
1 4751
1 4754
1 4761
1 4763
1 4773
1 4781
1 4785
1 4788
1 4790
1 4803
1 4811
1 4813
1 4815
1 4837
1 4868
1 4869
1 4880
1 4883
1 4905
1 4915
1 4920
1 4921
1 4923
1 4928
1 4931
1 4947
1 4953
1 4965
1 4979
1 4982
1 4990
1 5005
1 5052
1 5062
1 5073
1 5074
1 5090
1 5094
1 5109
1 5134
1 5136
1 5139
1 5161
1 5163
1 5164
1 5168
1 5170
1 5173
1 5184
1 5211
1 5213
1 5218
1 5221
1 5244
1 5257
1 5261
1 5265
1 5266
1 5275
1 5285
1 5300
1 5304
1 5310
1 5313
1 5321
1 5325
1 5358
1 5363
1 5368
1 5388
1 5390
1 5391
1 5397
1 5400
1 5404
1 5405
1 5410
1 5421
1 5423
1 5440
1 5452
1 5454
1 5460
1 5463
1 5495
1 5499
1 5506
1 5513
1 5538
1 5541
1 5542
1 5545
1 5547
1 5554
1 5560
1 5587
1 5593
1 5622
1 5623
1 5632
1 5638
1 5640
1 5642
1 5646
1 5651
1 5656
1 5673
1 5679
1 5703
1 5718
1 5736
1 5748
1 5763
1 5765
1 5801
1 5806
1 5823
1 5827
1 5830
1 5863
1 5865
1 5872
1 5883
1 5899
1 5903
1 5917
1 5927
1 5928
1 5935
1 5957
1 5958
1 5979
1 5986
1 5989
1 5995
1 5997
1 6003
1 6013
1 6019
1 6040
1 6049
1 6053
1 6055
1 6056
1 6060
1 6074
1 6077
1 6087
1 6093
1 6095
1 6101
1 6140
1 6141
1 6169
1 6188
1 6189
1 6199
1 6221
1 6231
1 6234
1 6237
1 6246
1 6264
1 6276
1 6288
1 6294
1 6296
1 6298
1 6304
1 6310
1 6325
1 6328
1 6330
1 6332
1 6335
1 6348
1 6365
1 6372
1 6374
1 6389
1 6393
1 6406
1 6427
1 6437
1 6450
1 6456
1 6466
1 6478
1 6483
1 6496
1 6501
1 6505
1 6514
1 6520
1 6529
1 6542
1 6544
1 6546
1 6563
1 6580
1 6581
1 6588
1 6598
1 6613
1 6630
1 6645
1 6647
1 6672
1 6693
1 6695
1 6705
1 6707
1 6725
1 6729
1 6735
1 6740
1 6751
1 6764
1 6770
1 6775
1 6789
1 6794
1 6803
1 6804
1 6813
1 6819
1 6820
1 6821
1 6847
1 6856
1 6860
1 6861
1 6864
1 6874
1 6886
1 6891
1 6892
1 6896
1 6906
1 6907
1 6913
1 6926
1 6930
1 6952
1 6956
1 6970
1 6978
1 7011
1 7018
1 7019
1 7034
1 7059
1 7080
1 7094
1 7101
1 7114
1 7119
1 7124
1 7147
1 7166
1 7187
1 7192
1 7193
1 7197
1 7207
1 7218
1 7222
1 7269
1 7271
1 7272
1 7274
1 7283
1 7307
1 7308
1 7328
1 7345
1 7368
1 7373
1 7379
1 7388
1 7401
1 7403
1 7429
1 7435
1 7437
1 7440
1 7454
1 7466
1 7469
1 7473
1 7478
1 7488
1 7492
1 7505
1 7512
1 7522
1 7524
1 7526
1 7532
1 7533
1 7563
1 7565
1 7590
1 7600
1 7601
1 7641
1 7660
1 7674
1 7678
1 7679
1 7690
1 7699
1 7706
1 7710
1 7716
1 7729
1 7730
1 7738
1 7749
1 7763
1 7779
1 7782
1 7806
1 7808
1 7819
1 7829
1 7830
1 7841
1 7844
1 7851
1 7864
1 7879
1 7881
1 7900
1 7914
1 7916
1 7918
1 7922
1 7926
1 7980
1 7998
1 8000
1 8008
1 8018
1 8024
1 8046
1 8052
1 8072
1 8076
1 8084
1 8109
1 8110
1 8112
1 8114
1 8124
1 8148
1 8167
1 8191
1 8205
1 8207
1 8242
1 8244
1 8251
1 8253
1 8263
1 8279
1 8287
1 8302
1 8306
1 8318
1 8341
1 8342
1 8356
1 8358
1 8360
1 8372
1 8384
1 8408
1 8411
1 8418
1 8442
1 8443
1 8453
1 8455
1 8456
1 8462
1 8470
1 8476
1 8499
1 8500
1 8511
1 8527
1 8557
1 8571
1 8586
1 8600
1 8606
1 8612
1 8646
1 8649
1 8655
1 8658
1 8663
1 8667
1 8700
1 8702
1 8705
1 8710
1 8712
1 8726
1 8736
1 8740
1 8751
1 8756
1 8758
1 8763
1 8797
1 8799
1 8808
1 8809
1 8833
1 8839
1 8840
1 8841
1 8844
1 8848
1 8871
1 8873
1 8880
1 8883
1 8903
1 8904
1 8905
1 8914
1 8926
1 8943
1 8947
1 8953
1 8959
1 8966
1 8982
1 8997
1 9012
1 9017
1 9023
1 9037
1 9045
1 9046
1 9069
1 9088
1 9090
1 9091
1 9094
1 9103
1 9106
1 9121
1 9124
1 9164
1 9184
1 9212
1 9224
1 9225
1 9230
1 9239
1 9253
1 9257
1 9261
1 9286
1 9311
1 9325
1 9330
1 9351
1 9355
1 9365
1 9389
1 9393
1 9398
1 9400
1 9420
1 9469
1 9481
1 9486
1 9509
1 9512
1 9514
1 9533
1 9545
1 9573
1 9582
1 9586
1 9599
1 9612
1 9630
1 9663
1 9679
1 9688
1 9689
1 9702
1 9717
1 9719
1 9746
1 9751
1 9822
1 9825
1 9832
1 9841
1 9848
1 9852
1 9861
1 9880
1 9897
1 9902
1 9907
1 9908
1 9909
1 9912
1 9917
1 9927
1 9942
1 9950
1 9966
1 9969
1 9989
2 3
2 18
2 20
2 25
2 32
2 38
2 44
2 57
2 77
2 80
2 87
2 95
2 96
2 102
2 109
2 127
2 128
2 138
2 145
2 153
2 179
2 191
2 193
2 203
2 209
2 213
2 229
2 233
2 264
2 274
2 275
2 281
2 283
2 289
2 292
2 304
2 313
2 319
2 333
2 370
2 375
2 392
2 393
2 412
2 432
2 435
2 445
2 449
2 463
2 491
2 528
2 529
2 535
2 565
2 566
2 600
2 610
2 619
2 622
2 626
2 628
2 643
2 666
2 669
2 705
2 710
2 718
2 725
2 726
2 729
2 740
2 759
2 763
2 766
2 768
2 771
2 779
2 787
2 791
2 792
2 794
2 800
2 810
2 811
2 838
2 841
2 843
2 844
2 845
2 850
2 852
2 883
2 885
2 892
2 893
2 930
2 940
2 946
2 948
2 961
2 970
2 985
2 996
2 1011
2 1012
2 1022
2 1032
2 1046
2 1049
2 1067
2 1087
2 1098
2 1101
2 1107
2 1114
2 1121
2 1133
2 1136
2 1148
2 1154
2 1157
2 1163
2 1170
2 1191
2 1192
2 1203
2 1206
2 1217
2 1220
2 1236
2 1238
2 1241
2 1248
2 1251
2 1263
2 1264
2 1270
2 1273
2 1274
2 1279
2 1286
2 1287
2 1293
2 1310
2 1316
2 1319
2 1320
2 1330
2 1333
2 1368
2 1372
2 1377
2 1393
2 1396
2 1409
2 1410
2 1423
2 1424
2 1430
2 1434
2 1446
2 1448
2 1450
2 1454
2 1472
2 1473
2 1476
2 1478
2 1515
2 1522
2 1534
2 1575
2 1595
2 1598
2 1604
2 1605
2 1606
2 1616
2 1620
2 1641
2 1643
2 1659
2 1669
2 1690
2 1711
2 1717
2 1731
2 1734
2 1745
2 1747
2 1760
2 1765
2 1771
2 1799
2 1802
2 1813
2 1814
2 1835
2 1842
2 1844
2 1865
2 1871
2 1893
2 1898
2 1918
2 1930
2 1934
2 1935
2 1946
2 1947
2 1954
2 1962
2 1967
2 1973
2 2009
2 2020
2 2025
2 2032
2 2042
2 2047
2 2054
2 2078
2 2104
2 2131
2 2143
2 2147
2 2150
2 2151
2 2178
2 2182
2 2191
2 2206
2 2208
2 2236
2 2238
2 2251
2 2262
2 2265
2 2267
2 2283
2 2284
2 2288
2 2298
2 2308
2 2310
2 2313
2 2314
2 2317
2 2321
2 2325
2 2336
2 2343
2 2354
2 2360
2 2361
2 2373
2 2386
2 2401
2 2407
2 2414
2 2415
2 2445
2 2466
2 2472
2 2482
2 2490
2 2494
2 2498
2 2509
2 2512
2 2525
2 2526
2 2535
2 2536
2 2539
2 2561
2 2587
2 2612
2 2623
2 2640
2 2649
2 2661
2 2666
2 2689
2 2696
2 2701
2 2710
2 2715
2 2716
2 2729
2 2730
2 2745
2 2746
2 2747
2 2756
2 2761
2 2772
2 2783
2 2793
2 2794
2 2825
2 2829
2 2831
2 2855
2 2858
2 2879
2 2884
2 2918
2 2919
2 2987
2 2988
2 2991
2 3006
2 3016
2 3021
2 3031
2 3039
2 3050
2 3065
2 3081
2 3090
2 3091
2 3098
2 3105
2 3119
2 3122
2 3125
2 3137
2 3140
2 3144
2 3145
2 3147
2 3156
2 3161
2 3167
2 3181
2 3187
2 3193
2 3207
2 3219
2 3225
2 3232
2 3233
2 3244
2 3246
2 3258
2 3267
2 3274
2 3287
2 3293
2 3304
2 3307
2 3308
2 3318
2 3334
2 3337
2 3357
2 3402
2 3404
2 3408
2 3414
2 3436
2 3441
2 3447
2 3461
2 3464
2 3470
2 3473
2 3479
2 3486
2 3502
2 3507
2 3511
2 3519
2 3526
2 3528
2 3539
2 3551
2 3558
2 3572
2 3608
2 3630
2 3648
2 3653
2 3655
2 3679
2 3694
2 3700
2 3705
2 3753
2 3800
2 3804
2 3812
2 3817
2 3827
2 3836
2 3850
2 3866
2 3886
2 3887
2 3900
2 3910
2 3945
2 3951
2 3952
2 3958
2 3959
2 3962
2 3971
2 3974
2 3978
2 3991
2 4018
2 4020
2 4025
2 4029
2 4030
2 4047
2 4076
2 4080
2 4096
2 4107
2 4116
2 4137
2 4143
2 4144
2 4157
2 4161
2 4178
2 4194
2 4201
2 4207
2 4209
2 4218
2 4250
2 4271
2 4278
2 4279
2 4282
2 4307
2 4326
2 4335
2 4349
2 4364
2 4375
2 4376
2 4381
2 4384
2 4392
2 4394
2 4403
2 4431
2 4435
2 4439
2 4456
2 4462
2 4466
2 4467
2 4468
2 4487
2 4493
2 4501
2 4513
2 4520
2 4530
2 4535
2 4538
2 4540
2 4557
2 4566
2 4570
2 4584
2 4585
2 4593
2 4606
2 4613
2 4638
2 4641
2 4643
2 4646
2 4649
2 4670
2 4673
2 4674
2 4684
2 4688
2 4691
2 4697
2 4699
2 4721
2 4725
2 4735
2 4737
2 4741
2 4748
2 4750
2 4765
2 4774
2 4789
2 4812
2 4826
2 4831
2 4832
2 4833
2 4849
2 4882
2 4895
2 4900
2 4902
2 4909
2 4925
2 4937
2 4942
2 4952
2 4964
2 4970
2 4983
2 4984
2 4986
2 5001
2 5008
2 5025
2 5039
2 5041
2 5053
2 5059
2 5070
2 5086
2 5089
2 5095
2 5102
2 5111
2 5118
2 5122
2 5160
2 5165
2 5180
2 5195
2 5197
2 5198
2 5225
2 5227
2 5229
2 5233
2 5248
2 5260
2 5264
2 5269
2 5274
2 5277
2 5278
2 5282
2 5290
2 5298
2 5316
2 5329
2 5330
2 5369
2 5378
2 5383
2 5394
2 5406
2 5415
2 5432
2 5442
2 5447
2 5453
2 5457
2 5462
2 5475
2 5492
2 5500
2 5511
2 5536
2 5543
2 5549
2 5550
2 5552
2 5571
2 5585
2 5617
2 5630
2 5659
2 5665
2 5669
2 5676
2 5678
2 5688
2 5695
2 5699
2 5701
2 5704
2 5712
2 5720
2 5723
2 5728
2 5729
2 5738
2 5753
2 5758
2 5769
2 5775
2 5795
2 5808
2 5824
2 5831
2 5832
2 5836
2 5840
2 5843
2 5846
2 5877
2 5887
2 5892
2 5896
2 5924
2 5943
2 5947
2 5950
2 5971
2 5976
2 5988
2 5992
2 5996
2 6002
2 6009
2 6029
2 6033
2 6050
2 6059
2 6063
2 6064
2 6076
2 6096
2 6111
2 6116
2 6118
2 6130
2 6136
2 6147
2 6151
2 6153
2 6159
2 6168
2 6171
2 6172
2 6181
2 6184
2 6186
2 6198
2 6209
2 6211
2 6213
2 6214
2 6251
2 6257
2 6261
2 6273
2 6275
2 6279
2 6290
2 6301
2 6305
2 6307
2 6314
2 6316
2 6320
2 6337
2 6338
2 6349
2 6363
2 6376
2 6378
2 6384
2 6388
2 6395
2 6396
2 6401
2 6402
2 6409
2 6423
2 6436
2 6447
2 6455
2 6459
2 6468
2 6476
2 6480
2 6481
2 6502
2 6538
2 6549
2 6582
2 6584
2 6590
2 6593
2 6624
2 6632
2 6643
2 6646
2 6663
2 6666
2 6671
2 6683
2 6698
2 6700
2 6701
2 6714
2 6720
2 6749
2 6750
2 6761
2 6778
2 6783
2 6795
2 6815
2 6817
2 6823
2 6844
2 6850
2 6853
2 6867
2 6883
2 6900
2 6904
2 6908
2 6921
2 6933
2 6934
2 6935
2 6955
2 6957
2 6964
2 6983
2 6991
2 7017
2 7052
2 7055
2 7060
2 7074
2 7081
2 7082
2 7086
2 7115
2 7120
2 7126
2 7139
2 7181
2 7190
2 7202
2 7209
2 7224
2 7226
2 7228
2 7233
2 7236
2 7237
2 7243
2 7247
2 7323
2 7334
2 7343
2 7351
2 7361
2 7369
2 7382
2 7391
2 7395
2 7405
2 7416
2 7417
2 7427
2 7446
2 7462
2 7468
2 7489
2 7491
2 7516
2 7537
2 7539
2 7560
2 7561
2 7579
2 7585
2 7586
2 7605
2 7625
2 7628
2 7634
2 7636
2 7640
2 7654
2 7656
2 7665
2 7675
2 7692
2 7693
2 7704
2 7708
2 7709
2 7711
2 7723
2 7737
2 7743
2 7746
2 7747
2 7748
2 7751
2 7760
2 7774
2 7788
2 7816
2 7818
2 7824
2 7827
2 7835
2 7843
2 7853
2 7858
2 7872
2 7873
2 7904
2 7924
2 7928
2 7930
2 7931
2 7944
2 7960
2 7973
2 7981
2 7989
2 7999
2 8002
2 8007
2 8011
2 8014
2 8031
2 8041
2 8049
2 8050
2 8056
2 8079
2 8080
2 8085
2 8094
2 8106
2 8118
2 8121
2 8159
2 8175
2 8178
2 8200
2 8204
2 8210
2 8264
2 8273
2 8275
2 8282
2 8290
2 8301
2 8312
2 8321
2 8326
2 8361
2 8375
2 8378
2 8385
2 8392
2 8395
2 8396
2 8401
2 8413
2 8430
2 8466
2 8473
2 8503
2 8506
2 8532
2 8540
2 8542
2 8547
2 8558
2 8565
2 8572
2 8577
2 8587
2 8593
2 8605
2 8618
2 8621
2 8642
2 8661
2 8664
2 8668
2 8673
2 8698
2 8709
2 8733
2 8735
2 8739
2 8764
2 8778
2 8791
2 8800
2 8824
2 8831
2 8838
2 8857
2 8865
2 8886
2 8899
2 8900
2 8932
2 8933
2 8961
2 8975
2 8988
2 8996
2 9006
2 9020
2 9033
2 9047
2 9050
2 9051
2 9063
2 9072
2 9078
2 9112
2 9114
2 9117
2 9123
2 9140
2 9148
2 9151
2 9153
2 9157
2 9194
2 9198
2 9217
2 9226
2 9235
2 9237
2 9245
2 9255
2 9256
2 9269
2 9283
2 9289
2 9291
2 9294
2 9313
2 9315
2 9321
2 9323
2 9335
2 9348
2 9362
2 9368
2 9372
2 9377
2 9379
2 9383
2 9411
2 9425
2 9430
2 9432
2 9437
2 9445
2 9448
2 9459
2 9460
2 9462
2 9474
2 9493
2 9496
2 9497
2 9499
2 9507
2 9508
2 9539
2 9544
2 9547
2 9575
2 9587
2 9593
2 9597
2 9600
2 9601
2 9602
2 9652
2 9682
2 9685
2 9698
2 9699
2 9704
2 9711
2 9718
2 9730
2 9749
2 9781
2 9785
2 9796
2 9799
2 9838
2 9847
2 9851
2 9862
2 9869
2 9870
2 9877
2 9881
2 9887
2 9890
2 9901
2 9905
2 9906
2 9911
2 9918
2 9922
2 9937
2 9938
2 9960
2 9965
2 9968
2 9971
2 9977
2 9983
2 9985
2 9988
2 9993
2 9994
3 5
3 6
3 7
3 17
3 19
3 29
3 34
3 42
3 48
3 52
3 69
3 72
3 73
3 84
3 91
3 93
3 98
3 114
3 118
3 121
3 147
3 154
3 158
3 165
3 169
3 177
3 181
3 185
3 189
3 198
3 206
3 211
3 214
3 215
3 222
3 225
3 227
3 236
3 257
3 259
3 267
3 297
3 302
3 317
3 329
3 346
3 362
3 373
3 415
3 416
3 422
3 425
3 430
3 431
3 433
3 437
3 444
3 451
3 452
3 456
3 469
3 479
3 482
3 499
3 504
3 509
3 515
3 516
3 525
3 537
3 548
3 550
3 560
3 567
3 576
3 590
3 611
3 624
3 630
3 632
3 637
3 639
3 647
3 694
3 699
3 709
3 714
3 721
3 722
3 731
3 737
3 757
3 761
3 762
3 770
3 780
3 798
3 806
3 808
3 819
3 820
3 826
3 835
3 840
3 861
3 863
3 869
3 873
3 878
3 880
3 882
3 906
3 914
3 960
3 998
3 999
3 1000
3 1006
3 1029
3 1042
3 1059
3 1062
3 1085
3 1086
3 1089
3 1094
3 1105
3 1106
3 1109
3 1122
3 1165
3 1180
3 1207
3 1211
3 1215
3 1233
3 1242
3 1253
3 1258
3 1261
3 1262
3 1277
3 1281
3 1290
3 1297
3 1301
3 1325
3 1332
3 1350
3 1362
3 1369
3 1386
3 1387
3 1397
3 1411
3 1415
3 1438
3 1445
3 1451
3 1455
3 1466
3 1489
3 1492
3 1495
3 1502
3 1506
3 1514
3 1518
3 1519
3 1527
3 1531
3 1541
3 1546
3 1550
3 1578
3 1589
3 1596
3 1608
3 1627
3 1632
3 1646
3 1651
3 1681
3 1689
3 1697
3 1703
3 1719
3 1721
3 1740
3 1744
3 1759
3 1772
3 1777
3 1784
3 1792
3 1805
3 1810
3 1841
3 1859
3 1896
3 1899
3 1929
3 1933
3 1951
3 1955
3 1956
3 1979
3 1982
3 1989
3 1990
3 2002
3 2013
3 2034
3 2038
3 2052
3 2065
3 2066
3 2089
3 2099
3 2103
3 2138
3 2141
3 2149
3 2158
3 2161
3 2165
3 2169
3 2173
3 2175
3 2198
3 2204
3 2219
3 2231
3 2237
3 2240
3 2244
3 2247
3 2250
3 2260
3 2263
3 2275
3 2281
3 2290
3 2291
3 2296
3 2301
3 2307
3 2315
3 2327
3 2341
3 2350
3 2355
3 2371
3 2380
3 2385
3 2388
3 2410
3 2412
3 2447
3 2455
3 2487
3 2497
3 2511
3 2537
3 2538
3 2547
3 2564
3 2574
3 2605
3 2633
3 2641
3 2643
3 2644
3 2645
3 2662
3 2681
3 2687
3 2688
3 2700
3 2724
3 2735
3 2738
3 2741
3 2748
3 2749
3 2759
3 2765
3 2771
3 2774
3 2777
3 2790
3 2797
3 2803
3 2804
3 2812
3 2813
3 2835
3 2837
3 2844
3 2846
3 2865
3 2872
3 2877
3 2882
3 2888
3 2890
3 2923
3 2927
3 2977
3 2993
3 3007
3 3013
3 3017
3 3030
3 3042
3 3046
3 3058
3 3074
3 3088
3 3094
3 3121
3 3127
3 3129
3 3154
3 3166
3 3168
3 3172
3 3197
3 3202
3 3210
3 3221
3 3223
3 3236
3 3248
3 3261
3 3285
3 3297
3 3317
3 3338
3 3342
3 3361
3 3367
3 3371
3 3384
3 3389
3 3394
3 3396
3 3417
3 3419
3 3428
3 3430
3 3433
3 3450
3 3459
3 3468
3 3474
3 3477
3 3482
3 3490
3 3508
3 3516
3 3518
3 3520
3 3523
3 3543
3 3545
3 3552
3 3556
3 3559
3 3568
3 3589
3 3596
3 3609
3 3611
3 3617
3 3634
3 3636
3 3642
3 3654
3 3668
3 3671
3 3681
3 3715
3 3721
3 3724
3 3725
3 3728
3 3737
3 3738
3 3748
3 3756
3 3762
3 3777
3 3782
3 3788
3 3802
3 3840
3 3841
3 3859
3 3862
3 3868
3 3878
3 3894
3 3902
3 3906
3 3911
3 3928
3 3929
3 3932
3 3939
3 3942
3 3949
3 3967
3 3989
3 4002
3 4004
3 4013
3 4017
3 4033
3 4037
3 4055
3 4097
3 4110
3 4117
3 4118
3 4122
3 4133
3 4145
3 4148
3 4149
3 4151
3 4155
3 4162
3 4163
3 4164
3 4165
3 4167
3 4179
3 4180
3 4184
3 4192
3 4198
3 4212
3 4228
3 4239
3 4263
3 4274
3 4292
3 4314
3 4350
3 4370
3 4397
3 4398
3 4406
3 4411
3 4422
3 4432
3 4455
3 4458
3 4470
3 4474
3 4481
3 4488
3 4500
3 4502
3 4508
3 4516
3 4519
3 4523
3 4531
3 4546
3 4548
3 4569
3 4573
3 4580
3 4614
3 4615
3 4619
3 4622
3 4630
3 4651
3 4653
3 4654
3 4660
3 4678
3 4698
3 4700
3 4701
3 4713
3 4731
3 4755
3 4766
3 4767
3 4769
3 4786
3 4808
3 4809
3 4810
3 4820
3 4823
3 4830
3 4852
3 4854
3 4865
3 4870
3 4873
3 4884
3 4885
3 4888
3 4893
3 4904
3 4911
3 4924
3 4936
3 4938
3 4940
3 4943
3 4955
3 4957
3 4963
3 5002
3 5007
3 5013
3 5022
3 5030
3 5036
3 5037
3 5038
3 5064
3 5072
3 5081
3 5121
3 5127
3 5129
3 5140
3 5141
3 5167
3 5175
3 5189
3 5200
3 5204
3 5219
3 5228
3 5231
3 5237
3 5255
3 5258
3 5259
3 5267
3 5305
3 5307
3 5317
3 5319
3 5328
3 5334
3 5345
3 5376
3 5382
3 5384
3 5411
3 5414
3 5418
3 5419
3 5425
3 5428
3 5429
3 5434
3 5446
3 5448
3 5465
3 5468
3 5478
3 5485
3 5489
3 5490
3 5494
3 5502
3 5515
3 5529
3 5562
3 5569
3 5581
3 5582
3 5589
3 5591
3 5595
3 5610
3 5619
3 5641
3 5648
3 5649
3 5660
3 5666
3 5667
3 5693
3 5702
3 5724
3 5726
3 5733
3 5746
3 5751
3 5759
3 5760
3 5773
3 5776
3 5779
3 5781
3 5788
3 5792
3 5799
3 5804
3 5813
3 5818
3 5820
3 5821
3 5826
3 5828
3 5854
3 5875
3 5880
3 5889
3 5893
3 5905
3 5911
3 5913
3 5922
3 5926
3 5949
3 5960
3 5963
3 5965
3 5967
3 5981
3 5984
3 5993
3 6000
3 6001
3 6015
3 6018
3 6024
3 6046
3 6084
3 6091
3 6112
3 6114
3 6115
3 6124
3 6126
3 6131
3 6137
3 6200
3 6204
3 6207
3 6210
3 6212
3 6227
3 6239
3 6244
3 6250
3 6252
3 6259
3 6267
3 6272
3 6274
3 6291
3 6292
3 6303
3 6306
3 6317
3 6333
3 6336
3 6387
3 6434
3 6442
3 6443
3 6445
3 6453
3 6465
3 6475
3 6484
3 6493
3 6498
3 6513
3 6521
3 6557
3 6578
3 6586
3 6587
3 6594
3 6599
3 6603
3 6609
3 6611
3 6612
3 6629
3 6633
3 6642
3 6659
3 6669
3 6677
3 6684
3 6689
3 6690
3 6697
3 6704
3 6706
3 6711
3 6724
3 6734
3 6766
3 6774
3 6777
3 6785
3 6788
3 6790
3 6800
3 6812
3 6814
3 6842
3 6848
3 6872
3 6873
3 6876
3 6882
3 6903
3 6912
3 6941
3 6949
3 6973
3 6975
3 6977
3 7002
3 7042
3 7044
3 7049
3 7054
3 7087
3 7092
3 7096
3 7113
3 7129
3 7156
3 7160
3 7179
3 7198
3 7205
3 7213
3 7221
3 7268
3 7302
3 7306
3 7313
3 7319
3 7321
3 7336
3 7341
3 7365
3 7378
3 7380
3 7418
3 7423
3 7426
3 7436
3 7439
3 7448
3 7465
3 7467
3 7498
3 7507
3 7527
3 7544
3 7548
3 7557
3 7559
3 7599
3 7615
3 7616
3 7623
3 7638
3 7650
3 7659
3 7666
3 7670
3 7672
3 7681
3 7682
3 7695
3 7697
3 7724
3 7732
3 7735
3 7761
3 7767
3 7770
3 7775
3 7784
3 7810
3 7817
3 7867
3 7888
3 7890
3 7893
3 7897
3 7934
3 7947
3 7950
3 7959
3 7961
3 7968
3 7971
3 7974
3 7982
3 7996
3 8004
3 8012
3 8025
3 8037
3 8042
3 8044
3 8045
3 8061
3 8063
3 8067
3 8087
3 8128
3 8141
3 8153
3 8154
3 8155
3 8165
3 8169
3 8181
3 8182
3 8185
3 8198
3 8218
3 8228
3 8235
3 8238
3 8266
3 8274
3 8276
3 8280
3 8288
3 8291
3 8296
3 8298
3 8308
3 8322
3 8324
3 8329
3 8350
3 8351
3 8364
3 8365
3 8371
3 8389
3 8412
3 8422
3 8432
3 8433
3 8435
3 8438
3 8446
3 8449
3 8491
3 8502
3 8505
3 8507
3 8519
3 8525
3 8530
3 8534
3 8546
3 8555
3 8560
3 8563
3 8566
3 8569
3 8570
3 8576
3 8590
3 8591
3 8594
3 8596
3 8609
3 8615
3 8624
3 8638
3 8645
3 8647
3 8654
3 8677
3 8691
3 8694
3 8699
3 8701
3 8715
3 8717
3 8719
3 8744
3 8766
3 8782
3 8787
3 8789
3 8817
3 8822
3 8836
3 8861
3 8868
3 8875
3 8891
3 8892
3 8896
3 8909
3 8916
3 8917
3 8919
3 8920
3 8937
3 8946
3 8958
3 8965
3 8969
3 8970
3 8974
3 8977
3 8979
3 8980
3 9001
3 9008
3 9009
3 9013
3 9014
3 9026
3 9044
3 9048
3 9049
3 9059
3 9065
3 9066
3 9068
3 9071
3 9077
3 9085
3 9086
3 9101
3 9104
3 9115
3 9116
3 9129
3 9133
3 9155
3 9162
3 9168
3 9174
3 9180
3 9183
3 9199
3 9201
3 9203
3 9213
3 9214
3 9216
3 9222
3 9227
3 9243
3 9244
3 9268
3 9279
3 9287
3 9288
3 9292
3 9296
3 9300
3 9304
3 9306
3 9317
3 9322
3 9329
3 9344
3 9347
3 9356
3 9357
3 9360
3 9369
3 9388
3 9390
3 9402
3 9405
3 9406
3 9408
3 9419
3 9429
3 9447
3 9451
3 9456
3 9461
3 9478
3 9479
3 9490
3 9538
3 9541
3 9551
3 9556
3 9584
3 9591
3 9609
3 9611
3 9620
3 9653
3 9659
3 9678
3 9684
3 9691
3 9692
3 9695
3 9700
3 9701
3 9705
3 9708
3 9710
3 9713
3 9716
3 9729
3 9744
3 9752
3 9761
3 9779
3 9783
3 9797
3 9804
3 9811
3 9826
3 9830
3 9840
3 9855
3 9888
3 9889
3 9910
3 9924
3 9928
3 9934
3 9941
3 9949
3 9963
3 9970
3 9973
3 9979
3 9981
3 9991
3 9995
3 9998
4 13
4 24
4 35
4 41
4 43
4 53
4 60
4 63
4 81
4 104
4 111
4 112
4 117
4 119
4 126
4 129
4 134
4 140
4 149
4 156
4 166
4 188
4 195
4 197
4 216
4 240
4 241
4 252
4 260
4 261
4 287
4 290
4 296
4 303
4 311
4 324
4 334
4 340
4 341
4 355
4 357
4 385
4 387
4 391
4 401
4 405
4 426
4 436
4 440
4 453
4 476
4 481
4 505
4 518
4 530
4 540
4 545
4 549
4 551
4 562
4 575
4 596
4 603
4 606
4 618
4 655
4 663
4 664
4 672
4 677
4 697
4 702
4 707
4 743
4 746
4 758
4 767
4 774
4 776
4 795
4 796
4 807
4 815
4 817
4 831
4 860
4 868
4 870
4 886
4 889
4 896
4 907
4 909
4 910
4 917
4 921
4 927
4 931
4 934
4 945
4 977
4 990
4 992
4 1014
4 1017
4 1019
4 1028
4 1040
4 1056
4 1058
4 1071
4 1073
4 1080
4 1095
4 1096
4 1112
4 1113
4 1119
4 1132
4 1134
4 1135
4 1145
4 1149
4 1167
4 1172
4 1173
4 1177
4 1181
4 1184
4 1205
4 1216
4 1224
4 1229
4 1232
4 1237
4 1267
4 1275
4 1276
4 1291
4 1292
4 1302
4 1305
4 1306
4 1312
4 1317
4 1329
4 1339
4 1345
4 1346
4 1356
4 1374
4 1395
4 1399
4 1422
4 1427
4 1436
4 1467
4 1471
4 1482
4 1486
4 1511
4 1525
4 1526
4 1538
4 1540
4 1542
4 1543
4 1547
4 1548
4 1552
4 1560
4 1571
4 1600
4 1611
4 1622
4 1628
4 1629
4 1631
4 1636
4 1638
4 1653
4 1657
4 1665
4 1670
4 1708
4 1720
4 1729
4 1739
4 1751
4 1793
4 1794
4 1797
4 1830
4 1836
4 1845
4 1846
4 1853
4 1864
4 1892
4 1905
4 1912
4 1923
4 1942
4 1943
4 1966
4 1974
4 1981
4 1991
4 2016
4 2040
4 2050
4 2059
4 2061
4 2069
4 2074
4 2075
4 2080
4 2100
4 2102
4 2106
4 2112
4 2119
4 2126
4 2135
4 2146
4 2156
4 2163
4 2168
4 2183
4 2187
4 2201
4 2202
4 2215
4 2221
4 2235
4 2245
4 2278
4 2286
4 2287
4 2292
4 2299
4 2303
4 2319
4 2345
4 2346
4 2359
4 2367
4 2381
4 2387
4 2423
4 2429
4 2433
4 2442
4 2443
4 2446
4 2463
4 2488
4 2507
4 2513
4 2514
4 2517
4 2519
4 2540
4 2548
4 2553
4 2578
4 2583
4 2584
4 2592
4 2616
4 2619
4 2629
4 2630
4 2636
4 2637
4 2639
4 2647
4 2657
4 2678
4 2691
4 2698
4 2718
4 2723
4 2727
4 2731
4 2732
4 2734
4 2737
4 2740
4 2742
4 2758
4 2768
4 2780
4 2785
4 2796
4 2802
4 2805
4 2816
4 2819
4 2821
4 2827
4 2828
4 2839
4 2845
4 2860
4 2868
4 2875
4 2886
4 2909
4 2921
4 2942
4 2943
4 2955
4 2964
4 2968
4 2973
4 2979
4 3010
4 3022
4 3023
4 3029
4 3044
4 3051
4 3064
4 3078
4 3089
4 3093
4 3095
4 3101
4 3104
4 3134
4 3135
4 3146
4 3149
4 3152
4 3162
4 3176
4 3179
4 3183
4 3195
4 3203
4 3234
4 3255
4 3264
4 3270
4 3282
4 3286
4 3290
4 3295
4 3330
4 3343
4 3344
4 3346
4 3349
4 3355
4 3368
4 3370
4 3390
4 3392
4 3403
4 3418
4 3424
4 3442
4 3446
4 3451
4 3485
4 3494
4 3506
4 3540
4 3557
4 3560
4 3563
4 3574
4 3585
4 3587
4 3590
4 3595
4 3613
4 3624
4 3625
4 3628
4 3649
4 3652
4 3666
4 3684
4 3686
4 3697
4 3706
4 3712
4 3716
4 3717
4 3722
4 3730
4 3731
4 3734
4 3744
4 3746
4 3764
4 3770
4 3779
4 3787
4 3789
4 3791
4 3806
4 3815
4 3828
4 3830
4 3833
4 3875
4 3879
4 3920
4 3940
4 3948
4 3965
4 3969
4 3975
4 3984
4 3985
4 3996
4 4007
4 4009
4 4014
4 4024
4 4050
4 4062
4 4064
4 4078
4 4079
4 4087
4 4091
4 4121
4 4134
4 4141
4 4147
4 4153
4 4174
4 4181
4 4183
4 4185
4 4193
4 4238
4 4249
4 4268
4 4273
4 4277
4 4281
4 4299
4 4323
4 4327
4 4329
4 4332
4 4339
4 4353
4 4377
4 4380
4 4388
4 4390
4 4418
4 4424
4 4454
4 4504
4 4517
4 4525
4 4547
4 4564
4 4578
4 4579
4 4588
4 4597
4 4624
4 4627
4 4659
4 4681
4 4682
4 4692
4 4704
4 4734
4 4752
4 4762
4 4778
4 4791
4 4805
4 4824
4 4846
4 4848
4 4866
4 4890
4 4919
4 4922
4 4939
4 4951
4 4954
4 4966
4 4985
4 4997
4 5060
4 5065
4 5085
4 5112
4 5115
4 5119
4 5130
4 5148
4 5183
4 5186
4 5187
4 5193
4 5196
4 5234
4 5235
4 5238
4 5246
4 5251
4 5262
4 5268
4 5272
4 5297
4 5308
4 5311
4 5318
4 5324
4 5327
4 5339
4 5352
4 5356
4 5370
4 5371
4 5401
4 5409
4 5416
4 5431
4 5443
4 5458
4 5472
4 5480
4 5498
4 5507
4 5512
4 5535
4 5544
4 5546
4 5548
4 5557
4 5564
4 5566
4 5573
4 5580
4 5583
4 5605
4 5621
4 5626
4 5637
4 5674
4 5691
4 5697
4 5700
4 5707
4 5708
4 5725
4 5730
4 5752
4 5756
4 5764
4 5774
4 5782
4 5786
4 5789
4 5790
4 5791
4 5794
4 5811
4 5814
4 5815
4 5816
4 5857
4 5885
4 5886
4 5895
4 5910
4 5916
4 5918
4 5920
4 5923
4 5937
4 5955
4 5962
4 5964
4 5970
4 5985
4 5991
4 6006
4 6017
4 6028
4 6038
4 6071
4 6092
4 6094
4 6098
4 6102
4 6108
4 6120
4 6122
4 6144
4 6145
4 6167
4 6183
4 6201
4 6205
4 6228
4 6230
4 6232
4 6236
4 6253
4 6263
4 6281
4 6287
4 6302
4 6321
4 6322
4 6327
4 6331
4 6357
4 6359
4 6391
4 6398
4 6399
4 6416
4 6452
4 6469
4 6472
4 6491
4 6492
4 6506
4 6522
4 6523
4 6524
4 6527
4 6531
4 6543
4 6550
4 6555
4 6568
4 6572
4 6592
4 6615
4 6651
4 6656
4 6668
4 6681
4 6699
4 6703
4 6708
4 6710
4 6756
4 6759
4 6769
4 6809
4 6824
4 6829
4 6831
4 6833
4 6839
4 6862
4 6865
4 6866
4 6869
4 6870
4 6877
4 6878
4 6880
4 6887
4 6889
4 6893
4 6894
4 6899
4 6902
4 6923
4 6946
4 6958
4 6995
4 6998
4 6999
4 7006
4 7010
4 7029
4 7031
4 7039
4 7063
4 7068
4 7070
4 7083
4 7095
4 7104
4 7107
4 7108
4 7118
4 7123
4 7132
4 7152
4 7154
4 7157
4 7159
4 7164
4 7165
4 7171
4 7178
4 7194
4 7208
4 7234
4 7244
4 7260
4 7265
4 7275
4 7300
4 7305
4 7311
4 7317
4 7331
4 7337
4 7339
4 7352
4 7354
4 7355
4 7358
4 7381
4 7400
4 7409
4 7410
4 7414
4 7434
4 7441
4 7444
4 7449
4 7456
4 7459
4 7475
4 7490
4 7499
4 7501
4 7506
4 7530
4 7545
4 7550
4 7552
4 7555
4 7556
4 7558
4 7570
4 7572
4 7584
4 7587
4 7598
4 7611
4 7612
4 7613
4 7614
4 7643
4 7644
4 7648
4 7653
4 7719
4 7757
4 7762
4 7772
4 7776
4 7777
4 7781
4 7794
4 7798
4 7833
4 7849
4 7852
4 7857
4 7860
4 7861
4 7877
4 7885
4 7886
4 7892
4 7902
4 7908
4 7933
4 7935
4 7940
4 7951
4 7962
4 7967
4 7972
4 7990
4 7997
4 8001
4 8017
4 8026
4 8027
4 8028
4 8055
4 8066
4 8091
4 8102
4 8105
4 8107
4 8119
4 8123
4 8125
4 8129
4 8131
4 8135
4 8136
4 8142
4 8149
4 8164
4 8173
4 8176
4 8177
4 8184
4 8189
4 8197
4 8227
4 8229
4 8246
4 8249
4 8256
4 8281
4 8284
4 8300
4 8311
4 8316
4 8317
4 8337
4 8339
4 8343
4 8346
4 8348
4 8359
4 8362
4 8366
4 8370
4 8380
4 8381
4 8382
4 8394
4 8400
4 8415
4 8424
4 8434
4 8439
4 8444
4 8450
4 8459
4 8465
4 8469
4 8482
4 8484
4 8487
4 8501
4 8513
4 8514
4 8552
4 8553
4 8561
4 8583
4 8585
4 8604
4 8610
4 8623
4 8629
4 8648
4 8679
4 8685
4 8687
4 8697
4 8721
4 8728
4 8732
4 8738
4 8745
4 8746
4 8750
4 8771
4 8777
4 8783
4 8807
4 8812
4 8813
4 8816
4 8818
4 8827
4 8832
4 8846
4 8885
4 8887
4 8888
4 8901
4 8910
4 8922
4 8923
4 8941
4 8949
4 8956
4 8989
4 8990
4 9003
4 9015
4 9019
4 9027
4 9028
4 9032
4 9052
4 9061
4 9097
4 9107
4 9134
4 9143
4 9146
4 9147
4 9175
4 9176
4 9186
4 9189
4 9191
4 9206
4 9207
4 9209
4 9229
4 9250
4 9254
4 9262
4 9263
4 9299
4 9309
4 9319
4 9324
4 9326
4 9327
4 9333
4 9361
4 9378
4 9387
4 9395
4 9409
4 9412
4 9415
4 9428
4 9438
4 9453
4 9487
4 9488
4 9502
4 9506
4 9519
4 9534
4 9537
4 9543
4 9555
4 9565
4 9569
4 9574
4 9610
4 9613
4 9617
4 9619
4 9646
4 9657
4 9660
4 9703
4 9720
4 9725
4 9734
4 9753
4 9758
4 9762
4 9773
4 9775
4 9795
4 9800
4 9803
4 9814
4 9818
4 9820
4 9827
4 9860
4 9884
4 9886
4 9895
4 9896
4 9904
4 9915
4 9916
4 9935
4 9952
4 9956
4 9984
4 9990
5 10
5 30
5 58
5 62
5 66
5 68
5 75
5 83
5 113
5 120
5 136
5 142
5 144
5 146
5 162
5 167
5 171
5 175
5 180
5 199
5 200
5 219
5 232
5 237
5 250
5 256
5 270
5 279
5 285
5 291
5 295
5 315
5 322
5 326
5 339
5 342
5 351
5 376
5 403
5 407
5 409
5 417
5 423
5 429
5 439
5 447
5 465
5 470
5 477
5 488
5 500
5 503
5 511
5 526
5 531
5 542
5 543
5 555
5 557
5 558
5 563
5 564
5 578
5 580
5 591
5 592
5 595
5 602
5 617
5 623
5 635
5 640
5 641
5 644
5 654
5 690
5 691
5 713
5 720
5 724
5 727
5 736
5 738
5 741
5 744
5 752
5 754
5 777
5 785
5 846
5 849
5 872
5 875
5 876
5 888
5 950
5 954
5 962
5 967
5 981
5 988
5 1023
5 1033
5 1036
5 1050
5 1053
5 1063
5 1064
5 1070
5 1076
5 1084
5 1097
5 1124
5 1129
5 1139
5 1155
5 1166
5 1179
5 1186
5 1201
5 1212
5 1227
5 1230
5 1231
5 1245
5 1247
5 1250
5 1254
5 1260
5 1288
5 1289
5 1295
5 1323
5 1343
5 1349
5 1360
5 1361
5 1366
5 1367
5 1370
5 1381
5 1391
5 1398
5 1418
5 1428
5 1437
5 1449
5 1475
5 1485
5 1493
5 1505
5 1509
5 1516
5 1517
5 1536
5 1545
5 1553
5 1557
5 1559
5 1562
5 1565
5 1591
5 1592
5 1612
5 1615
5 1633
5 1637
5 1661
5 1672
5 1675
5 1678
5 1695
5 1716
5 1718
5 1722
5 1733
5 1749
5 1755
5 1776
5 1782
5 1786
5 1787
5 1800
5 1832
5 1848
5 1855
5 1868
5 1869
5 1880
5 1888
5 1920
5 1950
5 1958
5 1965
5 1972
5 1975
5 1998
5 1999
5 2007
5 2031
5 2063
5 2070
5 2071
5 2090
5 2133
5 2170
5 2179
5 2180
5 2184
5 2194
5 2196
5 2205
5 2211
5 2223
5 2224
5 2234
5 2242
5 2256
5 2257
5 2258
5 2261
5 2274
5 2282
5 2293
5 2300
5 2306
5 2323
5 2326
5 2328
5 2331
5 2335
5 2357
5 2374
5 2378
5 2392
5 2396
5 2402
5 2403
5 2409
5 2419
5 2434
5 2435
5 2438
5 2440
5 2464
5 2468
5 2475
5 2480
5 2491
5 2493
5 2529
5 2533
5 2545
5 2558
5 2572
5 2577
5 2582
5 2591
5 2599
5 2601
5 2604
5 2627
5 2628
5 2651
5 2658
5 2679
5 2706
5 2708
5 2719
5 2725
5 2743
5 2753
5 2760
5 2781
5 2789
5 2856
5 2857
5 2863
5 2885
5 2892
5 2899
5 2900
5 2902
5 2905
5 2912
5 2914
5 2931
5 2945
5 2974
5 2995
5 2999
5 3001
5 3014
5 3026
5 3033
5 3038
5 3043
5 3054
5 3055
5 3067
5 3068
5 3073
5 3083
5 3085
5 3112
5 3128
5 3132
5 3148
5 3164
5 3188
5 3201
5 3216
5 3226
5 3228
5 3238
5 3269
5 3275
5 3284
5 3289
5 3291
5 3296
5 3311
5 3313
5 3326
5 3332
5 3335
5 3345
5 3347
5 3350
5 3359
5 3381
5 3385
5 3395
5 3400
5 3415
5 3420
5 3431
5 3440
5 3453
5 3467
5 3480
5 3503
5 3504
5 3515
5 3531
5 3535
5 3565
5 3569
5 3576
5 3584
5 3594
5 3602
5 3605
5 3615
5 3635
5 3639
5 3651
5 3658
5 3661
5 3689
5 3692
5 3698
5 3704
5 3707
5 3718
5 3723
5 3735
5 3739
5 3742
5 3747
5 3750
5 3757
5 3766
5 3780
5 3783
5 3838
5 3845
5 3848
5 3854
5 3861
5 3864
5 3873
5 3892
5 3901
5 3917
5 3927
5 3933
5 3936
5 3938
5 3947
5 3954
5 3994
5 3995
5 4001
5 4005
5 4034
5 4039
5 4043
5 4054
5 4056
5 4058
5 4077
5 4081
5 4089
5 4106
5 4108
5 4114
5 4142
5 4150
5 4199
5 4202
5 4206
5 4223
5 4231
5 4243
5 4287
5 4291
5 4301
5 4309
5 4315
5 4330
5 4340
5 4354
5 4357
5 4359
5 4374
5 4385
5 4389
5 4391
5 4393
5 4395
5 4419
5 4425
5 4426
5 4440
5 4442
5 4451
5 4452
5 4475
5 4478
5 4479
5 4497
5 4505
5 4524
5 4553
5 4581
5 4583
5 4596
5 4605
5 4610
5 4636
5 4645
5 4656
5 4661
5 4671
5 4675
5 4676
5 4686
5 4710
5 4716
5 4718
5 4722
5 4727
5 4729
5 4730
5 4733
5 4777
5 4780
5 4794
5 4800
5 4825
5 4838
5 4847
5 4860
5 4889
5 4892
5 4899
5 4908
5 4935
5 4956
5 4967
5 4977
5 4980
5 4989
5 5000
5 5006
5 5009
5 5011
5 5012
5 5014
5 5016
5 5019
5 5021
5 5024
5 5027
5 5028
5 5033
5 5057
5 5063
5 5080
5 5091
5 5093
5 5097
5 5103
5 5107
5 5110
5 5126
5 5156
5 5162
5 5171
5 5182
5 5203
5 5212
5 5215
5 5216
5 5224
5 5249
5 5271
5 5294
5 5315
5 5338
5 5340
5 5351
5 5357
5 5372
5 5380
5 5386
5 5389
5 5396
5 5399
5 5403
5 5427
5 5430
5 5438
5 5441
5 5449
5 5466
5 5483
5 5505
5 5509
5 5517
5 5518
5 5526
5 5539
5 5553
5 5558
5 5565
5 5577
5 5597
5 5609
5 5614
5 5618
5 5620
5 5668
5 5670
5 5671
5 5680
5 5682
5 5687
5 5705
5 5706
5 5710
5 5711
5 5713
5 5727
5 5744
5 5750
5 5767
5 5796
5 5798
5 5803
5 5817
5 5839
5 5842
5 5844
5 5849
5 5851
5 5870
5 5878
5 5879
5 5882
5 5900
5 5930
5 5938
5 5968
5 5977
5 5978
5 5980
5 6014
5 6023
5 6027
5 6034
5 6035
5 6037
5 6045
5 6057
5 6061
5 6068
5 6069
5 6081
5 6110
5 6143
5 6146
5 6150
5 6154
5 6157
5 6158
5 6173
5 6175
5 6178
5 6192
5 6193
5 6219
5 6220
5 6225
5 6242
5 6248
5 6265
5 6271
5 6308
5 6312
5 6326
5 6334
5 6339
5 6341
5 6345
5 6358
5 6368
5 6373
5 6386
5 6405
5 6410
5 6415
5 6417
5 6418
5 6421
5 6428
5 6429
5 6435
5 6446
5 6458
5 6489
5 6525
5 6532
5 6533
5 6558
5 6564
5 6574
5 6600
5 6602
5 6610
5 6631
5 6634
5 6660
5 6664
5 6674
5 6686
5 6719
5 6738
5 6742
5 6753
5 6773
5 6805
5 6818
5 6832
5 6845
5 6846
5 6854
5 6871
5 6885
5 6890
5 6901
5 6910
5 6911
5 6916
5 6917
5 6918
5 6928
5 6945
5 6954
5 6966
5 6969
5 6982
5 6986
5 6997
5 7001
5 7009
5 7015
5 7021
5 7025
5 7036
5 7047
5 7050
5 7056
5 7057
5 7066
5 7071
5 7075
5 7085
5 7088
5 7090
5 7099
5 7100
5 7102
5 7106
5 7125
5 7130
5 7133
5 7134
5 7136
5 7148
5 7174
5 7176
5 7186
5 7211
5 7223
5 7225
5 7227
5 7232
5 7262
5 7263
5 7264
5 7290
5 7292
5 7294
5 7295
5 7301
5 7304
5 7316
5 7320
5 7325
5 7330
5 7332
5 7340
5 7344
5 7353
5 7356
5 7372
5 7377
5 7384
5 7389
5 7393
5 7406
5 7412
5 7428
5 7432
5 7438
5 7451
5 7455
5 7472
5 7480
5 7483
5 7502
5 7504
5 7509
5 7510
5 7517
5 7523
5 7534
5 7535
5 7538
5 7540
5 7541
5 7542
5 7546
5 7551
5 7554
5 7576
5 7578
5 7595
5 7606
5 7651
5 7658
5 7663
5 7677
5 7680
5 7683
5 7687
5 7701
5 7707
5 7720
5 7727
5 7740
5 7741
5 7742
5 7744
5 7750
5 7765
5 7771
5 7803
5 7809
5 7814
5 7825
5 7834
5 7836
5 7842
5 7862
5 7876
5 7878
5 7896
5 7901
5 7927
5 7932
5 7937
5 7942
5 7943
5 7952
5 7966
5 7983
5 7986
5 7987
5 8006
5 8043
5 8071
5 8078
5 8092
5 8100
5 8101
5 8127
5 8145
5 8147
5 8166
5 8172
5 8179
5 8190
5 8202
5 8206
5 8220
5 8239
5 8247
5 8269
5 8272
5 8277
5 8283
5 8292
5 8304
5 8320
5 8325
5 8327
5 8355
5 8367
5 8369
5 8376
5 8379
5 8387
5 8414
5 8416
5 8417
5 8419
5 8423
5 8437
5 8458
5 8483
5 8488
5 8490
5 8496
5 8497
5 8535
5 8536
5 8541
5 8556
5 8562
5 8567
5 8578
5 8597
5 8607
5 8611
5 8613
5 8616
5 8619
5 8622
5 8626
5 8630
5 8650
5 8662
5 8675
5 8690
5 8692
5 8695
5 8707
5 8711
5 8724
5 8730
5 8731
5 8737
5 8741
5 8742
5 8769
5 8773
5 8780
5 8781
5 8798
5 8825
5 8860
5 8893
5 8895
5 8908
5 8913
5 8927
5 8935
5 8938
5 8945
5 8948
5 8951
5 8952
5 8960
5 8967
5 8968
5 8978
5 8983
5 8991
5 8998
5 9030
5 9040
5 9041
5 9053
5 9076
5 9092
5 9098
5 9102
5 9137
5 9138
5 9142
5 9145
5 9159
5 9171
5 9177
5 9185
5 9195
5 9236
5 9240
5 9241
5 9248
5 9251
5 9259
5 9271
5 9274
5 9277
5 9280
5 9281
5 9297
5 9302
5 9307
5 9312
5 9331
5 9336
5 9339
5 9352
5 9354
5 9359
5 9391
5 9397
5 9403
5 9414
5 9416
5 9422
5 9440
5 9473
5 9494
5 9498
5 9517
5 9536
5 9540
5 9546
5 9550
5 9554
5 9561
5 9566
5 9570
5 9571
5 9579
5 9580
5 9605
5 9625
5 9627
5 9634
5 9636
5 9638
5 9651
5 9658
5 9661
5 9670
5 9672
5 9714
5 9735
5 9738
5 9743
5 9765
5 9767
5 9772
5 9808
5 9810
5 9815
5 9823
5 9846
5 9856
5 9858
5 9863
5 9874
5 9883
5 9893
5 9913
5 9925
5 9933
5 9939
5 9951
5 9957
5 9958
5 9959
5 9962
5 9978
5 9980
6 8
6 9
6 15
6 47
6 67
6 74
6 78
6 86
6 88
6 89
6 90
6 92
6 105
6 108
6 115
6 122
6 123
6 124
6 143
6 148
6 160
6 168
6 173
6 184
6 210
6 212
6 248
6 253
6 258
6 262
6 300
6 301
6 321
6 332
6 361
6 366
6 367
6 368
6 371
6 380
6 402
6 421
6 424
6 428
6 434
6 443
6 455
6 459
6 471
6 486
6 497
6 498
6 510
6 514
6 519
6 533
6 544
6 559
6 573
6 574
6 582
6 585
6 587
6 593
6 594
6 597
6 599
6 601
6 604
6 605
6 609
6 616
6 620
6 636
6 638
6 648
6 650
6 651
6 656
6 658
6 673
6 675
6 679
6 682
6 686
6 688
6 706
6 711
6 728
6 734
6 747
6 755
6 769
6 789
6 804
6 805
6 809
6 816
6 818
6 823
6 854
6 858
6 879
6 908
6 911
6 912
6 922
6 938
6 941
6 944
6 947
6 952
6 956
6 959
6 964
6 971
6 978
6 980
6 1015
6 1021
6 1031
6 1051
6 1055
6 1061
6 1068
6 1074
6 1088
6 1103
6 1125
6 1131
6 1147
6 1150
6 1168
6 1183
6 1198
6 1199
6 1213
6 1218
6 1221
6 1244
6 1259
6 1266
6 1278
6 1303
6 1308
6 1311
6 1327
6 1341
6 1344
6 1376
6 1382
6 1401
6 1405
6 1417
6 1480
6 1487
6 1537
6 1563
6 1564
6 1568
6 1574
6 1576
6 1586
6 1617
6 1644
6 1645
6 1648
6 1650
6 1654
6 1663
6 1668
6 1676
6 1682
6 1683
6 1691
6 1701
6 1713
6 1715
6 1724
6 1738
6 1743
6 1763
6 1764
6 1783
6 1785
6 1790
6 1795
6 1807
6 1809
6 1816
6 1818
6 1822
6 1828
6 1834
6 1856
6 1862
6 1866
6 1876
6 1882
6 1915
6 1922
6 1925
6 1928
6 1944
6 1945
6 1976
6 1983
6 2005
6 2006
6 2008
6 2023
6 2030
6 2043
6 2057
6 2081
6 2107
6 2130
6 2132
6 2203
6 2214
6 2216
6 2218
6 2228
6 2229
6 2259
6 2268
6 2270
6 2304
6 2312
6 2333
6 2342
6 2344
6 2353
6 2356
6 2365
6 2370
6 2376
6 2377
6 2418
6 2430
6 2452
6 2461
6 2465
6 2467
6 2469
6 2471
6 2473
6 2474
6 2483
6 2501
6 2502
6 2508
6 2527
6 2546
6 2552
6 2563
6 2568
6 2570
6 2593
6 2594
6 2598
6 2610
6 2613
6 2618
6 2631
6 2634
6 2664
6 2668
6 2669
6 2675
6 2680
6 2683
6 2684
6 2697
6 2707
6 2722
6 2744
6 2752
6 2786
6 2792
6 2849
6 2850
6 2853
6 2859
6 2867
6 2871
6 2874
6 2894
6 2895
6 2907
6 2915
6 2929
6 2938
6 2946
6 2957
6 2969
6 2986
6 2994
6 3015
6 3040
6 3049
6 3052
6 3056
6 3082
6 3084
6 3097
6 3099
6 3100
6 3109
6 3111
6 3113
6 3124
6 3126
6 3163
6 3175
6 3189
6 3191
6 3199
6 3204
6 3227
6 3249
6 3252
6 3260
6 3262
6 3266
6 3283
6 3320
6 3331
6 3339
6 3340
6 3353
6 3356
6 3362
6 3374
6 3377
6 3383
6 3388
6 3401
6 3409
6 3411
6 3412
6 3426
6 3429
6 3445
6 3457
6 3458
6 3476
6 3487
6 3495
6 3496
6 3501
6 3513
6 3525
6 3541
6 3542
6 3547
6 3549
6 3550
6 3553
6 3586
6 3593
6 3603
6 3604
6 3619
6 3621
6 3631
6 3637
6 3638
6 3641
6 3645
6 3656
6 3657
6 3659
6 3670
6 3678
6 3693
6 3711
6 3713
6 3714
6 3749
6 3751
6 3755
6 3767
6 3772
6 3778
6 3781
6 3784
6 3786
6 3799
6 3813
6 3818
6 3819
6 3820
6 3823
6 3832
6 3835
6 3846
6 3869
6 3872
6 3876
6 3895
6 3896
6 3912
6 3925
6 3930
6 3931
6 3935
6 3941
6 3950
6 3957
6 3972
6 3977
6 3980
6 4016
6 4031
6 4035
6 4048
6 4051
6 4069
6 4070
6 4074
6 4093
6 4101
6 4104
6 4113
6 4125
6 4128
6 4139
6 4176
6 4195
6 4197
6 4200
6 4205
6 4232
6 4246
6 4248
6 4265
6 4269
6 4285
6 4290
6 4294
6 4304
6 4312
6 4321
6 4334
6 4341
6 4343
6 4352
6 4355
6 4362
6 4365
6 4387
6 4423
6 4436
6 4446
6 4450
6 4460
6 4480
6 4486
6 4506
6 4511
6 4515
6 4529
6 4532
6 4539
6 4544
6 4555
6 4562
6 4575
6 4602
6 4609
6 4611
6 4618
6 4620
6 4623
6 4637
6 4695
6 4708
6 4717
6 4757
6 4758
6 4770
6 4771
6 4779
6 4787
6 4799
6 4804
6 4814
6 4821
6 4850
6 4858
6 4862
6 4863
6 4876
6 4887
6 4891
6 4894
6 4896
6 4897
6 4912
6 4913
6 4927
6 4945
6 4972
6 4976
6 4978
6 4981
6 4987
6 4998
6 4999
6 5015
6 5020
6 5031
6 5034
6 5043
6 5045
6 5048
6 5058
6 5075
6 5082
6 5099
6 5100
6 5105
6 5108
6 5125
6 5133
6 5142
6 5152
6 5153
6 5157
6 5158
6 5185
6 5194
6 5205
6 5206
6 5208
6 5214
6 5230
6 5239
6 5240
6 5242
6 5252
6 5293
6 5301
6 5309
6 5312
6 5320
6 5350
6 5353
6 5364
6 5392
6 5393
6 5402
6 5424
6 5437
6 5455
6 5456
6 5459
6 5481
6 5488
6 5496
6 5516
6 5528
6 5530
6 5537
6 5556
6 5559
6 5563
6 5570
6 5576
6 5584
6 5596
6 5599
6 5602
6 5606
6 5607
6 5611
6 5612
6 5628
6 5643
6 5650
6 5653
6 5654
6 5681
6 5683
6 5685
6 5722
6 5732
6 5734
6 5735
6 5739
6 5742
6 5743
6 5747
6 5784
6 5800
6 5802
6 5819
6 5822
6 5835
6 5838
6 5847
6 5862
6 5888
6 5898
6 5912
6 5921
6 5929
6 5931
6 5966
6 5972
6 5990
6 5998
6 6004
6 6020
6 6042
6 6048
6 6051
6 6058
6 6065
6 6082
6 6083
6 6085
6 6100
6 6109
6 6119
6 6123
6 6133
6 6135
6 6149
6 6156
6 6196
6 6217
6 6222
6 6245
6 6255
6 6258
6 6260
6 6280
6 6284
6 6315
6 6323
6 6351
6 6354
6 6360
6 6366
6 6370
6 6371
6 6379
6 6382
6 6400
6 6403
6 6412
6 6425
6 6441
6 6448
6 6454
6 6464
6 6470
6 6518
6 6552
6 6560
6 6567
6 6583
6 6595
6 6625
6 6627
6 6635
6 6641
6 6687
6 6712
6 6715
6 6716
6 6717
6 6741
6 6743
6 6745
6 6763
6 6779
6 6792
6 6796
6 6798
6 6807
6 6836
6 6843
6 6849
6 6857
6 6914
6 6931
6 6932
6 6936
6 6940
6 6944
6 6950
6 6959
6 6968
6 6971
6 6972
6 6987
6 6990
6 7012
6 7013
6 7016
6 7020
6 7022
6 7023
6 7026
6 7041
6 7061
6 7067
6 7069
6 7072
6 7073
6 7079
6 7091
6 7109
6 7110
6 7117
6 7121
6 7127
6 7128
6 7135
6 7137
6 7138
6 7141
6 7146
6 7149
6 7158
6 7167
6 7173
6 7177
6 7184
6 7189
6 7215
6 7217
6 7248
6 7267
6 7279
6 7287
6 7293
6 7324
6 7346
6 7348
6 7350
6 7357
6 7359
6 7360
6 7366
6 7370
6 7399
6 7411
6 7413
6 7433
6 7453
6 7460
6 7477
6 7479
6 7482
6 7497
6 7525
6 7547
6 7567
6 7580
6 7581
6 7593
6 7597
6 7617
6 7619
6 7626
6 7629
6 7635
6 7639
6 7647
6 7657
6 7667
6 7668
6 7669
6 7688
6 7691
6 7696
6 7702
6 7734
6 7752
6 7791
6 7802
6 7812
6 7815
6 7821
6 7823
6 7832
6 7855
6 7866
6 7871
6 7880
6 7882
6 7883
6 7889
6 7898
6 7917
6 7921
6 7936
6 7946
6 7949
6 7958
6 7964
6 7969
6 7991
6 7994
6 8003
6 8010
6 8022
6 8032
6 8033
6 8036
6 8047
6 8065
6 8070
6 8075
6 8083
6 8090
6 8096
6 8111
6 8113
6 8116
6 8137
6 8158
6 8168
6 8170
6 8187
6 8188
6 8195
6 8208
6 8213
6 8214
6 8221
6 8222
6 8225
6 8226
6 8234
6 8258
6 8297
6 8315
6 8328
6 8333
6 8334
6 8353
6 8391
6 8426
6 8431
6 8452
6 8467
6 8468
6 8471
6 8472
6 8474
6 8477
6 8481
6 8516
6 8543
6 8549
6 8554
6 8559
6 8564
6 8575
6 8579
6 8598
6 8614
6 8617
6 8625
6 8627
6 8635
6 8656
6 8659
6 8660
6 8672
6 8680
6 8686
6 8696
6 8747
6 8752
6 8774
6 8784
6 8786
6 8793
6 8810
6 8811
6 8828
6 8829
6 8835
6 8851
6 8853
6 8858
6 8862
6 8876
6 8889
6 8911
6 8912
6 8928
6 8931
6 8936
6 8963
6 8971
6 8976
6 8986
6 9000
6 9005
6 9024
6 9036
6 9038
6 9043
6 9055
6 9057
6 9064
6 9074
6 9079
6 9082
6 9084
6 9096
6 9119
6 9122
6 9125
6 9126
6 9128
6 9132
6 9135
6 9136
6 9161
6 9165
6 9170
6 9172
6 9179
6 9190
6 9197
6 9200
6 9205
6 9211
6 9246
6 9266
6 9284
6 9290
6 9298
6 9303
6 9314
6 9318
6 9337
6 9340
6 9358
6 9363
6 9374
6 9407
6 9413
6 9446
6 9449
6 9503
6 9511
6 9522
6 9523
6 9526
6 9528
6 9529
6 9530
6 9531
6 9548
6 9559
6 9562
6 9583
6 9585
6 9589
6 9607
6 9623
6 9624
6 9635
6 9656
6 9671
6 9687
6 9709
6 9712
6 9728
6 9732
6 9739
6 9778
6 9789
6 9798
6 9833
6 9834
6 9842
6 9875
6 9878
6 9879
6 9894
6 9903
6 9929
6 9930
6 9948
7 36
7 37
7 51
7 71
7 82
7 101
7 103
7 139
7 150
7 152
7 174
7 218
7 234
7 247
7 268
7 273
7 280
7 305
7 309
7 325
7 328
7 345
7 360
7 378
7 381
7 382
7 390
7 400
7 404
7 411
7 419
7 442
7 446
7 448
7 450
7 457
7 458
7 464
7 472
7 475
7 484
7 495
7 507
7 522
7 536
7 554
7 556
7 569
7 571
7 583
7 588
7 615
7 659
7 667
7 668
7 670
7 671
7 692
7 695
7 698
7 715
7 716
7 717
7 735
7 750
7 778
7 812
7 814
7 825
7 859
7 887
7 890
7 895
7 903
7 920
7 925
7 942
7 943
7 949
7 953
7 963
7 965
7 972
7 973
7 974
7 975
7 983
7 986
7 1004
7 1010
7 1020
7 1035
7 1038
7 1044
7 1052
7 1060
7 1078
7 1091
7 1104
7 1111
7 1115
7 1118
7 1127
7 1130
7 1141
7 1161
7 1164
7 1175
7 1228
7 1235
7 1240
7 1255
7 1271
7 1280
7 1283
7 1284
7 1294
7 1309
7 1315
7 1318
7 1336
7 1337
7 1347
7 1352
7 1359
7 1365
7 1388
7 1403
7 1404
7 1406
7 1414
7 1420
7 1421
7 1433
7 1435
7 1439
7 1443
7 1444
7 1463
7 1464
7 1468
7 1474
7 1481
7 1483
7 1498
7 1500
7 1512
7 1513
7 1528
7 1544
7 1551
7 1554
7 1577
7 1583
7 1584
7 1599
7 1603
7 1614
7 1618
7 1639
7 1660
7 1662
7 1693
7 1700
7 1702
7 1704
7 1709
7 1710
7 1726
7 1727
7 1736
7 1752
7 1766
7 1768
7 1775
7 1778
7 1812
7 1815
7 1817
7 1825
7 1843
7 1850
7 1870
7 1877
7 1886
7 1889
7 1894
7 1897
7 1904
7 1907
7 1910
7 1911
7 1913
7 1914
7 1916
7 1921
7 1932
7 1948
7 1952
7 1961
7 1968
7 1985
7 1988
7 1992
7 2001
7 2011
7 2015
7 2028
7 2033
7 2036
7 2037
7 2045
7 2051
7 2053
7 2058
7 2062
7 2064
7 2068
7 2072
7 2101
7 2117
7 2134
7 2140
7 2153
7 2159
7 2174
7 2176
7 2200
7 2217
7 2230
7 2246
7 2248
7 2249
7 2269
7 2273
7 2289
7 2295
7 2305
7 2316
7 2351
7 2352
7 2362
7 2366
7 2379
7 2383
7 2406
7 2408
7 2413
7 2420
7 2428
7 2436
7 2448
7 2456
7 2462
7 2486
7 2499
7 2521
7 2528
7 2532
7 2550
7 2554
7 2575
7 2624
7 2648
7 2652
7 2673
7 2676
7 2686
7 2694
7 2702
7 2703
7 2714
7 2721
7 2728
7 2754
7 2773
7 2778
7 2806
7 2809
7 2811
7 2818
7 2820
7 2830
7 2840
7 2862
7 2864
7 2880
7 2883
7 2904
7 2906
7 2911
7 2917
7 2936
7 2939
7 2956
7 2959
7 2967
7 2975
7 2981
7 2983
7 2990
7 2996
7 2997
7 2998
7 3005
7 3008
7 3009
7 3025
7 3028
7 3035
7 3036
7 3037
7 3053
7 3057
7 3059
7 3069
7 3079
7 3096
7 3102
7 3130
7 3136
7 3139
7 3171
7 3198
7 3211
7 3213
7 3214
7 3229
7 3243
7 3247
7 3288
7 3302
7 3305
7 3306
7 3309
7 3310
7 3323
7 3329
7 3358
7 3363
7 3366
7 3373
7 3379
7 3387
7 3393
7 3398
7 3406
7 3410
7 3422
7 3432
7 3437
7 3438
7 3448
7 3469
7 3471
7 3472
7 3478
7 3481
7 3491
7 3499
7 3521
7 3534
7 3536
7 3537
7 3548
7 3573
7 3580
7 3591
7 3592
7 3599
7 3620
7 3643
7 3646
7 3660
7 3662
7 3674
7 3675
7 3677
7 3685
7 3695
7 3702
7 3703
7 3710
7 3719
7 3736
7 3758
7 3763
7 3765
7 3768
7 3776
7 3785
7 3829
7 3843
7 3851
7 3853
7 3856
7 3870
7 3874
7 3890
7 3899
7 3903
7 3907
7 3909
7 3923
7 3934
7 3944
7 3986
7 3988
7 3992
7 4022
7 4045
7 4052
7 4060
7 4066
7 4073
7 4092
7 4094
7 4100
7 4123
7 4135
7 4146
7 4158
7 4168
7 4188
7 4190
7 4196
7 4204
7 4211
7 4236
7 4260
7 4276
7 4283
7 4293
7 4296
7 4298
7 4318
7 4324
7 4348
7 4363
7 4366
7 4368
7 4371
7 4372
7 4415
7 4417
7 4429
7 4433
7 4434
7 4444
7 4453
7 4461
7 4469
7 4477
7 4494
7 4509
7 4518
7 4526
7 4537
7 4545
7 4558
7 4561
7 4563
7 4574
7 4577
7 4589
7 4591
7 4594
7 4599
7 4621
7 4635
7 4639
7 4650
7 4655
7 4664
7 4665
7 4666
7 4689
7 4732
7 4738
7 4739
7 4746
7 4753
7 4772
7 4775
7 4801
7 4802
7 4816
7 4819
7 4835
7 4841
7 4845
7 4853
7 4855
7 4857
7 4872
7 4878
7 4879
7 4886
7 4914
7 4916
7 4929
7 4946
7 4948
7 4960
7 4961
7 4962
7 4969
7 4974
7 5023
7 5049
7 5055
7 5061
7 5078
7 5114
7 5123
7 5128
7 5131
7 5132
7 5137
7 5151
7 5154
7 5169
7 5207
7 5210
7 5217
7 5243
7 5256
7 5299
7 5306
7 5323
7 5326
7 5335
7 5337
7 5341
7 5344
7 5347
7 5354
7 5360
7 5362
7 5366
7 5373
7 5381
7 5407
7 5433
7 5482
7 5491
7 5504
7 5514
7 5520
7 5523
7 5524
7 5531
7 5540
7 5592
7 5594
7 5598
7 5600
7 5603
7 5627
7 5634
7 5635
7 5652
7 5655
7 5677
7 5709
7 5740
7 5771
7 5772
7 5783
7 5805
7 5807
7 5809
7 5841
7 5852
7 5859
7 5869
7 5871
7 5890
7 5902
7 5908
7 5914
7 5915
7 5932
7 5934
7 5941
7 5946
7 5948
7 5953
7 5954
7 5956
7 5999
7 6005
7 6010
7 6021
7 6025
7 6030
7 6052
7 6066
7 6072
7 6075
7 6078
7 6089
7 6104
7 6107
7 6117
7 6128
7 6139
7 6160
7 6163
7 6165
7 6179
7 6180
7 6182
7 6187
7 6190
7 6194
7 6206
7 6218
7 6226
7 6240
7 6243
7 6269
7 6277
7 6297
7 6340
7 6343
7 6346
7 6350
7 6352
7 6355
7 6356
7 6361
7 6375
7 6383
7 6392
7 6426
7 6430
7 6433
7 6438
7 6451
7 6457
7 6461
7 6477
7 6482
7 6486
7 6494
7 6536
7 6540
7 6547
7 6551
7 6554
7 6561
7 6571
7 6576
7 6577
7 6589
7 6596
7 6597
7 6604
7 6618
7 6637
7 6648
7 6650
7 6657
7 6667
7 6670
7 6692
7 6696
7 6713
7 6718
7 6722
7 6732
7 6746
7 6747
7 6760
7 6768
7 6772
7 6776
7 6780
7 6786
7 6797
7 6806
7 6810
7 6827
7 6828
7 6837
7 6859
7 6863
7 6881
7 6905
7 6909
7 6915
7 6920
7 6924
7 6927
7 6929
7 6939
7 6942
7 6962
7 6963
7 6976
7 6981
7 6985
7 7033
7 7035
7 7045
7 7053
7 7078
7 7093
7 7097
7 7168
7 7170
7 7180
7 7199
7 7201
7 7204
7 7249
7 7253
7 7266
7 7284
7 7288
7 7309
7 7314
7 7333
7 7363
7 7374
7 7383
7 7390
7 7396
7 7404
7 7407
7 7419
7 7420
7 7422
7 7445
7 7450
7 7452
7 7463
7 7484
7 7485
7 7486
7 7518
7 7529
7 7531
7 7569
7 7571
7 7573
7 7588
7 7621
7 7622
7 7632
7 7652
7 7655
7 7664
7 7712
7 7739
7 7745
7 7758
7 7759
7 7764
7 7783
7 7793
7 7799
7 7804
7 7811
7 7813
7 7840
7 7854
7 7856
7 7865
7 7868
7 7874
7 7907
7 7910
7 7915
7 7919
7 7920
7 7975
7 7988
7 7995
7 8009
7 8013
7 8020
7 8023
7 8030
7 8051
7 8081
7 8108
7 8132
7 8143
7 8161
7 8174
7 8199
7 8201
7 8209
7 8216
7 8223
7 8230
7 8245
7 8257
7 8265
7 8289
7 8294
7 8309
7 8313
7 8314
7 8323
7 8383
7 8386
7 8388
7 8403
7 8405
7 8410
7 8420
7 8421
7 8425
7 8427
7 8428
7 8436
7 8440
7 8445
7 8451
7 8457
7 8460
7 8495
7 8498
7 8521
7 8524
7 8526
7 8531
7 8533
7 8537
7 8539
7 8545
7 8550
7 8551
7 8580
7 8582
7 8584
7 8589
7 8599
7 8601
7 8603
7 8666
7 8671
7 8676
7 8682
7 8683
7 8684
7 8689
7 8704
7 8708
7 8713
7 8725
7 8748
7 8759
7 8760
7 8765
7 8770
7 8772
7 8779
7 8785
7 8792
7 8803
7 8805
7 8814
7 8823
7 8845
7 8855
7 8859
7 8864
7 8867
7 8870
7 8879
7 8898
7 8907
7 8918
7 8921
7 8924
7 8929
7 8940
7 8950
7 8955
7 8964
7 8972
7 8981
7 8984
7 8992
7 9002
7 9016
7 9022
7 9029
7 9034
7 9062
7 9067
7 9081
7 9089
7 9093
7 9099
7 9108
7 9110
7 9118
7 9127
7 9141
7 9218
7 9223
7 9232
7 9234
7 9238
7 9242
7 9247
7 9273
7 9276
7 9278
7 9301
7 9316
7 9343
7 9346
7 9353
7 9375
7 9376
7 9384
7 9385
7 9404
7 9417
7 9418
7 9421
7 9423
7 9431
7 9442
7 9455
7 9457
7 9464
7 9466
7 9475
7 9477
7 9483
7 9491
7 9492
7 9504
7 9505
7 9525
7 9560
7 9568
7 9592
7 9596
7 9606
7 9614
7 9629
7 9640
7 9641
7 9643
7 9644
7 9647
7 9650
7 9667
7 9669
7 9673
7 9676
7 9680
7 9681
7 9693
7 9706
7 9707
7 9731
7 9741
7 9750
7 9755
7 9764
7 9769
7 9776
7 9777
7 9788
7 9792
7 9793
7 9806
7 9821
7 9839
7 9843
7 9845
7 9857
7 9867
7 9871
7 9873
7 9882
7 9892
7 9898
7 9899
7 9932
7 9940
7 9945
7 9947
7 9953
7 9964
7 9972
7 9975
8 11
8 33
8 45
8 46
8 49
8 54
8 55
8 76
8 107
8 157
8 159
8 176
8 201
8 224
8 226
8 230
8 235
8 238
8 246
8 254
8 278
8 288
8 293
8 306
8 318
8 327
8 337
8 338
8 343
8 352
8 369
8 374
8 398
8 399
8 408
8 414
8 454
8 460
8 462
8 467
8 468
8 473
8 489
8 496
8 506
8 512
8 520
8 534
8 546
8 568
8 586
8 613
8 621
8 642
8 645
8 646
8 657
8 683
8 704
8 708
8 712
8 723
8 733
8 751
8 756
8 760
8 775
8 786
8 790
8 821
8 824
8 829
8 830
8 833
8 836
8 853
8 856
8 865
8 867
8 874
8 891
8 899
8 905
8 915
8 918
8 939
8 968
8 987
8 994
8 995
8 1007
8 1034
8 1041
8 1048
8 1054
8 1069
8 1075
8 1099
8 1102
8 1120
8 1140
8 1143
8 1151
8 1152
8 1156
8 1169
8 1189
8 1194
8 1197
8 1219
8 1226
8 1234
8 1243
8 1249
8 1257
8 1269
8 1285
8 1299
8 1321
8 1322
8 1326
8 1331
8 1335
8 1354
8 1355
8 1358
8 1371
8 1392
8 1394
8 1402
8 1407
8 1442
8 1457
8 1460
8 1461
8 1465
8 1469
8 1477
8 1488
8 1496
8 1497
8 1507
8 1530
8 1539
8 1558
8 1566
8 1587
8 1593
8 1624
8 1635
8 1647
8 1658
8 1664
8 1671
8 1680
8 1694
8 1706
8 1735
8 1737
8 1741
8 1754
8 1826
8 1833
8 1837
8 1847
8 1851
8 1857
8 1858
8 1861
8 1873
8 1874
8 1903
8 1919
8 1939
8 1940
8 1970
8 1997
8 2004
8 2010
8 2018
8 2019
8 2021
8 2044
8 2055
8 2073
8 2086
8 2087
8 2091
8 2093
8 2098
8 2105
8 2127
8 2129
8 2139
8 2142
8 2152
8 2157
8 2162
8 2166
8 2195
8 2199
8 2207
8 2243
8 2252
8 2266
8 2277
8 2309
8 2320
8 2322
8 2324
8 2338
8 2363
8 2372
8 2382
8 2384
8 2400
8 2417
8 2421
8 2424
8 2437
8 2450
8 2460
8 2479
8 2481
8 2485
8 2496
8 2510
8 2520
8 2549
8 2555
8 2566
8 2608
8 2611
8 2621
8 2632
8 2642
8 2646
8 2650
8 2656
8 2660
8 2670
8 2677
8 2685
8 2690
8 2693
8 2695
8 2705
8 2709
8 2726
8 2739
8 2755
8 2767
8 2799
8 2815
8 2817
8 2824
8 2833
8 2836
8 2847
8 2848
8 2861
8 2866
8 2893
8 2903
8 2910
8 2913
8 2922
8 2928
8 2932
8 2937
8 2941
8 2947
8 2958
8 2961
8 2962
8 2963
8 2965
8 2985
8 3012
8 3024
8 3032
8 3063
8 3066
8 3072
8 3076
8 3107
8 3117
8 3131
8 3133
8 3150
8 3153
8 3155
8 3170
8 3173
8 3177
8 3182
8 3196
8 3217
8 3222
8 3231
8 3237
8 3241
8 3242
8 3251
8 3268
8 3273
8 3276
8 3281
8 3324
8 3360
8 3375
8 3378
8 3391
8 3397
8 3405
8 3427
8 3449
8 3454
8 3463
8 3475
8 3483
8 3497
8 3510
8 3512
8 3530
8 3544
8 3554
8 3561
8 3564
8 3579
8 3583
8 3601
8 3610
8 3623
8 3632
8 3633
8 3644
8 3663
8 3665
8 3680
8 3688
8 3691
8 3726
8 3745
8 3760
8 3773
8 3796
8 3814
8 3826
8 3834
8 3842
8 3849
8 3860
8 3867
8 3885
8 3893
8 3897
8 3898
8 3914
8 3916
8 3922
8 3973
8 3976
8 3987
8 3993
8 3998
8 4006
8 4010
8 4019
8 4026
8 4027
8 4028
8 4046
8 4063
8 4065
8 4072
8 4084
8 4115
8 4120
8 4124
8 4127
8 4166
8 4189
8 4203
8 4219
8 4221
8 4222
8 4226
8 4234
8 4235
8 4253
8 4255
8 4256
8 4258
8 4259
8 4270
8 4272
8 4275
8 4311
8 4316
8 4319
8 4328
8 4344
8 4351
8 4356
8 4367
8 4373
8 4378
8 4379
8 4399
8 4401
8 4405
8 4409
8 4410
8 4413
8 4416
8 4437
8 4438
8 4445
8 4449
8 4457
8 4482
8 4489
8 4492
8 4498
8 4522
8 4533
8 4549
8 4560
8 4590
8 4592
8 4601
8 4608
8 4657
8 4662
8 4677
8 4685
8 4693
8 4705
8 4706
8 4707
8 4709
8 4714
8 4723
8 4724
8 4726
8 4756
8 4776
8 4782
8 4797
8 4817
8 4818
8 4842
8 4844
8 4851
8 4856
8 4859
8 4864
8 4877
8 4881
8 4918
8 4934
8 4941
8 4949
8 4968
8 4975
8 4994
8 5035
8 5044
8 5046
8 5047
8 5054
8 5069
8 5079
8 5088
8 5098
8 5116
8 5117
8 5124
8 5135
8 5143
8 5145
8 5166
8 5176
8 5188
8 5192
8 5222
8 5223
8 5232
8 5236
8 5241
8 5245
8 5250
8 5276
8 5280
8 5291
8 5292
8 5303
8 5322
8 5332
8 5333
8 5343
8 5346
8 5355
8 5359
8 5361
8 5379
8 5395
8 5398
8 5412
8 5420
8 5422
8 5439
8 5451
8 5479
8 5484
8 5487
8 5493
8 5503
8 5508
8 5551
8 5555
8 5572
8 5575
8 5578
8 5579
8 5601
8 5608
8 5616
8 5629
8 5631
8 5636
8 5657
8 5664
8 5675
8 5684
8 5689
8 5694
8 5714
8 5721
8 5737
8 5770
8 5780
8 5785
8 5829
8 5833
8 5834
8 5845
8 5855
8 5856
8 5861
8 5866
8 5868
8 5873
8 5874
8 5884
8 5904
8 5906
8 5907
8 5936
8 5952
8 5973
8 5974
8 5982
8 5983
8 5987
8 5994
8 6008
8 6012
8 6016
8 6026
8 6036
8 6043
8 6062
8 6079
8 6080
8 6086
8 6088
8 6106
8 6121
8 6129
8 6134
8 6152
8 6170
8 6176
8 6191
8 6195
8 6197
8 6202
8 6203
8 6208
8 6215
8 6223
8 6233
8 6238
8 6241
8 6256
8 6268
8 6270
8 6285
8 6293
8 6295
8 6309
8 6342
8 6347
8 6353
8 6369
8 6385
8 6390
8 6397
8 6407
8 6408
8 6411
8 6413
8 6420
8 6422
8 6432
8 6444
8 6474
8 6487
8 6488
8 6490
8 6503
8 6510
8 6511
8 6515
8 6526
8 6528
8 6539
8 6545
8 6559
8 6566
8 6573
8 6591
8 6601
8 6616
8 6621
8 6638
8 6639
8 6644
8 6658
8 6678
8 6682
8 6688
8 6691
8 6721
8 6737
8 6739
8 6752
8 6762
8 6781
8 6791
8 6799
8 6802
8 6811
8 6822
8 6825
8 6826
8 6868
8 6879
8 6888
8 6895
8 6898
8 6925
8 6951
8 6953
8 6960
8 6961
8 6965
8 6974
8 6979
8 6980
8 6992
8 6993
8 7004
8 7005
8 7007
8 7028
8 7030
8 7051
8 7077
8 7140
8 7142
8 7144
8 7145
8 7151
8 7153
8 7161
8 7162
8 7172
8 7183
8 7210
8 7212
8 7214
8 7216
8 7219
8 7220
8 7229
8 7235
8 7242
8 7255
8 7258
8 7276
8 7277
8 7278
8 7285
8 7286
8 7291
8 7296
8 7310
8 7312
8 7338
8 7362
8 7386
8 7398
8 7402
8 7421
8 7431
8 7442
8 7443
8 7461
8 7464
8 7470
8 7481
8 7487
8 7493
8 7508
8 7521
8 7564
8 7568
8 7589
8 7594
8 7596
8 7618
8 7620
8 7627
8 7631
8 7642
8 7645
8 7676
8 7689
8 7700
8 7721
8 7755
8 7766
8 7769
8 7778
8 7780
8 7786
8 7787
8 7789
8 7790
8 7795
8 7796
8 7800
8 7801
8 7820
8 7839
8 7847
8 7869
8 7884
8 7887
8 7903
8 7912
8 7913
8 7929
8 7938
8 7953
8 7955
8 7979
8 7985
8 7993
8 8015
8 8016
8 8019
8 8038
8 8060
8 8064
8 8068
8 8073
8 8089
8 8093
8 8098
8 8099
8 8103
8 8126
8 8130
8 8133
8 8134
8 8162
8 8180
8 8186
8 8192
8 8193
8 8194
8 8215
8 8240
8 8248
8 8252
8 8254
8 8261
8 8270
8 8271
8 8285
8 8293
8 8299
8 8310
8 8319
8 8330
8 8338
8 8344
8 8357
8 8377
8 8397
8 8404
8 8448
8 8461
8 8478
8 8508
8 8515
8 8518
8 8528
8 8573
8 8592
8 8628
8 8631
8 8637
8 8639
8 8640
8 8641
8 8652
8 8681
8 8693
8 8703
8 8729
8 8734
8 8743
8 8749
8 8757
8 8788
8 8794
8 8795
8 8806
8 8820
8 8821
8 8843
8 8849
8 8850
8 8869
8 8872
8 8878
8 8890
8 8915
8 8930
8 8934
8 8942
8 9010
8 9018
8 9025
8 9039
8 9042
8 9070
8 9080
8 9083
8 9100
8 9105
8 9111
8 9113
8 9120
8 9152
8 9156
8 9158
8 9173
8 9182
8 9187
8 9188
8 9204
8 9221
8 9228
8 9233
8 9258
8 9260
8 9264
8 9267
8 9310
8 9332
8 9345
8 9350
8 9364
8 9366
8 9394
8 9410
8 9443
8 9450
8 9463
8 9465
8 9468
8 9470
8 9480
8 9482
8 9484
8 9513
8 9518
8 9521
8 9524
8 9553
8 9564
8 9576
8 9577
8 9588
8 9603
8 9604
8 9626
8 9632
8 9637
8 9639
8 9642
8 9648
8 9649
8 9654
8 9665
8 9668
8 9674
8 9677
8 9683
8 9686
8 9696
8 9715
8 9724
8 9736
8 9745
8 9747
8 9757
8 9766
8 9771
8 9782
8 9784
8 9787
8 9791
8 9805
8 9807
8 9809
8 9812
8 9817
8 9819
8 9824
8 9831
8 9836
8 9864
8 9865
8 9900
8 9931
8 9955
8 9967
8 9987
8 9996
8 9997
9 16
9 21
9 23
9 27
9 39
9 40
9 59
9 97
9 116
9 125
9 131
9 151
9 155
9 161
9 163
9 164
9 172
9 182
9 187
9 190
9 192
9 194
9 220
9 221
9 239
9 243
9 245
9 249
9 255
9 271
9 277
9 299
9 312
9 320
9 323
9 331
9 336
9 347
9 354
9 356
9 359
9 365
9 383
9 410
9 413
9 420
9 441
9 478
9 480
9 490
9 493
9 508
9 513
9 517
9 521
9 523
9 532
9 539
9 577
9 579
9 608
9 625
9 627
9 629
9 634
9 649
9 676
9 680
9 685
9 700
9 719
9 745
9 748
9 765
9 788
9 799
9 801
9 822
9 827
9 832
9 834
9 839
9 842
9 855
9 857
9 862
9 864
9 871
9 894
9 898
9 904
9 919
9 923
9 928
9 933
9 936
9 937
9 966
9 979
9 991
9 997
9 1001
9 1005
9 1009
9 1018
9 1037
9 1043
9 1057
9 1072
9 1093
9 1108
9 1123
9 1126
9 1137
9 1142
9 1190
9 1193
9 1196
9 1200
9 1202
9 1204
9 1209
9 1252
9 1256
9 1265
9 1282
9 1304
9 1324
9 1334
9 1338
9 1342
9 1379
9 1380
9 1390
9 1425
9 1426
9 1429
9 1432
9 1441
9 1447
9 1452
9 1462
9 1484
9 1490
9 1503
9 1504
9 1521
9 1524
9 1533
9 1556
9 1569
9 1572
9 1573
9 1580
9 1607
9 1609
9 1610
9 1613
9 1619
9 1621
9 1649
9 1666
9 1677
9 1698
9 1712
9 1723
9 1728
9 1730
9 1748
9 1750
9 1758
9 1761
9 1767
9 1774
9 1781
9 1791
9 1801
9 1803
9 1806
9 1819
9 1820
9 1821
9 1823
9 1829
9 1839
9 1840
9 1867
9 1883
9 1887
9 1901
9 1906
9 1917
9 1926
9 1927
9 1931
9 1959
9 1978
9 1987
9 1995
9 2012
9 2049
9 2084
9 2085
9 2095
9 2113
9 2116
9 2118
9 2123
9 2171
9 2190
9 2192
9 2213
9 2222
9 2226
9 2241
9 2253
9 2264
9 2272
9 2285
9 2294
9 2297
9 2302
9 2318
9 2330
9 2348
9 2349
9 2368
9 2375
9 2389
9 2399
9 2425
9 2439
9 2453
9 2458
9 2484
9 2489
9 2495
9 2500
9 2503
9 2506
9 2544
9 2551
9 2562
9 2565
9 2595
9 2596
9 2597
9 2603
9 2609
9 2614
9 2622
9 2653
9 2654
9 2659
9 2692
9 2704
9 2712
9 2733
9 2776
9 2787
9 2800
9 2808
9 2814
9 2823
9 2838
9 2842
9 2843
9 2873
9 2878
9 2881
9 2889
9 2896
9 2897
9 2898
9 2901
9 2908
9 2925
9 2960
9 2970
9 2976
9 2978
9 2980
9 2982
9 2992
9 3003
9 3011
9 3041
9 3060
9 3075
9 3077
9 3080
9 3086
9 3087
9 3116
9 3138
9 3158
9 3159
9 3169
9 3178
9 3190
9 3192
9 3194
9 3206
9 3208
9 3220
9 3239
9 3250
9 3257
9 3265
9 3278
9 3279
9 3298
9 3299
9 3301
9 3315
9 3316
9 3319
9 3322
9 3327
9 3341
9 3354
9 3369
9 3372
9 3407
9 3413
9 3416
9 3425
9 3434
9 3435
9 3444
9 3456
9 3488
9 3489
9 3493
9 3500
9 3517
9 3522
9 3566
9 3571
9 3575
9 3598
9 3614
9 3618
9 3627
9 3664
9 3669
9 3672
9 3683
9 3720
9 3732
9 3741
9 3743
9 3769
9 3771
9 3775
9 3793
9 3794
9 3795
9 3797
9 3798
9 3801
9 3805
9 3809
9 3822
9 3837
9 3847
9 3857
9 3865
9 3888
9 3889
9 3905
9 3915
9 3926
9 3943
9 3961
9 3963
9 3966
9 3970
9 3979
9 3990
9 3999
9 4036
9 4038
9 4040
9 4044
9 4057
9 4082
9 4088
9 4090
9 4095
9 4103
9 4111
9 4119
9 4129
9 4130
9 4131
9 4138
9 4159
9 4169
9 4170
9 4173
9 4187
9 4191
9 4214
9 4216
9 4220
9 4224
9 4230
9 4241
9 4245
9 4251
9 4252
9 4284
9 4286
9 4289
9 4300
9 4305
9 4310
9 4313
9 4320
9 4325
9 4333
9 4336
9 4337
9 4345
9 4346
9 4361
9 4382
9 4386
9 4402
9 4404
9 4412
9 4428
9 4430
9 4443
9 4471
9 4476
9 4495
9 4507
9 4514
9 4521
9 4527
9 4542
9 4543
9 4556
9 4559
9 4568
9 4572
9 4576
9 4586
9 4617
9 4628
9 4632
9 4633
9 4634
9 4642
9 4644
9 4648
9 4658
9 4672
9 4683
9 4720
9 4745
9 4760
9 4795
9 4806
9 4807
9 4829
9 4834
9 4839
9 4867
9 4871
9 4874
9 4898
9 4901
9 4903
9 4910
9 4926
9 4933
9 4950
9 4958
9 4971
9 4973
9 4988
9 4992
9 4996
9 5004
9 5026
9 5032
9 5042
9 5050
9 5056
9 5066
9 5077
9 5101
9 5104
9 5120
9 5146
9 5147
9 5149
9 5159
9 5172
9 5177
9 5181
9 5199
9 5202
9 5220
9 5226
9 5254
9 5273
9 5279
9 5281
9 5283
9 5284
9 5288
9 5289
9 5295
9 5302
9 5314
9 5348
9 5365
9 5375
9 5385
9 5387
9 5426
9 5444
9 5473
9 5476
9 5486
9 5532
9 5533
9 5534
9 5567
9 5568
9 5588
9 5604
9 5613
9 5625
9 5644
9 5661
9 5672
9 5686
9 5696
9 5719
9 5731
9 5754
9 5766
9 5768
9 5787
9 5812
9 5825
9 5850
9 5858
9 5876
9 5891
9 5894
9 5897
9 5901
9 5942
9 5944
9 5959
9 5969
9 5975
9 6011
9 6032
9 6039
9 6047
9 6067
9 6070
9 6103
9 6105
9 6113
9 6125
9 6127
9 6132
9 6138
9 6148
9 6162
9 6164
9 6177
9 6185
9 6216
9 6249
9 6254
9 6262
9 6266
9 6278
9 6311
9 6313
9 6319
9 6364
9 6380
9 6381
9 6414
9 6424
9 6431
9 6439
9 6449
9 6460
9 6462
9 6463
9 6471
9 6497
9 6499
9 6500
9 6507
9 6509
9 6516
9 6519
9 6535
9 6537
9 6553
9 6556
9 6575
9 6579
9 6585
9 6606
9 6608
9 6614
9 6617
9 6626
9 6628
9 6636
9 6652
9 6662
9 6675
9 6680
9 6685
9 6702
9 6726
9 6727
9 6728
9 6731
9 6733
9 6736
9 6757
9 6758
9 6767
9 6771
9 6782
9 6787
9 6816
9 6835
9 6838
9 6840
9 6851
9 6858
9 6875
9 6922
9 6937
9 6938
9 6947
9 7003
9 7014
9 7024
9 7032
9 7040
9 7043
9 7076
9 7084
9 7103
9 7112
9 7116
9 7122
9 7131
9 7143
9 7163
9 7182
9 7185
9 7191
9 7203
9 7240
9 7241
9 7251
9 7254
9 7256
9 7261
9 7273
9 7280
9 7282
9 7315
9 7318
9 7322
9 7326
9 7327
9 7329
9 7335
9 7342
9 7347
9 7349
9 7367
9 7371
9 7375
9 7385
9 7387
9 7392
9 7424
9 7430
9 7447
9 7474
9 7495
9 7496
9 7500
9 7503
9 7511
9 7513
9 7515
9 7520
9 7543
9 7549
9 7553
9 7562
9 7566
9 7577
9 7591
9 7602
9 7603
9 7604
9 7608
9 7630
9 7646
9 7649
9 7662
9 7671
9 7673
9 7686
9 7694
9 7703
9 7715
9 7733
9 7736
9 7754
9 7768
9 7773
9 7785
9 7805
9 7807
9 7826
9 7828
9 7837
9 7838
9 7870
9 7875
9 7894
9 7909
9 7923
9 7925
9 7941
9 7945
9 7977
9 7978
9 7984
9 8005
9 8021
9 8039
9 8048
9 8054
9 8069
9 8095
9 8115
9 8139
9 8144
9 8146
9 8151
9 8157
9 8160
9 8163
9 8171
9 8196
9 8211
9 8217
9 8219
9 8224
9 8231
9 8237
9 8243
9 8250
9 8260
9 8267
9 8278
9 8286
9 8295
9 8303
9 8305
9 8335
9 8345
9 8347
9 8349
9 8352
9 8354
9 8368
9 8374
9 8398
9 8399
9 8409
9 8441
9 8447
9 8454
9 8480
9 8486
9 8489
9 8493
9 8494
9 8523
9 8538
9 8544
9 8548
9 8581
9 8632
9 8633
9 8636
9 8644
9 8651
9 8653
9 8665
9 8670
9 8674
9 8678
9 8688
9 8706
9 8716
9 8718
9 8720
9 8722
9 8753
9 8754
9 8755
9 8761
9 8762
9 8767
9 8776
9 8801
9 8802
9 8826
9 8837
9 8842
9 8847
9 8854
9 8856
9 8866
9 8884
9 8906
9 8925
9 8939
9 8962
9 8973
9 8985
9 8993
9 8999
9 9007
9 9031
9 9035
9 9054
9 9087
9 9139
9 9144
9 9149
9 9154
9 9160
9 9193
9 9196
9 9210
9 9231
9 9249
9 9252
9 9272
9 9282
9 9295
9 9320
9 9328
9 9334
9 9341
9 9349
9 9367
9 9371
9 9373
9 9380
9 9381
9 9396
9 9401
9 9424
9 9426
9 9433
9 9439
9 9444
9 9452
9 9472
9 9476
9 9485
9 9489
9 9495
9 9515
9 9516
9 9520
9 9532
9 9535
9 9557
9 9572
9 9594
9 9595
9 9598
9 9608
9 9615
9 9616
9 9622
9 9631
9 9662
9 9664
9 9666
9 9690
9 9697
9 9721
9 9723
9 9727
9 9737
9 9742
9 9748
9 9760
9 9768
9 9774
9 9794
9 9801
9 9802
9 9816
9 9837
9 9844
9 9850
9 9872
9 9891
9 9914
9 9946
9 9961
10 12
10 22
10 26
10 31
10 50
10 61
10 79
10 85
10 133
10 170
10 204
10 207
10 208
10 217
10 231
10 242
10 263
10 266
10 282
10 298
10 310
10 314
10 316
10 335
10 344
10 348
10 349
10 350
10 372
10 384
10 386
10 389
10 394
10 395
10 397
10 406
10 418
10 438
10 461
10 466
10 474
10 485
10 494
10 502
10 527
10 552
10 553
10 572
10 581
10 584
10 589
10 607
10 612
10 614
10 653
10 660
10 684
10 687
10 689
10 701
10 703
10 730
10 732
10 742
10 753
10 764
10 773
10 781
10 802
10 803
10 837
10 848
10 851
10 866
10 881
10 901
10 913
10 926
10 935
10 955
10 957
10 969
10 976
10 982
10 984
10 989
10 1002
10 1003
10 1013
10 1024
10 1025
10 1030
10 1039
10 1045
10 1047
10 1082
10 1092
10 1116
10 1128
10 1146
10 1153
10 1158
10 1159
10 1160
10 1171
10 1178
10 1185
10 1187
10 1208
10 1239
10 1246
10 1268
10 1272
10 1314
10 1328
10 1385
10 1400
10 1412
10 1413
10 1416
10 1431
10 1453
10 1458
10 1470
10 1491
10 1501
10 1523
10 1535
10 1549
10 1570
10 1582
10 1588
10 1590
10 1594
10 1602
10 1625
10 1626
10 1640
10 1642
10 1656
10 1667
10 1673
10 1679
10 1684
10 1688
10 1692
10 1696
10 1707
10 1725
10 1742
10 1746
10 1753
10 1756
10 1757
10 1762
10 1770
10 1779
10 1789
10 1796
10 1798
10 1804
10 1808
10 1824
10 1838
10 1849
10 1852
10 1854
10 1863
10 1875
10 1878
10 1879
10 1885
10 1890
10 1895
10 1902
10 1908
10 1909
10 1924
10 1936
10 1938
10 1941
10 1949
10 1953
10 1957
10 1963
10 1964
10 1971
10 1977
10 1984
10 1986
10 1993
10 1996
10 2014
10 2017
10 2022
10 2026
10 2027
10 2035
10 2039
10 2046
10 2067
10 2079
10 2082
10 2092
10 2096
10 2097
10 2108
10 2110
10 2114
10 2121
10 2124
10 2137
10 2155
10 2164
10 2167
10 2181
10 2185
10 2186
10 2189
10 2197
10 2233
10 2239
10 2311
10 2329
10 2332
10 2334
10 2337
10 2339
10 2340
10 2364
10 2369
10 2391
10 2394
10 2395
10 2416
10 2426
10 2427
10 2432
10 2444
10 2451
10 2454
10 2459
10 2477
10 2492
10 2505
10 2515
10 2518
10 2523
10 2534
10 2542
10 2543
10 2556
10 2557
10 2560
10 2567
10 2569
10 2579
10 2580
10 2586
10 2588
10 2589
10 2590
10 2600
10 2626
10 2655
10 2663
10 2665
10 2667
10 2671
10 2672
10 2682
10 2699
10 2711
10 2720
10 2751
10 2757
10 2764
10 2766
10 2779
10 2784
10 2788
10 2795
10 2798
10 2807
10 2810
10 2822
10 2832
10 2834
10 2851
10 2852
10 2887
10 2891
10 2916
10 2934
10 2940
10 2949
10 2950
10 2971
10 3002
10 3004
10 3018
10 3019
10 3020
10 3048
10 3061
10 3092
10 3103
10 3106
10 3115
10 3118
10 3120
10 3123
10 3142
10 3165
10 3186
10 3200
10 3205
10 3209
10 3212
10 3218
10 3224
10 3240
10 3245
10 3256
10 3259
10 3271
10 3272
10 3277
10 3292
10 3303
10 3321
10 3325
10 3333
10 3348
10 3352
10 3364
10 3365
10 3380
10 3382
10 3386
10 3439
10 3443
10 3452
10 3455
10 3460
10 3462
10 3498
10 3505
10 3514
10 3524
10 3529
10 3546
10 3555
10 3570
10 3581
10 3588
10 3597
10 3600
10 3616
10 3640
10 3673
10 3690
10 3696
10 3708
10 3729
10 3733
10 3740
10 3752
10 3754
10 3759
10 3790
10 3803
10 3807
10 3808
10 3810
10 3811
10 3816
10 3824
10 3831
10 3844
10 3855
10 3871
10 3882
10 3883
10 3884
10 3904
10 3918
10 3921
10 3937
10 3946
10 3955
10 3964
10 3968
10 3981
10 3997
10 4003
10 4011
10 4012
10 4023
10 4032
10 4042
10 4049
10 4053
10 4059
10 4061
10 4067
10 4068
10 4075
10 4083
10 4085
10 4086
10 4109
10 4112
10 4136
10 4152
10 4160
10 4182
10 4186
10 4208
10 4210
10 4213
10 4215
10 4227
10 4229
10 4237
10 4240
10 4242
10 4244
10 4247
10 4257
10 4266
10 4280
10 4295
10 4297
10 4303
10 4308
10 4317
10 4331
10 4342
10 4360
10 4369
10 4400
10 4407
10 4414
10 4420
10 4421
10 4447
10 4448
10 4472
10 4485
10 4490
10 4491
10 4496
10 4510
10 4528
10 4541
10 4550
10 4551
10 4565
10 4567
10 4587
10 4595
10 4598
10 4604
10 4616
10 4629
10 4631
10 4640
10 4647
10 4652
10 4679
10 4687
10 4696
10 4702
10 4715
10 4719
10 4728
10 4736
10 4744
10 4747
10 4749
10 4759
10 4764
10 4768
10 4783
10 4784
10 4792
10 4793
10 4796
10 4798
10 4822
10 4827
10 4828
10 4836
10 4840
10 4843
10 4861
10 4875
10 4906
10 4907
10 4917
10 4930
10 4932
10 4944
10 4959
10 4991
10 4993
10 4995
10 5003
10 5010
10 5017
10 5018
10 5029
10 5040
10 5051
10 5067
10 5068
10 5071
10 5076
10 5083
10 5084
10 5087
10 5092
10 5096
10 5106
10 5113
10 5138
10 5144
10 5150
10 5155
10 5174
10 5178
10 5179
10 5190
10 5191
10 5201
10 5209
10 5247
10 5253
10 5263
10 5270
10 5286
10 5287
10 5296
10 5331
10 5336
10 5342
10 5349
10 5367
10 5374
10 5377
10 5408
10 5413
10 5417
10 5435
10 5436
10 5445
10 5450
10 5461
10 5464
10 5467
10 5469
10 5470
10 5471
10 5474
10 5477
10 5497
10 5501
10 5510
10 5519
10 5521
10 5522
10 5525
10 5527
10 5561
10 5574
10 5586
10 5590
10 5615
10 5624
10 5633
10 5639
10 5645
10 5647
10 5658
10 5662
10 5663
10 5690
10 5692
10 5698
10 5715
10 5716
10 5717
10 5741
10 5745
10 5749
10 5755
10 5757
10 5761
10 5762
10 5777
10 5778
10 5793
10 5797
10 5810
10 5837
10 5848
10 5853
10 5860
10 5864
10 5867
10 5881
10 5909
10 5919
10 5925
10 5933
10 5939
10 5940
10 5945
10 5951
10 5961
10 6007
10 6022
10 6031
10 6041
10 6044
10 6054
10 6073
10 6090
10 6097
10 6099
10 6142
10 6155
10 6161
10 6166
10 6174
10 6224
10 6229
10 6235
10 6247
10 6282
10 6283
10 6286
10 6289
10 6299
10 6300
10 6318
10 6324
10 6329
10 6344
10 6362
10 6367
10 6377
10 6394
10 6404
10 6419
10 6440
10 6467
10 6473
10 6479
10 6485
10 6495
10 6504
10 6508
10 6512
10 6517
10 6530
10 6534
10 6541
10 6548
10 6562
10 6565
10 6569
10 6570
10 6605
10 6607
10 6619
10 6620
10 6622
10 6623
10 6640
10 6649
10 6653
10 6654
10 6655
10 6661
10 6665
10 6673
10 6676
10 6679
10 6694
10 6709
10 6723
10 6730
10 6744
10 6748
10 6754
10 6755
10 6765
10 6784
10 6793
10 6801
10 6808
10 6830
10 6834
10 6841
10 6852
10 6855
10 6884
10 6897
10 6919
10 6943
10 6948
10 6967
10 6984
10 6988
10 6989
10 6994
10 6996
10 7000
10 7008
10 7027
10 7037
10 7038
10 7046
10 7048
10 7058
10 7062
10 7064
10 7065
10 7089
10 7098
10 7105
10 7111
10 7150
10 7155
10 7169
10 7175
10 7188
10 7195
10 7196
10 7200
10 7206
10 7230
10 7231
10 7238
10 7239
10 7245
10 7246
10 7250
10 7252
10 7257
10 7259
10 7270
10 7281
10 7289
10 7297
10 7298
10 7299
10 7303
10 7364
10 7376
10 7394
10 7397
10 7408
10 7415
10 7425
10 7457
10 7458
10 7471
10 7476
10 7494
10 7514
10 7519
10 7528
10 7536
10 7574
10 7575
10 7582
10 7583
10 7592
10 7607
10 7609
10 7610
10 7624
10 7633
10 7637
10 7661
10 7684
10 7685
10 7698
10 7705
10 7713
10 7714
10 7717
10 7718
10 7722
10 7725
10 7726
10 7728
10 7731
10 7753
10 7756
10 7792
10 7797
10 7822
10 7831
10 7845
10 7846
10 7848
10 7850
10 7859
10 7863
10 7891
10 7895
10 7899
10 7905
10 7906
10 7911
10 7939
10 7948
10 7954
10 7956
10 7957
10 7963
10 7965
10 7970
10 7976
10 7992
10 8029
10 8034
10 8035
10 8040
10 8053
10 8057
10 8058
10 8059
10 8062
10 8074
10 8077
10 8082
10 8086
10 8088
10 8097
10 8104
10 8117
10 8120
10 8122
10 8138
10 8140
10 8150
10 8152
10 8156
10 8183
10 8203
10 8212
10 8232
10 8233
10 8236
10 8241
10 8255
10 8259
10 8262
10 8268
10 8307
10 8331
10 8332
10 8336
10 8340
10 8363
10 8373
10 8390
10 8393
10 8402
10 8406
10 8407
10 8429
10 8463
10 8464
10 8475
10 8479
10 8485
10 8492
10 8504
10 8509
10 8510
10 8512
10 8517
10 8520
10 8522
10 8529
10 8568
10 8574
10 8588
10 8595
10 8602
10 8608
10 8620
10 8634
10 8643
10 8657
10 8669
10 8714
10 8723
10 8727
10 8768
10 8775
10 8790
10 8796
10 8804
10 8815
10 8819
10 8830
10 8834
10 8852
10 8863
10 8874
10 8877
10 8881
10 8882
10 8894
10 8897
10 8902
10 8944
10 8954
10 8957
10 8987
10 8994
10 8995
10 9004
10 9011
10 9021
10 9056
10 9058
10 9060
10 9073
10 9075
10 9095
10 9109
10 9130
10 9131
10 9150
10 9163
10 9166
10 9167
10 9169
10 9178
10 9181
10 9192
10 9202
10 9208
10 9215
10 9219
10 9220
10 9265
10 9270
10 9275
10 9285
10 9293
10 9305
10 9308
10 9338
10 9342
10 9370
10 9382
10 9386
10 9392
10 9399
10 9427
10 9434
10 9435
10 9436
10 9441
10 9454
10 9458
10 9467
10 9471
10 9500
10 9501
10 9510
10 9527
10 9542
10 9549
10 9552
10 9558
10 9563
10 9567
10 9578
10 9581
10 9590
10 9618
10 9621
10 9628
10 9633
10 9645
10 9655
10 9675
10 9694
10 9722
10 9726
10 9733
10 9740
10 9754
10 9756
10 9759
10 9763
10 9770
10 9780
10 9786
10 9790
10 9813
10 9828
10 9829
10 9835
10 9849
10 9853
10 9854
10 9859
10 9866
10 9868
10 9876
10 9885
10 9919
10 9920
10 9921
10 9923
10 9926
10 9936
10 9943
10 9944
10 9954
10 9974
10 9976
10 9982
10 9986
10 9992
10 9999
10 10000
2 9761 9880
2 4024 4347
2 5272 6982
2 6562 9296
2 5525 9727
2 1128 1428
2 1985 8252
2 1759 9741
2 2159 7801
2 3545 3555
2 1204 1281
2 1079 2731
2 6400 7964
2 473 5843
2 2770 9445
2 5743 8661
2 987 5064
2 646 5173
2 7094 9858
2 6219 7422
2 3534 7805
2 5898 9296
2 6462 7796
2 3347 4031
2 4178 8080
2 5638 9996
2 633 4777
2 7813 9296
2 3527 7655
2 1432 1747
2 5110 7123
2 1770 3808
2 971 5320
2 4222 8023
2 724 8729
2 6783 8861
2 913 3406
2 490 8055
2 2799 9671
2 7077 8985
2 2131 3980
2 437 4835
2 131 2626
2 1185 6832
2 3031 8339
2 1502 5698
2 7668 8642
2 62 3779
2 3191 8636
2 6083 7960
2 1827 4097
2 2584 9965
2 2998 7811
2 695 7186
2 122 7706
2 4869 9936
2 5393 6519
2 272 9443
2 1008 4421
2 3457 3916
2 6351 6887
2 6317 7380
2 2324 4260
2 1147 3778
2 7991 9522
2 3437 3703
2 4279 9790
2 2943 8174
2 1046 7272
2 3408 4266
2 1696 4929
2 7207 9816
2 3013 8846
2 2179 2410
2 1129 3284
2 2021 6463
2 9735 9957
2 1634 2853
2 5017 7149
2 8273 8793
2 2401 3150
2 4127 5943
2 239 6649
2 4339 7286
2 2650 3200
2 1271 1812
2 5704 7966
2 3713 8420
2 1564 4029
2 8066 8941
2 3203 9151
2 4364 7921
2 1848 6908
2 120 4001
2 1105 9032
2 4336 4368
2 4318 4991
2 3060 3239
2 8487 8782
2 1884 7415
2 1455 2804
2 2082 6067
2 791 4565
2 2774 2857
2 2955 5640
2 5824 5919
2 5207 6806
2 6967 7017
2 1720 4796
2 3612 3620
2 2101 9571
2 643 6673
2 1150 7755
2 1041 4187
2 587 5402
2 3773 7575
2 6646 7051
2 3936 8512
2 3434 8400
2 4841 9979
2 3541 7540
2 3733 8528
2 3683 4628
2 2275 5680
2 1229 6105
2 4308 8336
2 4547 5496
2 3959 8249
2 1007 8110
2 1719 4248
2 3295 7120
2 3783 5146
2 6138 8466
2 7779 9247
2 652 3611
2 4974 7359
2 4494 9763
2 434 5208
2 2330 7868
2 470 9868
2 3023 7090
2 6837 7160
2 5287 7523
2 2316 4336
2 5877 5994
2 396 8464
2 3478 8804
2 199 1022
2 2808 9317
2 3893 8690
2 3390 5888
2 1307 5622
2 8858 9162
2 6827 9179
2 2639 5125
2 3039 8722
2 6226 8186
2 3458 3680
2 2617 6788
2 7870 9762
2 6758 7139
2 1502 4751
2 1877 3228
2 2344 3695
2 553 9745
2 3214 3701
2 4047 4724
2 3367 6835
2 7933 7950
2 7667 7822
2 4149 6899
2 332 5694
2 3848 9034
2 2607 6957
2 47 5694
2 915 7552
2 2669 5221
2 1413 7698
2 4777 8575
2 509 9473
2 1201 9548
2 2173 6916
2 718 5940
2 6745 8661
2 6235 8881
2 1358 4116
2 5745 7402
2 7276 9752
2 1179 3037
2 531 5968
2 5637 7627
2 3663 6447
2 2118 4141
2 8153 8395
2 2226 7417
2 1557 8045
2 7089 8524
2 2901 6322
2 7457 9968
2 5795 7906
2 921 6729
2 6305 9073
2 7351 8621
2 639 2746
2 569 1054
2 1994 5268
2 6435 9548
2 837 2595
2 2957 8949
2 1182 9071
2 488 7543
2 6058 6979
2 8390 9276
2 1820 6945
2 331 7677
2 2007 3346
2 2745 7208
2 4538 6335
2 4416 9530
2 4326 4409
2 5672 8032
2 4304 8566
2 4408 8348
2 6699 9840
2 3790 9691
2 731 5677
2 1570 7517
2 2402 6610
2 4547 5681
2 95 6174
2 1088 6735
2 2269 8900
2 177 7843
2 1441 9981
2 6719 9048
2 6847 9120
2 7484 7685
2 93 1942
2 3380 7937
2 329 8147
2 4717 7410
2 4318 5503
2 6257 6574
2 3171 5855
2 564 2759
2 2094 8846
2 1913 7493
2 5222 6253
2 2399 4596
2 590 5724
2 329 7417
2 1276 2325
2 5609 6387
2 4512 4828
2 1387 3358
2 2195 8612
2 3902 7982
2 3554 3748
2 1356 3055
2 4495 7935
2 3351 5322
2 1525 2065
2 8046 8224
2 3666 4503
2 9007 9590
2 6646 9711
2 4365 4502
2 6798 7406
2 2852 9917
2 7111 7411
2 1502 3579
2 2195 8781
2 5557 8739
2 4 2293
2 3475 8613
2 8835 9371
2 5189 5749
2 3818 7749
2 2222 5495
2 4565 7847
2 8011 8582
2 2092 9402
2 3860 8159
2 6361 7663
2 3919 9464
2 6579 8290
2 1140 3898
2 6806 7563
2 3030 5397
2 3118 9441
2 4592 5264
2 8658 9243
2 4566 5131
2 3348 5181
2 1188 8874
2 2211 4127
2 104 2106
2 1533 8777
2 8963 9734
2 5980 6915
2 838 8175
2 3347 5378
2 1339 2564
2 3522 5839
2 4917 6649
2 1567 1968
2 135 1426
2 5647 7827
2 1199 4574
2 5797 6863
2 1781 7480
2 4128 9940
2 205 3599
2 2163 8697
2 929 3420
2 4702 8889
2 152 8348
2 2252 7029
2 5728 9588
2 7909 8165
2 818 3447
2 322 7984
2 1007 2030
2 1175 3245
2 3026 7157
2 7516 8547
2 1882 9844
2 7114 9615
2 566 6741
2 4801 9665
2 1551 7656
2 591 1690
2 1279 2831
2 561 4577
2 1297 3348
2 1791 7539
2 995 5198
2 1039 8817
2 793 6026
2 497 3787
2 2628 8337
2 3806 7997
2 778 7772
2 4261 9685
2 5637 6352
2 6235 9060
2 9791 9840
2 9586 9659
2 310 5282
2 297 2486
2 3817 9826
2 368 3186
2 319 3314
2 1129 6744
2 3319 3437
2 1391 4354
2 6185 6568
2 5117 6867
2 268 4691
2 7912 9798
2 4337 6177
2 3750 7268
2 3756 3889
2 372 6919
2 1817 4162
2 1760 9490
2 142 9278
2 2674 6240
2 2190 3571
2 2932 7784
2 3403 9787
2 5666 8362
2 3820 4870
2 3119 4951
2 2989 4914
2 3574 6313
2 5485 7084
2 1840 3899
2 2097 9017
2 2411 8847
2 4616 9768
2 5231 8306
2 1637 8814
2 2502 3378
2 3952 5224
2 677 9348
2 3657 5449
2 1096 6845
2 3571 8813
2 4348 4376
2 7074 9903
2 2379 7832
2 1001 9068
2 691 9656
2 482 6906
2 3202 4592
2 10 7811
2 145 3460
2 836 8065
2 8056 9336
2 2102 2647
2 686 9812
2 4427 7831
2 1371 7993
2 5088 5364
2 4986 5593
2 5611 9630
2 2961 8737
2 727 9668
2 783 6930
2 9257 9412
2 4210 5787
2 1823 1870
2 3317 8576
2 278 8772
2 8248 9414
2 2482 9288
2 3477 6248
2 5014 6756
2 808 8616
2 477 4487
2 8847 9691
2 294 4157
2 4993 6021
2 4525 6696
2 3569 8359
2 650 7354
2 733 6179
2 1110 1934
2 3478 4003
2 8330 9939
2 1228 9137
2 1519 4776
2 2566 7677
2 1084 9913
2 1507 3375
2 8716 9662
2 2383 3796
2 6653 9751
2 3320 7517
2 7628 9518
2 5633 7427
2 657 6345
2 1390 9096
2 936 7206
2 2428 9999
2 8718 9253
2 3062 3100
2 4113 8089
2 5937 7723
2 13 926
2 7567 8226
2 4761 8195
2 5112 7868
2 5000 6398
2 5226 9134
2 164 7614
2 147 5948
2 5 5249
2 6015 9719
2 1206 1498
2 586 5671
2 3598 5993
2 4477 5131
2 716 7633
2 1245 3730
2 3484 3847
2 4565 5169
2 497 1236
2 3674 8924
2 251 3637
2 5324 7530
2 6164 7825
2 2144 5952
2 2785 8430
2 5545 7150
2 4254 9494
2 21 3568
2 908 2449
2 2086 9791
2 6610 8036
2 4790 9855
2 5223 6734
2 1068 2589
2 6328 6689
2 3310 5474
2 3081 8385
2 2305 6583
2 2160 8987
2 604 693
2 1633 3294
2 1793 9952
2 598 7131
2 3440 9405
2 1171 1998
2 2044 3398
2 109 2498
2 6059 6539
2 2566 7634
2 1899 7703
2 206 9894
2 194 2281
2 4215 9542
2 759 9151
2 1356 7281
2 2156 7803
2 6522 8499
2 3907 8668
2 1128 7287
2 6514 6991
2 3568 9496
2 1955 8164
2 492 547
2 7459 8758
2 2665 8526
2 1091 9654
2 5654 8838
2 2765 4578
2 7000 8695
2 2904 7280
2 2332 9557
2 6475 8450
2 2112 3441
2 2268 3993
2 5267 5683
2 4948 5046
2 6425 9027
2 286 4413
2 1387 8467
2 4557 8554
2 4251 8045
2 4352 5188
2 1925 5268
2 1794 4722
2 1728 9817
2 70 8559
2 52 2413
2 1812 4709
2 510 3094
2 518 2646
2 800 4015
2 8694 9865
2 299 1465
2 4373 9107
2 1912 6300
2 989 6043
2 4975 9347
2 5583 8735
2 1014 4124
2 3029 3916
2 7888 8932
2 6602 7468
2 872 1532
2 646 2623
2 5857 9900
2 7934 9376
2 5889 6144
2 2269 8525
2 6298 6797
2 2948 7439
2 5660 8638
2 262 8189
2 3446 9513
2 1637 9032
2 3699 4799
2 4628 7483
2 1919 9144
2 659 1952
2 3254 3500
2 6300 6426
2 4644 5295
2 297 4520
2 5514 8889
2 5420 6613
2 5732 7547
2 4678 9553
2 2334 3578
2 101 6300
2 4398 6519
2 4632 8547
2 6427 8611
2 1974 9455
2 3387 8927
2 6532 9790
2 3013 9119
2 9350 9472
2 2276 3869
2 4567 7096
2 864 3231
2 1078 9783
2 2418 8450
2 2909 4045
2 949 4318
2 980 3302
2 829 9137
2 4052 9786
2 8778 9142
2 6220 7440
2 696 9598
2 6113 6878
2 3452 9061
2 2064 3982
2 664 9828
2 3809 4251
2 5332 8744
2 2963 8770
2 1490 5963
2 2136 9244
2 5311 7671
2 6241 7861
2 984 8090
2 5390 9744
2 2780 6019
2 363 8289
2 1400 1881
2 6782 7552
2 5807 6193
2 6799 6964
2 7353 9316
2 284 7433
2 6773 8094
2 2511 3491
2 6722 8047
2 6663 6936
2 2999 3138
2 1956 9895
2 1043 7748
2 6774 9534
2 42 6201
2 1893 4839
2 370 1587
2 2399 9499
2 1054 1069
2 4846 5138
2 2614 7030
2 1853 3731
2 4843 7919
2 508 5425
2 2174 9484
2 2748 4917
2 8554 8729
2 2601 7899
2 4395 6540
2 6568 7840
2 179 7392
2 482 4196
2 6064 8858
2 895 9450
2 1484 3678
2 4911 5052
2 1680 6834
2 2130 9985
2 6030 7405
2 4682 6209
2 2163 8716
2 5356 5943
2 769 3371
2 152 9504
2 3176 5793
2 2914 4400
2 4371 7991
2 3387 5940
2 2033 6564
2 1535 5124
2 2614 4797
2 6114 8011
2 1306 6796
2 4299 8221
2 3778 6187
2 183 816
2 855 7633
2 9170 9195
2 345 3282
2 1267 5099
2 444 9593
2 841 1920
2 6049 7916
2 2466 3425
2 1757 3413
2 2594 9568
2 3546 8709
2 7495 9687
2 8407 9401
2 1379 9365
2 2989 9355
2 3936 7254
2 2669 5809
2 6445 6969
2 6136 8690
2 1072 7871
2 4316 9864
2 6688 7926
2 4706 7044
2 9117 9496
2 1906 8405
2 2509 6159
2 1304 9039
2 1654 9631
2 3761 6392
2 3580 8380
2 2583 2605
2 5552 6243
2 3498 3773
2 4161 7781
2 884 1868
2 993 6466
2 2609 7867
2 3049 9383
2 4654 7646
2 1083 7510
2 515 2072
2 4993 7881
2 487 843
2 2319 3340
2 1331 7941
2 3979 7720
2 268 6654
2 6913 8019
2 3777 8765
2 8393 8910
2 3356 3930
2 3908 8765
2 1166 2985
2 601 5928
2 1822 8570
2 143 9472
2 1331 7685
2 266 8265
2 4960 6136
2 4606 9306
2 1753 2891
2 1028 7851
2 1244 3220
2 577 626
2 8350 9881
2 2388 2828
2 1557 6894
2 1564 8310
2 1699 5256
2 4017 7710
2 3240 9336
2 181 1886
2 6106 9835
2 2115 6622
2 2845 6612
2 5668 8638
2 4306 8453
2 4810 7963
2 1727 4833
2 5108 9665
2 1819 6803
2 919 3073
2 4894 7361
2 862 3808
2 2164 9870
2 5111 6092
2 4768 5773
2 6812 7838
2 3771 7824
2 1664 5977
2 65 3285
2 3442 7794
2 2468 3556
2 249 7283
2 1282 2271
2 7749 8304
2 4574 4714
2 5130 7101
2 128 9106
2 5535 6397
2 8591 9956
2 9189 9711
2 459 3917
2 4541 5387
2 537 9670
2 2741 7088
2 5692 6833
2 3262 5576
2 2994 9325
2 1211 3074
2 4561 6779
2 33 6504
2 6367 9919
2 5365 9826
2 1832 8204
2 4215 4365
2 1214 8617
2 3373 7022
2 1212 3451
2 5921 6919
2 5675 8483
2 5233 6333
2 3594 6871
2 5780 9896
2 128 4244
2 4165 8395
2 3920 9607
2 2361 4161
2 5401 8592
2 2219 5331
2 2362 4867
2 1869 2115
2 4575 5925
2 4331 8821
2 1750 9087
2 3090 9278
2 3191 8372
2 648 9186
2 888 7039
2 1401 7610
2 5876 8621
2 4300 9569
2 2355 9064
2 1710 6113
2 639 1601
2 2257 8948
2 6204 9707
2 6803 8340
2 2680 5916
2 992 5994
2 5896 7999
2 1560 7169
2 846 1635
2 814 7972
2 675 1045
2 1779 8204
2 4219 6687
2 1777 6490
2 5599 7426
2 1684 6734
2 2144 5243
2 1519 9956
2 6633 6861
2 4385 9568
2 1270 6728
2 1249 1858
2 7658 8540
2 1602 7673
2 4181 8387
2 3863 6342
2 3052 3056
2 4055 4468
2 3699 3816
2 6168 8667
2 3783 4474
2 5314 9478
2 7353 9930
2 431 5762
2 2064 3285
2 830 9494
2 1266 5304
2 8959 9809
2 799 2123
2 243 602
2 4218 7468
2 1135 8485
2 3565 4927
2 5326 7376
2 3552 3640
2 5660 7712
2 1406 4322
2 2360 5748
2 2562 9484
2 3454 6361
2 1796 3351
2 2737 3577
2 6176 8272
2 229 7574
2 5783 9398
2 6844 9276
2 8312 8845
2 1615 6576
2 3337 5333
2 1859 5931
2 2846 6607
2 2042 7030
2 3226 4415
2 4079 9397
2 1517 4392
2 6966 8039
2 6073 7815
2 5566 6077
2 195 7301
2 8819 8890
2 563 3296
2 1084 5591
2 1148 2815
2 6685 8279
2 3159 8278
2 3245 3961
2 4764 4947
2 6478 9223
2 3094 7630
2 1230 7227
2 2162 8256
2 297 5985
2 6618 7716
2 8569 8951
2 5447 6021
2 4363 4464
2 4588 6892
2 927 6153
2 973 9317
2 3811 4492
2 1671 7431
2 2589 4895
2 2198 7122
2 231 5180
2 4047 8633
2 2650 3913
2 8653 9085
2 2719 4904
2 4018 4807
2 4644 8025
2 1629 9955
2 4029 8900
2 1059 7358
2 660 1512
2 6879 9619
2 3637 9695
2 1776 3002
2 185 9679
2 1990 7081
2 1588 2640
2 543 4030
2 2326 5891
2 978 4355
2 1141 3814
2 2056 6820
2 921 3238
2 2444 5668
2 3218 3488
2 910 3530
2 30 6300
2 1813 6668
2 9202 9244
2 5557 6133
2 9216 9269
2 5008 7516
2 362 5812
2 4644 6775
2 3446 8558
2 2295 4808
2 1125 4058
2 1449 8453
2 7872 8763
2 4278 8603
2 2342 5732
2 1263 5108
2 602 8830
2 5028 8628
2 2942 5829
2 58 3435
2 6339 8147
2 263 7952
2 3249 7816
2 2449 4634
2 109 2447
2 2701 5998
2 5629 7183
2 5920 7207
2 3633 6504
2 5599 9852
2 2420 9676
2 3152 3452
2 365 9987
2 2624 4928
2 1407 5517
2 3248 3603
2 3226 5022
2 4588 7229
2 4287 4896
2 745 2729
2 5012 6548
2 1161 5211
2 5368 7039
2 6208 8448
2 162 2529
2 1229 8061
2 3620 9735
2 7111 8739
2 3482 6365
2 3284 5277
2 5806 7506
2 5016 9060
2 884 6891
2 3567 7130
2 1552 9126
2 266 1346
2 3079 3962
2 4525 5715
2 4544 4810
2 1794 2366
2 4222 8865
2 2912 8306
2 4268 8984
2 5110 5279
2 1315 9669
2 2078 9331
2 3190 9842
