10000 1000 1000
1 2
1 4
1 6
1 8
1 14
1 44
1 216
1 529
1 671
1 695
1 998
1 1108
1 1339
1 1426
1 1474
1 1597
1 1737
1 1762
1 2105
1 2401
1 2428
1 2586
1 2720
1 3310
1 3910
1 4018
1 4400
1 4499
1 4725
1 4896
1 5163
1 5197
1 5308
1 5382
1 5455
1 5496
1 5505
1 5737
1 5805
1 5967
1 6044
1 6278
1 6475
1 6568
1 7523
1 7537
1 7896
1 7962
1 8057
1 8093
1 8172
1 8810
1 9031
1 9445
1 9661
2 3
2 31
2 430
2 685
2 704
2 1276
2 1510
2 1620
2 1673
2 1861
2 2194
2 2311
2 2712
2 2822
2 2894
2 2919
2 2970
2 2997
2 3032
2 3416
2 3627
2 3698
2 3747
2 4044
2 4081
2 4196
2 4226
2 4277
2 4399
2 4470
2 4758
2 4986
2 5020
2 5065
2 5112
2 5265
2 5508
2 5541
2 5681
2 5734
2 5752
2 5823
2 5863
2 6110
2 6364
2 6375
2 6507
2 6537
2 7147
2 7344
2 7360
2 7395
2 7455
2 7480
2 7563
2 8157
2 8281
2 8317
2 8544
2 8768
2 8784
2 8825
2 8890
2 9456
2 9572
2 9809
3 5
3 13
3 51
3 340
3 497
3 727
3 1003
3 1055
3 1059
3 1363
3 1931
3 2302
3 2647
3 2775
3 2913
3 2985
3 3149
3 3159
3 3485
3 3531
3 3644
3 3700
3 3841
3 3866
3 4425
3 4697
3 4776
3 5025
3 5149
3 5283
3 5894
3 6203
3 6412
3 6547
3 6571
3 6670
3 6741
3 6885
3 6888
3 6909
3 6993
3 7043
3 7173
3 7281
3 7485
3 7633
3 8183
3 8692
3 8845
3 9138
3 9351
3 9455
3 9945
3 9973
4 27
4 174
4 866
4 918
4 1024
4 1028
4 1200
4 1452
4 1598
4 1699
4 1864
4 2010
4 2444
4 2491
4 2823
4 2936
4 3097
4 3301
4 3365
4 4050
4 4350
4 4643
4 4655
4 5135
4 5323
4 5431
4 5667
4 6231
4 6521
4 6616
4 6778
4 6856
4 7235
4 7637
4 7802
4 8297
4 8694
4 8914
4 9181
4 9610
4 9679
5 7
5 9
5 50
5 133
5 368
5 603
5 805
5 825
5 1095
5 1096
5 1371
5 1566
5 1738
5 1739
5 2012
5 2047
5 2758
5 2974
5 2998
5 3129
5 3234
5 3366
5 3367
5 3403
5 3780
5 3832
5 4166
5 4169
5 4306
5 4364
5 4415
5 4699
5 4909
5 5150
5 5510
5 5776
5 5840
5 6122
5 6280
5 6478
5 6585
5 6635
5 7087
5 7156
5 7170
5 7204
5 7262
5 7333
5 7711
5 7752
5 8097
5 8311
5 8478
5 8656
5 9133
5 9283
5 9408
5 9501
5 9509
5 9620
5 9672
5 9873
6 42
6 43
6 109
6 111
6 625
6 1092
6 1480
6 1745
6 2281
6 2357
6 2473
6 2615
6 2721
6 2745
6 2903
6 3100
6 3108
6 3610
6 3764
6 3944
6 4202
6 4802
6 4824
6 4861
6 5236
6 5380
6 5577
6 5780
6 6189
6 6326
6 6642
6 7035
6 7078
6 7137
6 7183
6 7654
6 7689
6 7969
6 8448
6 8652
6 8958
6 9137
6 9394
6 9396
6 9418
6 9482
6 9593
6 9622
6 9700
6 9859
6 9886
7 11
7 62
7 237
7 519
7 553
7 618
7 668
7 1544
7 2349
7 3442
7 3594
7 3720
7 3931
7 3998
7 4090
7 4160
7 4187
7 4257
7 4892
7 4938
7 5318
7 5933
7 5941
7 6381
7 6560
7 6729
7 6876
7 6964
7 7052
7 8258
7 8415
7 8429
7 8713
7 9009
7 9188
7 9318
7 9490
7 9513
8 12
8 16
8 20
8 131
8 233
8 445
8 456
8 773
8 834
8 1686
8 2121
8 2187
8 2453
8 2756
8 2878
8 3027
8 3114
8 3179
8 3474
8 3672
8 3840
8 3985
8 5024
8 6080
8 6151
8 6481
8 7256
8 7401
8 7520
8 7528
8 7993
8 8050
8 8513
8 8638
8 9015
8 9075
8 9369
8 9682
8 9870
9 10
9 38
9 79
9 84
9 195
9 254
9 689
9 836
9 1422
9 1768
9 1916
9 2526
9 3001
9 3132
9 3143
9 3171
9 3284
9 3488
9 3512
9 3544
9 3586
9 3637
9 3932
9 3971
9 3984
9 4019
9 4405
9 4505
9 4637
9 4705
9 4899
9 4990
9 5039
9 5091
9 5319
9 5479
9 5516
9 5539
9 5550
9 6024
9 6737
9 6771
9 6870
9 7257
9 7399
9 7653
9 8165
9 8168
9 8203
9 8277
9 8479
9 8539
9 8655
9 8994
9 9415
9 9446
9 9678
9 9778
9 9845
9 9934
10 24
10 34
10 40
10 142
10 798
10 1022
10 1283
10 1307
10 1444
10 1521
10 1682
10 1845
10 1877
10 1961
10 2006
10 2207
10 2208
10 2589
10 2944
10 2968
10 3076
10 3102
10 3320
10 3645
10 3670
10 3735
10 3865
10 4353
10 4540
10 4606
10 4631
10 4947
10 5062
10 5147
10 5324
10 5328
10 5346
10 5533
10 5547
10 5581
10 5611
10 5699
10 5722
10 6096
10 6202
10 6318
10 6529
10 6578
10 7022
10 7179
10 7233
10 7274
10 7340
10 7391
10 7578
10 7676
10 7783
10 8346
10 8362
10 8522
10 8924
10 9153
10 9220
10 9259
10 9317
10 9607
10 9696
11 32
11 155
11 532
11 627
11 663
11 921
11 1032
11 1047
11 1117
11 1196
11 1299
11 1539
11 1674
11 2216
11 2420
11 2661
11 2692
11 2869
11 3031
11 3431
11 3552
11 3660
11 3796
11 3920
11 3924
11 3963
11 4305
11 4910
11 5138
11 5670
11 5926
11 5931
11 5960
11 6126
11 6422
11 6868
11 7298
11 7601
11 7611
11 7749
11 7772
11 8009
11 8108
11 8287
11 8383
11 8727
11 9013
11 9307
11 9461
11 9522
11 9578
11 9911
12 21
12 35
12 61
12 551
12 617
12 1030
12 1144
12 1377
12 1538
12 1546
12 1838
12 2112
12 2169
12 2190
12 2367
12 2541
12 2921
12 2922
12 3258
12 3500
12 3739
12 3904
12 4269
12 4666
12 4704
12 4790
12 4803
12 4940
12 4980
12 5182
12 5329
12 5883
12 6427
12 6601
12 6617
12 7437
12 8074
12 8091
12 8408
12 8609
12 8686
12 8751
12 9148
12 9287
12 9290
12 9310
12 9359
12 9426
12 9536
12 9687
12 9721
12 9808
12 9854
12 9869
13 67
13 71
13 83
13 414
13 831
13 1369
13 1881
13 2184
13 2760
13 3046
13 3349
13 3364
13 3521
13 3728
13 4260
13 4715
13 4843
13 5018
13 5109
13 5143
13 5397
13 5509
13 5841
13 5934
13 6047
13 6675
13 6780
13 6980
13 7146
13 7927
13 8228
13 8702
13 9000
13 9035
13 9263
13 9371
13 9378
13 9439
13 9871
13 9938
14 15
14 33
14 37
14 45
14 98
14 138
14 144
14 184
14 352
14 732
14 916
14 1110
14 1183
14 1549
14 1551
14 1678
14 1866
14 2154
14 2351
14 2410
14 2982
14 3011
14 3273
14 3494
14 3507
14 3517
14 3752
14 4048
14 4382
14 4791
14 5017
14 5057
14 5058
14 5378
14 5844
14 6165
14 6713
14 6827
14 6988
14 7341
14 7759
14 7893
14 7932
14 8175
14 8639
14 8661
14 8674
14 8888
14 8960
14 8963
14 9126
14 9427
14 9601
14 9617
14 9635
15 17
15 25
15 1060
15 1102
15 1412
15 1755
15 1788
15 2352
15 2889
15 3324
15 3326
15 3338
15 3385
15 3525
15 3829
15 4453
15 4468
15 4816
15 4994
15 5390
15 5402
15 5415
15 5432
15 5475
15 5478
15 5573
15 5630
15 5652
15 6083
15 6098
15 6214
15 6277
15 6358
15 6441
15 6471
15 6512
15 6567
15 6669
15 7291
15 7345
15 7409
15 7411
15 7461
15 7569
15 7623
15 8046
15 8394
15 8904
15 9164
15 9208
15 9215
15 9332
16 18
16 30
16 96
16 168
16 686
16 856
16 939
16 1107
16 1177
16 1433
16 1610
16 1953
16 2202
16 2942
16 3005
16 3401
16 3599
16 3732
16 3799
16 3953
16 4354
16 4401
16 4481
16 4870
16 4883
16 5232
16 5266
16 5671
16 5801
16 5905
16 6102
16 6201
16 6354
16 6392
16 6681
16 6702
16 7278
16 7292
16 7370
16 7482
16 7730
16 7882
16 8353
16 8475
16 8625
16 8747
16 8854
16 8938
16 9061
16 9142
16 9313
16 9489
16 9727
16 9915
16 9970
17 29
17 46
17 91
17 294
17 860
17 961
17 1075
17 1216
17 1280
17 1306
17 1769
17 1963
17 2175
17 2211
17 2292
17 2418
17 2475
17 2482
17 2492
17 2843
17 3019
17 3388
17 3553
17 3606
17 3680
17 4083
17 4092
17 4146
17 4421
17 4786
17 5076
17 5108
17 5142
17 6175
17 6287
17 6310
17 6465
17 6939
17 7207
17 7269
17 7627
17 7768
17 7864
17 7945
17 8149
17 8717
17 8841
17 9526
17 9600
17 9627
17 9716
17 9802
17 9853
17 9996
18 19
18 97
18 136
18 279
18 438
18 667
18 694
18 819
18 920
18 996
18 1112
18 1148
18 1576
18 2299
18 3087
18 3269
18 3415
18 3420
18 3694
18 3706
18 3828
18 4218
18 4492
18 4701
18 5035
18 5543
18 5658
18 5766
18 5826
18 5833
18 6209
18 6845
18 7036
18 7197
18 7576
18 7964
18 8113
18 8164
18 8454
18 8545
18 8557
18 8677
18 8878
18 9030
18 9050
18 9179
18 9248
18 9331
18 9557
18 9562
18 9621
18 9671
18 9725
19 73
19 282
19 558
19 861
19 882
19 1398
19 1400
19 1759
19 1827
19 1843
19 1965
19 2079
19 2091
19 2099
19 2119
19 2205
19 2217
19 2220
19 2742
19 2768
19 2966
19 2972
19 3080
19 3406
19 3463
19 3712
19 3885
19 4313
19 4781
19 4880
19 5173
19 5504
19 6051
19 6150
19 6452
19 6597
19 6606
19 7336
19 7414
19 7596
19 7833
19 7923
19 8327
19 8624
19 8780
19 8839
19 8943
19 8967
19 8979
19 9072
19 9121
19 9151
19 9402
19 9658
19 9694
20 156
20 209
20 822
20 1057
20 1071
20 1125
20 1203
20 1500
20 1621
20 2130
20 2246
20 2260
20 2300
20 2324
20 2383
20 2484
20 2830
20 3288
20 4067
20 4212
20 4231
20 4283
20 5067
20 5206
20 5273
20 5316
20 5649
20 5692
20 5917
20 5947
20 6654
20 6743
20 6903
20 6970
20 7175
20 7381
20 7543
20 7661
20 7684
20 8045
20 8064
20 8523
20 8574
20 8577
20 8983
20 9114
20 9161
20 9207
20 9219
21 22
21 23
21 69
21 108
21 305
21 471
21 1348
21 1385
21 1419
21 1469
21 1470
21 1550
21 1702
21 1703
21 1904
21 2412
21 2550
21 2557
21 2839
21 3058
21 3314
21 3489
21 3632
21 3884
21 4009
21 4102
21 4175
21 4190
21 4623
21 4702
21 4926
21 5103
21 5274
21 5763
21 5771
21 6371
21 6411
21 6511
21 6692
21 6794
21 7330
21 7908
21 8560
21 8641
21 8665
21 8711
21 8791
21 9089
21 9777
21 9874
22 49
22 66
22 396
22 540
22 1056
22 1228
22 1630
22 1687
22 1802
22 1944
22 3355
22 3383
22 3441
22 3570
22 3699
22 3740
22 3751
22 4328
22 4398
22 4593
22 4602
22 4916
22 4934
22 5033
22 5349
22 5440
22 5736
22 5828
22 5972
22 6008
22 6154
22 6164
22 6282
22 6593
22 6841
22 7016
22 7380
22 7453
22 7590
22 7826
22 7918
22 8142
22 8554
22 8590
22 8630
22 8736
22 8778
22 9199
22 9239
22 9472
22 9592
22 9900
22 9958
23 39
23 118
23 543
23 907
23 1008
23 1039
23 1068
23 1157
23 1296
23 1390
23 1585
23 1669
23 1795
23 1798
23 1872
23 1893
23 2115
23 2424
23 2653
23 2779
23 2915
23 3109
23 3291
23 3464
23 3900
23 3929
23 4013
23 4167
23 4546
23 4728
23 4753
23 4985
23 5168
23 5307
23 5522
23 5599
23 5637
23 5968
23 5979
23 6033
23 6400
23 6696
23 6990
23 8660
23 8842
23 8909
23 9193
24 41
24 72
24 105
24 126
24 151
24 264
24 376
24 463
24 756
24 891
24 1146
24 1224
24 2266
24 2719
24 3376
24 3381
24 3391
24 3598
24 3882
24 4005
24 4116
24 4165
24 4188
24 4473
24 5070
24 5269
24 5363
24 5526
24 5562
24 5694
24 5799
24 5809
24 5866
24 6233
24 6275
24 6385
24 6740
24 6835
24 6886
24 7332
24 7920
24 8254
24 8349
24 9155
25 26
25 134
25 268
25 512
25 515
25 635
25 705
25 1062
25 1357
25 1909
25 2141
25 2291
25 2371
25 2678
25 2890
25 3146
25 3509
25 3633
25 3683
25 3684
25 3805
25 3876
25 3983
25 4026
25 4348
25 4465
25 4782
25 4893
25 5624
25 5845
25 5872
25 6138
25 6785
25 6907
25 6914
25 6924
25 7214
25 7425
25 7538
25 8024
25 8445
25 8482
25 8567
25 8646
25 8775
25 9156
25 9216
25 9294
25 9693
25 9794
25 9924
26 28
26 47
26 94
26 262
26 303
26 390
26 599
26 641
26 1596
26 1706
26 1962
26 2431
26 2499
26 2691
26 2931
26 2954
26 3107
26 3261
26 3646
26 3853
26 4205
26 4539
26 4681
26 4829
26 4837
26 4847
26 4963
26 4981
26 5042
26 5151
26 5704
26 5744
26 6315
26 6613
26 7044
26 7131
26 7228
26 7552
26 8085
26 8158
26 8687
26 8977
26 9335
26 9376
26 9726
27 476
27 1001
27 1066
27 1284
27 1352
27 1424
27 1459
27 1574
27 1640
27 1957
27 2397
27 2750
27 2774
27 2995
27 3743
27 3935
27 3952
27 4058
27 4290
27 4457
27 4488
27 4513
27 4547
27 4632
27 4636
27 4659
27 5044
27 5407
27 5476
27 5517
27 5548
27 5571
27 5772
27 5839
27 6299
27 6410
27 6448
27 6487
27 6917
27 6971
27 7041
27 7368
27 7541
27 7586
27 7619
27 7922
27 8153
27 8335
27 8407
27 8606
27 8611
27 8816
27 9058
27 9173
27 9308
27 9353
27 9615
27 9755
27 9812
27 9838
28 56
28 122
28 260
28 682
28 988
28 1053
28 1667
28 1724
28 1932
28 2331
28 2504
28 2538
28 2847
28 3057
28 3282
28 3456
28 3748
28 3827
28 3986
28 4347
28 4422
28 4673
28 4710
28 4717
28 4838
28 4962
28 5133
28 5827
28 6025
28 6541
28 6674
28 6902
28 7232
28 7452
28 7599
28 7831
28 8053
28 8387
28 8612
28 8724
28 8831
28 9024
28 9197
28 9250
28 9265
28 9399
28 9878
29 93
29 678
29 735
29 750
29 1359
29 1405
29 2044
29 2087
29 2599
29 2811
29 2820
29 3055
29 3106
29 3203
29 3350
29 3432
29 3638
29 3794
29 4045
29 4134
29 4318
29 4343
29 4459
29 4565
29 4603
29 4789
29 4811
29 5281
29 5638
29 6048
29 6304
29 6361
29 6409
29 6871
29 6906
29 7255
29 7271
29 7384
29 7614
29 7694
29 7774
29 7788
29 7845
29 7983
29 8073
29 8587
29 8964
29 9568
29 9632
29 9639
29 9649
29 9928
30 85
30 135
30 335
30 441
30 475
30 488
30 538
30 636
30 643
30 691
30 959
30 1670
30 1771
30 2094
30 2511
30 3013
30 3136
30 3642
30 3782
30 3807
30 3982
30 4185
30 4406
30 4638
30 4683
30 4832
30 5005
30 5139
30 5365
30 5443
30 5453
30 5459
30 5632
30 5640
30 5804
30 5936
30 5986
30 6054
30 6283
30 6396
30 6658
30 6679
30 6817
30 7117
30 7130
30 7308
30 7315
30 7394
30 7505
30 7859
30 7958
30 8503
30 9449
30 9585
30 9683
30 9813
30 9925
30 9968
31 48
31 64
31 82
31 149
31 400
31 569
31 669
31 1073
31 1156
31 1742
31 1859
31 2229
31 2239
31 2283
31 2378
31 2402
31 2448
31 2602
31 2766
31 3387
31 3527
31 3548
31 3590
31 5001
31 5124
31 5228
31 5392
31 5491
31 5588
31 6057
31 6439
31 6632
31 6671
31 6843
31 6883
31 6920
31 7073
31 7148
31 7335
31 7393
31 7860
31 7992
31 8261
31 8318
31 8339
31 8663
31 8787
31 8892
31 8998
31 9081
31 9412
31 9688
31 9720
32 166
32 486
32 718
32 1114
32 1247
32 1631
32 2024
32 2064
32 2106
32 2152
32 2200
32 2225
32 2275
32 2613
32 2662
32 2959
32 3263
32 3498
32 4055
32 4181
32 4360
32 4762
32 4808
32 5549
32 5629
32 5842
32 5897
32 6099
32 6160
32 6587
32 6976
32 7141
32 7249
32 7287
32 7575
32 7650
32 7814
32 7914
32 8020
32 8048
32 8104
32 8148
32 8202
32 8219
32 8379
32 8428
32 9268
32 9282
32 9386
32 9602
32 9780
32 9793
32 9902
32 9983
33 52
33 113
33 431
33 437
33 494
33 527
33 539
33 562
33 809
33 944
33 1594
33 1646
33 1720
33 1825
33 1835
33 1858
33 1977
33 1992
33 2109
33 2210
33 2288
33 2558
33 2594
33 2739
33 2896
33 2901
33 3004
33 3093
33 3256
33 3281
33 3294
33 3505
33 3626
33 3802
33 3987
33 4025
33 4115
33 4184
33 4262
33 4334
33 4449
33 4452
33 4489
33 4584
33 4622
33 4723
33 5032
33 5654
33 5921
33 5924
33 6049
33 6131
33 6172
33 6286
33 6609
33 6648
33 6767
33 6923
33 6926
33 6985
33 7068
33 7082
33 7164
33 7169
33 7657
33 7811
33 7820
33 8268
33 8385
33 8397
33 8524
33 8991
33 9014
33 9044
33 9339
33 9393
33 9856
33 9931
34 448
34 666
34 818
34 840
34 883
34 1171
34 1342
34 1952
34 2642
34 2741
34 2773
34 3486
34 3573
34 3919
34 4011
34 4059
34 4097
34 4157
34 4530
34 4898
34 4952
34 5292
34 5396
34 5456
34 5811
34 5939
34 5989
34 6236
34 6382
34 6667
34 6944
34 6997
34 7205
34 7844
34 7847
34 8105
34 8264
34 8491
34 8583
34 8913
34 8952
34 9115
34 9160
34 9237
34 9552
34 9932
35 36
35 65
35 633
35 710
35 999
35 1046
35 1415
35 1595
35 1981
35 2014
35 2050
35 2052
35 2129
35 2213
35 2665
35 2947
35 3285
35 3337
35 3482
35 3514
35 3779
35 3993
35 3996
35 4066
35 4084
35 4096
35 4396
35 4760
35 5036
35 5102
35 5181
35 5183
35 5774
35 5904
35 6167
35 6330
35 7064
35 7550
35 8403
35 8450
35 8830
35 8883
35 8992
36 53
36 157
36 857
36 1311
36 1534
36 1632
36 1926
36 2108
36 2189
36 2425
36 2447
36 2554
36 2886
36 3073
36 3187
36 3313
36 3354
36 3842
36 3965
36 4029
36 4322
36 4787
36 4836
36 5041
36 5144
36 5202
36 5944
36 5966
36 5973
36 6245
36 6367
36 6376
36 6386
36 6910
36 7119
36 7408
36 7778
36 8095
36 8211
36 8359
36 8595
36 8701
36 8785
36 8806
36 8856
36 9107
36 9288
36 9559
36 9605
36 9664
36 9796
37 1239
37 1555
37 1913
37 2270
37 2284
37 2472
37 2625
37 3287
37 3562
37 3613
37 3705
37 3750
37 3757
37 4506
37 4554
37 4741
37 5098
37 5166
37 5192
37 5243
37 5592
37 5610
37 6341
37 6426
37 6532
37 6599
37 6612
37 6627
37 6824
37 6842
37 7433
37 8051
37 8212
37 8279
37 8559
37 9241
37 9334
37 9340
37 9362
37 9576
37 9619
37 9753
38 60
38 148
38 227
38 777
38 1094
38 1316
38 1587
38 1604
38 1968
38 1982
38 2027
38 2036
38 2148
38 2248
38 2563
38 2815
38 2955
38 3152
38 3266
38 3530
38 3656
38 3692
38 3741
38 4065
38 4137
38 4860
38 5060
38 5215
38 5225
38 5344
38 5373
38 5665
38 5865
38 6053
38 6199
38 6210
38 6307
38 6460
38 6656
38 6718
38 7112
38 7618
38 7645
38 8161
38 8298
38 8367
38 9033
38 9104
38 9292
38 9299
38 9368
38 9723
38 9760
39 286
39 462
39 808
39 1194
39 1735
39 1801
39 1824
39 1833
39 2015
39 2875
39 3024
39 3186
39 3372
39 3458
39 3890
39 3988
39 4389
39 4511
39 4616
39 4780
39 4927
39 4956
39 5223
39 5634
39 5940
39 6020
39 6023
39 6360
39 6424
39 6555
39 6574
39 6699
39 6867
39 7254
39 7288
39 7347
39 8015
39 8143
39 8252
39 8872
39 8896
39 9103
39 9221
39 9545
39 9609
39 9903
39 9909
40 100
40 119
40 251
40 404
40 776
40 956
40 1885
40 2429
40 2969
40 3421
40 3495
40 3508
40 3657
40 3666
40 3946
40 4027
40 4056
40 4307
40 4446
40 4582
40 4680
40 4953
40 5055
40 5486
40 5585
40 5730
40 5773
40 6716
40 6948
40 7071
40 7210
40 7304
40 7534
40 7696
40 7840
40 7986
40 8300
40 8443
40 8720
40 8981
40 8993
40 9032
40 9882
40 9979
41 57
41 458
41 578
41 827
41 1387
41 1451
41 1495
41 1519
41 1936
41 1946
41 2002
41 2373
41 2450
41 2812
41 2860
41 3194
41 3630
41 3643
41 4046
41 4296
41 5371
41 5528
41 5556
41 5892
41 6032
41 6169
41 6285
41 6323
41 6334
41 6345
41 6854
41 7328
41 7506
41 7678
41 8041
41 8337
41 8354
41 8434
41 8699
41 9329
41 9400
41 9553
41 9805
42 223
42 290
42 455
42 560
42 570
42 886
42 1170
42 1263
42 1386
42 1475
42 2272
42 2421
42 2579
42 2626
42 2746
42 4569
42 4696
42 4761
42 5015
42 6155
42 6194
42 6316
42 6457
42 7547
42 7559
42 7617
42 7902
42 8470
42 8485
42 9113
42 9670
43 59
43 466
43 629
43 637
43 700
43 974
43 1257
43 1715
43 1911
43 1943
43 1960
43 2199
43 2622
43 2916
43 3174
43 3180
43 3468
43 3581
43 3821
43 3867
43 4106
43 4140
43 4193
43 4707
43 4756
43 4839
43 4955
43 5203
43 5219
43 5466
43 5584
43 5690
43 6046
43 6060
43 6337
43 6446
43 6495
43 6641
43 7571
43 7849
43 8022
43 8025
43 8310
43 8380
43 8585
43 9312
43 9662
43 9776
44 58
44 80
44 370
44 747
44 951
44 995
44 997
44 1204
44 1439
44 1626
44 2165
44 2226
44 2992
44 3098
44 3207
44 3239
44 3526
44 3914
44 4139
44 4170
44 4304
44 4374
44 4410
44 4534
44 4609
44 5072
44 5079
44 5207
44 5354
44 5409
44 5625
44 5976
44 5997
44 6168
44 6252
44 6254
44 6366
44 7020
44 7225
44 7382
44 7460
44 7695
44 7741
44 7786
44 7804
44 7885
44 8323
44 8766
44 8864
44 8984
44 9618
44 9920
44 9926
45 78
45 153
45 467
45 873
45 908
45 1290
45 1300
45 1366
45 1547
45 2073
45 2670
45 2859
45 2960
45 3045
45 3050
45 3445
45 4158
45 4402
45 4500
45 4560
45 4724
45 4759
45 4928
45 4996
45 5002
45 5048
45 5167
45 5326
45 5559
45 5561
45 6273
45 6291
45 6344
45 6747
45 6823
45 6833
45 7079
45 7495
45 7656
45 7762
45 7769
45 7846
45 7976
45 8086
45 8120
45 8355
45 8576
45 8594
45 8734
45 8918
45 8978
45 9468
45 9528
45 9542
45 9579
45 9657
45 9719
45 9789
46 222
46 457
46 737
46 894
46 1192
46 1485
46 1884
46 2337
46 2553
46 2567
46 2697
46 2835
46 3231
46 3278
46 3292
46 3297
46 3582
46 3623
46 3678
46 3877
46 4119
46 4144
46 4147
46 4265
46 4282
46 4294
46 4370
46 4651
46 5369
46 5530
46 5542
46 5595
46 5820
46 5836
46 6038
46 6100
46 6173
46 6619
46 6784
46 6801
46 7067
46 7299
46 7605
46 7868
46 7985
46 8370
46 8499
46 8506
46 8600
46 8635
46 8667
46 9078
46 9324
46 9556
46 9569
46 9736
46 9784
46 9850
46 9864
46 9872
46 9897
46 9922
46 9930
47 54
47 75
47 219
47 607
47 903
47 1089
47 1320
47 1438
47 1464
47 1588
47 1672
47 1736
47 2025
47 2065
47 2197
47 2305
47 2465
47 2568
47 2681
47 2862
47 3075
47 3104
47 3308
47 3353
47 3447
47 3538
47 3766
47 3917
47 3937
47 4071
47 4418
47 4647
47 4720
47 4806
47 4869
47 4877
47 5377
47 5768
47 6004
47 6191
47 6288
47 6363
47 6579
47 7115
47 7245
47 7424
47 7669
47 7894
47 7905
47 8027
47 8696
47 9453
47 9515
47 9539
47 9550
48 74
48 444
48 509
48 672
48 753
48 978
48 1392
48 1508
48 1691
48 1832
48 2067
48 2256
48 2790
48 2935
48 3276
48 3818
48 4103
48 4123
48 4497
48 4973
48 5136
48 5648
48 6302
48 6689
48 7302
48 7412
48 7463
48 7594
48 7911
48 8021
48 8223
48 8330
48 8468
48 8534
48 8548
48 9271
48 9975
49 146
49 179
49 608
49 969
49 1015
49 1476
49 1792
49 1937
49 2286
49 2346
49 2398
49 2682
49 3067
49 3546
49 4145
49 4204
49 4263
49 4642
49 4687
49 4792
49 4968
49 5097
49 5158
49 5723
49 5795
49 5957
49 6313
49 6319
49 6826
49 6956
49 7072
49 7085
49 7365
49 7562
49 7566
49 7567
49 7616
49 8082
49 8372
49 8477
49 8487
49 8815
49 9135
49 9851
49 9881
49 9987
50 68
50 281
50 308
50 583
50 817
50 923
50 1191
50 1754
50 1905
50 2011
50 2019
50 2306
50 2408
50 2630
50 2737
50 2799
50 2866
50 2892
50 2996
50 3184
50 3236
50 3429
50 3516
50 3523
50 3881
50 3896
50 4095
50 4101
50 4335
50 4392
50 4404
50 4588
50 5288
50 5715
50 5860
50 6070
50 6152
50 6217
50 6430
50 6570
50 7189
50 7227
50 7378
50 7474
50 7513
50 8026
50 8034
50 8146
50 8390
50 8597
50 8598
50 8880
50 9037
50 9150
50 9474
50 9494
51 90
51 234
51 319
51 354
51 408
51 416
51 763
51 1080
51 1277
51 1282
51 1507
51 1532
51 1731
51 2414
51 3018
51 3268
51 3274
51 3319
51 3334
51 3490
51 4207
51 4241
51 4268
51 4485
51 5100
51 5104
51 5299
51 5653
51 6031
51 6265
51 6459
51 6490
51 6791
51 7059
51 7507
51 7568
51 7662
51 8078
51 8462
51 8792
51 8812
51 8932
51 8980
51 9264
51 9614
51 9863
52 55
52 63
52 143
52 180
52 549
52 799
52 853
52 1127
52 1164
52 1229
52 1417
52 1443
52 2051
52 2075
52 2415
52 2455
52 2729
52 3206
52 3264
52 3704
52 3893
52 4110
52 4357
52 4757
52 4850
52 5114
52 5398
52 6087
52 6534
52 6812
52 6963
52 7110
52 7903
52 8173
52 8672
52 8753
52 8777
52 8813
52 8824
52 8973
52 9304
52 9311
52 9616
52 9650
52 9710
52 9961
52 9969
53 787
53 885
53 914
53 982
53 1189
53 1275
53 1334
53 1656
53 2090
53 2326
53 2533
53 2818
53 2828
53 3197
53 3322
53 3540
53 3791
53 3869
53 4345
53 4388
53 4617
53 4652
53 4671
53 4891
53 5099
53 5129
53 5212
53 5246
53 5352
53 5641
53 6019
53 6097
53 6496
53 6727
53 6755
53 6770
53 6932
53 7019
53 7042
53 7355
53 7682
53 7700
53 7980
53 8098
53 8826
53 9251
53 9349
53 9405
53 9443
54 92
54 202
54 292
54 321
54 386
54 645
54 729
54 820
54 888
54 963
54 1135
54 1208
54 1236
54 1287
54 1466
54 1601
54 1710
54 1837
54 1920
54 1971
54 1972
54 2389
54 2945
54 3017
54 3213
54 3335
54 3423
54 3661
54 3724
54 3973
54 4280
54 4427
54 5237
54 5862
54 6036
54 6111
54 6353
54 6663
54 6664
54 6722
54 6846
54 7000
54 7075
54 7153
54 7540
54 8071
54 8147
54 8213
54 8269
54 8540
54 8618
54 9786
54 9801
54 9816
54 9835
54 9891
55 177
55 190
55 715
55 1019
55 1406
55 1770
55 1918
55 1966
55 2100
55 2164
55 2254
55 2285
55 2581
55 2637
55 3043
55 3177
55 3800
55 4017
55 4057
55 4125
55 4316
55 4429
55 4430
55 4491
55 4975
55 5301
55 5320
55 5589
55 5707
55 5829
55 5874
55 5888
55 6068
55 6518
55 6519
55 7113
55 7237
55 7266
55 7454
55 7539
55 7587
55 8129
55 8316
55 8348
55 8651
55 8733
55 8866
55 8968
55 9200
56 1040
56 1119
56 1477
56 1483
56 1491
56 1536
56 1723
56 1822
56 1996
56 2060
56 2249
56 2392
56 2430
56 2789
56 2792
56 3014
56 3051
56 3117
56 3125
56 3312
56 3332
56 3360
56 3564
56 3579
56 3848
56 4245
56 4436
56 4628
56 4915
56 4966
56 4967
56 5087
56 5126
56 5176
56 5263
56 5711
56 5994
56 6022
56 6062
56 6414
56 6540
56 6758
56 6793
56 6832
56 6941
56 7190
56 7710
56 7758
56 7884
56 7937
56 8092
56 8176
56 8266
56 8413
56 8421
56 8520
56 8744
56 8844
56 8925
56 9763
56 9954
57 103
57 245
57 328
57 401
57 531
57 712
57 1085
57 1396
57 1849
57 2423
57 2458
57 2518
57 2898
57 2986
57 3614
57 3962
57 3966
57 4131
57 4176
57 4255
57 4273
57 4478
57 4908
57 5306
57 5446
57 5977
57 6013
57 6185
57 6556
57 6643
57 6690
57 6739
57 6887
57 6957
57 7027
57 7185
57 7624
57 7744
57 7900
57 8255
57 8262
57 8272
57 8358
57 8649
57 8705
57 8898
57 9257
57 9295
57 9558
57 9734
57 9751
57 9781
58 76
58 77
58 348
58 429
58 1051
58 1223
58 1336
58 1355
58 1430
58 1628
58 1643
58 1811
58 1878
58 2176
58 2290
58 2385
58 2493
58 2562
58 2900
58 3059
58 3082
58 3192
58 3942
58 3974
58 4431
58 4508
58 4669
58 4804
58 4825
58 5011
58 5441
58 5646
58 6034
58 6227
58 6258
58 6335
58 6514
58 6639
58 7058
58 7186
58 7230
58 7406
58 7625
58 7663
58 7748
58 7848
58 7926
58 8621
58 8644
58 8867
58 9204
58 9654
59 120
59 338
59 366
59 417
59 754
59 1021
59 1698
59 1758
59 1880
59 1933
59 2096
59 2145
59 2196
59 2590
59 2864
59 3096
59 3138
59 3616
59 3783
59 3806
59 4143
59 4213
59 4372
59 4507
59 4658
59 4845
59 5379
59 5463
59 5535
59 5791
59 6174
59 6343
59 6349
59 6638
59 6774
59 6893
59 7150
59 7219
59 7259
59 7494
59 7499
59 7508
59 7595
59 7674
59 7697
59 7754
59 7916
59 8055
59 8167
59 8181
59 8425
59 8432
59 8627
59 8653
59 8897
59 8907
59 9644
59 9758
60 86
60 88
60 469
60 709
60 779
60 895
60 958
60 1002
60 1016
60 1033
60 1162
60 1292
60 1494
60 1578
60 1665
60 1785
60 1871
60 1897
60 1923
60 2069
60 2166
60 2476
60 2991
60 3123
60 3250
60 3252
60 3393
60 3433
60 3718
60 3888
60 3930
60 4199
60 4291
60 4327
60 5552
60 5661
60 5846
60 6171
60 6368
60 6406
60 6969
60 6989
60 7105
60 7238
60 7501
60 7723
60 8084
60 8191
60 8233
60 8471
60 8529
60 9123
60 9258
60 9357
60 9360
60 9575
60 9595
60 9779
60 9822
61 811
61 1259
61 1347
61 1373
61 1411
61 1583
61 1704
61 1744
61 2433
61 2454
61 2842
61 2867
61 2897
61 3003
61 3044
61 3161
61 3215
61 3351
61 3801
61 3943
61 4002
61 4271
61 4826
61 4959
61 5275
61 5726
61 5932
61 6124
61 6249
61 6403
61 6688
61 7015
61 7465
61 7570
61 7579
61 7603
61 7609
61 7628
61 7791
61 7834
61 8221
61 8853
61 8985
61 9252
61 9303
61 9714
61 9839
62 288
62 670
62 928
62 1121
62 1279
62 1511
62 1531
62 1533
62 1548
62 1794
62 2233
62 2264
62 2327
62 2446
62 2858
62 3225
62 3511
62 4091
62 4363
62 4377
62 4414
62 4964
62 5156
62 5241
62 5831
62 6450
62 6506
62 6559
62 6710
62 6756
62 6777
62 6983
62 7129
62 7177
62 7496
62 7504
62 8614
62 8723
62 8970
62 8972
62 9175
62 9182
62 9210
62 9336
62 9447
62 9783
63 230
63 250
63 557
63 701
63 708
63 746
63 780
63 783
63 806
63 1261
63 1382
63 1445
63 1727
63 1986
63 1993
63 2054
63 2153
63 2452
63 2660
63 3007
63 3369
63 3834
63 3891
63 4441
63 4668
63 4686
63 5418
63 5604
63 5605
63 5703
63 6284
63 6373
63 6820
63 6875
63 7279
63 7293
63 7371
63 7572
63 7707
63 7851
63 7944
63 7997
63 8326
63 8368
63 9041
63 9053
63 9211
63 9238
63 9603
64 116
64 121
64 210
64 283
64 596
64 726
64 906
64 1037
64 1212
64 1344
64 1372
64 1515
64 1625
64 1719
64 1787
64 2323
64 2437
64 2462
64 2802
64 2914
64 2930
64 2932
64 3025
64 3170
64 3358
64 3693
64 3831
64 4448
64 4732
64 4734
64 4755
64 4815
64 4901
64 5261
64 5285
64 5314
64 5342
64 5461
64 6117
64 6196
64 6239
64 6272
64 7518
64 7622
64 8066
64 8179
64 8592
64 8664
64 8688
64 8738
64 8803
64 9560
64 9584
64 9842
64 9852
65 347
65 640
65 673
65 722
65 816
65 1142
65 1154
65 1190
65 1374
65 1612
65 1649
65 1928
65 2058
65 2263
65 2580
65 2788
65 3144
65 3185
65 3201
65 3422
65 3535
65 3554
65 3845
65 3880
65 4258
65 4287
65 4362
65 4747
65 4998
65 5184
65 5276
65 6085
65 6159
65 6379
65 6489
65 6576
65 6731
65 6975
65 6998
65 7200
65 7415
65 7764
65 7770
65 7942
65 8152
65 8159
65 8550
65 8739
65 9358
65 9361
65 9466
66 256
66 517
66 554
66 788
66 830
66 929
66 1011
66 1130
66 1188
66 1264
66 1608
66 1629
66 1705
66 1746
66 2582
66 2641
66 2677
66 2699
66 2852
66 3021
66 3133
66 3229
66 3277
66 3448
66 3560
66 3835
66 3948
66 4141
66 4182
66 4527
66 4857
66 4943
66 5137
66 5175
66 5196
66 5361
66 5381
66 5439
66 5454
66 5492
66 5523
66 5626
66 5871
66 5962
66 6144
66 6442
66 6640
66 6872
66 6946
66 7167
66 7356
66 7545
66 7647
66 7737
66 7775
66 7821
66 8127
66 8154
66 8237
66 8531
66 8563
66 8930
66 9243
66 9302
67 128
67 322
67 432
67 442
67 1014
67 1323
67 1666
67 1753
67 2471
67 2551
67 2702
67 2851
67 3156
67 3217
67 3472
67 3746
67 3856
67 4107
67 4209
67 4286
67 4914
67 5259
67 5321
67 5754
67 6072
67 6093
67 6156
67 6425
67 6590
67 6848
67 6853
67 7076
67 7124
67 7283
67 7318
67 7407
67 7514
67 7526
67 7679
67 7924
67 7974
67 8058
67 8128
67 8659
67 8730
67 8860
67 9051
67 9244
67 9276
67 9414
67 9524
67 9532
67 9965
68 70
68 145
68 293
68 327
68 563
68 765
68 933
68 1301
68 1354
68 1361
68 1437
68 1496
68 1512
68 1516
68 2021
68 2183
68 2191
68 2255
68 2355
68 2461
68 2708
68 2754
68 2891
68 3077
68 3601
68 3668
68 4229
68 4440
68 4442
68 4948
68 5157
68 5738
68 6130
68 6134
68 6516
68 6520
68 6603
68 7192
68 7358
68 7363
68 7375
68 7388
68 7675
68 8110
68 8171
68 8226
68 8274
68 8328
68 8357
68 8365
68 8526
68 8754
68 9006
68 9356
68 9643
68 9998
69 115
69 188
69 452
69 581
69 775
69 793
69 1333
69 1378
69 1648
69 2086
69 2156
69 2703
69 2713
69 2752
69 3249
69 3303
69 3483
69 3846
69 4542
69 5118
69 5743
69 6067
69 6101
69 6182
69 6322
69 6384
69 6437
69 7515
69 7703
69 7777
69 7906
69 8243
69 8273
69 8637
69 8899
69 8933
69 9060
69 9066
69 9330
69 9626
70 420
70 518
70 606
70 725
70 934
70 1065
70 1077
70 1368
70 1688
70 1891
70 1922
70 2053
70 2081
70 2362
70 2386
70 2643
70 3029
70 3774
70 4281
70 4309
70 4515
70 4518
70 4812
70 5089
70 5204
70 5253
70 5287
70 5498
70 5668
70 5762
70 5803
70 5832
70 5990
70 5998
70 6314
70 6779
70 6878
70 7013
70 7047
70 7203
70 7280
70 7445
70 7610
70 7869
70 7961
70 8069
70 8263
70 8307
70 8393
70 8483
70 8543
70 9095
70 9139
70 9185
70 9485
70 9587
71 185
71 547
71 703
71 851
71 910
71 1237
71 1356
71 1365
71 1541
71 2049
71 2257
71 2316
71 2617
71 3333
71 3339
71 3377
71 3636
71 3687
71 3781
71 3803
71 4221
71 4333
71 4484
71 4608
71 4664
71 4693
71 4902
71 5330
71 5400
71 5484
71 5680
71 5682
71 5748
71 5849
71 6190
71 6408
71 6545
71 6615
71 6934
71 6996
71 7094
71 7544
71 7850
71 8131
71 8217
71 8306
71 8668
71 9084
71 9213
71 9591
71 9676
71 9935
71 9972
72 81
72 331
72 349
72 582
72 989
72 1078
72 1733
72 1772
72 1896
72 2098
72 2293
72 2329
72 2521
72 2531
72 2805
72 2965
72 2984
72 3443
72 4126
72 4163
72 4352
72 4483
72 4684
72 5325
72 5347
72 5368
72 5725
72 5759
72 5988
72 6065
72 6123
72 6435
72 6622
72 6855
72 7377
72 7420
72 7478
72 7589
72 7760
72 7938
72 8569
72 9345
72 9352
73 125
73 314
73 489
73 495
73 652
73 656
73 878
73 1657
73 2013
73 2261
73 2517
73 2672
73 2831
73 2994
73 3961
73 3976
73 4076
73 4118
73 4261
73 4494
73 4630
73 4933
73 4957
73 4979
73 5284
73 5425
73 5445
73 5525
73 5834
73 5935
73 5971
73 6071
73 6079
73 6105
73 6212
73 6347
73 6458
73 6804
73 7155
73 7206
73 7211
73 7581
73 7787
73 7888
73 8160
73 8189
73 8251
73 8257
73 8290
73 8438
73 8553
73 8953
73 9159
73 9169
73 9442
73 9583
73 9589
73 9659
73 9824
74 89
74 325
74 332
74 333
74 552
74 624
74 713
74 744
74 794
74 979
74 1025
74 1221
74 1998
74 2083
74 2227
74 2763
74 2796
74 2975
74 3362
74 4386
74 4387
74 4438
74 4661
74 4711
74 4713
74 4730
74 5007
74 5359
74 5434
74 5627
74 5710
74 5802
74 6010
74 6014
74 6184
74 6218
74 6724
74 6943
74 7275
74 7313
74 7321
74 7339
74 7362
74 8186
74 8224
74 8452
74 8469
74 8801
74 9120
74 9424
74 9646
75 301
75 385
75 485
75 534
75 983
75 1041
75 1253
75 2317
75 2339
75 2439
75 2515
75 2644
75 3167
75 3589
75 4015
75 4033
75 4068
75 4120
75 4583
75 4708
75 4862
75 4888
75 4930
75 5073
75 5123
75 5220
75 5235
75 5238
75 5511
75 5575
75 5697
75 5912
75 6141
75 6348
75 6359
75 6515
75 6936
75 7033
75 7217
75 7419
75 7484
75 7602
75 7743
75 7806
75 7963
75 8036
75 8246
75 8398
75 8444
75 8514
75 8746
75 9132
75 9196
76 284
76 630
76 728
76 1074
76 1185
76 1242
76 1481
76 1615
76 1633
76 1696
76 1999
76 2335
76 2871
76 3127
76 4012
76 4558
76 4674
76 5096
76 5130
76 5177
76 5582
76 5617
76 5709
76 5732
76 5764
76 5767
76 5954
76 5982
76 5984
76 6121
76 6271
76 6378
76 6503
76 6693
76 7006
76 7051
76 7327
76 7681
76 7960
76 8194
76 8229
76 8541
76 9052
76 9111
77 106
77 246
77 580
77 598
77 638
77 677
77 862
77 1099
77 1241
77 1650
77 1763
77 1836
77 1899
77 2031
77 2405
77 2544
77 2640
77 2694
77 2910
77 3555
77 3703
77 4180
77 4365
77 4412
77 4451
77 5401
77 5628
77 6230
77 6242
77 6508
77 7056
77 7351
77 7634
77 7706
77 7739
77 7975
77 8302
77 8488
77 8795
77 8987
77 9005
77 9073
77 9354
77 9815
78 207
78 369
78 800
78 971
78 1049
78 1210
78 1293
78 1786
78 1875
78 1879
78 2122
78 2142
78 2716
78 3128
78 3408
78 3481
78 3899
78 4223
78 4275
78 4366
78 4533
78 4615
78 4675
78 5085
78 5310
78 5792
78 5824
78 5943
78 6148
78 6281
78 6644
78 6949
78 7174
78 7825
78 7987
78 8305
78 8433
78 8820
78 9733
79 152
79 252
79 259
79 684
79 1215
79 1308
79 1421
79 1427
79 1567
79 1693
79 1819
79 1990
79 2336
79 2347
79 2390
79 2612
79 2700
79 2732
79 3034
79 3344
79 3438
79 3789
79 3912
79 3936
79 4315
79 4368
79 4751
79 4995
79 5140
79 5420
79 5512
79 5918
79 6476
79 6522
79 6558
79 6650
79 6865
79 6973
79 7405
79 7953
79 8321
79 8386
79 8776
79 8935
79 9373
79 9904
79 9991
80 107
80 186
80 193
80 326
80 353
80 654
80 766
80 877
80 1288
80 1434
80 1503
80 1607
80 1974
80 3141
80 3580
80 3857
80 3872
80 3907
80 4112
80 4228
80 4295
80 4403
80 4432
80 4773
80 4864
80 5122
80 5376
80 5422
80 5622
80 5850
80 5891
80 5955
80 5959
80 6192
80 6499
80 6645
80 6708
80 6738
80 7502
80 7516
80 7613
80 7673
80 7692
80 7738
80 7972
80 8042
80 8072
80 8220
80 8351
80 8528
80 9203
80 9281
80 9342
80 9431
80 9497
80 9599
80 9647
80 9705
80 9804
81 206
81 843
81 945
81 1231
81 1489
81 1860
81 1915
81 2004
81 2016
81 2144
81 2198
81 2387
81 3635
81 3639
81 3909
81 3989
81 4224
81 4276
81 4434
81 4573
81 4797
81 4900
81 5053
81 5094
81 5408
81 5460
81 5471
81 5858
81 6030
81 6301
81 6420
81 6469
81 6565
81 6857
81 6898
81 7984
81 8341
81 8461
81 8794
81 9019
81 9097
81 9145
81 9245
81 9382
81 9491
81 9506
81 9819
81 9836
82 117
82 239
82 315
82 814
82 865
82 1044
82 1488
82 1543
82 1747
82 1826
82 2374
82 3084
82 3094
82 3689
82 3793
82 4063
82 4173
82 4253
82 4735
82 4810
82 5480
82 5606
82 5813
82 6461
82 6666
82 6803
82 7284
82 7305
82 7385
82 7396
82 7483
82 7685
82 7757
82 7809
82 8187
82 8242
82 8759
82 8859
82 8882
82 9101
82 9109
82 9785
82 9830
83 137
83 479
83 484
83 661
83 781
83 842
83 846
83 1137
83 1258
83 1297
83 1298
83 1394
83 1563
83 1760
83 1791
83 1830
83 1925
83 2403
83 2755
83 3064
83 3176
83 3407
83 3484
83 3641
83 3908
83 4272
83 4439
83 4650
83 4729
83 4834
83 5218
83 5234
83 5515
83 5520
83 5538
83 5614
83 5987
83 6248
83 6440
83 6444
83 6572
83 6945
83 7083
83 7092
83 7374
83 7476
83 7512
83 7686
83 7781
83 8012
83 8013
83 8016
83 8333
83 8480
83 8631
83 9255
83 9296
83 9319
83 9471
83 9634
84 309
84 310
84 388
84 464
84 724
84 764
84 1159
84 1403
84 1695
84 1823
84 1910
84 1924
84 2043
84 2059
84 2380
84 2426
84 2695
84 2731
84 2918
84 2964
84 3413
84 3467
84 3940
84 4161
84 4397
84 4559
84 4640
84 4987
84 5469
84 5572
84 5875
84 6092
84 6197
84 6377
84 6604
84 6620
84 6621
84 6831
84 6874
84 6972
84 7241
84 7290
84 7372
84 7854
84 8356
84 9157
84 9261
84 9475
84 9570
84 9764
85 102
85 163
85 253
85 504
85 847
85 848
85 858
85 984
85 1140
85 1783
85 2041
85 2167
85 2587
85 2873
85 2929
85 3235
85 3788
85 3873
85 4040
85 4073
85 4519
85 4626
85 4784
85 5037
85 5045
85 5154
85 5214
85 5404
85 5683
85 6580
85 6977
85 7116
85 7367
85 7423
85 7521
85 7525
85 7658
85 7863
85 8170
85 8628
85 8891
85 8919
85 8959
85 8988
85 9010
85 9256
85 9546
85 9623
85 9630
85 9857
86 87
86 95
86 644
86 966
86 1064
86 1520
86 1573
86 1589
86 1842
86 1955
86 2001
86 2340
86 2372
86 2527
86 2570
86 2595
86 2620
86 3150
86 3394
86 3400
86 3686
86 3922
86 4093
86 4299
86 4495
86 4771
86 4878
86 4991
86 5071
86 5095
86 5305
86 5387
86 5579
86 5949
86 5983
86 6140
86 6234
86 6463
86 6539
86 6551
86 6726
86 6769
86 6927
86 6986
86 7111
86 7319
86 7354
86 7600
86 8905
86 9325
86 9377
86 9761
86 9860
87 510
87 731
87 770
87 1116
87 1273
87 1524
87 1708
87 1743
87 1935
87 1997
87 2179
87 2321
87 2467
87 2487
87 2598
87 3036
87 3140
87 3221
87 3232
87 3592
87 3765
87 3767
87 4070
87 4238
87 4770
87 4772
87 4833
87 4897
87 5289
87 5519
87 6040
87 6162
87 6177
87 6222
87 6259
87 6485
87 6498
87 6735
87 6837
87 6937
87 7050
87 7343
87 7418
87 7430
87 7632
87 7734
87 7899
87 8089
87 8109
87 8382
87 8435
87 8494
87 8586
87 8758
87 8875
87 8929
87 9580
87 9613
87 9724
87 9774
87 9916
88 169
88 274
88 434
88 587
88 854
88 937
88 986
88 1681
88 1756
88 1941
88 2055
88 2303
88 2537
88 2711
88 2749
88 2783
88 2861
88 3040
88 3446
88 3652
88 4021
88 4355
88 4865
88 5155
88 5465
88 5594
88 5948
88 6274
88 6423
88 6703
88 6751
88 6991
88 7010
88 7049
88 7098
88 7251
88 7641
88 7763
88 8608
88 8671
88 8725
88 8756
88 8769
88 8996
88 9192
88 9247
88 9380
88 9428
88 9831
89 307
89 415
89 447
89 454
89 975
89 1082
89 1564
89 1857
89 2280
89 2543
89 2624
89 3110
89 3153
89 3209
89 3389
89 3913
89 4089
89 4099
89 4346
89 4501
89 4670
89 4798
89 5256
89 5336
89 5411
89 5447
89 5650
89 5810
89 6081
89 6346
89 6596
89 6608
89 6861
89 6921
89 7029
89 7069
89 7074
89 7317
89 7334
89 7379
89 7728
89 8032
89 8121
89 8381
89 8473
89 8605
89 8715
89 8764
89 8879
89 8948
89 9117
89 9226
89 9406
89 9434
89 9476
89 9503
89 9907
90 478
90 706
90 802
90 930
90 991
90 994
90 1088
90 1138
90 1367
90 1806
90 2038
90 2062
90 2132
90 2171
90 2356
90 2391
90 2610
90 2619
90 2645
90 3380
90 3492
90 3648
90 3814
90 3875
90 4312
90 4378
90 4380
90 4525
90 4601
90 4633
90 4819
90 4868
90 4935
90 5014
90 5254
90 5362
90 5554
90 5601
90 6018
90 6107
90 6261
90 6686
90 6782
90 7490
90 7497
90 7554
90 7839
90 8000
90 8049
90 8301
90 8546
90 8575
90 8910
90 9527
91 101
91 967
91 1017
91 1091
91 1248
91 1251
91 1442
91 1497
91 1554
91 1685
91 1995
91 2092
91 2318
91 2348
91 2457
91 2696
91 2917
91 3230
91 4509
91 4549
91 5185
91 5208
91 5796
91 5925
91 6241
91 6415
91 6959
91 7270
91 7428
91 7558
91 8169
91 8225
91 8238
91 8239
91 8325
91 8466
91 8492
91 8629
91 8786
91 8947
91 9049
91 9218
91 9314
91 9766
91 9814
91 9890
91 9898
91 9905
92 324
92 392
92 501
92 588
92 614
92 1270
92 1315
92 1834
92 2481
92 2546
92 2765
92 2877
92 2924
92 3139
92 3371
92 3470
92 3556
92 3596
92 3745
92 3773
92 3858
92 3863
92 4080
92 4183
92 4222
92 4517
92 4543
92 4592
92 4691
92 4858
92 4871
92 4913
92 5127
92 5567
92 5656
92 5749
92 6264
92 6380
92 6397
92 6583
92 6725
92 6805
92 6819
92 6952
92 6962
92 7693
92 7909
92 7925
92 8241
92 8375
92 8400
92 8643
92 8735
92 9708
92 9866
93 110
93 112
93 167
93 280
93 362
93 514
93 622
93 631
93 795
93 1035
93 1058
93 2218
93 2376
93 2422
93 2503
93 2565
93 2627
93 2689
93 2701
93 2904
93 3041
93 3253
93 3299
93 3466
93 3593
93 3785
93 3822
93 4130
93 4172
93 4208
93 4233
93 4474
93 4649
93 4709
93 4750
93 5110
93 5282
93 6276
93 6338
93 7648
93 8112
93 8293
93 8308
93 8532
93 8748
93 8760
93 8832
93 8945
93 9240
93 9703
93 9749
93 9820
94 104
94 139
94 278
94 397
94 649
94 875
94 936
94 1106
94 1969
94 2146
94 2330
94 2574
94 2772
94 2785
94 3111
94 3451
94 3557
94 3658
94 3738
94 3790
94 4445
94 4455
94 4476
94 4512
94 4884
94 5205
94 5782
94 5908
94 6267
94 6649
94 6844
94 7188
94 7353
94 7436
94 7467
94 8004
94 8094
94 8530
94 8607
94 8761
94 8802
94 9158
94 9187
94 9444
94 9548
94 9608
94 9740
94 9746
95 114
95 375
95 482
95 513
95 537
95 646
95 697
95 723
95 922
95 972
95 1166
95 1312
95 1622
95 1767
95 2315
95 2607
95 2656
95 2707
95 2781
95 2826
95 3124
95 3255
95 3398
95 3756
95 3992
95 4251
95 4349
95 4356
95 4821
95 4830
95 5121
95 5784
95 5797
95 5975
95 6052
95 6179
95 6235
95 6298
95 6646
95 7440
95 7448
95 7517
95 7621
95 7803
95 7866
95 7971
95 8222
95 8726
95 8834
95 8920
95 8939
95 9059
95 9309
95 9990
96 129
96 377
96 427
96 674
96 767
96 1050
96 1149
96 1381
96 1453
96 1676
96 1956
96 1988
96 2445
96 2688
96 2925
96 2938
96 3047
96 3240
96 3404
96 3454
96 3577
96 3664
96 3847
96 3898
96 4444
96 4545
96 4552
96 4886
96 4993
96 5333
96 5337
96 5388
96 5551
96 6356
96 6704
96 6809
96 6966
96 7021
96 7642
96 8115
96 8135
96 8244
96 8250
96 8320
96 8336
96 8472
96 8819
96 8822
96 9231
96 9269
96 9641
97 99
97 384
97 395
97 592
97 768
97 1087
97 1147
97 2066
97 2222
97 2223
97 2297
97 2577
97 2693
97 2814
97 2911
97 3020
97 3469
97 3478
97 4016
97 4034
97 4049
97 4122
97 4133
97 4252
97 4300
97 4407
97 4460
97 5004
97 5026
97 5394
97 5540
97 6200
97 6257
97 6449
97 6806
97 6814
97 7198
97 7522
97 7714
97 7745
97 7812
97 7895
97 8017
97 8077
97 9152
97 9888
98 632
98 1527
98 1979
98 2070
98 2159
98 2173
98 2265
98 2474
98 2520
98 2874
98 3035
98 3226
98 3434
98 3476
98 3938
98 3979
98 4078
98 4138
98 4317
98 4493
98 4556
98 4903
98 4977
98 5052
98 5084
98 5145
98 5393
98 5424
98 5448
98 5644
98 5673
98 6142
98 6247
98 6429
98 7309
98 7536
98 7636
98 7797
98 7867
98 7879
98 7966
98 8271
98 8591
98 8616
98 9633
98 9933
99 194
99 522
99 541
99 619
99 1450
99 1624
99 1725
99 1740
99 2089
99 2135
99 2203
99 2313
99 2495
99 2549
99 2555
99 2770
99 2920
99 3272
99 3605
99 3671
99 3843
99 5745
99 5835
99 5909
99 5999
99 6223
99 6311
99 6321
99 6492
99 6701
99 6929
99 7208
99 7222
99 7224
99 7479
99 8054
99 8150
99 8188
99 8190
99 8431
99 8497
99 8602
99 8695
99 8877
99 8895
99 8955
99 9054
99 9223
99 9521
99 9757
99 9797
99 10000
100 191
100 380
100 412
100 413
100 604
100 742
100 884
100 1136
100 1321
100 1409
100 1517
100 1641
100 2669
100 2771
100 2800
100 3348
100 3427
100 3551
100 3568
100 3719
100 3836
100 3911
100 3923
100 3994
100 4003
100 4030
100 4041
100 4191
100 4502
100 4531
100 4627
100 4695
100 4831
100 5006
100 5116
100 5162
100 5294
100 5315
100 5493
100 5664
100 5712
100 5739
100 5880
100 6125
100 6133
100 6339
100 6482
100 6531
100 6602
100 6680
100 6840
100 7273
100 8065
100 8180
100 8395
100 8535
100 8632
100 8636
100 8714
100 9056
100 9407
100 9473
100 9508
100 9919
101 371
101 1036
101 1286
101 1304
101 1310
101 1345
101 1449
101 1490
101 1973
101 2033
101 2406
101 2603
101 2604
101 3399
101 3649
101 4394
101 4477
101 4689
101 4703
101 4814
101 4835
101 4978
101 5248
101 5250
101 5414
101 5798
101 6077
101 6161
101 6244
101 6308
101 6365
101 6734
101 6775
101 6822
101 6877
101 7109
101 7163
101 7638
101 7742
101 7853
101 8209
101 8210
101 8463
101 8704
101 8961
101 9027
101 9194
101 9756
101 9771
101 9798
101 9823
102 123
102 124
102 160
102 597
102 879
102 1097
102 1158
102 1389
102 1504
102 1561
102 1711
102 1894
102 3396
102 3417
102 4064
102 4069
102 4072
102 4192
102 4308
102 4538
102 4644
102 4718
102 5040
102 5046
102 5360
102 5433
102 5513
102 5870
102 5981
102 6742
102 6828
102 7373
102 7376
102 7389
102 7410
102 7510
102 8035
102 9573
102 9586
102 9913
103 460
103 487
103 593
103 868
103 889
103 1265
103 1324
103 2134
103 3068
103 3071
103 3462
103 3536
103 3542
103 3585
103 3654
103 3761
103 3860
103 4326
103 4456
103 4548
103 4929
103 5660
103 5915
103 6063
103 6114
103 6698
103 7118
103 7212
103 7248
103 7387
103 8033
103 8081
103 8214
103 8329
103 8347
103 8373
103 8572
103 8809
103 8944
103 9143
103 9147
103 9260
103 9343
103 9574
103 9625
103 9917
103 9974
104 642
104 943
104 1172
104 1206
104 1376
104 1432
104 1552
104 1831
104 1942
104 2102
104 2298
104 2407
104 2443
104 2646
104 2961
104 3095
104 3115
104 3118
104 3189
104 3336
104 3341
104 3439
104 3587
104 3808
104 3837
104 4060
104 4215
104 4379
104 4424
104 4625
104 4667
104 4783
104 4942
104 5125
104 5296
104 5603
104 6028
104 6221
104 6333
104 6352
104 6473
104 6494
104 6677
104 6697
104 6911
104 6947
104 7007
104 7053
104 7122
104 7171
104 7300
104 7439
104 7943
104 7947
104 8315
104 8709
104 8767
104 8827
104 8852
104 9077
104 9171
104 9469
104 9837
105 175
105 600
105 757
105 901
105 919
105 1018
105 1090
105 1141
105 1225
105 1684
105 1741
105 1892
105 2155
105 2304
105 2483
105 2597
105 2657
105 3368
105 3792
105 4150
105 4443
105 4503
105 4572
105 4574
105 4591
105 4594
105 4597
105 5023
105 5090
105 5160
105 5188
105 5399
105 5970
105 6041
105 6324
105 6695
105 6753
105 6797
105 7133
105 7366
105 7557
105 7970
105 7978
105 8141
105 8151
105 8654
105 8908
105 8928
105 9289
105 9437
105 9901
105 9976
106 948
106 1256
106 1331
106 1332
106 1816
106 2068
106 2880
106 3074
106 3164
106 3461
106 3591
106 3631
106 3947
106 4028
106 4688
106 4768
106 4974
106 5436
106 5481
106 5607
106 5818
106 5859
106 6045
106 6066
106 6198
106 6434
106 6626
106 6721
106 6763
106 6987
106 7144
106 7168
106 7649
106 7671
106 7687
106 7753
106 7799
106 7857
106 7880
106 7891
106 8549
106 8584
106 8623
106 8684
106 9423
106 9499
106 9711
106 9745
106 9910
106 9941
107 859
107 968
107 1313
107 1418
107 1623
107 1764
107 1874
107 2039
107 2118
107 2124
107 2209
107 2259
107 2416
107 2440
107 2552
107 2710
107 2736
107 3219
107 3300
107 4337
107 4712
107 4841
107 5016
107 5372
107 5916
107 5928
107 6453
107 6536
107 6810
107 7037
107 7246
107 7306
107 7532
107 7965
107 8043
107 8481
107 8707
107 8716
107 8772
107 8847
107 8922
107 9144
107 9149
107 9370
107 9387
107 9404
107 9483
107 9540
107 9730
107 9971
108 208
108 258
108 367
108 450
108 605
108 736
108 940
108 1514
108 1701
108 1734
108 1991
108 2343
108 2384
108 2629
108 2748
108 2804
108 3306
108 4077
108 4634
108 4809
108 5406
108 5557
108 5864
108 5930
108 6016
108 6145
108 7014
108 7139
108 7472
108 7875
108 8414
108 8437
108 8685
108 8763
108 8798
108 9198
108 9460
108 9667
108 9988
109 261
109 346
109 516
109 778
109 1318
109 1513
109 2028
109 2237
109 2588
109 2949
109 2967
109 3137
109 3329
109 3386
109 3854
109 4154
109 4220
109 4586
109 4965
109 5003
109 5117
109 5674
109 5717
109 5747
109 5887
109 6269
109 6389
109 6628
109 7242
109 7435
109 7519
109 7716
109 7721
109 7795
109 7913
109 7991
109 7999
109 9100
109 9130
109 9293
109 9510
109 9598
109 9612
109 9877
109 9923
110 130
110 276
110 403
110 741
110 965
110 1042
110 1054
110 1105
110 1654
110 1683
110 2032
110 2095
110 2235
110 2269
110 2500
110 2540
110 3395
110 3435
110 3812
110 4006
110 4085
110 4535
110 4567
110 4578
110 4656
110 4726
110 4739
110 4840
110 4846
110 4989
110 5297
110 5343
110 5391
110 5421
110 5497
110 5503
110 5877
110 5900
110 5996
110 6005
110 6723
110 6821
110 7195
110 7234
110 7688
110 7756
110 7883
110 8100
110 8137
110 8144
110 8427
110 8436
110 8440
110 8527
110 8589
110 8718
110 8800
110 8868
110 8876
110 8921
110 8995
110 9074
110 9172
110 9551
110 9637
110 9775
110 9788
111 150
111 183
111 200
111 317
111 496
111 520
111 564
111 639
111 832
111 955
111 1195
111 1255
111 1335
111 1447
111 1473
111 1484
111 1870
111 2046
111 2127
111 2628
111 2976
111 3038
111 3048
111 3457
111 3895
111 3905
111 3916
111 4247
111 4292
111 4498
111 4767
111 4859
111 5082
111 5231
111 5290
111 5691
111 5857
111 5896
111 5952
111 6029
111 6651
111 6682
111 6950
111 7023
111 7063
111 7161
111 7178
111 7491
111 7705
111 7949
111 8265
111 8283
111 8411
111 8456
111 8829
111 9119
111 9225
111 9266
111 9267
111 9640
111 9981
112 584
112 623
112 679
112 687
112 772
112 1038
112 1103
112 1252
112 1429
112 1694
112 1749
112 1799
112 2177
112 2236
112 2432
112 2441
112 2685
112 2698
112 2795
112 2940
112 3142
112 3296
112 3604
112 3665
112 3762
112 3787
112 4039
112 4114
112 4339
112 4873
112 4945
112 4972
112 5751
112 5847
112 5923
112 6207
112 6342
112 7088
112 7120
112 7213
112 7282
112 7286
112 7397
112 8309
112 8564
112 8698
112 8823
112 8956
112 9079
112 9110
112 9496
112 9956
113 176
113 203
113 231
113 323
113 351
113 440
113 507
113 791
113 1207
113 1458
113 1468
113 1603
113 1639
113 1668
113 1793
113 1812
113 2224
113 2309
113 2345
113 2395
113 2509
113 2676
113 2819
113 2838
113 2941
113 3154
113 3157
113 3275
113 3529
113 3675
113 3897
113 4367
113 4469
113 4555
113 4752
113 4960
113 5013
113 5105
113 5340
113 5450
113 6089
113 6095
113 6523
113 6752
113 6790
113 6992
113 7771
113 7897
113 8163
113 8204
113 8276
113 8731
113 8790
113 9227
113 9235
113 9451
113 9555
113 9606
113 9732
114 132
114 228
114 838
114 841
114 1104
114 1522
114 1602
114 1828
114 1888
114 2294
114 2505
114 2547
114 2727
114 2882
114 3188
114 3237
114 3305
114 3518
114 3708
114 3823
114 4124
114 4461
114 4596
114 4605
114 4746
114 4875
114 5021
114 5063
114 5429
114 5564
114 5645
114 5890
114 6000
114 6106
114 6732
114 6915
114 7295
114 7307
114 7573
114 7583
114 7727
114 7878
114 7933
114 8067
114 8080
114 8285
114 8519
114 8580
114 8697
114 8755
114 9167
114 9316
114 9389
114 9549
114 9702
114 9718
114 9982
115 159
115 232
115 378
115 379
115 839
115 976
115 1272
115 1487
115 1616
115 1690
115 1752
115 2539
115 2634
115 2650
115 2827
115 3066
115 3244
115 3522
115 3609
115 3622
115 3662
115 3951
115 4487
115 4619
115 4788
115 4920
115 5244
115 6082
115 6112
115 6526
115 6792
115 6908
115 6922
115 6928
115 7009
115 7080
115 7247
115 7421
115 7709
115 7784
115 8052
115 8363
115 8418
115 8620
115 8722
115 8817
115 9063
115 9305
115 9333
115 9495
115 9790
115 9876
116 162
116 342
116 345
116 373
116 621
116 733
116 1853
116 2488
116 2762
116 2764
116 2933
116 3122
116 3624
116 3696
116 3797
116 3868
116 4310
116 4331
116 4778
116 4970
116 5255
116 5270
116 5701
116 5731
116 6279
116 6630
116 7464
116 7597
116 7810
116 7819
116 8139
116 8253
116 8619
116 8622
116 8782
116 8836
116 8862
116 8887
116 9086
116 9112
116 9165
116 9391
116 9457
117 556
117 698
117 887
117 912
117 941
117 1007
117 1179
117 1886
117 1921
117 2140
117 2150
117 2268
117 2778
117 3347
117 3419
117 3682
117 3810
117 4254
117 4274
117 4293
117 4463
117 4550
117 4570
117 4748
117 4944
117 5298
117 5729
117 5901
117 6119
117 6178
117 6605
117 6813
117 7172
117 7670
117 7915
117 7959
117 8314
117 8412
117 9162
117 9166
117 9272
117 9384
117 9411
117 9530
117 9936
117 9944
118 170
118 905
118 1133
118 1461
118 1465
118 2241
118 2276
118 2556
118 2909
118 3181
118 3716
118 3915
118 4200
118 4844
118 4853
118 5278
118 5405
118 5534
118 5574
118 5576
118 5679
118 5777
118 5815
118 5817
118 5953
118 6075
118 6470
118 6566
118 6573
118 6633
118 6788
118 6863
118 6940
118 7086
118 7126
118 7134
118 7481
118 7592
118 7643
118 8227
118 8679
118 8710
118 8821
118 9146
118 9512
118 9681
118 9959
118 9984
119 182
119 273
119 577
119 601
119 610
119 957
119 1240
119 1322
119 2084
119 2168
119 2319
119 2593
119 2854
119 3479
119 4111
119 4148
119 4159
119 4320
119 4475
119 4496
119 4514
119 4557
119 4646
119 4951
119 5029
119 5756
119 5938
119 6158
119 6228
119 6454
119 6533
119 6544
119 6881
119 6882
119 7655
119 7988
119 8291
119 8417
119 8476
119 8511
119 8573
119 8838
119 9127
119 9176
119 9278
119 9430
119 9436
119 9668
119 9806
119 9947
119 9952
120 439
120 876
120 881
120 1230
120 1309
120 1341
120 1898
120 1947
120 2659
120 2836
120 3328
120 3850
120 3960
120 4082
120 4384
120 4618
120 4624
120 5132
120 5224
120 5451
120 5687
120 5741
120 5911
120 6166
120 6183
120 6293
120 6370
120 6631
120 7443
120 7731
120 7780
120 7789
120 7898
120 8088
120 9021
120 9233
120 9275
120 9363
120 9531
120 9715
121 140
121 236
121 269
121 270
121 329
121 399
121 1155
121 1435
121 1505
121 1847
121 2045
121 2214
121 2816
121 2989
121 3218
121 3265
121 3647
121 4098
121 4454
121 4795
121 4936
121 5311
121 5334
121 5531
121 5964
121 6157
121 6443
121 6931
121 7062
121 7066
121 7263
121 7488
121 7529
121 7724
121 8003
121 8040
121 8185
121 8288
121 8304
121 8319
121 8378
121 9085
121 9098
121 9477
122 165
122 220
122 536
122 1351
122 1360
122 1523
122 1804
122 1840
122 2174
122 2983
122 2993
122 3228
122 3459
122 3528
122 3749
122 4600
122 4611
122 4727
122 4769
122 4813
122 5019
122 5083
122 5417
122 5555
122 5808
122 5991
122 6509
122 6535
122 6684
122 6889
122 7449
122 7719
122 7765
122 7904
122 7950
122 8044
122 8344
122 8388
122 8406
122 8430
122 8538
122 8547
122 8690
122 8885
122 9565
122 9689
122 9884
123 651
123 683
123 1043
123 1098
123 1167
123 1168
123 1214
123 1919
123 2005
123 2022
123 2034
123 2056
123 2201
123 2435
123 2502
123 2530
123 2895
123 3072
123 3711
123 3819
123 4607
123 4694
123 4742
123 4932
123 4954
123 5056
123 5161
123 5211
123 5675
123 6108
123 6205
123 6451
123 6600
123 6705
123 6852
123 6869
123 6904
123 7555
123 7584
123 7747
123 7919
123 7928
123 7952
123 8122
123 8174
123 8525
123 8581
123 8902
123 9048
123 9787
123 9896
124 304
124 453
124 591
124 950
124 973
124 1501
124 1617
124 1647
124 1807
124 1994
124 2063
124 2125
124 2232
124 2501
124 2735
124 2757
124 2912
124 3010
124 3063
124 3343
124 3707
124 3825
124 4654
124 4881
124 5304
124 5546
124 5560
124 5853
124 5907
124 6229
124 6390
124 6462
124 6706
124 6942
124 7157
124 7229
124 7646
124 7796
124 7828
124 7841
124 7939
124 8018
124 9034
124 9320
124 9392
124 9397
124 9409
124 9533
124 9792
124 9843
124 9989
125 181
125 244
125 394
125 659
125 1218
125 1350
125 1810
125 1868
125 1882
125 1954
125 1976
125 2370
125 2496
125 2726
125 3039
125 3425
125 3534
125 3629
125 3968
125 4210
125 4301
125 4621
125 5088
125 5267
125 5718
125 5856
125 6270
125 6477
125 6502
125 6750
125 6838
125 6978
125 6984
125 7031
125 7620
125 7712
125 7946
125 8177
125 8331
125 8915
125 8916
125 9249
125 9505
125 9957
126 127
126 161
126 192
126 199
126 382
126 611
126 730
126 801
126 1178
126 1187
126 1233
126 1249
126 1757
126 1761
126 1900
126 1907
126 1987
126 2279
126 2507
126 2808
126 2879
126 2887
126 3130
126 3165
126 3352
126 3838
126 3892
126 4020
126 4369
126 4486
126 4599
126 4818
126 5370
126 5631
126 6447
126 7008
126 7104
126 7294
126 7404
126 7451
126 7807
126 7931
126 7955
126 8096
126 8342
126 8501
126 8855
126 8889
126 8982
126 8999
126 9028
126 9262
126 9286
126 9596
126 9862
127 1076
127 1457
127 1927
127 2007
127 2020
127 2139
127 2322
127 2794
127 2948
127 3134
127 3549
127 3928
127 3975
127 4004
127 4152
127 4235
127 4237
127 4240
127 4321
127 4341
127 4528
127 4585
127 4736
127 4854
127 5043
127 5222
127 5355
127 5876
127 6517
127 6624
127 6850
127 6912
127 6935
127 6960
127 7265
127 7527
127 7659
127 7735
127 8028
127 8059
127 8374
127 8405
127 8508
127 8613
127 8648
127 8721
127 8858
127 8906
127 8912
127 9012
127 9301
127 9799
128 528
128 594
128 760
128 852
128 952
128 1914
128 2363
128 2382
128 2449
128 2576
128 2751
128 2769
128 2856
128 2928
128 3069
128 3105
128 3147
128 3669
128 3852
128 4217
128 4563
128 5189
128 6303
128 6317
128 6387
128 6479
128 6730
128 6795
128 6890
128 7239
128 7260
128 7325
128 7493
128 7832
128 8005
128 9665
128 9686
128 9692
128 9844
128 9879
128 9883
129 341
129 419
129 585
129 595
129 954
129 1197
129 1267
129 1448
129 2149
129 2186
129 2234
129 2704
129 2946
129 2958
129 2978
129 3119
129 3259
129 3318
129 3455
129 3477
129 3618
129 3798
129 3886
129 4171
129 4244
129 4248
129 4332
129 4413
129 4613
129 4635
129 4719
129 4992
129 5107
129 5291
129 5621
129 5688
129 6549
129 6594
129 6799
129 6800
129 7201
129 7606
129 7664
129 7870
129 7934
129 8133
129 8455
129 9544
129 9648
129 9653
129 9832
130 141
130 229
130 423
130 761
130 790
130 828
130 1023
130 1027
130 1232
130 1379
130 1498
130 1659
130 1841
130 1906
130 2287
130 2413
130 2436
130 2884
130 3135
130 3651
130 3673
130 3709
130 3784
130 3921
130 4129
130 4385
130 4490
130 4564
130 4679
130 5180
130 5322
130 5536
130 5586
130 6607
130 6625
130 6712
130 6891
130 7158
130 7165
130 7337
130 7349
130 7651
130 7715
130 8014
130 8155
130 8200
130 8662
130 8745
130 8846
130 8848
130 9136
130 9141
130 9419
130 9652
130 9858
130 9943
131 173
131 749
131 1202
131 1211
131 1219
131 1260
131 1402
131 1609
131 1782
131 1789
131 2460
131 2536
131 2605
131 2635
131 2797
131 2902
131 2907
131 2950
131 2973
131 2999
131 3216
131 3267
131 3295
131 3721
131 3861
131 3903
131 4014
131 4075
131 4526
131 4876
131 4924
131 5028
131 5477
131 5958
131 6002
131 6061
131 6076
131 6188
131 6256
131 6717
131 6816
131 6836
131 7639
131 7736
131 7794
131 7871
131 8118
131 8495
131 9055
131 9230
131 9321
131 9463
131 9504
131 9564
131 9828
131 9940
132 172
132 213
132 759
132 897
132 977
132 980
132 1005
132 1399
132 1729
132 1949
132 2078
132 2128
132 2250
132 2394
132 2534
132 2569
132 2957
132 2962
132 3211
132 3241
132 3502
132 4677
132 4921
132 4931
132 5178
132 5490
132 5529
132 5848
132 6637
132 6765
132 7039
132 8873
132 9684
132 9759
133 287
133 361
133 409
133 523
133 565
133 755
133 826
133 1031
133 1582
133 1636
133 1820
133 2017
133 2061
133 2358
133 2369
133 2651
133 2803
133 2952
133 3539
133 3999
133 4032
133 4105
133 4108
133 4297
133 4807
133 5272
133 5300
133 5893
133 6137
133 6402
133 6900
133 6901
133 7285
133 7824
133 8496
133 8681
133 8874
133 9076
133 9390
133 9765
134 242
134 1302
134 1821
134 1889
134 2477
134 2498
134 2636
134 2744
134 2868
134 2971
134 3200
134 3283
134 3382
134 3437
134 3558
134 3725
134 3769
134 3855
134 3950
134 3964
134 4285
134 4358
134 4466
134 4867
134 5335
134 5395
134 5485
134 5686
134 5995
134 6149
134 6153
134 6204
134 6250
134 6513
134 6776
134 6811
134 6994
134 8079
134 8125
134 8457
134 8808
134 9465
134 9498
134 9738
135 272
135 465
135 1472
135 1571
135 1675
135 1751
135 1765
135 1939
135 2618
135 2652
135 2837
135 3289
135 3390
135 3809
135 3990
135 4177
135 4553
135 4827
135 4918
135 5464
135 5514
135 5790
135 5942
135 6042
135 6109
135 6132
135 6146
135 6416
135 6530
135 6577
135 6955
135 7416
135 7843
135 7877
135 8166
135 8446
135 8835
135 8871
135 9323
135 9441
135 9488
135 9492
135 9516
135 9742
135 9868
136 917
136 1161
136 1175
136 1291
136 1338
136 1454
136 1463
136 1658
136 1829
136 2103
136 2274
136 2411
136 2438
136 2512
136 2671
136 2844
136 2872
136 2963
136 3030
136 4094
136 4100
136 4211
136 5753
136 5830
136 5913
136 6292
136 6300
136 6543
136 6561
136 6858
136 7095
136 7193
136 7324
136 7672
136 7702
136 8295
136 8447
136 8615
136 8770
136 8975
136 9036
136 9047
136 9214
136 9440
136 9534
136 9541
136 9567
136 9628
137 688
137 1269
137 1814
137 1876
137 2926
137 2987
137 3092
137 3583
137 4194
137 4214
137 4236
137 4344
137 4575
137 4682
137 4894
137 5022
137 5642
137 5676
137 5733
137 5779
137 6037
137 6226
137 6340
137 6488
137 6491
137 6497
137 6760
137 7028
137 7577
137 7582
137 7941
137 7973
137 8206
137 8343
137 8416
137 9186
137 9326
137 9429
137 9773
138 446
138 590
138 613
138 786
138 796
138 987
138 1404
138 1431
138 1478
138 1638
138 2030
138 2180
138 2592
138 2806
138 2850
138 3175
138 3212
138 3346
138 3874
138 3980
138 4580
138 4598
138 5169
138 5437
138 6069
138 6208
138 6505
138 6525
138 6714
138 7091
138 7176
138 7726
138 7823
138 8090
138 8324
138 8364
138 8505
138 9008
138 9125
138 9388
138 9452
138 9655
138 9697
138 9701
139 381
139 433
139 449
139 461
139 545
139 566
139 658
139 1593
139 2008
139 2278
139 2832
139 2841
139 2956
139 3000
139 3026
139 3290
139 3370
139 3453
139 3519
139 3574
139 3576
139 3674
139 3870
139 4047
139 4121
139 4381
139 4423
139 4641
139 4775
139 4919
139 5264
139 5309
139 5351
139 6419
139 6974
139 7003
139 7128
139 7450
139 7729
139 7773
139 8207
139 8552
139 8571
139 8773
139 8851
139 8976
139 9070
139 9217
139 9375
139 9381
139 9502
139 9867
140 178
140 339
140 769
140 960
140 1540
140 1545
140 1964
140 2057
140 2566
140 2906
140 2980
140 3460
140 3559
140 4052
140 4256
140 4589
140 4823
140 4937
140 5031
140 5385
140 5781
140 5838
140 5843
140 6472
140 6500
140 6661
140 7261
140 7403
140 7413
140 7434
140 7701
140 8030
140 8376
140 8389
140 8894
140 9129
140 9246
140 9328
140 9410
140 9421
140 9807
140 9875
141 204
141 468
141 699
141 771
141 1081
141 1124
141 1618
141 1661
141 1779
141 1938
141 2082
141 2489
141 2648
141 2664
141 2846
141 3270
141 3563
141 3575
141 3676
141 3887
141 3959
141 4156
141 4662
141 4663
141 4733
141 4764
141 5000
141 5186
141 5563
141 5568
141 5755
141 5821
141 6003
141 6015
141 6127
141 6238
141 6582
141 7055
141 7364
141 7631
141 7830
141 7907
141 8006
141 8558
141 8765
141 9040
141 9094
141 9338
141 9914
142 483
142 491
142 572
142 752
142 1100
142 1712
142 1713
142 1908
142 1967
142 2080
142 2093
142 2111
142 2240
142 2271
142 2717
142 2733
142 2977
142 3713
142 3727
142 4043
142 4201
142 4203
142 4376
142 4941
142 4976
142 5030
142 5080
142 5366
142 5518
142 5961
142 6074
142 6232
142 6395
142 6636
142 6894
142 6918
142 7277
142 7320
142 7852
142 8270
142 8352
142 8886
142 8926
142 9274
142 9493
142 9669
143 147
143 498
143 1067
143 1243
143 1635
143 1873
143 2252
143 2353
143 2606
143 2782
143 3116
143 3210
143 3247
143 3412
143 3569
143 3816
143 3954
143 4109
143 4239
143 4999
143 5209
143 5593
143 5902
143 6181
143 6290
143 7383
143 7574
143 7608
143 8126
143 8245
143 8409
143 8923
143 9011
143 9372
143 9525
143 9737
143 9939
144 680
144 1266
144 1303
144 1330
144 1395
144 1613
144 2172
144 2219
144 2638
144 2824
144 3480
144 3688
144 3760
144 4544
144 5092
144 5620
144 5974
144 6139
144 6211
144 6464
144 6629
144 6652
144 6672
144 6995
144 7182
144 7369
144 7531
144 7588
144 7635
144 8384
144 8518
144 8691
144 8796
144 8957
144 9007
144 9116
144 9177
144 9229
144 9666
144 9848
145 289
145 675
145 792
145 812
145 985
145 1086
145 1940
145 1970
145 2262
145 2350
145 2368
145 2813
145 3006
145 3113
145 4153
145 4373
145 4874
145 4889
145 5047
145 5615
145 5619
145 6866
145 7862
145 8192
145 8451
145 8460
145 8797
145 9122
145 9298
145 9651
146 265
146 334
146 492
146 953
146 1568
146 1903
146 1989
146 2114
146 2295
146 2308
146 2338
146 2601
146 3085
146 3205
146 3499
146 3759
146 3826
146 4023
146 4848
146 5271
146 5293
146 5386
146 5590
146 5639
146 5854
146 6021
146 6193
146 6253
146 6263
146 6289
146 6357
146 6925
146 7001
146 7032
146 7194
146 7417
146 7456
146 7967
146 8103
146 8516
146 8645
146 8673
146 8788
146 9067
146 9191
146 9432
146 9597
146 9892
147 300
147 521
147 559
147 707
147 896
147 1201
147 1353
147 1407
147 1535
147 1560
147 1773
147 2158
147 2332
147 2400
147 2584
147 2639
147 2709
147 3541
147 3977
147 4817
147 4863
147 4879
147 5115
147 5120
147 5545
147 5685
147 6251
147 6394
147 6542
147 6864
147 7312
147 7446
147 7776
147 7948
147 7951
147 7981
147 8509
147 8603
147 8642
147 8666
147 9571
147 9855
147 9906
147 9967
148 266
148 360
148 871
148 893
148 1063
148 1139
148 1525
148 1590
148 1677
148 1707
148 2178
148 2364
148 2456
148 3081
148 3342
148 3374
148 3410
148 3655
148 3659
148 4001
148 4179
148 4672
148 4946
148 5262
148 5500
148 5720
148 5951
148 6418
148 6527
148 6618
148 6623
148 6938
148 7244
148 7296
148 7500
148 7805
148 7874
148 7957
148 8001
148 8007
148 8062
148 8459
148 8566
148 8737
148 8837
148 8861
148 9046
148 9082
148 9341
148 9484
148 9535
148 9707
148 9929
149 249
149 298
149 435
149 1163
149 1325
149 1569
149 1660
149 1680
149 1776
149 1778
149 2829
149 2899
149 3444
149 3755
149 3770
149 3772
149 4074
149 4329
149 4433
149 5239
149 5412
149 5494
149 5663
149 5698
149 5785
149 6001
149 6170
149 6187
149 6486
149 7221
149 7231
149 7565
149 7740
149 8286
149 8396
149 8465
149 8682
149 8863
149 9478
149 9699
149 9770
150 422
150 789
150 850
150 1145
150 1227
150 1329
150 1559
150 1565
150 1958
150 1983
150 2113
150 2273
150 2478
150 2523
150 2532
150 2791
150 2817
150 3190
150 3331
150 3547
150 3697
150 4571
150 4665
150 4706
150 4765
150 5233
150 5507
150 5672
150 5728
150 5852
150 6116
150 6309
150 6657
150 6715
150 6757
150 7218
150 7264
150 7346
150 7352
150 8593
150 8640
150 9520
150 9638
150 9717
150 9821
150 9841
151 154
151 550
151 720
151 990
151 1120
151 1134
151 1572
151 1883
151 1895
151 2088
151 2107
151 2116
151 2138
151 2151
151 2253
151 2320
151 2578
151 2723
151 3316
151 3584
151 3625
151 3925
151 4007
151 4035
151 4128
151 4480
151 4645
151 4749
151 5086
151 5159
151 5217
151 5348
151 5521
151 5757
151 5765
151 5851
151 5910
151 6369
151 6553
151 6802
151 7046
151 7093
151 7187
151 7250
151 7459
151 7929
151 7940
151 8008
151 8119
151 8555
151 8951
151 9026
151 9280
151 9590
151 9713
151 9817
152 218
152 238
152 267
152 1235
152 1391
152 1460
152 1722
152 2310
152 2344
152 2508
152 2777
152 2893
152 3361
152 3737
152 4053
152 4242
152 4610
152 4997
152 5655
152 5684
152 5750
152 5814
152 6090
152 6759
152 7096
152 7240
152 7252
152 7471
152 8249
152 9068
152 9346
152 9594
152 9772
152 9782
152 9880
152 9908
153 205
153 546
153 782
153 913
153 1254
153 1362
153 1634
153 2117
153 2206
153 2366
153 2680
153 2981
153 3214
153 3262
153 3532
153 3588
153 3879
153 4249
153 4267
153 5257
153 5353
153 5666
153 5825
153 6017
153 6438
153 7030
153 7159
153 7223
153 7323
153 7441
153 7548
153 7604
153 8486
153 8804
153 8936
153 9087
153 9674
153 9800
153 9889
154 505
154 810
154 926
154 1048
154 1111
154 1471
154 1557
154 2126
154 2561
154 2564
154 2740
154 2845
154 3078
154 3345
154 3363
154 3602
154 3883
154 3956
154 4127
154 4482
154 4700
154 4904
154 5251
154 5358
154 5403
154 5413
154 6195
154 6268
154 6388
154 6421
154 6557
154 6796
154 6834
154 7017
154 7136
154 7276
154 7422
154 7542
154 7910
154 8489
154 8551
154 8599
154 8818
154 9124
154 9487
154 9588
155 313
155 316
155 411
155 784
155 892
155 1115
155 1180
155 1244
155 1268
155 1289
155 1319
155 1808
155 2258
155 2573
155 2747
155 3037
155 3145
155 3242
155 3321
155 3392
155 3524
155 3702
155 3776
155 3933
155 4062
155 4104
155 4383
155 4409
155 4417
155 4579
155 4604
155 4698
155 4866
155 4984
155 5128
155 5242
155 5569
155 5618
155 6012
155 6266
155 6383
155 6399
155 6548
155 6691
155 7487
155 7750
155 7917
155 8196
155 8205
155 8404
155 8504
155 8537
155 8568
155 8949
155 9209
155 9300
155 9347
155 9767
155 9977
156 158
156 248
156 271
156 436
156 490
156 628
156 647
156 774
156 898
156 924
156 925
156 970
156 1592
156 1664
156 1700
156 1790
156 1985
156 2029
156 2040
156 2085
156 2277
156 2333
156 2434
156 2528
156 2585
156 2614
156 2623
156 2821
156 2857
156 3053
156 3565
156 3621
156 3653
156 3679
156 3742
156 3844
156 4206
156 4462
156 4566
156 5101
156 5187
156 5488
156 5602
156 5612
156 6104
156 6243
156 6436
156 6483
156 6510
156 6538
156 6919
156 7048
156 7149
156 7196
156 7338
156 7357
156 7466
156 8107
156 8123
156 8369
156 8442
156 8561
156 8911
156 9131
156 9201
156 9433
156 9660
156 9895
157 224
157 426
157 711
157 721
157 740
157 785
157 855
157 993
157 1109
157 1358
157 1502
157 1506
157 1606
157 1717
157 1846
157 1865
157 2388
157 2464
157 2519
157 2616
157 2687
157 2833
157 2870
157 3056
157 3223
157 3424
157 4117
157 4155
157 4325
157 4428
157 4516
157 4537
157 4690
157 4766
157 4774
157 5247
157 5474
157 5705
157 5708
157 6147
157 6320
157 6325
157 6327
157 6564
157 6611
157 6683
157 6687
157 6700
157 6709
157 6748
157 6905
157 7475
157 7593
157 7598
157 7767
157 7856
157 8230
157 8247
157 8633
157 8657
157 8807
157 9128
157 9348
157 9467
157 9563
157 9706
157 9722
157 9834
157 9847
158 337
158 406
158 470
158 473
158 824
158 1174
158 1663
158 1780
158 2074
158 2522
158 2690
158 3257
158 3379
158 3736
158 3754
158 4917
158 5367
158 5678
158 6216
158 6329
158 6355
158 6362
158 6719
158 7209
158 7782
158 7921
158 8061
158 8588
158 8703
158 8729
158 9105
158 9183
158 9279
158 9416
158 9729
158 9927
159 372
159 393
159 561
159 1152
159 1153
159 1209
159 1317
159 1397
159 1697
159 1784
159 1862
159 2506
159 2596
159 3052
159 3065
159 3160
159 3169
159 3196
159 3202
159 3309
159 3428
159 3452
159 3734
159 3902
159 3978
159 4186
159 4520
159 5164
159 5172
159 5430
159 5583
159 5806
159 5812
159 6115
159 6297
159 6312
159 6614
159 6653
159 6720
159 6860
159 6954
159 7498
159 7881
159 7901
159 7977
159 8391
159 8419
159 8562
159 8617
159 8749
159 8771
159 8986
159 9092
159 9195
159 9253
159 9438
159 9459
159 9992
160 355
160 609
160 634
160 676
160 935
160 1012
160 1340
160 1714
160 2163
160 2181
160 2451
160 2666
160 2753
160 2848
160 2855
160 3088
160 3172
160 3246
160 3411
160 3775
160 3811
160 3833
160 3849
160 4024
160 4031
160 5009
160 5600
160 5608
160 5724
160 5775
160 5778
160 5793
160 6129
160 6176
160 6260
160 6468
160 6678
160 6789
160 6859
160 6958
160 7106
160 7184
160 7444
160 7457
160 7766
160 7889
160 8278
160 8360
160 8517
160 8604
160 8670
160 9849
161 198
161 681
161 762
161 1000
161 1061
161 1093
161 1246
161 1425
161 1579
161 1611
161 1912
161 2242
161 2621
161 2649
161 2776
161 2784
161 3238
161 3254
161 3617
161 3958
161 4266
161 4464
161 4890
161 5216
161 5240
161 5374
161 5487
161 5657
161 5702
161 5855
161 5903
161 5963
161 6091
161 6786
161 6807
161 6981
161 7004
161 7099
161 7152
161 7191
161 7216
161 7438
161 7691
161 7872
161 8099
161 8259
161 8401
161 8937
161 9154
161 9234
161 9827
162 197
162 240
162 365
162 833
162 1006
162 1349
162 1556
162 1655
162 1775
162 1929
162 2071
162 3103
162 3373
162 3491
162 3496
162 3663
162 4523
162 4576
162 5190
162 5226
162 5252
162 5302
162 5389
162 5537
162 5643
162 5669
162 5689
162 5695
162 5742
162 6225
162 6432
162 6484
162 7101
162 7236
162 7253
162 7473
162 7665
162 7755
162 7818
162 7968
162 8063
162 8582
162 8752
162 8931
162 8969
162 9023
163 164
163 306
163 318
163 359
163 391
163 655
163 927
163 1113
163 1131
163 1803
163 2195
163 2282
163 2361
163 2575
163 3086
163 3650
163 3777
163 3804
163 3871
163 3878
163 4450
163 5068
163 5113
163 5356
163 5472
163 5483
163 5587
163 5869
163 5881
163 6058
163 6120
163 6255
163 6592
163 6711
163 6808
163 7038
163 7084
163 7090
163 7303
163 7612
163 7751
163 7838
163 7842
163 7935
163 7994
163 8533
163 9002
163 9025
163 9134
163 9284
163 9344
163 9367
163 9458
163 9704
163 9885
164 196
164 555
164 648
164 938
164 1069
164 1346
164 1479
164 1577
164 1642
164 1901
164 1934
164 2136
164 2307
164 2354
164 2793
164 2883
164 3079
164 3091
164 3120
164 3168
164 3224
164 3418
164 4234
164 4851
164 4958
164 5198
164 5635
164 5719
164 6219
164 6240
164 6295
164 6480
164 6589
164 6851
164 6862
164 6951
164 7143
164 7979
164 8124
164 8130
164 8132
164 8248
164 8334
164 8350
164 8680
164 8779
164 8966
164 9236
164 9398
164 9450
164 9486
164 9554
164 9561
164 9675
164 9748
165 383
165 1079
165 1902
165 1930
165 1945
165 1959
165 2182
165 2399
165 2427
165 3550
165 3667
165 3701
165 3901
165 3926
165 4340
165 4504
165 4529
165 4779
165 4912
165 4923
165 4949
165 4988
165 5074
165 5148
165 5468
165 5885
165 5965
165 6246
165 6372
165 6749
165 6839
165 7127
165 7142
165 7162
165 7202
165 7477
165 7677
165 8056
165 8134
165 8783
165 9242
165 9374
165 9604
166 214
166 275
166 296
166 474
166 717
166 863
166 1499
166 1890
166 1951
166 2042
166 2245
166 2404
166 2468
166 2470
166 2809
166 3002
166 3286
166 4302
166 4426
166 4793
166 4801
166 4925
166 5229
166 5636
166 5946
166 6113
166 6659
166 6676
166 6815
166 6830
166 7180
166 7258
166 7272
166 7429
166 7533
166 7561
166 7680
166 8002
166 8076
166 8102
166 8138
166 8338
166 8449
166 8712
166 8857
166 8954
166 9212
167 171
167 480
167 548
167 915
167 1126
167 1326
167 1343
167 1384
167 1599
167 1619
167 1692
167 2591
167 2807
167 2825
167 3009
167 3510
167 3691
167 3763
167 4151
167 4178
167 4629
167 4745
167 4885
167 4922
167 5111
167 5221
167 5345
167 5565
167 5783
167 6694
167 6764
167 6884
167 7107
167 7268
167 7432
167 7503
167 7564
167 7720
167 8106
167 8199
167 8762
167 8843
167 8989
167 9071
167 9180
167 9206
167 9285
167 9712
167 9743
168 241
168 407
168 535
168 949
168 1129
168 1440
168 1530
168 1645
168 1781
168 2097
168 2110
168 2381
168 3008
168 3023
168 3199
168 3414
168 3473
168 3612
168 3715
168 4164
168 4246
168 5230
168 5280
168 5442
168 5444
168 5470
168 5501
168 5787
168 5895
168 6554
168 6762
168 6896
168 6897
168 6916
168 6982
168 6999
168 7040
168 7145
168 7322
168 7442
168 7629
168 8023
168 8218
168 8292
168 8474
168 8634
168 8647
168 8675
168 9003
168 9413
168 9514
168 9577
168 9739
168 9762
168 9826
169 343
169 358
169 508
169 525
169 544
169 664
169 981
169 1220
169 1234
169 1441
169 1570
169 1581
169 2780
169 2834
169 3315
169 3325
169 3578
169 3628
169 3939
169 4022
169 4198
169 4324
169 4371
169 4562
169 4820
169 5066
169 5317
169 5884
169 6027
169 6078
169 6466
169 6761
169 6825
169 6892
169 6967
169 7012
169 7226
169 7722
169 8198
169 8510
169 8556
169 9004
169 9163
169 9365
169 9582
169 9656
169 9768
169 9818
169 9950
169 9997
170 295
170 568
170 837
170 869
170 1072
170 1423
170 1644
170 1984
170 2334
170 2675
170 2939
170 3193
170 3311
170 4195
170 4225
170 4288
170 4323
170 4577
170 5553
170 5591
170 5596
170 6026
170 6407
170 6746
170 6754
170 6847
170 7326
170 7331
170 7386
170 7469
170 7630
170 7699
170 7808
170 7813
170 7912
170 7930
170 8439
170 8596
170 8650
170 8719
170 8741
170 8828
170 9366
170 9893
170 9949
170 9980
171 357
171 506
171 797
171 829
171 874
171 1165
171 1199
171 1222
171 1584
171 1732
171 1850
171 1975
171 1978
171 2133
171 2486
171 2658
171 2673
171 2683
171 2923
171 3436
171 3786
171 4227
171 5050
171 5200
171 5295
171 5341
171 5457
171 5462
171 5721
171 5879
171 5927
171 6059
171 6913
171 7002
171 7123
171 7316
171 7827
171 8047
171 8260
171 8312
171 8515
171 8626
171 8708
171 8869
171 8893
171 9099
171 9140
171 9403
171 9680
172 189
172 398
172 493
172 571
172 1070
172 1528
172 1575
172 2048
172 2137
172 2230
172 2419
172 2988
172 3012
172 3083
172 3533
172 3595
172 3733
172 3995
172 4243
172 4361
172 5191
172 5364
172 5435
172 5598
172 5662
172 5819
172 6849
172 7591
172 7704
172 7835
172 8011
172 8441
172 8601
172 8900
172 8934
172 9057
172 9228
172 9270
172 9470
172 9642
172 9709
173 285
173 291
173 586
173 758
173 1245
173 1614
173 1774
173 2396
173 2535
173 2990
173 3204
173 3465
173 3493
173 3513
173 3677
173 3918
173 4079
173 5008
173 5034
173 5075
173 5438
173 5467
173 5506
173 5789
173 6039
173 6050
173 6552
173 6634
173 6768
173 7398
173 7644
173 7798
173 8068
173 8322
173 8410
173 8750
173 8940
173 9001
173 9306
173 9385
173 9752
174 225
174 299
174 650
174 904
174 1401
174 1413
174 1446
174 1462
174 1721
174 1750
174 1766
174 1777
174 1796
174 2161
174 2393
174 2525
174 2631
174 2888
174 2927
174 3099
174 3131
174 3220
174 3615
174 3640
174 3927
174 4270
174 4391
174 4408
174 4561
174 4581
174 4950
174 5210
174 5303
174 5458
174 5716
174 5969
174 6180
174 6433
174 6528
174 6546
174 6707
174 6766
174 7054
174 7151
174 7297
174 7447
174 7585
174 7761
174 7779
174 7865
174 8235
174 8340
174 8377
174 8498
174 9039
174 9045
174 9517
174 9529
174 9547
174 9691
174 9741
174 9861
175 542
175 626
175 864
175 1182
175 1416
175 1455
175 1486
175 1600
175 1730
175 2037
175 2101
175 2267
175 2375
175 2459
175 2934
175 3323
175 3357
175 3795
175 4086
175 4338
175 4536
175 4568
175 5093
175 5146
175 5194
175 5727
175 5770
175 6094
175 6773
175 7057
175 7108
175 7154
175 7314
175 7468
175 8267
175 8366
175 8542
175 8757
175 8814
175 9108
175 9184
175 9435
175 9690
175 9899
175 9946
176 215
176 336
176 374
176 405
176 418
176 421
176 573
176 947
176 1010
176 1034
176 1805
176 2494
176 2516
176 2545
176 2560
176 2668
176 2738
176 2881
176 3243
176 3260
176 3293
176 3378
176 3497
176 3685
176 3714
176 3967
176 4259
176 4676
176 4722
176 4800
176 4872
176 4971
176 5375
176 5868
176 6103
176 6405
176 6428
176 6501
176 6655
176 6798
176 7160
176 7698
176 7792
176 8060
176 8208
176 8678
176 9016
176 9029
176 9080
176 9083
176 9379
176 9543
176 9629
176 9810
176 9962
177 330
177 500
177 589
177 849
177 1029
177 1262
177 1542
177 1726
177 1748
177 1980
177 2342
177 2759
177 2943
177 3233
177 3330
177 3426
177 3506
177 3813
177 4036
177 4038
177 4174
177 4284
177 4319
177 4595
177 4799
177 4855
177 5049
177 5258
177 5277
177 5677
177 6073
177 6306
177 6351
177 6493
177 6772
177 7097
177 7301
177 7580
177 7683
177 7793
177 7800
177 7887
177 7996
177 8031
177 8182
177 8294
177 8950
177 9042
177 9190
177 9254
177 9518
177 9611
177 9887
178 235
178 499
178 692
178 716
178 1020
178 1558
178 2035
178 2301
178 2728
178 2767
178 2810
178 3033
178 3089
178 3340
178 4437
178 4849
178 4887
178 5077
178 5106
178 5174
178 5245
178 5452
178 5482
178 5502
178 5740
178 5919
178 6215
178 6524
178 6781
178 7061
178 7486
178 7713
178 7890
178 7995
178 7998
178 8240
178 8280
178 8840
178 8901
178 8927
178 9189
178 9511
178 9942
178 9963
178 9993
179 201
179 363
179 524
179 575
179 653
179 1004
179 1151
179 1217
179 1375
179 1428
179 2076
179 2193
179 2243
179 2379
179 2600
179 2849
179 2863
179 2865
179 2876
179 2937
179 3163
179 3327
179 3717
179 4744
179 4895
179 4969
179 5064
179 5338
179 5760
179 6064
179 6206
179 6550
179 6787
179 6895
179 7551
179 7652
179 7718
179 7790
179 8111
179 8114
179 8303
179 8500
179 8884
179 8941
179 9170
179 9322
179 9425
180 311
180 428
180 662
180 696
180 803
180 813
180 932
180 1026
180 1122
180 1364
180 1380
180 1529
180 1948
180 2247
180 2409
180 2571
180 2608
180 2674
180 2908
180 3503
180 3572
180 4061
180 4289
180 4416
180 4678
180 4743
180 4785
180 4828
180 5119
180 5268
180 5423
180 5489
180 5578
180 5769
180 5822
180 5980
180 6350
180 6401
180 6610
180 8426
180 8453
180 8467
180 9017
180 9168
180 9912
181 211
181 257
181 302
181 1101
181 1226
181 1420
181 1605
181 2009
181 2479
181 2583
181 2714
181 2734
181 2798
181 3302
181 3471
181 3934
181 4008
181 4087
181 4232
181 4264
181 4692
181 4731
181 4796
181 4856
181 5153
181 5419
181 5473
181 5878
181 6011
181 6224
181 6417
181 6968
181 7243
181 7549
181 7725
181 7822
181 8332
181 8345
181 8458
181 9020
181 9417
181 9479
181 9731
181 9829
182 320
182 533
182 748
182 1118
182 1184
182 1383
182 1493
182 1526
182 1637
182 1662
182 1852
182 2212
182 2244
182 2469
182 2510
182 2514
182 2715
182 3028
182 3271
182 4132
182 4411
182 4907
182 5816
182 5889
182 6736
182 7166
182 7708
182 8070
182 8193
182 8201
182 8536
182 9401
182 9464
182 9921
183 247
183 387
183 690
183 807
183 890
183 1052
183 1173
183 1815
183 1848
183 1917
183 2160
183 2192
183 2215
183 2761
183 2786
183 2953
183 3162
183 3182
183 3304
183 3611
183 3969
183 4135
183 4279
183 4314
183 4342
183 4882
183 4911
183 5059
183 5312
183 5985
183 6391
183 6562
183 6598
183 6818
183 7114
183 7556
183 7746
183 7873
183 8399
183 8423
183 8464
183 8610
183 8693
183 9566
183 9673
183 9918
183 9955
183 9966
184 187
184 502
184 503
184 616
184 946
184 1456
184 1818
184 2018
184 2162
184 2609
184 2679
184 2743
184 3121
184 3148
184 3405
184 3475
184 3600
184 3830
184 3862
184 5384
184 5524
184 5558
184 5566
184 5761
184 5882
184 6055
184 6135
184 6445
184 7220
184 7390
184 7892
184 7990
184 8039
184 8184
184 8570
184 8676
184 8774
184 8990
184 9062
184 9091
184 9232
184 9315
184 9645
185 312
185 364
185 481
185 942
185 1305
185 1414
185 1580
185 1627
185 1809
185 1854
185 1856
185 1869
185 2170
185 2572
185 2885
185 2979
185 3022
185 3158
185 3208
185 3227
185 3567
185 3571
185 3730
185 3778
185 4037
185 4551
185 4740
185 5495
185 5633
185 6136
185 6328
185 6456
185 6581
185 6584
185 7081
185 7103
185 7199
185 7215
185 7342
185 8029
185 8296
185 8392
185 8579
185 8732
185 9174
185 9355
185 9383
185 9735
186 356
186 909
186 1205
186 1294
186 1518
186 1813
186 2023
186 2359
186 2497
186 2718
186 2840
186 3054
186 3191
186 3543
186 3851
186 3864
186 3972
186 4142
186 4197
186 4359
186 4419
186 4590
186 4763
186 5038
186 5195
186 5532
186 5647
186 5786
186 5861
186 5898
186 5922
186 6084
186 6128
186 6467
186 7458
186 7640
186 7855
186 7858
186 8038
186 8231
186 8234
186 8683
186 9205
186 9395
186 9422
186 9985
187 344
187 459
187 964
187 1181
187 1285
187 1492
187 1562
187 1867
187 2188
187 2204
187 2513
187 2725
187 3195
187 3402
187 3607
187 3758
187 3859
187 3945
187 4168
187 4250
187 4375
187 4467
187 4738
187 4805
187 5012
187 5051
187 5078
187 5331
187 5416
187 5428
187 5580
187 5693
187 5978
187 6086
187 6118
187 6163
187 6305
187 6588
187 6880
187 7034
187 7100
187 7350
187 7392
187 7400
187 7690
187 7815
187 7886
187 8037
187 8162
187 8236
187 8289
187 8402
187 8974
187 9090
187 9202
187 9454
187 9500
187 9538
187 9795
188 526
188 719
188 1169
188 1176
188 1274
188 1408
188 1436
188 2026
188 2104
188 2360
188 2417
188 2485
188 2632
188 3090
188 3101
188 3501
188 3690
188 3970
188 4162
188 4189
188 4330
188 4471
188 4510
188 4524
188 4716
188 5081
188 5165
188 5249
188 5613
188 6474
188 6873
188 7005
188 7011
188 7070
188 7140
188 7511
188 7607
188 7668
188 7801
188 8083
188 8493
188 8521
188 8799
188 8833
188 8903
188 9096
188 9222
188 9937
189 579
189 872
189 1370
189 1553
189 2003
189 2633
189 3060
189 3222
189 3545
189 3695
189 3722
189 3981
189 4054
189 4472
189 4685
189 5227
189 5327
189 5696
189 6336
189 6504
189 6591
189 6660
189 7024
189 7077
189 7089
189 7138
189 7348
189 7462
189 7829
189 8117
189 8216
189 8256
189 8740
189 8870
189 9038
189 9043
189 9178
189 9337
189 9695
189 9728
189 9811
189 9865
189 9986
190 410
190 574
190 714
190 1123
190 1186
190 1278
190 1328
190 1586
190 1651
190 1797
190 1844
190 2123
190 2314
190 2377
190 2654
190 3015
190 3042
190 3061
190 3155
190 3173
190 3183
190 3245
190 3280
190 3298
190 3356
190 3440
190 3620
190 3771
190 3894
190 4113
190 4522
190 5134
190 5383
190 6262
190 6398
190 6575
190 6930
190 7361
190 7431
190 7524
190 7615
190 7936
190 8019
190 8565
190 8658
190 8850
190 8881
190 8965
190 9420
190 9481
190 9507
190 9581
190 9825
190 9840
191 297
191 567
191 665
191 815
191 1337
191 1388
191 1653
191 2120
191 3016
191 3317
191 3409
191 3515
191 3634
191 3957
191 4010
191 4336
191 4435
191 4479
191 4620
191 4653
191 4737
191 4794
191 4939
191 5054
191 5746
191 5886
191 6237
191 6294
191 6413
191 6673
191 7546
191 7717
191 8116
191 8275
191 8962
191 9088
191 9327
191 9750
191 9833
191 9994
191 9995
192 277
192 657
192 734
192 739
192 743
192 821
192 844
192 870
192 1013
192 1045
192 1084
192 1482
192 1709
192 1728
192 1851
192 2077
192 2231
192 2325
192 2442
192 2463
192 2730
192 3062
192 3251
192 3375
192 3817
192 3839
192 3941
192 3991
192 4395
192 4447
192 5152
192 5193
192 5260
192 5800
192 5867
192 5945
192 6007
192 6043
192 6685
192 7489
192 7660
192 7666
192 7667
192 7785
192 7876
192 8145
192 8299
192 8420
192 8502
192 8689
192 8917
192 8971
192 9022
192 9291
192 9636
192 9754
192 9769
192 9951
192 9953
193 212
193 243
193 350
193 511
193 1213
193 1271
193 1393
193 1410
193 1467
193 1839
193 2000
193 2143
193 2341
193 2490
193 2529
193 2706
193 3126
193 3397
193 4136
193 4390
193 4521
193 4657
193 4721
193 5141
193 5213
193 5286
193 5350
193 5426
193 5427
193 5700
193 5758
193 5873
193 5899
193 5920
193 6296
193 6647
193 7060
193 7289
193 7329
193 7492
193 7535
193 7954
193 7989
193 8010
193 8087
193 8178
193 8197
193 8507
193 8781
193 9102
193 9106
193 9364
193 9631
193 9685
194 402
194 451
194 751
194 804
194 845
194 880
194 900
194 931
194 962
194 1150
194 1160
194 1193
194 1250
194 1281
194 1295
194 1314
194 1689
194 1855
194 2157
194 2542
194 2655
194 3049
194 3178
194 3307
194 3449
194 3504
194 3520
194 3566
194 4042
194 4088
194 4149
194 4303
194 4311
194 4614
194 4906
194 5410
194 5597
194 5993
194 6035
194 6331
194 6332
194 6431
194 6953
194 7026
194 7311
194 7359
194 7530
194 7982
194 8195
194 8424
194 8743
194 9018
194 9224
194 9624
195 221
195 255
195 263
195 477
195 738
195 835
195 992
195 1198
195 1238
195 1591
195 2072
195 2296
195 2684
195 2787
195 2853
195 3070
195 3198
195 3359
195 3430
195 3608
195 3824
195 3906
195 3997
195 4000
195 4051
195 4230
195 4298
195 4541
195 4961
195 4983
195 5010
195 5131
195 5332
195 5527
195 5609
195 5616
195 5659
195 5713
195 5714
195 5794
195 5906
195 6374
195 6586
195 6595
195 6728
195 6733
195 7135
195 7553
195 7626
195 7836
195 8101
195 8512
195 8865
195 9297
195 9747
195 9846
195 9948
195 9978
196 226
196 389
196 424
196 425
196 602
196 612
196 620
196 1327
196 1509
196 1671
196 1679
196 1817
196 1950
196 2185
196 2251
196 2663
196 3487
196 3537
196 3561
196 3768
196 3820
196 3889
196 3949
196 4219
196 4393
196 4982
196 5179
196 5199
196 5201
196 5544
196 5570
196 5929
196 5950
196 5956
196 5992
196 6404
196 6563
196 6569
196 6745
196 6899
196 6979
196 7018
196 7045
196 7065
196 7102
196 7132
196 7402
196 7426
196 7837
196 7861
196 7956
196 8136
196 8232
196 8361
196 8371
196 8484
196 8700
196 8706
196 8997
196 9064
196 9273
196 9698
196 9791
197 745
197 823
197 867
197 902
197 1128
197 1537
197 2480
197 2801
197 3384
197 3450
197 3619
197 3681
197 3744
197 3753
197 3815
197 4216
197 4278
197 4532
197 4648
197 5061
197 5170
197 5279
197 5449
197 5706
197 5735
197 5788
197 5837
197 5937
197 6009
197 6668
197 7470
197 7509
197 7817
197 8282
197 8284
197 8578
197 8728
197 8849
197 9277
197 9519
197 9803
197 9894
197 9999
198 443
198 472
198 576
198 615
198 660
198 702
198 899
198 911
198 1009
198 1652
198 1716
198 1718
198 2238
198 2289
198 2328
198 2524
198 2548
198 2559
198 2905
198 3151
198 3166
198 3248
198 3723
198 3955
198 4351
198 4458
198 4639
198 4822
198 5807
198 5914
198 6006
198 6056
198 6186
198 6665
198 6961
198 7121
198 7181
198 7267
198 7310
198 7560
198 7733
198 7816
198 8140
198 8156
198 8490
198 8793
198 8946
198 9350
198 9677
199 693
199 1132
199 2131
199 2221
199 2466
199 2686
199 2705
199 2722
199 2951
199 3279
199 3603
199 3710
199 3729
199 4420
199 4660
199 4777
199 4905
199 5027
199 5313
199 5339
199 5357
199 5623
199 6143
199 6220
199 6744
199 6783
199 6829
199 6879
199 7125
199 7427
199 8075
199 8313
199 8422
199 8669
199 8742
199 8811
199 8942
199 9093
199 9480
199 9537
199 9663
199 9964
200 217
200 530
200 1083
200 1143
200 1800
200 1863
200 1887
200 2147
200 2228
200 2312
200 2365
200 2611
200 2667
200 2724
200 3112
200 3597
200 3726
200 3731
200 4587
200 4612
200 4714
200 4754
200 4842
200 4852
200 5069
200 5171
200 5499
200 5651
200 6088
200 6213
200 6393
200 6455
200 6662
200 6933
200 6965
200 7025
200 7732
200 8215
200 8789
200 8805
200 9065
200 9069
200 9118
200 9448
200 9462
200 9523
200 9744
200 9960
2 92 9297
2 3906 6583
2 92 8101
2 92 195
2 92 195
2 92 8512
2 92 835
2 820 8512
2 195 2877
2 92 3198
2 5190 7976
2 45 6484
2 162 4724
2 45 162
2 45 162
2 162 2670
2 162 8918
2 162 908
2 5643 7976
2 7597 8355
2 4881 9886
2 7654 9989
2 950 2721
2 4202 7410
2 124 7078
2 6 7646
2 2745 4881
2 124 9482
2 7969 9989
2 124 2281
2 62 9973
2 6670 9783
2 6203 6983
2 62 5894
2 1548 5149
2 62 2302
2 8723 9138
2 62 2302
2 62 3644
2 2858 6909
2 109 115
2 109 115
2 115 1513
2 5747 6526
2 109 3622
2 115 5117
2 109 115
2 6922 7519
2 109 6922
2 6269 7421
2 23 1909
2 118 4893
2 25 5599
2 23 8024
2 23 8024
2 134 6990
2 23 134
2 23 3983
2 23 25
2 2115 8775
2 648 1360
2 8388 9554
2 165 5719
2 122 164
2 220 9748
2 8406 9486
2 122 3079
2 164 9565
2 164 4769
2 5417 8533
2 1140 6692
2 1648 5683
2 85 2752
2 30 4542
2 1469 7658
2 2412 8988
2 8988 9330
2 69 984
2 85 2752
2 5632 9330
2 126 8899
2 126 8083
2 199 8243
2 4524 7008
2 188 8982
2 126 7668
2 126 2104
2 4020 7607
2 1178 2417
2 126 2026
2 115 4054
2 6922 9986
2 4685 6928
2 2634 7089
2 3244 8256
2 8052 9038
2 115 189
2 379 4054
2 115 4472
2 2827 6336
2 4303 9659
2 5284 9224
2 194 6105
2 73 194
2 194 4630
2 73 194
2 73 6331
2 5425 7311
2 73 7311
2 73 8195
2 9014 9707
2 437 7244
2 7244 9339
2 33 1139
2 38 7820
2 893 4622
2 148 4048
2 1858 3410
2 148 3626
2 33 9484
2 5986 9509
2 7958 8183
2 538 6909
2 3149 7505
2 30 3866
2 30 7043
2 30 2302
2 3 30
2 4832 6547
2 727 9585
2 24 172
2 24 9228
2 264 5435
2 5435 9153
2 6835 7591
2 4361 7920
2 493 9155
2 24 172
2 172 1895
2 24 3083
2 141 7250
2 141 151
2 141 7046
2 141 151
2 7631 9713
2 141 6834
2 141 3925
2 2116 9040
2 2723 5821
2 7830 8008
2 2307 4866
2 155 3120
2 4579 4958
2 164 1115
2 4383 8130
2 164 6266
2 4409 4851
2 1180 3418
2 155 164
2 555 2747
2 11 120
2 5224 5931
2 11 876
2 11 120
2 120 7772
2 11 120
2 1898 7611
2 11 9233
2 1032 7731
2 11 5687
2 462 8231
2 186 7254
2 39 186
2 39 1294
2 39 186
2 3372 7858
2 186 6023
2 39 186
2 186 1833
2 5922 9903
2 159 7186
2 58 159
2 2900 7881
2 2385 4520
2 44 159
2 561 3082
2 58 9253
2 159 6034
2 4431 4520
2 159 2562
2 179 4909
2 6319 7156
2 7 49
2 49 6122
2 2682 9873
2 2398 8478
2 1476 3184
2 3 5795
2 5 1937
2 49 9620
2 52 185
2 52 6456
2 853 9735
2 1856 4757
2 3227 9616
2 52 1414
2 431 3022
2 52 185
2 2979 4109
2 1229 7199
2 4368 7085
2 8321 9851
2 49 79
2 1427 4204
2 79 2682
2 6164 7405
2 79 7365
2 79 3067
2 6826 8321
2 49 2347
2 8587 9717
2 29 7352
2 5672 7983
2 29 8593
2 29 2273
2 29 1565
2 4565 5507
2 150 9649
2 150 2087
2 3055 9267
2 2 119
2 119 1276
2 2 5938
2 2319 3747
2 2 5029
2 4758 9806
2 119 2997
2 2 8417
2 119 2428
2 2311 9127
2 4272 4448
2 1563 2802
2 1563 1719
2 64 8480
2 83 5314
2 83 2816
2 1925 2802
2 906 4729
2 5342 7083
2 13 5461
2 4955 7338
2 925 7849
2 43 5187
2 156 4193
2 156 1943
2 43 156
2 4462 9312
2 43 3257
2 156 3468
2 5584 7466
2 42 2830
2 2421 8577
2 1170 9207
2 42 2130
2 570 2300
2 20 42
2 20 9670
2 20 2746
2 42 6654
2 5692 7547
2 14 9273
2 184 196
2 196 6713
2 3273 7045
2 14 5570
2 7402 8674
2 2185 5378
2 424 2154
2 14 196
2 5378 7402
2 98 6555
2 98 8896
2 1527 8143
2 6247 8143
2 1979 6020
2 39 98
2 4780 9933
2 23 4977
2 98 6699
2 98 3458
2 2564 6054
2 441 9124
2 1771 3345
2 4700 5936
2 30 1557
2 30 3345
2 30 2740
2 4832 9588
2 154 5443
2 30 6796
2 8574 9823
2 6308 6970
2 2246 4703
2 20 101
2 20 6244
2 101 7175
2 20 6308
2 20 6775
2 1490 9161
2 101 7175
2 1310 6567
2 1345 4465
2 512 9194
2 2890 4978
2 1973 9156
2 7214 9798
2 25 9027
2 3683 4703
2 25 6077
2 25 1304
2 5921 8010
2 33 4721
2 33 6647
2 1410 8991
2 193 8524
2 2288 5873
2 193 9339
2 193 8385
2 33 193
2 5141 5340
2 116 8323
2 8619 9926
2 44 8622
2 44 1556
2 4734 5997
2 116 4304
2 951 2762
2 995 4778
2 997 3797
2 8139 8323
2 85 5651
2 200 5683
2 200 9010
2 5171 7423
2 102 3726
2 1887 9630
2 200 8988
2 85 530
2 102 200
2 9448 9546
2 103 1290
2 45 103
2 7762 9147
2 45 6698
2 8214 9789
2 45 2134
2 460 6823
2 8918 9147
2 45 4548
2 5915 8576
2 2595 8100
2 1683 4771
2 110 9761
2 2340 2500
2 86 110
2 86 8800
2 86 110
2 86 5391
2 1573 8527
2 6140 9551
2 6864 8947
2 91 147
2 91 1353
2 91 300
2 91 9855
2 147 2318
2 4817 9766
2 6959 9855
2 147 1497
2 147 1442
2 60 193
2 5213 9575
2 60 511
2 193 6751
2 60 1839
2 60 2490
2 80 7238
2 60 193
2 60 2341
2 60 193
2 190 5179
2 6575 9791
2 196 3155
2 612 3061
2 1328 5179
2 8136 9420
2 2251 3015
2 190 196
2 196 1651
2 190 6899
2 2558 3620
2 5829 6172
2 190 9931
2 190 9044
2 4262 7431
2 7164 8019
2 33 7361
2 3771 7811
2 33 190
2 190 6286
2 200 2432
2 4114 5651
2 772 3597
2 112 8789
2 112 9065
2 112 3597
2 112 1143
2 1252 5171
2 200 3787
2 112 200
2 4982 8460
2 145 424
2 145 196
2 196 3006
2 196 675
2 145 5544
2 4982 5047
2 145 196
2 4874 6563
2 196 985
2 30 5176
2 6054 9954
2 30 8266
2 56 6054
2 30 56
2 56 5005
2 2929 5126
2 30 8176
2 5640 6793
2 30 4628
2 196 1622
2 95 1817
2 5929 9059
2 4219 6052
2 95 8136
2 196 3255
2 6979 8905
2 7440 8232
2 2656 4393
2 196 5949
2 136 1489
2 136 3635
2 2198 2671
2 2274 6898
2 81 136
2 81 2844
2 136 206
2 136 6420
2 81 136
2 4573 9440
2 1835 4031
2 3411 6131
2 160 1977
2 2109 5600
2 33 6859
2 33 609
2 3802 7766
2 2666 9014
2 5600 7169
2 33 6260
2 2059 7676
2 79 388
2 10 6621
2 10 4397
2 724 7179
2 10 3467
2 388 1444
2 10 84
2 10 84
2 84 5346
2 28 3572
2 28 8467
2 28 2571
2 180 6902
2 2571 9399
2 311 8724
2 180 3057
2 803 9265
2 180 9878
2 180 4422
2 1150 2928
2 194 3852
2 128 194
2 128 3504
2 194 7832
2 128 1250
2 194 6890
2 194 2751
2 194 6730
2 128 880
2 6208 8960
2 14 138
2 5057 5169
2 1404 7932
2 33 6208
2 3980 4791
2 3874 4048
2 3212 8674
2 14 138
2 138 1183
2 9214 9355
2 136 7199
2 185 6561
2 3778 7672
2 185 1454
2 4740 6300
2 1414 6292
2 3030 4037
2 185 1454
2 136 2979
2 3522 9936
2 3066 8412
2 839 9944
2 117 8620
2 2650 9272
2 379 2140
2 117 7421
2 3682 9876
2 1690 4293
2 6119 8817
2 600 1453
2 2657 5551
2 129 8928
2 377 5970
2 4886 5970
2 5388 6753
2 96 8928
2 3577 7133
2 1676 5090
2 4574 8822
2 36 5550
2 9 36
2 4322 6771
2 3001 9796
2 2554 7257
2 9 1534
2 9 4787
2 9 35
2 36 3001
2 5319 9107
2 161 9966
2 2621 5312
2 183 1000
2 161 6818
2 3162 9234
2 1848 8937
2 161 2215
2 161 8464
2 183 5855
2 161 7023
2 114 8322
2 7295 7644
2 114 173
2 173 7583
2 114 173
2 7398 9759
2 1828 6634
2 3305 9385
2 3518 3677
2 173 8285
2 50 4110
2 50 4025
2 52 2408
2 52 8026
2 3516 8973
2 50 5398
2 2799 4757
2 3236 4110
2 52 281
2 52 7378
2 88 404
2 7304 7763
2 40 854
2 1444 5948
2 6716 8608
2 88 3495
2 40 88
2 40 6751
2 40 854
2 6703 8720
2 342 3902
2 115 4970
2 115 116
2 342 9063
2 8620 9112
2 162 2827
2 1487 4734
2 116 4788
2 621 7421
2 115 116
2 133 148
2 4001 9076
2 133 148
2 148 409
2 2369 8861
2 133 4001
2 5272 8367
2 133 2178
2 871 8496
2 148 6901
2 7240 8943
2 19 5684
2 19 4242
2 4997 5504
2 1391 1398
2 4880 9346
2 152 2966
2 19 3737
2 19 152
2 4997 8839
2 2664 6963
2 2082 8733
2 55 6891
2 1124 4850
2 7907 8733
2 55 141
2 141 715
2 141 4316
2 55 771
2 55 468
2 1057 1120
2 20 24
2 20 41
2 154 8064
2 2138 9219
2 1203 9590
2 151 7175
2 2756 9280
2 20 2107
2 151 9207
2 173 3036
2 3493 8929
2 749 8586
2 6634 9916
2 3221 6050
2 173 8586
2 87 6634
2 173 5289
2 4897 8068
2 87 173
2 21 188
2 21 1648
2 21 6384
2 69 8711
2 69 5103
2 21 6322
2 4546 8243
2 21 69
2 8711 9626
2 69 6794
2 187 1805
2 187 418
2 176 187
2 3607 6428
2 2494 2513
2 176 5428
2 336 8974
2 1562 1805
2 187 215
2 176 7034
2 2865 9603
2 179 6284
2 179 8326
2 363 2660
2 63 6206
2 1151 1993
2 63 1004
2 63 1792
2 2452 9170
2 63 179
2 92 4323
2 92 7326
2 170 392
2 54 170
2 92 170
2 6407 6952
2 92 295
2 7909 8719
2 295 1315
2 92 170
2 124 131
2 131 2735
2 124 131
2 2757 6256
2 1219 4881
2 2396 3063
2 2950 5560
2 124 1789
2 131 591
2 124 4075
2 163 1537
2 85 197
2 7470 9704
2 163 3384
2 163 197
2 197 391
2 3681 9025
2 162 163
2 902 6711
2 318 9277
2 179 4314
2 179 5059
2 3717 6562
2 179 8464
2 179 247
2 183 8114
2 183 5760
2 3182 9170
2 111 608
2 2761 6206
2 109 1132
2 199 9100
2 8075 9293
2 3137 4420
2 199 7991
2 109 2221
2 3137 7125
2 3137 9537
2 109 1132
2 7242 9537
2 4350 7813
2 4 7630
2 2491 7699
2 170 1452
2 4 170
2 7637 8650
2 118 2444
2 4 9949
2 170 9181
2 4 7592
2 112 7383
2 679 9737
2 1535 5847
2 1873 2795
2 112 6181
2 143 9496
2 5923 8245
2 147 8309
2 112 2252
2 6181 7213
2 313 3302
2 181 9347
2 2573 4856
2 155 5473
2 155 4692
2 181 9209
2 2479 9767
2 3934 7750
2 181 4383
2 155 4692
2 93 6633
2 6633 8199
2 4853 7268
2 118 167
2 118 167
2 167 3181
2 167 6075
2 4853 8762
2 118 4885
2 915 5953
2 48 1054
2 48 4567
2 110 444
2 48 110
2 5421 8021
2 5503 8548
2 48 5996
2 741 3818
2 1105 5648
2 8468 8868
2 982 6708
2 4836 9203
2 5959 7778
2 80 9796
2 36 80
2 8528 9443
2 6376 9497
2 1410 6910
2 36 9647
2 36 6192
2 1783 5098
2 85 4741
2 85 6426
2 37 85
2 37 85
2 3613 4626
2 37 85
2 37 85
2 85 6532
2 85 5166
2 198 1000
2 161 198
2 161 7121
2 4464 7733
2 6961 7216
2 161 3248
2 161 198
2 161 9350
2 161 4639
2 4458 8099
2 5821 7770
2 65 1618
2 6015 8550
2 65 4662
2 65 141
2 204 7764
2 5563 7942
2 1190 4764
2 141 9466
2 6582 7770
2 1 9244
2 6 7124
2 5841 8485
2 4286 7183
2 67 6475
2 67 2357
2 6 442
2 2745 8860
2 67 4861
2 2357 9532
2 7586 8013
2 2403 9838
2 27 83
2 1352 2403
2 3641 5548
2 27 83
2 5987 9353
2 83 9308
2 27 9634
2 2755 4547
2 80 441
2 3013 4432
2 30 80
2 80 488
2 80 85
2 30 4864
2 30 80
2 3580 6658
2 488 7692
2 30 9497
2 2705 5074
2 4769 6220
2 199 4813
2 3710 3749
2 5623 5808
2 199 8406
2 199 1351
2 122 5357
2 122 199
2 7950 8422
2 103 5461
2 64 103
2 4929 9560
2 64 103
2 64 3585
2 64 8329
2 103 2914
2 103 7622
2 64 8809
2 103 5461
2 122 1148
2 122 1148
2 122 279
2 5019 9179
2 18 6889
2 5991 8557
2 4611 6845
2 122 438
2 18 4727
2 18 9565
2 80 2746
2 42 1607
2 1288 4761
2 42 80
2 2421 9647
2 42 4112
2 4403 9670
2 80 4696
2 42 1434
2 5122 8485
2 78 1851
2 78 7666
2 2231 3481
2 78 192
2 78 870
2 2142 5800
2 78 192
2 192 2142
2 78 870
2 5310 9291
2 88 3532
2 2206 7251
2 153 986
2 2711 8804
2 153 4355
2 38 7223
2 153 1941
2 88 6438
2 88 2981
2 88 7441
2 5792 8363
2 115 8433
2 3128 3622
2 78 115
2 78 115
2 1293 6101
2 1293 3483
2 78 115
2 115 6148
2 7247 7825
2 4938 5976
2 5354 6381
2 7 44
2 6366 6876
2 7 44
2 4609 6876
2 3239 4938
2 3098 3234
2 7 5079
2 7 5354
2 7318 9886
2 432 4202
2 67 5967
2 1014 5577
2 3764 7514
2 2745 3746
2 2746 7407
2 3610 4914
2 128 3468
2 5780 8730
2 1076 7024
2 189 2322
2 127 189
2 127 9695
2 6517 8870
2 5327 8374
2 127 5227
2 2003 7659
2 189 6850
2 6591 9799
2 9031 9364
2 1467 3698
2 193 7360
2 685 1271
2 7480 9685
2 2 1393
2 2 7989
2 193 8825
2 193 9572
2 8781 9572
2 81 2013
2 3989 4880
2 73 81
2 81 2517
2 4118 6469
2 73 5053
2 73 81
2 81 8943
2 81 7155
2 4224 6804
2 1964 9968
2 16 140
2 643 8030
2 140 5640
2 30 4256
2 4937 7859
2 140 5443
2 140 5443
2 1964 9585
2 140 7130
2 76 8866
2 1615 5874
2 55 1615
2 76 2254
2 76 2164
2 55 1481
2 55 1242
2 5617 7113
2 1406 4674
2 715 4674
2 73 96
2 73 427
2 2261 9269
2 656 8819
2 96 2831
2 4993 8290
2 96 9824
2 427 4301
2 125 8320
2 652 8822
